0.
0.8436805
0.8964455
0.9887782
0.8049093
0.9429831
0.8779452
0.8226833
0.988111
0.9896253
0.87239
0.8436686
0.8744995
0.894218
0.835825
0.9133861
0.8699627
0.8581954
0.8967517
0.8971191
0.8932208
0.8643225
0.8977025
0.8288283
0.8350081
0.8410099
0.8941709
0.8634537
0.8977403
0.8982261
0.8977314
0.8941949
0.8991454
0.8611049
0.9020896
0.9748217
0.8930977
0.996184
0.9017778
0.9008805
0.8431729
0.892476
0.8714599
0.887836
0.9378493
0.887773
0.8939446
0.8938135
0.8983681
0.9005697
0.8869765
0.8381819
0.8383408
0.8114062
0.8932214
0.8044261
0.899458
0.8996286
0.9363507
0.8933678
0.9084424
0.9050941
0.9192852
0.8949865
0.8949492
0.8687058
0.8789932
0.895087
0.8950919
0.9367903
0.8738794
0.8736652
0.878506
0.8739011
0.8771612
0.8803822
0.8791822
0.8775814
0.8753089
0.8758367
0.8785528
0.876069
0.8776874
0.8766848
0.8756583
0.8813198
0.8785031
0.8757053
0.8745368
0.8802402
0.877262
0.8773866
0.8744059
0.8784188
0.8797823
0.8778652
0.8789323
0.8795349
0.8811021
0.8778695
0.8436805
0.
0.9384116
0.9881202
0.8488833
0.9543778
0.9230944
0.851668
0.9882019
0.986742
0.8869541
0.8831942
0.8893053
0.9368812
0.8810017
0.9121546
0.911096
0.8977339
0.9391174
0.9401751
0.9366767
0.9105465
0.9406644
0.8705308
0.8734812
0.8746308
0.935482
0.9040234
0.9405227
0.9412902
0.9404418
0.9376823
0.9414475
0.9102617
0.9427166
0.977052
0.9365888
0.9958462
0.942438
0.942565
0.888286
0.9334019
0.8812771
0.9294001
0.9387306
0.9311056
0.9373119
0.899274
0.9404725
0.9424607
0.9303568
0.8580863
0.8505823
0.8421456
0.9364808
0.8447548
0.9406412
0.9408869
0.9619772
0.9367472
0.9380012
0.9453837
0.9424923
0.9367276
0.9365401
0.9154099
0.922165
0.9365865
0.9365846
0.9420461
0.9157964
0.9139257
0.9211605
0.9168796
0.915471
0.9215449
0.9196007
0.9168873
0.9133631
0.9167595
0.9152209
0.9173513
0.9211429
0.916887
0.9154849
0.9182178
0.919213
0.9175317
0.9148702
0.9189783
0.919691
0.9187367
0.9174758
0.9181598
0.9172057
0.9185083
0.9151982
0.9168852
0.9195205
0.9221193
0.8964455
0.9384116
0.
0.9919714
0.8547924
0.9417264
0.6005902
0.9110257
0.990941
0.9934567
0.9228155
0.8724653
0.8831796
0.4385382
0.8236691
0.950632
0.7866749
0.7651522
0.4260285
0.4114726
0.4389325
0.7093108
0.3925207
0.8503992
0.8619046
0.83634
0.4682529
0.8494586
0.3872558
0.3796185
0.3923103
0.4208381
0.3822772
0.635723
0.4699146
0.9572588
0.4387584
0.9941044
0.4026991
0.358074
0.8459773
0.5848794
0.9086827
0.6178242
0.9485367
0.5621026
0.4341132
0.9152073
0.4265404
0.3675521
0.5124742
0.9124538
0.9078412
0.9197246
0.4561722
0.8969374
0.4150546
0.3982055
0.8062021
0.4499618
0.7650329
0.3612076
0.851712
0.4818748
0.4835207
0.7093395
0.6348366
0.4910855
0.4911357
0.940054
0.6659122
0.7084455
0.6549276
0.6695892
0.7077953
0.6306525
0.6505419
0.7123998
0.7174133
0.674708
0.7240965
0.6998079
0.6382468
0.7094853
0.6697581
0.723988
0.6852168
0.6816638
0.7000578
0.6983876
0.6619258
0.6744027
0.6644199
0.7059046
0.7271379
0.669131
0.7238617
0.7078746
0.7107462
0.6356862
0.9887782
0.9881202
0.9919714
0.
0.9895202
0.9897736
0.9916383
0.9898591
0.9930982
0.9963515
0.9908342
0.9899088
0.989914
0.9919972
0.9910662
0.9881388
0.9913105
0.9906097
0.992082
0.9921609
0.9919411
0.9907983
0.9922356
0.9909947
0.9908503
0.990013
0.9914771
0.991495
0.9921021
0.9922082
0.9922152
0.9920862
0.9921663
0.9909869
0.9921309
0.9950665
0.9919233
0.996586
0.9921331
0.9924503
0.9904883
0.9919305
0.9898755
0.9919709
0.991026
0.9922137
0.9920377
0.9921864
0.99197
0.9923838
0.9916484
0.9896606
0.9893149
0.9888517
0.9919249
0.9892844
0.9920956
0.9921943
0.9920807
0.9919353
0.990799
0.992607
0.9907637
0.9916505
0.9915176
0.9911559
0.9916527
0.9915082
0.9915079
0.9891935
0.9912424
0.9906468
0.9909909
0.990894
0.9908599
0.9913121
0.9911121
0.9907763
0.990733
0.9910876
0.9917968
0.9911148
0.9911932
0.9910225
0.9911697
0.9909352
0.9913941
0.9912766
0.9912455
0.9915518
0.9910319
0.991155
0.99099
0.9906346
0.990728
0.9909251
0.9907214
0.9907586
0.9904301
0.9915078
0.8049093
0.8488833
0.8547924
0.9895202
0.
0.9374946
0.8366454
0.8257244
0.9877622
0.9916224
0.8657486
0.8251986
0.8618444
0.8525575
0.796972
0.9064153
0.8375509
0.8185006
0.8560281
0.8550403
0.8498808
0.8277751
0.8554946
0.7965641
0.8020707
0.8016414
0.8540685
0.8418287
0.855953
0.85651
0.8558711
0.8518813
0.8567661
0.8135997
0.8618782
0.973051
0.8500611
0.9953225
0.8612884
0.8600651
0.8046363
0.853032
0.8572244
0.849462
0.9352482
0.8444131
0.8523075
0.8906221
0.8567023
0.8586924
0.84509
0.8259262
0.8182344
0.8192992
0.8523253
0.7992588
0.8581674
0.858446
0.9190489
0.8524635
0.8845732
0.8653939
0.9026055
0.8555514
0.8543837
0.8323404
0.8415955
0.8555473
0.8555193
0.9326602
0.8370593
0.8353238
0.840088
0.83597
0.8393323
0.8393882
0.8376837
0.8437135
0.8395387
0.8373874
0.8449282
0.8412612
0.8388996
0.8401462
0.8358583
0.8472344
0.8408411
0.8387692
0.8388893
0.8432924
0.8391035
0.8374136
0.8359033
0.8422353
0.8481539
0.8370156
0.8427148
0.8422418
0.8423942
0.8385908
0.9429831
0.9543778
0.9417264
0.9897736
0.9374946
0.
0.9409308
0.9511719
0.9919947
0.992866
0.9435586
0.9420865
0.936402
0.9415398
0.9370087
0.9679688
0.9406382
0.9347194
0.9422762
0.9417105
0.9413993
0.9379676
0.9420118
0.9419301
0.9410487
0.9392569
0.9419609
0.9441109
0.9415399
0.9415442
0.9416317
0.9413237
0.9414789
0.9357672
0.9450022
0.9674815
0.9413009
0.995589
0.9429409
0.9425323
0.9386126
0.9421418
0.9468847
0.9432665
0.9568767
0.9407736
0.9420437
0.9491861
0.9419416
0.9421583
0.9409179
0.9517298
0.9491838
0.9495672
0.9413739
0.9419463
0.942515
0.9419441
0.9485277
0.9416456
0.952307
0.9435512
0.9592022
0.9425491
0.9415661
0.939037
0.9429303
0.9427583
0.9427412
0.9683758
0.9419727
0.9429741
0.9424909
0.9424701
0.9432615
0.940691
0.9409259
0.9438935
0.9436112
0.9429029
0.9448595
0.9420936
0.942798
0.9433813
0.942625
0.9435873
0.943115
0.9433461
0.9439826
0.9431007
0.9422596
0.9423623
0.942795
0.9424123
0.9430017
0.9419662
0.9445563
0.9438632
0.9439026
0.9431675
0.8779452
0.9230944
0.6005902
0.9916383
0.8366454
0.9409308
0.
0.8962206
0.9905589
0.993231
0.9113828
0.8623682
0.8723299
0.5997711
0.8138434
0.9447704
0.7874635
0.7705695
0.5968489
0.5911568
0.5991207
0.7004064
0.5794303
0.8383582
0.8482634
0.8287307
0.6456974
0.8422384
0.5782059
0.5748184
0.5781282
0.5922336
0.5772665
0.6893455
0.6150869
0.9574046
0.5992851
0.9942488
0.5909235
0.5670642
0.8334589
0.6492349
0.898972
0.4532948
0.9457732
0.6417735
0.5967913
0.9054449
0.5999411
0.5707532
0.6369002
0.8954323
0.8890845
0.9010421
0.6076475
0.8789066
0.5951497
0.5848775
0.8309634
0.6041995
0.7966869
0.5688475
0.8631806
0.6461372
0.6445487
0.7064836
0.5008617
0.6453322
0.6453619
0.9411809
0.7143731
0.7431002
0.7076763
0.7186187
0.7433271
0.6947151
0.7060915
0.7509663
0.7501568
0.7228989
0.7554042
0.7389477
0.6959901
0.7478763
0.7171813
0.7552983
0.7300334
0.7237264
0.7391813
0.7395011
0.7127964
0.7207464
0.7135508
0.7435361
0.7576657
0.7173441
0.752032
0.745451
0.7466305
0.6965937
0.8226833
0.851668
0.9110257
0.9898591
0.8257244
0.9511719
0.8962206
0.
0.9883821
0.9885084
0.8847872
0.8452582
0.8839936
0.9083946
0.8482742
0.9139846
0.8841521
0.8710478
0.9118595
0.9126223
0.9085651
0.8840873
0.912856
0.8445361
0.8448417
0.854911
0.9099054
0.8730347
0.9129511
0.913444
0.9127053
0.9095334
0.9137741
0.8797776
0.9172894
0.9769226
0.9085429
0.9959064
0.9158587
0.915765
0.8545005
0.908011
0.8838839
0.9036108
0.9391053
0.9027946
0.9088797
0.9009112
0.9125197
0.9158606
0.9022308
0.853352
0.8456576
0.7715743
0.9079051
0.819404
0.9137018
0.9137213
0.9432323
0.9079377
0.9176003
0.9192177
0.9233331
0.9092818
0.9095655
0.8889145
0.897367
0.9096653
0.9096706
0.9400506
0.8875045
0.8886275
0.893258
0.8899005
0.8896249
0.8938798
0.8923617
0.8893967
0.8891263
0.8902547
0.8915773
0.891687
0.8924917
0.891536
0.8900517
0.8928466
0.8920745
0.8920035
0.8907649
0.8923877
0.8917495
0.8929819
0.8900122
0.8916188
0.8926669
0.8903923
0.8911426
0.8929172
0.89409
0.8921592
0.988111
0.9882019
0.990941
0.9930982
0.9877622
0.9919947
0.9905589
0.9883821
0.
0.9889799
0.9893931
0.9896496
0.9895937
0.9906294
0.9891822
0.9900048
0.9899656
0.9897041
0.9908721
0.9910764
0.9905273
0.9899609
0.9910432
0.9870725
0.9887431
0.9890399
0.990323
0.9899126
0.9910636
0.9911906
0.9910358
0.9910064
0.991029
0.9902026
0.9910959
0.9946689
0.9905152
0.9936927
0.9909779
0.9914318
0.9892589
0.9911084
0.9884682
0.990446
0.9909885
0.9908702
0.9905677
0.9893656
0.9910603
0.9912182
0.9899595
0.9874277
0.9884328
0.9876908
0.9905462
0.9887261
0.9910127
0.991338
0.991167
0.9906512
0.9895227
0.991517
0.9893835
0.9903805
0.9907687
0.9899009
0.9904828
0.9903556
0.9903553
0.9897204
0.98972
0.9896874
0.9896619
0.9893456
0.9889636
0.9896501
0.9896354
0.989599
0.9888092
0.9895472
0.9893882
0.9897815
0.9898199
0.9890931
0.9891248
0.9891479
0.9897369
0.9895798
0.9889675
0.989702
0.990064
0.989522
0.9894348
0.9894202
0.9902559
0.9893628
0.9893825
0.9894921
0.9894534
0.9895127
0.9896253
0.986742
0.9934567
0.9963515
0.9916224
0.992866
0.993231
0.9885084
0.9889799
0.
0.9918262
0.9913645
0.99145
0.9935417
0.9915638
0.992922
0.9920831
0.99253
0.9936741
0.9935813
0.9935568
0.9925579
0.9937427
0.990542
0.9913282
0.9917612
0.9929891
0.9914409
0.9938357
0.9938003
0.9937686
0.9934284
0.9937873
0.9927734
0.9936577
0.9953782
0.9935449
0.9986053
0.9936979
0.9939488
0.9912672
0.9936506
0.9919732
0.9934034
0.9937825
0.9934299
0.9934531
0.9913525
0.9935594
0.9938055
0.9930464
0.9897228
0.9901803
0.9898433
0.9935559
0.990064
0.9936535
0.9939157
0.9944738
0.9935701
0.9923659
0.9940201
0.9912086
0.9932498
0.9929185
0.992552
0.9927026
0.9932902
0.99329
0.9914087
0.9923513
0.9920341
0.9925385
0.9923113
0.9923111
0.992375
0.9923913
0.9922828
0.9917563
0.9926616
0.991912
0.9919103
0.9922082
0.9919725
0.992349
0.9917629
0.9924199
0.9920636
0.9921616
0.9925421
0.9922122
0.9925616
0.9919328
0.992126
0.9920424
0.9922308
0.9917695
0.9920896
0.9925546
0.9924227
0.87239
0.8869541
0.9228155
0.9908342
0.8657486
0.9435586
0.9113828
0.8847872
0.9893931
0.9918262
0.
0.8936449
0.8989006
0.9214348
0.8861988
0.9337736
0.9077828
0.8980849
0.9236578
0.9231989
0.9208003
0.9040657
0.9235814
0.8864737
0.8880301
0.8865488
0.9227589
0.9101759
0.9232405
0.9234216
0.9232228
0.9218277
0.9240969
0.9011065
0.9255691
0.969568
0.9207239
0.9959659
0.9253936
0.9246577
0.8916254
0.9213793
0.8831119
0.9171978
0.9469528
0.9183049
0.9219216
0.9220496
0.9234885
0.9246302
0.9161717
0.887989
0.8857621
0.8747559
0.921205
0.8704271
0.9242495
0.9242023
0.9485351
0.9211635
0.9343595
0.9270737
0.9416983
0.9234768
0.9227697
0.9072109
0.9122422
0.9229645
0.9229934
0.9465734
0.9089572
0.909729
0.9112011
0.908964
0.9093271
0.9124306
0.9101726
0.9121557
0.9081357
0.9099145
0.9104402
0.9113598
0.9111219
0.9100075
0.9107358
0.9130365
0.9129104
0.9093939
0.9099145
0.9132871
0.9117305
0.9107066
0.9097269
0.9115982
0.9145686
0.9102635
0.9122338
0.9103537
0.9134148
0.9121671
0.8436686
0.8831942
0.8724653
0.9899088
0.8251986
0.9420865
0.8623682
0.8452582
0.9896496
0.9913645
0.8936449
0.
0.8798196
0.8712405
0.8400088
0.9225139
0.8645542
0.8488953
0.872933
0.87347
0.8708245
0.8573938
0.8737351
0.844336
0.8446681
0.8479793
0.8742218
0.8677364
0.8732127
0.8737856
0.8730813
0.8706674
0.8743317
0.8475403
0.8810711
0.9728254
0.8707123
0.9954051
0.8782163
0.8768816
0.8495835
0.8747437
0.8877644
0.8722815
0.9432414
0.8674866
0.8707507
0.9023463
0.8750362
0.8761709
0.866739
0.8652835
0.8605532
0.844761
0.8710698
0.8405847
0.8759929
0.875916
0.9251152
0.8710218
0.8940007
0.880779
0.9119782
0.874438
0.8744205
0.8612553
0.8665919
0.8743255
0.8743219
0.9365157
0.8598777
0.8595183
0.8606882
0.8596782
0.8623138
0.8625313
0.861024
0.8650611
0.8632204
0.8596835
0.8648989
0.8629536
0.8610568
0.8643019
0.8597561
0.8688868
0.8639416
0.8613635
0.8619882
0.8644582
0.8620713
0.8609804
0.8602962
0.8639044
0.8687286
0.8600774
0.8639455
0.8632548
0.8648424
0.8600991
0.8744995
0.8893053
0.8831796
0.989914
0.8618444
0.936402
0.8723299
0.8839936
0.9895937
0.99145
0.8989006
0.8798196
0.
0.8819245
0.8639751
0.9346214
0.875585
0.8620045
0.883591
0.8833684
0.8808038
0.867269
0.8848584
0.8670495
0.8653728
0.8695594
0.8819836
0.8798745
0.8841697
0.8850291
0.8845615
0.8821378
0.8855888
0.8663768
0.8888908
0.965676
0.8808871
0.9948542
0.8863234
0.8882629
0.8668598
0.8803965
0.9034524
0.8800565
0.9382043
0.8774197
0.8811246
0.8960544
0.8843476
0.8874766
0.8785783
0.8884761
0.8838891
0.8804701
0.8809
0.8708834
0.8852696
0.8854613
0.9082493
0.8813996
0.901183
0.8915854
0.916127
0.8823718
0.8828393
0.8708099
0.874503
0.8826064
0.8826189
0.9385889
0.8735986
0.8753211
0.877596
0.8731628
0.8745002
0.8751783
0.8752577
0.876965
0.8749441
0.87406
0.8769145
0.8773799
0.8745121
0.8768597
0.8749489
0.8805849
0.8766709
0.8756664
0.8741178
0.8768978
0.8770691
0.8756693
0.8746189
0.8786306
0.879142
0.8733793
0.8782509
0.8778974
0.8789965
0.8735461
0.894218
0.9368812
0.4385382
0.9919972
0.8525575
0.9415398
0.5997711
0.9083946
0.9906294
0.9935417
0.9214348
0.8712405
0.8819245
0.
0.8208505
0.9501906
0.7842735
0.7614549
0.4265898
0.4247215
0.4418439
0.7051233
0.3966255
0.847353
0.859339
0.8343522
0.5267272
0.8471664
0.3973777
0.3883805
0.3998628
0.4259764
0.3854585
0.6349557
0.4754981
0.9574258
0.4419331
0.9939693
0.4054056
0.3719744
0.8436757
0.5846034
0.9090126
0.6180759
0.9480958
0.5630851
0.4357185
0.913324
0.4259785
0.3776983
0.4901103
0.9111712
0.90593
0.9185204
0.238512
0.8953039
0.422422
0.397094
0.8073334
0.2418123
0.7632013
0.3680988
0.8503849
0.5323464
0.5040002
0.7047741
0.6381258
0.5299172
0.5299225
0.9378729
0.6624334
0.7045429
0.6526243
0.6668228
0.7043685
0.6262507
0.6460379
0.7093652
0.7136696
0.6715869
0.7193384
0.6964618
0.6342187
0.7064962
0.6684471
0.7208857
0.6830587
0.6760749
0.6959058
0.6950868
0.6600533
0.6707399
0.6625503
0.6998383
0.7220023
0.6640307
0.7211375
0.7041433
0.7070435
0.6326882
0.835825
0.8810017
0.8236691
0.9910662
0.796972
0.9370087
0.8138434
0.8482742
0.9891822
0.9915638
0.8861988
0.8400088
0.8639751
0.8208505
0.
0.9250725
0.8116097
0.8134265
0.8227932
0.8229949
0.8197052
0.8058187
0.8225531
0.8081956
0.812578
0.8219521
0.8251207
0.8370495
0.823526
0.8228668
0.8223188
0.8195593
0.8244897
0.7954987
0.8321052
0.9681155
0.819627
0.9946706
0.8293445
0.8259389
0.8150874
0.8291318
0.8793703
0.8265093
0.9364329
0.8172738
0.8204421
0.8919638
0.8243123
0.8254826
0.8170741
0.8642142
0.8545331
0.8505143
0.820967
0.8257221
0.82713
0.8250947
0.8961672
0.8208808
0.8699577
0.8326419
0.896356
0.8276696
0.8255398
0.809866
0.8210161
0.827077
0.8270644
0.9349122
0.8219995
0.8281422
0.8249707
0.8235801
0.8287571
0.8202249
0.8245936
0.8311436
0.8283731
0.8261562
0.8332316
0.8286065
0.8214173
0.8297211
0.822522
0.8373005
0.8286068
0.825151
0.8263777
0.8334195
0.8235495
0.8237692
0.823766
0.826717
0.8373846
0.818488
0.8335707
0.8319399
0.8328245
0.8187194
0.9133861
0.9121546
0.950632
0.9881388
0.9064153
0.9679688
0.9447704
0.9139846
0.9900048
0.992922
0.9337736
0.9225139
0.9346214
0.9501906
0.9250725
0.
0.936765
0.938025
0.9518508
0.9517647
0.9500383
0.9405561
0.9527657
0.9192055
0.9198217
0.929704
0.9483632
0.9362673
0.9528631
0.9535461
0.9529424
0.9513719
0.9536898
0.9406609
0.9535933
0.9833585
0.9500423
0.9946497
0.953497
0.9552783
0.9272984
0.9498289
0.9327011
0.9478246
0.9597836
0.9478686
0.950411
0.9467736
0.952349
0.9543593
0.9469195
0.9176487
0.9155747
0.9098183
0.9498289
0.9089519
0.9523541
0.9533869
0.9672298
0.9501444
0.94515
0.9566141
0.9451635
0.9477979
0.9486644
0.9410152
0.9450031
0.9476345
0.9476329
0.9539577
0.9373339
0.9379834
0.9403912
0.9374695
0.9363785
0.9417884
0.9403802
0.9373946
0.9345161
0.9380239
0.9385093
0.9390244
0.9404232
0.9364554
0.9381997
0.9387596
0.9385086
0.9374893
0.9363811
0.9389558
0.9375849
0.9393676
0.9387384
0.9396455
0.9372498
0.9396044
0.9387032
0.9384938
0.9389742
0.9411909
0.8699627
0.911096
0.7866749
0.9913105
0.8375509
0.9406382
0.7874635
0.8841521
0.9899656
0.9920831
0.9077828
0.8645542
0.875585
0.7842735
0.8116097
0.936765
0.
0.8259826
0.7852897
0.783882
0.7823428
0.7856736
0.7836784
0.8288303
0.8391926
0.8447877
0.790144
0.8488368
0.785089
0.7838641
0.7837058
0.7810108
0.7843296
0.7885215
0.7932218
0.9641835
0.7823871
0.9950536
0.7879417
0.7875588
0.8380044
0.794434
0.9012792
0.7972662
0.9443797
0.7850306
0.7838696
0.9054505
0.7843505
0.7861906
0.7836655
0.8937909
0.8857611
0.8879748
0.7849683
0.86652
0.7893756
0.7843086
0.8756305
0.7846363
0.8492529
0.7911488
0.8842905
0.7933034
0.7911751
0.7862773
0.7953955
0.7930486
0.7930749
0.9406741
0.8089872
0.818186
0.8077595
0.8083252
0.8192235
0.8039094
0.8086589
0.820898
0.8194364
0.8110381
0.8243955
0.8175208
0.801284
0.8194926
0.8100375
0.8241566
0.8144857
0.812902
0.8159338
0.8209781
0.8111609
0.8131109
0.810735
0.8159417
0.8267288
0.8051582
0.8260712
0.8215783
0.8246843
0.8025617
0.8581954
0.8977339
0.7651522
0.9906097
0.8185006
0.9347194
0.7705695
0.8710478
0.9897041
0.99253
0.8980849
0.8488953
0.8620045
0.7614549
0.8134265
0.938025
0.8259826
0.
0.764857
0.7651136
0.7626221
0.7858856
0.7621775
0.8328885
0.8397673
0.8199037
0.77975
0.8524563
0.7613114
0.7610083
0.7621539
0.7616469
0.7624599
0.7538482
0.7820892
0.9592894
0.7626726
0.9946557
0.7676519
0.7621371
0.8358302
0.7795233
0.8856458
0.7859402
0.9355769
0.7669982
0.7633441
0.8938874
0.7674783
0.7619851
0.7676888
0.8759576
0.8672785
0.8793032
0.7629444
0.8537092
0.7676397
0.7634181
0.872489
0.7619563
0.8440695
0.7661798
0.8858
0.7794759
0.7788701
0.7931178
0.7804153
0.7793477
0.7793498
0.936006
0.7797735
0.7924477
0.780013
0.7810905
0.7955937
0.7785633
0.7796997
0.7990844
0.7991207
0.7854545
0.7993073
0.7926581
0.7772372
0.7957202
0.7816758
0.8052255
0.790032
0.7868885
0.7915991
0.7958463
0.7822991
0.7828621
0.7814194
0.7957321
0.8055641
0.781838
0.8039489
0.7960796
0.7968345
0.7759633
0.8967517
0.9391174
0.4260285
0.992082
0.8560281
0.9422762
0.5968489
0.9118595
0.9908721
0.9936741
0.9236578
0.872933
0.883591
0.4265898
0.8227932
0.9518508
0.7852897
0.764857
0.
0.4026855
0.4166206
0.70185
0.3747116
0.8500165
0.8624278
0.8385913
0.5092858
0.8506839
0.3727927
0.3622125
0.3784707
0.3996879
0.3673563
0.631764
0.453408
0.9562039
0.4167742
0.9940957
0.3830574
0.3334705
0.8475318
0.5786077
0.9096152
0.6119048
0.9490217
0.5566653
0.4191714
0.9152025
0.4064712
0.3453476
0.5049079
0.9144295
0.9088414
0.9209584
0.4391819
0.898158
0.4018266
0.371045
0.8030649
0.4319632
0.7620307
0.3365281
0.8519745
0.5112366
0.5125642
0.702029
0.6337348
0.5132365
0.5132486
0.9408581
0.661543
0.7072244
0.652457
0.6689542
0.7062709
0.6265759
0.6484717
0.712621
0.7164554
0.674242
0.7222842
0.6992491
0.6362574
0.7087961
0.6684464
0.7209006
0.6834088
0.6794202
0.6997391
0.6972287
0.6600866
0.6736363
0.6656388
0.7020877
0.7260707
0.6648392
0.7248702
0.7070129
0.711034
0.6287189
0.8971191
0.9401751
0.4114726
0.9921609
0.8550403
0.9417105
0.5911568
0.9126223
0.9910764
0.9935813
0.9231989
0.87347
0.8833684
0.4247215
0.8229949
0.9517647
0.783882
0.7651136
0.4026855
0.
0.3894409
0.7051353
0.3439984
0.8517491
0.8628791
0.8364297
0.5237816
0.8478141
0.3325244
0.3268611
0.3417358
0.3724582
0.3320972
0.6267397
0.4472291
0.9567421
0.3893925
0.9941348
0.3827033
0.3230115
0.8445287
0.573021
0.9096467
0.6074918
0.9486392
0.551013
0.389872
0.9152079
0.411726
0.3335662
0.5032167
0.9139754
0.9089099
0.9210452
0.4433129
0.8988065
0.3944255
0.3707663
0.8032875
0.4356142
0.7654542
0.3214644
0.8545107
0.5221728
0.5102209
0.704885
0.6292616
0.5247807
0.5247925
0.9414641
0.6622774
0.7082216
0.6530191
0.6690636
0.7079787
0.6263589
0.649275
0.7144584
0.7173265
0.6744822
0.724352
0.7012767
0.6351262
0.7097782
0.6698943
0.7245569
0.6861214
0.6787063
0.699602
0.6991895
0.6607117
0.6724958
0.6647522
0.7063439
0.7276047
0.6667865
0.724239
0.7072199
0.7105691
0.6314495
0.8932208
0.9366767
0.4389325
0.9919411
0.8498808
0.9413993
0.5991207
0.9085651
0.9905273
0.9935568
0.9208003
0.8708245
0.8808038
0.4418439
0.8197052
0.9500383
0.7823428
0.7626221
0.4166206
0.3894409
0.
0.7038553
0.3609114
0.847124
0.8585692
0.8335662
0.5199759
0.8463378
0.3617525
0.3479391
0.3772497
0.3748974
0.3641855
0.6316579
0.4653077
0.9569914
0.0112733
0.9941384
0.4076885
0.3597507
0.8412085
0.583411
0.9074607
0.615982
0.9476517
0.5614231
0.2797183
0.9131123
0.4256797
0.3684791
0.5176595
0.9107666
0.9053556
0.9171315
0.4536628
0.8943425
0.421816
0.3966397
0.8073581
0.4473372
0.7667034
0.362282
0.8540339
0.5286743
0.5191615
0.7038422
0.6352016
0.5285924
0.5286263
0.940122
0.6637079
0.7075187
0.654537
0.6691102
0.7074881
0.6286393
0.651235
0.7131367
0.7171216
0.6755601
0.7222478
0.7008495
0.6395198
0.7098404
0.6699672
0.722388
0.6857515
0.6808166
0.6990279
0.7003249
0.6634435
0.6741088
0.6661407
0.7037845
0.7286499
0.6653109
0.7251043
0.7073905
0.7112601
0.6352674
0.8643225
0.9105465
0.7093108
0.9907983
0.8277751
0.9379676
0.7004064
0.8840873
0.9899609
0.9925579
0.9040657
0.8573938
0.867269
0.7051233
0.8058187
0.9405561
0.7856736
0.7858856
0.70185
0.7051353
0.7038553
0.
0.7009584
0.825068
0.8361553
0.8281904
0.7210899
0.8446157
0.7019297
0.6996854
0.7017165
0.7025833
0.7011717
0.7324419
0.7182433
0.958917
0.7036753
0.994869
0.7089945
0.701819
0.8305915
0.7214684
0.8950312
0.716588
0.9422007
0.7148068
0.7064613
0.901166
0.7053019
0.7014441
0.7135971
0.8869477
0.8802287
0.8885242
0.7071097
0.8648035
0.7088442
0.702105
0.851018
0.7058688
0.8211645
0.7045748
0.8739445
0.7272323
0.7191899
0.4336206
0.7149967
0.7256602
0.7256456
0.9377502
0.7567709
0.7779125
0.7587429
0.7606914
0.777252
0.7484695
0.7546739
0.7832109
0.7819149
0.7633802
0.7839809
0.7732284
0.7502508
0.7799343
0.7613402
0.78581
0.7695484
0.7653707
0.7743336
0.7764925
0.7609191
0.7638976
0.758579
0.7739993
0.7899565
0.7566366
0.7870919
0.7802705
0.7820419
0.7459425
0.8977025
0.9406644
0.3925207
0.9922356
0.8554946
0.9420118
0.5794303
0.912856
0.9910432
0.9937427
0.9235814
0.8737351
0.8848584
0.3966255
0.8225531
0.9527657
0.7836784
0.7621775
0.3747116
0.3439984
0.3609114
0.7009584
0.
0.8519735
0.8638849
0.8351655
0.5024093
0.8490919
0.2257075
0.1715545
0.2451508
0.3160058
0.2576584
0.6154783
0.420583
0.9573382
0.3610867
0.9943238
0.3482532
0.2781485
0.8455388
0.5612204
0.9101099
0.5974652
0.9489359
0.5345581
0.3663004
0.9155202
0.3802316
0.2923571
0.492534
0.9140864
0.908959
0.9211998
0.411872
0.8992228
0.3710227
0.3354877
0.8025563
0.4037641
0.7665836
0.2740689
0.8560897
0.505332
0.495958
0.7013613
0.6215971
0.5055186
0.5055502
0.9424102
0.6562466
0.7045063
0.647478
0.6640247
0.7035794
0.6172221
0.6415041
0.7106409
0.7151591
0.6690094
0.7208369
0.6971821
0.6288959
0.706637
0.6640274
0.7220783
0.6794154
0.6746922
0.6972205
0.6948454
0.6543187
0.6676057
0.6598698
0.7009198
0.7273155
0.659438
0.7235208
0.7054886
0.7068513
0.6231701
0.8288283
0.8705308
0.8503992
0.9909947
0.7965641
0.9419301
0.8383582
0.8445361
0.9870725
0.990542
0.8864737
0.844336
0.8670495
0.847353
0.8081956
0.9192055
0.8288303
0.8328885
0.8500165
0.8517491
0.847124
0.825068
0.8519735
0.
0.8076349
0.8251383
0.8495023
0.8421967
0.8526371
0.8528805
0.8524478
0.8485194
0.8536769
0.8228719
0.8589664
0.9696719
0.8471566
0.9953122
0.855243
0.8563561
0.8210282
0.8511154
0.8809683
0.8490441
0.9340398
0.8435345
0.8490313
0.8885022
0.8518721
0.855168
0.8416785
0.8541185
0.8470173
0.8457613
0.8468252
0.8230385
0.8537794
0.8531313
0.9100146
0.8471026
0.8766544
0.8603739
0.8989223
0.8489188
0.8509622
0.827665
0.842983
0.8493872
0.849375
0.9325121
0.8382217
0.8421075
0.8422841
0.8400039
0.8408572
0.8390918
0.8409969
0.8434678
0.8433614
0.8388779
0.8455832
0.8424681
0.8388264
0.8438614
0.8382173
0.8488682
0.8430026
0.8400889
0.8423729
0.8456115
0.8393858
0.8413163
0.8382367
0.8426804
0.8506613
0.8356803
0.8474175
0.8442729
0.8465324
0.8386024
0.8350081
0.8734812
0.8619046
0.9908503
0.8020707
0.9410487
0.8482634
0.8448417
0.9887431
0.9913282
0.8880301
0.8446681
0.8653728
0.859339
0.812578
0.9198217
0.8391926
0.8397673
0.8624278
0.8628791
0.8585692
0.8361553
0.8638849
0.8076349
0.
0.8343428
0.8599661
0.8454856
0.864198
0.864605
0.8643018
0.8599464
0.8654454
0.8332148
0.8687461
0.9684375
0.8585829
0.9952816
0.8674295
0.8683626
0.8259277
0.8609381
0.8836397
0.8582721
0.9403931
0.8540584
0.8596573
0.8905968
0.8636924
0.8680793
0.8528065
0.8555485
0.8506689
0.847213
0.8582776
0.8240203
0.8659942
0.864732
0.912283
0.8585934
0.8821765
0.872367
0.899056
0.8602985
0.8612517
0.8375966
0.8520415
0.8611375
0.8611255
0.932767
0.8469743
0.8497642
0.8495318
0.8471452
0.8516108
0.8504502
0.8503851
0.8530587
0.8505918
0.8487852
0.8551493
0.8533045
0.8484197
0.8529245
0.8481366
0.8543451
0.8520005
0.8498743
0.8494103
0.8539198
0.84986
0.8507038
0.8485512
0.8507167
0.8547142
0.8481337
0.8528107
0.8528708
0.8531697
0.8486364
0.8410099
0.8746308
0.83634
0.990013
0.8016414
0.9392569
0.8287307
0.854911
0.9890399
0.9917612
0.8865488
0.8479793
0.8695594
0.8343522
0.8219521
0.929704
0.8447877
0.8199037
0.8385913
0.8364297
0.8335662
0.8281904
0.8351655
0.8251383
0.8343428
0.
0.8398988
0.8586532
0.8351362
0.8359641
0.8357979
0.8330982
0.8366656
0.8074042
0.8491402
0.9696373
0.8335855
0.9954294
0.841793
0.8387185
0.8330518
0.8405549
0.8732823
0.8415638
0.9336929
0.8339725
0.8346279
0.8950172
0.8385892
0.8377224
0.8315625
0.8545344
0.8488468
0.8560349
0.8345543
0.8384453
0.8388823
0.8380725
0.9079867
0.8342174
0.8788063
0.8437401
0.9022078
0.8417468
0.8401171
0.8329241
0.8336245
0.8416082
0.8416118
0.9357382
0.8298279
0.833434
0.8312672
0.8267664
0.8356317
0.830472
0.8301485
0.837602
0.836746
0.8292851
0.8390796
0.8355553
0.828375
0.8358557
0.8304278
0.8414664
0.8351476
0.8326265
0.8325949
0.8370797
0.8290045
0.8308549
0.8296964
0.8385491
0.8419727
0.8304978
0.8383831
0.8345693
0.8398946
0.8300083
0.8941709
0.935482
0.4682529
0.9914771
0.8540685
0.9419609
0.6456974
0.9099054
0.990323
0.9929891
0.9227589
0.8742218
0.8819836
0.5267272
0.8251207
0.9483632
0.790144
0.77975
0.5092858
0.5237816
0.5199759
0.7210899
0.5024093
0.8495023
0.8599661
0.8398988
0.
0.8517081
0.5035237
0.4983359
0.5061343
0.5155695
0.5041802
0.6717673
0.5487955
0.9577389
0.5200898
0.9934454
0.4965424
0.490801
0.8482485
0.6335129
0.9097835
0.6574699
0.9474481
0.6160033
0.5236876
0.9132424
0.5086102
0.4957804
0.5692469
0.9108312
0.906393
0.9176822
0.5272638
0.8955896
0.5131242
0.4986332
0.815147
0.5248606
0.7723415
0.4984434
0.8489842
0.3888879
0.4280792
0.7195378
0.6711973
0.3221878
0.3222351
0.9379136
0.6907088
0.7255414
0.6828696
0.694423
0.7261222
0.6622784
0.6793945
0.7298721
0.7326679
0.6998315
0.7380614
0.7186352
0.6690207
0.7254904
0.6945439
0.7354525
0.7062785
0.7021042
0.7193106
0.7184517
0.6892802
0.7010984
0.6925176
0.7196641
0.7436094
0.6899127
0.7418545
0.7255856
0.7281024
0.6699139
0.8634537
0.9040234
0.8494586
0.991495
0.8418287
0.9441109
0.8422384
0.8730347
0.9899126
0.9914409
0.9101759
0.8677364
0.8798745
0.8471664
0.8370495
0.9362673
0.8488368
0.8524563
0.8506839
0.8478141
0.8463378
0.8446157
0.8490919
0.8421967
0.8454856
0.8586532
0.8517081
0.
0.8486167
0.8494433
0.8488791
0.8472029
0.8500401
0.8367728
0.8583928
0.9644264
0.846402
0.9945988
0.8527593
0.8526056
0.7982047
0.8519702
0.9094171
0.8525077
0.9430797
0.8462744
0.8468053
0.9012089
0.8507641
0.85138
0.846253
0.8846071
0.8770078
0.8825236
0.8475814
0.8626037
0.8523532
0.8506857
0.8946893
0.8476855
0.8820846
0.8566122
0.9055649
0.8514141
0.8520234
0.8473885
0.8467314
0.8515725
0.851529
0.9438807
0.8500504
0.8540716
0.8516059
0.8516735
0.8551782
0.8506294
0.850617
0.858024
0.8565668
0.8522872
0.8575515
0.8526163
0.8487795
0.8579439
0.8515304
0.8591314
0.8540879
0.8543757
0.8550557
0.8563059
0.8498771
0.8508287
0.849488
0.8565605
0.859676
0.8497136
0.8564681
0.8586248
0.8561426
0.8484207
0.8977403
0.9405227
0.3872558
0.9921021
0.855953
0.9415399
0.5782059
0.9129511
0.9910636
0.9938357
0.9232405
0.8732127
0.8841697
0.3973777
0.823526
0.9528631
0.785089
0.7613114
0.3727927
0.3325244
0.3617525
0.7019297
0.2257075
0.8526371
0.864198
0.8351362
0.5035237
0.8486167
0.
0.1769116
0.2343097
0.3190448
0.2569821
0.6158109
0.4220795
0.9572072
0.3616175
0.994365
0.3471375
0.2763442
0.8459335
0.5594884
0.9093623
0.5967239
0.9486127
0.5353577
0.3586754
0.9161354
0.3788097
0.2896982
0.4906408
0.9144297
0.9089571
0.9214059
0.4159265
0.8989755
0.3696821
0.332666
0.8031155
0.4073566
0.7664954
0.2724245
0.855459
0.506224
0.5012079
0.7024348
0.6198912
0.5070234
0.5070617
0.9424526
0.6556758
0.7042936
0.6463121
0.6626459
0.7036992
0.616903
0.6416724
0.7110933
0.7152479
0.6698009
0.721101
0.6963519
0.6277933
0.7066524
0.6628689
0.721904
0.6793323
0.6752767
0.6969424
0.6952666
0.6549883
0.6680134
0.6579844
0.7020319
0.7251533
0.6616406
0.7218421
0.7039717
0.7062738
0.6234901
0.8982261
0.9412902
0.3796185
0.9922082
0.85651
0.9415442
0.5748184
0.913444
0.9911906
0.9938003
0.9234216
0.8737856
0.8850291
0.3883805
0.8228668
0.9535461
0.7838641
0.7610083
0.3622125
0.3268611
0.3479391
0.6996854
0.1715545
0.8528805
0.864605
0.8359641
0.4983359
0.8494433
0.1769116
0.
0.2302987
0.3153171
0.2454649
0.6107208
0.4126087
0.9567302
0.3479768
0.9943551
0.3363719
0.2556959
0.8454653
0.5561475
0.9101008
0.5938725
0.9488515
0.5298342
0.346266
0.9166136
0.3690296
0.2719404
0.4843817
0.915041
0.9099972
0.9217594
0.4076814
0.899674
0.3587381
0.3174349
0.8021624
0.3988643
0.7674416
0.2523149
0.8570781
0.5018156
0.4946705
0.6998159
0.6176053
0.501103
0.5011274
0.9435251
0.655691
0.7045646
0.6454329
0.662058
0.7029346
0.6151287
0.6400463
0.7111552
0.7156955
0.6697957
0.7209247
0.6968962
0.6267941
0.7062138
0.6625573
0.7223613
0.6799581
0.6736282
0.6972745
0.6958748
0.6535064
0.6676751
0.6570742
0.7008253
0.7257688
0.6594114
0.7220067
0.7049304
0.7071427
0.6205787
0.8977314
0.9404418
0.3923103
0.9922152
0.8558711
0.9416317
0.5781282
0.9127053
0.9910358
0.9937686
0.9232228
0.8730813
0.8845615
0.3998628
0.8223188
0.9529424
0.7837058
0.7621539
0.3784707
0.3417358
0.3772497
0.7017165
0.2451508
0.8524478
0.8643018
0.8357979
0.5061343
0.8488791
0.2343097
0.2302987
0.
0.3224583
0.2523232
0.6151342
0.4218669
0.957
0.3772519
0.9945487
0.348037
0.274852
0.8458878
0.5605582
0.9093299
0.5964481
0.9489088
0.537065
0.3572804
0.9157427
0.3816277
0.2897453
0.4931535
0.9143291
0.9093756
0.9212917
0.4184148
0.8995024
0.3725316
0.3316524
0.8035879
0.4100275
0.7660848
0.2716339
0.8556949
0.5043696
0.4974607
0.7026052
0.6200373
0.5027613
0.5027929
0.942655
0.6563186
0.7038592
0.6473202
0.6630567
0.7038281
0.616264
0.6412806
0.7107109
0.7150621
0.6701986
0.7205357
0.6963076
0.628197
0.7067145
0.66256
0.722096
0.6798236
0.6751032
0.6973404
0.6954065
0.6545511
0.6680745
0.6588209
0.7021789
0.7251585
0.6610192
0.7217737
0.7050305
0.7075507
0.6217332
0.8941949
0.9376823
0.4208381
0.9920862
0.8518813
0.9413237
0.5922336
0.9095334
0.9910064
0.9934284
0.9218277
0.8706674
0.8821378
0.4259764
0.8195593
0.9513719
0.7810108
0.7616469
0.3996879
0.3724582
0.3748974
0.7025833
0.3160058
0.8485194
0.8599464
0.8330982
0.5155695
0.8472029
0.3190448
0.3153171
0.3224583
0.
0.3208162
0.6223156
0.4482213
0.9573524
0.3752351
0.9941698
0.3830381
0.3287147
0.8427818
0.5762868
0.9080586
0.6104703
0.9484655
0.5515196
0.3789799
0.9147419
0.4124095
0.3388939
0.5061044
0.9119645
0.9069829
0.9185468
0.4397853
0.8957388
0.4056579
0.3724579
0.8046453
0.4323102
0.7658382
0.32684
0.8537974
0.5145732
0.5115916
0.7024532
0.6311262
0.5141761
0.5141951
0.9412837
0.6596748
0.7050393
0.6504212
0.6673542
0.7054825
0.622648
0.6466191
0.7112212
0.7164269
0.6720026
0.7225303
0.6982005
0.6340519
0.7082887
0.6661055
0.7215821
0.6819646
0.6772149
0.6992056
0.6961485
0.6586168
0.6698616
0.6627506
0.7021662
0.7252604
0.6612438
0.7250355
0.705885
0.7096294
0.6281731
0.8991454
0.9414475
0.3822772
0.9921663
0.8567661
0.9414789
0.5772665
0.9137741
0.991029
0.9937873
0.9240969
0.8743317
0.8855888
0.3854585
0.8244897
0.9536898
0.7843296
0.7624599
0.3673563
0.3320972
0.3641855
0.7011717
0.2576584
0.8536769
0.8654454
0.8366656
0.5041802
0.8500401
0.2569821
0.2454649
0.2523232
0.3208162
0.
0.6130121
0.4128073
0.9564733
0.3642227
0.9943729
0.338215
0.2622241
0.8469493
0.5571079
0.9105511
0.5940833
0.9493498
0.52994
0.35171
0.9167898
0.3721499
0.2777921
0.4838805
0.9153954
0.9103658
0.9224705
0.4049545
0.900564
0.3632354
0.3211659
0.8015315
0.3962145
0.7683463
0.253799
0.8570536
0.5093448
0.4899678
0.7012667
0.6185022
0.5077757
0.5077868
0.9432775
0.6565032
0.7047443
0.6452045
0.6629671
0.7039786
0.6158957
0.6397077
0.7118542
0.7156543
0.669863
0.7213559
0.6968805
0.627031
0.7062596
0.6623164
0.7224173
0.6809417
0.6743171
0.6966476
0.6950222
0.6546895
0.667275
0.6582937
0.7018537
0.7271065
0.6599539
0.7227183
0.7046331
0.7071248
0.6219285
0.8611049
0.9102617
0.635723
0.9909869
0.8135997
0.9357672
0.6893455
0.8797776
0.9902026
0.9927734
0.9011065
0.8475403
0.8663768
0.6349557
0.7954987
0.9406609
0.7885215
0.7538482
0.631764
0.6267397
0.6316579
0.7324419
0.6154783
0.8228719
0.8332148
0.8074042
0.6717673
0.8367728
0.6158109
0.6107208
0.6151342
0.6223156
0.6130121
0.
0.6542216
0.9582596
0.631611
0.9946398
0.6311071
0.6074182
0.8232005
0.6947132
0.88735
0.7071874
0.9416866
0.6747887
0.6314954
0.9007031
0.635412
0.6085294
0.658916
0.8849596
0.8778788
0.8876173
0.6400115
0.8598673
0.6337621
0.6210742
0.8308103
0.6372341
0.8082163
0.6124231
0.8677442
0.6744606
0.6704811
0.7373212
0.7097462
0.6739898
0.6739823
0.9377671
0.7172589
0.744748
0.7150786
0.7203941
0.7438089
0.7021131
0.7114299
0.7500932
0.7502037
0.7253972
0.7586503
0.740632
0.7061049
0.7472665
0.7219499
0.7598922
0.7355353
0.7286051
0.7415661
0.7434374
0.7183292
0.7238632
0.7208043
0.7422471
0.763868
0.7202635
0.7595709
0.74447
0.7495257
0.7004715
0.9020896
0.9427166
0.4699146
0.9921309
0.8618782
0.9450022
0.6150869
0.9172894
0.9910959
0.9936577
0.9255691
0.8810711
0.8888908
0.4754981
0.8321052
0.9535933
0.7932218
0.7820892
0.453408
0.4472291
0.4653077
0.7182433
0.420583
0.8589664
0.8687461
0.8491402
0.5487955
0.8583928
0.4220795
0.4126087
0.4218669
0.4482213
0.4128073
0.6542216
0.
0.955145
0.4652351
0.9941127
0.4363613
0.3894879
0.8558694
0.5982239
0.9135616
0.6217259
0.9506879
0.5783865
0.4636111
0.9185809
0.457882
0.4008626
0.5485177
0.9180798
0.9130246
0.924062
0.4872921
0.9028289
0.4546706
0.4285504
0.8066527
0.480922
0.773785
0.3866758
0.8561348
0.5492899
0.5450212
0.7161822
0.6473294
0.552359
0.5523573
0.9426774
0.6847729
0.7272597
0.6764441
0.6914949
0.7258794
0.6520938
0.6721618
0.7307353
0.7339271
0.6965545
0.7400274
0.7195241
0.661488
0.7284953
0.689372
0.7389492
0.7042816
0.6997975
0.7186204
0.7176656
0.6830456
0.6955248
0.6873401
0.7223957
0.7422807
0.6886633
0.7427705
0.7267105
0.7272202
0.6574298
0.9748217
0.977052
0.9572588
0.9950665
0.973051
0.9674815
0.9574046
0.9769226
0.9946689
0.9953782
0.969568
0.9728254
0.965676
0.9574258
0.9681155
0.9833585
0.9641835
0.9592894
0.9562039
0.9567421
0.9569914
0.958917
0.9573382
0.9696719
0.9684375
0.9696373
0.9577389
0.9644264
0.9572072
0.9567302
0.957
0.9573524
0.9564733
0.9582596
0.955145
0.
0.9569838
0.9944654
0.9560468
0.955753
0.9678564
0.9549005
0.9749716
0.9553755
0.9568747
0.9557848
0.9565166
0.9637211
0.9559559
0.9570235
0.9581967
0.9771167
0.9760722
0.9790405
0.958185
0.9754578
0.9564069
0.9558082
0.9557842
0.9579998
0.9630325
0.9555458
0.9668379
0.956904
0.9576388
0.9584343
0.9579458
0.9574593
0.957458
0.9780782
0.9613318
0.9627245
0.9603892
0.9617029
0.9628271
0.9600614
0.9597891
0.9626689
0.963074
0.9601801
0.9612249
0.9613101
0.960056
0.962566
0.9616783
0.961956
0.9611875
0.9603716
0.9624398
0.9618441
0.9600843
0.9621916
0.9612305
0.9619482
0.9624678
0.9616122
0.9631094
0.9619887
0.9621378
0.9601439
0.8930977
0.9365888
0.4387584
0.9919233
0.8500611
0.9413009
0.5992851
0.9085429
0.9905152
0.9935449
0.9207239
0.8707123
0.8808871
0.4419331
0.819627
0.9500423
0.7823871
0.7626726
0.4167742
0.3893925
0.0112733
0.7036753
0.3610867
0.8471566
0.8585829
0.8335855
0.5200898
0.846402
0.3616175
0.3479768
0.3772519
0.3752351
0.3642227
0.631611
0.4652351
0.9569838
0.
0.9941381
0.4077336
0.3599907
0.8412281
0.5834449
0.9074386
0.6160774
0.9477637
0.5615326
0.2801719
0.9132257
0.4256828
0.3686328
0.5174647
0.9108125
0.9054325
0.9171344
0.4537956
0.8944134
0.4217694
0.396803
0.8073062
0.4474625
0.766814
0.3622705
0.8538818
0.5290382
0.5193104
0.7037027
0.6353044
0.5289992
0.529033
0.9401196
0.6638955
0.7075012
0.6544486
0.6689742
0.7075249
0.6287859
0.6513052
0.7133909
0.7169484
0.6755278
0.7224064
0.7008249
0.6390916
0.7100401
0.6697421
0.7225941
0.6857537
0.6808393
0.6990919
0.7006063
0.6634452
0.6741313
0.6661561
0.7037055
0.7287813
0.6655264
0.72502
0.7074341
0.7110803
0.6351438
0.996184
0.9958462
0.9941044
0.996586
0.9953225
0.995589
0.9942488
0.9959064
0.9936927
0.9986053
0.9959659
0.9954051
0.9948542
0.9939693
0.9946706
0.9946497
0.9950536
0.9946557
0.9940957
0.9941348
0.9941384
0.994869
0.9943238
0.9953122
0.9952816
0.9954294
0.9934454
0.9945988
0.994365
0.9943551
0.9945487
0.9941698
0.9943729
0.9946398
0.9941127
0.9944654
0.9941381
0.
0.9940111
0.9942846
0.9955535
0.993947
0.9960986
0.9940055
0.9955762
0.994115
0.9941767
0.9946541
0.9939634
0.9942873
0.9939732
0.9950605
0.9951889
0.9962988
0.9939818
0.9962316
0.993842
0.9941187
0.9939465
0.9939936
0.9933748
0.994374
0.9934861
0.9936629
0.9937797
0.9944488
0.993932
0.9936103
0.9936101
0.9936436
0.9943099
0.9937797
0.9935607
0.993898
0.99338
0.9937455
0.9935564
0.9936035
0.9939958
0.9939666
0.9934882
0.993679
0.9936779
0.9935145
0.9938371
0.9938575
0.9933897
0.9937767
0.9938695
0.9936422
0.9937157
0.9936664
0.9939628
0.9941307
0.9933222
0.9936579
0.994408
0.9934689
0.9936848
0.9939165
0.9017778
0.942438
0.4026991
0.9921331
0.8612884
0.9429409
0.5909235
0.9158587
0.9909779
0.9936979
0.9253936
0.8782163
0.8863234
0.4054056
0.8293445
0.953497
0.7879417
0.7676519
0.3830574
0.3827033
0.4076885
0.7089945
0.3482532
0.855243
0.8674295
0.841793
0.4965424
0.8527593
0.3471375
0.3363719
0.348037
0.3830381
0.338215
0.6311071
0.4363613
0.9560468
0.4077336
0.9940111
0.
0.3062488
0.8513556
0.5696792
0.9126753
0.6067357
0.9497285
0.548041
0.3998012
0.9169828
0.383374
0.3153294
0.49914
0.9168625
0.9124995
0.9243159
0.4200647
0.9033251
0.3843813
0.3430209
0.8021339
0.4130609
0.762778
0.303184
0.8525308
0.4959468
0.4960723
0.7089329
0.6299411
0.4919552
0.4919884
0.9419967
0.6615524
0.7079569
0.651687
0.66701
0.7073475
0.6230966
0.6458939
0.711718
0.7166766
0.6732643
0.7232171
0.6994053
0.6328597
0.7081645
0.6659493
0.7232414
0.6835844
0.678831
0.6992485
0.6975792
0.6593231
0.672638
0.662135
0.7044708
0.7266823
0.6653105
0.7240157
0.7063235
0.7090819
0.6289547
0.9008805
0.942565
0.358074
0.9924503
0.8600651
0.9425323
0.5670642
0.915765
0.9914318
0.9939488
0.9246577
0.8768816
0.8882629
0.3719744
0.8259389
0.9552783
0.7875588
0.7621371
0.3334705
0.3230115
0.3597507
0.701819
0.2781485
0.8563561
0.8683626
0.8387185
0.490801
0.8526056
0.2763442
0.2556959
0.274852
0.3287147
0.2622241
0.6074182
0.3894879
0.955753
0.3599907
0.9942846
0.3062488
0.
0.8498055
0.549169
0.9113251
0.5850495
0.9500537
0.5215064
0.352252
0.9184051
0.340358
0.2331327
0.4786939
0.9170714
0.9125017
0.923946
0.3896422
0.9019733
0.3301593
0.2830771
0.8016672
0.3790271
0.7697344
0.2062659
0.8592432
0.4910914
0.4874832
0.701982
0.6126682
0.4932062
0.4932296
0.9449302
0.6547762
0.7054123
0.6439778
0.6621576
0.7050274
0.611546
0.6381415
0.7124091
0.7167315
0.6688712
0.7227635
0.6959132
0.6243841
0.7077512
0.6626718
0.7223109
0.6800764
0.6739191
0.6967311
0.6966693
0.6530977
0.6668068
0.6569276
0.7019636
0.727378
0.6592685
0.7240276
0.7057523
0.7086332
0.6186942
0.8431729
0.888286
0.8459773
0.9904883
0.8046363
0.9386126
0.8334589
0.8545005
0.9892589
0.9912672
0.8916254
0.8495835
0.8668598
0.8436757
0.8150874
0.9272984
0.8380044
0.8358302
0.8475318
0.8445287
0.8412085
0.8305915
0.8455388
0.8210282
0.8259277
0.8330518
0.8482485
0.7982047
0.8459335
0.8454653
0.8458878
0.8427818
0.8469493
0.8232005
0.8558694
0.9678564
0.8412281
0.9955535
0.8513556
0.8498055
0.
0.8467132
0.8881381
0.8450656
0.9383175
0.8399767
0.8418508
0.8963616
0.8481035
0.8486725
0.8401869
0.8625813
0.8549573
0.856898
0.8444486
0.837957
0.8498641
0.8496347
0.9032911
0.8442944
0.8849793
0.8556113
0.9068891
0.8475693
0.8478155
0.8334772
0.8379222
0.8476852
0.8476572
0.9385801
0.8423631
0.8462002
0.8452278
0.8426761
0.8479303
0.8438772
0.8440412
0.8506892
0.8495581
0.8434163
0.8530314
0.847025
0.8403127
0.8489966
0.8436328
0.8545138
0.8480973
0.8456704
0.8473638
0.8503787
0.8454621
0.843129
0.8383727
0.8469994
0.8528311
0.8414727
0.8491075
0.8514318
0.8517351
0.8407427
0.892476
0.9334019
0.5848794
0.9919305
0.853032
0.9421418
0.6492349
0.908011
0.9911084
0.9936506
0.9213793
0.8747437
0.8803965
0.5846034
0.8291318
0.9498289
0.794434
0.7795233
0.5786077
0.573021
0.583411
0.7214684
0.5612204
0.8511154
0.8609381
0.8405549
0.6335129
0.8519702
0.5594884
0.5561475
0.5605582
0.5762868
0.5571079
0.6947132
0.5982239
0.9549005
0.5834449
0.993947
0.5696792
0.549169
0.8467132
0.
0.9101653
0.6585488
0.946466
0.5383324
0.5796673
0.9104321
0.5803625
0.5530668
0.6266255
0.9086425
0.9033292
0.9164217
0.593303
0.8944194
0.5780408
0.5657947
0.8227892
0.5895691
0.78998
0.5484736
0.8604768
0.6335261
0.6316872
0.7224058
0.6727904
0.6338908
0.6339425
0.9409752
0.7129605
0.7435904
0.7084402
0.7159703
0.7448904
0.6907026
0.7003521
0.7501481
0.7507395
0.7202281
0.7535939
0.7359667
0.6974617
0.7445291
0.7162317
0.7546352
0.7288647
0.7246773
0.7363461
0.7379052
0.7122803
0.7197005
0.7109427
0.7434847
0.7560663
0.715388
0.7545015
0.7445494
0.7451904
0.694934
0.8714599
0.8812771
0.9086827
0.9898755
0.8572244
0.9468847
0.898972
0.8838839
0.9884682
0.9919732
0.8831119
0.8877644
0.9034524
0.9090126
0.8793703
0.9327011
0.9012792
0.8856458
0.9096152
0.9096467
0.9074607
0.8950312
0.9101099
0.8809683
0.8836397
0.8732823
0.9097835
0.9094171
0.9093623
0.9101008
0.9093299
0.9080586
0.9105511
0.88735
0.9135616
0.9749716
0.9074386
0.9960986
0.9126753
0.9113251
0.8881381
0.9101653
0.
0.9056473
0.9467926
0.9063801
0.9081994
0.9185016
0.9116582
0.9107091
0.9029334
0.8866313
0.8824687
0.874611
0.9076933
0.8708042
0.9105308
0.911206
0.9459339
0.9077103
0.9235774
0.9137261
0.9325418
0.9100509
0.9096868
0.8981666
0.900576
0.909577
0.9095822
0.9464834
0.895742
0.895792
0.8983538
0.896025
0.8962739
0.8982733
0.8968986
0.8994083
0.8967017
0.8965031
0.9001655
0.8985288
0.8982501
0.8973249
0.8960193
0.9017229
0.8989804
0.8971606
0.8971303
0.8997486
0.8968731
0.8988358
0.8959998
0.8992647
0.9013556
0.8978845
0.9002547
0.8976868
0.8990282
0.8983994
0.887836
0.9294001
0.6178242
0.9919709
0.849462
0.9432665
0.4532948
0.9036108
0.990446
0.9934034
0.9171978
0.8722815
0.8800565
0.6180759
0.8265093
0.9478246
0.7972662
0.7859402
0.6119048
0.6074918
0.615982
0.716588
0.5974652
0.8490441
0.8582721
0.8415638
0.6574699
0.8525077
0.5967239
0.5938725
0.5964481
0.6104703
0.5940833
0.7071874
0.6217259
0.9553755
0.6160774
0.9940055
0.6067357
0.5850495
0.8450656
0.6585488
0.9056473
0.
0.9482515
0.6568422
0.613694
0.9090689
0.6138943
0.5901795
0.6538726
0.9038631
0.8976025
0.9096587
0.6255865
0.8871655
0.6114703
0.6013671
0.8341135
0.6225071
0.7995425
0.5838293
0.8647095
0.6593144
0.6573628
0.7179489
0.5440736
0.6585466
0.6585764
0.9425134
0.7290299
0.7573339
0.7235143
0.7342341
0.7562473
0.7090003
0.7195525
0.7631515
0.762954
0.7381579
0.765595
0.7528088
0.713034
0.759591
0.7328782
0.7674842
0.7430666
0.7397256
0.7534005
0.7519088
0.7292615
0.7365771
0.727407
0.7570694
0.7687505
0.7318028
0.7638736
0.7596292
0.7578484
0.7133767
0.9378493
0.9387306
0.9485367
0.991026
0.9352482
0.9568767
0.9457732
0.9391053
0.9909885
0.9937825
0.9469528
0.9432414
0.9382043
0.9480958
0.9364329
0.9597836
0.9443797
0.9355769
0.9490217
0.9486392
0.9476517
0.9422007
0.9489359
0.9340398
0.9403931
0.9336929
0.9474481
0.9430797
0.9486127
0.9488515
0.9489088
0.9484655
0.9493498
0.9416866
0.9506879
0.9568747
0.9477637
0.9955762
0.9497285
0.9500537
0.9383175
0.946466
0.9467926
0.9482515
0.
0.9463243
0.9480585
0.9440566
0.9489317
0.9499808
0.9458708
0.9389038
0.9369483
0.9390963
0.9475753
0.9364223
0.9485502
0.9492619
0.9590246
0.9476879
0.951151
0.9511564
0.9546123
0.9476695
0.9471617
0.9421209
0.9458974
0.9476482
0.9476466
0.9645196
0.9417586
0.9426372
0.9430672
0.9417817
0.9428428
0.9434195
0.9440132
0.9419452
0.9422197
0.9437378
0.9418819
0.9426253
0.9440038
0.9431707
0.9436664
0.9432097
0.9437898
0.9426481
0.9419387
0.9435937
0.9447113
0.9428556
0.94323
0.9437434
0.9432109
0.9431875
0.9433155
0.9425169
0.9450425
0.9449997
0.887773
0.9311056
0.5621026
0.9922137
0.8444131
0.9407736
0.6417735
0.9027946
0.9908702
0.9934299
0.9183049
0.8674866
0.8774197
0.5630851
0.8172738
0.9478686
0.7850306
0.7669982
0.5566653
0.551013
0.5614231
0.7148068
0.5345581
0.8435345
0.8540584
0.8339725
0.6160033
0.8462744
0.5353577
0.5298342
0.537065
0.5515196
0.52994
0.6747887
0.5783865
0.9557848
0.5615326
0.994115
0.548041
0.5215064
0.8399767
0.5383324
0.9063801
0.6568422
0.9463243
0.
0.5606463
0.9085614
0.5588119
0.5261979
0.6073308
0.9054672
0.9003679
0.9121766
0.5696857
0.888167
0.5551387
0.5399758
0.8196562
0.5652911
0.7840192
0.5220764
0.8571127
0.6200797
0.6130135
0.7159011
0.6695892
0.6215479
0.6215251
0.939146
0.6969486
0.7321832
0.6930454
0.70206
0.7322426
0.6730823
0.6876054
0.7383143
0.7395464
0.7074441
0.7443422
0.7251173
0.6797536
0.7315836
0.7031722
0.7440321
0.7162869
0.7091807
0.7255159
0.7248796
0.6978333
0.7061371
0.6991743
0.7290923
0.7466753
0.7008171
0.743886
0.7331376
0.7327903
0.6782524
0.8939446
0.9373119
0.4341132
0.9920377
0.8523075
0.9420437
0.5967913
0.9088797
0.9905677
0.9934531
0.9219216
0.8707507
0.8811246
0.4357185
0.8204421
0.950411
0.7838696
0.7633441
0.4191714
0.389872
0.2797183
0.7064613
0.3663004
0.8490313
0.8596573
0.8346279
0.5236876
0.8468053
0.3586754
0.346266
0.3572804
0.3789799
0.35171
0.6314954
0.4636111
0.9565166
0.2801719
0.9941767
0.3998012
0.352252
0.8418508
0.5796673
0.9081994
0.613694
0.9480585
0.5606463
0.
0.9143584
0.4233664
0.3613835
0.5125161
0.9120237
0.9064011
0.9175603
0.4533292
0.8954102
0.4221808
0.3866136
0.8071979
0.4468206
0.7679064
0.3545419
0.8539871
0.5208966
0.515661
0.7057541
0.6335921
0.5188687
0.518881
0.9404119
0.6635296
0.7075553
0.6552676
0.6706908
0.7079823
0.6285687
0.6509558
0.7140342
0.7180132
0.6755614
0.7236618
0.7026574
0.6395546
0.7094581
0.6708904
0.7249829
0.6865401
0.6798064
0.7014997
0.7004022
0.6636768
0.6757254
0.6642682
0.7065569
0.7277436
0.6685893
0.724265
0.7073274
0.712353
0.6348314
0.8938135
0.899274
0.9152073
0.9921864
0.8906221
0.9491861
0.9054449
0.9009112
0.9893656
0.9913525
0.9220496
0.9023463
0.8960544
0.913324
0.8919638
0.9467736
0.9054505
0.8938874
0.9152025
0.9152079
0.9131123
0.901166
0.9155202
0.8885022
0.8905968
0.8950172
0.9132424
0.9012089
0.9161354
0.9166136
0.9157427
0.9147419
0.9167898
0.9007031
0.9185809
0.9637211
0.9132257
0.9946541
0.9169828
0.9184051
0.8963616
0.9104321
0.9185016
0.9090689
0.9440566
0.9085614
0.9143584
0.
0.9148502
0.9179297
0.9095477
0.9022291
0.898264
0.9010775
0.9131901
0.8941583
0.9157672
0.9164127
0.9330901
0.9134658
0.9201931
0.9209264
0.9269255
0.9147332
0.9138033
0.9016476
0.9066923
0.9145813
0.9145632
0.948238
0.9045499
0.9046299
0.9052141
0.9029491
0.9034
0.9051709
0.9050431
0.9059617
0.9041589
0.9032176
0.9035397
0.9043332
0.9067488
0.9049265
0.9040735
0.9060458
0.9056064
0.905167
0.9025872
0.9060715
0.9040122
0.9047111
0.903249
0.9047427
0.9061042
0.9038161
0.9059897
0.906034
0.9061336
0.9047424
0.8983681
0.9404725
0.4265404
0.99197
0.8567023
0.9419416
0.5999411
0.9125197
0.9910603
0.9935594
0.9234885
0.8750362
0.8843476
0.4259785
0.8243123
0.952349
0.7843505
0.7674783
0.4064712
0.411726
0.4256797
0.7053019
0.3802316
0.8518721
0.8636924
0.8385892
0.5086102
0.8507641
0.3788097
0.3690296
0.3816277
0.4124095
0.3721499
0.635412
0.457882
0.9559559
0.4256828
0.9939634
0.383374
0.340358
0.8481035
0.5803625
0.9116582
0.6138943
0.9489317
0.5588119
0.4233664
0.9148502
0.
0.3400555
0.5062824
0.9147188
0.9094797
0.9215081
0.4393168
0.8996844
0.4107721
0.3671836
0.8046477
0.4329673
0.765017
0.3435009
0.8516421
0.5208564
0.5098525
0.7046031
0.6368853
0.522582
0.5226299
0.9411926
0.6660777
0.7097227
0.6557361
0.6716725
0.7098643
0.6292111
0.6514361
0.7146784
0.7190442
0.6769795
0.7264376
0.7023452
0.639745
0.7119489
0.6704618
0.7261674
0.6850923
0.6822079
0.7012792
0.7019685
0.6641204
0.6763294
0.6682718
0.7053961
0.7316534
0.6676015
0.7271748
0.7104629
0.7124501
0.6364613
0.9005697
0.9424607
0.3675521
0.9923838
0.8586924
0.9421583
0.5707532
0.9158606
0.9912182
0.9938055
0.9246302
0.8761709
0.8874766
0.3776983
0.8254826
0.9543593
0.7861906
0.7619851
0.3453476
0.3335662
0.3684791
0.7014441
0.2923571
0.855168
0.8680793
0.8377224
0.4957804
0.85138
0.2896982
0.2719404
0.2897453
0.3388939
0.2777921
0.6085294
0.4008626
0.9570235
0.3686328
0.9942873
0.3153294
0.2331327
0.8486725
0.5530668
0.9107091
0.5901795
0.9499808
0.5261979
0.3613835
0.9179297
0.3400555
0.
0.4819798
0.9172033
0.9119611
0.9239399
0.3997836
0.9023849
0.3449269
0.3001642
0.8025908
0.3895305
0.7655153
0.22442
0.8566158
0.4963656
0.4892793
0.7022854
0.6145567
0.4971225
0.49714
0.9438489
0.6548772
0.7040903
0.6432054
0.6606706
0.7035882
0.6118308
0.6377782
0.7101785
0.7158929
0.6670442
0.7210537
0.6958968
0.6240067
0.7061454
0.6617117
0.7213686
0.6785101
0.6732831
0.6953343
0.6947918
0.6521918
0.6667575
0.655558
0.7011649
0.7256193
0.6584352
0.7217186
0.7042502
0.7069488
0.6186613
0.8869765
0.9303568
0.5124742
0.9916484
0.84509
0.9409179
0.6369002
0.9022308
0.9899595
0.9930464
0.9161717
0.866739
0.8785783
0.4901103
0.8170741
0.9469195
0.7836655
0.7676888
0.5049079
0.5032167
0.5176595
0.7135971
0.492534
0.8416785
0.8528065
0.8315625
0.5692469
0.846253
0.4906408
0.4843817
0.4931535
0.5061044
0.4838805
0.658916
0.5485177
0.9581967
0.5174647
0.9939732
0.49914
0.4786939
0.8401869
0.6266255
0.9029334
0.6538726
0.9458708
0.6073308
0.5125161
0.9095477
0.5062824
0.4819798
0.
0.9053485
0.8996179
0.910633
0.5038236
0.8870943
0.5088181
0.4850527
0.8173645
0.5004762
0.7706365
0.4791599
0.8494273
0.5838667
0.5579302
0.7148708
0.6670066
0.5821652
0.5821866
0.9311603
0.6704345
0.707213
0.6600664
0.676091
0.7047752
0.6417681
0.6553158
0.713508
0.7134051
0.6789771
0.719929
0.7005091
0.6478644
0.7087958
0.6754843
0.7222032
0.6894667
0.6842791
0.7020113
0.6986121
0.6692972
0.6778404
0.6707062
0.7029951
0.726695
0.67064
0.7228791
0.7071824
0.7119639
0.6448795
0.8381819
0.8580863
0.9124538
0.9896606
0.8259262
0.9517298
0.8954323
0.853352
0.9874277
0.9897228
0.887989
0.8652835
0.8884761
0.9111712
0.8642142
0.9176487
0.8937909
0.8759576
0.9144295
0.9139754
0.9107666
0.8869477
0.9140864
0.8541185
0.8555485
0.8545344
0.9108312
0.8846071
0.9144297
0.915041
0.9143291
0.9119645
0.9153954
0.8849596
0.9180798
0.9771167
0.9108125
0.9950605
0.9168625
0.9170714
0.8625813
0.9086425
0.8866313
0.9038631
0.9389038
0.9054672
0.9120237
0.9022291
0.9147188
0.9172033
0.9053485
0.
0.582227
0.8458998
0.9115469
0.8398531
0.9147701
0.9156757
0.9494184
0.9116742
0.92199
0.9204472
0.9306577
0.9116376
0.9118989
0.8913802
0.8964619
0.9113305
0.9113437
0.9414459
0.8933166
0.8942838
0.8961984
0.8928688
0.8950537
0.8989508
0.8965514
0.8950305
0.8928759
0.8933836
0.8962193
0.8943251
0.8962423
0.8952303
0.8949608
0.8972049
0.8946576
0.8951773
0.893386
0.8981627
0.8966473
0.8967788
0.8944958
0.8975342
0.8981825
0.8955565
0.8955861
0.8983767
0.8959537
0.8976287
0.8383408
0.8505823
0.9078412
0.9893149
0.8182344
0.9491838
0.8890845
0.8456576
0.9884328
0.9901803
0.8857621
0.8605532
0.8838891
0.90593
0.8545331
0.9155747
0.8857611
0.8672785
0.9088414
0.9089099
0.9053556
0.8802287
0.908959
0.8470173
0.8506689
0.8488468
0.906393
0.8770078
0.9089571
0.9099972
0.9093756
0.9069829
0.9103658
0.8778788
0.9130246
0.9760722
0.9054325
0.9951889
0.9124995
0.9125017
0.8549573
0.9033292
0.8824687
0.8976025
0.9369483
0.9003679
0.9064011
0.898264
0.9094797
0.9119611
0.8996179
0.582227
0.
0.8367196
0.906041
0.8310977
0.9098743
0.9104075
0.94647
0.9059977
0.9176886
0.9156881
0.9266409
0.9064061
0.90731
0.8843367
0.8891794
0.9069112
0.9069164
0.9420646
0.8877234
0.8872251
0.8904568
0.8873015
0.8877631
0.8935142
0.8898914
0.8897504
0.8864754
0.885854
0.8891511
0.888132
0.8903354
0.8888091
0.8881322
0.8919127
0.8904519
0.8887517
0.8864784
0.8923166
0.8907788
0.8906184
0.8883566
0.8913232
0.8914423
0.8904715
0.8896463
0.8921812
0.8902907
0.8917397
0.8114062
0.8421456
0.9197246
0.9888517
0.8192992
0.9495672
0.9010421
0.7715743
0.9876908
0.9898433
0.8747559
0.844761
0.8804701
0.9185204
0.8505143
0.9098183
0.8879748
0.8793032
0.9209584
0.9210452
0.9171315
0.8885242
0.9211998
0.8457613
0.847213
0.8560349
0.9176822
0.8825236
0.9214059
0.9217594
0.9212917
0.9185468
0.9224705
0.8876173
0.924062
0.9790405
0.9171344
0.9962988
0.9243159
0.923946
0.856898
0.9164217
0.874611
0.9096587
0.9390963
0.9121766
0.9175603
0.9010775
0.9215081
0.9239399
0.910633
0.8458998
0.8367196
0.
0.9182218
0.8090974
0.9228402
0.9226554
0.9511778
0.9185411
0.9268012
0.9274687
0.9324574
0.9175252
0.9187671
0.8931087
0.9027655
0.9175898
0.9175715
0.9398537
0.8970199
0.8966506
0.9021336
0.8985155
0.8971898
0.9035382
0.9005972
0.8979584
0.8974089
0.8995469
0.8992944
0.8993961
0.9013243
0.8990613
0.8986666
0.9011835
0.9011967
0.8992649
0.8983824
0.9010072
0.9004323
0.9008256
0.897676
0.9004241
0.9019393
0.8998052
0.9001312
0.9003045
0.9016832
0.9012106
0.8932214
0.9364808
0.4561722
0.9919249
0.8523253
0.9413739
0.6076475
0.9079051
0.9905462
0.9935559
0.921205
0.8710698
0.8809
0.238512
0.820967
0.9498289
0.7849683
0.7629444
0.4391819
0.4433129
0.4536628
0.7071097
0.411872
0.8468252
0.8582776
0.8345543
0.5272638
0.8475814
0.4159265
0.4076814
0.4184148
0.4397853
0.4049545
0.6400115
0.4872921
0.958185
0.4537956
0.9939818
0.4200647
0.3896422
0.8444486
0.593303
0.9076933
0.6255865
0.9475753
0.5696857
0.4533292
0.9131901
0.4393168
0.3997836
0.5038236
0.9115469
0.906041
0.9182218
0.
0.8950982
0.4340249
0.4129556
0.8077389
0.0231951
0.7624193
0.3885751
0.8497022
0.534436
0.5171797
0.7075816
0.6439212
0.5319953
0.5320154
0.9371673
0.6641137
0.7067355
0.6552256
0.6700498
0.7046136
0.6278361
0.6509272
0.7103049
0.7157714
0.6742482
0.7220138
0.69848
0.6391102
0.7077395
0.669788
0.7201291
0.6852186
0.6783284
0.6979481
0.6979183
0.6625915
0.6727728
0.6666398
0.7012313
0.7263117
0.6671398
0.7251676
0.7061189
0.7085194
0.6351627
0.8044261
0.8447548
0.8969374
0.9892844
0.7992588
0.9419463
0.8789066
0.819404
0.9887261
0.990064
0.8704271
0.8405847
0.8708834
0.8953039
0.8257221
0.9089519
0.86652
0.8537092
0.898158
0.8988065
0.8943425
0.8648035
0.8992228
0.8230385
0.8240203
0.8384453
0.8955896
0.8626037
0.8989755
0.899674
0.8995024
0.8957388
0.900564
0.8598673
0.9028289
0.9754578
0.8944134
0.9962316
0.9033251
0.9019733
0.837957
0.8944194
0.8708042
0.8871655
0.9364223
0.888167
0.8954102
0.8941583
0.8996844
0.9023849
0.8870943
0.8398531
0.8310977
0.8090974
0.8950982
0.
0.9006126
0.8998457
0.9376075
0.8953535
0.9099103
0.9061672
0.9199271
0.8954758
0.8961269
0.8675142
0.8803193
0.8954726
0.8954776
0.936491
0.87724
0.8760538
0.8818913
0.8773861
0.8778512
0.8816197
0.8796141
0.8786556
0.8760472
0.8775218
0.8807143
0.8765529
0.8791818
0.8796776
0.8767954
0.8826641
0.8803654
0.8774466
0.8767815
0.8808787
0.8789596
0.8782319
0.8777019
0.8785428
0.8834416
0.8761866
0.8813637
0.8803561
0.8804592
0.8802647
0.899458
0.9406412
0.4150546
0.9920956
0.8581674
0.942515
0.5951497
0.9137018
0.9910127
0.9936535
0.9242495
0.8759929
0.8852696
0.422422
0.82713
0.9523541
0.7893756
0.7676397
0.4018266
0.3944255
0.421816
0.7088442
0.3710227
0.8537794
0.8659942
0.8388823
0.5131242
0.8523532
0.3696821
0.3587381
0.3725316
0.4056579
0.3632354
0.6337621
0.4546706
0.9564069
0.4217694
0.993842
0.3843813
0.3301593
0.8498641
0.5780408
0.9105308
0.6114703
0.9485502
0.5551387
0.4221808
0.9157672
0.4107721
0.3449269
0.5088181
0.9147701
0.9098743
0.9228402
0.4340249
0.9006126
0.
0.3719078
0.8047137
0.4272471
0.7625743
0.3338846
0.8516655
0.514975
0.5105038
0.7086107
0.6329737
0.5199437
0.5199628
0.9405082
0.6613433
0.7072396
0.6514448
0.6679862
0.7056624
0.6247234
0.6468184
0.7116559
0.7167977
0.6744348
0.721885
0.7005508
0.6347699
0.7080027
0.6660428
0.7218896
0.6853143
0.6782506
0.6995748
0.6974158
0.6604523
0.6735914
0.6620732
0.7040925
0.7268598
0.6653085
0.7235849
0.7075247
0.7101731
0.6316392
0.8996286
0.9408869
0.3982055
0.9921943
0.858446
0.9419441
0.5848775
0.9137213
0.991338
0.9939157
0.9242023
0.875916
0.8854613
0.397094
0.8250947
0.9533869
0.7843086
0.7634181
0.371045
0.3707663
0.3966397
0.702105
0.3354877
0.8531313
0.864732
0.8380725
0.4986332
0.8506857
0.332666
0.3174349
0.3316524
0.3724579
0.3211659
0.6210742
0.4285504
0.9558082
0.396803
0.9941187
0.3430209
0.2830771
0.8496347
0.5657947
0.911206
0.6013671
0.9492619
0.5399758
0.3866136
0.9164127
0.3671836
0.3001642
0.4850527
0.9156757
0.9104075
0.9226554
0.4129556
0.8998457
0.3719078
0.
0.8021902
0.4048031
0.7644661
0.2848287
0.8548866
0.5087673
0.495092
0.7038227
0.6255534
0.5048992
0.5049175
0.9418254
0.6593583
0.7054042
0.647462
0.6652249
0.7056756
0.618579
0.6415158
0.7112225
0.7165832
0.6716913
0.7218638
0.6971105
0.6298653
0.7081166
0.6646817
0.7225323
0.681651
0.6755922
0.696906
0.6962391
0.6571076
0.6696355
0.6605566
0.7021291
0.7252893
0.661797
0.7250759
0.7057848
0.7094519
0.6240524
0.9363507
0.9619772
0.8062021
0.9920807
0.9190489
0.9485277
0.8309634
0.9432323
0.991167
0.9944738
0.9485351
0.9251152
0.9082493
0.8073334
0.8961672
0.9672298
0.8756305
0.872489
0.8030649
0.8032875
0.8073581
0.851018
0.8025563
0.9100146
0.912283
0.9079867
0.815147
0.8946893
0.8031155
0.8021624
0.8035879
0.8046453
0.8015315
0.8308103
0.8066527
0.9557842
0.8073062
0.9939465
0.8021339
0.8016672
0.9032911
0.8227892
0.9459339
0.8341135
0.9590246
0.8196562
0.8071979
0.9330901
0.8046477
0.8025908
0.8173645
0.9494184
0.94647
0.9511778
0.8077389
0.9376075
0.8047137
0.8021902
0.
0.8073734
0.8663616
0.8029222
0.898758
0.8154868
0.8152741
0.8506458
0.8388659
0.8164072
0.8163869
0.95105
0.8472434
0.8550966
0.8436657
0.8481252
0.8589431
0.8399468
0.8417504
0.858075
0.8587354
0.847919
0.8609975
0.8533938
0.8396199
0.8583808
0.8461447
0.8580597
0.8495509
0.8475533
0.8559619
0.8521434
0.844897
0.8506192
0.8468597
0.8568378
0.8625068
0.8435147
0.8588097
0.8568752
0.8573826
0.8377934
0.8933678
0.9367472
0.4499618
0.9919353
0.8524635
0.9416456
0.6041995
0.9079377
0.9906512
0.9935701
0.9211635
0.8710218
0.8813996
0.2418123
0.8208808
0.9501444
0.7846363
0.7619563
0.4319632
0.4356142
0.4473372
0.7058688
0.4037641
0.8471026
0.8585934
0.8342174
0.5248606
0.8476855
0.4073566
0.3988643
0.4100275
0.4323102
0.3962145
0.6372341
0.480922
0.9579998
0.4474625
0.9939936
0.4130609
0.3790271
0.8442944
0.5895691
0.9077103
0.6225071
0.9476879
0.5652911
0.4468206
0.9134658
0.4329673
0.3895305
0.5004762
0.9116742
0.9059977
0.9185411
0.0231951
0.8953535
0.4272471
0.4048031
0.8073734
0.
0.7623976
0.3776354
0.8499974
0.5317926
0.514878
0.706411
0.6412652
0.5292698
0.5292898
0.9375794
0.6623854
0.7059069
0.653541
0.6689306
0.703904
0.6259775
0.6488668
0.7097616
0.7150411
0.6730093
0.7213938
0.6977924
0.6369655
0.7069522
0.6684961
0.7196457
0.6842957
0.6773541
0.6972526
0.6968305
0.6609191
0.6713422
0.6652771
0.7008702
0.7256648
0.6658755
0.7245112
0.7052354
0.7074919
0.6335694
0.9084424
0.9380012
0.7650329
0.990799
0.8845732
0.952307
0.7966869
0.9176003
0.9895227
0.9923659
0.9343595
0.8940007
0.901183
0.7632013
0.8699577
0.94515
0.8492529
0.8440695
0.7620307
0.7654542
0.7667034
0.8211645
0.7665836
0.8766544
0.8821765
0.8788063
0.7723415
0.8820846
0.7664954
0.7674416
0.7660848
0.7658382
0.7683463
0.8082163
0.773785
0.9630325
0.766814
0.9933748
0.762778
0.7697344
0.8849793
0.78998
0.9235774
0.7995425
0.951151
0.7840192
0.7679064
0.9201931
0.765017
0.7655153
0.7706365
0.92199
0.9176886
0.9268012
0.7624193
0.9099103
0.7625743
0.7644661
0.8663616
0.7623976
0.
0.7614365
0.7908103
0.7731744
0.7712753
0.8175024
0.8056417
0.7724949
0.772505
0.9320447
0.7873931
0.8034506
0.7879668
0.7913607
0.801574
0.782503
0.7863849
0.7999703
0.8036429
0.7933041
0.8078323
0.7988266
0.7838137
0.8027804
0.7885051
0.8043691
0.7958296
0.7928947
0.799237
0.7978898
0.7891988
0.7947419
0.7917404
0.7997892
0.8066626
0.7909598
0.8100063
0.7999342
0.8040787
0.7855977
0.9050941
0.9453837
0.3612076
0.992607
0.8653939
0.9435512
0.5688475
0.9192177
0.991517
0.9940201
0.9270737
0.880779
0.8915854
0.3680988
0.8326419
0.9566141
0.7911488
0.7661798
0.3365281
0.3214644
0.362282
0.7045748
0.2740689
0.8603739
0.872367
0.8437401
0.4984434
0.8566122
0.2724245
0.2523149
0.2716339
0.32684
0.253799
0.6124231
0.3866758
0.9555458
0.3622705
0.994374
0.303184
0.2062659
0.8556113
0.5484736
0.9137261
0.5838293
0.9511564
0.5220764
0.3545419
0.9209264
0.3435009
0.22442
0.4791599
0.9204472
0.9156881
0.9274687
0.3885751
0.9061672
0.3338846
0.2848287
0.8029222
0.3776354
0.7614365
0.
0.8543535
0.5001755
0.486496
0.7044488
0.613529
0.4981871
0.4982164
0.9457981
0.6581985
0.7093752
0.6464747
0.6652972
0.7078081
0.6149803
0.6400987
0.7155601
0.7191572
0.6716703
0.7254095
0.6995199
0.6268939
0.7108449
0.6657686
0.725263
0.6830437
0.6763075
0.7004426
0.6984226
0.656398
0.6704015
0.6599996
0.7054104
0.7296882
0.663352
0.7269761
0.7080762
0.7115719
0.6213742
0.9192852
0.9424923
0.851712
0.9907637
0.9026055
0.9592022
0.8631806
0.9233331
0.9893835
0.9912086
0.9416983
0.9119782
0.916127
0.8503849
0.896356
0.9451635
0.8842905
0.8858
0.8519745
0.8545107
0.8540339
0.8739445
0.8560897
0.8989223
0.899056
0.9022078
0.8489842
0.9055649
0.855459
0.8570781
0.8556949
0.8537974
0.8570536
0.8677442
0.8561348
0.9668379
0.8538818
0.9934861
0.8525308
0.8592432
0.9068891
0.8604768
0.9325418
0.8647095
0.9546123
0.8571127
0.8539871
0.9269255
0.8516421
0.8566158
0.8494273
0.9306577
0.9266409
0.9324574
0.8497022
0.9199271
0.8516655
0.8548866
0.898758
0.8499974
0.7908103
0.8543535
0.
0.8488791
0.8481146
0.8707546
0.8674195
0.8482702
0.8482579
0.9349862
0.8497709
0.8557175
0.849883
0.8501096
0.8560716
0.8495714
0.8493774
0.8549929
0.855543
0.8515226
0.8573451
0.8534613
0.8489821
0.8564192
0.8507165
0.8557986
0.8540072
0.8512147
0.8541863
0.8546898
0.8508051
0.8532099
0.8504723
0.8532039
0.8563338
0.8514377
0.8587553
0.853732
0.8602714
0.8493779
0.8949865
0.9367276
0.4818748
0.9916505
0.8555514
0.9425491
0.6461372
0.9092818
0.9903805
0.9932498
0.9234768
0.874438
0.8823718
0.5323464
0.8276696
0.9477979
0.7933034
0.7794759
0.5112366
0.5221728
0.5286743
0.7272323
0.505332
0.8489188
0.8602985
0.8417468
0.3888879
0.8514141
0.506224
0.5018156
0.5043696
0.5145732
0.5093448
0.6744606
0.5492899
0.956904
0.5290382
0.9936629
0.4959468
0.4910914
0.8475693
0.6335261
0.9100509
0.6593144
0.9476695
0.6200797
0.5208966
0.9147332
0.5208564
0.4963656
0.5838667
0.9116376
0.9064061
0.9175252
0.534436
0.8954758
0.514975
0.5087673
0.8154868
0.5317926
0.7731744
0.5001755
0.8488791
0.
0.4189647
0.7259186
0.6727428
0.1326487
0.1327579
0.9374949
0.6917755
0.7260426
0.6869072
0.6957073
0.7268397
0.6664646
0.682727
0.7303219
0.7347754
0.7018788
0.7394228
0.7219478
0.6715395
0.7292997
0.6946094
0.7378084
0.7081076
0.7067557
0.7216433
0.7205651
0.6909854
0.7019381
0.6913269
0.7247446
0.740434
0.6952939
0.7392161
0.727208
0.7297807
0.668602
0.8949492
0.9365401
0.4835207
0.9915176
0.8543837
0.9415661
0.6445487
0.9095655
0.9907687
0.9929185
0.9227697
0.8744205
0.8828393
0.5040002
0.8255398
0.9486644
0.7911751
0.7788701
0.5125642
0.5102209
0.5191615
0.7191899
0.495958
0.8509622
0.8612517
0.8401171
0.4280792
0.8520234
0.5012079
0.4946705
0.4974607
0.5115916
0.4899678
0.6704811
0.5450212
0.9576388
0.5193104
0.9937797
0.4960723
0.4874832
0.8478155
0.6316872
0.9096868
0.6573628
0.9471617
0.6130135
0.515661
0.9138033
0.5098525
0.4892793
0.5579302
0.9118989
0.90731
0.9187671
0.5171797
0.8961269
0.5105038
0.495092
0.8152741
0.514878
0.7712753
0.486496
0.8481146
0.4189647
0.
0.7194764
0.6717973
0.3832942
0.3833286
0.9361718
0.6903798
0.7223805
0.6802131
0.6921424
0.7248214
0.6618291
0.6766915
0.728425
0.7313739
0.6979598
0.736201
0.7178479
0.66741
0.7257807
0.6922498
0.7386547
0.708148
0.701336
0.717432
0.7165219
0.6871945
0.6959972
0.6908376
0.7182517
0.7405459
0.6892861
0.7402346
0.7235358
0.7266683
0.6672925
0.8687058
0.9154099
0.7093395
0.9911559
0.8323404
0.939037
0.7064836
0.8889145
0.9899009
0.992552
0.9072109
0.8612553
0.8708099
0.7047741
0.809866
0.9410152
0.7862773
0.7931178
0.702029
0.704885
0.7038422
0.4336206
0.7013613
0.827665
0.8375966
0.8329241
0.7195378
0.8473885
0.7024348
0.6998159
0.7026052
0.7024532
0.7012667
0.7373212
0.7161822
0.9584343
0.7037027
0.9944488
0.7089329
0.701982
0.8334772
0.7224058
0.8981666
0.7179489
0.9421209
0.7159011
0.7057541
0.9016476
0.7046031
0.7022854
0.7148708
0.8913802
0.8843367
0.8931087
0.7075816
0.8675142
0.7086107
0.7038227
0.8506458
0.706411
0.8175024
0.7044488
0.8707546
0.7259186
0.7194764
0.
0.7192179
0.7244071
0.7244081
0.9394398
0.7576871
0.7803541
0.7571613
0.7616345
0.7784134
0.7484582
0.7573102
0.7842602
0.7823896
0.7649303
0.7858735
0.7738369
0.7515112
0.7807698
0.7607731
0.7876999
0.7715278
0.7683554
0.7751983
0.7776853
0.7626201
0.7653919
0.7626217
0.7744347
0.7900317
0.7582508
0.7890647
0.781981
0.7828245
0.7471789
0.8789932
0.922165
0.6348366
0.9916527
0.8415955
0.9429303
0.5008617
0.897367
0.9904828
0.9927026
0.9122422
0.8665919
0.874503
0.6381258
0.8210161
0.9450031
0.7953955
0.7804153
0.6337348
0.6292616
0.6352016
0.7149967
0.6215971
0.842983
0.8520415
0.8336245
0.6711973
0.8467314
0.6198912
0.6176053
0.6200373
0.6311262
0.6185022
0.7097462
0.6473294
0.9579458
0.6353044
0.993932
0.6299411
0.6126682
0.8379222
0.6727904
0.900576
0.5440736
0.9458974
0.6695892
0.6335921
0.9066923
0.6368853
0.6145567
0.6670066
0.8964619
0.8891794
0.9027655
0.6439212
0.8803193
0.6329737
0.6255534
0.8388659
0.6412652
0.8056417
0.613529
0.8674195
0.6727428
0.6717973
0.7192179
0.
0.6722483
0.6722788
0.9400276
0.732386
0.7595376
0.7282618
0.73455
0.7574889
0.7143214
0.7249169
0.763534
0.7638688
0.7398085
0.7673499
0.7531025
0.7169332
0.761815
0.7352691
0.768171
0.7444138
0.7424252
0.7531029
0.7544494
0.7310413
0.7377261
0.7298725
0.7594334
0.7694073
0.7345804
0.7665064
0.7609306
0.7584129
0.7186466
0.895087
0.9365865
0.4910855
0.9915082
0.8555473
0.9427583
0.6453322
0.9096653
0.9903556
0.9932902
0.9229645
0.8743255
0.8826064
0.5299172
0.827077
0.9476345
0.7930486
0.7793477
0.5132365
0.5247807
0.5285924
0.7256602
0.5055186
0.8493872
0.8611375
0.8416082
0.3221878
0.8515725
0.5070234
0.501103
0.5027613
0.5141761
0.5077757
0.6739898
0.552359
0.9574593
0.5289992
0.9936103
0.4919552
0.4932062
0.8476852
0.6338908
0.909577
0.6585466
0.9476482
0.6215479
0.5188687
0.9145813
0.522582
0.4971225
0.5821652
0.9113305
0.9069112
0.9175898
0.5319953
0.8954726
0.5199437
0.5048992
0.8164072
0.5292698
0.7724949
0.4981871
0.8482702
0.1326487
0.3832942
0.7244071
0.6722483
0.
0.0002613
0.9378092
0.6910259
0.7260665
0.68673
0.6952598
0.7271724
0.6657692
0.6820537
0.7300546
0.7336989
0.7004955
0.7393787
0.7204064
0.6710778
0.7284943
0.6952693
0.73755
0.7077198
0.704873
0.7213064
0.719912
0.6892222
0.7015744
0.6907413
0.7238479
0.7395308
0.6950456
0.7389006
0.7262139
0.7295712
0.6690951
0.8950919
0.9365846
0.4911357
0.9915079
0.8555193
0.9427412
0.6453619
0.9096706
0.9903553
0.99329
0.9229934
0.8743219
0.8826189
0.5299225
0.8270644
0.9476329
0.7930749
0.7793498
0.5132486
0.5247925
0.5286263
0.7256456
0.5055502
0.849375
0.8611255
0.8416118
0.3222351
0.851529
0.5070617
0.5011274
0.5027929
0.5141951
0.5077868
0.6739823
0.5523573
0.957458
0.529033
0.9936101
0.4919884
0.4932296
0.8476572
0.6339425
0.9095822
0.6585764
0.9476466
0.6215251
0.518881
0.9145632
0.5226299
0.49714
0.5821866
0.9113437
0.9069164
0.9175715
0.5320154
0.8954776
0.5199628
0.5049175
0.8163869
0.5292898
0.772505
0.4982164
0.8482579
0.1327579
0.3833286
0.7244081
0.6722788
0.0002613
0.
0.9378073
0.6910342
0.7260597
0.686793
0.6952366
0.7271815
0.6657458
0.682054
0.7300478
0.7336762
0.7004803
0.739396
0.7204312
0.6710779
0.7285113
0.6952856
0.7375673
0.7076888
0.7048816
0.7213153
0.7199209
0.6892226
0.701575
0.6907733
0.7238251
0.7394921
0.6950304
0.738902
0.7261752
0.7295882
0.6691107
0.9367903
0.9420461
0.940054
0.9891935
0.9326602
0.9683758
0.9411809
0.9400506
0.9897204
0.9914087
0.9465734
0.9365157
0.9385889
0.9378729
0.9349122
0.9539577
0.9406741
0.936006
0.9408581
0.9414641
0.940122
0.9377502
0.9424102
0.9325121
0.932767
0.9357382
0.9379136
0.9438807
0.9424526
0.9435251
0.942655
0.9412837
0.9432775
0.9377671
0.9426774
0.9780782
0.9401196
0.9936436
0.9419967
0.9449302
0.9385801
0.9409752
0.9464834
0.9425134
0.9645196
0.939146
0.9404119
0.948238
0.9411926
0.9438489
0.9311603
0.9414459
0.9420646
0.9398537
0.9371673
0.936491
0.9405082
0.9418254
0.95105
0.9375794
0.9320447
0.9457981
0.9349862
0.9374949
0.9361718
0.9394398
0.9400276
0.9378092
0.9378073
0.
0.9285562
0.9275209
0.9296563
0.9273874
0.9285416
0.9294081
0.9286469
0.9270816
0.9273001
0.9289612
0.9268088
0.9272512
0.9293
0.9253411
0.9288387
0.9285576
0.9299204
0.9286338
0.9276708
0.9286797
0.9279295
0.9280849
0.9290706
0.9276899
0.9294277
0.9294062
0.9280716
0.9277922
0.9295174
0.9298432
0.8738794
0.9157964
0.6659122
0.9912424
0.8370593
0.9419727
0.7143731
0.8875045
0.98972
0.9923513
0.9089572
0.8598777
0.8735986
0.6624334
0.8219995
0.9373339
0.8089872
0.7797735
0.661543
0.6622774
0.6637079
0.7567709
0.6562466
0.8382217
0.8469743
0.8298279
0.6907088
0.8500504
0.6556758
0.655691
0.6563186
0.6596748
0.6565032
0.7172589
0.6847729
0.9613318
0.6638955
0.9943099
0.6615524
0.6547762
0.8423631
0.7129605
0.895742
0.7290299
0.9417586
0.6969486
0.6635296
0.9045499
0.6660777
0.6548772
0.6704345
0.8933166
0.8877234
0.8970199
0.6641137
0.87724
0.6613433
0.6593583
0.8472434
0.6623854
0.7873931
0.6581985
0.8497709
0.6917755
0.6903798
0.7576871
0.732386
0.6910259
0.6910342
0.9285562
0.
0.7303435
0.7033877
0.7080721
0.7288198
0.6909808
0.7007196
0.7335046
0.7337246
0.7093365
0.7409029
0.7266855
0.6925827
0.7317104
0.707985
0.7428384
0.7191022
0.7154376
0.7239933
0.7281579
0.7061742
0.7111495
0.7077295
0.731578
0.7452948
0.7101903
0.7450114
0.7305449
0.7339096
0.6951956
0.8736652
0.9139257
0.7084455
0.9906468
0.8353238
0.9429741
0.7431002
0.8886275
0.9896874
0.9920341
0.909729
0.8595183
0.8753211
0.7045429
0.8281422
0.9379834
0.818186
0.7924477
0.7072244
0.7082216
0.7075187
0.7779125
0.7045063
0.8421075
0.8497642
0.833434
0.7255414
0.8540716
0.7042936
0.7045646
0.7038592
0.7050393
0.7047443
0.744748
0.7272597
0.9627245
0.7075012
0.9937797
0.7079569
0.7054123
0.8462002
0.7435904
0.895792
0.7573339
0.9426372
0.7321832
0.7075553
0.9046299
0.7097227
0.7040903
0.707213
0.8942838
0.8872251
0.8966506
0.7067355
0.8760538
0.7072396
0.7054042
0.8550966
0.7059069
0.8034506
0.7093752
0.8557175
0.7260426
0.7223805
0.7803541
0.7595376
0.7260665
0.7260597
0.9275209
0.7303435
0.
0.7268737
0.7280255
0.7448039
0.7178684
0.7242996
0.7491395
0.7509176
0.7322566
0.7559637
0.7439375
0.7195255
0.7481017
0.7301799
0.7603905
0.7386001
0.7321166
0.7435556
0.7461896
0.7293956
0.7321297
0.7300072
0.7472331
0.7584428
0.7327895
0.7579374
0.7490858
0.7514409
0.7214573
0.878506
0.9211605
0.6549276
0.9909909
0.840088
0.9424909
0.7076763
0.893258
0.9896619
0.9925385
0.9112011
0.8606882
0.877596
0.6526243
0.8249707
0.9403912
0.8077595
0.780013
0.652457
0.6530191
0.654537
0.7587429
0.647478
0.8422841
0.8495318
0.8312672
0.6828696
0.8516059
0.6463121
0.6454329
0.6473202
0.6504212
0.6452045
0.7150786
0.6764441
0.9603892
0.6544486
0.9935607
0.651687
0.6439778
0.8452278
0.7084402
0.8983538
0.7235143
0.9430672
0.6930454
0.6552676
0.9052141
0.6557361
0.6432054
0.6600664
0.8961984
0.8904568
0.9021336
0.6552256
0.8818913
0.6514448
0.647462
0.8436657
0.653541
0.7879668
0.6464747
0.849883
0.6869072
0.6802131
0.7571613
0.7282618
0.68673
0.686793
0.9296563
0.7033877
0.7268737
0.
0.7065738
0.7283917
0.6873855
0.6983182
0.7322447
0.7328013
0.7082377
0.7396105
0.7250922
0.6918497
0.7307072
0.7049277
0.7405403
0.7158465
0.7134971
0.7233811
0.725025
0.7029652
0.7080721
0.705001
0.72863
0.7430656
0.7102826
0.7414231
0.7290055
0.7348181
0.6908057
0.8739011
0.9168796
0.6695892
0.990894
0.83597
0.9424701
0.7186187
0.8899005
0.9893456
0.9923113
0.908964
0.8596782
0.8731628
0.6668228
0.8235801
0.9374695
0.8083252
0.7810905
0.6689542
0.6690636
0.6691102
0.7606914
0.6640247
0.8400039
0.8471452
0.8267664
0.694423
0.8516735
0.6626459
0.662058
0.6630567
0.6673542
0.6629671
0.7203941
0.6914949
0.9617029
0.6689742
0.993898
0.66701
0.6621576
0.8426761
0.7159703
0.896025
0.7342341
0.9417817
0.70206
0.6706908
0.9029491
0.6716725
0.6606706
0.676091
0.8928688
0.8873015
0.8985155
0.6700498
0.8773861
0.6679862
0.6652249
0.8481252
0.6689306
0.7913607
0.6652972
0.8501096
0.6957073
0.6921424
0.7616345
0.73455
0.6952598
0.6952366
0.9273874
0.7080721
0.7280255
0.7065738
0.
0.727059
0.6915637
0.702355
0.7352084
0.7355147
0.7107768
0.7397256
0.7283096
0.6979868
0.7313921
0.7107904
0.7420383
0.7216385
0.7169042
0.7256408
0.728357
0.7055454
0.7164032
0.7083706
0.7292031
0.7435043
0.7104155
0.7444467
0.7286999
0.7389677
0.6982295
0.8771612
0.915471
0.7077953
0.9908599
0.8393323
0.9432615
0.7433271
0.8896249
0.9889636
0.9923111
0.9093271
0.8623138
0.8745002
0.7043685
0.8287571
0.9363785
0.8192235
0.7955937
0.7062709
0.7079787
0.7074881
0.777252
0.7035794
0.8408572
0.8516108
0.8356317
0.7261222
0.8551782
0.7036992
0.7029346
0.7038281
0.7054825
0.7039786
0.7438089
0.7258794
0.9628271
0.7075249
0.99338
0.7073475
0.7050274
0.8479303
0.7448904
0.8962739
0.7562473
0.9428428
0.7322426
0.7079823
0.9034
0.7098643
0.7035882
0.7047752
0.8950537
0.8877631
0.8971898
0.7046136
0.8778512
0.7056624
0.7056756
0.8589431
0.703904
0.801574
0.7078081
0.8560716
0.7268397
0.7248214
0.7784134
0.7574889
0.7271724
0.7271815
0.9285416
0.7288198
0.7448039
0.7283917
0.727059
0.
0.7177754
0.7248814
0.7500642
0.7528546
0.7301475
0.7553974
0.7452584
0.7203955
0.7462732
0.7297622
0.7574165
0.7408963
0.737516
0.7435874
0.7467919
0.728925
0.7336142
0.7294023
0.747914
0.7596156
0.7312695
0.7610576
0.7480202
0.7539933
0.7245484
0.8803822
0.9215449
0.6306525
0.9913121
0.8393882
0.940691
0.6947151
0.8938798
0.9896501
0.992375
0.9124306
0.8625313
0.8751783
0.6262507
0.8202249
0.9417884
0.8039094
0.7785633
0.6265759
0.6263589
0.6286393
0.7484695
0.6172221
0.8390918
0.8504502
0.830472
0.6622784
0.8506294
0.616903
0.6151287
0.616264
0.622648
0.6158957
0.7021131
0.6520938
0.9600614
0.6287859
0.9937455
0.6230966
0.611546
0.8438772
0.6907026
0.8982733
0.7090003
0.9434195
0.6730823
0.6285687
0.9051709
0.6292111
0.6118308
0.6417681
0.8989508
0.8935142
0.9035382
0.6278361
0.8816197
0.6247234
0.618579
0.8399468
0.6259775
0.782503
0.6149803
0.8495714
0.6664646
0.6618291
0.7484582
0.7143214
0.6657692
0.6657458
0.9294081
0.6909808
0.7178684
0.6873855
0.6915637
0.7177754
0.
0.6844541
0.7233276
0.725713
0.6983471
0.7310519
0.7141473
0.6765827
0.7215635
0.6966334
0.7336833
0.7099285
0.7014163
0.7141145
0.7187836
0.6900424
0.6999645
0.6943145
0.7198064
0.7379068
0.6951902
0.7334917
0.7209079
0.7261921
0.6783698
0.8791822
0.9196007
0.6505419
0.9911121
0.8376837
0.9409259
0.7060915
0.8923617
0.9896354
0.9923913
0.9101726
0.861024
0.8752577
0.6460379
0.8245936
0.9403802
0.8086589
0.7796997
0.6484717
0.649275
0.651235
0.7546739
0.6415041
0.8409969
0.8503851
0.8301485
0.6793945
0.850617
0.6416724
0.6400463
0.6412806
0.6466191
0.6397077
0.7114299
0.6721618
0.9597891
0.6513052
0.9935564
0.6458939
0.6381415
0.8440412
0.7003521
0.8968986
0.7195525
0.9440132
0.6876054
0.6509558
0.9050431
0.6514361
0.6377782
0.6553158
0.8965514
0.8898914
0.9005972
0.6509272
0.8796141
0.6468184
0.6415158
0.8417504
0.6488668
0.7863849
0.6400987
0.8493774
0.682727
0.6766915
0.7573102
0.7249169
0.6820537
0.682054
0.9286469
0.7007196
0.7242996
0.6983182
0.702355
0.7248814
0.6844541
0.
0.7305469
0.7332276
0.7041957
0.7350849
0.7226069
0.6876888
0.7270306
0.7038037
0.7393372
0.71581
0.7098806
0.7214292
0.7228332
0.6988159
0.7067252
0.700552
0.7253858
0.7407186
0.7073711
0.7409562
0.7269752
0.7314658
0.6873428
0.8775814
0.9168873
0.7123998
0.9907763
0.8437135
0.9438935
0.7509663
0.8893967
0.989599
0.9922828
0.9121557
0.8650611
0.876965
0.7093652
0.8311436
0.9373946
0.820898
0.7990844
0.712621
0.7144584
0.7131367
0.7832109
0.7106409
0.8434678
0.8530587
0.837602
0.7298721
0.858024
0.7110933
0.7111552
0.7107109
0.7112212
0.7118542
0.7500932
0.7307353
0.9626689
0.7133909
0.9936035
0.711718
0.7124091
0.8506892
0.7501481
0.8994083
0.7631515
0.9419452
0.7383143
0.7140342
0.9059617
0.7146784
0.7101785
0.713508
0.8950305
0.8897504
0.8979584
0.7103049
0.8786556
0.7116559
0.7112225
0.858075
0.7097616
0.7999703
0.7155601
0.8549929
0.7303219
0.728425
0.7842602
0.763534
0.7300546
0.7300478
0.9270816
0.7335046
0.7491395
0.7322447
0.7352084
0.7500642
0.7233276
0.7305469
0.
0.7554455
0.7381319
0.7608935
0.7501581
0.7263178
0.752548
0.7344876
0.7632235
0.7450201
0.7386903
0.7483781
0.7496229
0.7347247
0.7399194
0.7360736
0.7535199
0.760994
0.7396512
0.765801
0.7515533
0.7592539
0.7283608
0.8753089
0.9133631
0.7174133
0.990733
0.8395387
0.9436112
0.7501568
0.8891263
0.9888092
0.9917563
0.9081357
0.8632204
0.8749441
0.7136696
0.8283731
0.9345161
0.8194364
0.7991207
0.7164554
0.7173265
0.7171216
0.7819149
0.7151591
0.8433614
0.8505918
0.836746
0.7326679
0.8565668
0.7152479
0.7156955
0.7150621
0.7164269
0.7156543
0.7502037
0.7339271
0.963074
0.7169484
0.9939958
0.7166766
0.7167315
0.8495581
0.7507395
0.8967017
0.762954
0.9422197
0.7395464
0.7180132
0.9041589
0.7190442
0.7158929
0.7134051
0.8928759
0.8864754
0.8974089
0.7157714
0.8760472
0.7167977
0.7165832
0.8587354
0.7150411
0.8036429
0.7191572
0.855543
0.7347754
0.7313739
0.7823896
0.7638688
0.7336989
0.7336762
0.9273001
0.7337246
0.7509176
0.7328013
0.7355147
0.7528546
0.725713
0.7332276
0.7554455
0.
0.7382958
0.7589231
0.7501402
0.727368
0.7553933
0.7369872
0.7613092
0.7444345
0.7422976
0.748688
0.7521223
0.7322953
0.742045
0.7378097
0.7511523
0.7626076
0.7389023
0.7634612
0.7548744
0.7581518
0.7289777
0.8758367
0.9167595
0.674708
0.9910876
0.8373874
0.9429029
0.7228989
0.8902547
0.9895472
0.9926616
0.9099145
0.8596835
0.87406
0.6715869
0.8261562
0.9380239
0.8110381
0.7854545
0.674242
0.6744822
0.6755601
0.7633802
0.6690094
0.8388779
0.8487852
0.8292851
0.6998315
0.8522872
0.6698009
0.6697957
0.6701986
0.6720026
0.669863
0.7253972
0.6965545
0.9601801
0.6755278
0.9939666
0.6732643
0.6688712
0.8434163
0.7202281
0.8965031
0.7381579
0.9437378
0.7074441
0.6755614
0.9032176
0.6769795
0.6670442
0.6789771
0.8933836
0.885854
0.8995469
0.6742482
0.8775218
0.6744348
0.6716913
0.847919
0.6730093
0.7933041
0.6716703
0.8515226
0.7018788
0.6979598
0.7649303
0.7398085
0.7004955
0.7004803
0.9289612
0.7093365
0.7322566
0.7082377
0.7107768
0.7301475
0.6983471
0.7041957
0.7381319
0.7382958
0.
0.7425188
0.7312797
0.7016804
0.7349348
0.7140174
0.7460805
0.7261296
0.7216647
0.7288552
0.7319669
0.7123872
0.7182468
0.7132662
0.7341334
0.7456659
0.7141885
0.7464542
0.7365252
0.7411048
0.7015333
0.8785528
0.9152209
0.7240965
0.9917968
0.8449282
0.9448595
0.7554042
0.8915773
0.9893882
0.991912
0.9104402
0.8648989
0.8769145
0.7193384
0.8332316
0.9385093
0.8243955
0.7993073
0.7222842
0.724352
0.7222478
0.7839809
0.7208369
0.8455832
0.8551493
0.8390796
0.7380614
0.8575515
0.721101
0.7209247
0.7205357
0.7225303
0.7213559
0.7586503
0.7400274
0.9612249
0.7224064
0.9934882
0.7232171
0.7227635
0.8530314
0.7535939
0.9001655
0.765595
0.9418819
0.7443422
0.7236618
0.9035397
0.7264376
0.7210537
0.719929
0.8962193
0.8891511
0.8992944
0.7220138
0.8807143
0.721885
0.7218638
0.8609975
0.7213938
0.8078323
0.7254095
0.8573451
0.7394228
0.736201
0.7858735
0.7673499
0.7393787
0.739396
0.9268088
0.7409029
0.7559637
0.7396105
0.7397256
0.7553974
0.7310519
0.7350849
0.7608935
0.7589231
0.7425188
0.
0.7544111
0.7312822
0.7580994
0.7397799
0.7659703
0.748129
0.7456483
0.7536255
0.7553834
0.7397637
0.7446763
0.7409363
0.7580936
0.7670133
0.7436395
0.7673281
0.7584243
0.760294
0.733965
0.876069
0.9173513
0.6998079
0.9911148
0.8412612
0.9420936
0.7389477
0.891687
0.9897815
0.9919103
0.9113598
0.8629536
0.8773799
0.6964618
0.8286065
0.9390244
0.8175208
0.7926581
0.6992491
0.7012767
0.7008495
0.7732284
0.6971821
0.8424681
0.8533045
0.8355553
0.7186352
0.8526163
0.6963519
0.6968962
0.6963076
0.6982005
0.6968805
0.740632
0.7195241
0.9613101
0.7008249
0.993679
0.6994053
0.6959132
0.847025
0.7359667
0.8985288
0.7528088
0.9426253
0.7251173
0.7026574
0.9043332
0.7023452
0.6958968
0.7005091
0.8943251
0.888132
0.8993961
0.69848
0.8765529
0.7005508
0.6971105
0.8533938
0.6977924
0.7988266
0.6995199
0.8534613
0.7219478
0.7178479
0.7738369
0.7531025
0.7204064
0.7204312
0.9272512
0.7266855
0.7439375
0.7250922
0.7283096
0.7452584
0.7141473
0.7226069
0.7501581
0.7501402
0.7312797
0.7544111
0.
0.7191651
0.7481352
0.7298813
0.7554349
0.7367938
0.7326644
0.7403907
0.7422483
0.7245236
0.7313896
0.7270456
0.7446975
0.759412
0.7286493
0.7565411
0.7472778
0.7524072
0.7149307
0.8776874
0.9211429
0.6382468
0.9911932
0.8388996
0.942798
0.6959901
0.8924917
0.9898199
0.9922082
0.9111219
0.8610568
0.8745121
0.6342187
0.8214173
0.9404232
0.801284
0.7772372
0.6362574
0.6351262
0.6395198
0.7502508
0.6288959
0.8388264
0.8484197
0.828375
0.6690207
0.8487795
0.6277933
0.6267941
0.628197
0.6340519
0.627031
0.7061049
0.661488
0.960056
0.6390916
0.9936779
0.6328597
0.6243841
0.8403127
0.6974617
0.8982501
0.713034
0.9440038
0.6797536
0.6395546
0.9067488
0.639745
0.6240067
0.6478644
0.8962423
0.8903354
0.9013243
0.6391102
0.8791818
0.6347699
0.6298653
0.8396199
0.6369655
0.7838137
0.6268939
0.8489821
0.6715395
0.66741
0.7515112
0.7169332
0.6710778
0.6710779
0.9293
0.6925827
0.7195255
0.6918497
0.6979868
0.7203955
0.6765827
0.6876888
0.7263178
0.727368
0.7016804
0.7312822
0.7191651
0.
0.7221671
0.6967655
0.7355656
0.7076494
0.7034076
0.7173674
0.7177021
0.6939525
0.7023885
0.6954319
0.7245433
0.7377093
0.699131
0.7374996
0.7219692
0.7263048
0.6816594
0.8766848
0.916887
0.7094853
0.9910225
0.8401462
0.9433813
0.7478763
0.891536
0.9890931
0.9919725
0.9100075
0.8643019
0.8768597
0.7064962
0.8297211
0.9364554
0.8194926
0.7957202
0.7087961
0.7097782
0.7098404
0.7799343
0.706637
0.8438614
0.8529245
0.8358557
0.7254904
0.8579439
0.7066524
0.7062138
0.7067145
0.7082887
0.7062596
0.7472665
0.7284953
0.962566
0.7100401
0.9935145
0.7081645
0.7077512
0.8489966
0.7445291
0.8973249
0.759591
0.9431707
0.7315836
0.7094581
0.9049265
0.7119489
0.7061454
0.7087958
0.8952303
0.8888091
0.8990613
0.7077395
0.8796776
0.7080027
0.7081166
0.8583808
0.7069522
0.8027804
0.7108449
0.8564192
0.7292997
0.7257807
0.7807698
0.761815
0.7284943
0.7285113
0.9253411
0.7317104
0.7481017
0.7307072
0.7313921
0.7462732
0.7215635
0.7270306
0.752548
0.7553933
0.7349348
0.7580994
0.7481352
0.7221671
0.
0.7354943
0.7611891
0.7434118
0.7402154
0.7465517
0.7498852
0.729225
0.7372173
0.7328053
0.7492179
0.7613241
0.7344694
0.7602885
0.7494584
0.756898
0.7221198
0.8756583
0.9154849
0.6697581
0.9911697
0.8358583
0.942625
0.7171813
0.8900517
0.9891248
0.992349
0.9107358
0.8597561
0.8749489
0.6684471
0.822522
0.9381997
0.8100375
0.7816758
0.6684464
0.6698943
0.6699672
0.7613402
0.6640274
0.8382173
0.8481366
0.8304278
0.6945439
0.8515304
0.6628689
0.6625573
0.66256
0.6661055
0.6623164
0.7219499
0.689372
0.9616783
0.6697421
0.9938371
0.6659493
0.6626718
0.8436328
0.7162317
0.8960193
0.7328782
0.9436664
0.7031722
0.6708904
0.9040735
0.6704618
0.6617117
0.6754843
0.8949608
0.8881322
0.8986666
0.669788
0.8767954
0.6660428
0.6646817
0.8461447
0.6684961
0.7885051
0.6657686
0.8507165
0.6946094
0.6922498
0.7607731
0.7352691
0.6952693
0.6952856
0.9288387
0.707985
0.7301799
0.7049277
0.7107904
0.7297622
0.6966334
0.7038037
0.7344876
0.7369872
0.7140174
0.7397799
0.7298813
0.6967655
0.7354943
0.
0.742374
0.7222145
0.7165649
0.7281883
0.7308624
0.7076141
0.7174066
0.7108839
0.7306759
0.7453091
0.7109145
0.7482545
0.7319392
0.7376902
0.700882
0.8813198
0.9182178
0.723988
0.9909352
0.8472344
0.9435873
0.7552983
0.8928466
0.9891479
0.9917629
0.9130365
0.8688868
0.8805849
0.7208857
0.8373005
0.9387596
0.8241566
0.8052255
0.7209006
0.7245569
0.722388
0.78581
0.7220783
0.8488682
0.8543451
0.8414664
0.7354525
0.8591314
0.721904
0.7223613
0.722096
0.7215821
0.7224173
0.7598922
0.7389492
0.961956
0.7225941
0.9938575
0.7232414
0.7223109
0.8545138
0.7546352
0.9017229
0.7674842
0.9432097
0.7440321
0.7249829
0.9060458
0.7261674
0.7213686
0.7222032
0.8972049
0.8919127
0.9011835
0.7201291
0.8826641
0.7218896
0.7225323
0.8580597
0.7196457
0.8043691
0.725263
0.8557986
0.7378084
0.7386547
0.7876999
0.768171
0.73755
0.7375673
0.9285576
0.7428384
0.7603905
0.7405403
0.7420383
0.7574165
0.7336833
0.7393372
0.7632235
0.7613092
0.7460805
0.7659703
0.7554349
0.7355656
0.7611891
0.742374
0.
0.754044
0.7486281
0.7551624
0.7587315
0.741563
0.7470797
0.7427877
0.75933
0.7700773
0.7452687
0.7693175
0.7590445
0.7649401
0.7369648
0.8785031
0.919213
0.6852168
0.9913941
0.8408411
0.943115
0.7300334
0.8920745
0.9897369
0.9924199
0.9129104
0.8639416
0.8766709
0.6830587
0.8286068
0.9385086
0.8144857
0.790032
0.6834088
0.6861214
0.6857515
0.7695484
0.6794154
0.8430026
0.8520005
0.8351476
0.7062785
0.8540879
0.6793323
0.6799581
0.6798236
0.6819646
0.6809417
0.7355353
0.7042816
0.9611875
0.6857537
0.9933897
0.6835844
0.6800764
0.8480973
0.7288647
0.8989804
0.7430666
0.9437898
0.7162869
0.6865401
0.9056064
0.6850923
0.6785101
0.6894667
0.8946576
0.8904519
0.9011967
0.6852186
0.8803654
0.6853143
0.681651
0.8495509
0.6842957
0.7958296
0.6830437
0.8540072
0.7081076
0.708148
0.7715278
0.7444138
0.7077198
0.7076888
0.9299204
0.7191022
0.7386001
0.7158465
0.7216385
0.7408963
0.7099285
0.71581
0.7450201
0.7444345
0.7261296
0.748129
0.7367938
0.7076494
0.7434118
0.7222145
0.754044
0.
0.7265925
0.736862
0.7375118
0.7211061
0.7269881
0.722148
0.7416925
0.7547028
0.7231634
0.7528666
0.7412741
0.7462571
0.7108208
0.8757053
0.9175317
0.6816638
0.9912766
0.8387692
0.9433461
0.7237264
0.8920035
0.9895798
0.9920636
0.9093939
0.8613635
0.8756664
0.6760749
0.825151
0.9374893
0.812902
0.7868885
0.6794202
0.6787063
0.6808166
0.7653707
0.6746922
0.8400889
0.8498743
0.8326265
0.7021042
0.8543757
0.6752767
0.6736282
0.6751032
0.6772149
0.6743171
0.7286051
0.6997975
0.9603716
0.6808393
0.9937767
0.678831
0.6739191
0.8456704
0.7246773
0.8971606
0.7397256
0.9426481
0.7091807
0.6798064
0.905167
0.6822079
0.6732831
0.6842791
0.8951773
0.8887517
0.8992649
0.6783284
0.8774466
0.6782506
0.6755922
0.8475533
0.6773541
0.7928947
0.6763075
0.8512147
0.7067557
0.701336
0.7683554
0.7424252
0.704873
0.7048816
0.9286338
0.7154376
0.7321166
0.7134971
0.7169042
0.737516
0.7014163
0.7098806
0.7386903
0.7422976
0.7216647
0.7456483
0.7326644
0.7034076
0.7402154
0.7165649
0.7486281
0.7265925
0.
0.731854
0.7330712
0.7146782
0.7201289
0.7158891
0.7342651
0.7509433
0.7191299
0.7502393
0.7360126
0.7433739
0.7047756
0.8745368
0.9148702
0.7000578
0.9912455
0.8388893
0.9439826
0.7391813
0.8907649
0.9889675
0.9921616
0.9099145
0.8619882
0.8741178
0.6959058
0.8263777
0.9363811
0.8159338
0.7915991
0.6997391
0.699602
0.6990279
0.7743336
0.6972205
0.8423729
0.8494103
0.8325949
0.7193106
0.8550557
0.6969424
0.6972745
0.6973404
0.6992056
0.6966476
0.7415661
0.7186204
0.9624398
0.6990919
0.9938695
0.6992485
0.6967311
0.8473638
0.7363461
0.8971303
0.7534005
0.9419387
0.7255159
0.7014997
0.9025872
0.7012792
0.6953343
0.7020113
0.893386
0.8864784
0.8983824
0.6979481
0.8767815
0.6995748
0.696906
0.8559619
0.6972526
0.799237
0.7004426
0.8541863
0.7216433
0.717432
0.7751983
0.7531029
0.7213064
0.7213153
0.9276708
0.7239933
0.7435556
0.7233811
0.7256408
0.7435874
0.7141145
0.7214292
0.7483781
0.748688
0.7288552
0.7536255
0.7403907
0.7173674
0.7465517
0.7281883
0.7551624
0.736862
0.731854
0.
0.7428856
0.7244142
0.7323611
0.7267601
0.7432201
0.7561972
0.7288438
0.7586632
0.74916
0.7500815
0.7188867
0.8802402
0.9189783
0.6983876
0.9915518
0.8432924
0.9431007
0.7395011
0.8923877
0.989702
0.9925421
0.9132871
0.8644582
0.8768978
0.6950868
0.8334195
0.9389558
0.8209781
0.7958463
0.6972287
0.6991895
0.7003249
0.7764925
0.6948454
0.8456115
0.8539198
0.8370797
0.7184517
0.8563059
0.6952666
0.6958748
0.6954065
0.6961485
0.6950222
0.7434374
0.7176656
0.9618441
0.7006063
0.9936422
0.6975792
0.6966693
0.8503787
0.7379052
0.8997486
0.7519088
0.9435937
0.7248796
0.7004022
0.9060715
0.7019685
0.6947918
0.6986121
0.8981627
0.8923166
0.9010072
0.6979183
0.8808787
0.6974158
0.6962391
0.8521434
0.6968305
0.7978898
0.6984226
0.8546898
0.7205651
0.7165219
0.7776853
0.7544494
0.719912
0.7199209
0.9286797
0.7281579
0.7461896
0.725025
0.728357
0.7467919
0.7187836
0.7228332
0.7496229
0.7521223
0.7319669
0.7553834
0.7422483
0.7177021
0.7498852
0.7308624
0.7587315
0.7375118
0.7330712
0.7428856
0.
0.7242185
0.7335008
0.7275902
0.7473067
0.7609136
0.7308067
0.7612122
0.7481693
0.7541993
0.718562
0.877262
0.919691
0.6619258
0.9910319
0.8391035
0.9422596
0.7127964
0.8917495
0.990064
0.9922122
0.9117305
0.8620713
0.8770691
0.6600533
0.8235495
0.9375849
0.8111609
0.7822991
0.6600866
0.6607117
0.6634435
0.7609191
0.6543187
0.8393858
0.84986
0.8290045
0.6892802
0.8498771
0.6549883
0.6535064
0.6545511
0.6586168
0.6546895
0.7183292
0.6830456
0.9600843
0.6634452
0.9937157
0.6593231
0.6530977
0.8454621
0.7122803
0.8968731
0.7292615
0.9447113
0.6978333
0.6636768
0.9040122
0.6641204
0.6521918
0.6692972
0.8966473
0.8907788
0.9004323
0.6625915
0.8789596
0.6604523
0.6571076
0.844897
0.6609191
0.7891988
0.656398
0.8508051
0.6909854
0.6871945
0.7626201
0.7310413
0.6892222
0.6892226
0.9279295
0.7061742
0.7293956
0.7029652
0.7055454
0.728925
0.6900424
0.6988159
0.7347247
0.7322953
0.7123872
0.7397637
0.7245236
0.6939525
0.729225
0.7076141
0.741563
0.7211061
0.7146782
0.7244142
0.7242185
0.
0.7099367
0.7064912
0.731078
0.7428876
0.7091936
0.7436277
0.7298167
0.7352642
0.6946278
0.8773866
0.9187367
0.6744027
0.991155
0.8374136
0.9423623
0.7207464
0.8929819
0.989522
0.9925616
0.9107066
0.8609804
0.8756693
0.6707399
0.8237692
0.9393676
0.8131109
0.7828621
0.6736363
0.6724958
0.6741088
0.7638976
0.6676057
0.8413163
0.8507038
0.8308549
0.7010984
0.8508287
0.6680134
0.6676751
0.6680745
0.6698616
0.667275
0.7238632
0.6955248
0.9621916
0.6741313
0.9936664
0.672638
0.6668068
0.843129
0.7197005
0.8988358
0.7365771
0.9428556
0.7061371
0.6757254
0.9047111
0.6763294
0.6667575
0.6778404
0.8967788
0.8906184
0.9008256
0.6727728
0.8782319
0.6735914
0.6696355
0.8506192
0.6713422
0.7947419
0.6704015
0.8532099
0.7019381
0.6959972
0.7653919
0.7377261
0.7015744
0.701575
0.9280849
0.7111495
0.7321297
0.7080721
0.7164032
0.7336142
0.6999645
0.7067252
0.7399194
0.742045
0.7182468
0.7446763
0.7313896
0.7023885
0.7372173
0.7174066
0.7470797
0.7269881
0.7201289
0.7323611
0.7335008
0.7099367
0.
0.7131536
0.7346431
0.7494459
0.7173849
0.748516
0.7336607
0.7424013
0.7020869
0.8744059
0.9174758
0.6644199
0.99099
0.8359033
0.942795
0.7135508
0.8900122
0.9894348
0.9919328
0.9097269
0.8602962
0.8746189
0.6625503
0.823766
0.9387384
0.810735
0.7814194
0.6656388
0.6647522
0.6661407
0.758579
0.6598698
0.8382367
0.8485512
0.8296964
0.6925176
0.849488
0.6579844
0.6570742
0.6588209
0.6627506
0.6582937
0.7208043
0.6873401
0.9612305
0.6661561
0.9939628
0.662135
0.6569276
0.8383727
0.7109427
0.8959998
0.727407
0.94323
0.6991743
0.6642682
0.903249
0.6682718
0.655558
0.6707062
0.8944958
0.8883566
0.897676
0.6666398
0.8777019
0.6620732
0.6605566
0.8468597
0.6652771
0.7917404
0.6599996
0.8504723
0.6913269
0.6908376
0.7626217
0.7298725
0.6907413
0.6907733
0.9290706
0.7077295
0.7300072
0.705001
0.7083706
0.7294023
0.6943145
0.700552
0.7360736
0.7378097
0.7132662
0.7409363
0.7270456
0.6954319
0.7328053
0.7108839
0.7427877
0.722148
0.7158891
0.7267601
0.7275902
0.7064912
0.7131536
0.
0.7336471
0.7313925
0.7095603
0.7312464
0.7303703
0.7368815
0.6975441
0.8784188
0.9181598
0.7059046
0.9906346
0.8422353
0.9424123
0.7435361
0.8916188
0.9894202
0.992126
0.9115982
0.8639044
0.8786306
0.6998383
0.826717
0.9396455
0.8159417
0.7957321
0.7020877
0.7063439
0.7037845
0.7739993
0.7009198
0.8426804
0.8507167
0.8385491
0.7196641
0.8565605
0.7020319
0.7008253
0.7021789
0.7021662
0.7018537
0.7422471
0.7223957
0.9619482
0.7037055
0.9941307
0.7044708
0.7019636
0.8469994
0.7434847
0.8992647
0.7570694
0.9437434
0.7290923
0.7065569
0.9047427
0.7053961
0.7011649
0.7029951
0.8975342
0.8913232
0.9004241
0.7012313
0.8785428
0.7040925
0.7021291
0.8568378
0.7008702
0.7997892
0.7054104
0.8532039
0.7247446
0.7182517
0.7744347
0.7594334
0.7238479
0.7238251
0.9276899
0.731578
0.7472331
0.72863
0.7292031
0.747914
0.7198064
0.7253858
0.7535199
0.7511523
0.7341334
0.7580936
0.7446975
0.7245433
0.7492179
0.7306759
0.75933
0.7416925
0.7342651
0.7432201
0.7473067
0.731078
0.7346431
0.7336471
0.
0.761092
0.7208502
0.7610192
0.7471766
0.754501
0.7220745
0.8797823
0.9172057
0.7271379
0.990728
0.8481539
0.9430017
0.7576657
0.8926669
0.9902559
0.9920424
0.9145686
0.8687286
0.879142
0.7220023
0.8373846
0.9372498
0.8267288
0.8055641
0.7260707
0.7276047
0.7286499
0.7899565
0.7273155
0.8506613
0.8547142
0.8419727
0.7436094
0.859676
0.7251533
0.7257688
0.7251585
0.7252604
0.7271065
0.763868
0.7422807
0.9624678
0.7287813
0.9933222
0.7266823
0.727378
0.8528311
0.7560663
0.9013556
0.7687505
0.9432109
0.7466753
0.7277436
0.9061042
0.7316534
0.7256193
0.726695
0.8981825
0.8914423
0.9019393
0.7263117
0.8834416
0.7268598
0.7252893
0.8625068
0.7256648
0.8066626
0.7296882
0.8563338
0.740434
0.7405459
0.7900317
0.7694073
0.7395308
0.7394921
0.9294277
0.7452948
0.7584428
0.7430656
0.7435043
0.7596156
0.7379068
0.7407186
0.760994
0.7626076
0.7456659
0.7670133
0.759412
0.7377093
0.7613241
0.7453091
0.7700773
0.7547028
0.7509433
0.7561972
0.7609136
0.7428876
0.7494459
0.7313925
0.761092
0.
0.7478372
0.751874
0.759806
0.7629448
0.741868
0.8778652
0.9185083
0.669131
0.9909251
0.8370156
0.9419662
0.7173441
0.8903923
0.9893628
0.9922308
0.9102635
0.8600774
0.8733793
0.6640307
0.818488
0.9396044
0.8051582
0.781838
0.6648392
0.6667865
0.6653109
0.7566366
0.659438
0.8356803
0.8481337
0.8304978
0.6899127
0.8497136
0.6616406
0.6594114
0.6610192
0.6612438
0.6599539
0.7202635
0.6886633
0.9616122
0.6655264
0.9936579
0.6653105
0.6592685
0.8414727
0.715388
0.8978845
0.7318028
0.9431875
0.7008171
0.6685893
0.9038161
0.6676015
0.6584352
0.67064
0.8955565
0.8904715
0.8998052
0.6671398
0.8761866
0.6653085
0.661797
0.8435147
0.6658755
0.7909598
0.663352
0.8514377
0.6952939
0.6892861
0.7582508
0.7345804
0.6950456
0.6950304
0.9294062
0.7101903
0.7327895
0.7102826
0.7104155
0.7312695
0.6951902
0.7073711
0.7396512
0.7389023
0.7141885
0.7436395
0.7286493
0.699131
0.7344694
0.7109145
0.7452687
0.7231634
0.7191299
0.7288438
0.7308067
0.7091936
0.7173849
0.7095603
0.7208502
0.7478372
0.
0.748321
0.7336198
0.7386422
0.7000878
0.8789323
0.9151982
0.7238617
0.9907214
0.8427148
0.9445563
0.752032
0.8911426
0.9893825
0.9917695
0.9122338
0.8639455
0.8782509
0.7211375
0.8335707
0.9387032
0.8260712
0.8039489
0.7248702
0.724239
0.7251043
0.7870919
0.7235208
0.8474175
0.8528107
0.8383831
0.7418545
0.8564681
0.7218421
0.7220067
0.7217737
0.7250355
0.7227183
0.7595709
0.7427705
0.9631094
0.72502
0.994408
0.7240157
0.7240276
0.8491075
0.7545015
0.9002547
0.7638736
0.9433155
0.743886
0.724265
0.9059897
0.7271748
0.7217186
0.7228791
0.8955861
0.8896463
0.9001312
0.7251676
0.8813637
0.7235849
0.7250759
0.8588097
0.7245112
0.8100063
0.7269761
0.8587553
0.7392161
0.7402346
0.7890647
0.7665064
0.7389006
0.738902
0.9280716
0.7450114
0.7579374
0.7414231
0.7444467
0.7610576
0.7334917
0.7409562
0.765801
0.7634612
0.7464542
0.7673281
0.7565411
0.7374996
0.7602885
0.7482545
0.7693175
0.7528666
0.7502393
0.7586632
0.7612122
0.7436277
0.748516
0.7312464
0.7610192
0.751874
0.748321
0.
0.7621899
0.7629104
0.7359462
0.8795349
0.9168852
0.7078746
0.9907586
0.8422418
0.9438632
0.745451
0.8929172
0.9894921
0.9920896
0.9103537
0.8632548
0.8778974
0.7041433
0.8319399
0.9384938
0.8215783
0.7960796
0.7070129
0.7072199
0.7073905
0.7802705
0.7054886
0.8442729
0.8528708
0.8345693
0.7255856
0.8586248
0.7039717
0.7049304
0.7050305
0.705885
0.7046331
0.74447
0.7267105
0.9619887
0.7074341
0.9934689
0.7063235
0.7057523
0.8514318
0.7445494
0.8976868
0.7596292
0.9425169
0.7331376
0.7073274
0.906034
0.7104629
0.7042502
0.7071824
0.8983767
0.8921812
0.9003045
0.7061189
0.8803561
0.7075247
0.7057848
0.8568752
0.7052354
0.7999342
0.7080762
0.853732
0.727208
0.7235358
0.781981
0.7609306
0.7262139
0.7261752
0.9277922
0.7305449
0.7490858
0.7290055
0.7286999
0.7480202
0.7209079
0.7269752
0.7515533
0.7548744
0.7365252
0.7584243
0.7472778
0.7219692
0.7494584
0.7319392
0.7590445
0.7412741
0.7360126
0.74916
0.7481693
0.7298167
0.7336607
0.7303703
0.7471766
0.759806
0.7336198
0.7621899
0.
0.7543022
0.7213517
0.8811021
0.9195205
0.7107462
0.9904301
0.8423942
0.9439026
0.7466305
0.89409
0.9894534
0.9925546
0.9134148
0.8648424
0.8789965
0.7070435
0.8328245
0.9389742
0.8246843
0.7968345
0.711034
0.7105691
0.7112601
0.7820419
0.7068513
0.8465324
0.8531697
0.8398946
0.7281024
0.8561426
0.7062738
0.7071427
0.7075507
0.7096294
0.7071248
0.7495257
0.7272202
0.9621378
0.7110803
0.9936848
0.7090819
0.7086332
0.8517351
0.7451904
0.8990282
0.7578484
0.9450425
0.7327903
0.712353
0.9061336
0.7124501
0.7069488
0.7119639
0.8959537
0.8902907
0.9016832
0.7085194
0.8804592
0.7101731
0.7094519
0.8573826
0.7074919
0.8040787
0.7115719
0.8602714
0.7297807
0.7266683
0.7828245
0.7584129
0.7295712
0.7295882
0.9295174
0.7339096
0.7514409
0.7348181
0.7389677
0.7539933
0.7261921
0.7314658
0.7592539
0.7581518
0.7411048
0.760294
0.7524072
0.7263048
0.756898
0.7376902
0.7649401
0.7462571
0.7433739
0.7500815
0.7541993
0.7352642
0.7424013
0.7368815
0.754501
0.7629448
0.7386422
0.7629104
0.7543022
0.
0.726224
0.8778695
0.9221193
0.6356862
0.9915078
0.8385908
0.9431675
0.6965937
0.8921592
0.9895127
0.9924227
0.9121671
0.8600991
0.8735461
0.6326882
0.8187194
0.9411909
0.8025617
0.7759633
0.6287189
0.6314495
0.6352674
0.7459425
0.6231701
0.8386024
0.8486364
0.8300083
0.6699139
0.8484207
0.6234901
0.6205787
0.6217332
0.6281731
0.6219285
0.7004715
0.6574298
0.9601439
0.6351438
0.9939165
0.6289547
0.6186942
0.8407427
0.694934
0.8983994
0.7133767
0.9449997
0.6782524
0.6348314
0.9047424
0.6364613
0.6186613
0.6448795
0.8976287
0.8917397
0.9012106
0.6351627
0.8802647
0.6316392
0.6240524
0.8377934
0.6335694
0.7855977
0.6213742
0.8493779
0.668602
0.6672925
0.7471789
0.7186466
0.6690951
0.6691107
0.9298432
0.6951956
0.7214573
0.6908057
0.6982295
0.7245484
0.6783698
0.6873428
0.7283608
0.7289777
0.7015333
0.733965
0.7149307
0.6816594
0.7221198
0.700882
0.7369648
0.7108208
0.7047756
0.7188867
0.718562
0.6946278
0.7020869
0.6975441
0.7220745
0.741868
0.7000878
0.7359462
0.7213517
0.726224
0.