0.
0.9908602
0.9939152
0.9944693
0.9946398
0.9935558
0.9942611
0.9975124
0.9963883
0.995438
0.9995425
0.9953537
0.9963127
0.9956128
0.9974152
0.9969008
0.9956835
0.9977827
0.9963537
0.9994992
0.9979508
0.9989749
1.
0.9920506
0.9948213
0.9949103
0.9943484
0.9970707
0.9753027
0.99277
0.9975212
0.9927894
0.9967828
0.9939255
0.9963226
0.9954116
0.9963994
0.9951901
0.9963545
0.9959566
0.9932134
0.9948246
0.9960538
0.9950686
0.993456
0.9940051
0.9957107
0.9960682
0.9964778
0.9963504
0.9958775
0.9952918
0.9952758
0.9941185
0.9953188
0.9944193
0.9951905
0.9944718
0.9986434
0.9956501
0.9948025
0.9986988
0.9959692
0.9980777
0.9935614
0.9970098
0.9968896
0.9988864
0.9939086
0.994898
0.9947299
0.9964266
0.992222
0.9914211
0.9932672
0.9951842
0.9940383
0.9948169
0.9960676
0.9959199
0.9978394
0.995149
0.9971781
0.9982859
0.9983261
0.9969584
0.9973073
0.9953115
0.9973641
0.9970949
0.9941748
0.9977485
0.9983866
0.9955085
0.9955794
0.9980411
0.9949686
0.9975031
0.9959235
0.9947757
0.9908602
0.
0.9944629
0.9966345
0.9950136
0.9946289
0.9949122
0.9976562
0.9979633
0.9989717
0.995842
0.9953135
0.9973808
0.9965278
0.9978888
0.9969811
0.9972332
0.9964965
0.9994861
0.9982759
1.
0.9958604
0.9967908
0.9950718
0.9980663
0.9895984
0.9963768
0.995552
0.9951404
0.9979695
0.9980552
0.9949728
0.9887359
0.9959003
0.9951868
0.9958095
0.995664
0.9961112
0.9948302
0.9957143
0.9951185
0.9969237
0.995845
0.9957048
0.9973865
0.9957126
0.9947974
0.9970541
0.995363
0.9967718
0.997049
0.9962775
0.9957405
0.9960875
0.9967439
0.9962679
0.9940097
0.997678
0.9973464
0.99743
0.9983366
0.9982257
0.9987913
0.9974414
0.9964254
0.9980852
0.9988081
0.996749
0.9940785
0.9976559
0.9941833
0.9943737
0.9969061
0.9947327
0.9984508
0.9948692
0.9924889
0.9988684
0.9943107
0.9979567
0.9972233
0.9969662
0.9968992
0.9973684
0.9967009
0.9977835
0.9952047
0.9959766
0.9974829
0.9954209
0.9968354
0.995788
0.9975369
0.9968608
0.9955372
0.99822
0.9976142
0.9972872
0.9962534
0.9973404
0.9939152
0.9944629
0.
0.9782939
0.9766147
0.9768795
0.9832741
0.9880052
0.9917458
0.9904545
0.9889514
0.9864773
0.9881506
0.9880498
0.9933659
0.989672
0.9926131
0.9959209
0.9950423
0.9961232
0.9945581
0.9947735
0.9975391
0.9779688
0.9814815
0.9830374
0.9889797
0.9891467
0.9885714
0.9932085
0.9867208
0.9889713
0.9919964
0.9826105
0.9861721
0.9853428
0.9818064
0.9823828
0.9843307
0.9830721
0.985436
0.982485
0.9827015
0.9830179
0.98385
0.9871715
0.9810594
0.979964
0.9783584
0.9806128
0.9793739
0.9824498
0.9830663
0.9874537
0.9816772
0.9821095
0.9845966
0.982781
0.9846992
0.9935055
0.9885396
0.9954506
0.9931047
0.995041
0.9943525
0.9919533
0.994753
0.9988779
0.992672
0.9791401
0.9797097
0.9861914
0.9807272
0.9766705
0.987677
0.985305
0.9886266
0.9870933
0.9930502
0.9926843
0.9911078
0.9947597
0.9924977
0.9944184
0.9905391
0.9877764
0.9878005
0.9878463
0.9900885
0.9901995
0.9887857
0.9873839
0.9886005
0.9904164
0.9891022
0.9910227
0.9887815
0.9886383
0.9859959
0.9885802
0.9944693
0.9966345
0.9782939
0.
0.9806885
0.9776995
0.9782151
0.9886088
0.9937343
0.989467
0.9909264
0.9871883
0.9868002
0.9919746
0.9913259
0.991024
0.9904423
0.9908543
0.995603
0.992984
0.995586
0.9953612
0.9952186
0.9802543
0.98
0.9794179
0.9897537
0.9874715
0.9868817
0.995
0.9890069
0.9874614
0.9948233
0.9812732
0.9820636
0.9834953
0.983109
0.9827309
0.982877
0.9843413
0.9838239
0.9813757
0.9804513
0.9841283
0.9828263
0.9840919
0.9846481
0.9824447
0.9779222
0.9814941
0.9790056
0.9789999
0.9836126
0.9824123
0.9793199
0.9787319
0.9850732
0.9850892
0.9877413
0.9922376
0.9877839
0.9937921
0.9945345
0.9932249
0.9946735
0.9947122
0.9937805
0.9961152
0.9911216
0.9818546
0.9768935
0.9848854
0.981951
0.9756816
0.988463
0.9830203
0.9874324
0.9886071
0.9917744
0.9904798
0.9904261
0.993221
0.9912818
0.9893753
0.9871284
0.9909305
0.9914963
0.9918919
0.990691
0.9906178
0.9891882
0.9902758
0.9891806
0.9876238
0.9896799
0.9907341
0.9863469
0.9862081
0.9876004
0.9880973
0.9946398
0.9950136
0.9766147
0.9806885
0.
0.9825283
0.9833133
0.9837491
0.9936842
0.9942942
0.9925674
0.9857163
0.9922598
0.9927707
0.9923447
0.992448
0.991896
0.9941533
0.9959916
0.9940371
0.9980018
0.9962163
0.994484
0.9813985
0.9858245
0.9815981
0.9898661
0.9916222
0.9913663
0.9936922
0.9870276
0.9920696
0.9947787
0.9827634
0.9849802
0.9808417
0.9860711
0.9844044
0.9832737
0.9880342
0.9856586
0.9828372
0.982552
0.980692
0.9857528
0.9840279
0.9837996
0.9803281
0.9815894
0.981585
0.9803163
0.9799926
0.9828078
0.9845705
0.9808253
0.9819435
0.9841526
0.9864673
0.9899307
0.9909815
0.9886668
0.994827
0.993731
0.9961112
0.9950328
0.9938462
0.9973214
0.9965438
0.9843893
0.9853994
0.9843416
0.9847915
0.9807266
0.9806757
0.9904619
0.9846107
0.98877
0.9842037
0.990717
0.9884704
0.990739
0.9935448
0.9919731
0.9907902
0.9875935
0.9895757
0.9903338
0.9903706
0.990991
0.9874866
0.9914545
0.9891304
0.985302
0.9922041
0.9936864
0.9919369
0.9882167
0.9880723
0.9878735
0.9892473
0.9935558
0.9946289
0.9768795
0.9776995
0.9825283
0.
0.9799051
0.9890154
0.9939148
0.9904567
0.9890411
0.9878507
0.987512
0.9912904
0.9932178
0.9894118
0.9944056
0.9939651
0.996839
0.9952595
0.9942487
0.9954491
0.9950483
0.9824412
0.9830593
0.9809556
0.9890574
0.9882162
0.9930668
0.9932432
0.9908476
0.9898886
0.9968285
0.9807354
0.9881634
0.9850136
0.9829257
0.9839498
0.9803469
0.9846754
0.9842283
0.9847095
0.9810673
0.9828356
0.9830696
0.9850306
0.9826426
0.983416
0.9812648
0.9813924
0.978788
0.9821992
0.9872798
0.9859034
0.9843407
0.9807257
0.9839609
0.9854105
0.98991
0.9916456
0.9912483
0.9969828
0.9945499
0.9916788
0.9938468
0.9929778
0.9971182
0.996771
0.9881622
0.9790442
0.9831494
0.9874549
0.9822049
0.9764485
0.9866401
0.9838403
0.9897997
0.9874164
0.9920101
0.992671
0.9895414
0.9939335
0.9930679
0.994743
0.9903531
0.9893287
0.9909144
0.9907568
0.9867689
0.9901813
0.9917059
0.9858008
0.9932191
0.9887048
0.9910681
0.9864478
0.9884651
0.9920518
0.9873488
0.9893656
0.9942611
0.9949122
0.9832741
0.9782151
0.9833133
0.9799051
0.
0.9888453
0.9894167
0.9931717
0.9869234
0.98755
0.9876685
0.9878721
0.9926056
0.9935419
0.9912935
0.9955968
0.9976559
0.9963027
0.995263
0.996011
0.9953536
0.9852537
0.9822283
0.9841325
0.9896968
0.9901385
0.9930305
0.9906169
0.9890767
0.9903908
0.9956721
0.9841922
0.9876689
0.9889526
0.9866977
0.9839843
0.9878174
0.9889171
0.9863305
0.985189
0.9845086
0.9870819
0.9852024
0.988916
0.9876483
0.9827509
0.9850085
0.9858216
0.9839668
0.985061
0.985717
0.9886376
0.9879071
0.982922
0.9853087
0.9855974
0.9869894
0.9894566
0.9927106
0.9966894
0.9924655
0.9928986
0.9940633
0.9936277
0.9957415
0.9955901
0.9918098
0.9868078
0.981317
0.9876216
0.9828199
0.984252
0.9876416
0.9886676
0.9877301
0.9923155
0.9906195
0.9926254
0.9931592
0.9933212
0.9938613
0.9931479
0.9914394
0.9901863
0.9912158
0.9952475
0.9903315
0.9904521
0.9884833
0.9945757
0.992803
0.9879448
0.9915563
0.9895874
0.9890658
0.992183
0.989272
0.9901757
0.9975124
0.9976562
0.9880052
0.9886088
0.9837491
0.9890154
0.9888453
0.
0.9920388
0.9926829
0.9933497
0.9920415
0.992824
0.9924242
0.9933634
0.9938547
0.9953824
0.9935154
0.9975728
0.9932559
0.9988645
0.9977238
0.9947875
0.9924893
0.9905035
0.9915985
0.9907609
0.9950161
0.9953438
0.9979396
0.9916929
0.9915535
0.993315
0.9915083
0.9904469
0.9928173
0.9916444
0.9913664
0.9920416
0.9919398
0.9919058
0.987736
0.9895248
0.9905708
0.9908929
0.9924469
0.9915589
0.9913036
0.99149
0.9916641
0.9894451
0.9898131
0.9908921
0.9923195
0.991077
0.9914298
0.9904033
0.993761
0.9927761
0.9927235
0.9935954
0.993588
0.9944282
0.9963448
0.994959
0.9966964
0.9950211
0.998389
0.9928493
0.9869979
0.98575
0.9904629
0.9844416
0.9905629
0.9914286
0.9902388
0.9875227
0.9890419
0.9909742
0.9958604
0.9936232
0.9946779
0.9943052
0.9913408
0.9928865
0.990894
0.9928611
0.9904215
0.9937989
0.9912304
0.9941722
0.9928534
0.9949656
0.9931471
0.9932362
0.9914117
0.991433
0.9932903
0.993273
0.9936468
0.9963883
0.9979633
0.9917458
0.9937343
0.9936842
0.9939148
0.9894167
0.9920388
0.
0.9947391
0.9964758
0.9958575
0.9944592
0.9954403
0.9959132
0.9953177
0.9961699
0.9948696
0.9973765
0.9985618
0.9985323
0.9960707
0.998426
0.9925985
0.9934127
0.9916033
0.9932149
0.9957417
0.9940747
0.9961056
0.9962212
0.9930301
0.9959058
0.9931501
0.9953889
0.9950654
0.9958422
0.994784
0.9936687
0.993813
0.9930571
0.9917712
0.995284
0.9934064
0.9919005
0.992236
0.994096
0.9920801
0.9936872
0.9931346
0.9934759
0.9933781
0.9923825
0.9919623
0.9947984
0.9937957
0.9940171
0.9942495
0.9952226
0.9962184
0.9951777
0.9977862
0.9978761
0.9966518
0.9953488
0.9958831
0.9960357
0.9968136
0.9947507
0.9949989
0.9935331
0.9911027
0.9917441
0.9904535
0.9979494
0.9914853
0.9948171
0.9953115
0.9946768
0.9935252
0.9954561
0.9952973
0.993482
0.9953318
0.9951108
0.994742
0.9944317
0.9970798
0.9932541
0.995603
0.9943414
0.9953008
0.9984326
0.9956359
0.9944683
0.9961881
0.9972544
0.9945205
0.9966484
0.9922062
0.995438
0.9989717
0.9904545
0.989467
0.9942942
0.9904567
0.9931717
0.9926829
0.9947391
0.
0.9955496
0.9931164
0.9946744
0.9965636
0.9965212
0.9956229
0.9908322
0.9969867
0.9995597
0.9926936
0.9980218
0.9955313
0.9978769
0.9919598
0.99389
0.9920886
0.9951299
0.9942714
0.9944802
0.9925504
0.991658
0.9926036
0.9963806
0.9933851
0.9959878
0.9935709
0.9924722
0.9953425
0.9931973
0.9942601
0.9956337
0.9939313
0.992945
0.9938206
0.9939731
0.9920702
0.9950586
0.9934697
0.9938339
0.9941809
0.9931921
0.9927421
0.9940183
0.9917987
0.9950689
0.9924694
0.9933856
0.9952719
0.9944316
0.9954837
0.9956644
0.9977714
0.9982175
0.9958724
0.9984418
0.9970966
0.995491
0.9994644
0.9957096
0.9887912
0.9921943
0.9910521
0.9960784
0.9931998
0.9941258
0.9926401
0.9926199
0.9918782
0.996173
0.9985575
0.9943602
0.9986514
0.9937824
0.9946237
0.9944171
0.9996707
0.9953871
0.9941022
0.9935338
0.9936649
0.99716
0.9946355
0.9958874
0.9956072
0.9928748
0.9939103
0.995386
0.9978626
0.9916795
0.9924608
0.9995425
0.995842
0.9889514
0.9909264
0.9925674
0.9890411
0.9869234
0.9933497
0.9964758
0.9955496
0.
0.9943574
0.994655
0.9924921
0.9971419
0.9932157
0.9964751
0.9991353
0.9964429
0.9951052
0.9975075
0.9985037
0.9930108
0.9896949
0.992837
0.9864217
0.9964158
0.9942405
0.9939759
0.9978061
0.9905561
0.9921875
0.9947808
0.9933769
0.9948787
0.993963
0.9936633
0.9933873
0.9931857
0.9907685
0.9921224
0.9906986
0.9938483
0.9926282
0.9922539
0.9943367
0.9918232
0.9917031
0.9924883
0.9918897
0.9940156
0.9921965
0.9914006
0.9944429
0.9924334
0.9926601
0.9936204
0.9922768
0.9963483
0.9978582
0.9956477
0.9961551
0.9942425
0.9928085
0.995283
0.9945607
0.9984902
0.9972944
0.994354
0.9923094
0.9919495
0.9929348
0.9921014
0.9875834
0.9947935
0.9914122
0.9925857
0.9932065
0.9895389
0.9956364
0.9975274
0.9952397
0.9895397
0.9962913
0.9913936
0.9943446
0.9933643
0.9920818
0.9970864
0.9913876
0.9926752
0.99461
0.993949
0.9917722
0.9931549
0.9922581
0.9906861
0.9938405
0.9913286
0.9912041
0.9953537
0.9953135
0.9864773
0.9871883
0.9857163
0.9878507
0.98755
0.9920415
0.9958575
0.9931164
0.9943574
0.
0.9908229
0.9906713
0.9950877
0.9936398
0.9936838
0.994028
0.9956305
0.996527
0.995615
0.9964928
0.9961591
0.9879679
0.9897531
0.9906616
0.9917916
0.9932432
0.9929907
0.995447
0.9924284
0.994093
0.9973238
0.9853402
0.9895337
0.9876332
0.986813
0.9868456
0.9860791
0.9853851
0.988415
0.9869426
0.986101
0.9869987
0.9870686
0.9893428
0.9851625
0.9834354
0.9852178
0.9866919
0.9842481
0.9895584
0.9885517
0.9881358
0.9880285
0.9849505
0.98921
0.9860178
0.990412
0.9906222
0.992396
0.9940025
0.9924883
0.9944252
0.9923334
0.9929121
0.9966997
0.9970522
0.9900776
0.9898363
0.9874895
0.9896974
0.9863369
0.9854761
0.9933702
0.9907957
0.9929188
0.9908826
0.9947583
0.9949105
0.9953557
0.9912361
0.9898393
0.9940152
0.9935495
0.992978
0.9897242
0.9937388
0.9919972
0.9956194
0.9936809
0.9915686
0.9934996
0.9938822
0.9930628
0.9904255
0.992558
0.994141
0.9936097
0.992309
0.9963127
0.9973808
0.9881506
0.9868002
0.9922598
0.987512
0.9876685
0.992824
0.9944592
0.9946744
0.994655
0.9908229
0.
0.9938341
0.9920223
0.9952489
0.9947011
0.9954676
0.9946744
0.9977157
0.9966615
0.9956264
0.9957367
0.9881145
0.9917027
0.9904408
0.993731
0.993994
0.9960504
0.994709
0.9932632
0.9936626
0.9960599
0.9854317
0.9910439
0.9904363
0.9870347
0.9890659
0.9895775
0.990131
0.9902298
0.9877615
0.9870318
0.9900116
0.9884058
0.9897845
0.9883587
0.9883336
0.9883578
0.985267
0.9882912
0.9893301
0.9880008
0.98949
0.9883535
0.986262
0.9885829
0.9896415
0.9912132
0.9927429
0.9941227
0.9954055
0.9937795
0.9906977
0.9941256
0.9948562
0.9979371
0.9989319
0.9905699
0.9895557
0.9891624
0.992446
0.9887556
0.9895647
0.9892428
0.9889384
0.9919859
0.9921195
0.9962113
0.9954712
0.9944775
0.9925234
0.9949686
0.9940132
0.9904003
0.9942752
0.9914075
0.9943124
0.9941591
0.9958309
0.9936344
0.9942437
0.9956288
0.9902643
0.9931332
0.9941895
0.9909822
0.993371
0.9915851
0.9961553
0.9956128
0.9965278
0.9880498
0.9919746
0.9927707
0.9912904
0.9878721
0.9924242
0.9954403
0.9965636
0.9924921
0.9906713
0.9938341
0.
0.9933729
0.9928315
0.993856
0.9954879
0.9957008
0.9948218
0.9932015
0.9972274
0.9958159
0.9909546
0.9943744
0.9885932
0.9939549
0.9930227
0.9944101
0.9911429
0.9924427
0.993128
0.9952502
0.9899426
0.9919269
0.9915831
0.990705
0.988861
0.9889011
0.9910137
0.9901019
0.9882407
0.9888288
0.9907355
0.9885399
0.9914241
0.9908688
0.9889346
0.990421
0.9893593
0.9881075
0.9873133
0.9902203
0.9916815
0.989418
0.9907076
0.9911391
0.9894313
0.9920536
0.9946583
0.9912195
0.9956432
0.9940269
0.9927835
0.9984198
0.9955971
0.998453
0.996439
0.9938809
0.9903064
0.9879518
0.9922686
0.9903942
0.9886963
0.9949054
0.9909694
0.9930757
0.9937873
0.9945227
0.9952381
0.9945853
0.9947368
0.9944202
0.9957204
0.9953205
0.9933993
0.9931797
0.9946249
0.9930475
0.9922286
0.9940693
0.9929337
0.997269
0.9943285
0.9923578
0.992625
0.9950849
0.9910595
0.9946429
0.9933964
0.9974152
0.9978888
0.9933659
0.9913259
0.9923447
0.9932178
0.9926056
0.9933634
0.9959132
0.9965212
0.9971419
0.9950877
0.9920223
0.9933729
0.
0.9945638
0.9941192
0.9962721
0.9939759
0.9969595
0.9958834
0.9972565
0.9967626
0.9916482
0.9910603
0.9938219
0.9949698
0.9940347
0.9967501
0.9971796
0.9957739
0.9941731
0.9971771
0.9923821
0.9926309
0.9922156
0.9909179
0.9920356
0.9915455
0.9920718
0.9932694
0.9924543
0.9930671
0.9904362
0.9905891
0.9900504
0.9903269
0.990767
0.9918866
0.9895518
0.9899727
0.989717
0.9933086
0.9902167
0.9912069
0.9917043
0.9931545
0.9929384
0.9917871
0.9939168
0.9931336
0.9960327
0.9923975
0.9952247
0.995661
0.9966747
0.996547
0.9989154
0.9915623
0.9924922
0.9918241
0.9899476
0.9917803
0.9908242
0.9928666
0.9925578
0.9927659
0.992731
0.9957253
0.9948073
0.9962567
0.9971503
0.9952582
0.994836
0.9959463
0.9951531
0.9946551
0.9959545
0.9957468
0.9945759
0.994825
0.9948352
0.9955632
0.9933742
0.992233
0.9942743
0.9949349
0.997123
0.9942155
0.9947867
0.9969008
0.9969811
0.989672
0.991024
0.992448
0.9894118
0.9935419
0.9938547
0.9953177
0.9956229
0.9932157
0.9936398
0.9952489
0.9928315
0.9945638
0.
0.9912479
0.9943783
0.9935897
0.997113
0.9974359
0.9948529
0.9976861
0.9885179
0.9928726
0.9913218
0.9925887
0.9934229
0.9961885
0.9953271
0.9924686
0.9941435
0.9931663
0.9914127
0.9906595
0.9917872
0.9922848
0.9901712
0.9927536
0.9898688
0.9942869
0.9945376
0.9893296
0.990657
0.9906989
0.9907181
0.9927293
0.9914523
0.9910992
0.9897873
0.9913159
0.9915763
0.9931707
0.9903651
0.9924733
0.9901506
0.9927806
0.9922179
0.9930591
0.9940913
0.9945934
0.9974019
0.9954351
0.9943587
0.9926335
0.9919459
0.9981557
0.9976681
0.9914025
0.989922
0.9909622
0.9945554
0.990402
0.9908691
0.9922092
0.9930894
0.9906329
0.9934534
0.9963877
0.994233
0.9946403
0.9934372
0.9933333
0.9945696
0.9952064
0.9922043
0.993037
0.9944149
0.9955345
0.996904
0.9932695
0.9948414
0.9940445
0.9951194
0.9956907
0.9960887
0.9951996
0.9929382
0.9936837
0.989022
0.9956835
0.9972332
0.9926131
0.9904423
0.991896
0.9944056
0.9912935
0.9953824
0.9961699
0.9908322
0.9964751
0.9936838
0.9947011
0.993856
0.9941192
0.9912479
0.
0.9951824
0.9940246
0.9966025
0.9961627
0.995
0.9955411
0.9920878
0.9935741
0.9910816
0.9920678
0.9943787
0.9960217
0.9940808
0.9924964
0.9920925
0.9984171
0.9934539
0.9940882
0.993667
0.9938664
0.9941358
0.9941583
0.9926748
0.993473
0.9940834
0.9932452
0.9937826
0.9924026
0.990571
0.992278
0.9942886
0.992602
0.9931253
0.9916898
0.9949622
0.9916401
0.9916431
0.9932833
0.9913505
0.9922197
0.9905751
0.9939572
0.9952013
0.9944481
0.9951613
0.9961618
0.9916641
0.995232
0.9946524
0.9992287
0.997553
0.9950207
0.9939922
0.9917228
0.992757
0.9926117
0.9940318
0.9945434
0.9920751
0.9940151
0.9946479
0.99279
0.996124
0.9956243
0.9977477
0.9962751
0.9941028
0.9964276
0.9977901
0.9911284
0.9936761
0.9970206
0.9962697
0.9957356
0.9954775
0.9959989
0.996559
0.9937123
0.9951496
0.9958333
0.9966313
0.9950559
0.993084
0.9977827
0.9964965
0.9959209
0.9908543
0.9941533
0.9939651
0.9955968
0.9935154
0.9948696
0.9969867
0.9991353
0.994028
0.9954676
0.9954879
0.9962721
0.9943783
0.9951824
0.
0.9969867
0.9971698
0.9990394
0.9971084
0.997424
0.9940512
0.9944835
0.9955993
0.99554
0.9943879
0.9928187
0.9957392
0.9962687
0.9974775
0.9944668
0.994152
0.9950453
0.9946893
0.9952663
0.9940106
0.9938084
0.9941834
0.9933103
0.9933497
0.9932886
0.9968328
0.9940058
0.9934072
0.993923
0.9947218
0.995111
0.9929929
0.9931034
0.9958739
0.9932377
0.9929752
0.9951883
0.9938762
0.9939217
0.9950176
0.9967791
0.9950739
0.9942109
0.9946692
0.9950946
0.9963289
0.9965649
0.9963518
1.
0.9953052
0.9961152
0.9935191
0.9937994
0.9930722
0.9936618
0.9919883
0.9928765
0.9929759
0.9963877
0.9950364
0.9947507
0.9943242
0.9975895
0.9960212
0.9952655
0.9937314
0.9941973
0.9967596
0.9954737
0.9958266
0.996519
0.9903246
0.9987624
0.9953546
0.9968963
0.9969221
0.9966646
0.9959171
0.9954669
0.9927624
0.995778
0.9928889
0.9963537
0.9994861
0.9950423
0.995603
0.9959916
0.996839
0.9976559
0.9975728
0.9973765
0.9995597
0.9964429
0.9956305
0.9946744
0.9957008
0.9939759
0.9935897
0.9940246
0.9969867
0.
0.998062
0.997526
0.9980188
0.9989396
0.996197
0.9979716
0.9981651
0.9977332
0.998574
0.9986257
0.9991293
0.9982735
0.9963154
0.9994845
0.9956816
0.994888
0.9961256
0.9959514
0.9960268
0.9950204
0.9950677
0.9948459
0.9956874
0.995678
0.9968133
0.9952032
0.9950586
0.9949612
0.9953941
0.9957152
0.9944247
0.9952331
0.9955869
0.9966074
0.9948725
0.9950689
0.9961506
0.9949859
0.9958653
0.9967433
0.9954837
0.9977093
0.9968133
0.9978602
0.9954955
0.9996109
0.99543
0.9964965
0.9983914
0.9980244
0.9954148
0.9976278
0.9940524
0.9946259
0.9974378
0.9975895
0.9964522
0.9926199
0.9969697
0.998855
0.9974729
0.9943602
0.9952639
0.9975912
0.9959732
0.9957363
0.9970287
0.9973693
0.9973873
0.9983912
0.9949383
0.99716
0.9952696
0.9971564
0.9956072
0.9966049
0.9964834
0.9969287
0.9969438
0.998776
0.9960938
0.9994992
0.9982759
0.9961232
0.992984
0.9940371
0.9952595
0.9963027
0.9932559
0.9985618
0.9926936
0.9951052
0.996527
0.9977157
0.9948218
0.9969595
0.997113
0.9966025
0.9971698
0.998062
0.
0.9961433
0.9988993
0.9958259
0.9974995
0.996788
0.9969504
0.9982675
0.9969195
0.9969636
0.9966475
0.9981426
0.9960159
0.9982699
0.995109
0.9958858
0.996706
0.9956055
0.995232
0.9966462
0.9970699
0.9958768
0.9947518
0.9950719
0.9960887
0.9974168
0.9954961
0.9956539
0.9959328
0.9943722
0.9945791
0.9954576
0.995867
0.9958024
0.9957259
0.9958306
0.9955009
0.9964939
0.9972636
0.9952086
0.9967573
0.9959667
0.9976166
0.9984627
0.9963459
0.9983072
0.9968283
0.9966574
0.9993987
0.9961103
0.9958895
0.9970661
0.9957167
0.9961224
0.9946626
0.9940543
0.996771
0.9960784
0.9945652
0.9937604
0.9976626
0.9958302
0.9952779
0.9977802
0.9964003
0.996841
0.9982326
0.9943443
0.9972008
0.9972423
0.9973019
0.9976407
0.995283
0.9945836
0.9956434
0.9963768
0.9965812
0.9957363
0.9973941
0.9970579
0.9964811
0.9979508
1.
0.9945581
0.995586
0.9980018
0.9942487
0.995263
0.9988645
0.9985323
0.9980218
0.9975075
0.995615
0.9966615
0.9932015
0.9958834
0.9974359
0.9961627
0.9990394
0.997526
0.9961433
0.
0.9937712
0.9981696
0.9974774
0.9972944
0.9946584
0.996831
0.9980453
0.9979339
0.9995127
0.9954597
0.9971671
0.998227
0.9969277
0.9969955
0.9969638
0.9961987
0.9974347
0.9962799
0.9958726
0.9972417
0.9951523
0.9955684
0.9974932
0.9967317
0.9960555
0.9959346
0.9954719
0.9965878
0.9970402
0.9966169
0.9958514
0.9960231
0.9958441
0.9965776
0.9960878
0.9958433
0.9969391
0.9967839
0.9972285
0.9970117
0.9979282
0.9956913
0.9954527
0.999139
0.998155
0.9977208
0.9987654
0.9982092
0.9981597
0.996352
0.9956647
0.9967413
0.9957774
0.9977435
0.9957286
0.9966887
0.9989011
0.9957752
0.9956349
0.992269
0.9966851
0.996614
0.9967117
0.9982213
0.9978464
0.9964196
0.9992913
0.998253
0.9972631
0.9955464
0.9972715
0.9917355
0.996945
0.996996
0.9979217
0.997011
0.9980198
0.9976814
0.9977332
0.9989749
0.9958604
0.9947735
0.9953612
0.9962163
0.9954491
0.996011
0.9977238
0.9960707
0.9955313
0.9985037
0.9964928
0.9956264
0.9972274
0.9972565
0.9948529
0.995
0.9971084
0.9980188
0.9988993
0.9937712
0.
0.9963258
0.9949388
0.9970206
0.9952193
0.9954112
0.9956846
0.9958528
0.995098
0.9958349
0.9943113
0.9988166
0.9965936
0.9954848
0.9958535
0.9960741
0.9969658
0.9979101
0.9965814
0.9970101
0.9957859
0.9970146
0.997055
0.9964413
0.9957602
0.9959333
0.9976072
0.9960292
0.9952216
0.9954462
0.9967553
0.9971098
0.9965616
0.9947604
0.9958206
0.9949552
0.9953995
0.9949627
0.9964673
0.9959173
0.9972328
0.9968664
0.9966928
0.993498
0.996298
0.9977169
0.9975232
0.9956866
0.9939898
0.9956621
0.9965318
0.9956474
0.9961605
0.997741
0.994208
0.9973501
0.9922481
0.9970427
0.9960286
0.9984615
0.9974208
1.
0.9959736
0.9960742
0.9967626
0.9974937
0.9971561
0.994382
0.9951956
0.9972612
0.9934887
0.9965695
0.9976231
0.9959866
0.9965278
0.9980073
0.9956954
0.997679
0.9983803
1.
0.9967908
0.9975391
0.9952186
0.994484
0.9950483
0.9953536
0.9947875
0.998426
0.9978769
0.9930108
0.9961591
0.9957367
0.9958159
0.9967626
0.9976861
0.9955411
0.997424
0.9989396
0.9958259
0.9981696
0.9963258
0.
0.9958803
0.9980343
0.9944428
0.9970403
0.9954432
0.9983324
0.9994775
0.9964115
0.9982877
0.9980695
0.9948658
0.9957914
0.9961988
0.9947539
0.9973927
0.9936034
0.9966463
0.9960248
0.9957251
0.9952944
0.9968999
0.9961988
0.9964232
0.9970881
0.9966783
0.9964695
0.997173
0.9967591
0.9967153
0.9964478
0.9963472
0.995177
0.9957156
0.9962844
0.9965593
0.9971068
0.9981747
0.9974612
0.997461
0.9979347
0.9960578
0.9981677
0.9965466
0.9993827
0.9979743
0.9981161
0.994516
0.9950507
0.9957869
0.9948396
0.9974414
0.99762
0.9966199
0.9954845
0.9961315
0.997313
0.9958036
0.9967493
0.999226
0.9968267
0.9973087
0.996628
0.9950776
0.9981203
0.9977612
0.9974284
0.9953237
0.9971285
0.9967777
0.9971244
0.9960798
0.9972018
0.9948924
0.9940663
0.9986178
0.9979181
0.9976271
0.9920506
0.9950718
0.9779688
0.9802543
0.9813985
0.9824412
0.9852537
0.9924893
0.9925985
0.9919598
0.9896949
0.9879679
0.9881145
0.9909546
0.9916482
0.9885179
0.9920878
0.9940512
0.996197
0.9974995
0.9974774
0.9949388
0.9958803
0.
0.9823681
0.9782101
0.9864583
0.9851947
0.9909928
0.9950169
0.9885305
0.9879674
0.9944182
0.9820307
0.9842105
0.9840531
0.9813127
0.9822574
0.980528
0.9840148
0.9820109
0.9802133
0.9809554
0.9826363
0.9854919
0.9862239
0.9810427
0.9785031
0.9820289
0.9782711
0.9806093
0.9780013
0.978708
0.9868234
0.9833358
0.9795677
0.9816983
0.9875875
0.9867953
0.9904389
0.9938253
0.9957382
0.9927444
0.9934993
0.9916509
0.9925825
0.9970427
0.9967363
0.9824129
0.9825436
0.9804111
0.985084
0.9828854
0.9800248
0.988551
0.9823744
0.9877228
0.9897599
0.9911638
0.9934354
0.9895269
0.9888496
0.9887359
0.9933298
0.9911366
0.9900419
0.9897087
0.989395
0.989648
0.990278
0.9890729
0.9914952
0.9906175
0.9889437
0.9905692
0.9867356
0.9878727
0.987395
0.9890756
0.9881923
0.9948213
0.9980663
0.9814815
0.98
0.9858245
0.9830593
0.9822283
0.9905035
0.9934127
0.99389
0.992837
0.9897531
0.9917027
0.9943744
0.9910603
0.9928726
0.9935741
0.9944835
0.9979716
0.996788
0.9972944
0.9970206
0.9980343
0.9823681
0.
0.9818653
0.9909129
0.9905554
0.9927045
0.994186
0.9856067
0.9880515
0.994446
0.9852931
0.9907586
0.9905578
0.9865705
0.9862248
0.9859804
0.9890589
0.9874513
0.9878124
0.9872451
0.9883594
0.9875522
0.9867557
0.9865456
0.9866054
0.9841746
0.9851272
0.9844249
0.9847637
0.9897567
0.9874178
0.9844589
0.9831377
0.9866912
0.9886702
0.9909555
0.9942098
0.992829
0.9977164
0.9930478
0.9949239
0.9947978
0.9933677
0.9967329
0.9949008
0.9890839
0.9810188
0.9860599
0.9881978
0.9814786
0.9799059
0.9934225
0.9878674
0.9838015
0.9827511
0.9929792
0.9945861
0.9933378
0.9935065
0.9905495
0.9915821
0.988697
0.9931711
0.9918994
0.9915074
0.9909474
0.9933679
0.9925342
0.9921292
0.9931549
0.9919455
0.99079
0.9931049
0.9916412
0.9916684
0.9891815
0.9905509
0.9949103
0.9895984
0.9830374
0.9794179
0.9815981
0.9809556
0.9841325
0.9915985
0.9916033
0.9920886
0.9864217
0.9906616
0.9904408
0.9885932
0.9938219
0.9913218
0.9910816
0.9955993
0.9981651
0.9969504
0.9946584
0.9952193
0.9944428
0.9782101
0.9818653
0.
0.9822524
0.9888657
0.9850584
0.9929356
0.9877189
0.9919811
0.9927871
0.9853016
0.986358
0.9890698
0.9860843
0.986149
0.9844206
0.9855372
0.983871
0.9858588
0.9871885
0.9818485
0.9868312
0.9853681
0.9835451
0.9838785
0.9824549
0.9839553
0.9853061
0.9824506
0.983947
0.98688
0.9857108
0.9845914
0.9866169
0.9871422
0.9873172
0.9926753
0.9933969
0.9940043
0.9933041
0.9938095
0.995613
0.9898167
0.996613
0.9967714
0.9898834
0.9795952
0.982266
0.9847843
0.9820663
0.9772992
0.9911805
0.9851086
0.9837861
0.9847568
0.9917855
0.9913753
0.99383
0.9906208
0.9923233
0.9884187
0.9901467
0.9892047
0.9878961
0.9881735
0.9909111
0.9867095
0.9880137
0.9901919
0.9914603
0.9876412
0.987558
0.9876943
0.9841806
0.9901776
0.9882501
0.9923774
0.9943484
0.9963768
0.9889797
0.9897537
0.9898661
0.9890574
0.9896968
0.9907609
0.9932149
0.9951299
0.9964158
0.9917916
0.993731
0.9939549
0.9949698
0.9925887
0.9920678
0.99554
0.9977332
0.9982675
0.996831
0.9954112
0.9970403
0.9864583
0.9909129
0.9822524
0.
0.9922309
0.9919598
0.994525
0.9874932
0.9923295
0.9941776
0.9907898
0.9922317
0.989332
0.9920497
0.9907079
0.9896918
0.9908392
0.9902052
0.9886505
0.9910439
0.9929377
0.9912327
0.9918751
0.9922585
0.9895553
0.9899094
0.9895667
0.9895053
0.9881426
0.9919571
0.9917603
0.9922844
0.9887073
0.9938794
0.9909993
0.9921836
0.9936217
0.9957815
0.9969689
0.996686
0.9901876
0.9934757
0.994103
0.9989381
0.9977654
0.992442
0.9890028
0.9861008
0.9906708
0.9862745
0.9892525
0.9932596
0.9932432
0.9879012
0.9877529
0.9938686
0.993007
0.9948045
0.993098
0.9935345
0.9944649
0.9927405
0.9929577
0.9932397
0.9909279
0.9923195
0.9911728
0.9947236
0.9919537
0.9916751
0.9937484
0.9965517
0.9908304
0.993353
0.9943655
0.9933628
0.9944458
0.9970707
0.995552
0.9891467
0.9874715
0.9916222
0.9882162
0.9901385
0.9950161
0.9957417
0.9942714
0.9942405
0.9932432
0.993994
0.9930227
0.9940347
0.9934229
0.9943787
0.9943879
0.998574
0.9969195
0.9980453
0.9956846
0.9954432
0.9851947
0.9905554
0.9888657
0.9922309
0.
0.9940894
0.9957507
0.9938543
0.9869525
0.9955411
0.9904246
0.9931311
0.9907233
0.9923604
0.9928065
0.9913239
0.9930691
0.9907653
0.9890261
0.9899271
0.9920218
0.9902808
0.993293
0.9925194
0.9916646
0.9912861
0.989177
0.9913429
0.9908544
0.9923715
0.9932799
0.991909
0.9915131
0.990429
0.992862
0.9910886
0.9932361
0.9950595
0.994543
0.9936861
0.9962512
0.9941748
0.9931857
0.9952569
0.9979167
0.9935339
0.9877857
0.9849256
0.9917121
0.9893338
0.9875442
0.9935785
0.9909225
0.9907358
0.9899454
0.9965068
0.9939284
0.9946619
0.9933984
0.9929947
0.9954455
0.9988873
0.995222
0.9932622
0.9955444
0.9961496
0.9932231
0.9924057
0.9956838
0.9964846
0.9929957
0.9906741
0.9934283
0.995775
0.9928797
0.9933932
0.9922037
0.9753027
0.9951404
0.9885714
0.9868817
0.9913663
0.9930668
0.9930305
0.9953438
0.9940747
0.9944802
0.9939759
0.9929907
0.9960504
0.9944101
0.9967501
0.9961885
0.9960217
0.9928187
0.9986257
0.9969636
0.9979339
0.9958528
0.9983324
0.9909928
0.9927045
0.9850584
0.9919598
0.9940894
0.
0.9959165
0.9946429
0.9912046
0.9962121
0.9932555
0.9944629
0.9962162
0.9944578
0.9940271
0.9922072
0.9953677
0.9945683
0.9928319
0.9940083
0.994196
0.9940194
0.994423
0.9947224
0.9950955
0.9937132
0.9934028
0.9932708
0.9946591
0.9931223
0.9939641
0.9951233
0.9940828
0.9943112
0.9929504
0.9949268
0.9953895
0.9947808
0.9967235
0.9970545
0.996124
0.9963651
0.9917856
0.9979112
0.9960563
0.9955842
0.993311
0.9875721
0.9939109
0.9938935
0.9891264
0.9892665
0.9924867
0.9921011
0.9951372
0.9940523
0.9936425
0.9971004
0.9961712
0.9932336
0.9975854
0.9945946
0.9969419
0.9914908
0.9949478
0.9960199
0.9931596
0.9961039
0.9957888
0.9967511
0.9967794
0.9907526
0.9944005
0.9891926
0.9946524
0.9959029
0.9944393
0.99277
0.9979695
0.9932085
0.995
0.9936922
0.9932432
0.9906169
0.9979396
0.9961056
0.9925504
0.9978061
0.995447
0.994709
0.9911429
0.9971796
0.9953271
0.9940808
0.9957392
0.9991293
0.9966475
0.9995127
0.995098
0.9994775
0.9950169
0.994186
0.9929356
0.994525
0.9957507
0.9959165
0.
0.9945055
0.9959854
0.9954058
0.9943011
0.9955141
0.9962731
0.995726
0.9936472
0.9954889
0.9953127
0.9938499
0.995082
0.9957903
0.9919106
0.9935156
0.9945117
0.9940994
0.9949692
0.9940036
0.9941935
0.9949652
0.995332
0.9940372
0.9940583
0.9930252
0.994389
0.996226
0.995734
0.9942682
0.9964606
0.9962025
0.9977904
0.9961076
0.9970315
0.996136
0.99754
0.9970385
0.9957605
0.996732
0.9950054
0.9944074
0.9949048
0.9956879
0.9913888
0.9965847
0.9948211
0.9923734
0.9939759
0.9973515
0.9974973
0.9982609
0.997994
0.9952153
0.9956753
0.9954472
0.9944226
0.9937848
0.9983829
0.9926211
0.996555
0.9974977
0.9953096
0.9956072
0.9959565
0.9960184
0.9971492
0.9948107
0.9975765
0.9945139
0.9961252
0.9975212
0.9980552
0.9867208
0.9890069
0.9870276
0.9908476
0.9890767
0.9916929
0.9962212
0.991658
0.9905561
0.9924284
0.9932632
0.9924427
0.9957739
0.9924686
0.9924964
0.9962687
0.9982735
0.9981426
0.9954597
0.9958349
0.9964115
0.9885305
0.9856067
0.9877189
0.9874932
0.9938543
0.9946429
0.9945055
0.
0.9921852
0.9964857
0.9919072
0.9891947
0.9920782
0.9924386
0.9894389
0.9895867
0.9909736
0.9901115
0.9884365
0.9927928
0.9893649
0.9905408
0.9924568
0.9888787
0.9877927
0.9897631
0.9880022
0.9903114
0.9898217
0.9916758
0.9918138
0.9907285
0.9898448
0.9883362
0.992678
0.9927885
0.9929475
0.9931658
0.9903769
0.9964984
0.9954407
0.9959209
0.9967073
0.9992401
0.9971888
0.9920395
0.9842688
0.9869457
0.9923558
0.9882115
0.9843672
0.9923143
0.988792
0.9857143
0.9902043
0.9931889
0.9937962
0.9924769
0.9944118
0.99375
0.995283
0.9937296
0.9923056
0.9931563
0.9945637
0.9930032
0.9923219
0.9899178
0.9941998
0.9923158
0.9947507
0.9924695
0.9865519
0.9901478
0.9896668
0.9930305
0.992897
0.9927894
0.9949728
0.9889713
0.9874614
0.9920696
0.9898886
0.9903908
0.9915535
0.9930301
0.9926036
0.9921875
0.994093
0.9936626
0.993128
0.9941731
0.9941435
0.9920925
0.9974775
0.9963154
0.9960159
0.9971671
0.9943113
0.9982877
0.9879674
0.9880515
0.9919811
0.9923295
0.9869525
0.9912046
0.9959854
0.9921852
0.
0.9919966
0.9902805
0.9923646
0.9924108
0.9920581
0.9908815
0.9917891
0.991351
0.9902486
0.9897325
0.9906253
0.9892759
0.9896561
0.9897237
0.9909574
0.9899941
0.9923728
0.9894217
0.9890784
0.9904437
0.9898188
0.9889778
0.9900377
0.9905672
0.9917432
0.9916574
0.9914909
0.9911581
0.994503
0.9972145
0.9935205
0.9955042
0.99401
0.9954498
0.9959134
0.9939289
0.9910508
0.9904096
0.9884966
0.9917855
0.9893536
0.9863248
0.9952196
0.9896708
0.9932487
0.9905855
0.9964099
0.9956454
0.9951353
0.9917501
0.9916092
0.9950394
0.9910996
0.9953944
0.9893187
0.9962952
0.9929379
0.9939007
0.9941812
0.990846
0.9913769
0.9931092
0.9934765
0.9932717
0.9943197
0.9919006
0.9891422
0.9922954
0.9967828
0.9887359
0.9919964
0.9948233
0.9947787
0.9968285
0.9956721
0.993315
0.9959058
0.9963806
0.9947808
0.9973238
0.9960599
0.9952502
0.9971771
0.9931663
0.9984171
0.9944668
0.9994845
0.9982699
0.998227
0.9988166
0.9980695
0.9944182
0.994446
0.9927871
0.9941776
0.9955411
0.9962121
0.9954058
0.9964857
0.9919966
0.
0.9957301
0.9970901
0.9976277
0.9954117
0.9969365
0.9958891
0.9967869
0.9949983
0.9943599
0.9962597
0.9952591
0.996121
0.996748
0.9954982
0.9959764
0.9951196
0.9948556
0.9959855
0.9958193
0.994758
0.9965207
0.9972225
0.9961326
0.9945181
0.9979864
0.9979575
0.997684
0.9952646
0.9957219
0.9983838
0.9982913
0.994614
0.9975985
0.9994023
0.9986971
0.9970414
0.9960028
0.9937063
0.99496
0.9931142
0.9953152
0.9937598
0.9940859
0.9928181
0.9969697
0.9973753
0.997541
0.9968178
0.9961963
0.9972816
0.9939509
0.9944772
0.9981495
0.9955654
0.9959677
0.9949422
0.9925664
0.9964751
0.9954258
0.9946959
0.9986043
0.9948365
0.9949893
0.9952071
0.994891
0.995903
0.997669
0.9939255
0.9959003
0.9826105
0.9812732
0.9827634
0.9807354
0.9841922
0.9915083
0.9931501
0.9933851
0.9933769
0.9853402
0.9854317
0.9899426
0.9923821
0.9914127
0.9934539
0.994152
0.9956816
0.995109
0.9969277
0.9965936
0.9948658
0.9820307
0.9852931
0.9853016
0.9907898
0.9904246
0.9932555
0.9943011
0.9919072
0.9902805
0.9957301
0.
0.9767546
0.9502241
0.9680121
0.9657399
0.9698025
0.9730364
0.9580481
0.9694498
0.9684557
0.9716245
0.971787
0.9770656
0.9733615
0.9686993
0.9667672
0.9672726
0.9611796
0.9696183
0.9706061
0.978094
0.970276
0.963663
0.9694885
0.9812005
0.984931
0.9910266
0.9884326
0.9932128
0.9916915
0.9931984
0.9933822
0.9940313
0.9960037
0.9959576
0.989117
0.9805927
0.9821379
0.986387
0.9814979
0.9746501
0.9891626
0.9851647
0.9893859
0.9892198
0.9909257
0.9911943
0.9900626
0.9924963
0.9907379
0.9902477
0.9913097
0.9887224
0.989122
0.9907721
0.9894082
0.9895372
0.9880697
0.9893901
0.9900748
0.9883996
0.9895193
0.9888097
0.9882264
0.9890843
0.9884621
0.989819
0.9963226
0.9951868
0.9861721
0.9820636
0.9849802
0.9881634
0.9876689
0.9904469
0.9953889
0.9959878
0.9948787
0.9895337
0.9910439
0.9919269
0.9926309
0.9906595
0.9940882
0.9950453
0.994888
0.9958858
0.9969955
0.9954848
0.9957914
0.9842105
0.9907586
0.986358
0.9922317
0.9931311
0.9944629
0.9955141
0.9891947
0.9923646
0.9970901
0.9767546
0.
0.9811321
0.981348
0.9801252
0.9787731
0.9786689
0.9793927
0.9783581
0.9776697
0.9731133
0.9769226
0.9813433
0.9803017
0.9740381
0.9740761
0.9750876
0.9697149
0.9760613
0.9794674
0.9811451
0.9755279
0.9742753
0.9795977
0.9849964
0.986362
0.9911085
0.9915659
0.996374
0.9937078
0.9944277
0.9928202
0.9949773
0.995727
0.995909
0.9894796
0.9871807
0.9851117
0.9885381
0.9856021
0.9809778
0.994462
0.9863244
0.988975
0.9911096
0.9940407
0.9917156
0.9915573
0.9924626
0.9911575
0.9886223
0.9927641
0.9929695
0.9875616
0.9900747
0.9867483
0.9920801
0.9886326
0.9887541
0.989743
0.98855
0.9892767
0.9911553
0.988963
0.9894232
0.9886388
0.9902566
0.9954116
0.9958095
0.9853428
0.9834953
0.9808417
0.9850136
0.9889526
0.9928173
0.9950654
0.9935709
0.993963
0.9876332
0.9904363
0.9915831
0.9922156
0.9917872
0.993667
0.9946893
0.9961256
0.996706
0.9969638
0.9958535
0.9961988
0.9840531
0.9905578
0.9890698
0.989332
0.9907233
0.9962162
0.9962731
0.9920782
0.9924108
0.9976277
0.9502241
0.9811321
0.
0.9746551
0.9709234
0.9762215
0.977286
0.9724552
0.9785136
0.9790913
0.9824707
0.9796899
0.9798613
0.9782082
0.977483
0.9769817
0.976506
0.9716977
0.9759103
0.9778846
0.9798334
0.9790633
0.9744966
0.9772814
0.9842261
0.9889039
0.9901877
0.9885412
0.9936428
0.9926185
0.9965784
0.993948
0.9940906
0.9965384
0.9974619
0.9913562
0.9841057
0.9836605
0.9875748
0.9830952
0.9812791
0.9899653
0.9848015
0.9912364
0.9917832
0.9915374
0.9944828
0.9917798
0.9936275
0.9919654
0.9924131
0.992233
0.9902439
0.9916079
0.9900365
0.9894775
0.9912533
0.9931843
0.9913834
0.9930605
0.9911578
0.9903709
0.9910919
0.9862981
0.9904063
0.988115
0.9907103
0.9963994
0.995664
0.9818064
0.983109
0.9860711
0.9829257
0.9866977
0.9916444
0.9958422
0.9924722
0.9936633
0.986813
0.9870347
0.990705
0.9909179
0.9922848
0.9938664
0.9952663
0.9959514
0.9956055
0.9961987
0.9960741
0.9947539
0.9813127
0.9865705
0.9860843
0.9920497
0.9923604
0.9944578
0.995726
0.9924386
0.9920581
0.9954117
0.9680121
0.981348
0.9746551
0.
0.9725399
0.9733788
0.977173
0.9675901
0.9752507
0.9751919
0.9775914
0.9757981
0.9785368
0.9771701
0.9738838
0.9720499
0.9734606
0.9723131
0.9735487
0.9773074
0.9774339
0.9752281
0.9748299
0.9748307
0.9844852
0.9872034
0.9898852
0.9885817
0.9937297
0.9922481
0.9918996
0.9937767
0.9955504
0.9965589
0.9963745
0.9921148
0.9856725
0.9845923
0.9857319
0.9828382
0.9790332
0.991775
0.9867537
0.9877709
0.9912804
0.9931216
0.993241
0.9896873
0.9923849
0.9897562
0.990514
0.9903657
0.9900077
0.9909051
0.992138
0.9897592
0.9892834
0.9903773
0.9921277
0.9880746
0.9896384
0.9882821
0.9903366
0.9884095
0.9922083
0.9873309
0.9893628
0.9951901
0.9961112
0.9823828
0.9827309
0.9844044
0.9839498
0.9839843
0.9913664
0.994784
0.9953425
0.9933873
0.9868456
0.9890659
0.988861
0.9920356
0.9901712
0.9941358
0.9940106
0.9960268
0.995232
0.9974347
0.9969658
0.9973927
0.9822574
0.9862248
0.986149
0.9907079
0.9928065
0.9940271
0.9936472
0.9894389
0.9908815
0.9969365
0.9657399
0.9801252
0.9709234
0.9725399
0.
0.9716491
0.9766402
0.9727032
0.9742834
0.9744288
0.9737281
0.9767538
0.978282
0.9730287
0.9705916
0.9707018
0.96938
0.9671186
0.9708192
0.9775243
0.9778189
0.9729234
0.9700267
0.975052
0.9844308
0.9886091
0.9905581
0.9904908
0.9939971
0.9943188
0.9918238
0.9931726
0.9954185
0.9948435
0.9955968
0.9890653
0.9797279
0.978979
0.9897929
0.9812934
0.9776873
0.9899883
0.9861254
0.9871439
0.9896329
0.9908911
0.9895158
0.9905751
0.9915451
0.9908501
0.9931572
0.9913098
0.9890595
0.9917208
0.9898376
0.9879833
0.9870116
0.9872234
0.9898551
0.9887944
0.9877784
0.9881541
0.9892798
0.9873392
0.98788
0.9860954
0.9893975
0.9963545
0.9948302
0.9843307
0.982877
0.9832737
0.9803469
0.9878174
0.9920416
0.9936687
0.9931973
0.9931857
0.9860791
0.9895775
0.9889011
0.9915455
0.9927536
0.9941583
0.9938084
0.9950204
0.9966462
0.9962799
0.9979101
0.9936034
0.980528
0.9859804
0.9844206
0.9896918
0.9913239
0.9922072
0.9954889
0.9895867
0.9917891
0.9958891
0.9698025
0.9787731
0.9762215
0.9733788
0.9716491
0.
0.9776492
0.9737154
0.9729272
0.97309
0.9764713
0.9749837
0.9808435
0.9761216
0.9739651
0.971409
0.973714
0.9645525
0.971703
0.9755785
0.9793078
0.9772647
0.9710409
0.9780811
0.9830097
0.9855259
0.9925609
0.9893627
0.9936043
0.9915409
0.9937134
0.9943026
0.9931958
0.9954514
0.9976348
0.9900586
0.9828494
0.9816339
0.9866575
0.9809008
0.978101
0.9875558
0.984179
0.9873988
0.988393
0.9907063
0.9929177
0.9928678
0.9909397
0.9921668
0.9919143
0.9914476
0.9886769
0.9877358
0.991875
0.9908647
0.9897791
0.9860118
0.9908295
0.9883132
0.9894921
0.9853864
0.9887955
0.9887341
0.9908163
0.9877049
0.9907689
0.9959566
0.9957143
0.9830721
0.9843413
0.9880342
0.9846754
0.9889171
0.9919398
0.993813
0.9942601
0.9907685
0.9853851
0.990131
0.9910137
0.9920718
0.9898688
0.9926748
0.9941834
0.9950677
0.9970699
0.9958726
0.9965814
0.9966463
0.9840148
0.9890589
0.9855372
0.9908392
0.9930691
0.9953677
0.9953127
0.9909736
0.991351
0.9967869
0.9730364
0.9786689
0.977286
0.977173
0.9766402
0.9776492
0.
0.9776485
0.9741488
0.9768438
0.9760283
0.9747448
0.9792198
0.9556519
0.9759433
0.9700802
0.9733218
0.9672629
0.9746959
0.9755202
0.9776819
0.9755895
0.9751698
0.9770467
0.9826213
0.9900956
0.9891509
0.9906099
0.9932094
0.9919783
0.9939627
0.994004
0.9944683
0.9958624
0.9956736
0.9917495
0.9849899
0.9871772
0.9903085
0.9841625
0.9799693
0.9910916
0.9869738
0.9921561
0.9907259
0.9953693
0.993045
0.9937527
0.9928663
0.9913099
0.9902013
0.9926168
0.9897137
0.9912216
0.9930475
0.9888374
0.9876414
0.9899697
0.987653
0.9901766
0.9903095
0.9901503
0.9886555
0.9881755
0.9904949
0.9892306
0.992105
0.9932134
0.9951185
0.985436
0.9838239
0.9856586
0.9842283
0.9863305
0.9919058
0.9930571
0.9956337
0.9921224
0.988415
0.9902298
0.9901019
0.9932694
0.9942869
0.993473
0.9933103
0.9948459
0.9958768
0.9972417
0.9970101
0.9960248
0.9820109
0.9874513
0.983871
0.9902052
0.9907653
0.9945683
0.9938499
0.9901115
0.9902486
0.9949983
0.9580481
0.9793927
0.9724552
0.9675901
0.9727032
0.9737154
0.9776485
0.
0.9760795
0.9763891
0.9766719
0.9738473
0.9797681
0.9766201
0.973406
0.9714916
0.9730165
0.9672909
0.9745902
0.9770307
0.9794455
0.9696791
0.9704443
0.9751992
0.9832028
0.9899298
0.9873946
0.9913711
0.9943832
0.9914086
0.9953922
0.9917337
0.9953719
0.9959626
0.99766
0.9885797
0.9817068
0.9846085
0.9878582
0.9817718
0.9807483
0.9891659
0.9840297
0.988952
0.9896649
0.9926518
0.9917004
0.9916605
0.9940699
0.990124
0.9890465
0.9915281
0.9899378
0.9895304
0.9936129
0.9903272
0.9883221
0.9894618
0.9906055
0.990181
0.9872123
0.989232
0.9884845
0.9884276
0.9885488
0.9886398
0.9893296
0.9948246
0.9969237
0.982485
0.9813757
0.9828372
0.9847095
0.985189
0.987736
0.9917712
0.9939313
0.9906986
0.9869426
0.9877615
0.9882407
0.9924543
0.9945376
0.9940834
0.9933497
0.9956874
0.9947518
0.9951523
0.9957859
0.9957251
0.9802133
0.9878124
0.9858588
0.9886505
0.9890261
0.9928319
0.995082
0.9884365
0.9897325
0.9943599
0.9694498
0.9783581
0.9785136
0.9752507
0.9742834
0.9729272
0.9741488
0.9760795
0.
0.9744506
0.9736651
0.9732475
0.9775619
0.9684435
0.9699114
0.9707366
0.9697971
0.9654579
0.9715795
0.9757402
0.9781254
0.9729639
0.9683219
0.9747718
0.9806226
0.9859984
0.9913185
0.9902082
0.9930077
0.9930718
0.9928805
0.9934092
0.9936131
0.996731
0.9982908
0.9875264
0.9838046
0.9824224
0.9871934
0.9839875
0.9788489
0.9900165
0.9867218
0.9858956
0.9895954
0.9908367
0.9920627
0.992905
0.9900732
0.992362
0.9887327
0.9916055
0.9901379
0.9907275
0.9888167
0.9894396
0.9877806
0.9884524
0.9876952
0.9909323
0.9890504
0.9888168
0.9900408
0.9883579
0.9873311
0.9891233
0.9888164
0.9960538
0.995845
0.9827015
0.9804513
0.982552
0.9810673
0.9845086
0.9895248
0.995284
0.992945
0.9938483
0.986101
0.9870318
0.9888288
0.9930671
0.9893296
0.9932452
0.9932886
0.995678
0.9950719
0.9955684
0.9970146
0.9952944
0.9809554
0.9872451
0.9871885
0.9910439
0.9899271
0.9940083
0.9957903
0.9927928
0.9906253
0.9962597
0.9684557
0.9776697
0.9790913
0.9751919
0.9744288
0.97309
0.9768438
0.9763891
0.9744506
0.
0.9712916
0.9734479
0.9775358
0.9728042
0.9716785
0.9686765
0.9692276
0.9611291
0.9706833
0.9650727
0.9772541
0.9743604
0.9700455
0.9720735
0.9824807
0.9857534
0.988313
0.9885476
0.9937969
0.9924409
0.9946814
0.9943321
0.9924468
0.995455
0.9966513
0.9891049
0.9797118
0.9778512
0.986356
0.9802269
0.9789571
0.9905042
0.9834296
0.9891524
0.9889435
0.993088
0.9922235
0.9921838
0.9925549
0.9904102
0.9901009
0.9873204
0.9854772
0.9893008
0.9892272
0.9890817
0.9892403
0.9880212
0.9905591
0.9909226
0.9897317
0.9906155
0.9883548
0.9880251
0.9895298
0.989613
0.9856016
0.9950686
0.9957048
0.9830179
0.9841283
0.980692
0.9828356
0.9870819
0.9905708
0.9934064
0.9938206
0.9926282
0.9869987
0.9900116
0.9907355
0.9904362
0.990657
0.9937826
0.9968328
0.9968133
0.9960887
0.9974932
0.997055
0.9968999
0.9826363
0.9883594
0.9818485
0.9929377
0.9920218
0.994196
0.9919106
0.9893649
0.9892759
0.9952591
0.9716245
0.9731133
0.9824707
0.9775914
0.9737281
0.9764713
0.9760283
0.9766719
0.9736651
0.9712916
0.
0.9696463
0.9784831
0.9754132
0.8879786
0.9683772
0.9676893
0.9635558
0.9666927
0.9767397
0.9794836
0.9727366
0.9679279
0.9726302
0.983041
0.9885891
0.9902551
0.9902754
0.9927777
0.9935471
0.99387
0.9927634
0.9951802
0.9960617
0.9949972
0.9898141
0.982982
0.9843616
0.9865091
0.9826726
0.9805786
0.989983
0.9842499
0.9872043
0.9882388
0.9918691
0.9931181
0.990433
0.99265
0.9913991
0.9918667
0.9908293
0.9883076
0.9896204
0.9918299
0.9872981
0.9894542
0.9877751
0.9881801
0.9888585
0.9892819
0.9916804
0.9891176
0.9873884
0.9876041
0.986413
0.9886484
0.993456
0.9973865
0.98385
0.9828263
0.9857528
0.9830696
0.9852024
0.9908929
0.9919005
0.9939731
0.9922539
0.9870686
0.9884058
0.9885399
0.9905891
0.9906989
0.9924026
0.9940058
0.9952032
0.9974168
0.9967317
0.9964413
0.9961988
0.9854919
0.9875522
0.9868312
0.9912327
0.9902808
0.9940194
0.9935156
0.9905408
0.9896561
0.996121
0.971787
0.9769226
0.9796899
0.9757981
0.9767538
0.9749837
0.9747448
0.9738473
0.9732475
0.9734479
0.9696463
0.
0.9784225
0.973326
0.9700892
0.9700222
0.9675248
0.9636188
0.9701842
0.9759479
0.9780793
0.962803
0.9676818
0.9728845
0.9818608
0.9870111
0.9899289
0.9892781
0.9922406
0.9933614
0.9917243
0.9924771
0.9933067
0.9938176
0.9958972
0.989858
0.9847066
0.9815956
0.9856187
0.9819785
0.9808483
0.9918077
0.984104
0.9881385
0.9881851
0.9910388
0.9937944
0.9897758
0.9905987
0.9906409
0.9922227
0.9912959
0.9897644
0.9895962
0.9878339
0.9886792
0.9899765
0.9896251
0.9905118
0.990326
0.9892061
0.9895156
0.9895013
0.9891794
0.9869173
0.9881344
0.9895099
0.9940051
0.9957126
0.9871715
0.9840919
0.9840279
0.9850306
0.988916
0.9924469
0.992236
0.9920702
0.9943367
0.9893428
0.9897845
0.9914241
0.9900504
0.9907181
0.990571
0.9934072
0.9950586
0.9954961
0.9960555
0.9957602
0.9964232
0.9862239
0.9867557
0.9853681
0.9918751
0.993293
0.994423
0.9945117
0.9924568
0.9897237
0.996748
0.9770656
0.9813433
0.9798613
0.9785368
0.978282
0.9808435
0.9792198
0.9797681
0.9775619
0.9775358
0.9784831
0.9784225
0.
0.9809148
0.9732774
0.9782246
0.9671465
0.9727957
0.9745956
0.9791619
0.2725585
0.9758476
0.9745565
0.9809672
0.9851865
0.9862256
0.9904296
0.9924295
0.9943389
0.9922338
0.9941161
0.9943051
0.9944629
0.9961905
0.9967125
0.9900141
0.9862646
0.9796883
0.9867534
0.9827135
0.9827569
0.9912874
0.9849229
0.9909306
0.9909736
0.991221
0.9911329
0.9930683
0.9931727
0.9893187
0.9922859
0.9918409
0.9897488
0.9889871
0.9922342
0.9885627
0.9890373
0.9890387
0.9904475
0.9899244
0.9917304
0.9914051
0.9898798
0.9895366
0.991313
0.9899216
0.9897581
0.9957107
0.9947974
0.9810594
0.9846481
0.9837996
0.9826426
0.9876483
0.9915589
0.994096
0.9950586
0.9918232
0.9851625
0.9883587
0.9908688
0.9903269
0.9927293
0.992278
0.993923
0.9949612
0.9956539
0.9959346
0.9959333
0.9970881
0.9810427
0.9865456
0.9835451
0.9922585
0.9925194
0.9947224
0.9940994
0.9888787
0.9909574
0.9954982
0.9733615
0.9803017
0.9782082
0.9771701
0.9730287
0.9761216
0.9556519
0.9766201
0.9684435
0.9728042
0.9754132
0.973326
0.9809148
0.
0.9696017
0.9684505
0.9688316
0.9645962
0.9694212
0.9723951
0.9806122
0.9723249
0.9703187
0.9758363
0.984114
0.9864731
0.9901688
0.9900159
0.9925661
0.992427
0.9921437
0.9936816
0.9952235
0.996624
0.99506
0.9914012
0.9831065
0.9819518
0.9855831
0.9815382
0.9798648
0.9897238
0.9822724
0.9901465
0.9903399
0.9921992
0.9914696
0.9919934
0.9924456
0.9897257
0.9908107
0.9911424
0.9888334
0.9896692
0.9899629
0.9906382
0.9885191
0.9878848
0.9906993
0.9911409
0.9907118
0.9883244
0.9897528
0.9880698
0.986194
0.9865431
0.9917159
0.9960682
0.9970541
0.979964
0.9824447
0.9803281
0.983416
0.9827509
0.9913036
0.9920801
0.9934697
0.9917031
0.9834354
0.9883336
0.9889346
0.990767
0.9914523
0.9942886
0.9947218
0.9953941
0.9959328
0.9954719
0.9976072
0.9966783
0.9785031
0.9866054
0.9838785
0.9895553
0.9916646
0.9950955
0.9949692
0.9877927
0.9899941
0.9959764
0.9686993
0.9740381
0.977483
0.9738838
0.9705916
0.9739651
0.9759433
0.973406
0.9699114
0.9716785
0.8879786
0.9700892
0.9732774
0.9696017
0.
0.9630166
0.9645529
0.9579027
0.9673745
0.9706137
0.9729914
0.9685254
0.9634951
0.9748785
0.9812563
0.9867457
0.9885488
0.9902275
0.9945832
0.9916653
0.9930141
0.9944887
0.9947617
0.9970693
0.9972135
0.9865209
0.9797253
0.980765
0.9854948
0.9806972
0.9772822
0.9903162
0.9843117
0.9873459
0.9880383
0.9903365
0.991052
0.990857
0.9897808
0.9911526
0.9881345
0.9901055
0.9877638
0.9890191
0.9897817
0.9879213
0.9877375
0.985927
0.9870067
0.9892944
0.9880895
0.988464
0.9875346
0.986927
0.9856359
0.9873418
0.9878987
0.9964778
0.995363
0.9783584
0.9779222
0.9815894
0.9812648
0.9850085
0.99149
0.9936872
0.9938339
0.9924883
0.9852178
0.9883578
0.990421
0.9918866
0.9910992
0.992602
0.995111
0.9957152
0.9943722
0.9965878
0.9960292
0.9964695
0.9820289
0.9841746
0.9824549
0.9899094
0.9912861
0.9937132
0.9940036
0.9897631
0.9923728
0.9951196
0.9667672
0.9740761
0.9769817
0.9720499
0.9707018
0.971409
0.9700802
0.9714916
0.9707366
0.9686765
0.9683772
0.9700222
0.9782246
0.9684505
0.9630166
0.
0.9621563
0.957969
0.9649478
0.9701717
0.9782758
0.9681087
0.9623319
0.9738519
0.9819404
0.9865133
0.9886224
0.9913387
0.9928305
0.9919682
0.9921922
0.992976
0.994369
0.9965821
0.9966252
0.9885245
0.9819398
0.9834199
0.9880028
0.9802411
0.9776437
0.990901
0.9828908
0.9881299
0.9866607
0.9912394
0.9915688
0.9925217
0.9919139
0.9888665
0.991479
0.9917459
0.9897174
0.9874806
0.9896671
0.9879127
0.9883405
0.9881188
0.9887188
0.9898198
0.989175
0.9892881
0.985847
0.9876786
0.9888711
0.9872412
0.9885524
0.9963504
0.9967718
0.9806128
0.9814941
0.981585
0.9813924
0.9858216
0.9916641
0.9931346
0.9941809
0.9918897
0.9866919
0.985267
0.9893593
0.9895518
0.9897873
0.9931253
0.9929929
0.9944247
0.9945791
0.9970402
0.9952216
0.997173
0.9782711
0.9851272
0.9839553
0.9895667
0.989177
0.9934028
0.9941935
0.9880022
0.9894217
0.9948556
0.9672726
0.9750876
0.976506
0.9734606
0.96938
0.973714
0.9733218
0.9730165
0.9697971
0.9692276
0.9676893
0.9675248
0.9671465
0.9688316
0.9645529
0.9621563
0.
0.955641
0.9630004
0.9698368
0.9674093
0.9652689
0.9600439
0.9741745
0.9817015
0.9839784
0.9885502
0.989111
0.9906804
0.9901999
0.993656
0.9948734
0.9932838
0.995546
0.9943206
0.9896024
0.9816653
0.9770861
0.9861354
0.9784647
0.9775934
0.9889498
0.9833568
0.9884167
0.9876847
0.9922029
0.9903321
0.9905456
0.9903979
0.988639
0.9907237
0.9903113
0.9893666
0.9882155
0.9902402
0.9858789
0.9897079
0.9902435
0.986265
0.9867142
0.988657
0.9895371
0.9879115
0.98673
0.9875847
0.9853596
0.9893052
0.9958775
0.997049
0.9793739
0.9790056
0.9803163
0.978788
0.9839668
0.9894451
0.9934759
0.9931921
0.9940156
0.9842481
0.9882912
0.9881075
0.9899727
0.9913159
0.9916898
0.9931034
0.9952331
0.9954576
0.9966169
0.9954462
0.9967591
0.9806093
0.9844249
0.9853061
0.9895053
0.9913429
0.9932708
0.9949652
0.9903114
0.9890784
0.9959855
0.9611796
0.9697149
0.9716977
0.9723131
0.9671186
0.9645525
0.9672629
0.9672909
0.9654579
0.9611291
0.9635558
0.9636188
0.9727957
0.9645962
0.9579027
0.957969
0.955641
0.
0.9600243
0.9671836
0.9722785
0.9612202
0.9459786
0.9676048
0.9788317
0.9820814
0.9857043
0.9891354
0.9912852
0.9916128
0.9923114
0.994117
0.9936847
0.9962229
0.9962501
0.9889953
0.9771344
0.9780957
0.9841881
0.9780772
0.9739975
0.988271
0.9827698
0.9862683
0.9889042
0.9923438
0.9924607
0.9902327
0.9897039
0.9885419
0.9892336
0.9899673
0.9873847
0.9881961
0.9892246
0.9883427
0.9893913
0.9880101
0.9892372
0.9886991
0.9869604
0.9892209
0.9879321
0.986208
0.9877047
0.985308
0.9871086
0.9952918
0.9962775
0.9824498
0.9789999
0.9799926
0.9821992
0.985061
0.9898131
0.9933781
0.9927421
0.9921965
0.9895584
0.9893301
0.9873133
0.989717
0.9915763
0.9949622
0.9958739
0.9955869
0.995867
0.9958514
0.9967553
0.9967153
0.9780013
0.9847637
0.9824506
0.9881426
0.9908544
0.9946591
0.995332
0.9898217
0.9904437
0.9958193
0.9696183
0.9760613
0.9759103
0.9735487
0.9708192
0.971703
0.9746959
0.9745902
0.9715795
0.9706833
0.9666927
0.9701842
0.9745956
0.9694212
0.9673745
0.9649478
0.9630004
0.9600243
0.
0.9735926
0.9733952
0.9700998
0.9629975
0.9729698
0.9823439
0.9875785
0.9898485
0.9911847
0.9932643
0.993157
0.9928205
0.9952684
0.9930986
0.9954804
0.9959751
0.9877541
0.9827855
0.9787676
0.9868109
0.9806668
0.977784
0.9896604
0.9832458
0.9886484
0.9879427
0.9893168
0.9910866
0.9908884
0.9907245
0.9904258
0.9889706
0.9905441
0.9881706
0.9904501
0.9891259
0.9866501
0.9886392
0.985969
0.9860619
0.9867173
0.9867468
0.9907725
0.9868465
0.9864854
0.9884889
0.9855785
0.9875569
0.9952758
0.9957405
0.9830663
0.9836126
0.9828078
0.9872798
0.985717
0.9908921
0.9923825
0.9940183
0.9914006
0.9885517
0.9880008
0.9902203
0.9933086
0.9931707
0.9916401
0.9932377
0.9966074
0.9958024
0.9960231
0.9971098
0.9964478
0.978708
0.9897567
0.983947
0.9919571
0.9923715
0.9931223
0.9940372
0.9916758
0.9898188
0.994758
0.9706061
0.9794674
0.9778846
0.9773074
0.9775243
0.9755785
0.9755202
0.9770307
0.9757402
0.9650727
0.9767397
0.9759479
0.9791619
0.9723951
0.9706137
0.9701717
0.9698368
0.9671836
0.9735926
0.
0.9801414
0.9761178
0.9710152
0.976677
0.9852884
0.9880765
0.9911869
0.9878458
0.9931835
0.9918151
0.9949642
0.9934225
0.9935387
0.9967403
0.9964391
0.9871059
0.9827441
0.9805473
0.9863512
0.9825089
0.9803565
0.9883644
0.98146
0.9890261
0.9915273
0.9913004
0.9908889
0.990409
0.9929425
0.988589
0.988687
0.9905162
0.9886339
0.9883193
0.9888913
0.9883996
0.9908472
0.9888036
0.9896743
0.9882592
0.9909776
0.9884619
0.9885402
0.9839703
0.9875383
0.9874181
0.9901591
0.9941185
0.9960875
0.9874537
0.9824123
0.9845705
0.9859034
0.9886376
0.9923195
0.9919623
0.9917987
0.9944429
0.9881358
0.98949
0.9916815
0.9902167
0.9903651
0.9916431
0.9929752
0.9948725
0.9957259
0.9958441
0.9965616
0.9963472
0.9868234
0.9874178
0.98688
0.9917603
0.9932799
0.9939641
0.9940583
0.9918138
0.9889778
0.9965207
0.978094
0.9811451
0.9798334
0.9774339
0.9778189
0.9793078
0.9776819
0.9794455
0.9781254
0.9772541
0.9794836
0.9780793
0.2725585
0.9806122
0.9729914
0.9782758
0.9674093
0.9722785
0.9733952
0.9801414
0.
0.9761256
0.9735927
0.9802998
0.9840462
0.9864101
0.9907925
0.9926587
0.9949308
0.9921087
0.9946166
0.9945413
0.9944278
0.9964086
0.9969244
0.9904378
0.9866751
0.9794383
0.9871974
0.9823238
0.9835763
0.9918242
0.984141
0.9914499
0.9910001
0.9905748
0.9910261
0.9929297
0.9926517
0.9900205
0.9924175
0.9904607
0.9890318
0.9889197
0.9905968
0.9891345
0.9885941
0.9888462
0.9912302
0.9893419
0.9918679
0.9909291
0.9894213
0.9899571
0.9898533
0.9899645
0.9900485
0.9953188
0.9967439
0.9816772
0.9793199
0.9808253
0.9843407
0.9879071
0.991077
0.9947984
0.9950689
0.9924334
0.9880285
0.9883535
0.989418
0.9912069
0.9924733
0.9932833
0.9951883
0.9950689
0.9958306
0.9965776
0.9947604
0.995177
0.9833358
0.9844589
0.9857108
0.9922844
0.991909
0.9951233
0.9930252
0.9907285
0.9900377
0.9972225
0.970276
0.9755279
0.9790633
0.9752281
0.9729234
0.9772647
0.9755895
0.9696791
0.9729639
0.9743604
0.9727366
0.962803
0.9758476
0.9723249
0.9685254
0.9681087
0.9652689
0.9612202
0.9700998
0.9761178
0.9761256
0.
0.9678018
0.9750291
0.9818001
0.9877941
0.9885012
0.9892168
0.9921457
0.99182
0.9938942
0.9949294
0.9924528
0.9949432
0.9960409
0.9876651
0.9835888
0.9810547
0.985087
0.9817532
0.978635
0.9905585
0.981824
0.9879983
0.9891963
0.9908606
0.9926045
0.9920298
0.9907846
0.9905602
0.988321
0.9907706
0.9897817
0.989527
0.9927926
0.9887074
0.9912969
0.9888582
0.9901733
0.9901631
0.9887059
0.9891015
0.9917912
0.9881616
0.9892169
0.985907
0.9888406
0.9944193
0.9962679
0.9821095
0.9787319
0.9819435
0.9807257
0.982922
0.9914298
0.9937957
0.9924694
0.9926601
0.9849505
0.986262
0.9907076
0.9917043
0.9901506
0.9913505
0.9938762
0.9961506
0.9955009
0.9960878
0.9958206
0.9957156
0.9795677
0.9831377
0.9845914
0.9887073
0.9915131
0.9940828
0.994389
0.9898448
0.9905672
0.9961326
0.963663
0.9742753
0.9744966
0.9748299
0.9700267
0.9710409
0.9751698
0.9704443
0.9683219
0.9700455
0.9679279
0.9676818
0.9745565
0.9703187
0.9634951
0.9623319
0.9600439
0.9459786
0.9629975
0.9710152
0.9735927
0.9678018
0.
0.9701154
0.9814853
0.984112
0.9885084
0.990289
0.9931897
0.994189
0.9941394
0.9947446
0.9924754
0.995482
0.9971888
0.9874029
0.9833572
0.9808939
0.9882204
0.9833173
0.9751957
0.9902331
0.9834846
0.9874591
0.9884978
0.9914119
0.9925827
0.9905165
0.9903327
0.9915686
0.9884437
0.9903252
0.9887936
0.9893703
0.990204
0.9884047
0.9902064
0.9873197
0.9889592
0.9876313
0.988468
0.9906871
0.9882975
0.9855701
0.9884008
0.9881438
0.9862617
0.9951905
0.9940097
0.9845966
0.9850732
0.9841526
0.9839609
0.9853087
0.9904033
0.9940171
0.9933856
0.9936204
0.98921
0.9885829
0.9911391
0.9931545
0.9927806
0.9922197
0.9939217
0.9949859
0.9964939
0.9958433
0.9949552
0.9962844
0.9816983
0.9866912
0.9866169
0.9938794
0.990429
0.9943112
0.996226
0.9883362
0.9917432
0.9945181
0.9694885
0.9795977
0.9772814
0.9748307
0.975052
0.9780811
0.9770467
0.9751992
0.9747718
0.9720735
0.9726302
0.9728845
0.9809672
0.9758363
0.9748785
0.9738519
0.9741745
0.9676048
0.9729698
0.976677
0.9802998
0.9750291
0.9701154
0.
0.9853527
0.9877806
0.9906728
0.9908107
0.9936926
0.992521
0.9926393
0.9938571
0.9943489
0.9969724
0.9953716
0.9869266
0.9813599
0.9824224
0.9856243
0.9844044
0.9769858
0.989619
0.9836409
0.987928
0.9884393
0.9898621
0.9916773
0.991403
0.9914027
0.9890448
0.9898282
0.9905872
0.9885161
0.9876196
0.9907086
0.9894021
0.9911534
0.9919346
0.9908277
0.9895856
0.9908429
0.9866681
0.9896575
0.9859093
0.9870472
0.989476
0.9874618
0.9944718
0.997678
0.982781
0.9850892
0.9864673
0.9854105
0.9855974
0.993761
0.9942495
0.9952719
0.9922768
0.9860178
0.9896415
0.9894313
0.9929384
0.9922179
0.9905751
0.9950176
0.9958653
0.9972636
0.9969391
0.9953995
0.9965593
0.9875875
0.9886702
0.9871422
0.9909993
0.992862
0.9929504
0.995734
0.992678
0.9916574
0.9979864
0.9812005
0.9849964
0.9842261
0.9844852
0.9844308
0.9830097
0.9826213
0.9832028
0.9806226
0.9824807
0.983041
0.9818608
0.9851865
0.984114
0.9812563
0.9819404
0.9817015
0.9788317
0.9823439
0.9852884
0.9840462
0.9818001
0.9814853
0.9853527
0.
0.9883974
0.991707
0.9887721
0.9925187
0.9935537
0.9923066
0.9936206
0.9944991
0.9967752
0.9965485
0.9901294
0.9840864
0.9846188
0.9908246
0.9874946
0.9826131
0.991322
0.9877669
0.9899042
0.9920784
0.9953639
0.9944942
0.994003
0.994367
0.9914611
0.9951897
0.9922995
0.9910655
0.9926881
0.9931089
0.9908875
0.9912281
0.9904363
0.9953113
0.9932026
0.9913872
0.9934006
0.9909187
0.9913291
0.9910864
0.9922481
0.9924456
0.9986434
0.9973464
0.9846992
0.9877413
0.9899307
0.98991
0.9869894
0.9927761
0.9952226
0.9944316
0.9963483
0.990412
0.9912132
0.9920536
0.9917871
0.9930591
0.9939572
0.9967791
0.9967433
0.9952086
0.9967839
0.9949627
0.9971068
0.9867953
0.9909555
0.9873172
0.9921836
0.9910886
0.9949268
0.9942682
0.9927885
0.9914909
0.9979575
0.984931
0.986362
0.9889039
0.9872034
0.9886091
0.9855259
0.9900956
0.9899298
0.9859984
0.9857534
0.9885891
0.9870111
0.9862256
0.9864731
0.9867457
0.9865133
0.9839784
0.9820814
0.9875785
0.9880765
0.9864101
0.9877941
0.984112
0.9877806
0.9883974
0.
0.9910201
0.9901989
0.9947377
0.9928497
0.9924987
0.9934545
0.9934555
0.9983877
0.9970948
0.9954857
0.9885027
0.9852039
0.9895723
0.9883706
0.9875285
0.9950402
0.9890603
0.9930623
0.9937362
0.9951448
0.9942197
0.9958578
0.9950897
0.9936655
0.9944294
0.9911282
0.995818
0.9912781
0.9936635
0.9930417
0.9937746
0.9937756
0.9939483
0.9932765
0.9931417
0.9927078
0.994233
0.993539
0.9948512
0.9940323
0.9940979
0.9956501
0.99743
0.9935055
0.9922376
0.9909815
0.9916456
0.9894566
0.9927235
0.9962184
0.9954837
0.9978582
0.9906222
0.9927429
0.9946583
0.9939168
0.9940913
0.9952013
0.9950739
0.9954837
0.9967573
0.9972285
0.9964673
0.9981747
0.9904389
0.9942098
0.9926753
0.9936217
0.9932361
0.9953895
0.9964606
0.9929475
0.9911581
0.997684
0.9910266
0.9911085
0.9901877
0.9898852
0.9905581
0.9925609
0.9891509
0.9873946
0.9913185
0.988313
0.9902551
0.9899289
0.9904296
0.9901688
0.9885488
0.9886224
0.9885502
0.9857043
0.9898485
0.9911869
0.9907925
0.9885012
0.9885084
0.9906728
0.991707
0.9910201
0.
0.9933368
0.9916996
0.9955724
0.9971843
0.9951144
0.9933226
0.9941565
0.9973767
0.9951739
0.9893617
0.9919072
0.9909317
0.9890273
0.9892561
0.9927536
0.9895647
0.99171
0.9942915
0.996712
0.9953281
0.9964509
0.9934587
0.9933816
0.9938975
0.9963986
0.9939541
0.9953815
0.9970054
0.9928444
0.994513
0.9970686
0.9935383
0.9956913
0.9945387
0.9920604
0.9924827
0.9949942
0.9977029
0.9918981
0.9921964
0.9948025
0.9983366
0.9885396
0.9877839
0.9886668
0.9912483
0.9927106
0.9935954
0.9951777
0.9956644
0.9956477
0.992396
0.9941227
0.9912195
0.9931336
0.9945934
0.9944481
0.9942109
0.9977093
0.9959667
0.9970117
0.9959173
0.9974612
0.9938253
0.992829
0.9933969
0.9957815
0.9950595
0.9947808
0.9962025
0.9931658
0.994503
0.9952646
0.9884326
0.9915659
0.9885412
0.9885817
0.9904908
0.9893627
0.9906099
0.9913711
0.9902082
0.9885476
0.9902754
0.9892781
0.9924295
0.9900159
0.9902275
0.9913387
0.989111
0.9891354
0.9911847
0.9878458
0.9926587
0.9892168
0.990289
0.9908107
0.9887721
0.9901989
0.9933368
0.
0.995409
0.9948349
0.9944419
0.9954955
0.9948314
0.9928669
0.9980153
0.9933732
0.9934147
0.9908902
0.9932723
0.9902582
0.9892473
0.9927377
0.9900872
0.9934827
0.9895584
0.9953151
0.9943413
0.994437
0.9961022
0.9980306
0.9952545
0.9951116
0.9935815
0.9920906
0.9914821
0.9924099
0.9925109
0.9956459
0.995029
0.993135
0.992965
0.9932432
0.9926625
0.9965412
0.9897918
0.9940925
0.9937701
0.9986988
0.9982257
0.9954506
0.9937921
0.994827
0.9969828
0.9966894
0.993588
0.9977862
0.9977714
0.9961551
0.9940025
0.9954055
0.9956432
0.9960327
0.9974019
0.9951613
0.9946692
0.9968133
0.9976166
0.9979282
0.9972328
0.997461
0.9957382
0.9977164
0.9940043
0.9969689
0.994543
0.9967235
0.9977904
0.9903769
0.9972145
0.9957219
0.9932128
0.996374
0.9936428
0.9937297
0.9939971
0.9936043
0.9932094
0.9943832
0.9930077
0.9937969
0.9927777
0.9922406
0.9943389
0.9925661
0.9945832
0.9928305
0.9906804
0.9912852
0.9932643
0.9931835
0.9949308
0.9921457
0.9931897
0.9936926
0.9925187
0.9947377
0.9916996
0.995409
0.
0.9967338
0.996043
0.9965066
0.9954254
0.9982615
0.9963424
0.9943546
0.9950459
0.9960015
0.994312
0.995098
0.9955738
0.9960233
0.9927194
0.9951597
0.9963551
0.9965586
0.9969797
0.9981193
0.9955602
0.9978842
0.9958463
0.9954082
0.9927946
0.9964204
0.9943935
0.9942007
0.9950409
0.9945437
0.993059
0.9940387
0.9945746
0.9941506
0.9947421
0.9939276
0.9956522
0.994668
0.9964303
0.9959692
0.9987913
0.9931047
0.9945345
0.993731
0.9945499
0.9924655
0.9944282
0.9978761
0.9982175
0.9942425
0.9924883
0.9937795
0.9940269
0.9923975
0.9954351
0.9961618
0.9950946
0.9978602
0.9984627
0.9956913
0.9968664
0.9979347
0.9927444
0.9930478
0.9933041
0.996686
0.9936861
0.9970545
0.9961076
0.9964984
0.9935205
0.9983838
0.9916915
0.9937078
0.9926185
0.9922481
0.9943188
0.9915409
0.9919783
0.9914086
0.9930718
0.9924409
0.9935471
0.9933614
0.9922338
0.992427
0.9916653
0.9919682
0.9901999
0.9916128
0.993157
0.9918151
0.9921087
0.99182
0.994189
0.992521
0.9935537
0.9928497
0.9955724
0.9948349
0.9967338
0.
0.9934231
0.9951519
0.9942157
0.9968442
0.9983347
0.9960751
0.9958968
0.992227
0.9919527
0.9899028
0.9904346
0.9918153
0.9911374
0.9952582
0.9960034
0.9949126
0.9936248
0.9949615
0.9951303
0.9968023
0.994302
0.9960959
0.9952234
0.9972044
0.993865
0.9961507
0.9945873
0.9929539
0.9948718
0.9959427
0.9946222
0.9944268
0.9931544
0.9901779
0.9920844
0.993395
0.9927292
0.9980777
0.9974414
0.995041
0.9932249
0.9961112
0.9916788
0.9928986
0.9963448
0.9966518
0.9958724
0.9928085
0.9944252
0.9906977
0.9927835
0.9952247
0.9943587
0.9916641
0.9963289
0.9954955
0.9963459
0.9954527
0.9966928
0.9960578
0.9934993
0.9949239
0.9938095
0.9901876
0.9962512
0.996124
0.9970315
0.9954407
0.9955042
0.9982913
0.9931984
0.9944277
0.9965784
0.9918996
0.9918238
0.9937134
0.9939627
0.9953922
0.9928805
0.9946814
0.99387
0.9917243
0.9941161
0.9921437
0.9930141
0.9921922
0.993656
0.9923114
0.9928205
0.9949642
0.9946166
0.9938942
0.9941394
0.9926393
0.9923066
0.9924987
0.9971843
0.9944419
0.996043
0.9934231
0.
0.9959501
0.9939394
0.9970858
1.
0.9956294
0.9943741
0.991818
0.9929199
0.9948483
0.994014
0.996063
0.9937202
0.9931601
0.994352
0.9943522
0.9962133
0.9969202
0.9967291
0.9945438
0.9931811
0.9968162
0.9976704
0.995929
0.9947917
0.9954299
0.9938185
0.9963575
0.996085
0.9960718
0.9963808
0.9961549
0.9983036
0.9947959
0.9934462
0.9959028
0.9962477
0.9935614
0.9964254
0.9943525
0.9946735
0.9950328
0.9938468
0.9940633
0.994959
0.9953488
0.9984418
0.995283
0.9923334
0.9941256
0.9984198
0.995661
0.9926335
0.995232
0.9965649
0.9996109
0.9983072
0.999139
0.993498
0.9981677
0.9916509
0.9947978
0.995613
0.9934757
0.9941748
0.9963651
0.996136
0.9959209
0.99401
0.994614
0.9933822
0.9928202
0.993948
0.9937767
0.9931726
0.9943026
0.994004
0.9917337
0.9934092
0.9943321
0.9927634
0.9924771
0.9943051
0.9936816
0.9944887
0.992976
0.9948734
0.994117
0.9952684
0.9934225
0.9945413
0.9949294
0.9947446
0.9938571
0.9936206
0.9934545
0.9951144
0.9954955
0.9965066
0.9951519
0.9959501
0.
0.995935
0.9978251
0.9976873
0.9948872
0.9925987
0.9934893
0.995
0.9927819
0.9949548
0.9946759
0.9955772
0.9949396
0.9981663
0.99484
0.9983719
0.9942565
0.9978541
0.9902546
0.9938857
0.995517
0.996089
0.9967036
0.9946285
0.9979442
0.9947947
0.9962471
0.9927746
0.9976912
0.9942529
0.9963246
0.9962044
0.9969049
0.9963565
0.9954993
0.9958621
0.9970098
0.9980852
0.9919533
0.9947122
0.9938462
0.9929778
0.9936277
0.9966964
0.9958831
0.9970966
0.9945607
0.9929121
0.9948562
0.9955971
0.9966747
0.9919459
0.9946524
0.9963518
0.99543
0.9968283
0.998155
0.996298
0.9965466
0.9925825
0.9933677
0.9898167
0.994103
0.9931857
0.9917856
0.99754
0.9967073
0.9954498
0.9975985
0.9940313
0.9949773
0.9940906
0.9955504
0.9954185
0.9931958
0.9944683
0.9953719
0.9936131
0.9924468
0.9951802
0.9933067
0.9944629
0.9952235
0.9947617
0.994369
0.9932838
0.9936847
0.9930986
0.9935387
0.9944278
0.9924528
0.9924754
0.9943489
0.9944991
0.9934555
0.9933226
0.9948314
0.9954254
0.9942157
0.9939394
0.995935
0.
0.9934488
0.997012
0.9962229
0.9910733
0.994547
0.9900757
0.9905299
0.9933775
0.9963887
0.9935795
0.9941211
0.9899806
0.9960116
0.994496
0.9956463
0.996134
0.9934189
0.9951969
0.9937265
0.9984272
0.9965452
0.9956277
0.9935145
0.9966787
0.9963768
0.9945685
0.9945488
0.9954982
0.9973436
0.9951055
0.9949926
0.9941315
0.9952969
0.9939411
0.9968896
0.9988081
0.994753
0.9937805
0.9973214
0.9971182
0.9957415
0.9950211
0.9960357
0.995491
0.9984902
0.9966997
0.9979371
0.998453
0.996547
0.9981557
0.9992287
1.
0.9964965
0.9966574
0.9977208
0.9977169
0.9993827
0.9970427
0.9967329
0.996613
0.9989381
0.9952569
0.9979112
0.9970385
0.9992401
0.9959134
0.9994023
0.9960037
0.995727
0.9965384
0.9965589
0.9948435
0.9954514
0.9958624
0.9959626
0.996731
0.995455
0.9960617
0.9938176
0.9961905
0.996624
0.9970693
0.9965821
0.995546
0.9962229
0.9954804
0.9967403
0.9964086
0.9949432
0.995482
0.9969724
0.9967752
0.9983877
0.9941565
0.9928669
0.9982615
0.9968442
0.9970858
0.9978251
0.9934488
0.
0.9987492
0.999279
0.9974555
0.994953
0.9935897
0.9965073
0.9978846
0.9977255
0.995706
0.9993349
0.9951834
0.998725
0.9992026
0.996118
0.9962867
0.9958254
0.9970556
0.9985668
0.99783
0.9978386
0.9957005
0.9989448
0.9975887
0.9982794
0.9989712
0.9972404
0.9993179
0.9952862
0.998256
0.9963186
0.9983389
0.996996
0.9973907
0.9988864
0.996749
0.9988779
0.9961152
0.9965438
0.996771
0.9955901
0.998389
0.9968136
0.9994644
0.9972944
0.9970522
0.9989319
0.996439
0.9989154
0.9976681
0.997553
0.9953052
0.9983914
0.9993987
0.9987654
0.9975232
0.9979743
0.9967363
0.9949008
0.9967714
0.9977654
0.9979167
0.9960563
0.9957605
0.9971888
0.9939289
0.9986971
0.9959576
0.995909
0.9974619
0.9963745
0.9955968
0.9976348
0.9956736
0.99766
0.9982908
0.9966513
0.9949972
0.9958972
0.9967125
0.99506
0.9972135
0.9966252
0.9943206
0.9962501
0.9959751
0.9964391
0.9969244
0.9960409
0.9971888
0.9953716
0.9965485
0.9970948
0.9973767
0.9980153
0.9963424
0.9983347
1.
0.9976873
0.997012
0.9987492
0.
0.9942835
0.9983294
0.9966903
0.9978852
0.9975275
0.9958441
0.9955929
0.9955521
0.995453
0.995318
0.9968354
0.9987342
0.997544
0.9980476
0.9976029
0.996121
0.9973595
0.9977169
0.9973465
0.9954785
0.9955506
0.9971067
0.9971077
0.9953052
0.9963768
0.9992844
0.9971821
0.9981685
0.9961417
0.9975618
0.9986034
0.9969262
0.9939086
0.9940785
0.992672
0.9911216
0.9843893
0.9881622
0.9918098
0.9928493
0.9947507
0.9957096
0.994354
0.9900776
0.9905699
0.9938809
0.9915623
0.9914025
0.9950207
0.9961152
0.9980244
0.9961103
0.9982092
0.9956866
0.9981161
0.9824129
0.9890839
0.9898834
0.992442
0.9935339
0.9955842
0.996732
0.9920395
0.9910508
0.9970414
0.989117
0.9894796
0.9913562
0.9921148
0.9890653
0.9900586
0.9917495
0.9885797
0.9875264
0.9891049
0.9898141
0.989858
0.9900141
0.9914012
0.9865209
0.9885245
0.9896024
0.9889953
0.9877541
0.9871059
0.9904378
0.9876651
0.9874029
0.9869266
0.9901294
0.9954857
0.9951739
0.9933732
0.9943546
0.9960751
0.9956294
0.9948872
0.9962229
0.999279
0.9942835
0.
0.9866063
0.9882375
0.9878324
0.9877852
0.9832411
0.9862335
0.9866613
0.9907731
0.9908504
0.9940723
0.9931896
0.9910913
0.9916442
0.9917898
0.9857143
0.9950184
0.9899231
0.990753
0.9905388
0.9890682
0.9918284
0.9905419
0.9954303
0.9933657
0.9898271
0.9929895
0.9907073
0.9879669
0.9915402
0.9945287
0.9874415
0.994898
0.9976559
0.9791401
0.9818546
0.9853994
0.9790442
0.9868078
0.9869979
0.9949989
0.9887912
0.9923094
0.9898363
0.9895557
0.9903064
0.9924922
0.989922
0.9939922
0.9935191
0.9954148
0.9958895
0.9981597
0.9939898
0.994516
0.9825436
0.9810188
0.9795952
0.9890028
0.9877857
0.993311
0.9950054
0.9842688
0.9904096
0.9960028
0.9805927
0.9871807
0.9841057
0.9856725
0.9797279
0.9828494
0.9849899
0.9817068
0.9838046
0.9797118
0.982982
0.9847066
0.9862646
0.9831065
0.9797253
0.9819398
0.9816653
0.9771344
0.9827855
0.9827441
0.9866751
0.9835888
0.9833572
0.9813599
0.9840864
0.9885027
0.9893617
0.9934147
0.9950459
0.9958968
0.9943741
0.9925987
0.9910733
0.9974555
0.9983294
0.9866063
0.
0.9739706
0.9891395
0.9801503
0.9790768
0.9841024
0.9829774
0.9844175
0.9864426
0.9893878
0.9913078
0.9922209
0.992394
0.9923106
0.9893637
0.9917711
0.9871674
0.9906156
0.990086
0.9922222
0.9856301
0.9869389
0.9890009
0.9917552
0.9888462
0.9893135
0.9885313
0.9867802
0.9891911
0.9900829
0.9916415
0.9947299
0.9941833
0.9797097
0.9768935
0.9843416
0.9831494
0.981317
0.98575
0.9935331
0.9921943
0.9919495
0.9874895
0.9891624
0.9879518
0.9918241
0.9909622
0.9917228
0.9937994
0.9976278
0.9970661
0.996352
0.9956621
0.9950507
0.9804111
0.9860599
0.982266
0.9861008
0.9849256
0.9875721
0.9944074
0.9869457
0.9884966
0.9937063
0.9821379
0.9851117
0.9836605
0.9845923
0.978979
0.9816339
0.9871772
0.9846085
0.9824224
0.9778512
0.9843616
0.9815956
0.9796883
0.9819518
0.980765
0.9834199
0.9770861
0.9780957
0.9787676
0.9805473
0.9794383
0.9810547
0.9808939
0.9824224
0.9846188
0.9852039
0.9919072
0.9908902
0.9960015
0.992227
0.991818
0.9934893
0.994547
0.994953
0.9966903
0.9882375
0.9739706
0.
0.989894
0.9765338
0.9761439
0.9824865
0.9813789
0.978308
0.9863714
0.9886708
0.9929646
0.9880008
0.9930307
0.9898778
0.9885057
0.9880908
0.9906786
0.9867389
0.9875442
0.9911781
0.9896288
0.989263
0.9846659
0.9870414
0.9872889
0.9879496
0.9890009
0.9888889
0.9869293
0.9870875
0.9906427
0.9964266
0.9943737
0.9861914
0.9848854
0.9847915
0.9874549
0.9876216
0.9904629
0.9911027
0.9910521
0.9929348
0.9896974
0.992446
0.9922686
0.9899476
0.9945554
0.992757
0.9930722
0.9940524
0.9957167
0.9956647
0.9965318
0.9957869
0.985084
0.9881978
0.9847843
0.9906708
0.9917121
0.9939109
0.9949048
0.9923558
0.9917855
0.99496
0.986387
0.9885381
0.9875748
0.9857319
0.9897929
0.9866575
0.9903085
0.9878582
0.9871934
0.986356
0.9865091
0.9856187
0.9867534
0.9855831
0.9854948
0.9880028
0.9861354
0.9841881
0.9868109
0.9863512
0.9871974
0.985087
0.9882204
0.9856243
0.9908246
0.9895723
0.9909317
0.9932723
0.994312
0.9919527
0.9929199
0.995
0.9900757
0.9935897
0.9978852
0.9878324
0.9891395
0.989894
0.
0.9812813
0.9849062
0.9881643
0.9832083
0.988006
0.9860316
0.9905801
0.994049
0.9929775
0.9929353
0.9951624
0.9902228
0.9910535
0.9878186
0.9921577
0.9937653
0.992936
0.9954397
0.991939
0.9908556
0.9928105
0.9941596
0.9907666
0.9916484
0.9907962
0.9934043
0.990808
0.9936975
0.992222
0.9969061
0.9807272
0.981951
0.9807266
0.9822049
0.9828199
0.9844416
0.9917441
0.9960784
0.9921014
0.9863369
0.9887556
0.9903942
0.9917803
0.990402
0.9926117
0.9936618
0.9946259
0.9961224
0.9967413
0.9956474
0.9948396
0.9828854
0.9814786
0.9820663
0.9862745
0.9893338
0.9938935
0.9956879
0.9882115
0.9893536
0.9931142
0.9814979
0.9856021
0.9830952
0.9828382
0.9812934
0.9809008
0.9841625
0.9817718
0.9839875
0.9802269
0.9826726
0.9819785
0.9827135
0.9815382
0.9806972
0.9802411
0.9784647
0.9780772
0.9806668
0.9825089
0.9823238
0.9817532
0.9833173
0.9844044
0.9874946
0.9883706
0.9890273
0.9902582
0.995098
0.9899028
0.9948483
0.9927819
0.9905299
0.9965073
0.9975275
0.9877852
0.9801503
0.9765338
0.9812813
0.
0.978481
0.9887909
0.9806115
0.9844237
0.9852459
0.9873786
0.9940041
0.9931583
0.9922087
0.9937854
0.9924215
0.9905374
0.989228
0.9908766
0.9900107
0.9897291
0.9866503
0.9887837
0.991799
0.9903695
0.989358
0.9903231
0.9892416
0.9877311
0.9881137
0.9891398
0.9875427
0.9914211
0.9947327
0.9766705
0.9756816
0.9806757
0.9764485
0.984252
0.9905629
0.9904535
0.9931998
0.9875834
0.9854761
0.9895647
0.9886963
0.9908242
0.9908691
0.9940318
0.9919883
0.9974378
0.9946626
0.9957774
0.9961605
0.9974414
0.9800248
0.9799059
0.9772992
0.9892525
0.9875442
0.9891264
0.9913888
0.9843672
0.9863248
0.9953152
0.9746501
0.9809778
0.9812791
0.9790332
0.9776873
0.978101
0.9799693
0.9807483
0.9788489
0.9789571
0.9805786
0.9808483
0.9827569
0.9798648
0.9772822
0.9776437
0.9775934
0.9739975
0.977784
0.9803565
0.9835763
0.978635
0.9751957
0.9769858
0.9826131
0.9875285
0.9892561
0.9892473
0.9955738
0.9904346
0.994014
0.9949548
0.9933775
0.9978846
0.9958441
0.9832411
0.9790768
0.9761439
0.9849062
0.978481
0.
0.982027
0.9808455
0.9798552
0.9823955
0.9869656
0.9895288
0.9879739
0.9921671
0.9897639
0.9879164
0.9893583
0.9888259
0.9847427
0.9914832
0.9891217
0.9877894
0.9882726
0.9882874
0.9877836
0.9847885
0.9893567
0.9909351
0.9868503
0.9871995
0.9865457
0.9873163
0.9932672
0.9984508
0.987677
0.988463
0.9904619
0.9866401
0.9876416
0.9914286
0.9979494
0.9941258
0.9947935
0.9933702
0.9892428
0.9949054
0.9928666
0.9922092
0.9945434
0.9928765
0.9975895
0.9940543
0.9977435
0.997741
0.99762
0.988551
0.9934225
0.9911805
0.9932596
0.9935785
0.9892665
0.9965847
0.9923143
0.9952196
0.9937598
0.9891626
0.994462
0.9899653
0.991775
0.9899883
0.9875558
0.9910916
0.9891659
0.9900165
0.9905042
0.989983
0.9918077
0.9912874
0.9897238
0.9903162
0.990901
0.9889498
0.988271
0.9896604
0.9883644
0.9918242
0.9905585
0.9902331
0.989619
0.991322
0.9950402
0.9927536
0.9927377
0.9960233
0.9918153
0.996063
0.9946759
0.9963887
0.9977255
0.9955929
0.9862335
0.9841024
0.9824865
0.9881643
0.9887909
0.982027
0.
0.9879768
0.9870634
0.9893855
0.9956897
0.9949985
0.9942396
0.9930246
0.9891861
0.9919489
0.9912783
0.9923267
0.9937244
0.9940331
0.9913978
0.9915433
0.9926102
0.9902323
0.9918033
0.9902708
0.9927499
0.9922646
0.9912167
0.9922899
0.9899277
0.9931697
0.9951842
0.9948692
0.985305
0.9830203
0.9846107
0.9838403
0.9886676
0.9902388
0.9914853
0.9926401
0.9914122
0.9907957
0.9889384
0.9909694
0.9925578
0.9930894
0.9920751
0.9929759
0.9964522
0.996771
0.9957286
0.994208
0.9966199
0.9823744
0.9878674
0.9851086
0.9932432
0.9909225
0.9924867
0.9948211
0.988792
0.9896708
0.9940859
0.9851647
0.9863244
0.9848015
0.9867537
0.9861254
0.984179
0.9869738
0.9840297
0.9867218
0.9834296
0.9842499
0.984104
0.9849229
0.9822724
0.9843117
0.9828908
0.9833568
0.9827698
0.9832458
0.98146
0.984141
0.981824
0.9834846
0.9836409
0.9877669
0.9890603
0.9895647
0.9900872
0.9927194
0.9911374
0.9937202
0.9955772
0.9935795
0.995706
0.9955521
0.9866613
0.9829774
0.9813789
0.9832083
0.9806115
0.9808455
0.9879768
0.
0.9897959
0.9902081
0.9898857
0.9927874
0.9956277
0.9938913
0.9898656
0.9920796
0.9911806
0.9899173
0.9923725
0.9926059
0.9904686
0.9929577
0.991776
0.9862394
0.9901865
0.9902382
0.989942
0.9903181
0.9884103
0.9880563
0.9893986
0.9931766
0.9940383
0.9924889
0.9886266
0.9874324
0.98877
0.9897997
0.9877301
0.9875227
0.9948171
0.9926199
0.9925857
0.9929188
0.9919859
0.9930757
0.9927659
0.9906329
0.9940151
0.9963877
0.9926199
0.9960784
0.9966887
0.9973501
0.9954845
0.9877228
0.9838015
0.9837861
0.9879012
0.9907358
0.9921011
0.9923734
0.9857143
0.9932487
0.9928181
0.9893859
0.988975
0.9912364
0.9877709
0.9871439
0.9873988
0.9921561
0.988952
0.9858956
0.9891524
0.9872043
0.9881385
0.9909306
0.9901465
0.9873459
0.9881299
0.9884167
0.9862683
0.9886484
0.9890261
0.9914499
0.9879983
0.9874591
0.987928
0.9899042
0.9930623
0.99171
0.9934827
0.9951597
0.9952582
0.9931601
0.9949396
0.9941211
0.9993349
0.995453
0.9907731
0.9844175
0.978308
0.988006
0.9844237
0.9798552
0.9870634
0.9897959
0.
0.985998
0.9927798
0.9968161
0.992161
0.9939241
0.9904639
0.991673
0.9953052
0.9905095
0.9892768
0.9903346
0.9887006
0.9947103
0.990099
0.9908478
0.9913085
0.9937784
0.9912281
0.9917255
0.9938737
0.9901037
0.9903188
0.9928141
0.9948169
0.9988684
0.9870933
0.9886071
0.9842037
0.9874164
0.9923155
0.9890419
0.9953115
0.9918782
0.9932065
0.9908826
0.9921195
0.9937873
0.992731
0.9934534
0.9946479
0.9950364
0.9969697
0.9945652
0.9989011
0.9922481
0.9961315
0.9897599
0.9827511
0.9847568
0.9877529
0.9899454
0.9951372
0.9939759
0.9902043
0.9905855
0.9969697
0.9892198
0.9911096
0.9917832
0.9912804
0.9896329
0.988393
0.9907259
0.9896649
0.9895954
0.9889435
0.9882388
0.9881851
0.9909736
0.9903399
0.9880383
0.9866607
0.9876847
0.9889042
0.9879427
0.9915273
0.9910001
0.9891963
0.9884978
0.9884393
0.9920784
0.9937362
0.9942915
0.9895584
0.9963551
0.9960034
0.994352
0.9981663
0.9899806
0.9951834
0.995318
0.9908504
0.9864426
0.9863714
0.9860316
0.9852459
0.9823955
0.9893855
0.9902081
0.985998
0.
0.9915203
0.9950966
0.9932127
0.9928787
0.9933259
0.9898962
0.9933226
0.9930089
0.9930295
0.9936051
0.9944722
0.9903821
0.9935233
0.991712
0.9945596
0.9909631
0.9921059
0.9924024
0.9867381
0.9865346
0.9898451
0.9917808
0.9960676
0.9943107
0.9930502
0.9917744
0.990717
0.9920101
0.9906195
0.9909742
0.9946768
0.996173
0.9895389
0.9947583
0.9962113
0.9945227
0.9957253
0.9963877
0.99279
0.9947507
0.998855
0.9937604
0.9957752
0.9970427
0.997313
0.9911638
0.9929792
0.9917855
0.9938686
0.9965068
0.9940523
0.9973515
0.9931889
0.9964099
0.9973753
0.9909257
0.9940407
0.9915374
0.9931216
0.9908911
0.9907063
0.9953693
0.9926518
0.9908367
0.993088
0.9918691
0.9910388
0.991221
0.9921992
0.9903365
0.9912394
0.9922029
0.9923438
0.9893168
0.9913004
0.9905748
0.9908606
0.9914119
0.9898621
0.9953639
0.9951448
0.996712
0.9953151
0.9965586
0.9949126
0.9943522
0.99484
0.9960116
0.998725
0.9968354
0.9940723
0.9893878
0.9886708
0.9905801
0.9873786
0.9869656
0.9956897
0.9898857
0.9927798
0.9915203
0.
0.9961489
0.988317
0.9957666
0.9913473
0.9939813
0.9860368
0.9859366
0.977136
0.9923417
0.9903818
0.9908467
0.9911378
0.9934548
0.9899713
0.9891861
0.9842076
0.9919122
0.9859826
0.9925125
0.9894003
0.992083
0.9959199
0.9979567
0.9926843
0.9904798
0.9884704
0.992671
0.9926254
0.9958604
0.9935252
0.9985575
0.9956364
0.9949105
0.9954712
0.9952381
0.9948073
0.994233
0.996124
0.9943242
0.9974729
0.9976626
0.9956349
0.9960286
0.9958036
0.9934354
0.9945861
0.9913753
0.993007
0.9939284
0.9936425
0.9974973
0.9937962
0.9956454
0.997541
0.9911943
0.9917156
0.9944828
0.993241
0.9895158
0.9929177
0.993045
0.9917004
0.9920627
0.9922235
0.9931181
0.9937944
0.9911329
0.9914696
0.991052
0.9915688
0.9903321
0.9924607
0.9910866
0.9908889
0.9910261
0.9926045
0.9925827
0.9916773
0.9944942
0.9942197
0.9953281
0.9943413
0.9969797
0.9936248
0.9962133
0.9983719
0.994496
0.9992026
0.9987342
0.9931896
0.9913078
0.9929646
0.994049
0.9940041
0.9895288
0.9949985
0.9927874
0.9968161
0.9950966
0.9961489
0.
0.9921969
0.9851051
0.9952969
0.9927995
0.9937941
0.9862661
0.988041
0.9875389
0.9828507
0.9806202
0.9904057
0.9831956
0.9851034
0.9899155
0.9946467
0.9809843
0.9816365
0.9855344
0.9863124
0.9966084
0.9978394
0.9972233
0.9911078
0.9904261
0.990739
0.9895414
0.9931592
0.9936232
0.9954561
0.9943602
0.9975274
0.9953557
0.9944775
0.9945853
0.9962567
0.9946403
0.9956243
0.9975895
0.9943602
0.9958302
0.992269
0.9984615
0.9967493
0.9895269
0.9933378
0.99383
0.9948045
0.9946619
0.9971004
0.9982609
0.9924769
0.9951353
0.9968178
0.9900626
0.9915573
0.9917798
0.9896873
0.9905751
0.9928678
0.9937527
0.9916605
0.992905
0.9921838
0.990433
0.9897758
0.9930683
0.9919934
0.990857
0.9925217
0.9905456
0.9902327
0.9908884
0.990409
0.9929297
0.9920298
0.9905165
0.991403
0.994003
0.9958578
0.9964509
0.994437
0.9981193
0.9949615
0.9969202
0.9942565
0.9956463
0.996118
0.997544
0.9910913
0.9922209
0.9880008
0.9929775
0.9931583
0.9879739
0.9942396
0.9956277
0.992161
0.9932127
0.988317
0.9921969
0.
0.9934807
0.9813411
0.9949367
0.9860841
0.9916411
0.9817672
0.9942149
0.9907104
0.9886975
0.9897877
0.9914324
0.99032
0.9814166
0.9849007
0.9915966
0.9921404
0.9919102
0.9955683
0.982356
0.995149
0.9969662
0.9947597
0.993221
0.9935448
0.9939335
0.9933212
0.9946779
0.9952973
0.9986514
0.9952397
0.9912361
0.9925234
0.9947368
0.9971503
0.9934372
0.9977477
0.9960212
0.9952639
0.9952779
0.9966851
0.9974208
0.999226
0.9888496
0.9935065
0.9906208
0.993098
0.9933984
0.9961712
0.997994
0.9944118
0.9917501
0.9961963
0.9924963
0.9924626
0.9936275
0.9923849
0.9915451
0.9909397
0.9928663
0.9940699
0.9900732
0.9925549
0.99265
0.9905987
0.9931727
0.9924456
0.9897808
0.9919139
0.9903979
0.9897039
0.9907245
0.9929425
0.9926517
0.9907846
0.9903327
0.9914027
0.994367
0.9950897
0.9934587
0.9961022
0.9955602
0.9951303
0.9967291
0.9978541
0.996134
0.9962867
0.9980476
0.9916442
0.992394
0.9930307
0.9929353
0.9922087
0.9921671
0.9930246
0.9938913
0.9939241
0.9928787
0.9957666
0.9851051
0.9934807
0.
0.9949903
0.9953716
0.9949211
0.9889039
0.9932832
0.987913
0.9861665
0.9898332
0.9858713
0.985371
0.9887699
0.9938065
0.9959319
0.9867969
0.9882593
0.9903602
0.9869865
0.9892392
0.9971781
0.9968992
0.9924977
0.9912818
0.9919731
0.9930679
0.9938613
0.9943052
0.993482
0.9937824
0.9895397
0.9898393
0.9949686
0.9944202
0.9952582
0.9933333
0.9962751
0.9952655
0.9975912
0.9977802
0.996614
1.
0.9968267
0.9887359
0.9905495
0.9923233
0.9935345
0.9929947
0.9932336
0.9952153
0.99375
0.9916092
0.9972816
0.9907379
0.9911575
0.9919654
0.9897562
0.9908501
0.9921668
0.9913099
0.990124
0.992362
0.9904102
0.9913991
0.9906409
0.9893187
0.9897257
0.9911526
0.9888665
0.988639
0.9885419
0.9904258
0.988589
0.9900205
0.9905602
0.9915686
0.9890448
0.9914611
0.9936655
0.9933816
0.9980306
0.9978842
0.9968023
0.9945438
0.9902546
0.9934189
0.9958254
0.9976029
0.9917898
0.9923106
0.9898778
0.9951624
0.9937854
0.9897639
0.9891861
0.9898656
0.9904639
0.9933259
0.9913473
0.9952969
0.9813411
0.9949903
0.
0.993071
0.9843664
0.9873383
0.9843105
0.9923975
0.9905889
0.9936742
0.9886123
0.9915679
0.9867198
0.9835979
0.9792814
0.9941458
0.9859849
0.9925526
0.9886276
0.9847017
0.9982859
0.9973684
0.9944184
0.9893753
0.9907902
0.994743
0.9931479
0.9913408
0.9953318
0.9946237
0.9962913
0.9940152
0.9940132
0.9957204
0.994836
0.9945696
0.9941028
0.9937314
0.9959732
0.9964003
0.9967117
0.9959736
0.9973087
0.9933298
0.9915821
0.9884187
0.9944649
0.9954455
0.9975854
0.9956753
0.995283
0.9950394
0.9939509
0.9902477
0.9886223
0.9924131
0.990514
0.9931572
0.9919143
0.9902013
0.9890465
0.9887327
0.9901009
0.9918667
0.9922227
0.9922859
0.9908107
0.9881345
0.991479
0.9907237
0.9892336
0.9889706
0.988687
0.9924175
0.988321
0.9884437
0.9898282
0.9951897
0.9944294
0.9938975
0.9952545
0.9958463
0.994302
0.9931811
0.9938857
0.9951969
0.9970556
0.996121
0.9857143
0.9893637
0.9885057
0.9902228
0.9924215
0.9879164
0.9919489
0.9920796
0.991673
0.9898962
0.9939813
0.9927995
0.9949367
0.9953716
0.993071
0.
0.9914667
0.9922231
0.9917068
0.9965581
0.9929059
0.9917206
0.9922441
0.9945946
0.9901452
0.9948731
0.9928988
0.9926912
0.9911415
0.9906683
0.9931904
0.9945531
0.9983261
0.9967009
0.9905391
0.9871284
0.9875935
0.9903531
0.9914394
0.9928865
0.9951108
0.9944171
0.9913936
0.9935495
0.9904003
0.9953205
0.9959463
0.9952064
0.9964276
0.9941973
0.9957363
0.996841
0.9982213
0.9960742
0.996628
0.9911366
0.988697
0.9901467
0.9927405
0.9988873
0.9945946
0.9954472
0.9937296
0.9910996
0.9944772
0.9913097
0.9927641
0.992233
0.9903657
0.9913098
0.9914476
0.9926168
0.9915281
0.9916055
0.9873204
0.9908293
0.9912959
0.9918409
0.9911424
0.9901055
0.9917459
0.9903113
0.9899673
0.9905441
0.9905162
0.9904607
0.9907706
0.9903252
0.9905872
0.9922995
0.9911282
0.9963986
0.9951116
0.9954082
0.9960959
0.9968162
0.995517
0.9937265
0.9985668
0.9973595
0.9950184
0.9917711
0.9880908
0.9910535
0.9905374
0.9893583
0.9912783
0.9911806
0.9953052
0.9933226
0.9860368
0.9937941
0.9860841
0.9949211
0.9843664
0.9914667
0.
0.9921011
0.9868039
0.9905858
0.9940722
0.9941684
0.9893021
0.9908629
0.990578
0.9867987
0.9839075
0.9933385
0.9890329
0.9903298
0.9920596
0.9820108
0.9969584
0.9977835
0.9877764
0.9909305
0.9895757
0.9893287
0.9901863
0.990894
0.994742
0.9996707
0.9943446
0.992978
0.9942752
0.9933993
0.9951531
0.9922043
0.9977901
0.9967596
0.9970287
0.9982326
0.9978464
0.9967626
0.9950776
0.9900419
0.9931711
0.9892047
0.9929577
0.995222
0.9969419
0.9944226
0.9923056
0.9953944
0.9981495
0.9887224
0.9929695
0.9902439
0.9900077
0.9890595
0.9886769
0.9897137
0.9899378
0.9901379
0.9854772
0.9883076
0.9897644
0.9897488
0.9888334
0.9877638
0.9897174
0.9893666
0.9873847
0.9881706
0.9886339
0.9890318
0.9897817
0.9887936
0.9885161
0.9910655
0.995818
0.9939541
0.9935815
0.9927946
0.9952234
0.9976704
0.996089
0.9984272
0.99783
0.9977169
0.9899231
0.9871674
0.9906786
0.9878186
0.989228
0.9888259
0.9923267
0.9899173
0.9905095
0.9930089
0.9859366
0.9862661
0.9916411
0.9889039
0.9873383
0.9922231
0.9921011
0.
0.9896716
0.9878628
0.9861474
0.9840247
0.981668
0.9793388
0.9832258
0.9913552
0.990957
0.9836023
0.9787234
0.9816352
0.9838953
0.9948605
0.9973073
0.9952047
0.9878005
0.9914963
0.9903338
0.9909144
0.9912158
0.9928611
0.9944317
0.9953871
0.9933643
0.9897242
0.9914075
0.9931797
0.9946551
0.993037
0.9911284
0.9954737
0.9973693
0.9943443
0.9964196
0.9974937
0.9981203
0.9897087
0.9918994
0.9878961
0.9932397
0.9932622
0.9914908
0.9937848
0.9931563
0.9893187
0.9955654
0.989122
0.9875616
0.9916079
0.9909051
0.9917208
0.9877358
0.9912216
0.9895304
0.9907275
0.9893008
0.9896204
0.9895962
0.9889871
0.9896692
0.9890191
0.9874806
0.9882155
0.9881961
0.9904501
0.9883193
0.9889197
0.989527
0.9893703
0.9876196
0.9926881
0.9912781
0.9953815
0.9920906
0.9964204
0.9972044
0.995929
0.9967036
0.9965452
0.9978386
0.9973465
0.990753
0.9906156
0.9867389
0.9921577
0.9908766
0.9847427
0.9937244
0.9923725
0.9892768
0.9930295
0.977136
0.988041
0.9817672
0.9932832
0.9843105
0.9917068
0.9868039
0.9896716
0.
0.9902887
0.9867153
0.9913265
0.990814
0.9872221
0.9864033
0.9815668
0.9799949
0.99228
0.9872244
0.9860105
0.9900224
0.9869619
0.9953115
0.9959766
0.9878463
0.9918919
0.9903706
0.9907568
0.9952475
0.9904215
0.9970798
0.9941022
0.9920818
0.9937388
0.9943124
0.9946249
0.9959545
0.9944149
0.9936761
0.9958266
0.9973873
0.9972008
0.9992913
0.9971561
0.9977612
0.989395
0.9915074
0.9881735
0.9909279
0.9955444
0.9949478
0.9983829
0.9945637
0.9962952
0.9959677
0.9907721
0.9900747
0.9900365
0.992138
0.9898376
0.991875
0.9930475
0.9936129
0.9888167
0.9892272
0.9918299
0.9878339
0.9922342
0.9899629
0.9897817
0.9896671
0.9902402
0.9892246
0.9891259
0.9888913
0.9905968
0.9927926
0.990204
0.9907086
0.9931089
0.9936635
0.9970054
0.9914821
0.9943935
0.993865
0.9947917
0.9946285
0.9956277
0.9957005
0.9954785
0.9905388
0.990086
0.9875442
0.9937653
0.9900107
0.9914832
0.9940331
0.9926059
0.9903346
0.9936051
0.9923417
0.9875389
0.9942149
0.987913
0.9923975
0.9965581
0.9905858
0.9878628
0.9902887
0.
0.9907097
0.9916286
0.9898374
0.9893455
0.9900839
0.9952261
0.9917829
0.9850477
0.9852684
0.9890981
0.9873103
0.9936786
0.9973641
0.9974829
0.9900885
0.990691
0.990991
0.9867689
0.9903315
0.9937989
0.9932541
0.9935338
0.9970864
0.9919972
0.9941591
0.9930475
0.9957468
0.9955345
0.9970206
0.996519
0.9983912
0.9972423
0.998253
0.994382
0.9974284
0.989648
0.9909474
0.9909111
0.9923195
0.9961496
0.9960199
0.9926211
0.9930032
0.9929379
0.9949422
0.9894082
0.9867483
0.9894775
0.9897592
0.9879833
0.9908647
0.9888374
0.9903272
0.9894396
0.9890817
0.9872981
0.9886792
0.9885627
0.9906382
0.9879213
0.9879127
0.9858789
0.9883427
0.9866501
0.9883996
0.9891345
0.9887074
0.9884047
0.9894021
0.9908875
0.9930417
0.9928444
0.9924099
0.9942007
0.9961507
0.9954299
0.9979442
0.9935145
0.9989448
0.9955506
0.9890682
0.9922222
0.9911781
0.992936
0.9897291
0.9891217
0.9913978
0.9904686
0.9887006
0.9944722
0.9903818
0.9828507
0.9907104
0.9861665
0.9905889
0.9929059
0.9940722
0.9861474
0.9867153
0.9907097
0.
0.9884189
0.9853572
0.9864083
0.9783715
0.99202
0.9931102
0.9883071
0.9839189
0.9849828
0.9859467
0.9898551
0.9970949
0.9954209
0.9901995
0.9906178
0.9874866
0.9901813
0.9904521
0.9912304
0.995603
0.9936649
0.9913876
0.9956194
0.9958309
0.9922286
0.9945759
0.996904
0.9962697
0.9903246
0.9949383
0.9973019
0.9972631
0.9951956
0.9953237
0.990278
0.9933679
0.9867095
0.9911728
0.9932231
0.9931596
0.996555
0.9923219
0.9939007
0.9925664
0.9895372
0.9920801
0.9912533
0.9892834
0.9870116
0.9897791
0.9876414
0.9883221
0.9877806
0.9892403
0.9894542
0.9899765
0.9890373
0.9885191
0.9877375
0.9883405
0.9897079
0.9893913
0.9886392
0.9908472
0.9885941
0.9912969
0.9902064
0.9911534
0.9912281
0.9937746
0.994513
0.9925109
0.9950409
0.9945873
0.9938185
0.9947947
0.9966787
0.9975887
0.9971067
0.9918284
0.9856301
0.9896288
0.9954397
0.9866503
0.9877894
0.9915433
0.9929577
0.9947103
0.9903821
0.9908467
0.9806202
0.9886975
0.9898332
0.9936742
0.9917206
0.9941684
0.9840247
0.9913265
0.9916286
0.9884189
0.
0.9835698
0.9873762
0.9848183
0.9911548
0.9907722
0.9882412
0.9836745
0.9886473
0.9871484
0.9902497
0.9941748
0.9968354
0.9887857
0.9891882
0.9914545
0.9917059
0.9884833
0.9941722
0.9943414
0.99716
0.9926752
0.9936809
0.9936344
0.9940693
0.994825
0.9932695
0.9957356
0.9987624
0.99716
0.9976407
0.9955464
0.9972612
0.9971285
0.9890729
0.9925342
0.9880137
0.9947236
0.9924057
0.9961039
0.9974977
0.9899178
0.9941812
0.9964751
0.9880697
0.9886326
0.9931843
0.9903773
0.9872234
0.9860118
0.9899697
0.9894618
0.9884524
0.9880212
0.9877751
0.9896251
0.9890387
0.9878848
0.985927
0.9881188
0.9902435
0.9880101
0.985969
0.9888036
0.9888462
0.9888582
0.9873197
0.9919346
0.9904363
0.9937756
0.9970686
0.9956459
0.9945437
0.9929539
0.9963575
0.9962471
0.9963768
0.9982794
0.9971077
0.9905419
0.9869389
0.989263
0.991939
0.9887837
0.9882726
0.9926102
0.991776
0.990099
0.9935233
0.9911378
0.9904057
0.9897877
0.9858713
0.9886123
0.9922441
0.9893021
0.981668
0.990814
0.9898374
0.9853572
0.9835698
0.
0.989879
0.9878442
0.9891706
0.9919981
0.9816213
0.9789525
0.9866925
0.9861684
0.990252
0.9977485
0.995788
0.9873839
0.9902758
0.9891304
0.9858008
0.9945757
0.9928534
0.9953008
0.9946355
0.99461
0.9915686
0.9942437
0.9929337
0.9948352
0.9948414
0.9954775
0.9953546
0.9952696
0.995283
0.9972715
0.9934887
0.9967777
0.9914952
0.9921292
0.9901919
0.9919537
0.9956838
0.9957888
0.9953096
0.9941998
0.990846
0.9954258
0.9893901
0.9887541
0.9913834
0.9921277
0.9898551
0.9908295
0.987653
0.9906055
0.9876952
0.9905591
0.9881801
0.9905118
0.9904475
0.9906993
0.9870067
0.9887188
0.986265
0.9892372
0.9860619
0.9896743
0.9912302
0.9901733
0.9889592
0.9908277
0.9953113
0.9939483
0.9935383
0.995029
0.993059
0.9948718
0.996085
0.9927746
0.9945685
0.9989712
0.9953052
0.9954303
0.9890009
0.9846659
0.9908556
0.991799
0.9882874
0.9902323
0.9862394
0.9908478
0.991712
0.9934548
0.9831956
0.9914324
0.985371
0.9915679
0.9945946
0.9908629
0.9793388
0.9872221
0.9893455
0.9864083
0.9873762
0.989879
0.
0.9810568
0.9876999
0.9934751
0.9834462
0.9807364
0.9850024
0.9852121
0.9924224
0.9983866
0.9975369
0.9886005
0.9891806
0.985302
0.9932191
0.992803
0.9949656
0.9984326
0.9958874
0.993949
0.9934996
0.9956288
0.997269
0.9955632
0.9940445
0.9959989
0.9968963
0.9971564
0.9945836
0.9917355
0.9965695
0.9971244
0.9906175
0.9931549
0.9914603
0.9916751
0.9964846
0.9967511
0.9956072
0.9923158
0.9913769
0.9946959
0.9900748
0.989743
0.9930605
0.9880746
0.9887944
0.9883132
0.9901766
0.990181
0.9909323
0.9909226
0.9888585
0.990326
0.9899244
0.9911409
0.9892944
0.9898198
0.9867142
0.9886991
0.9867173
0.9882592
0.9893419
0.9901631
0.9876313
0.9895856
0.9932026
0.9932765
0.9956913
0.993135
0.9940387
0.9959427
0.9960718
0.9976912
0.9945488
0.9972404
0.9963768
0.9933657
0.9917552
0.9870414
0.9928105
0.9903695
0.9877836
0.9918033
0.9901865
0.9913085
0.9945596
0.9899713
0.9851034
0.99032
0.9887699
0.9867198
0.9901452
0.990578
0.9832258
0.9864033
0.9900839
0.9783715
0.9848183
0.9878442
0.9810568
0.
0.9911483
0.994431
0.9859473
0.9829185
0.985451
0.9759568
0.9856562
0.9955085
0.9968608
0.9904164
0.9876238
0.9922041
0.9887048
0.9879448
0.9931471
0.9956359
0.9956072
0.9917722
0.9938822
0.9902643
0.9943285
0.9933742
0.9951194
0.996559
0.9969221
0.9956072
0.9956434
0.996945
0.9976231
0.9960798
0.9889437
0.9919455
0.9876412
0.9937484
0.9929957
0.9967794
0.9959565
0.9947507
0.9931092
0.9986043
0.9883996
0.98855
0.9911578
0.9896384
0.9877784
0.9894921
0.9903095
0.9872123
0.9890504
0.9897317
0.9892819
0.9892061
0.9917304
0.9907118
0.9880895
0.989175
0.988657
0.9869604
0.9867468
0.9909776
0.9918679
0.9887059
0.988468
0.9908429
0.9913872
0.9931417
0.9945387
0.992965
0.9945746
0.9946222
0.9963808
0.9942529
0.9954982
0.9993179
0.9992844
0.9898271
0.9888462
0.9872889
0.9941596
0.989358
0.9847885
0.9902708
0.9902382
0.9937784
0.9909631
0.9891861
0.9899155
0.9814166
0.9938065
0.9835979
0.9948731
0.9867987
0.9913552
0.9815668
0.9952261
0.99202
0.9911548
0.9891706
0.9876999
0.9911483
0.
0.9817296
0.9905707
0.9923132
0.990652
0.9867342
0.9792015
0.9955794
0.9955372
0.9891022
0.9896799
0.9936864
0.9910681
0.9915563
0.9932362
0.9944683
0.9928748
0.9931549
0.9930628
0.9931332
0.9923578
0.992233
0.9956907
0.9937123
0.9966646
0.9966049
0.9963768
0.996996
0.9959866
0.9972018
0.9905692
0.99079
0.987558
0.9965517
0.9906741
0.9907526
0.9960184
0.9924695
0.9934765
0.9948365
0.9895193
0.9892767
0.9903709
0.9882821
0.9881541
0.9853864
0.9901503
0.989232
0.9888168
0.9906155
0.9916804
0.9895156
0.9914051
0.9883244
0.988464
0.9892881
0.9895371
0.9892209
0.9907725
0.9884619
0.9909291
0.9891015
0.9906871
0.9866681
0.9934006
0.9927078
0.9920604
0.9932432
0.9941506
0.9944268
0.9961549
0.9963246
0.9973436
0.9952862
0.9971821
0.9929895
0.9893135
0.9879496
0.9907666
0.9903231
0.9893567
0.9927499
0.989942
0.9912281
0.9921059
0.9842076
0.9946467
0.9849007
0.9959319
0.9792814
0.9928988
0.9839075
0.990957
0.9799949
0.9917829
0.9931102
0.9907722
0.9919981
0.9934751
0.994431
0.9817296
0.
0.9919217
0.9842067
0.995521
0.9885796
0.9808917
0.9980411
0.99822
0.9910227
0.9907341
0.9919369
0.9864478
0.9895874
0.9914117
0.9961881
0.9939103
0.9922581
0.9904255
0.9941895
0.992625
0.9942743
0.9960887
0.9951496
0.9959171
0.9964834
0.9965812
0.9979217
0.9965278
0.9948924
0.9867356
0.9931049
0.9876943
0.9908304
0.9934283
0.9944005
0.9971492
0.9865519
0.9932717
0.9949893
0.9888097
0.9911553
0.9910919
0.9903366
0.9892798
0.9887955
0.9886555
0.9884845
0.9900408
0.9883548
0.9891176
0.9895013
0.9898798
0.9897528
0.9875346
0.985847
0.9879115
0.9879321
0.9868465
0.9885402
0.9894213
0.9917912
0.9882975
0.9896575
0.9909187
0.994233
0.9924827
0.9926625
0.9947421
0.9931544
0.9983036
0.9962044
0.9951055
0.998256
0.9981685
0.9907073
0.9885313
0.9890009
0.9916484
0.9892416
0.9909351
0.9922646
0.9903181
0.9917255
0.9924024
0.9919122
0.9809843
0.9915966
0.9867969
0.9941458
0.9926912
0.9933385
0.9836023
0.99228
0.9850477
0.9883071
0.9882412
0.9816213
0.9834462
0.9859473
0.9905707
0.9919217
0.
0.9795062
0.9840842
0.9840452
0.9918543
0.9949686
0.9976142
0.9887815
0.9863469
0.9882167
0.9884651
0.9890658
0.991433
0.9972544
0.995386
0.9906861
0.992558
0.9909822
0.9950849
0.9949349
0.9951996
0.9958333
0.9954669
0.9969287
0.9957363
0.997011
0.9980073
0.9940663
0.9878727
0.9916412
0.9841806
0.993353
0.995775
0.9891926
0.9948107
0.9901478
0.9943197
0.9952071
0.9882264
0.988963
0.9862981
0.9884095
0.9873392
0.9887341
0.9881755
0.9884276
0.9883579
0.9880251
0.9873884
0.9891794
0.9895366
0.9880698
0.986927
0.9876786
0.98673
0.986208
0.9864854
0.9839703
0.9899571
0.9881616
0.9855701
0.9859093
0.9913291
0.993539
0.9949942
0.9965412
0.9939276
0.9901779
0.9947959
0.9969049
0.9949926
0.9963186
0.9961417
0.9879669
0.9867802
0.9888889
0.9907962
0.9877311
0.9868503
0.9912167
0.9884103
0.9938737
0.9867381
0.9859826
0.9816365
0.9921404
0.9882593
0.9859849
0.9911415
0.9890329
0.9787234
0.9872244
0.9852684
0.9839189
0.9836745
0.9789525
0.9807364
0.9829185
0.9923132
0.9842067
0.9795062
0.
0.9848053
0.9779588
0.9883314
0.9975031
0.9972872
0.9886383
0.9862081
0.9880723
0.9920518
0.992183
0.9932903
0.9945205
0.9978626
0.9938405
0.994141
0.993371
0.9910595
0.997123
0.9929382
0.9966313
0.9927624
0.9969438
0.9973941
0.9980198
0.9956954
0.9986178
0.987395
0.9916684
0.9901776
0.9943655
0.9928797
0.9946524
0.9975765
0.9896668
0.9919006
0.994891
0.9890843
0.9894232
0.9904063
0.9922083
0.98788
0.9908163
0.9904949
0.9885488
0.9873311
0.9895298
0.9876041
0.9869173
0.991313
0.986194
0.9856359
0.9888711
0.9875847
0.9877047
0.9884889
0.9875383
0.9898533
0.9892169
0.9884008
0.9870472
0.9910864
0.9948512
0.9977029
0.9897918
0.9956522
0.9920844
0.9934462
0.9963565
0.9941315
0.9983389
0.9975618
0.9915402
0.9891911
0.9869293
0.9934043
0.9881137
0.9871995
0.9922899
0.9880563
0.9901037
0.9865346
0.9925125
0.9855344
0.9919102
0.9903602
0.9925526
0.9906683
0.9903298
0.9816352
0.9860105
0.9890981
0.9849828
0.9886473
0.9866925
0.9850024
0.985451
0.990652
0.995521
0.9840842
0.9848053
0.
0.9855484
0.9923576
0.9959235
0.9962534
0.9859959
0.9876004
0.9878735
0.9873488
0.989272
0.993273
0.9966484
0.9916795
0.9913286
0.9936097
0.9915851
0.9946429
0.9942155
0.9936837
0.9950559
0.995778
0.998776
0.9970579
0.9976814
0.997679
0.9979181
0.9890756
0.9891815
0.9882501
0.9933628
0.9933932
0.9959029
0.9945139
0.9930305
0.9891422
0.995903
0.9884621
0.9886388
0.988115
0.9873309
0.9860954
0.9877049
0.9892306
0.9886398
0.9891233
0.989613
0.986413
0.9881344
0.9899216
0.9865431
0.9873418
0.9872412
0.9853596
0.985308
0.9855785
0.9874181
0.9899645
0.985907
0.9881438
0.989476
0.9922481
0.9940323
0.9918981
0.9940925
0.994668
0.993395
0.9959028
0.9954993
0.9952969
0.996996
0.9986034
0.9945287
0.9900829
0.9870875
0.990808
0.9891398
0.9865457
0.9899277
0.9893986
0.9903188
0.9898451
0.9894003
0.9863124
0.9955683
0.9869865
0.9886276
0.9931904
0.9920596
0.9838953
0.9900224
0.9873103
0.9859467
0.9871484
0.9861684
0.9852121
0.9759568
0.9867342
0.9885796
0.9840452
0.9779588
0.9855484
0.
0.9906998
0.9947757
0.9973404
0.9885802
0.9880973
0.9892473
0.9893656
0.9901757
0.9936468
0.9922062
0.9924608
0.9912041
0.992309
0.9961553
0.9933964
0.9947867
0.989022
0.993084
0.9928889
0.9960938
0.9964811
0.9977332
0.9983803
0.9976271
0.9881923
0.9905509
0.9923774
0.9944458
0.9922037
0.9944393
0.9961252
0.992897
0.9922954
0.997669
0.989819
0.9902566
0.9907103
0.9893628
0.9893975
0.9907689
0.992105
0.9893296
0.9888164
0.9856016
0.9886484
0.9895099
0.9897581
0.9917159
0.9878987
0.9885524
0.9893052
0.9871086
0.9875569
0.9901591
0.9900485
0.9888406
0.9862617
0.9874618
0.9924456
0.9940979
0.9921964
0.9937701
0.9964303
0.9927292
0.9962477
0.9958621
0.9939411
0.9973907
0.9969262
0.9874415
0.9916415
0.9906427
0.9936975
0.9875427
0.9873163
0.9931697
0.9931766
0.9928141
0.9917808
0.992083
0.9966084
0.982356
0.9892392
0.9847017
0.9945531
0.9820108
0.9948605
0.9869619
0.9936786
0.9898551
0.9902497
0.990252
0.9924224
0.9856562
0.9792015
0.9808917
0.9918543
0.9883314
0.9923576
0.9906998
0.