0.5752087
0.5735091
0.5699281
0.5736222
0.5865668
0.5617831
0.5618819
0.5660439
0.5658934
0.6634665
0.6834571
0.5744076
0.5705666
0.5692489
0.5713276
0.5710938
0.5609004
0.5699266
0.6123369
0.5688901
0.5696586
0.5828338
0.5771056
0.587006
0.5680308
0.5665358
0.5694818
0.5665639
0.5695413
0.5629793
0.5621623
0.5633457
0.5739968
0.5796564
0.5675822
0.5585114
0.5828406
0.5641937
0.560436
0.5644233
0.5750033
0.5824493
0.5841185
0.5642407
0.5717631
0.5892917
0.5786376
0.5737156
0.5644317
0.5638674
0.5657123
0.5733998
0.5752491
0.5834077
0.5684862
0.5650754
0.5662434
0.5800004
0.5606894
0.580364
0.5729238
0.5811237
0.5794341
0.5609244
0.5579134
0.5782657
0.5729181
0.5859745
0.5661909
0.5898196
0.5871679
0.560877
0.566532
0.5742499
0.581233
0.5585273
0.5728649
0.6007988
0.5978775
0.638811
0.5764146
0.5708045
0.5710809
0.5841827
0.5595648
0.5670606
0.5660516
0.5674821
0.5798822
0.5663633
0.6144645
0.6268361
0.5963246
0.5710841
0.5719328
0.5662366
0.5579207
0.5833023
0.5652665
0.5614656
0.5566452
0.5512498
0.5514433
0.5512591
0.5667898
0.5480833
0.5457296
0.5472245
0.5459115
0.6529663
0.6703506
0.5580995
0.5484524
0.5454358
0.5486708
0.5464987
0.5519148
0.5473037
0.6194249
0.5546408
0.5583753
0.5762928
0.5695271
0.5742368
0.5417732
0.5585595
0.5558101
0.5572093
0.5489178
0.5414563
0.5486509
0.5452547
0.556068
0.5750066
0.5444212
0.5448197
0.5662029
0.5429562
0.5380489
0.5450457
0.5544398
0.556529
0.5568443
0.5434619
0.5500334
0.577706
0.572823
0.5416504
0.5439419
0.5461418
0.5496008
0.5687966
0.5662686
0.5806121
0.5617418
0.5482325
0.5518285
0.5681681
0.5462189
0.5740941
0.5666872
0.584483
0.5668626
0.5454972
0.5416874
0.5701122
0.5539754
0.5633454
0.5437397
0.5816544
0.5765143
0.5435947
0.5502102
0.5631261
0.5648898
0.5438138
0.5620217
0.6050493
0.5979565
0.6605654
0.5698301
0.5620833
0.5515437
0.5649911
0.5444746
0.5415702
0.5476462
0.5474582
0.5780277
0.5609596
0.6250409
0.6398179
0.5843795
0.5458969
0.551806
0.5447624
0.5409742
0.5658336
0.5510883
0.5518704
0.5972953
0.6054783
0.6182865
0.6115314
0.6130752
0.5910895
0.5851986
0.5996924
0.6076986
0.6968831
0.7160758
0.585885
0.61836
0.6154909
0.6169773
0.6236518
0.6004553
0.6210898
0.5860761
0.594124
0.6084604
0.585587
0.5888824
0.6055767
0.6019784
0.5855076
0.5867452
0.6031974
0.6124933
0.6071955
0.6005556
0.5999842
0.5953721
0.5803126
0.6120464
0.6051185
0.6015733
0.6045468
0.5898375
0.5970653
0.6164353
0.6326045
0.6218515
0.6095154
0.6285261
0.6126284
0.6016268
0.6207602
0.6127482
0.6032559
0.5865732
0.5952217
0.5928675
0.5761013
0.6021431
0.6168415
0.5966142
0.5748954
0.6011907
0.5784325
0.5939961
0.5708657
0.6022319
0.5942422
0.5961962
0.5708185
0.5978926
0.6181681
0.6103137
0.5864918
0.6156812
0.6032373
0.6113101
0.5861054
0.6051877
0.5817972
0.5869358
0.590795
0.5945205
0.6046894
0.5873455
0.5996764
0.5922896
0.6076613
0.5808768
0.6070027
0.6191347
0.6140097
0.5691741
0.5900361
0.5962824
0.5902265
0.6157671
0.6165405
0.6100749
0.5958475
0.5917789
0.6141504
0.6048662
0.5876323
0.5590008
0.5433207
0.5443374
0.5496791
0.5578199
0.5560265
0.55411
0.55327
0.5448191
0.6368249
0.6587981
0.5664014
0.547334
0.546755
0.5455027
0.5430691
0.547597
0.5400224
0.6335641
0.5557996
0.5622821
0.5761037
0.577093
0.5783597
0.5375117
0.5585629
0.5608278
0.5643294
0.5399504
0.5397729
0.55219
0.5509015
0.5560182
0.5852231
0.5421255
0.5486043
0.5671811
0.5474718
0.5442161
0.5463266
0.5509195
0.5423055
0.5429079
0.5485698
0.5491521
0.5812698
0.5769906
0.5439007
0.544857
0.5514909
0.5553781
0.5720508
0.5710078
0.5787692
0.5686254
0.5484131
0.5580043
0.5760558
0.5420645
0.5801219
0.5823659
0.6005968
0.5727041
0.5486198
0.5430698
0.5808599
0.5595307
0.561109
0.5441741
0.5908999
0.5783877
0.5465149
0.5514093
0.5701623
0.5614408
0.5512639
0.5743281
0.6150266
0.6089204
0.6738181
0.5786594
0.5578788
0.5556394
0.5633285
0.5539248
0.5350108
0.544779
0.5473062
0.5890278
0.563843
0.6388603
0.6530042
0.5850554
0.5471102
0.5485894
0.547432
0.5425823
0.566655
0.5490247
0.5615781
0.5807672
0.5825487
0.5826298
0.5789482
0.584435
0.5742861
0.5723886
0.5767115
0.5804773
0.6728108
0.691858
0.5794178
0.5789558
0.5801625
0.5779932
0.5831342
0.5778149
0.5839238
0.6191149
0.5806199
0.5877051
0.5911018
0.5813245
0.5869473
0.5774172
0.5772145
0.5801902
0.5788565
0.5771394
0.5763361
0.5782258
0.576917
0.5771595
0.5868297
0.579054
0.5780349
0.583189
0.5754643
0.5704598
0.5745174
0.5859016
0.5883203
0.5832598
0.5753495
0.5833308
0.5848439
0.5827133
0.5821387
0.5772034
0.5748257
0.5764893
0.5849781
0.5848097
0.5898332
0.5794585
0.5806547
0.577302
0.5878004
0.5784811
0.5904296
0.5861878
0.5951742
0.5801185
0.5714616
0.5723826
0.5852697
0.5794099
0.5845034
0.57357
0.59231
0.585941
0.575374
0.5798099
0.5795378
0.5814727
0.5720841
0.5806912
0.6026088
0.6045009
0.6498317
0.5817736
0.578483
0.5747332
0.5826199
0.5728931
0.5761642
0.5815181
0.5790927
0.5873544
0.5814479
0.6169016
0.6288774
0.5906154
0.5789677
0.5797453
0.5735096
0.5721632
0.5777737
0.5786902
0.5787385
0.5605027
0.5607506
0.5614161
0.5602616
0.5743463
0.5472596
0.5484713
0.5534705
0.5549741
0.6600276
0.6825201
0.5604208
0.5552217
0.5593847
0.5601969
0.5597671
0.5534812
0.561146
0.6062016
0.5602451
0.5609852
0.5739844
0.5701494
0.5792739
0.5541719
0.5571296
0.5583501
0.5596804
0.5579629
0.5532977
0.5514201
0.5511877
0.5616241
0.567893
0.5545521
0.5491601
0.5700835
0.551207
0.5422531
0.5495692
0.5646066
0.5715524
0.5742385
0.554613
0.5624628
0.5820229
0.5729903
0.5620465
0.5530666
0.5522291
0.5512455
0.5668066
0.5664824
0.5756716
0.5618861
0.5590491
0.5527018
0.5653846
0.5516501
0.5698783
0.5633616
0.5755212
0.5699539
0.5445757
0.5460911
0.5618802
0.5603125
0.5750334
0.5524
0.5778495
0.5771146
0.5500656
0.5549539
0.5615239
0.571351
0.5484603
0.5599209
0.5952268
0.5944714
0.6426995
0.5656132
0.5619291
0.5583082
0.5733978
0.5428411
0.5522918
0.560252
0.5574515
0.5673386
0.5589795
0.6083404
0.6216869
0.5875682
0.5563117
0.5614056
0.550698
0.5451536
0.5742895
0.5552097
0.5479331
0.5586327
0.5492595
0.5420703
0.5469957
0.5594559
0.5486042
0.5503514
0.5443801
0.5417172
0.6399622
0.6600573
0.5660615
0.53974
0.5380406
0.5392208
0.5355533
0.547286
0.5401903
0.6407635
0.5578843
0.554945
0.5848609
0.5790211
0.5769946
0.5419443
0.564604
0.5614666
0.5582462
0.5443342
0.5400999
0.5410814
0.5445861
0.5585427
0.5870768
0.5383163
0.541756
0.5672963
0.5412153
0.5414072
0.546128
0.5493793
0.5452688
0.5504312
0.5391222
0.5395252
0.5753908
0.5745087
0.5433106
0.5358913
0.5450442
0.5544379
0.5725252
0.5690374
0.5921688
0.5619356
0.5406823
0.5502591
0.5839576
0.541017
0.5840974
0.5739855
0.6038438
0.5699704
0.5423953
0.5420861
0.5874706
0.5576986
0.5584793
0.5388055
0.5921259
0.5733657
0.5377738
0.544878
0.5669809
0.5623071
0.549342
0.5699905
0.6171685
0.6112979
0.6795341
0.575416
0.5592062
0.5555664
0.5627452
0.5534855
0.5371868
0.5425942
0.5371525
0.5919612
0.5648098
0.6382156
0.6589624
0.5844269
0.5384705
0.548168
0.5465113
0.5421585
0.562903
0.547676
0.557185
0.5609494
0.5431487
0.5402531
0.548676
0.5587526
0.550594
0.5554339
0.5471376
0.5397406
0.6279646
0.650951
0.5695273
0.5387314
0.5378676
0.5406263
0.535569
0.5412101
0.5364594
0.6405033
0.5525801
0.5572869
0.5832376
0.5813477
0.5785115
0.5376514
0.5600299
0.5631435
0.5571068
0.5343788
0.5337891
0.5429542
0.5459051
0.5596809
0.5921729
0.5346886
0.5443463
0.5690159
0.5438519
0.5442087
0.5435602
0.5448798
0.5342609
0.542555
0.541408
0.5384505
0.5779765
0.5738733
0.5390238
0.5357492
0.5472759
0.5572419
0.5721277
0.571219
0.5864223
0.5624253
0.538349
0.5560999
0.5856758
0.5377902
0.5885614
0.5777602
0.6046947
0.5708961
0.5461409
0.5410443
0.5913006
0.5602536
0.5600364
0.536349
0.5951002
0.575061
0.5418902
0.5454109
0.5740449
0.5627498
0.5494638
0.5744182
0.6208995
0.6144955
0.682373
0.5804067
0.5534573
0.5526819
0.5641858
0.553752
0.5351927
0.5388658
0.540118
0.5971798
0.5628449
0.6425812
0.661958
0.5881451
0.5412622
0.5450254
0.5486343
0.542274
0.5662716
0.5454383
0.558648
0.5637358
0.550866
0.5397566
0.5460122
0.5656539
0.5487736
0.5546682
0.547455
0.5433927
0.6410407
0.6600972
0.5728984
0.537622
0.5349146
0.5393565
0.5359173
0.5522283
0.5415456
0.6482126
0.5637992
0.5561484
0.5897743
0.5799633
0.5826101
0.5449934
0.5726204
0.563806
0.5586655
0.5421772
0.5394322
0.5470359
0.5434434
0.5610814
0.5937192
0.5394513
0.5444444
0.5719083
0.5430305
0.5449336
0.5460583
0.5472314
0.5445403
0.5512725
0.53758
0.5352803
0.5760206
0.5743455
0.5384912
0.5365183
0.5442726
0.5579843
0.5753912
0.5747965
0.5994689
0.5600778
0.5417074
0.5552392
0.5904711
0.5445761
0.5920484
0.5756927
0.612014
0.5712087
0.5429973
0.5439072
0.5962946
0.5585124
0.5588939
0.5364831
0.5995245
0.572079
0.5398039
0.5435602
0.5725837
0.566165
0.5510411
0.5724305
0.6223107
0.6162929
0.6878622
0.5821938
0.5632307
0.5597452
0.5676912
0.5551385
0.5405736
0.5358855
0.5388982
0.6009084
0.5708165
0.6460637
0.6664626
0.5857657
0.5376614
0.5483967
0.5478837
0.5455728
0.5613037
0.550422
0.561082
0.5737398
0.5679349
0.5628222
0.5653567
0.5751676
0.5623721
0.5662034
0.5624761
0.5652096
0.649073
0.6692748
0.5803223
0.5586728
0.5581415
0.5602994
0.5563278
0.5584462
0.5589888
0.6395944
0.5731956
0.5671854
0.5953882
0.5824182
0.5801266
0.5633293
0.5734126
0.575979
0.5644364
0.5594574
0.556072
0.561011
0.5600863
0.5698356
0.5930664
0.5524091
0.5579796
0.5765287
0.5595623
0.5613759
0.5652612
0.5645456
0.5657679
0.5683113
0.5574445
0.5588485
0.5764896
0.5783764
0.5647093
0.5531142
0.5623146
0.5733416
0.5745751
0.5766822
0.5985014
0.5675045
0.552511
0.5686141
0.5956323
0.5594452
0.5991629
0.5823095
0.6088354
0.5759213
0.5598744
0.5565046
0.5981194
0.5713032
0.5704413
0.5535889
0.5959744
0.5749273
0.556601
0.5594641
0.5818186
0.5749159
0.5624238
0.5795412
0.6154824
0.6126188
0.6746655
0.5859039
0.5681058
0.5656564
0.5756268
0.5635474
0.5600552
0.5589014
0.5549118
0.5988196
0.5742244
0.6343576
0.6515012
0.583587
0.5594723
0.5652787
0.563512
0.5572356
0.566231
0.5655185
0.5720438
0.5615503
0.5509901
0.5447918
0.5532714
0.5656695
0.5537732
0.5559609
0.5530308
0.5481348
0.6332555
0.6557169
0.5703068
0.5477645
0.5432374
0.5448734
0.5401108
0.5478326
0.5411306
0.6401198
0.5626398
0.558568
0.5880302
0.5781547
0.581764
0.5471403
0.5623744
0.565265
0.5588823
0.5426776
0.5390292
0.5476139
0.5511653
0.5614938
0.5909844
0.5388628
0.5414808
0.569547
0.543377
0.5468604
0.5487996
0.5508702
0.5462005
0.5531438
0.5463595
0.5418745
0.5799551
0.5805847
0.5438933
0.5370331
0.5480649
0.5568396
0.5716027
0.5723276
0.5925066
0.5633739
0.5419636
0.5574355
0.5835044
0.5438534
0.5866172
0.5805638
0.603769
0.5720763
0.5465277
0.5393693
0.5882913
0.558272
0.5631149
0.5419372
0.5959965
0.579165
0.5426022
0.5470327
0.5726397
0.5687989
0.5474358
0.5735562
0.6184197
0.6104237
0.6799569
0.5812048
0.5603442
0.558047
0.5661599
0.5490553
0.5435464
0.5416816
0.545605
0.593223
0.5653663
0.6403266
0.6605899
0.5886105
0.5436744
0.5518027
0.5492148
0.5423107
0.5663109
0.5528821
0.5591607
0.5601644
0.5464315
0.5423202
0.5453899
0.5617685
0.5505447
0.5540908
0.5462987
0.5376516
0.6282822
0.6510987
0.5709823
0.537181
0.5363637
0.5384408
0.5354164
0.5467395
0.5334327
0.647202
0.5592241
0.555807
0.585982
0.5813026
0.5775651
0.5420866
0.5627106
0.5654076
0.5564967
0.5338014
0.5330998
0.5420029
0.545908
0.5598557
0.5945424
0.5326058
0.5369903
0.5686261
0.5403741
0.5462818
0.543355
0.5455831
0.5365897
0.5468443
0.5390026
0.5357958
0.5772265
0.5756416
0.5367794
0.5310076
0.5451468
0.5572995
0.5725111
0.5727757
0.5957028
0.5615312
0.5362589
0.5560378
0.5870059
0.5388679
0.5899374
0.5796559
0.6096962
0.5711289
0.5453598
0.539112
0.5938244
0.5576506
0.5622097
0.535378
0.6001059
0.5754436
0.5389932
0.5441818
0.5730995
0.5637739
0.5482157
0.5746823
0.6215006
0.6168649
0.6866704
0.5816418
0.5543561
0.55593
0.5659634
0.5525221
0.5351212
0.5336393
0.5389401
0.5976438
0.5633794
0.6455163
0.6664065
0.5882877
0.5410084
0.5428528
0.5467658
0.5409761
0.5652623
0.5460965
0.5569303
0.5550049
0.5471697
0.5447346
0.5450344
0.559106
0.547619
0.5506444
0.5463595
0.5444652
0.641838
0.6608899
0.5641092
0.5428012
0.5377852
0.5389774
0.5376568
0.5480441
0.5399134
0.6344637
0.5559115
0.5561533
0.57907
0.5731659
0.5720348
0.5401659
0.5612176
0.5592856
0.5568312
0.5422537
0.5399374
0.5462675
0.5424893
0.5554611
0.582297
0.5399686
0.5436548
0.5627249
0.5404503
0.540909
0.5440404
0.5491892
0.5454617
0.5468167
0.5398071
0.5445196
0.5737406
0.5725251
0.5388935
0.5400064
0.5470113
0.552104
0.5718027
0.5659899
0.5878686
0.5634752
0.5414145
0.5557679
0.5754146
0.543625
0.5813964
0.575535
0.5976517
0.5655911
0.5437955
0.5409619
0.5821405
0.5543984
0.554984
0.5374924
0.5870185
0.5717762
0.5412755
0.5483459
0.5657811
0.5577282
0.5439365
0.5672344
0.6130653
0.6065515
0.6754796
0.5773999
0.5605328
0.5541014
0.5555004
0.5492819
0.5375641
0.5421587
0.5430192
0.5866057
0.5647932
0.6357394
0.6530546
0.5804353
0.541435
0.5475903
0.5410645
0.5407856
0.5602427
0.5470189
0.5567567
0.5689038
0.5653994
0.5734012
0.5700001
0.5741883
0.560359
0.5573693
0.5625527
0.5633066
0.6640638
0.6850569
0.5651359
0.5723657
0.5709099
0.5688535
0.5701375
0.5606478
0.5688996
0.6048791
0.5646391
0.5732729
0.5737691
0.5706438
0.5792959
0.5607927
0.5590267
0.5638603
0.5680396
0.5669347
0.5635809
0.5608004
0.5640969
0.5626322
0.5697612
0.5641239
0.5636618
0.5687728
0.5630603
0.5540436
0.5607188
0.5706533
0.5776542
0.5740022
0.5659759
0.5761721
0.585517
0.5757222
0.5713784
0.5654569
0.562494
0.5613318
0.5683584
0.5690543
0.5706082
0.5736339
0.5708636
0.5632093
0.5645051
0.5616066
0.5712909
0.5753231
0.5769861
0.5737234
0.5587496
0.5563605
0.5677086
0.5667982
0.5795453
0.5625028
0.5796342
0.5682099
0.563367
0.5688285
0.5687546
0.5706993
0.553965
0.5684438
0.5937364
0.5923039
0.6370873
0.5713373
0.5654671
0.5598684
0.5761153
0.5533011
0.5592113
0.5714746
0.5692039
0.569588
0.5637535
0.608731
0.6175439
0.5865755
0.5676541
0.568427
0.5594144
0.5563921
0.5787066
0.5617906
0.5638066
0.5783459
0.581226
0.5818134
0.5794574
0.5852752
0.5720721
0.5687153
0.5736849
0.579565
0.6779189
0.6960895
0.5757753
0.5802143
0.5788997
0.5807983
0.583753
0.5762949
0.581811
0.6043445
0.577799
0.584519
0.5840281
0.5766085
0.5862793
0.5746425
0.5770471
0.5737038
0.58006
0.5792469
0.5743045
0.5756398
0.5738958
0.5746838
0.5793638
0.5804487
0.5742948
0.5832862
0.5743926
0.569193
0.5732901
0.5848649
0.5917309
0.5890538
0.573892
0.585835
0.5902677
0.5831967
0.585477
0.5758256
0.5741589
0.5732254
0.5819959
0.5797172
0.5804611
0.5785849
0.5824912
0.5761975
0.5792914
0.5743847
0.5807058
0.5825266
0.5811974
0.5815005
0.5682925
0.5723567
0.5768905
0.5777713
0.5857444
0.5766625
0.5862487
0.5899055
0.5744783
0.5791944
0.5784629
0.5815996
0.567753
0.5766776
0.5968904
0.5961949
0.6321437
0.577584
0.5735411
0.5718803
0.5840502
0.5694502
0.5750979
0.5819517
0.5799504
0.5770206
0.5758479
0.6101699
0.6155105
0.5921958
0.580805
0.5813447
0.5737796
0.5705936
0.5863899
0.5775146
0.5765158
0.5656182
0.5505974
0.5375765
0.5474661
0.5616607
0.5538567
0.559876
0.5486988
0.5421479
0.6300917
0.6514279
0.5772688
0.5333832
0.5364172
0.5381819
0.5286515
0.5472489
0.5361441
0.6554162
0.5630652
0.5559661
0.5957992
0.5837736
0.5801124
0.5445264
0.5685011
0.5710787
0.5583684
0.5370243
0.5367494
0.5455906
0.548291
0.5640264
0.5989573
0.5345937
0.5432986
0.5703184
0.541362
0.5486747
0.5478647
0.548273
0.53542
0.5466578
0.5408565
0.5312313
0.5777845
0.5786104
0.5367561
0.5360323
0.5469553
0.5632999
0.5775222
0.5756421
0.6053807
0.5650523
0.5386886
0.556895
0.5961282
0.5420763
0.6002874
0.5824139
0.6157486
0.5721253
0.545626
0.5430985
0.6018252
0.5589109
0.560396
0.5353821
0.6041793
0.5719094
0.5388054
0.5425871
0.5782086
0.5651568
0.5555332
0.5773963
0.629085
0.6228248
0.6940149
0.5864061
0.5597648
0.5596686
0.5685957
0.558614
0.540562
0.5341307
0.535109
0.6053868
0.5702517
0.6501547
0.6751157
0.5892367
0.5373838
0.5495048
0.5520459
0.5464848
0.5638475
0.5455237
0.5600332
0.5569568
0.5423974
0.5479548
0.5479658
0.5608259
0.5497121
0.5490424
0.5484094
0.5423813
0.6454394
0.6650903
0.5625534
0.547707
0.5433107
0.5484361
0.5450128
0.5405885
0.5434489
0.6194029
0.5527753
0.5581974
0.5718392
0.5711911
0.5746492
0.5378299
0.5536076
0.5571921
0.5574497
0.5414892
0.539199
0.5458457
0.5470465
0.5578482
0.577303
0.5453979
0.5449652
0.5644282
0.5454682
0.5410819
0.5393618
0.5502216
0.5496127
0.5522799
0.5466828
0.5489165
0.5796636
0.5730885
0.5477381
0.54327
0.5478138
0.5509551
0.5661709
0.565781
0.5722005
0.5616011
0.5504286
0.5500045
0.5701473
0.5408256
0.5725233
0.5726194
0.5865913
0.5674281
0.542507
0.542278
0.5723442
0.5576824
0.5648847
0.5426462
0.5829586
0.5755296
0.5473629
0.550259
0.5638829
0.560677
0.5441205
0.5627006
0.6050398
0.6016644
0.6591704
0.5689499
0.5521438
0.5491308
0.5669568
0.5457922
0.5410291
0.5478775
0.5472477
0.5795133
0.5550756
0.6234804
0.6366885
0.5851575
0.5454677
0.547613
0.5478467
0.5409074
0.5689402
0.5454224
0.5562154
0.5615428
0.5456457
0.5360941
0.5437153
0.5624596
0.5464117
0.554279
0.5450251
0.5400211
0.6314281
0.6528252
0.5703732
0.5327
0.53701
0.5380287
0.5319054
0.5439692
0.5329948
0.644795
0.5561808
0.5520229
0.5879646
0.5788522
0.5785604
0.5415332
0.5629629
0.5629117
0.555525
0.5371638
0.5347964
0.5403903
0.5427455
0.5598055
0.5917765
0.5354287
0.5404791
0.566647
0.5398
0.5443122
0.5419213
0.5426177
0.5352996
0.5467254
0.5378908
0.5303636
0.5767728
0.5738517
0.5372614
0.5325764
0.5436755
0.557558
0.56953
0.5701885
0.5940686
0.5592741
0.5381219
0.552797
0.5875785
0.5394609
0.5909032
0.5746352
0.6062021
0.5686252
0.5410732
0.539728
0.5916329
0.5578892
0.5602295
0.5322875
0.5984667
0.5732717
0.5356678
0.5415596
0.5725243
0.5625143
0.5492194
0.5737493
0.6225795
0.6148119
0.6847531
0.5805846
0.5581703
0.5563605
0.5647468
0.554709
0.5351149
0.534578
0.5379278
0.5973483
0.5637479
0.6426085
0.6642549
0.5873233
0.5356436
0.5424933
0.5445639
0.5410606
0.5648119
0.5437508
0.5565542
0.5588987
0.55104
0.5474928
0.5501597
0.5644201
0.5479056
0.5495138
0.546508
0.545346
0.6398789
0.6601692
0.5604059
0.543358
0.5433889
0.5478463
0.5434011
0.5423454
0.5424154
0.6262438
0.5559017
0.5559044
0.577977
0.5699554
0.575266
0.5461762
0.5569325
0.5580958
0.5524674
0.5441677
0.5360274
0.5429802
0.5469226
0.5580644
0.5797197
0.5367279
0.5365203
0.5649142
0.5438387
0.5426293
0.5445714
0.5494224
0.5504764
0.5550042
0.543221
0.5458544
0.5745417
0.5709441
0.5460051
0.5368422
0.5455853
0.5524207
0.5634009
0.5654687
0.5804738
0.5572563
0.5416426
0.5504073
0.5746104
0.5387358
0.5767815
0.5697643
0.5889323
0.5669682
0.5450398
0.5367685
0.5771595
0.5562685
0.5643616
0.5410011
0.5849064
0.5729288
0.5395203
0.5454216
0.5647161
0.5635956
0.543332
0.5643572
0.6064892
0.6031294
0.6646477
0.5730073
0.5551444
0.5514749
0.5631935
0.5446243
0.5412659
0.5435693
0.5437547
0.5798988
0.5574998
0.6251366
0.6452859
0.5853148
0.5461851
0.548886
0.5475765
0.5400934
0.5643559
0.5468596
0.5498885
0.569745
0.5702514
0.5713579
0.5698783
0.5774515
0.5631578
0.5616407
0.5669098
0.567305
0.6644463
0.6838199
0.5693342
0.5717865
0.5707128
0.5673799
0.5705393
0.5654459
0.5706343
0.61172
0.5680554
0.5738384
0.577313
0.5736448
0.5821272
0.5656663
0.5664966
0.566575
0.5704594
0.5683449
0.5653367
0.5647038
0.5643886
0.5673652
0.5778361
0.5667678
0.5646621
0.5760133
0.565911
0.5600015
0.5663854
0.5764125
0.577515
0.5767483
0.5669122
0.5736372
0.5831144
0.5791863
0.5731127
0.567423
0.5641596
0.5650929
0.5740245
0.5732698
0.5794066
0.571857
0.5695862
0.5688522
0.5750455
0.5645361
0.5787134
0.580315
0.5838166
0.5753174
0.5617895
0.5606221
0.5757554
0.5699427
0.5787023
0.5662102
0.5849597
0.5829637
0.5646854
0.5687231
0.5713879
0.5733105
0.5601209
0.5711793
0.5973486
0.5959879
0.6416446
0.5762299
0.5687939
0.5657051
0.5758099
0.5601237
0.5656019
0.5699595
0.568367
0.5772338
0.5692116
0.6150599
0.6239426
0.5892791
0.5686463
0.5692299
0.5617664
0.5595631
0.5757236
0.5697892
0.5681863
0.5565903
0.5454429
0.5430912
0.5484366
0.5587889
0.5480068
0.5449177
0.5471684
0.5416055
0.6376995
0.6605886
0.5613934
0.5438046
0.5438101
0.5456794
0.5440849
0.5415453
0.5413183
0.6222642
0.5488435
0.5553504
0.5698268
0.570366
0.5744359
0.533256
0.5548395
0.5572496
0.5582278
0.5382494
0.5385949
0.5459279
0.5447167
0.5544099
0.5761736
0.5418261
0.5442983
0.5642808
0.5441244
0.5411505
0.5398377
0.5464714
0.5462858
0.5479162
0.5438538
0.5455435
0.5767741
0.5724679
0.5471275
0.5425563
0.5447318
0.5498359
0.5649082
0.5630874
0.5695252
0.5606357
0.5474031
0.5496506
0.5692809
0.5377182
0.5759771
0.570357
0.5871856
0.5652219
0.5417735
0.5405851
0.5732966
0.5530702
0.5615184
0.5404802
0.5841846
0.5730316
0.5448086
0.5487607
0.5636021
0.5585789
0.5434616
0.5635185
0.6039788
0.6029735
0.6603743
0.5680025
0.5491476
0.5492965
0.5639375
0.5461295
0.5380725
0.5464206
0.5423673
0.5781736
0.5560033
0.623653
0.6397223
0.5837835
0.5445861
0.5452263
0.5455936
0.5384897
0.5657768
0.5453942
0.5532605
0.5549572
0.5376488
0.5377306
0.5437668
0.5551717
0.5443852
0.5469322
0.5407822
0.535861
0.6329855
0.6577861
0.5616081
0.5365597
0.5338762
0.5349857
0.5327035
0.5370923
0.533462
0.6324132
0.5491797
0.5519575
0.576745
0.5711479
0.5737162
0.5366637
0.551437
0.5573792
0.5527432
0.5335949
0.5287126
0.5376684
0.5409963
0.5524142
0.5818414
0.531777
0.5370571
0.561921
0.537578
0.5388775
0.5383726
0.543355
0.5363794
0.5402804
0.5352297
0.5343422
0.5731481
0.5709329
0.536465
0.5317589
0.5398398
0.5485208
0.5623403
0.5637662
0.5819009
0.5583919
0.5359131
0.549769
0.5751415
0.5348999
0.5796467
0.5725003
0.5947281
0.5648742
0.5395571
0.5358165
0.5783191
0.5557195
0.5572763
0.5357234
0.5874528
0.5695236
0.5358781
0.5386571
0.5658634
0.5577211
0.5418167
0.5674895
0.6125417
0.6034493
0.6732969
0.5736794
0.549906
0.5482431
0.5594532
0.5428725
0.5322625
0.5334917
0.5312021
0.5882284
0.5560131
0.6355824
0.6526155
0.5814254
0.5377837
0.541405
0.5419089
0.5319709
0.5573272
0.5401013
0.547131
0.5595345
0.5501409
0.5417398
0.5470213
0.5656226
0.5493131
0.552457
0.5479085
0.5428854
0.6453746
0.6641809
0.5689456
0.5403055
0.5403079
0.5402265
0.5401598
0.552173
0.5407221
0.6391369
0.5590243
0.555799
0.5844368
0.5764756
0.5780569
0.5451379
0.5647966
0.5629157
0.5566564
0.5439204
0.5384952
0.5455076
0.5437558
0.558127
0.5894948
0.5389705
0.5413559
0.5682358
0.5433451
0.5442723
0.5490733
0.5488848
0.5426848
0.5454639
0.5398934
0.5393055
0.5760455
0.5733609
0.5390656
0.5392249
0.5466597
0.5552338
0.5734517
0.5696897
0.594597
0.5605053
0.5396978
0.5521727
0.5843406
0.5442634
0.5878775
0.5748769
0.6024354
0.5681339
0.5445988
0.5422831
0.5872309
0.5559639
0.560379
0.5356775
0.5946536
0.5699665
0.5399268
0.5433462
0.5721634
0.5638683
0.5479124
0.5712437
0.6175805
0.6135516
0.6795593
0.5785762
0.5604525
0.556827
0.5651663
0.5533544
0.5383918
0.5356418
0.5399609
0.5942913
0.5664452
0.6375047
0.657107
0.5863978
0.5422172
0.5454195
0.5460004
0.5423459
0.563897
0.5485014
0.5591506
0.5554043
0.5458228
0.5448818
0.551043
0.5623548
0.5464837
0.5475009
0.5437646
0.5433909
0.6427113
0.6629614
0.5590401
0.5449258
0.5449475
0.54652
0.5433766
0.5432173
0.5461787
0.6246089
0.5538216
0.5558124
0.574792
0.5721453
0.5737527
0.5426462
0.5531801
0.5569043
0.556793
0.5443071
0.5375728
0.5420294
0.5454955
0.5579039
0.5776933
0.5426695
0.5416496
0.5642844
0.5442693
0.5407315
0.5403815
0.5490267
0.5487453
0.5537342
0.5437661
0.5486221
0.5762797
0.5706603
0.5466364
0.5409772
0.5456213
0.5501841
0.563487
0.5649403
0.579391
0.5606506
0.5460607
0.5480888
0.5703805
0.5411511
0.5749799
0.5718966
0.5887768
0.5682558
0.5424683
0.5391193
0.5750895
0.5535101
0.5644955
0.5397883
0.5852281
0.5735926
0.541936
0.5472187
0.5645364
0.5610838
0.5417012
0.5618436
0.6071377
0.6001951
0.6653418
0.5714829
0.5569934
0.5501985
0.5643702
0.5450847
0.537269
0.5451211
0.5465918
0.5786395
0.5565247
0.6279681
0.6422838
0.585369
0.5420162
0.5478701
0.545066
0.5376211
0.5659707
0.5483435
0.5518322
0.5580927
0.5416808
0.5351415
0.5460701
0.5561458
0.5472091
0.5518927
0.5449325
0.5334914
0.6285935
0.6512427
0.5688474
0.5364842
0.5349801
0.5408434
0.5324682
0.5403449
0.5326603
0.6373767
0.5545424
0.5531127
0.5823484
0.5737777
0.5773471
0.5370852
0.5564999
0.5585516
0.5532947
0.5311481
0.5280887
0.53746
0.5438839
0.5562184
0.5875647
0.5306567
0.5362391
0.5669892
0.5410021
0.5412101
0.541836
0.5418382
0.536336
0.5441563
0.5398486
0.5333572
0.5781607
0.5739362
0.5350281
0.5291782
0.544188
0.5511077
0.5660369
0.5689064
0.5856009
0.5594685
0.5335787
0.5501715
0.5793906
0.5361285
0.5829635
0.5759789
0.5996777
0.5659133
0.5410558
0.5386269
0.5860017
0.5565566
0.5619463
0.5336265
0.5937039
0.5732043
0.5367982
0.5386283
0.5685066
0.5604183
0.5426521
0.5689426
0.6184337
0.6119435
0.6803711
0.5773881
0.5512791
0.5485696
0.5620454
0.5468273
0.5324152
0.5349446
0.5366119
0.5916345
0.5598964
0.6397701
0.6574244
0.5865202
0.5358329
0.541268
0.5443279
0.5353073
0.5643724
0.5408444
0.5513283
0.5606083
0.5464047
0.5360233
0.5458917
0.5643408
0.5455002
0.5516318
0.5455308
0.5380112
0.6337145
0.654053
0.5706704
0.5344283
0.5334252
0.5402276
0.5311905
0.5399367
0.5327157
0.6417408
0.5585972
0.5520383
0.5853683
0.5761801
0.5764862
0.5450961
0.5605777
0.5658217
0.552779
0.5355497
0.530381
0.5360197
0.5435906
0.5589549
0.5879589
0.5326269
0.5323877
0.5670746
0.5383602
0.5410136
0.5432204
0.5475502
0.5389139
0.5512435
0.5353721
0.5340559
0.5741635
0.5702824
0.5415003
0.5283323
0.5408018
0.5558016
0.5621898
0.5694614
0.5934553
0.5559398
0.5306201
0.5490403
0.5871318
0.5337002
0.5892943
0.5683597
0.6049688
0.5685593
0.5409132
0.5357282
0.5894138
0.5556381
0.5608401
0.5323672
0.5949878
0.5675199
0.5342657
0.5413525
0.5728398
0.5631856
0.5478169
0.5695411
0.6187316
0.6124079
0.681325
0.5758606
0.5542607
0.5556313
0.5678011
0.5493944
0.5385849
0.5338571
0.5359282
0.5922908
0.5616364
0.6378974
0.6609909
0.5859284
0.5365601
0.542248
0.545015
0.5401989
0.56256
0.5441629
0.5529775
0.5626533
0.5507748
0.5438151
0.5499299
0.5668799
0.5496895
0.5513708
0.5500836
0.5444097
0.6367559
0.6577633
0.5689279
0.539584
0.5423539
0.54383
0.5403676
0.543912
0.5363804
0.6362819
0.5605708
0.5544214
0.5860448
0.5784278
0.5807531
0.547271
0.5597602
0.564806
0.5539398
0.5414234
0.5346714
0.5399148
0.5476303
0.5621385
0.5863987
0.5342123
0.5354464
0.5736095
0.5442709
0.544167
0.5465908
0.5464378
0.5458337
0.5535366
0.5412422
0.5396325
0.575817
0.5716463
0.5449978
0.5369695
0.545322
0.5569
0.5629149
0.5674959
0.5919276
0.5547361
0.5339196
0.5517648
0.5848417
0.5373536
0.5890625
0.5721813
0.5993629
0.568163
0.5423641
0.5384545
0.5879162
0.5595617
0.5624341
0.5357673
0.5923876
0.573198
0.5331567
0.5435119
0.5715318
0.5642004
0.5482294
0.5690122
0.614667
0.6102656
0.6749544
0.5766544
0.5554099
0.5545014
0.5661354
0.5483635
0.5430954
0.5395451
0.5407922
0.5917217
0.5609121
0.6320597
0.6555272
0.5854314
0.5428882
0.5465446
0.5511807
0.5415176
0.5648376
0.5467593
0.5523632
0.5598525
0.5454137
0.5335789
0.5438188
0.5621306
0.5469258
0.551683
0.5457621
0.5356286
0.6321647
0.653006
0.5703762
0.5318022
0.5358284
0.5362497
0.529369
0.5435974
0.5345448
0.6472521
0.5588652
0.5519802
0.5876396
0.5780713
0.5779664
0.5391
0.5646066
0.562485
0.552478
0.5354745
0.5302852
0.5397905
0.5423543
0.5592546
0.5915553
0.5344172
0.5392409
0.5682681
0.5378933
0.5426451
0.5415667
0.5455302
0.5350672
0.5459486
0.5336193
0.5285737
0.575123
0.5710828
0.5330863
0.531695
0.5421409
0.5567778
0.570326
0.5699742
0.598429
0.5594383
0.5341343
0.5520075
0.5892443
0.5359125
0.5914722
0.5751655
0.6083873
0.5666746
0.5389323
0.5396026
0.5920426
0.5560175
0.559354
0.532182
0.5973381
0.5711298
0.5348683
0.538897
0.5742526
0.5623641
0.5491732
0.5695648
0.6219801
0.6172257
0.6883236
0.579197
0.5554962
0.5553819
0.5636542
0.5519142
0.5337832
0.5313339
0.5323456
0.5984863
0.562888
0.6444096
0.666089
0.5850171
0.5377842
0.5416769
0.5445113
0.5393506
0.5595545
0.5422513
0.5572242
0.5587728
0.549185
0.5408589
0.5407905
0.5637169
0.5468336
0.5502953
0.5466362
0.5439619
0.6427081
0.6620345
0.5689897
0.5381958
0.5348274
0.5380807
0.5350841
0.5519811
0.5379469
0.6428919
0.5600654
0.5545967
0.58917
0.576396
0.5773988
0.5402351
0.5654941
0.5647847
0.5579484
0.5436674
0.5367345
0.5414769
0.5425368
0.5579277
0.5895945
0.5404142
0.5426183
0.5694051
0.5387633
0.5414231
0.5425879
0.5464658
0.5434007
0.549221
0.5337186
0.5366639
0.57553
0.5731462
0.5374998
0.536439
0.5418217
0.5521225
0.573852
0.5711588
0.5955371
0.5613443
0.5399997
0.5522372
0.5856316
0.5420486
0.588632
0.5741003
0.6061577
0.5678756
0.5400894
0.5417746
0.588756
0.5595178
0.5601696
0.5362892
0.595551
0.5713431
0.540021
0.5444986
0.5719466
0.5642866
0.5481508
0.5724685
0.6206337
0.6139221
0.6835676
0.5777231
0.5581171
0.5557569
0.5635683
0.5539545
0.5387729
0.5397081
0.5393728
0.5925418
0.5651485
0.6392412
0.6625316
0.5861036
0.5368249
0.5448977
0.5434297
0.542888
0.5615946
0.5452206
0.5590675
0.5567891
0.5417033
0.5367388
0.5439775
0.5592228
0.5453575
0.5486826
0.5437844
0.5370297
0.6309361
0.6513134
0.5664883
0.535716
0.5361447
0.5386677
0.5327153
0.5393293
0.5310836
0.6376149
0.5527783
0.5498901
0.5793216
0.5734162
0.5763422
0.5402462
0.5548664
0.5608075
0.5494345
0.5337735
0.5299479
0.537629
0.5436334
0.556298
0.5848759
0.5293735
0.5346443
0.565173
0.5397004
0.5395447
0.5397751
0.5440253
0.5384003
0.5458109
0.5363666
0.5366713
0.5739158
0.5732865
0.5407897
0.5343267
0.5439474
0.5530608
0.5600003
0.5652141
0.5866083
0.5576198
0.531694
0.5512369
0.580479
0.530614
0.5829071
0.5720496
0.5992181
0.5660652
0.5399227
0.5316293
0.5841716
0.5544779
0.5574806
0.5328909
0.5905822
0.5690837
0.5331147
0.5415861
0.5679273
0.5588738
0.5439945
0.5667117
0.6148598
0.6081516
0.6772409
0.5755226
0.5521993
0.5503952
0.5634126
0.5459532
0.5326341
0.5359314
0.5357916
0.5885223
0.5584123
0.635716
0.6553949
0.5851206
0.5418724
0.542824
0.5454601
0.5365861
0.5594003
0.5416002
0.5486748
0.5639803
0.5491547
0.539761
0.5457923
0.5628683
0.5520315
0.5537473
0.546997
0.5388791
0.6371756
0.6552366
0.5733595
0.5363283
0.5345371
0.53736
0.530423
0.5491099
0.5366079
0.64682
0.5630543
0.5556373
0.5899269
0.5844449
0.580126
0.5425231
0.567081
0.5657537
0.558004
0.5396715
0.536136
0.543088
0.5440084
0.5610037
0.5949388
0.5379708
0.5406132
0.5716223
0.5435948
0.5452959
0.5443866
0.5488334
0.5380461
0.5458835
0.5368434
0.5355034
0.5783052
0.5750743
0.5350519
0.5352756
0.5455695
0.5598513
0.5763125
0.5734346
0.5983274
0.5629009
0.535621
0.5538349
0.5918172
0.5436294
0.5915048
0.578222
0.6083588
0.5706169
0.5449719
0.5432209
0.5929934
0.5595393
0.5589345
0.5361245
0.6014091
0.5732155
0.5378904
0.5411455
0.576584
0.5663756
0.552686
0.5754863
0.6233419
0.6175916
0.6895357
0.5823714
0.5604204
0.5579897
0.5648547
0.5560424
0.5357095
0.5355996
0.5402339
0.6015361
0.5674703
0.6479512
0.6685196
0.5878449
0.5382904
0.5464597
0.5487614
0.5431319
0.5613615
0.5470421
0.560895
0.5605501
0.5518391
0.5472712
0.5508192
0.5675586
0.5445112
0.5497301
0.5479682
0.5467124
0.6492506
0.6717942
0.5637149
0.5409093
0.542254
0.5476617
0.5446503
0.5486892
0.5470862
0.6256137
0.5609264
0.556809
0.5786367
0.5731257
0.5778515
0.5471871
0.55952
0.561143
0.5561432
0.5449617
0.5413447
0.5446762
0.5430651
0.5591694
0.5758274
0.5434921
0.5412875
0.5668038
0.543938
0.540853
0.5426859
0.5509782
0.5509359
0.5594439
0.54128
0.5447294
0.5754991
0.5694199
0.5470445
0.5416189
0.5439896
0.5547216
0.5674961
0.5669089
0.584072
0.5563627
0.5429635
0.5511183
0.57731
0.5446831
0.5806583
0.565895
0.5905756
0.565486
0.540193
0.5413844
0.5811232
0.5559927
0.5637899
0.5392367
0.585572
0.5688598
0.5417649
0.5485999
0.5647541
0.5641689
0.5456431
0.5635252
0.6052331
0.6033728
0.6632547
0.5699458
0.5560649
0.5560894
0.566455
0.5466463
0.5414161
0.545123
0.5447936
0.5831113
0.5556875
0.6239242
0.6428057
0.5841081
0.5455367
0.5487404
0.5452752
0.5420211
0.5611954
0.5476499
0.5542087
0.5739839
0.5659542
0.569893
0.5663858
0.5744595
0.5658089
0.5646687
0.5670761
0.566714
0.6598799
0.6798309
0.5765823
0.5662817
0.5674903
0.5665013
0.5695839
0.5641695
0.5659224
0.6246357
0.5715285
0.5758689
0.5855594
0.5804048
0.586706
0.5645666
0.5725494
0.5719692
0.5724782
0.5637468
0.5636268
0.565995
0.5650022
0.570553
0.5854024
0.5634598
0.5662487
0.5795535
0.5665668
0.5632053
0.5639943
0.5727265
0.5727361
0.573586
0.5651631
0.5706277
0.5853149
0.5791588
0.570663
0.565101
0.5665458
0.5682882
0.5791796
0.5774545
0.5863296
0.5752803
0.5664798
0.5692791
0.5835219
0.5628352
0.5860917
0.5804018
0.5954972
0.5773619
0.5601886
0.5636823
0.58603
0.5724719
0.5780154
0.5615695
0.5916853
0.5832322
0.5644387
0.5664939
0.5782701
0.5743177
0.561963
0.5758484
0.605142
0.6057994
0.6545104
0.5779232
0.5695762
0.5661034
0.5771924
0.5659555
0.5615333
0.5692941
0.5678691
0.587488
0.5739704
0.6206159
0.6353096
0.5929194
0.5672771
0.5691853
0.5667867
0.563633
0.5777674
0.5660405
0.5718044
0.5597585
0.5456992
0.5390161
0.5448263
0.5620543
0.5506199
0.5527857
0.5461655
0.5428425
0.6357264
0.6570988
0.5686751
0.5380685
0.5395515
0.5395037
0.5341983
0.5489084
0.5375433
0.6424613
0.561221
0.5560446
0.5846139
0.578303
0.5763041
0.5405888
0.5631512
0.56339
0.5594423
0.5408383
0.5362359
0.5430712
0.5433007
0.557874
0.5876439
0.5372143
0.5417522
0.5676401
0.5397607
0.5424081
0.5425913
0.5471707
0.5408248
0.5478029
0.53922
0.5379359
0.5750016
0.5741654
0.5351289
0.5374329
0.5467885
0.5550969
0.5706462
0.5707603
0.5925488
0.5630045
0.5394564
0.5542219
0.5848577
0.5403551
0.589142
0.5766654
0.6079754
0.5681293
0.5423973
0.538277
0.5896832
0.557638
0.5571028
0.534831
0.5953939
0.5711011
0.5399371
0.5452621
0.5716128
0.5617711
0.5483822
0.5728467
0.6204667
0.6122742
0.6873736
0.5785085
0.5571964
0.5551479
0.5607132
0.5535515
0.5382534
0.5379143
0.5400744
0.596327
0.5654138
0.6408458
0.6621179
0.5838144
0.5397759
0.5458478
0.5448834
0.5398289
0.5590728
0.5435669
0.5602507
0.5567536
0.5462588
0.5444566
0.5452323
0.5616611
0.5477874
0.54655
0.5433926
0.5414085
0.6481171
0.6671472
0.563766
0.5416476
0.5406397
0.5431512
0.537814
0.5475695
0.5420742
0.6297876
0.5530154
0.5560767
0.5778526
0.5714992
0.5738136
0.5404796
0.5578424
0.5575796
0.5567612
0.5430508
0.5381072
0.5449253
0.5407683
0.5562347
0.5794894
0.5423936
0.5419706
0.5627396
0.5426769
0.5393443
0.5426842
0.5481985
0.5468478
0.5506448
0.5397802
0.543387
0.575075
0.5705067
0.5396881
0.5398541
0.5437174
0.5488506
0.5679396
0.5639505
0.5828982
0.561905
0.5424686
0.5499951
0.5759025
0.5421411
0.5792933
0.5718597
0.5939604
0.5647006
0.5423178
0.5397142
0.5783768
0.554517
0.55769
0.5408561
0.5872912
0.5708479
0.5401577
0.5445202
0.5643559
0.561298
0.5437993
0.5651318
0.6066012
0.6050659
0.6717535
0.5691995
0.5574394
0.5506551
0.5609069
0.5461317
0.5372822
0.5412801
0.5419512
0.5812588
0.558101
0.6296294
0.6469651
0.5824457
0.5399804
0.548461
0.5419671
0.5404349
0.5619362
0.5479337
0.5554986
0.5747556
0.5673484
0.5675639
0.5699604
0.5733291
0.5656747
0.5666933
0.5663898
0.5679387
0.6603068
0.6787178
0.5773068
0.5656109
0.5647127
0.5655298
0.5632516
0.5661345
0.5651464
0.6285279
0.5705462
0.5739426
0.5867254
0.5793513
0.583028
0.5631796
0.5722839
0.5739375
0.572982
0.5653953
0.5598426
0.5658204
0.5666227
0.5678053
0.5863079
0.5648675
0.5649545
0.5782754
0.561689
0.5614742
0.5637225
0.5722746
0.5700759
0.5699199
0.5625566
0.569629
0.5817707
0.5793243
0.5688346
0.5635534
0.5648557
0.5686683
0.5778764
0.5760887
0.5904965
0.5750871
0.5634452
0.5704082
0.5854977
0.5647813
0.5899541
0.5836749
0.6021329
0.576525
0.5636525
0.5634779
0.5868828
0.5696354
0.573784
0.5592968
0.5913252
0.5820647
0.5640116
0.5650431
0.579248
0.5733762
0.5642919
0.5765885
0.6080413
0.6057148
0.6637044
0.582119
0.5710254
0.5657925
0.5768273
0.5658898
0.5601116
0.5636989
0.5659214
0.5898783
0.5727001
0.6269816
0.6387803
0.5866331
0.5673503
0.5661585
0.5621461
0.5620767
0.5730792
0.5660951
0.572509
0.5664769
0.5599747
0.5588805
0.558096
0.5753074
0.5567779
0.5571487
0.5562761
0.5582303
0.6598916
0.6785296
0.5681883
0.5555539
0.5575767
0.5575694
0.5585155
0.5583586
0.5574529
0.6193718
0.565306
0.5665471
0.5813584
0.5786944
0.5790918
0.5564094
0.5673089
0.5648693
0.5629807
0.558724
0.5576456
0.5555143
0.5547119
0.5630427
0.5791204
0.5575866
0.5576317
0.5748406
0.554236
0.5521899
0.5566007
0.5630388
0.5644498
0.5687336
0.5535558
0.5595103
0.5806677
0.5737577
0.5612293
0.5537838
0.5552058
0.5605676
0.5739286
0.5708128
0.5848118
0.5653287
0.559703
0.559
0.5788307
0.5549015
0.5817509
0.5708627
0.5930323
0.5724799
0.5538943
0.5519466
0.5794238
0.5626578
0.5701398
0.553298
0.5877491
0.5777692
0.5519616
0.5584333
0.5705378
0.5706872
0.5542569
0.5667297
0.6038895
0.6021322
0.6578155
0.5736405
0.5637713
0.5618539
0.5723404
0.5566029
0.5549163
0.5580294
0.559145
0.5814976
0.5670834
0.6211236
0.6354706
0.5868989
0.5567374
0.5617237
0.5562604
0.5539858
0.5717329
0.5594438
0.5624065
0.5860853
0.5793766
0.5855287
0.5837748
0.5797933
0.5828877
0.5789199
0.5825144
0.5831489
0.6652519
0.6821313
0.5860216
0.5824154
0.5817988
0.5790492
0.5842914
0.5782977
0.5830197
0.6289683
0.5824036
0.5892613
0.5930655
0.5887795
0.5899019
0.5777849
0.581639
0.5865191
0.5828773
0.5822203
0.5782104
0.5834899
0.5822175
0.5834436
0.5924076
0.5792049
0.5817021
0.5808689
0.5798368
0.5761585
0.579045
0.5895159
0.5864929
0.5825719
0.5788074
0.5878822
0.5871435
0.5904089
0.5852935
0.5816446
0.5806747
0.5806534
0.5872042
0.5826921
0.5937132
0.5915457
0.5817059
0.5828892
0.5950043
0.5784738
0.5958544
0.5939377
0.6038649
0.5832105
0.5783077
0.5801213
0.5963564
0.5836651
0.587363
0.5759759
0.5961625
0.588505
0.5807401
0.5843901
0.5877944
0.5808631
0.5770179
0.5908785
0.6094413
0.6115552
0.659986
0.5898252
0.5819804
0.5775298
0.5856161
0.5792836
0.5766141
0.5856581
0.5818923
0.5947185
0.582592
0.6284796
0.6364683
0.5892188
0.5833689
0.5820828
0.5767403
0.5786657
0.5822803
0.5774164
0.5877671
0.5904718
0.5926522
0.6001423
0.5997266
0.592929
0.5886483
0.5837787
0.5921654
0.5962455
0.6799773
0.6962594
0.5865405
0.6018234
0.6013475
0.5974721
0.6012996
0.5905394
0.5983562
0.611885
0.5884632
0.5998788
0.591508
0.5892033
0.5919096
0.5900182
0.5854084
0.5864028
0.5941834
0.5960531
0.5912565
0.5916873
0.5916111
0.5863159
0.5855296
0.5950319
0.5938457
0.5901815
0.5923322
0.5855037
0.5903756
0.6036302
0.6063802
0.5991424
0.5966731
0.6084265
0.596224
0.5934696
0.6008091
0.5957416
0.5920866
0.5858213
0.5902738
0.5874542
0.5869719
0.5964214
0.5970926
0.5942964
0.5867472
0.5913483
0.589794
0.5956799
0.5921222
0.5899343
0.5877404
0.5860699
0.585715
0.5912487
0.5958306
0.594546
0.5904315
0.6017836
0.5943466
0.5981057
0.5874614
0.5914499
0.582867
0.5916083
0.5982271
0.5998912
0.6386738
0.5906482
0.5941317
0.5837933
0.5907902
0.5816803
0.5908702
0.6022982
0.5979033
0.5849226
0.5865785
0.6146822
0.6148789
0.5971536
0.6001191
0.5952746
0.5851038
0.5832241
0.5930088
0.5957745
0.5899453
0.5684934
0.5685848
0.5728558
0.5723883
0.5777426
0.5636074
0.5615946
0.5652495
0.5682197
0.6672287
0.6890701
0.567142
0.5745923
0.5717542
0.573203
0.5755562
0.5675282
0.5738899
0.6077593
0.5692776
0.5777145
0.5760292
0.5754917
0.5847605
0.563768
0.5636081
0.5636712
0.5714493
0.5695117
0.5661791
0.5669615
0.5647708
0.5672428
0.5757112
0.5709874
0.5662189
0.5750768
0.5657356
0.5574303
0.564213
0.5744553
0.5826434
0.5777803
0.5672508
0.5799074
0.588216
0.5832582
0.5721781
0.5689474
0.5654157
0.5611984
0.5769751
0.5716701
0.574778
0.5782431
0.5710231
0.5686306
0.5693301
0.5656466
0.5727313
0.5771624
0.580964
0.5780386
0.5617502
0.5591427
0.570336
0.5705424
0.5796165
0.5683471
0.5839113
0.5875562
0.5655399
0.572034
0.5711156
0.5772997
0.5576866
0.5714429
0.5976022
0.5941625
0.6379662
0.5754709
0.5749016
0.5659722
0.5787507
0.5568783
0.5643933
0.5731417
0.5725089
0.5755945
0.5701305
0.6132407
0.6215902
0.5918448
0.5734502
0.5741298
0.5600632
0.5596159
0.5813891
0.5682068
0.5652518
0.5928087
0.5940151
0.6022456
0.6017934
0.5999087
0.5868832
0.5857186
0.5921862
0.5968323
0.6773859
0.6977466
0.5872889
0.6020289
0.6016659
0.6044578
0.6067808
0.5873834
0.6018251
0.6001693
0.5860778
0.5977328
0.5858712
0.5858022
0.5974448
0.5948405
0.5753169
0.5860914
0.5894987
0.5972041
0.5899727
0.5889461
0.5944596
0.5902444
0.5840114
0.5937919
0.5887467
0.595383
0.5929371
0.5857543
0.5892373
0.6026672
0.611095
0.6064989
0.600301
0.6099529
0.6025044
0.5946831
0.6067709
0.5940163
0.5922017
0.5869892
0.5841647
0.5878621
0.5802908
0.5894319
0.5976339
0.5912614
0.5836399
0.5867799
0.5861031
0.5917048
0.5802577
0.5943675
0.58899
0.5874928
0.5814471
0.5915694
0.6047791
0.5954286
0.5920533
0.6043419
0.5914645
0.5954067
0.586121
0.5947017
0.5802377
0.585097
0.5930249
0.5930941
0.6151764
0.5894579
0.5858513
0.5850749
0.5998287
0.5781076
0.5941687
0.6027409
0.595991
0.5808136
0.5786869
0.6066503
0.6046098
0.6063159
0.604279
0.5991823
0.5911822
0.5846611
0.6023346
0.5948499
0.5848785
0.5899548
0.5952942
0.6067394
0.6000941
0.6037359
0.5869573
0.5810772
0.5910633
0.5991476
0.6855931
0.7020538
0.5857905
0.6050371
0.6020876
0.6009251
0.6058663
0.5911613
0.6028088
0.6078293
0.5872611
0.6011354
0.5896552
0.589876
0.5975346
0.5914435
0.5839167
0.5878059
0.5924662
0.6005865
0.5964825
0.5923774
0.5889271
0.5890111
0.5825389
0.599266
0.594411
0.5948534
0.5940513
0.5830645
0.5904427
0.6044209
0.6141807
0.6071367
0.5944874
0.6099899
0.6035873
0.5973218
0.6043486
0.5977349
0.5908549
0.5835439
0.5916789
0.5885505
0.5843738
0.5928918
0.5996419
0.5918272
0.5844553
0.5910183
0.587277
0.5916695
0.5854918
0.5932135
0.5854735
0.5875915
0.581317
0.5925833
0.6048289
0.5970207
0.592784
0.6043475
0.5936747
0.5959365
0.5868657
0.5970732
0.5810655
0.5853129
0.5969127
0.5995509
0.6296558
0.5889433
0.5943792
0.5879656
0.5997596
0.577663
0.5946587
0.603776
0.5989181
0.5801771
0.5853011
0.6099339
0.6116389
0.6057426
0.6023191
0.5986245
0.5856162
0.5838063
0.6011485
0.5948994
0.5876169
0.5576355
0.5522752
0.5515913
0.5533368
0.5670305
0.549214
0.5454321
0.5466362
0.5502955
0.6503042
0.6711523
0.5632768
0.5485804
0.5455967
0.5484209
0.5457228
0.5519358
0.5480891
0.6209523
0.5585149
0.557939
0.5752013
0.5698655
0.572482
0.5464725
0.5585669
0.5544782
0.5594876
0.5486503
0.5428855
0.5483171
0.5452017
0.5566473
0.5761215
0.5458021
0.544295
0.5661982
0.5449946
0.5409524
0.5490749
0.5561047
0.5556586
0.5593646
0.5470233
0.5511576
0.5773947
0.5733423
0.5501649
0.5450959
0.548186
0.548638
0.5690462
0.5648979
0.5793361
0.5623765
0.5481341
0.5504835
0.5707611
0.5440954
0.5745968
0.5694225
0.5853919
0.5676326
0.5440652
0.5431241
0.573498
0.5545224
0.5634499
0.5445886
0.584054
0.5740614
0.5449972
0.5493531
0.5614693
0.5647839
0.5438436
0.5627465
0.6033216
0.5995896
0.6590226
0.5706768
0.5613548
0.5547338
0.5643234
0.5459605
0.5437304
0.549593
0.5468597
0.5789864
0.5607122
0.6245872
0.6371788
0.5843756
0.549964
0.5544045
0.545384
0.5410168
0.5656702
0.5524298
0.5537105
0.5608529
0.5458164
0.5394191
0.5448371
0.5624453
0.5487246
0.5535721
0.548076
0.5387474
0.6357903
0.6568236
0.5724456
0.5336769
0.5322986
0.538817
0.5292318
0.5500479
0.5365433
0.6489548
0.5611633
0.5555954
0.5886371
0.5822397
0.5790957
0.5419042
0.567255
0.5662894
0.5549054
0.5421525
0.5352428
0.5426216
0.5436181
0.5594402
0.5932899
0.5352662
0.5410421
0.5694192
0.5400517
0.54344
0.5449856
0.5482923
0.535499
0.5480954
0.537284
0.5336503
0.5787528
0.5737827
0.5336206
0.536306
0.5452504
0.5582428
0.5763234
0.5702294
0.599245
0.5647836
0.5370986
0.5542819
0.5908723
0.5428688
0.5923966
0.5787133
0.6113055
0.5702611
0.5425299
0.5423601
0.5957975
0.5571603
0.5596676
0.534997
0.6000466
0.5734098
0.5397869
0.5412987
0.574498
0.5651263
0.5490637
0.5753309
0.624325
0.616081
0.6898381
0.5830181
0.5601796
0.5551788
0.5643264
0.555934
0.5372947
0.5359238
0.53808
0.5997481
0.5674481
0.6479611
0.6693918
0.5869668
0.5357946
0.5440569
0.5465695
0.5418531
0.5606674
0.5462629
0.5615555
0.5569152
0.5434485
0.5388188
0.542513
0.561593
0.5453603
0.5485417
0.5415389
0.5340686
0.63129
0.6532361
0.5669592
0.5315213
0.5334701
0.5365253
0.5320626
0.5377479
0.5338683
0.6370715
0.554245
0.5495059
0.5808868
0.5736906
0.5770199
0.5395276
0.5547015
0.5617782
0.5487052
0.5331548
0.5329783
0.538074
0.541813
0.5581584
0.5859799
0.5306871
0.5351292
0.5652965
0.5366422
0.5384895
0.5417081
0.5409728
0.5390808
0.5496132
0.5344258
0.5317753
0.5751902
0.5704284
0.5386007
0.5305176
0.543183
0.5531891
0.5652559
0.5678394
0.5908404
0.5549033
0.5338516
0.5471416
0.5811236
0.5326937
0.5844694
0.5699426
0.600308
0.5669514
0.5400619
0.5333237
0.5849601
0.5554565
0.5607412
0.5297571
0.5936258
0.5710034
0.5322791
0.5382597
0.5696092
0.5601097
0.5430286
0.5680537
0.6161349
0.6115099
0.6790497
0.5728791
0.5490035
0.551589
0.5606132
0.5454654
0.5318828
0.534638
0.5316033
0.5924619
0.5571585
0.636806
0.6582908
0.5849153
0.5366681
0.5407708
0.5432942
0.536259
0.5604938
0.5398729
0.5498647
0.5946329
0.5916331
0.5940667
0.59145
0.5949622
0.5840095
0.5842363
0.5888217
0.5930933
0.6708655
0.6889882
0.5903657
0.5880609
0.591698
0.5897462
0.5939407
0.5901392
0.5930406
0.6296517
0.5905337
0.5935608
0.6022698
0.5916457
0.5952069
0.5879446
0.5913246
0.5944268
0.5888197
0.5903657
0.5903259
0.5885113
0.5848415
0.5883019
0.591725
0.5890196
0.5902349
0.5898601
0.5881534
0.5839748
0.5877687
0.5974712
0.6018641
0.5976382
0.5854375
0.5935416
0.5925142
0.5919996
0.5947687
0.5878967
0.5846251
0.587205
0.5935959
0.5897197
0.6005613
0.5882425
0.5891278
0.5884663
0.6018782
0.5882551
0.6045893
0.5931008
0.6039408
0.5904579
0.5819836
0.5849731
0.5989541
0.5865215
0.5944529
0.5824455
0.5981407
0.5934502
0.5876421
0.5898496
0.5924484
0.5898889
0.5816117
0.5903507
0.6093681
0.6152295
0.6572208
0.5931462
0.5876961
0.5876495
0.5939577
0.5821412
0.5891149
0.5935227
0.5901013
0.5975582
0.5899856
0.6226244
0.6350627
0.5970065
0.5909772
0.5916291
0.585757
0.5842644
0.5862096
0.5891826
0.5912754
0.5633692
0.5522134
0.5585943
0.5613436
0.5629197
0.5613772
0.5568674
0.5573078
0.5593298
0.6540053
0.6777895
0.5690718
0.5602043
0.5594613
0.5565563
0.5609179
0.5564205
0.55688
0.623283
0.5622586
0.5701899
0.5767818
0.5753954
0.5771045
0.5516169
0.5616157
0.5681323
0.5686915
0.5570225
0.5538825
0.5574451
0.5568453
0.5632625
0.5782611
0.5559256
0.5582889
0.5669488
0.5559642
0.5531464
0.5541492
0.5627748
0.5611562
0.5617703
0.5574972
0.5629393
0.5775416
0.5755288
0.559947
0.5574715
0.5585492
0.5584855
0.5701012
0.5701614
0.5768523
0.5699693
0.5587448
0.5647046
0.5758386
0.5547828
0.5801006
0.5788639
0.5937823
0.5692551
0.5566925
0.5561755
0.5799448
0.562877
0.5651484
0.5574329
0.5857045
0.5774807
0.5573363
0.5603272
0.5688282
0.5666985
0.5583195
0.5717914
0.6032134
0.6021089
0.6611435
0.5759601
0.5617358
0.5553213
0.567569
0.5571785
0.5495896
0.5597077
0.5586298
0.5826499
0.5655203
0.6249559
0.6372329
0.5829714
0.5586648
0.5579877
0.5565053
0.5507174
0.5677993
0.558883
0.5679003
0.5565053
0.5438507
0.5433205
0.5455418
0.5607388
0.545106
0.5462668
0.5462072
0.5386511
0.6381634
0.6607462
0.5609379
0.5389144
0.5377935
0.5379712
0.5341802
0.5430357
0.538054
0.6291349
0.5545436
0.5527945
0.5783904
0.5708088
0.5742483
0.5398616
0.5540598
0.5598497
0.5536158
0.5384012
0.5311848
0.5408998
0.5442871
0.5564139
0.5795666
0.5368355
0.5382425
0.5631703
0.5393617
0.5385227
0.5384022
0.5465872
0.5419582
0.548432
0.5401285
0.5382739
0.5767916
0.5707595
0.5392692
0.5353834
0.5415516
0.5497958
0.5672257
0.5668083
0.5830478
0.5604581
0.5400269
0.5497952
0.575629
0.5360717
0.5791436
0.5703461
0.5914635
0.5651731
0.5427794
0.5374221
0.5776058
0.5532567
0.5614016
0.535383
0.5882913
0.5729911
0.5367226
0.5417872
0.5655316
0.5589791
0.5434057
0.5654977
0.6097074
0.6066684
0.6705979
0.5702803
0.5514499
0.5496862
0.5615012
0.5447478
0.5328973
0.5349122
0.5388881
0.5841738
0.5571849
0.6321784
0.6496046
0.5835086
0.5398681
0.5417602
0.5410529
0.539621
0.5622979
0.5428582
0.5514749
0.558704
0.5485112
0.5405493
0.5440257
0.5612392
0.5510014
0.5501164
0.5455265
0.5431601
0.6419426
0.6580776
0.5668446
0.5415545
0.538686
0.5393123
0.5337782
0.5495623
0.539133
0.6390346
0.5591101
0.5573991
0.5837398
0.5742196
0.5753582
0.5400076
0.5641386
0.5619398
0.5584588
0.5401906
0.5380546
0.5469197
0.5445486
0.5583333
0.5878541
0.5409906
0.5431876
0.5671434
0.5416085
0.5413086
0.5428261
0.5461917
0.5428176
0.5464486
0.5397805
0.5426127
0.5776771
0.5736615
0.5366331
0.5379468
0.546222
0.5527247
0.5726294
0.5711437
0.5928458
0.565282
0.5414873
0.5544403
0.5812432
0.5426923
0.5849351
0.5756872
0.6015584
0.569038
0.5432348
0.5430281
0.5852136
0.5584701
0.5576549
0.5378771
0.5932
0.5720264
0.5412346
0.5470799
0.5711404
0.5637247
0.5491446
0.5720514
0.6178195
0.6112784
0.6807202
0.5771389
0.5604266
0.5521888
0.5629502
0.5521451
0.53491
0.5388886
0.5386268
0.5935492
0.5656662
0.6405165
0.6582812
0.5848547
0.5408824
0.5470584
0.5429033
0.5415642
0.5640072
0.54895
0.5579946
0.5619446
0.5494445
0.5372387
0.5447964
0.56503
0.5464079
0.5518968
0.5455061
0.5373597
0.6333099
0.6550206
0.5701327
0.5324983
0.5332875
0.5410292
0.532709
0.5393036
0.5363305
0.6463994
0.5600441
0.5540405
0.5876573
0.5780736
0.5818328
0.5424404
0.5648523
0.5654317
0.5533078
0.5380614
0.5348595
0.5414346
0.5423225
0.5621696
0.5907235
0.5367754
0.5391658
0.5697678
0.53919
0.5421036
0.5430973
0.5461984
0.5391159
0.5491074
0.5358537
0.5315266
0.577252
0.5717762
0.5384457
0.5325147
0.5411508
0.5564502
0.5726358
0.5713243
0.5970263
0.5579462
0.5364471
0.5482099
0.5906216
0.5362709
0.5937983
0.5738344
0.605755
0.5717238
0.5403071
0.5415682
0.5954055
0.5585078
0.5606376
0.5345782
0.5995748
0.570564
0.535824
0.5400377
0.5754501
0.5646252
0.5479348
0.5700464
0.6206404
0.6181854
0.6849135
0.5758796
0.5546168
0.556967
0.5660279
0.5534448
0.5364341
0.5330677
0.5346584
0.5993791
0.5631991
0.6401063
0.6665195
0.5883619
0.5363333
0.5444194
0.5488172
0.5403413
0.5633427
0.5450355
0.5568961
0.5620667
0.5414494
0.5445227
0.5517374
0.5585161
0.5565832
0.5515103
0.5513415
0.5431257
0.6312154
0.6547499
0.5671234
0.5467201
0.5468115
0.5450105
0.5426216
0.5400189
0.5404511
0.6353241
0.5567145
0.5601908
0.5818679
0.5736846
0.5758688
0.5430823
0.5518599
0.5630695
0.5541585
0.5402396
0.5306061
0.5437779
0.5501045
0.5586166
0.5835986
0.5336351
0.5403083
0.5611749
0.5434947
0.5438014
0.5442468
0.5465028
0.54335
0.5480283
0.5485968
0.5435547
0.5779378
0.5756505
0.5474134
0.5388849
0.5485095
0.5567059
0.5605701
0.5688361
0.5833259
0.5630504
0.539061
0.5556425
0.5790908
0.5350291
0.5844016
0.5791631
0.5984771
0.5681153
0.5478615
0.5361448
0.5831915
0.5587262
0.5627129
0.5409765
0.5880783
0.5783584
0.5404794
0.545665
0.5719552
0.5613458
0.5482348
0.5725208
0.61175
0.6056442
0.6719297
0.5776819
0.5531672
0.5479678
0.5651257
0.5481731
0.5388028
0.5430465
0.5402158
0.5872134
0.5559992
0.6353512
0.6518769
0.5843695
0.546896
0.5490264
0.5479095
0.5391974
0.563878
0.5482588
0.5511963
0.5646493
0.5448534
0.5385143
0.5475186
0.5652912
0.5519561
0.5585284
0.5523185
0.5381959
0.6270955
0.6489567
0.5768789
0.5364344
0.5391224
0.5431532
0.5336925
0.5422192
0.5369122
0.6500613
0.5569809
0.556136
0.588569
0.584136
0.5841112
0.5411685
0.5663998
0.5716008
0.5587983
0.5338808
0.5362756
0.5437169
0.5486363
0.5634437
0.5982922
0.5356955
0.5418602
0.5733654
0.5466917
0.5501093
0.5470669
0.5453809
0.5382166
0.5460696
0.5411305
0.5329505
0.5839919
0.5786866
0.5418266
0.5347951
0.5494465
0.5630528
0.5742944
0.5762013
0.5955653
0.5615356
0.53927
0.5557759
0.5951505
0.5404223
0.5968341
0.5788827
0.6095928
0.5734833
0.5469362
0.5436845
0.5985676
0.562541
0.5657077
0.5366838
0.6015106
0.5764213
0.5404647
0.5418548
0.5797828
0.5653911
0.5539625
0.5795317
0.6256496
0.6213477
0.6883459
0.5850837
0.5559669
0.5577182
0.5718303
0.557157
0.5385817
0.5369695
0.535866
0.603622
0.5686413
0.6484038
0.670129
0.5933319
0.5410748
0.5472471
0.5545905
0.5426525
0.5682245
0.5494369
0.5611902
0.5598348
0.5405899
0.5413944
0.5483038
0.5610635
0.5446482
0.5494433
0.5458719
0.5385477
0.6308724
0.6579723
0.5642535
0.5377954
0.5398055
0.5435312
0.5363296
0.5380771
0.5367548
0.6324757
0.5522766
0.5531517
0.5780465
0.571568
0.5775316
0.5404375
0.5527326
0.5614542
0.5518005
0.5388261
0.5316888
0.5378843
0.5431169
0.5569779
0.5815262
0.5344082
0.5343362
0.5669722
0.5403215
0.5394976
0.5379268
0.5445618
0.5433412
0.5535885
0.5403883
0.5378121
0.5792289
0.5732309
0.5411406
0.5330588
0.543417
0.5533446
0.5620891
0.5659571
0.5825509
0.555399
0.5362784
0.5514528
0.5779357
0.5350236
0.5820264
0.5685844
0.5943011
0.5678129
0.5405029
0.5340171
0.5789041
0.5569234
0.5639506
0.5360662
0.588826
0.5737079
0.5332443
0.5412008
0.5655493
0.5623026
0.5427791
0.5649643
0.6140093
0.6064491
0.670786
0.5719755
0.5504382
0.5485424
0.5663505
0.5444995
0.5370641
0.5389195
0.5360185
0.5859533
0.5536414
0.6298922
0.6468292
0.5869443
0.5417294
0.5438636
0.5444286
0.5356826
0.5653868
0.5444356
0.5478949
0.558787
0.5460455
0.5390248
0.5463742
0.5615509
0.5454566
0.5521514
0.545598
0.5396269
0.633189
0.658872
0.5670059
0.5323036
0.5348883
0.5411246
0.5344245
0.5399193
0.5376577
0.6418217
0.5591617
0.554406
0.5842046
0.5762409
0.5802165
0.5408409
0.5578916
0.5632649
0.5509918
0.5375794
0.5327695
0.5409086
0.5423868
0.5589986
0.5860874
0.5347461
0.5367181
0.5681511
0.5412232
0.541715
0.5434544
0.545826
0.5402722
0.5496406
0.5387728
0.5340781
0.5775661
0.5744883
0.5387508
0.5326098
0.5440867
0.5541077
0.5692607
0.5699084
0.5901719
0.5566131
0.5367621
0.5510141
0.5849014
0.539688
0.5877886
0.5725341
0.602554
0.5684208
0.5414867
0.5390865
0.5888956
0.5573862
0.5585924
0.5334754
0.595538
0.5687976
0.5345128
0.5392891
0.5715723
0.5633691
0.5459764
0.5706499
0.6188565
0.6129895
0.6792362
0.576567
0.5493489
0.5512832
0.566429
0.5474954
0.5356107
0.535743
0.5387102
0.5938368
0.5612513
0.6367684
0.6602911
0.5865783
0.5388467
0.5459713
0.5459149
0.5387877
0.5645958
0.5452321
0.5522197
0.5629646
0.5510633
0.5401311
0.5456008
0.5668486
0.5486992
0.5526382
0.5481281
0.5447297
0.6431605
0.6618445
0.5709032
0.5389977
0.5377607
0.5379767
0.5345751
0.554313
0.539101
0.6463951
0.5661546
0.5596748
0.591381
0.5805774
0.58013
0.5428972
0.5717652
0.5671665
0.5586257
0.5451527
0.5386341
0.5474198
0.5458566
0.5628122
0.5943868
0.539838
0.5447347
0.5726166
0.5426881
0.5427893
0.5486705
0.5505719
0.5429839
0.5502123
0.5388144
0.5387875
0.5773228
0.5762227
0.5376684
0.5385387
0.5460425
0.5586124
0.5778268
0.5762853
0.6016509
0.5644817
0.5435413
0.5554766
0.5908166
0.5443706
0.592393
0.5800751
0.6116363
0.5719237
0.5457136
0.5414514
0.5940768
0.5594801
0.5580063
0.5374405
0.5981267
0.5725468
0.5412226
0.5463658
0.5753864
0.5686042
0.5518312
0.575521
0.6245493
0.6189642
0.6883996
0.5832526
0.5647432
0.560763
0.5636455
0.5573777
0.5399743
0.5377747
0.5386939
0.6013662
0.5705443
0.6485424
0.667196
0.5882238
0.5391422
0.5481336
0.5444752
0.5449969
0.5625368
0.5512222
0.5647836
0.5644123
0.5488125
0.5367598
0.5454453
0.5657538
0.5481935
0.5559196
0.5469188
0.5388089
0.6285908
0.6476828
0.5743108
0.5313416
0.5353589
0.5410785
0.5329145
0.5361699
0.5294325
0.6471953
0.561787
0.5524762
0.5910295
0.5822479
0.5837727
0.5455561
0.5650865
0.567431
0.5510044
0.5368145
0.5317657
0.5362216
0.5464505
0.5622875
0.5948788
0.525335
0.5306404
0.5737719
0.5406982
0.5474771
0.5472436
0.5446759
0.5380054
0.5526581
0.5366821
0.5272029
0.5804378
0.5735348
0.5412316
0.5272497
0.545031
0.5608876
0.5647618
0.5703007
0.6003559
0.5565375
0.5271361
0.5506985
0.5951213
0.5328884
0.5944031
0.5739146
0.6089351
0.5716386
0.5411528
0.5358096
0.5965909
0.5602202
0.5618084
0.5286211
0.6017804
0.5739078
0.5304957
0.538742
0.5762937
0.5656504
0.5502428
0.5727498
0.6241023
0.6175702
0.6887984
0.581349
0.5556715
0.5581817
0.5674231
0.5533595
0.5389182
0.5290779
0.5341692
0.6018898
0.5630528
0.6446338
0.6668594
0.5901602
0.5374023
0.5430866
0.5494426
0.5406648
0.5621797
0.5436886
0.5524289
0.5563067
0.549939
0.5409226
0.5478583
0.5669076
0.5428627
0.5484542
0.5424111
0.5391829
0.6345764
0.6604377
0.5652389
0.5360283
0.5360771
0.5442665
0.5341787
0.5394367
0.5368274
0.6329378
0.5566992
0.5513252
0.5799868
0.5738558
0.5776442
0.542471
0.5576454
0.5593538
0.548814
0.5411746
0.5321313
0.5371968
0.5421333
0.558872
0.5818093
0.5354798
0.5336139
0.5661924
0.5378674
0.5414703
0.5394273
0.5451471
0.5480249
0.5553707
0.5399131
0.5352307
0.5754656
0.5714221
0.5410942
0.5321542
0.543264
0.5518123
0.5633109
0.5665396
0.5883821
0.5524139
0.5349958
0.5469258
0.5808186
0.535003
0.5847517
0.5654897
0.5961306
0.5652546
0.5382846
0.5361414
0.5814234
0.555521
0.5603637
0.5352608
0.5902452
0.569458
0.5317522
0.5374674
0.5666887
0.5626891
0.5414622
0.5637305
0.6125858
0.606442
0.6711187
0.5708541
0.550976
0.5516065
0.5650392
0.5433728
0.5367655
0.5362194
0.5374532
0.5870558
0.5573237
0.6304308
0.6517754
0.5867666
0.5382695
0.5449543
0.5459938
0.5352075
0.5645668
0.5420521
0.5465749
0.5610761
0.5530107
0.5481621
0.5503911
0.5669879
0.5472341
0.5495564
0.5480306
0.5480966
0.6477567
0.6704994
0.5643793
0.5445623
0.5449548
0.54699
0.5431637
0.5519945
0.547573
0.6286856
0.5593793
0.556017
0.5817904
0.5740852
0.5767106
0.5464748
0.5629164
0.5631622
0.5556922
0.5475057
0.5427899
0.5466255
0.5472982
0.5583894
0.5806914
0.5446361
0.5448807
0.5685698
0.5462037
0.544562
0.5480337
0.5519795
0.5551208
0.5594949
0.5434911
0.546145
0.575508
0.5711064
0.5468508
0.5414538
0.5469677
0.5523897
0.571014
0.5674134
0.5896786
0.5578353
0.5464282
0.5512606
0.5793131
0.5497204
0.580518
0.5704779
0.5950042
0.5664033
0.546642
0.542715
0.5801302
0.5578207
0.5617508
0.5471523
0.5895889
0.5725299
0.5417682
0.5484987
0.5648801
0.5646423
0.5478608
0.5674437
0.6083178
0.6063641
0.6678316
0.573889
0.5574398
0.5559426
0.5650029
0.549551
0.5448142
0.5493603
0.5458697
0.5859589
0.5630852
0.6279838
0.6459408
0.5835042
0.5458995
0.5518525
0.5480066
0.5433466
0.5644231
0.5521252
0.5557085
0.5661817
0.5502129
0.5441889
0.5502797
0.5662228
0.553596
0.5584189
0.5496318
0.5443927
0.6286363
0.6509457
0.5756042
0.5395447
0.5396436
0.5436913
0.5391608
0.5430343
0.5372533
0.6479486
0.5595365
0.5580328
0.589218
0.5810944
0.5824182
0.547231
0.5666082
0.570629
0.5559966
0.5390024
0.5343898
0.5466598
0.5497933
0.5613345
0.5946687
0.5370732
0.5414808
0.5742627
0.5481308
0.5481891
0.5485966
0.5473857
0.5410668
0.5500318
0.5424342
0.5357043
0.5791181
0.578013
0.5419148
0.5387482
0.5490918
0.5606725
0.5702144
0.5741154
0.598733
0.5631071
0.5395017
0.5565183
0.5930111
0.5417602
0.5941101
0.5787317
0.6101926
0.5717551
0.5498043
0.5444796
0.5955892
0.561576
0.5632009
0.5400033
0.5994564
0.5777474
0.5409318
0.543949
0.5785214
0.5641552
0.5533539
0.576187
0.6219259
0.6191576
0.686396
0.5839991
0.5577955
0.5568552
0.5686426
0.5557211
0.542066
0.5389604
0.5421794
0.6007689
0.5685535
0.6450518
0.6663063
0.5885541
0.545289
0.5487216
0.5511188
0.5442523
0.564675
0.5498333
0.5583667
0.5673494
0.5584878
0.5564265
0.5585118
0.570911
0.5568654
0.557231
0.5579449
0.550586
0.6436442
0.6643672
0.5705325
0.5533688
0.5524873
0.5540225
0.5513794
0.5562743
0.5505031
0.633142
0.5609366
0.5638889
0.5841235
0.577542
0.5839762
0.5526342
0.5661174
0.5692437
0.5646669
0.5520113
0.5487903
0.5531129
0.5541898
0.565955
0.5898231
0.5503662
0.5520029
0.577273
0.5543058
0.5529603
0.554225
0.5579748
0.5551941
0.564297
0.552918
0.5555573
0.5848146
0.5794125
0.552004
0.5501706
0.553206
0.5607348
0.5768816
0.571981
0.5856849
0.569208
0.5529259
0.5623071
0.5839571
0.5516282
0.5853088
0.5787115
0.5960163
0.575429
0.5509971
0.5501715
0.5872591
0.5636643
0.5724602
0.551093
0.5945374
0.5833537
0.5503877
0.5554088
0.5754482
0.5726082
0.5540451
0.5741044
0.6153151
0.6097703
0.6661954
0.5803998
0.564444
0.5616998
0.5731283
0.5562381
0.5489017
0.552991
0.5534889
0.5879106
0.5682291
0.634356
0.6502116
0.5945313
0.5546355
0.5564865
0.5567082
0.5509898
0.5740048
0.5550458
0.5646467
0.5667551
0.5673846
0.5723755
0.5693822
0.5776003
0.5598569
0.558383
0.5620431
0.565586
0.6665974
0.6864735
0.5650206
0.5709267
0.567311
0.5705626
0.5719697
0.5641116
0.5687738
0.6075418
0.5656552
0.5734942
0.5729938
0.5728565
0.5826067
0.5610664
0.5616899
0.5632247
0.570583
0.5656887
0.5637688
0.5628045
0.5605996
0.5654118
0.5745823
0.5642623
0.5637737
0.5736744
0.5633163
0.5558025
0.5607839
0.5723441
0.5795072
0.5778677
0.5662155
0.5758547
0.5862423
0.5793299
0.5722947
0.5667734
0.56573
0.5615535
0.5723855
0.5721184
0.5749041
0.5729859
0.5695243
0.5659428
0.567619
0.5615144
0.5727402
0.5736781
0.5770459
0.5764456
0.5597087
0.5574713
0.5695694
0.5668893
0.577544
0.5659304
0.5830206
0.5890784
0.5638983
0.5674733
0.5684614
0.5748637
0.5531855
0.5668403
0.5949488
0.5933691
0.6364461
0.5733308
0.5701099
0.5619668
0.576498
0.5559751
0.5620892
0.5720745
0.5680632
0.5713446
0.5653094
0.6135181
0.6178589
0.5944271
0.5695561
0.5715174
0.5608237
0.5574868
0.5796597
0.5648814
0.5626653
0.5566372
0.5447948
0.5412242
0.5444204
0.5580096
0.5484053
0.5501866
0.5481702
0.5407271
0.6390174
0.6594034
0.5653399
0.5403295
0.5398551
0.540444
0.5371741
0.5474065
0.5382644
0.6365195
0.5571722
0.5542583
0.5784858
0.5730017
0.5744855
0.5432801
0.55998
0.5608465
0.5545878
0.5400686
0.536353
0.5414346
0.544074
0.557405
0.5836638
0.5378234
0.5422452
0.563333
0.5413459
0.5405022
0.5432524
0.5508906
0.5394694
0.5468613
0.539717
0.5396474
0.5727151
0.5727351
0.5402504
0.5378016
0.5462809
0.5529207
0.5709156
0.5674762
0.5859764
0.561438
0.5444635
0.5507889
0.5778689
0.5393863
0.5834476
0.5723166
0.6006112
0.5666639
0.5409416
0.5400597
0.5839289
0.5540221
0.5577743
0.5356692
0.5895547
0.5728839
0.5411757
0.5455882
0.5658932
0.5580214
0.5456141
0.5686812
0.6132252
0.6079787
0.6763179
0.5759025
0.5576301
0.5521284
0.5612495
0.5490859
0.5369462
0.5389434
0.5406446
0.5894837
0.5617294
0.6332265
0.6545798
0.5810014
0.538455
0.5462537
0.5454077
0.5402661
0.5617789
0.5439423
0.5564417
0.5635296
0.5556561
0.5562298
0.5591579
0.5726666
0.5471729
0.5505402
0.5526178
0.5496176
0.6438514
0.6695761
0.5670049
0.550175
0.5510657
0.5567615
0.5515276
0.5454684
0.5501459
0.6200752
0.559734
0.558964
0.5794972
0.5724529
0.58032
0.553601
0.558986
0.5615986
0.5560746
0.5478083
0.5426938
0.5427482
0.5504738
0.5632757
0.5764781
0.5452316
0.5379995
0.5699567
0.5505218
0.5464933
0.5501682
0.5577016
0.5624788
0.5686113
0.5495497
0.5528892
0.5798736
0.5737905
0.5564074
0.5453869
0.5499759
0.5553339
0.5598223
0.5668596
0.5827125
0.5586578
0.5427595
0.5538582
0.5777204
0.5417013
0.5807839
0.5680451
0.5837359
0.571025
0.5457192
0.5411737
0.575733
0.5619977
0.5704082
0.5480131
0.5855267
0.5744071
0.5394817
0.5481948
0.5658062
0.5687678
0.5474533
0.565036
0.6037993
0.6027004
0.6573173
0.5709389
0.5553368
0.5571594
0.5723284
0.5448269
0.5491084
0.5495985
0.546542
0.5801685
0.5580265
0.6197912
0.6368605
0.5885675
0.5505657
0.5553228
0.5545419
0.5433509
0.5719981
0.5524133
0.5468965
0.5692996
0.5560067
0.5564637
0.5554165
0.5654704
0.5619696
0.5634679
0.5590992
0.5562852
0.6463945
0.6644787
0.5774702
0.5511644
0.5496993
0.5495236
0.5475437
0.5595705
0.5491374
0.6433483
0.5654376
0.5682577
0.5906195
0.5817881
0.5780363
0.5526373
0.5713735
0.573635
0.5655696
0.5546367
0.5516315
0.5582632
0.5560675
0.5669154
0.5928504
0.5470409
0.5557844
0.5725092
0.5535175
0.5567379
0.5575278
0.5596556
0.5523838
0.5519621
0.5517141
0.5523309
0.5760518
0.5774228
0.5507196
0.5531508
0.5562596
0.5663616
0.5788234
0.5733458
0.5974628
0.5739175
0.5502904
0.5662473
0.5922229
0.5549731
0.5941134
0.5829698
0.6094929
0.5719879
0.5571761
0.5545396
0.5956956
0.564792
0.5645827
0.5466944
0.5968798
0.5737985
0.5540697
0.5572379
0.5768566
0.5658794
0.5590076
0.5802385
0.6182908
0.613527
0.6819865
0.5857466
0.5659336
0.5633744
0.5663409
0.5651906
0.5503528
0.5508
0.5520101
0.6003916
0.5761834
0.6417086
0.6575512
0.5837852
0.5550611
0.5573016
0.5579804
0.5538098
0.5641494
0.5573611
0.5720025
0.5601484
0.5398586
0.5347091
0.5442854
0.5572195
0.5474673
0.5512858
0.5449568
0.5347569
0.6279564
0.6529252
0.5689048
0.5313358
0.5331995
0.536676
0.5289522
0.5366706
0.5335084
0.6470338
0.5540058
0.5516581
0.5839703
0.5775709
0.5776061
0.5384633
0.5585388
0.5637461
0.5525219
0.5306896
0.5296329
0.5389941
0.5426241
0.5569349
0.5907432
0.5329892
0.5364885
0.5666526
0.538248
0.5405352
0.5419649
0.5377452
0.5323369
0.542474
0.5372686
0.5319552
0.576021
0.571493
0.5342645
0.5290892
0.5442082
0.5560928
0.5659482
0.5687472
0.5905503
0.5581326
0.5328553
0.5520507
0.5858687
0.5361035
0.5877978
0.5749983
0.6056212
0.567056
0.5390829
0.5377674
0.5908222
0.5554581
0.5576085
0.5309176
0.5951384
0.5702973
0.5352948
0.5373648
0.5716898
0.5612586
0.5484266
0.5704649
0.6194001
0.6143187
0.6867925
0.5770465
0.5502052
0.550982
0.5615574
0.5484178
0.5335252
0.5315207
0.5325563
0.5959868
0.5565884
0.6428339
0.6651944
0.5857297
0.536117
0.5397814
0.5441255
0.5377521
0.5593656
0.5429534
0.5556537
0.5601152
0.5492975
0.5431082
0.5475693
0.5664523
0.5421419
0.5481312
0.5437497
0.5362909
0.6358721
0.6593745
0.5656493
0.536496
0.5357398
0.5425366
0.534288
0.5390135
0.5377107
0.6299882
0.5568383
0.5515487
0.5818906
0.5721141
0.5774349
0.5448996
0.5557092
0.5599629
0.5491435
0.538553
0.5308899
0.5370425
0.5422275
0.5600152
0.5817295
0.5339675
0.5349566
0.5684308
0.5418294
0.5391596
0.5413015
0.5485555
0.5444785
0.5562636
0.5383113
0.5351153
0.5782385
0.570776
0.5410002
0.5290126
0.54159
0.5553748
0.5623392
0.5675841
0.5879084
0.5516093
0.534685
0.5453747
0.5794105
0.5352389
0.5840686
0.567138
0.5947512
0.5667576
0.5388878
0.5332841
0.581207
0.5542626
0.5627893
0.5312446
0.5907229
0.5694712
0.5341661
0.5392701
0.5672871
0.5655387
0.543861
0.5637992
0.6109786
0.6078508
0.6690658
0.5719716
0.5514406
0.5533207
0.567824
0.5433315
0.5403998
0.5346925
0.5355239
0.5825339
0.55519
0.6297854
0.650413
0.5859067
0.5393073
0.5460286
0.5479485
0.5394046
0.5642092
0.5433493
0.5457546
0.5503546
0.5463054
0.5463584
0.5463851
0.5634536
0.5424233
0.542398
0.5401396
0.5378106
0.6473136
0.667918
0.5537829
0.5449214
0.5394111
0.5401676
0.5419346
0.5426273
0.5437744
0.616142
0.5517081
0.553714
0.5710835
0.5671635
0.5730156
0.5417528
0.5510057
0.55076
0.5498597
0.5420129
0.5357047
0.5386558
0.5417894
0.5507914
0.570554
0.5389666
0.5378269
0.5608164
0.5382062
0.5331201
0.5402743
0.5500147
0.5501508
0.5549266
0.537834
0.544647
0.5743082
0.5662248
0.5422319
0.5370253
0.5423126
0.5432501
0.5644934
0.5620913
0.5738581
0.5532989
0.540821
0.543117
0.5640474
0.5377188
0.5695198
0.5653275
0.5805739
0.5624356
0.5387224
0.5350234
0.5668926
0.548324
0.5620247
0.5402827
0.5781675
0.5701474
0.5370858
0.5454204
0.5560825
0.5596104
0.5357864
0.5579641
0.6008344
0.5969373
0.656607
0.5653688
0.5531763
0.5487448
0.5607155
0.5378351
0.535663
0.5409893
0.5431843
0.568603
0.5529702
0.620173
0.6343906
0.5813381
0.543204
0.5467376
0.5377391
0.5340647
0.564283
0.5452172
0.5441143
0.5571393
0.5469887
0.5377651
0.5439243
0.5623862
0.5458183
0.547322
0.5424943
0.5400559
0.642118
0.6623974
0.5670254
0.537265
0.5361543
0.5356345
0.5311424
0.5493258
0.5348139
0.642708
0.560187
0.5540784
0.586107
0.5769731
0.5757753
0.5413791
0.5631662
0.5621212
0.5555244
0.5382393
0.5347903
0.5400087
0.5417826
0.5562301
0.5884749
0.5345497
0.5389813
0.5678054
0.5385
0.5396786
0.5413488
0.5459687
0.5395985
0.5492726
0.5356597
0.5332928
0.5740485
0.5733199
0.534209
0.5317714
0.5419597
0.5537324
0.5696982
0.571276
0.5951022
0.5582344
0.5354352
0.551234
0.5852132
0.5409385
0.5869011
0.5767574
0.6048984
0.5693108
0.5403122
0.5358508
0.5875642
0.5556223
0.5573862
0.5354269
0.5953103
0.5721364
0.533176
0.5419417
0.5706284
0.5631936
0.5450514
0.5700765
0.6195927
0.6149217
0.6831058
0.5777155
0.5573774
0.5547463
0.5614809
0.5513879
0.537193
0.5331106
0.5364864
0.5956033
0.5656499
0.6422574
0.6616181
0.5815309
0.5375002
0.5461148
0.5412896
0.5395041
0.5627621
0.5496161
0.5581506
0.561649
0.5489505
0.5422122
0.5485336
0.5653655
0.5543012
0.5583103
0.5493866
0.5425589
0.6346625
0.6531153
0.5742832
0.5405276
0.5359551
0.5404815
0.5330156
0.5493471
0.5372543
0.6446
0.5596495
0.5571835
0.5884587
0.5809834
0.580414
0.543343
0.5643861
0.5676811
0.5581109
0.5387091
0.534151
0.5442837
0.5489102
0.5618966
0.5927344
0.5352764
0.5414018
0.5706182
0.5424446
0.5444336
0.5461916
0.5509964
0.5408079
0.5468741
0.5423918
0.5377414
0.5804827
0.5770739
0.5346887
0.5350881
0.5462045
0.5581185
0.5761276
0.5732757
0.596383
0.5655455
0.5367092
0.5565475
0.5890819
0.5423497
0.5892161
0.580246
0.6090769
0.5692713
0.5467803
0.540526
0.5911126
0.5590107
0.5605056
0.5396074
0.5989714
0.5768978
0.5412136
0.5440926
0.5743537
0.5649673
0.5508565
0.5744204
0.6231061
0.6150738
0.6848343
0.5833464
0.5594638
0.555175
0.5651607
0.5552461
0.5387291
0.5368231
0.5393705
0.5991498
0.5650109
0.6485697
0.6670424
0.5896126
0.5422029
0.5482246
0.5481137
0.5423555
0.5632904
0.5480394
0.5620507
0.5616303
0.5473319
0.5437691
0.5464787
0.5630311
0.5497076
0.5544927
0.5494963
0.5422983
0.6377014
0.6581519
0.5719022
0.5351022
0.5387572
0.5408714
0.5350215
0.5480028
0.5387466
0.6459116
0.5602172
0.5569126
0.5890515
0.5783347
0.5814701
0.5427344
0.5654008
0.5671816
0.5549935
0.5421984
0.5388789
0.5456894
0.5458997
0.5619847
0.5903488
0.53506
0.5419408
0.571527
0.5420268
0.5458732
0.5451024
0.5496918
0.5396819
0.5518862
0.5399275
0.5384885
0.5779055
0.5782339
0.5389578
0.5381166
0.548332
0.5599212
0.5734249
0.5724825
0.5951565
0.5622729
0.5403396
0.5560205
0.5892083
0.5427668
0.5919123
0.576894
0.6057656
0.5716111
0.5447199
0.5428043
0.5924155
0.5582747
0.5625005
0.5374126
0.5982711
0.5718799
0.5416025
0.5417768
0.5733406
0.5658543
0.5519809
0.571965
0.620993
0.6158038
0.6834946
0.5800442
0.5579933
0.5584341
0.5669047
0.5540758
0.5387601
0.5380818
0.5386171
0.5975241
0.5649199
0.6432634
0.6649809
0.5891719
0.5437697
0.5466951
0.5475633
0.544441
0.5623495
0.5456921
0.5605466
0.5654133
0.5490944
0.5415439
0.5499672
0.5637621
0.5552313
0.5583074
0.551999
0.5437474
0.635457
0.6550694
0.5750316
0.5374541
0.5361903
0.5412714
0.5347777
0.5527664
0.5351836
0.6532281
0.5649081
0.5577292
0.5924928
0.5841162
0.5807263
0.5427243
0.5703226
0.5671809
0.558608
0.5426771
0.5404964
0.5487494
0.5470716
0.5640562
0.5989886
0.5391148
0.5470574
0.5715809
0.5442226
0.5485228
0.5501968
0.5471054
0.5364968
0.5452852
0.5408351
0.5357606
0.5771362
0.5781469
0.5362903
0.5357513
0.5490761
0.5617747
0.5780424
0.5770664
0.600087
0.5679952
0.540189
0.5597298
0.5920378
0.5448428
0.594239
0.5824952
0.6149299
0.5740576
0.5492902
0.5466298
0.5985515
0.5619986
0.5619036
0.5372548
0.6024604
0.5760787
0.5444459
0.5459341
0.578549
0.5654296
0.5560897
0.5768286
0.6271649
0.6211418
0.6930179
0.5870029
0.5637363
0.5582467
0.5663797
0.5598809
0.5395244
0.5373565
0.5423183
0.6047678
0.5718244
0.6509827
0.6739611
0.5881032
0.5421775
0.548818
0.55066
0.5463786
0.5652322
0.5500269
0.5673107
0.5616331
0.547755
0.5376043
0.5451689
0.5627874
0.5483928
0.5532499
0.5460809
0.5389653
0.638971
0.6579042
0.5711231
0.5321639
0.5324466
0.536095
0.5340291
0.5490356
0.5376356
0.6453914
0.5620692
0.5556826
0.589144
0.5783791
0.5772383
0.5421713
0.5664862
0.5639419
0.5553016
0.5405184
0.5358953
0.5429281
0.5419838
0.5614894
0.5925251
0.5381961
0.5396129
0.5697761
0.5423533
0.5429196
0.5457786
0.5472557
0.5408268
0.5501225
0.5368818
0.5322124
0.5745239
0.5727792
0.5370991
0.5339827
0.5438868
0.5569809
0.5731364
0.5700073
0.5979834
0.5585968
0.5358446
0.5511518
0.5893227
0.5427459
0.5917478
0.5731828
0.6062736
0.5697395
0.5447592
0.5422803
0.5939444
0.5574922
0.5585461
0.5342861
0.5982574
0.5694838
0.5373489
0.5419877
0.5721498
0.5665649
0.54587
0.5698949
0.6202543
0.6155592
0.6846449
0.5798245
0.5578346
0.5560492
0.5642436
0.5540645
0.5390854
0.5331026
0.5377511
0.5976715
0.5635778
0.6423756
0.664187
0.5852459
0.5357069
0.543683
0.547826
0.5411392
0.5611182
0.5480315
0.5595247
0.5595112
0.5461479
0.5395513
0.5528533
0.5607812
0.5497063
0.5527491
0.5499554
0.5407676
0.6342333
0.6574745
0.5658725
0.5429406
0.543871
0.5436148
0.5414932
0.5401874
0.5377453
0.6313434
0.5534822
0.5571874
0.5794704
0.5742464
0.5756181
0.5419066
0.5568879
0.5617309
0.5534358
0.5346715
0.5311537
0.5433163
0.5439156
0.5591672
0.5826617
0.5337742
0.5373554
0.5701424
0.5421037
0.5439227
0.5428618
0.5458987
0.5445801
0.5500544
0.5450628
0.5425392
0.578165
0.5725506
0.5450179
0.5353259
0.5490132
0.5517025
0.5629742
0.5663939
0.5836019
0.5569042
0.5389965
0.5529903
0.5788063
0.5360035
0.5817179
0.5736204
0.5977607
0.5686654
0.5431124
0.5359032
0.5820181
0.5587433
0.5613562
0.5413682
0.5898893
0.5745845
0.5396336
0.5417585
0.5687473
0.561683
0.5455668
0.5688319
0.6101195
0.6057977
0.6692673
0.5748551
0.5503223
0.5504115
0.5663242
0.5464875
0.5407582
0.540629
0.5370214
0.5870393
0.5570889
0.6315059
0.6500036
0.58586
0.5437472
0.5495792
0.5467284
0.5348282
0.5637867
0.5467726
0.5483943
0.5969652
0.6032048
0.6132347
0.6048717
0.6058213
0.5936215
0.5859824
0.5969107
0.60519
0.6957083
0.7146005
0.5877671
0.6127305
0.6108608
0.6103816
0.6181578
0.5971501
0.6127454
0.591114
0.5948071
0.6079222
0.5892204
0.5903942
0.6023092
0.5997889
0.5874841
0.5891117
0.5986907
0.607305
0.6038216
0.598592
0.5976941
0.5953768
0.5806802
0.6084799
0.5989911
0.5945884
0.6009442
0.5885093
0.5925849
0.6121299
0.6248514
0.6171003
0.6041191
0.620811
0.6093306
0.5985662
0.6149701
0.607584
0.5967896
0.5881862
0.5928319
0.5920961
0.5803902
0.5996108
0.6098086
0.595127
0.581361
0.6000508
0.5862219
0.596183
0.5780167
0.5987263
0.5904763
0.5929329
0.5766822
0.5972231
0.609397
0.6053663
0.586488
0.6076371
0.5988309
0.606514
0.5871572
0.6027054
0.5836476
0.590697
0.5941624
0.598838
0.6160797
0.5858005
0.5972775
0.5888067
0.6022697
0.5799101
0.6019499
0.6131432
0.607414
0.5760929
0.5886347
0.598506
0.5969566
0.6073545
0.6097611
0.6063173
0.5917759
0.5926175
0.6090932
0.6011386
0.5891184
0.5606433
0.5519477
0.5485984
0.5512572
0.5702695
0.5463331
0.5486563
0.5473977
0.5476535
0.6445867
0.6674911
0.5622842
0.5450933
0.5417745
0.5441797
0.5435773
0.5453334
0.5443619
0.6285367
0.5587981
0.5581309
0.5826508
0.5751635
0.5768043
0.5478234
0.5621506
0.560304
0.5534202
0.5454469
0.5376982
0.5425538
0.5456922
0.558968
0.5811383
0.5366903
0.5353252
0.5696356
0.5409224
0.5417585
0.5477289
0.552735
0.5555822
0.5584136
0.5434086
0.5457182
0.5778196
0.5723441
0.5476972
0.5403889
0.5471302
0.55162
0.5633681
0.5696267
0.5894731
0.5586603
0.5394949
0.5536421
0.5792749
0.5401439
0.5822525
0.5700062
0.5942418
0.5692896
0.5444525
0.5359761
0.5794749
0.5606255
0.5653481
0.5393326
0.5880669
0.5726461
0.5364148
0.5439393
0.5679988
0.5650537
0.5464522
0.5674722
0.6106672
0.6062692
0.6664297
0.5731943
0.5581688
0.555804
0.5677315
0.5444603
0.5437931
0.5424274
0.5428854
0.5829346
0.5616847
0.6279407
0.6463352
0.5861085
0.5444212
0.5511954
0.5466772
0.5398154
0.5652935
0.551184
0.5477437
0.5632207
0.5578101
0.5554021
0.5577257
0.5720075
0.5469502
0.5512377
0.5510259
0.5484852
0.6428953
0.6675178
0.5639168
0.5469279
0.5496279
0.5564039
0.5533769
0.5412126
0.551398
0.6184267
0.5621522
0.5585048
0.5796107
0.5713653
0.5812393
0.5546259
0.557287
0.5631723
0.5545346
0.5509837
0.540461
0.5427608
0.5512329
0.5635164
0.5751935
0.5456111
0.5390026
0.5703431
0.5496713
0.5450633
0.5491702
0.5557929
0.5603972
0.5684296
0.5470999
0.5504583
0.5806395
0.5723568
0.5563687
0.5427831
0.5490503
0.554802
0.5595246
0.5651597
0.5824417
0.5556483
0.5469497
0.552472
0.5748452
0.5451086
0.5815236
0.5660215
0.5821628
0.5693496
0.5438894
0.5447362
0.5738935
0.5606148
0.5744769
0.5433539
0.5858226
0.5753177
0.5380425
0.5475531
0.5661487
0.5667832
0.5489148
0.5629204
0.6040171
0.602337
0.6528196
0.5692657
0.5548607
0.555885
0.5738329
0.5459164
0.5470933
0.5483133
0.5488655
0.5760092
0.5545516
0.6160835
0.6341115
0.5871364
0.5511276
0.5538881
0.5551465
0.5438363
0.5706596
0.5488397
0.5467495
0.5571179
0.5493893
0.5478561
0.5510067
0.5631798
0.5488481
0.5474561
0.5452012
0.5502661
0.651342
0.6718297
0.5604718
0.54755
0.544769
0.5445713
0.5449867
0.5514443
0.5468333
0.6239999
0.5567109
0.5595516
0.5781393
0.570635
0.572413
0.5452103
0.5610223
0.5577367
0.5590993
0.5479949
0.5459103
0.5478013
0.545462
0.5555515
0.5801759
0.545474
0.5450824
0.5638217
0.5441812
0.5407658
0.5457239
0.5518131
0.5521952
0.5541633
0.5437219
0.5521122
0.5753914
0.5709882
0.5465794
0.5432128
0.5475519
0.549989
0.5691848
0.5664355
0.5817089
0.5629506
0.5489506
0.5511084
0.5732864
0.5479441
0.5756492
0.5719351
0.591082
0.5670968
0.5450412
0.5397964
0.5735476
0.5557623
0.5620785
0.5453705
0.584181
0.5714351
0.5435781
0.5515912
0.5649134
0.5627441
0.5452605
0.5684087
0.6050941
0.60096
0.6647299
0.5719495
0.5597769
0.5526521
0.5591945
0.5466393
0.5419659
0.5476656
0.5499753
0.5806996
0.5621078
0.6266268
0.6418261
0.5810876
0.5460322
0.5536903
0.5417276
0.5394744
0.5637143
0.552079
0.5555646
0.5636223
0.546605
0.5401673
0.5515774
0.5615295
0.5545431
0.5562945
0.5516238
0.540999
0.6242769
0.6473282
0.5727142
0.5428685
0.5414989
0.5465643
0.5410832
0.5392592
0.5352398
0.6376798
0.5554034
0.5563972
0.5825918
0.5776872
0.580039
0.5407757
0.5598599
0.565629
0.5555444
0.5338607
0.5324649
0.5433675
0.547259
0.5615308
0.5909176
0.5320991
0.5376683
0.5690831
0.5474112
0.5457868
0.5458668
0.5471021
0.5380329
0.5437822
0.5469199
0.5404786
0.5810243
0.5767458
0.542818
0.5356531
0.55123
0.5589716
0.564758
0.5706406
0.5848488
0.5588152
0.5332334
0.5576716
0.5853963
0.5371254
0.5898211
0.5783445
0.601841
0.5737676
0.5477251
0.5373797
0.5875541
0.5621193
0.5647262
0.5379813
0.5958549
0.5758155
0.5391695
0.5428424
0.575215
0.5634531
0.5497092
0.5731405
0.6190853
0.6130315
0.6772732
0.5811263
0.5499314
0.5548537
0.5692383
0.5521116
0.5392692
0.5386328
0.5389124
0.5963382
0.5597772
0.6389759
0.6590736
0.5909922
0.5453202
0.5435054
0.5518581
0.5410882
0.5687446
0.5476953
0.5555851
0.5581253
0.5508397
0.5415881
0.5467342
0.563361
0.549699
0.5505744
0.5457146
0.5438837
0.6443749
0.6632411
0.5666352
0.5386921
0.5356752
0.5380726
0.5348517
0.5508921
0.5402208
0.6414935
0.5595314
0.5561088
0.5870754
0.5771636
0.5764978
0.5414459
0.5678762
0.5622123
0.5548265
0.5417521
0.5364904
0.5442941
0.5439188
0.560194
0.5861551
0.5388991
0.5389318
0.5677235
0.5399909
0.5442991
0.5471256
0.5493481
0.5438292
0.5499933
0.5382417
0.5384021
0.573777
0.5710635
0.5388561
0.5381487
0.5445443
0.5518546
0.5745216
0.5714813
0.5946379
0.5635696
0.5406462
0.5497194
0.5847574
0.5448794
0.5866133
0.5746858
0.6062471
0.5675785
0.542986
0.5410306
0.5866168
0.5543596
0.5574381
0.5378851
0.5957955
0.5682803
0.5376062
0.5425375
0.5700586
0.5647282
0.5465957
0.5695135
0.6174604
0.611349
0.6834219
0.5774546
0.560913
0.5555656
0.5612988
0.5504435
0.5377718
0.5377242
0.5400098
0.5948266
0.5660521
0.6408742
0.6610666
0.5841093
0.5402131
0.5450208
0.5433314
0.541098
0.5618977
0.5481521
0.5590318
0.559972
0.5473131
0.5449826
0.5485858
0.5625815
0.552347
0.5541547
0.5486682
0.5456629
0.6388358
0.6638652
0.5699668
0.5436394
0.5445635
0.5427623
0.5412855
0.5505503
0.5422545
0.6390931
0.5578673
0.5582067
0.5820847
0.5780093
0.5762292
0.5429323
0.5647516
0.5635525
0.561894
0.5429681
0.5416233
0.5485813
0.5471888
0.5597431
0.5872843
0.5434715
0.5471089
0.5685678
0.5455773
0.5484267
0.5454422
0.5502449
0.5422794
0.5494502
0.5435109
0.5424692
0.576871
0.5759673
0.543554
0.5426175
0.5481611
0.558021
0.5735543
0.5719852
0.5896585
0.5666867
0.5459104
0.5564577
0.5860971
0.5424189
0.5872758
0.5760726
0.6051243
0.5706401
0.5465245
0.5449889
0.5890534
0.5603561
0.5617378
0.5401259
0.5945421
0.5757908
0.5442895
0.5484373
0.5734361
0.5643173
0.549697
0.57057
0.6162471
0.6120181
0.6814165
0.5821779
0.5589216
0.5542106
0.5646822
0.5554124
0.5410306
0.5423447
0.5440445
0.5947595
0.5660459
0.6396265
0.6582012
0.5851296
0.5478428
0.5508853
0.5487986
0.5420698
0.565269
0.5493788
0.5616005
0.5687373
0.5662605
0.5722554
0.5722059
0.5783526
0.5619169
0.5571282
0.5625078
0.565714
0.6613882
0.6814711
0.5672972
0.5704297
0.5691788
0.5703301
0.5695397
0.5613167
0.5702164
0.6080864
0.5642826
0.5719356
0.5738161
0.5727012
0.5831883
0.5632683
0.5589878
0.5644748
0.5707826
0.5667199
0.562825
0.5629089
0.5617402
0.5666022
0.5739955
0.5665465
0.5639185
0.5758088
0.5643981
0.5555434
0.5587721
0.571634
0.5793402
0.5771444
0.5658715
0.5759013
0.5914067
0.5813599
0.5694267
0.5642851
0.5655749
0.5606178
0.5734587
0.5701432
0.5737985
0.5706436
0.5712867
0.5665284
0.5684027
0.5607527
0.5724348
0.5751165
0.5777167
0.5770714
0.5588067
0.5573629
0.571755
0.5679231
0.5827581
0.5637109
0.5844838
0.588146
0.5640323
0.5704765
0.5687331
0.5756215
0.5548156
0.5678347
0.5968048
0.594147
0.6374485
0.5745477
0.5705138
0.5632796
0.5795173
0.5550075
0.5600115
0.5724396
0.5691796
0.5731785
0.5659621
0.6148441
0.6218846
0.5960544
0.5714867
0.5679992
0.5632431
0.5552881
0.5824139
0.5665569
0.5631942
0.5595784
0.5565312
0.5554121
0.5554225
0.5652317
0.5549581
0.5536361
0.5539458
0.5527826
0.6524882
0.6734384
0.563985
0.5548706
0.5539624
0.5502478
0.5528219
0.5553357
0.5526713
0.621203
0.5594614
0.5636409
0.5754275
0.5716371
0.5751516
0.5506804
0.560833
0.5617879
0.5612334
0.5517621
0.5486844
0.5533367
0.5526878
0.5582882
0.5780073
0.5498308
0.5525372
0.5681168
0.5514048
0.547319
0.5513575
0.5597633
0.5592577
0.5598325
0.5525687
0.5553424
0.577296
0.5724212
0.5544157
0.5509801
0.5515403
0.5581071
0.5697205
0.5685415
0.5791159
0.5650899
0.5558343
0.5582825
0.5729306
0.5521534
0.5785988
0.5725776
0.5897959
0.5697766
0.5498291
0.5471043
0.5759329
0.5632033
0.5655794
0.5504592
0.5843348
0.5780228
0.5506281
0.5554383
0.5659435
0.5648156
0.549025
0.5675512
0.6037795
0.5999228
0.6568221
0.5730994
0.5606992
0.5552598
0.566125
0.5505532
0.5477049
0.5561907
0.5540277
0.5792875
0.5635576
0.6252354
0.6353413
0.5833562
0.5552114
0.5556326
0.5512009
0.5474472
0.5662047
0.5566476
0.5600056
0.5667677
0.5685654
0.5692478
0.5686415
0.5800245
0.555858
0.555254
0.5625586
0.5634537
0.6658078
0.6884555
0.5637119
0.5666883
0.5667531
0.5672855
0.5695083
0.5616608
0.5694098
0.6051005
0.5692694
0.5706865
0.5757252
0.5732744
0.5817523
0.5615898
0.5656787
0.5636993
0.5681325
0.5667852
0.5619701
0.5601999
0.5579221
0.56482
0.5704919
0.5646052
0.5600813
0.5755746
0.5623128
0.551213
0.5588902
0.5717306
0.5798934
0.5812554
0.5598536
0.5743905
0.5841398
0.5776615
0.5692155
0.5632738
0.5588046
0.5586446
0.5715559
0.5696191
0.5767062
0.5676213
0.5688512
0.5611348
0.5689058
0.5575527
0.575526
0.5687935
0.5764357
0.5751336
0.5526391
0.5567975
0.5695014
0.5677943
0.5806548
0.5636511
0.5826675
0.5824586
0.5589791
0.5665758
0.5646801
0.575607
0.5518025
0.565615
0.5946732
0.5944956
0.6391439
0.5701139
0.5672327
0.5639943
0.5783575
0.552322
0.5617233
0.5698818
0.5677852
0.569594
0.5662822
0.6106894
0.6202745
0.5921948
0.5677729
0.5686889
0.5582188
0.5539365
0.5789677
0.564043
0.5601354
0.5640284
0.5566293
0.5573385
0.5612455
0.5672095
0.5586525
0.5571175
0.5589217
0.557563
0.6548889
0.6738852
0.5656031
0.5605994
0.5598003
0.5585255
0.5592702
0.5548853
0.5581486
0.6138352
0.5575097
0.5666195
0.5717221
0.5707295
0.5796215
0.5487425
0.5613788
0.5626116
0.565051
0.5523221
0.5543021
0.5583847
0.5573755
0.561361
0.5746202
0.5564029
0.5562327
0.5685504
0.5550912
0.5499736
0.553654
0.5636638
0.563366
0.5608975
0.5581871
0.5651878
0.5799273
0.5748127
0.5618641
0.5591306
0.5545763
0.5567705
0.5689305
0.570743
0.5744035
0.5671548
0.5606517
0.5625111
0.5713928
0.5508657
0.5759842
0.5731534
0.5867498
0.5724817
0.5534716
0.5499317
0.5734995
0.5651524
0.5713968
0.5556159
0.5815076
0.5774637
0.5562708
0.5623914
0.5664353
0.5641624
0.5534853
0.5679768
0.5984068
0.5983383
0.6510114
0.5730819
0.5605176
0.5590251
0.5704077
0.5526448
0.5505341
0.559544
0.5576799
0.5789021
0.564239
0.6195078
0.6301072
0.5873955
0.5627393
0.5587438
0.5526217
0.5503713
0.5716603
0.5572078
0.5635417
0.559569
0.5511371
0.5518153
0.5524488
0.5618569
0.5573984
0.5552153
0.551517
0.5540075
0.6482634
0.6660477
0.567314
0.5507433
0.5476948
0.5439978
0.5445316
0.5594417
0.5468538
0.637808
0.5611806
0.5647241
0.5841376
0.5746502
0.5734612
0.5473606
0.5655289
0.5633904
0.5625631
0.5495107
0.546341
0.5536731
0.5508782
0.5585723
0.5881946
0.5468477
0.5495919
0.5661901
0.5478419
0.549056
0.5505626
0.5559416
0.5498054
0.5482802
0.5473923
0.5508565
0.5732928
0.5756048
0.5442015
0.5481959
0.5512145
0.5584828
0.5779001
0.5691054
0.5902847
0.5693258
0.5497034
0.5612608
0.5801562
0.5549963
0.582462
0.5806279
0.6054967
0.5691187
0.5506101
0.5463342
0.585544
0.5577552
0.5575103
0.5478531
0.5917896
0.5753199
0.549175
0.5521214
0.5727242
0.5616634
0.553909
0.5754608
0.6142286
0.6062892
0.6801604
0.5806311
0.5661977
0.5564364
0.5586078
0.5542338
0.544875
0.5494084
0.5488436
0.5911535
0.5695963
0.6403206
0.6558525
0.579841
0.5471334
0.5531995
0.5476769
0.5467039
0.5615431
0.5542741
0.5672581
0.5619429
0.5587764
0.5580171
0.5577379
0.567069
0.5551928
0.554579
0.5551437
0.559152
0.6572766
0.6765781
0.5654513
0.5561406
0.5561669
0.5531272
0.5550681
0.5573903
0.5560516
0.6236044
0.5635121
0.5659035
0.5813645
0.5711714
0.5760559
0.5531086
0.5661487
0.5626852
0.5617436
0.5565597
0.5505888
0.5542257
0.5532246
0.5596974
0.5772581
0.5550476
0.5527065
0.5682515
0.5558019
0.5501675
0.5532501
0.5622339
0.5624305
0.5632542
0.5514968
0.5580726
0.574991
0.5756389
0.5578959
0.5540237
0.5541107
0.5571509
0.5729723
0.5695414
0.5837639
0.5688012
0.5577798
0.559267
0.5761073
0.5536851
0.5784331
0.5750491
0.5938029
0.5710029
0.5516147
0.5519402
0.5774193
0.5611537
0.5660762
0.5517899
0.5878384
0.5769117
0.5531568
0.5578181
0.5672547
0.5663907
0.5524444
0.5692099
0.605934
0.6026321
0.6629531
0.5743781
0.5646276
0.5597502
0.5665268
0.5554984
0.5508351
0.5568156
0.5554829
0.5837547
0.5664496
0.6243347
0.6385943
0.582819
0.5539255
0.5594335
0.552301
0.5471822
0.56633
0.5595733
0.5638033
0.5597135
0.5495488
0.5452983
0.5477731
0.5653759
0.5459107
0.5477509
0.5455811
0.5449293
0.6475831
0.6671323
0.5687582
0.5388875
0.5389429
0.5446981
0.5401859
0.549252
0.5427237
0.6338116
0.5612085
0.5549384
0.5817625
0.5744299
0.5774239
0.5433404
0.562058
0.5608932
0.5570834
0.543851
0.5380811
0.544602
0.5449001
0.5585168
0.5831451
0.5426934
0.5403618
0.5674272
0.5423403
0.5423148
0.543704
0.5508085
0.5473451
0.5529359
0.5390801
0.5400048
0.5756868
0.5726183
0.5423086
0.5402793
0.5441221
0.5524659
0.5681189
0.5678612
0.59006
0.5579086
0.5398652
0.5496719
0.580055
0.5419939
0.5813534
0.5702846
0.5953972
0.5702905
0.5400009
0.5398969
0.5822367
0.5578291
0.5607258
0.5408075
0.5911563
0.5724351
0.5380612
0.5454255
0.5680756
0.565343
0.5469342
0.565932
0.6131837
0.6055245
0.6727522
0.5730371
0.5583122
0.5529837
0.5649595
0.5475521
0.5393896
0.5416389
0.5425657
0.5889813
0.5630248
0.6318114
0.6526943
0.5859108
0.5409
0.5485361
0.5450833
0.5394961
0.5641118
0.5495628
0.5552272
0.602267
0.6072288
0.6224192
0.6141373
0.6042517
0.6019124
0.5918937
0.6061251
0.6149814
0.6968672
0.7135119
0.5910079
0.6243431
0.6186015
0.6162748
0.6239724
0.6040657
0.6183137
0.5977599
0.5997438
0.6158765
0.5931877
0.5919653
0.6037148
0.604768
0.5903553
0.5948658
0.6068527
0.613813
0.6107721
0.6077668
0.6069591
0.5974474
0.5883154
0.6106729
0.6087545
0.6004753
0.6091171
0.596977
0.6042269
0.6198245
0.6286231
0.6165179
0.6131168
0.6303898
0.6066149
0.6029315
0.6211107
0.6161333
0.6068868
0.5938503
0.5992793
0.5966256
0.5825993
0.6103435
0.6163524
0.6048493
0.5815916
0.6067834
0.5895914
0.6044334
0.588017
0.6029483
0.6002911
0.6022042
0.581864
0.6004666
0.6120487
0.6130837
0.5910361
0.6150032
0.6088475
0.6153982
0.5928668
0.6027365
0.592607
0.596363
0.595053
0.5990647
0.6204319
0.5939625
0.6038017
0.595114
0.6031875
0.5888168
0.6070909
0.6239352
0.6152314
0.5812124
0.5967433
0.6070171
0.5998546
0.6053947
0.6187396
0.6130564
0.5994805
0.5963215
0.6100656
0.6115662
0.5989802
0.5613888
0.5513191
0.5440759
0.5484185
0.5660794
0.5514505
0.5523572
0.5480049
0.544471
0.6354879
0.6588621
0.5711686
0.5435705
0.5388929
0.5422524
0.5392165
0.548471
0.5402039
0.6389233
0.5622746
0.5572444
0.5848752
0.5779443
0.5798979
0.5459063
0.5619788
0.5647854
0.5514191
0.5446987
0.5355585
0.5429164
0.5469794
0.5613973
0.590238
0.5360088
0.5399386
0.5717036
0.5440495
0.5457719
0.5488538
0.549256
0.5445498
0.552526
0.539124
0.5406444
0.5772179
0.5757996
0.5422917
0.5378278
0.5469542
0.557146
0.5728603
0.5722556
0.595697
0.5620161
0.5353577
0.554824
0.5852223
0.543465
0.586967
0.5774617
0.6020391
0.5688576
0.5457772
0.5398194
0.5864757
0.5597221
0.5632245
0.5386775
0.5961771
0.5751965
0.5402599
0.5431036
0.5720266
0.566468
0.5473903
0.5702078
0.6186052
0.6108519
0.6779134
0.5762956
0.5595645
0.5538877
0.564751
0.5509622
0.5403559
0.5389936
0.5401974
0.5951106
0.5628288
0.63884
0.6580281
0.5842376
0.5423568
0.5488744
0.5481801
0.5392437
0.5658365
0.5477591
0.5558757
0.5605462
0.5474121
0.5410758
0.544104
0.5620076
0.5468979
0.554257
0.5476123
0.539193
0.635667
0.6570666
0.573065
0.5325887
0.5312257
0.5360762
0.5318591
0.547677
0.5375618
0.6471361
0.5593188
0.5573522
0.5887765
0.580664
0.5787279
0.5431858
0.5663258
0.565749
0.5548224
0.5391813
0.5371119
0.5421493
0.5448329
0.5614427
0.5928038
0.5321105
0.5415325
0.568715
0.5411318
0.5446633
0.5457962
0.5462672
0.5384912
0.5489987
0.5384791
0.5344472
0.5761388
0.5741109
0.5377821
0.5364679
0.544084
0.5557747
0.5729701
0.5719607
0.5964311
0.5614055
0.5367753
0.5548574
0.5907139
0.5421497
0.5920855
0.5753221
0.6108193
0.5680843
0.542083
0.5430517
0.5945089
0.5563441
0.5591396
0.5354253
0.5998661
0.570624
0.5360655
0.5410729
0.5733318
0.5626524
0.5490565
0.5721563
0.6222732
0.6153084
0.6876013
0.5802723
0.5585685
0.5545787
0.5651739
0.5545048
0.5372036
0.5351315
0.5369496
0.5983936
0.5658036
0.6462572
0.6660427
0.5856951
0.5384373
0.546557
0.5464052
0.5425149
0.5629935
0.5456785
0.5612594
0.5535014
0.5419623
0.5397383
0.5450725
0.5568641
0.5456176
0.5489484
0.5455714
0.5397722
0.6353956
0.6589024
0.5635172
0.5376107
0.5385943
0.5376697
0.5361053
0.5417968
0.5367163
0.6314728
0.5536761
0.552719
0.5777065
0.572219
0.5734793
0.5367845
0.5530382
0.5591453
0.5537739
0.5362488
0.5326771
0.5402957
0.5418426
0.5550341
0.5817138
0.5388007
0.5410108
0.5633639
0.5406505
0.5399732
0.5399385
0.5455846
0.5387058
0.5461476
0.5384175
0.5385111
0.5740652
0.5682412
0.5375138
0.5381326
0.5435845
0.5522082
0.5668969
0.5651922
0.5813833
0.559108
0.5409372
0.5473179
0.5765636
0.5366055
0.583141
0.5700171
0.5950695
0.5653651
0.5403196
0.5415312
0.5817525
0.555742
0.558691
0.535319
0.5895275
0.5702711
0.5402744
0.5435877
0.5662378
0.5586929
0.5427677
0.5654424
0.6100283
0.6064678
0.6739004
0.5726153
0.5529117
0.5487751
0.5605395
0.5467718
0.5357893
0.5379955
0.539046
0.5847491
0.5563322
0.6321238
0.650555
0.5817301
0.5413197
0.5413409
0.5431967
0.5362538
0.5598611
0.5435357
0.5565112
0.569396
0.5573116
0.5529669
0.5571922
0.5686401
0.5582016
0.5617848
0.5588866
0.5484727
0.6335856
0.656444
0.5757982
0.5483498
0.5502236
0.5519059
0.5488113
0.5462165
0.5478938
0.6362925
0.5616995
0.56272
0.5875184
0.580814
0.5821789
0.5511024
0.5629922
0.5709822
0.5598123
0.5453192
0.5416841
0.5496459
0.5553218
0.5662989
0.5905553
0.540198
0.5460222
0.5751362
0.5508783
0.5531232
0.5532487
0.5538249
0.5521066
0.5645222
0.5506536
0.548672
0.5802377
0.5806306
0.5523591
0.5431872
0.5532421
0.5658998
0.5686431
0.5746896
0.5939129
0.5637768
0.545539
0.5620448
0.589807
0.5455129
0.5922959
0.5791269
0.6026878
0.5744111
0.551368
0.5458165
0.5921316
0.5675837
0.5696154
0.5458019
0.5961763
0.5787909
0.5458469
0.5505867
0.5791446
0.567745
0.5523987
0.5748364
0.6153703
0.6125972
0.6743208
0.5818645
0.5577022
0.5597845
0.5714933
0.554074
0.5470482
0.5489737
0.5453429
0.5944667
0.5650856
0.6368161
0.6528617
0.5900031
0.5537394
0.5554969
0.5573638
0.5503725
0.5719534
0.5538415
0.5580903
0.5670266
0.5556889
0.5544664
0.5548774
0.5686141
0.554009
0.5577304
0.5534422
0.5519267
0.6515809
0.6707504
0.5689553
0.5509039
0.5519134
0.5519678
0.5510642
0.5553295
0.5520049
0.6291457
0.5640558
0.5613367
0.5814332
0.5753037
0.5780521
0.5512617
0.5669823
0.5670283
0.5631612
0.5530857
0.5510519
0.5534113
0.5530017
0.5611446
0.5821898
0.5492624
0.5519533
0.5705641
0.5529892
0.551048
0.5553678
0.5591082
0.5594007
0.5611535
0.5503973
0.5533157
0.5761375
0.5717623
0.5539083
0.5508845
0.551138
0.5623479
0.5722159
0.5707648
0.5853535
0.5627548
0.5515719
0.5582919
0.5811852
0.5514667
0.5860792
0.5715829
0.5951435
0.5668281
0.5492287
0.5514082
0.5859234
0.5609534
0.5657366
0.5470553
0.5907711
0.5700501
0.5490512
0.5543307
0.5728234
0.5664271
0.5542906
0.5704608
0.6078063
0.6063101
0.6686046
0.5755676
0.5588734
0.5583076
0.5667176
0.5556226
0.5469199
0.5494614
0.5524528
0.587191
0.5678839
0.6262058
0.6431012
0.5823726
0.5526588
0.5546776
0.5564794
0.5526506
0.5640727
0.5549477
0.5645417
0.5547696
0.5477388
0.5466729
0.5494882
0.5650319
0.5415193
0.5448437
0.5451259
0.5390713
0.6415929
0.6638889
0.5590082
0.5432835
0.5383296
0.5450279
0.5413422
0.5422691
0.5443674
0.6219764
0.5546478
0.5531338
0.5756798
0.5661618
0.5741618
0.545113
0.5535362
0.5546927
0.548267
0.5418356
0.533892
0.5377242
0.5428946
0.556319
0.5740543
0.5376069
0.5339468
0.5659312
0.5402295
0.5366886
0.545045
0.5503187
0.5534237
0.5579898
0.5401944
0.5429621
0.5754675
0.5683633
0.5427469
0.5353222
0.5434713
0.5484622
0.560891
0.5618695
0.5812238
0.5546304
0.535478
0.5474189
0.572156
0.5371637
0.5735139
0.5681392
0.5852104
0.5648635
0.5378311
0.5350401
0.5695971
0.5525351
0.5638074
0.5389333
0.5812765
0.5709861
0.5344126
0.5416788
0.5632333
0.5610055
0.5397231
0.5601635
0.602608
0.6002548
0.6608039
0.5671773
0.5531966
0.5483254
0.5645512
0.5384633
0.5386737
0.5408617
0.5395842
0.5748074
0.5566868
0.6214597
0.6388659
0.5842037
0.5434272
0.5465999
0.5423349
0.5354113
0.5647776
0.5468788
0.5432304
0.5656667
0.5485925
0.5435256
0.5475924
0.5647948
0.5514075
0.5579641
0.5503261
0.5435959
0.6302095
0.6495825
0.5733895
0.5397577
0.537128
0.5402972
0.5344688
0.5484534
0.5381906
0.6518924
0.5600725
0.5566924
0.5909701
0.5831059
0.5829794
0.5448478
0.5687631
0.5656112
0.5587181
0.5432017
0.5360565
0.546108
0.5483297
0.5609982
0.5951715
0.5390662
0.5431657
0.573853
0.5425294
0.5490771
0.5479847
0.5466066
0.5381782
0.5493721
0.5413571
0.5362233
0.5807538
0.578257
0.5404135
0.537401
0.5487021
0.5606472
0.5760641
0.5739261
0.6002962
0.5656806
0.5378618
0.5559777
0.5923907
0.5423878
0.5942964
0.580653
0.6123009
0.5712968
0.5451583
0.5433742
0.5963099
0.5624734
0.5631104
0.5358575
0.6020722
0.5763215
0.5407541
0.5434113
0.5770156
0.5666114
0.5526675
0.5774046
0.6263399
0.6181824
0.6909687
0.5848793
0.5625852
0.5602133
0.5653167
0.5558341
0.5392129
0.5375262
0.5392364
0.6032029
0.5690248
0.6495332
0.6705051
0.5891793
0.5384095
0.5490474
0.5490242
0.5448636
0.5657356
0.5484485
0.5605271
0.5605283
0.5465197
0.5356434
0.5477924
0.5653642
0.5437239
0.5531473
0.5431804
0.5371715
0.6327183
0.6549972
0.5707452
0.5334678
0.5329643
0.5393175
0.5301649
0.5410733
0.5367302
0.6433902
0.5612375
0.5520554
0.5873546
0.577555
0.5815035
0.5438344
0.560725
0.5639813
0.5538843
0.5347541
0.5329434
0.5376158
0.5431713
0.5618208
0.5907559
0.5327891
0.5335676
0.5711065
0.537785
0.5416904
0.542451
0.5441841
0.5410353
0.5533508
0.5355519
0.5298163
0.5797353
0.5754015
0.5357208
0.5273995
0.5446752
0.5566942
0.567541
0.5716411
0.5971103
0.5554044
0.5337312
0.5479271
0.5862469
0.5377714
0.5889724
0.572785
0.6048312
0.5704038
0.5405764
0.5370112
0.5894203
0.5560197
0.5614126
0.5354663
0.5958226
0.5711373
0.5337262
0.5355676
0.5719132
0.5665258
0.5453909
0.5722782
0.6198907
0.6138036
0.682395
0.5776778
0.5528238
0.5553615
0.5660065
0.5479067
0.5388617
0.5322421
0.533398
0.5965414
0.5634458
0.6423917
0.6632937
0.5889735
0.5370654
0.5457089
0.5479937
0.5373513
0.5636291
0.5434144
0.5534779
0.5636634
0.5574105
0.5530213
0.5536721
0.5680428
0.5511851
0.5537039
0.5530455
0.5555939
0.6496448
0.6716657
0.5702656
0.5479636
0.5487601
0.550732
0.5520545
0.5541983
0.5502164
0.6308427
0.5647701
0.5614723
0.5854725
0.5776171
0.5783571
0.5522648
0.5653775
0.5670112
0.5598525
0.5499838
0.5491072
0.5518504
0.5508467
0.5634054
0.5833166
0.5503266
0.5495716
0.5707558
0.5465812
0.5488171
0.5541032
0.5556976
0.5557029
0.5628218
0.5477438
0.548749
0.5760431
0.5734352
0.5545385
0.5444345
0.5495214
0.559268
0.57107
0.5728682
0.5901321
0.5609223
0.5504828
0.5569599
0.583821
0.55318
0.5869606
0.5740345
0.5957236
0.5679807
0.5491563
0.5490038
0.5835686
0.5615826
0.5659996
0.5439545
0.5900351
0.5739441
0.5478813
0.5509434
0.5710202
0.5685991
0.5499939
0.5688274
0.6114996
0.60769
0.6691145
0.5772216
0.5620795
0.5591832
0.5680204
0.5552183
0.5482571
0.5511788
0.5483831
0.5880808
0.5663476
0.6294022
0.6477458
0.5864806
0.5478816
0.556337
0.5532677
0.5482509
0.5677061
0.555937
0.5604056
0.5657721
0.5581704
0.5560535
0.5581728
0.5684948
0.5565147
0.5593219
0.555452
0.5569297
0.6531958
0.6730962
0.5688621
0.5520761
0.5533625
0.5516173
0.5542187
0.5563884
0.5551735
0.6280774
0.5638341
0.5624703
0.5848323
0.5755764
0.576672
0.5542496
0.5680909
0.5654285
0.5634564
0.5575868
0.5533797
0.554851
0.5546231
0.5630618
0.5812402
0.553356
0.5536536
0.568325
0.5528037
0.5522549
0.5560634
0.5611939
0.5609272
0.5617423
0.549851
0.5549869
0.5734173
0.5734936
0.5548385
0.5533653
0.5544468
0.5604695
0.5742316
0.5706884
0.5842165
0.5651144
0.5549133
0.56028
0.5815983
0.5555107
0.5846184
0.57181
0.5962117
0.5677309
0.5518287
0.5564122
0.5829529
0.5612415
0.561651
0.5517868
0.5880477
0.5718835
0.5522198
0.5565759
0.5691365
0.5681436
0.5528794
0.5724456
0.6063048
0.6059526
0.6669034
0.577576
0.5622205
0.559214
0.567225
0.5551825
0.551649
0.555352
0.5523976
0.5887575
0.566022
0.6242171
0.6414866
0.5830199
0.5526381
0.5596934
0.5530327
0.5512702
0.5649168
0.556299
0.5657598
0.554653
0.5406186
0.5425004
0.5504788
0.5580533
0.5462489
0.545981
0.5456118
0.5384609
0.6366955
0.660403
0.5627525
0.5424216
0.5399806
0.5432262
0.538971
0.5432222
0.5423148
0.6279048
0.5534381
0.5555247
0.5721263
0.5691953
0.5720455
0.5389239
0.5539583
0.5562761
0.5546157
0.540463
0.5354067
0.5429327
0.5444205
0.5541613
0.5764784
0.539947
0.5386347
0.5626571
0.541277
0.5375204
0.5387538
0.5461284
0.5456685
0.5501834
0.541756
0.5447953
0.5756793
0.5713822
0.5403869
0.5387489
0.5449219
0.5493971
0.5658043
0.5647494
0.5774624
0.5586583
0.5437467
0.550161
0.571625
0.5378833
0.5776212
0.5700768
0.5914384
0.5652892
0.5404426
0.5389715
0.5736331
0.5552032
0.5611203
0.537919
0.585476
0.5738653
0.5393873
0.545556
0.5649377
0.557999
0.5414153
0.5644444
0.6088793
0.6040452
0.6677549
0.5722716
0.5559341
0.5497738
0.5606097
0.5449676
0.5355809
0.5398579
0.5399994
0.5819466
0.5533935
0.6302846
0.6459637
0.5819894
0.5429888
0.5446235
0.5429415
0.5345917
0.5633377
0.5444368
0.5504423
0.5820501
0.5874083
0.5865787
0.5866835
0.5923456
0.5729717
0.572949
0.5787966
0.5818369
0.6690005
0.6925404
0.5807199
0.5827288
0.5836473
0.587437
0.5858047
0.5695257
0.5835098
0.609765
0.5793294
0.5813937
0.5865652
0.5854726
0.5934819
0.5825742
0.5736811
0.5778719
0.5770554
0.5800927
0.5768254
0.5725569
0.5764418
0.5831581
0.5823986
0.5790508
0.5740686
0.5907636
0.5795699
0.5727397
0.5776896
0.5905885
0.5966903
0.5972682
0.5788935
0.5883353
0.5994562
0.5855079
0.5897421
0.5774599
0.576801
0.5763889
0.5793941
0.5793945
0.5875803
0.5765678
0.5796133
0.5782415
0.5842922
0.5715872
0.5863343
0.5815672
0.5817652
0.5865257
0.573979
0.5697353
0.5825066
0.5824539
0.5959063
0.5781763
0.5925048
0.5941591
0.5749278
0.578311
0.5792379
0.587575
0.568804
0.5783825
0.6000505
0.5979944
0.6314861
0.5831675
0.5764971
0.5798151
0.5949472
0.569283
0.5809318
0.583216
0.5811531
0.5814118
0.5727762
0.6113483
0.6192825
0.6033651
0.5835063
0.5849045
0.5796457
0.5731249
0.5922373
0.5787382
0.5728366