0.
0.994491
0.9944547
0.996146
0.9953581
0.9914607
0.9951595
0.9950152
0.9905908
0.9901725
0.9937175
0.9929108
0.9927936
0.9904418
0.9940841
0.992789
0.9932546
0.9893194
0.9931653
0.9912482
0.9919054
0.9923077
0.994683
0.9930399
0.9938068
0.993081
0.9907673
0.9933548
0.9923695
0.9955609
0.9929178
0.9921577
0.9942231
0.9930413
0.9914632
0.989901
0.9925256
0.9921522
0.9930265
0.9893162
0.9932354
0.9899478
0.9911674
0.9911691
0.9900249
0.9913826
0.9894817
0.9919694
0.9908867
0.9919308
0.9895118
0.9906332
0.9906139
0.9909944
0.9917987
0.9927509
0.9925761
0.9884865
0.9903828
0.993016
0.9886675
0.9893206
0.9909611
0.9926619
0.9920448
0.9935449
0.9908125
0.9913216
0.9929768
0.9908542
0.9920283
0.987816
0.9869456
0.9906261
0.9877064
0.9933357
0.9897617
0.9881897
0.9935087
0.9904142
0.9896698
0.9892234
0.9886786
0.9912869
0.988941
0.9922685
0.989633
0.9900174
0.9892626
0.9921376
0.9895344
0.9895009
0.9910287
0.9888517
0.98814
0.9875467
0.9915163
0.993852
0.9912619
0.9923574
0.994491
0.
0.9961489
0.988317
0.9957666
0.9913473
0.9939813
0.9860368
0.9859366
0.977136
0.9923417
0.9903818
0.9908467
0.9911378
0.9934548
0.9899713
0.9891861
0.9842076
0.9919122
0.9859826
0.9925125
0.9894003
0.992083
0.9876712
0.9928256
0.9916057
0.9929136
0.9822054
0.9792844
0.9892299
0.9859497
0.9914803
0.9810868
0.9846154
0.9918954
0.9919397
0.9864795
0.9899329
0.987576
0.9854666
0.9890918
0.9870886
0.9884538
0.9927536
0.9910112
0.98925
0.986014
0.9877469
0.9936039
0.9909707
0.9895859
0.9871078
0.9934561
0.9907677
0.9869281
0.9884254
0.9874759
0.9831447
0.9924372
0.9847292
0.985879
0.9866952
0.9880839
0.9845312
0.9921242
0.9908025
0.9900807
0.9876801
0.9919225
0.9882159
0.9909625
0.9874067
0.9899932
0.9825238
0.9893143
0.9888043
0.9855177
0.9789019
0.9909209
0.9887495
0.9889126
0.986808
0.9889573
0.9864751
0.9886459
0.9892784
0.9838776
0.9886096
0.9933891
0.9905796
0.9839312
0.9850103
0.9877222
0.9817691
0.9902029
0.9878738
0.9872292
0.9908309
0.9900081
0.9904664
0.9944547
0.9961489
0.
0.9921969
0.9851051
0.9952969
0.9927995
0.9937941
0.9862661
0.988041
0.9875389
0.9828507
0.9806202
0.9904057
0.9831956
0.9851034
0.9899155
0.9946467
0.9809843
0.9816365
0.9855344
0.9863124
0.9966084
0.9905586
0.9842457
0.9937727
0.9918806
0.9923057
0.9905395
0.9873024
0.9875615
0.9808687
0.9936773
0.9910901
0.9656951
0.9952642
0.9877592
0.9940638
0.993431
0.9855179
0.992944
0.9786136
0.9913211
0.9834831
0.9862252
0.9852515
0.9826171
0.9942556
0.9854207
0.986657
0.9817
0.9944108
0.9887297
0.985159
0.9939717
0.9942183
0.9846226
0.9893789
0.9785408
0.9919982
0.9941402
0.9917864
0.9915196
0.9911
0.9823808
0.9931294
0.9924411
0.992177
0.9840485
0.9858609
0.9868421
0.9937332
0.9797957
0.9904202
0.9870522
0.979235
0.9919019
0.9894665
0.9882501
0.9884768
0.98
0.9834034
0.9838743
0.9860713
0.9916717
0.9904153
0.9928486
0.9887512
0.988041
0.9912681
0.9897019
0.9859847
0.9887801
0.9903705
0.9883919
0.9843928
0.9862603
0.9850911
0.9629827
0.9855506
0.996146
0.988317
0.9921969
0.
0.9934807
0.9813411
0.9949367
0.9860841
0.9916411
0.9817672
0.9942149
0.9907104
0.9886975
0.9897877
0.9914324
0.99032
0.9814166
0.9849007
0.9915966
0.9921404
0.9919102
0.9955683
0.982356
0.9836872
0.9929925
0.9804023
0.9930734
0.9816934
0.9871634
0.9908815
0.9826309
0.9899447
0.9844728
0.9799948
0.9921066
0.9918999
0.9934162
0.9939291
0.9885401
0.9911314
0.9840926
0.9914184
0.9849893
0.9905236
0.9912612
0.9893567
0.9896373
0.9855347
0.9927739
0.9909846
0.9875353
0.9852194
0.9921821
0.9898618
0.9878496
0.9825247
0.9918145
0.9858802
0.9902733
0.988498
0.9811448
0.9880684
0.9866425
0.9867057
0.9927441
0.9877274
0.985022
0.9838209
0.9898946
0.9872369
0.9894556
0.9884956
0.9911447
0.9818535
0.9881205
0.9899979
0.9844215
0.9839294
0.9892695
0.9880314
0.9890199
0.9872244
0.9888574
0.9913707
0.9807887
0.9857708
0.9876057
0.9824097
0.9891569
0.9886297
0.9855021
0.9892608
0.9903492
0.981623
0.9888814
0.9870234
0.9881601
0.9951794
0.9946822
0.9905086
0.9953581
0.9957666
0.9851051
0.9934807
0.
0.9949903
0.9953716
0.9949211
0.9889039
0.9932832
0.987913
0.9861665
0.9898332
0.9858713
0.985371
0.9887699
0.9938065
0.9959319
0.9867969
0.9882593
0.9903602
0.9869865
0.9892392
0.990005
0.9837274
0.9933234
0.991517
0.9946341
0.9936817
0.9928782
0.990645
0.9875122
0.9925139
0.9902597
0.9874729
0.9923664
0.9902474
0.9929078
0.9922799
0.9866479
0.9934944
0.9878957
0.9944866
0.989148
0.9877739
0.989178
0.9899152
0.9947392
0.9890661
0.9912281
0.9887949
0.9950991
0.9889912
0.988312
0.9946761
0.9926813
0.9875417
0.9927265
0.9820373
0.9910107
0.996119
0.9938918
0.9907713
0.9930162
0.9894601
0.9934113
0.9959626
0.9907706
0.9890652
0.989547
0.9875894
0.9933448
0.9873096
0.9905956
0.9904978
0.9881398
0.9902352
0.9914605
0.9885034
0.9833974
0.9866587
0.9875252
0.9901147
0.9817858
0.989616
0.9917403
0.9896333
0.9884063
0.9858638
0.9933219
0.9900489
0.9848538
0.9868852
0.9908242
0.9894302
0.9859865
0.9872875
0.9861111
0.9878653
0.9874169
0.9914607
0.9913473
0.9952969
0.9813411
0.9949903
0.
0.993071
0.9843664
0.9873383
0.9843105
0.9923975
0.9905889
0.9936742
0.9886123
0.9915679
0.9867198
0.9835979
0.9792814
0.9941458
0.9859849
0.9925526
0.9886276
0.9847017
0.9870361
0.996434
0.987131
0.9896045
0.9781297
0.9896091
0.9874812
0.9867168
0.9905941
0.9809312
0.9852342
0.9927114
0.9898182
0.9920578
0.9911186
0.9837198
0.9919717
0.9869668
0.9867769
0.9823322
0.9873447
0.9927907
0.9902121
0.9921223
0.987395
0.9886888
0.9896931
0.991684
0.9789088
0.9904567
0.9879299
0.9916629
0.9839148
0.9923767
0.9885701
0.9887898
0.9897755
0.9820717
0.9839393
0.9861422
0.9900266
0.9937121
0.9887616
0.9852174
0.9811362
0.9878314
0.9889698
0.98959
0.9870982
0.9901814
0.9851159
0.9880578
0.9911839
0.9781669
0.9814151
0.991046
0.9863182
0.988746
0.9877925
0.9902039
0.9858425
0.982848
0.9825593
0.9883405
0.9843167
0.9917005
0.9897406
0.9879859
0.9865033
0.9904497
0.9801581
0.991851
0.9881103
0.9878011
0.9963138
0.9927518
0.9899184
0.9951595
0.9939813
0.9927995
0.9949367
0.9953716
0.993071
0.
0.9914667
0.9922231
0.9917068
0.9965581
0.9929059
0.9917206
0.9922441
0.9945946
0.9901452
0.9948731
0.9928988
0.9926912
0.9911415
0.9906683
0.9931904
0.9945531
0.9900596
0.9957521
0.9911264
0.9935612
0.9917275
0.9915213
0.989213
0.9943889
0.9888105
0.9910994
0.9943097
0.9916468
0.9892883
0.9919679
0.9941273
0.9920787
0.9907149
0.9874419
0.9879574
0.990592
0.9912884
0.9908467
0.9901579
0.9913459
0.9913222
0.9904934
0.9866174
0.989081
0.9897482
0.9901742
0.9904018
0.9888988
0.9898185
0.9922874
0.9898812
0.9914817
0.9954378
0.9902871
0.9884305
0.9919179
0.9879939
0.9929592
0.9917355
0.9904296
0.9905983
0.9908394
0.9878419
0.9899728
0.9897062
0.9905561
0.9906387
0.9892938
0.9892406
0.9936166
0.9864214
0.9895687
0.9930112
0.9873192
0.9885932
0.9907535
0.9904222
0.9904483
0.9902299
0.991797
0.9897492
0.9940141
0.9906649
0.9879749
0.9904031
0.9923051
0.9911742
0.989801
0.9879405
0.9871756
0.9935334
0.9928922
0.9889151
0.9950152
0.9860368
0.9937941
0.9860841
0.9949211
0.9843664
0.9914667
0.
0.9921011
0.9868039
0.9905858
0.9940722
0.9941684
0.9893021
0.9908629
0.990578
0.9867987
0.9839075
0.9933385
0.9890329
0.9903298
0.9920596
0.9820108
0.9857704
0.9911177
0.9885811
0.9926901
0.9860443
0.9834294
0.9864636
0.9822773
0.9921316
0.9888546
0.9845285
0.988936
0.9944082
0.9897508
0.9916589
0.9845385
0.9917846
0.9917958
0.9879189
0.9866213
0.9923354
0.9925793
0.990995
0.9885342
0.9898694
0.9924377
0.9895833
0.993085
0.9856765
0.9881005
0.9892165
0.9892896
0.9868824
0.9904327
0.9882812
0.9916133
0.988144
0.9876333
0.9868619
0.9865888
0.9881746
0.988598
0.9872037
0.9869611
0.9841068
0.9899138
0.9884566
0.9899094
0.989645
0.9890201
0.9880757
0.989856
0.984423
0.9840228
0.9817945
0.990512
0.9891261
0.9892704
0.9897476
0.9908791
0.9893822
0.9837367
0.983828
0.982906
0.9891481
0.9911981
0.9892676
0.9860248
0.9912145
0.9889793
0.9843039
0.9895884
0.9865012
0.9870051
0.9915988
0.9915541
0.9926012
0.9905908
0.9859366
0.9862661
0.9916411
0.9889039
0.9873383
0.9922231
0.9921011
0.
0.9896716
0.9878628
0.9861474
0.9840247
0.981668
0.9793388
0.9832258
0.9913552
0.990957
0.9836023
0.9787234
0.9816352
0.9838953
0.9948605
0.9886811
0.9862843
0.9862846
0.9899238
0.9927885
0.9899208
0.9885978
0.9905546
0.9842919
0.9858885
0.9914132
0.9804249
0.9922517
0.9868452
0.992082
0.9883222
0.9695122
0.9929046
0.9806094
0.9920635
0.9800413
0.9819511
0.9807956
0.9619578
0.9856818
0.9867326
0.9818766
0.9797773
0.9936264
0.9844375
0.9785379
0.9894552
0.9896998
0.981028
0.9855643
0.9768122
0.9909248
0.9890862
0.9885455
0.9878393
0.9867994
0.9870351
0.9922383
0.9928556
0.9881205
0.9819072
0.9769665
0.9814274
0.9850651
0.9845253
0.9855012
0.975181
0.9797227
0.9850549
0.9796988
0.9823824
0.9805689
0.9782049
0.9793876
0.9798975
0.9820277
0.9842535
0.9853053
0.9861164
0.9891008
0.983827
0.9916981
0.9864935
0.9846797
0.9846128
0.9907639
0.9778622
0.9781755
0.9782808
0.9821613
0.9781112
0.9828638
0.9901725
0.977136
0.988041
0.9817672
0.9932832
0.9843105
0.9917068
0.9868039
0.9896716
0.
0.9902887
0.9867153
0.9913265
0.990814
0.9872221
0.9864033
0.9815668
0.9799949
0.99228
0.9872244
0.9860105
0.9900224
0.9869619
0.9829714
0.9895885
0.9868164
0.9943875
0.9810817
0.9484176
0.9832158
0.9864177
0.9882353
0.9751688
0.988218
0.9915214
0.9884814
0.9901915
0.9899907
0.985217
0.9880542
0.9836406
0.9864927
0.9884222
0.9900295
0.9884511
0.9914241
0.9873589
0.9852574
0.9930896
0.9913852
0.9887666
0.9818101
0.9887367
0.9911894
0.9850319
0.9808116
0.9930405
0.9827133
0.989128
0.9887665
0.9852122
0.9811034
0.9867708
0.9764449
0.9894225
0.9839629
0.9832804
0.9831986
0.9926455
0.9862513
0.9900908
0.9868253
0.985619
0.9802659
0.9892123
0.9901921
0.9810698
0.9819644
0.9886837
0.9836588
0.9880556
0.986315
0.9869141
0.986413
0.9827084
0.9820405
0.9824762
0.9869186
0.9904505
0.9886686
0.9849403
0.9857664
0.9868892
0.9775174
0.9864268
0.9882043
0.9839028
0.9871729
0.9900606
0.9859944
0.9937175
0.9923417
0.9875389
0.9942149
0.987913
0.9923975
0.9965581
0.9905858
0.9878628
0.9902887
0.
0.9907097
0.9916286
0.9898374
0.9893455
0.9900839
0.9952261
0.9917829
0.9850477
0.9852684
0.9890981
0.9873103
0.9936786
0.9887695
0.9883951
0.9929986
0.9917235
0.9904352
0.9938316
0.9930489
0.9901419
0.9865997
0.9934025
0.9912345
0.9887192
0.9916045
0.9691578
0.9940009
0.9905594
0.9864896
0.9918107
0.9865573
0.9921207
0.987565
0.9887337
0.9885109
0.9903674
0.9928299
0.9884084
0.9898305
0.9883669
0.9914698
0.9858907
0.9841025
0.9910695
0.9897715
0.9908874
0.9885207
0.9905161
0.9888172
0.9900191
0.9925166
0.9894488
0.9925198
0.988404
0.9901858
0.9916405
0.9907524
0.9858888
0.9906303
0.9884702
0.9915772
0.986943
0.9893399
0.9880276
0.9869361
0.9908854
0.9894782
0.9881306
0.9837269
0.9859293
0.9885692
0.9899147
0.9862722
0.9938756
0.98942
0.9900188
0.9917132
0.987761
0.9904225
0.9872655
0.9831802
0.9896785
0.9900234
0.9871336
0.9885555
0.9882424
0.9875
0.986444
0.9919169
0.9929108
0.9903818
0.9828507
0.9907104
0.9861665
0.9905889
0.9929059
0.9940722
0.9861474
0.9867153
0.9907097
0.
0.9884189
0.9853572
0.9864083
0.9783715
0.99202
0.9931102
0.9883071
0.9839189
0.9849828
0.9859467
0.9898551
0.9905933
0.9823009
0.9850674
0.9888862
0.9917258
0.9905749
0.9837165
0.9914428
0.9848125
0.9849447
0.9893771
0.9852907
0.9898219
0.986371
0.9896742
0.9832902
0.9863915
0.9896139
0.9834767
0.9897184
0.9847294
0.9883903
0.9795137
0.9821029
0.9897596
0.9882951
0.9872083
0.9789756
0.9917678
0.9820215
0.9811321
0.9891892
0.9861502
0.985739
0.9840483
0.9841689
0.991284
0.9890457
0.9867888
0.9834728
0.988518
0.9899854
0.9881792
0.9894125
0.9904147
0.9809104
0.9812567
0.9877451
0.9889098
0.9814088
0.9838578
0.981369
0.9843782
0.987268
0.9833012
0.9769933
0.9834646
0.9852599
0.9831008
0.9843327
0.9856074
0.98584
0.9906402
0.9834524
0.9872509
0.980572
0.9897465
0.9849315
0.9829545
0.9834348
0.9855343
0.9844307
0.9811175
0.985888
0.9832742
0.9846375
0.9838635
0.9927936
0.9908467
0.9806202
0.9886975
0.9898332
0.9936742
0.9917206
0.9941684
0.9840247
0.9913265
0.9916286
0.9884189
0.
0.9835698
0.9873762
0.9848183
0.9911548
0.9907722
0.9882412
0.9836745
0.9886473
0.9871484
0.9902497
0.9885741
0.985766
0.990085
0.9880924
0.9897316
0.9904806
0.9880197
0.9913349
0.9836142
0.98845
0.9880952
0.9859738
0.9895097
0.9849521
0.9952767
0.9900944
0.985225
0.989537
0.9825776
0.991641
0.9840461
0.9847548
0.9845372
0.9854881
0.9901251
0.9873556
0.9851441
0.9810698
0.9901541
0.9892635
0.9892658
0.9904133
0.9882829
0.9855011
0.9894225
0.9801872
0.9901302
0.985607
0.9884551
0.989899
0.9899434
0.9838409
0.9879197
0.9883077
0.9888774
0.9868259
0.985134
0.9870864
0.9896822
0.9818589
0.9885542
0.9902874
0.9790576
0.988733
0.9888655
0.9866097
0.983275
0.9815385
0.9833107
0.9823856
0.9834695
0.9875425
0.9864388
0.9874121
0.9916917
0.9894199
0.9881897
0.9852667
0.9871077
0.9848004
0.987548
0.9847537
0.9802087
0.9852679
0.9860697
0.9817406
0.9824801
0.9904418
0.9911378
0.9904057
0.9897877
0.9858713
0.9886123
0.9922441
0.9893021
0.981668
0.990814
0.9898374
0.9853572
0.9835698
0.
0.989879
0.9878442
0.9891706
0.9919981
0.9816213
0.9789525
0.9866925
0.9861684
0.990252
0.9921745
0.9840541
0.9888941
0.9938447
0.9885541
0.9911853
0.9884977
0.9896811
0.9749823
0.9879852
0.9914591
0.9798797
0.9915813
0.9877245
0.9900542
0.9903293
0.9845465
0.9890893
0.9798477
0.9900881
0.9804357
0.9811572
0.9854369
0.9848218
0.9885739
0.987579
0.9849224
0.9821939
0.9933874
0.985782
0.9892681
0.9889078
0.9887162
0.9833369
0.9883549
0.9808571
0.9873684
0.9877211
0.9863302
0.990326
0.9901571
0.9813123
0.9885434
0.9899672
0.989296
0.9839009
0.9902104
0.9840146
0.9901011
0.9818626
0.9842742
0.9872789
0.9800885
0.9867973
0.9880177
0.9846423
0.9767123
0.9836915
0.9872439
0.9825837
0.9823127
0.9877358
0.9903793
0.9876018
0.9888337
0.9860251
0.9861342
0.9886939
0.9886537
0.9841243
0.9850539
0.9870317
0.9798987
0.9784302
0.9863252
0.9817449
0.983871
0.9940841
0.9934548
0.9831956
0.9914324
0.985371
0.9915679
0.9945946
0.9908629
0.9793388
0.9872221
0.9893455
0.9864083
0.9873762
0.989879
0.
0.9810568
0.9876999
0.9934751
0.9834462
0.9807364
0.9850024
0.9852121
0.9924224
0.9871551
0.9828585
0.9912941
0.9933806
0.9909281
0.987921
0.9897028
0.9892272
0.9841233
0.9914962
0.988361
0.9815626
0.9925119
0.986597
0.9916648
0.9924312
0.9827548
0.990903
0.9823857
0.9916575
0.9863195
0.9832155
0.9892473
0.9855168
0.9872611
0.9904555
0.985847
0.9802111
0.9910352
0.9816454
0.982528
0.9863365
0.9872286
0.9846645
0.986661
0.9795608
0.991206
0.9923475
0.9914351
0.9890687
0.9880578
0.987013
0.9898001
0.9895706
0.9859794
0.9828795
0.982184
0.9832188
0.9915707
0.9787755
0.9903962
0.9773547
0.9780684
0.9857416
0.9912134
0.984469
0.9831068
0.9862412
0.9878496
0.9851315
0.9852301
0.9837337
0.9902069
0.9896736
0.9865177
0.986403
0.9913682
0.9892201
0.984375
0.9846539
0.9889621
0.9847756
0.9780439
0.9813516
0.9853453
0.977424
0.9857402
0.992789
0.9899713
0.9851034
0.99032
0.9887699
0.9867198
0.9901452
0.990578
0.9832258
0.9864033
0.9900839
0.9783715
0.9848183
0.9878442
0.9810568
0.
0.9911483
0.994431
0.9859473
0.9829185
0.985451
0.9759568
0.9856562
0.9878427
0.9810817
0.9886444
0.988325
0.9918434
0.9888294
0.9875353
0.9910924
0.9807376
0.9912402
0.9952685
0.9831564
0.9869595
0.9791189
0.9861458
0.9891555
0.9858966
0.9879518
0.9814276
0.9923009
0.97951
0.9788748
0.9847514
0.9852553
0.9912261
0.9670672
0.9893946
0.9799338
0.9914439
0.9802731
0.9762837
0.9901919
0.9854639
0.98354
0.987916
0.9830545
0.9886364
0.988343
0.9886602
0.9813124
0.9907834
0.9834094
0.9910131
0.9893377
0.990535
0.9803068
0.9743807
0.98359
0.9888407
0.9830923
0.9877338
0.9834265
0.9782214
0.9835365
0.9894958
0.9824527
0.9820768
0.9768026
0.98409
0.9823755
0.9737044
0.9833112
0.9894366
0.9866543
0.9859481
0.983496
0.9879963
0.9854311
0.9824382
0.9829232
0.987698
0.9858861
0.9775315
0.9787234
0.9340487
0.9819692
0.9831627
0.9932546
0.9891861
0.9899155
0.9814166
0.9938065
0.9835979
0.9948731
0.9867987
0.9913552
0.9815668
0.9952261
0.99202
0.9911548
0.9891706
0.9876999
0.9911483
0.
0.9817296
0.9905707
0.9923132
0.990652
0.9867342
0.9792015
0.9855176
0.9902078
0.9820161
0.993878
0.9867318
0.9858502
0.9814249
0.9818994
0.9898195
0.988746
0.9821386
0.9925017
0.9902539
0.9914376
0.9898785
0.9843318
0.9913679
0.9871254
0.9911875
0.9852455
0.9899189
0.9872835
0.9890615
0.9873362
0.9892943
0.9904865
0.988124
0.9895765
0.9791173
0.991473
0.9869407
0.9857325
0.9779443
0.98922
0.9808958
0.9890487
0.9880653
0.9829344
0.9857592
0.9837792
0.9832109
0.9903728
0.983838
0.9781443
0.9847705
0.9864754
0.9871075
0.9881645
0.9909762
0.9895309
0.9784013
0.9885375
0.988081
0.9790732
0.9806112
0.9911538
0.9886386
0.9827916
0.9907958
0.9851739
0.9845049
0.9793522
0.9783743
0.9788104
0.9836764
0.9860817
0.9884276
0.9834404
0.9863037
0.9851987
0.9805676
0.9896579
0.9840085
0.9857715
0.9901478
0.9911215
0.9894358
0.9893194
0.9842076
0.9946467
0.9849007
0.9959319
0.9792814
0.9928988
0.9839075
0.990957
0.9799949
0.9917829
0.9931102
0.9907722
0.9919981
0.9934751
0.994431
0.9817296
0.
0.9919217
0.9842067
0.995521
0.9885796
0.9808917
0.9823446
0.9957746
0.9812734
0.9894811
0.9014471
0.9862448
0.9837662
0.9799767
0.989936
0.9858802
0.9763258
0.9919065
0.9919445
0.9892809
0.9922326
0.9835841
0.9903572
0.9848151
0.9855358
0.9816353
0.9915584
0.9907047
0.9926677
0.99096
0.9852431
0.9908041
0.9908874
0.9905559
0.8930469
0.9868616
0.9894336
0.9837416
0.9770944
0.9920734
0.9842965
0.9889503
0.9871396
0.980801
0.9759314
0.9828881
0.9890541
0.9908796
0.9862599
0.9825203
0.9801474
0.9894822
0.9849422
0.9846522
0.9883981
0.9886273
0.9826831
0.9892431
0.9895895
0.97322
0.9799624
0.9885409
0.9881679
0.9875566
0.9872284
0.9923336
0.9882485
0.9845005
0.9781966
0.98573
0.9850694
0.9881471
0.989085
0.9822148
0.9894684
0.9874918
0.9827402
0.9871815
0.9871911
0.9872172
0.9936954
0.9895906
0.9911229
0.9931653
0.9919122
0.9809843
0.9915966
0.9867969
0.9941458
0.9926912
0.9933385
0.9836023
0.99228
0.9850477
0.9883071
0.9882412
0.9816213
0.9834462
0.9859473
0.9905707
0.9919217
0.
0.9795062
0.9840842
0.9840452
0.9918543
0.9896833
0.9821647
0.9919163
0.99041
0.9903529
0.9880254
0.9883914
0.9917336
0.9827464
0.9897603
0.9913793
0.9780271
0.9901149
0.9883108
0.9844072
0.9860009
0.9839512
0.9910334
0.9789783
0.9911229
0.9816349
0.9853039
0.9837272
0.9828851
0.987353
0.989693
0.9863778
0.9813623
0.9928986
0.988299
0.9825708
0.9881619
0.9866638
0.9836348
0.9880419
0.9718964
0.989623
0.9901632
0.989645
0.9837815
0.9883672
0.9800922
0.9888683
0.9892606
0.993595
0.9839817
0.9813599
0.9869866
0.9898108
0.9858838
0.9851807
0.9843311
0.9793103
0.9829741
0.9874894
0.9837287
0.9869217
0.983765
0.9829879
0.9844111
0.9833493
0.9868746
0.9880463
0.9897712
0.9903778
0.9839372
0.9847101
0.9862081
0.985812
0.9836783
0.9855926
0.9833468
0.9786741
0.9806073
0.9851722
0.9771689
0.9797515
0.9912482
0.9859826
0.9816365
0.9921404
0.9882593
0.9859849
0.9911415
0.9890329
0.9787234
0.9872244
0.9852684
0.9839189
0.9836745
0.9789525
0.9807364
0.9829185
0.9923132
0.9842067
0.9795062
0.
0.9848053
0.9779588
0.9883314
0.9840749
0.9800428
0.9872449
0.9871585
0.9887846
0.9906733
0.987333
0.9880295
0.9837156
0.9886827
0.9895203
0.9832768
0.9892665
0.9811532
0.989128
0.9854842
0.9790148
0.9844196
0.3057278
0.9896216
0.9763469
0.9788533
0.9795296
0.978497
0.983532
0.9856439
0.9878525
0.9796713
0.983506
0.983683
0.9743425
0.9859273
0.98468
0.9834312
0.9845576
0.97641
0.9878074
0.9823263
0.9859504
0.9848422
0.9853275
0.9876343
0.9871176
0.9850414
0.9862069
0.9716807
0.9782654
0.9773819
0.9863766
0.9672964
0.9833399
0.9762986
0.9745577
0.982574
0.9840415
0.9808098
0.952728
0.9758463
0.9808722
0.9813384
0.9799325
0.9841654
0.9820084
0.9872472
0.9838625
0.9839385
0.9859873
0.9817482
0.9792825
0.9831822
0.9830896
0.9802893
0.9755133
0.9821718
0.9791667
0.979986
0.9775835
0.9919054
0.9925125
0.9855344
0.9919102
0.9903602
0.9925526
0.9906683
0.9903298
0.9816352
0.9860105
0.9890981
0.9849828
0.9886473
0.9866925
0.9850024
0.985451
0.990652
0.995521
0.9840842
0.9848053
0.
0.9855484
0.9923576
0.9869707
0.9899203
0.987058
0.9907279
0.9897471
0.9897913
0.9890034
0.9933835
0.9856296
0.9852908
0.9914312
0.9837947
0.9904296
0.9830395
0.993838
0.9891916
0.9828947
0.9877942
0.9847495
0.9920464
0.9822049
0.986195
0.9877287
0.9803371
0.9883946
0.9893617
0.9781755
0.9839021
0.9937409
0.9837381
0.9815912
0.9899917
0.9881176
0.9853954
0.9879768
0.9810638
0.9886808
0.9850868
0.9907768
0.9867796
0.9887087
0.9866505
0.989996
0.9885542
0.9874798
0.9813576
0.9764365
0.9809107
0.9903089
0.982848
0.9869976
0.9819855
0.9788871
0.9851805
0.9857703
0.9832029
0.9787438
0.985156
0.9848024
0.9787074
0.9822761
0.9851549
0.9846631
0.9885704
0.9881554
0.9816786
0.9895118
0.9855241
0.9854734
0.9843955
0.9851358
0.9832411
0.980984
0.9540785
0.9859326
0.9842992
0.9785762
0.9923077
0.9894003
0.9863124
0.9955683
0.9869865
0.9886276
0.9931904
0.9920596
0.9838953
0.9900224
0.9873103
0.9859467
0.9871484
0.9861684
0.9852121
0.9759568
0.9867342
0.9885796
0.9840452
0.9779588
0.9855484
0.
0.9906998
0.9869403
0.9844082
0.9879657
0.9881202
0.9864834
0.9879271
0.9873505
0.988511
0.9844358
0.9836438
0.9876514
0.9858172
0.9870188
0.9820909
0.9846428
0.9864223
0.9839737
0.9915125
0.978022
0.9920293
0.978389
0.9841889
0.985952
0.9816176
0.987279
0.985228
0.985891
0.9777105
0.9854553
0.9849926
0.9673189
0.987644
0.9868228
0.9821728
0.9860562
0.9790643
0.9880314
0.9860941
0.9836608
0.9859126
0.9830368
0.9858012
0.9848882
0.9897508
0.9888866
0.9632155
0.9804002
0.9712389
0.9896761
0.9772956
0.9851691
0.9738976
0.9814632
0.9855739
0.9817427
0.9812225
0.9790947
0.9787839
0.9812834
0.9853713
0.9776568
0.9888868
0.9868589
0.9872611
0.989193
0.9846636
0.9878425
0.9858381
0.9801614
0.9842027
0.983105
0.9807937
0.9719427
0.980236
0.981938
0.9835572
0.9748597
0.994683
0.992083
0.9966084
0.982356
0.9892392
0.9847017
0.9945531
0.9820108
0.9948605
0.9869619
0.9936786
0.9898551
0.9902497
0.990252
0.9924224
0.9856562
0.9792015
0.9808917
0.9918543
0.9883314
0.9923576
0.9906998
0.
0.9845835
0.9933164
0.983524
0.9896978
0.9841736
0.9819495
0.9889215
0.9205698
0.9917207
0.9859375
0.9815413
0.9953877
0.9927663
0.9910383
0.992823
0.977518
0.9914108
0.9892542
0.9890746
0.9624126
0.9893594
0.9887378
0.9868057
0.9894247
0.9891835
0.9873658
0.9912766
0.9896712
0.983975
0.9873181
0.9879518
0.9842552
0.9792229
0.9924258
0.9829148
0.9872572
0.9888166
0.9879203
0.9822304
0.9827869
0.990482
0.9916451
0.9846918
0.9826313
0.9817342
0.9850329
0.989514
0.9876977
0.9896166
0.9894221
0.9847745
0.9839614
0.9856589
0.9815811
0.9855279
0.9902512
0.9872276
0.9860724
0.9899047
0.9885546
0.9880712
0.9830758
0.9789244
0.9839495
0.9817803
0.9900634
0.9865398
0.9831516
0.9886251
0.990131
0.9811321
0.9864126
0.9847965
0.9894356
0.9914367
0.9914027
0.9897581
0.9930399
0.9876712
0.9905586
0.9836872
0.990005
0.9870361
0.9900596
0.9857704
0.9886811
0.9829714
0.9887695
0.9905933
0.9885741
0.9921745
0.9871551
0.9878427
0.9855176
0.9823446
0.9896833
0.9840749
0.9869707
0.9869403
0.9845835
0.
0.9888966
0.984
0.9892424
0.9802676
0.9885753
0.9790098
0.9854875
0.9867416
0.9836799
0.9850643
0.9934022
0.9854369
0.9875055
0.9882096
0.9793676
0.9885948
0.9873036
0.9825469
0.9826552
0.9865643
0.9868085
0.9865986
0.9862171
0.9818531
0.9897124
0.9902086
0.9862608
0.9803799
0.9835245
0.9877492
0.9688945
0.9830368
0.9899508
0.980198
0.9872651
0.9828291
0.9801298
0.9843145
0.9811282
0.9805845
0.9910483
0.981463
0.9806078
0.9833767
0.986053
0.9852257
0.9847328
0.9837415
0.985057
0.9800078
0.9880746
0.9891913
0.9813819
0.9784615
0.9881712
0.980344
0.9819232
0.9828786
0.9859415
0.9858456
0.9823367
0.9817095
0.9826746
0.980198
0.9831034
0.9841784
0.9777593
0.9827643
0.9825676
0.9799094
0.984993
0.9834403
0.9837067
0.9863832
0.9916365
0.9884431
0.9938068
0.9928256
0.9842457
0.9929925
0.9837274
0.996434
0.9957521
0.9911177
0.9862843
0.9895885
0.9883951
0.9823009
0.985766
0.9840541
0.9828585
0.9810817
0.9902078
0.9957746
0.9821647
0.9800428
0.9899203
0.9844082
0.9933164
0.9888966
0.
0.9903626
0.9923928
0.9895573
0.991426
0.9906585
0.9890436
0.9822161
0.9901279
0.9919299
0.9834006
0.9888963
0.9862589
0.9927568
0.9892328
0.9882634
0.9902513
0.9806016
0.9903454
0.9822703
0.9855914
0.9820966
0.9869519
0.9940375
0.9874681
0.9864107
0.981128
0.9918767
0.9867814
0.9855072
0.9946225
0.9910936
0.985236
0.9896886
0.9822109
0.9880977
0.9915031
0.9908088
0.9882837
0.9904003
0.9856739
0.9914377
0.9920223
0.9905698
0.9828594
0.9840523
0.9847976
0.9895288
0.9831081
0.988233
0.9854114
0.9823599
0.9875493
0.9889367
0.9834506
0.9844343
0.9821529
0.9842743
0.9843079
0.981385
0.9857645
0.9913201
0.9876901
0.987311
0.9792466
0.986804
0.9872453
0.9873691
0.9864313
0.9908229
0.9852062
0.9808793
0.9827056
0.98648
0.9829572
0.9804705
0.993081
0.9916057
0.9937727
0.9804023
0.9933234
0.987131
0.9911264
0.9885811
0.9862846
0.9868164
0.9929986
0.9850674
0.990085
0.9888941
0.9912941
0.9886444
0.9820161
0.9812734
0.9919163
0.9872449
0.987058
0.9879657
0.983524
0.984
0.9903626
0.
0.9925204
0.9833745
0.988649
0.9855856
0.9809912
0.9884084
0.9871596
0.9800413
0.9925634
0.990179
0.9884657
0.992655
0.9829003
0.9890979
0.9880316
0.9874254
0.9881456
0.9902851
0.9862463
0.9877508
0.9871552
0.9894693
0.9906172
0.9896274
0.9876206
0.9828193
0.9923962
0.9861484
0.9864449
0.9785168
0.9908332
0.9803158
0.9888106
0.986637
0.9845444
0.9802765
0.9426455
0.9878959
0.9930912
0.9855902
0.9774676
0.9838774
0.9861331
0.9879591
0.9862002
0.9926805
0.9847448
0.982896
0.9848398
0.9902205
0.984833
0.9841817
0.9914371
0.9880597
0.9846552
0.9865747
0.9886218
0.9853641
0.9831748
0.9807033
0.9844058
0.9883402
0.9873569
0.9877005
0.9878966
0.9870237
0.9869207
0.9822929
0.9893073
0.9839644
0.9864181
0.9852732
0.9871419
0.9856584
0.9907673
0.9929136
0.9918806
0.9930734
0.991517
0.9896045
0.9935612
0.9926901
0.9899238
0.9943875
0.9917235
0.9888862
0.9880924
0.9938447
0.9933806
0.988325
0.993878
0.9894811
0.99041
0.9871585
0.9907279
0.9881202
0.9896978
0.9892424
0.9923928
0.9925204
0.
0.9901168
0.9903846
0.9859506
0.9925692
0.992177
0.9877533
0.9892449
0.9936236
0.9872247
0.988614
0.9859956
0.9884419
0.9905498
0.9912111
0.9862602
0.9912951
0.9852659
0.9911017
0.9913191
0.9887902
0.9866128
0.9875868
0.9910676
0.9866892
0.9913277
0.9902631
0.9866972
0.9928146
0.9886855
0.988083
0.9891638
0.9851464
0.9912832
0.992993
0.9910967
0.9890088
0.9886456
0.9916501
0.9903181
0.9906968
0.9866241
0.9858509
0.9866613
0.9900701
0.9888157
0.9884382
0.989122
0.9896293
0.9848808
0.987248
0.9869813
0.990635
0.9859023
0.9896431
0.9914179
0.9883742
0.9895604
0.9903249
0.9883051
0.9866978
0.9861855
0.9890298
0.9814314
0.9866732
0.9892969
0.9893187
0.9872525
0.9845167
0.9832886
0.9842978
0.9919221
0.9884354
0.986454
0.9933548
0.9822054
0.9923057
0.9816934
0.9946341
0.9781297
0.9917275
0.9860443
0.9927885
0.9810817
0.9904352
0.9917258
0.9897316
0.9885541
0.9909281
0.9918434
0.9867318
0.9014471
0.9903529
0.9887846
0.9897471
0.9864834
0.9841736
0.9802676
0.9895573
0.9833745
0.9901168
0.
0.9831821
0.9889012
0.9816637
0.9894296
0.9848585
0.9793463
0.9906805
0.9928956
0.9907646
0.9920889
0.9857643
0.9894292
0.9845109
0.9867061
0.9840168
0.9910211
0.9920899
0.990623
0.9889767
0.9866249
0.9900908
0.9878305
0.9888013
0.8825118
0.9860827
0.9885691
0.9826566
0.9793667
0.987457
0.9788618
0.9889276
0.984535
0.9786128
0.9790407
0.9849155
0.9890285
0.9907933
0.9847418
0.9833137
0.981229
0.9904297
0.9876789
0.9884771
0.9881959
0.9890068
0.9805132
0.9886385
0.9883942
0.9735385
0.9792213
0.9890943
0.989666
0.988319
0.9868883
0.9909289
0.9840261
0.9851691
0.9826971
0.9854481
0.9839508
0.9908845
0.9897743
0.9822186
0.9887787
0.9883237
0.9842426
0.9892357
0.9870702
0.9882589
0.9925425
0.9920089
0.9895075
0.9923695
0.9792844
0.9905395
0.9871634
0.9936817
0.9896091
0.9915213
0.9834294
0.9899208
0.9484176
0.9938316
0.9905749
0.9904806
0.9911853
0.987921
0.9888294
0.9858502
0.9862448
0.9880254
0.9906733
0.9897913
0.9879271
0.9819495
0.9885753
0.991426
0.988649
0.9903846
0.9831821
0.
0.9887243
0.9878265
0.9899167
0.9779978
0.9869897
0.98941
0.9942184
0.9897216
0.9897545
0.9889106
0.9886196
0.9896972
0.9907892
0.9883187
0.9897959
0.9872917
0.9887711
0.9883914
0.9868887
0.988882
0.9912518
0.9880091
0.9832721
0.9933198
0.9910751
0.9878665
0.9864592
0.9903537
0.9832661
0.9893834
0.9866214
0.9841553
0.9827966
0.9857858
0.9785141
0.9902363
0.9879541
0.9873368
0.988072
0.9890881
0.9877252
0.992183
0.9894283
0.9898233
0.9854601
0.9884884
0.991495
0.9858672
0.9852148
0.9882006
0.9885862
0.9922087
0.9876793
0.9883995
0.9892009
0.9826527
0.9872566
0.9838795
0.9829642
0.9883603
0.9896309
0.9860661
0.9845327
0.9875519
0.9823259
0.988802
0.982784
0.9885796
0.9892924
0.9911504
0.9910562
0.9955609
0.9892299
0.9873024
0.9908815
0.9928782
0.9874812
0.989213
0.9864636
0.9885978
0.9832158
0.9930489
0.9837165
0.9880197
0.9884977
0.9897028
0.9875353
0.9814249
0.9837662
0.9883914
0.987333
0.9890034
0.9873505
0.9889215
0.9790098
0.9906585
0.9855856
0.9859506
0.9889012
0.9887243
0.
0.9877177
0.9916115
0.9854594
0.983882
0.9893176
0.9900239
0.9863489
0.9859551
0.9764654
0.9885228
0.9878929
0.9847101
0.9903442
0.9867313
0.9846251
0.9888889
0.982552
0.9855012
0.987739
0.9884162
0.9860067
0.9829253
0.9849794
0.9851913
0.9821648
0.9805328
0.9830647
0.9802283
0.9882547
0.9834444
0.982607
0.9812197
0.9782476
0.9840982
0.9865692
0.9838805
0.983445
0.9859795
0.9860154
0.983163
0.9825446
0.9847374
0.9848338
0.9680392
0.9862805
0.9827123
0.9809816
0.9820202
0.9884887
0.9866221
0.9804284
0.9802202
0.9840484
0.9859975
0.9815996
0.98099
0.9609632
0.9854577
0.9843137
0.9825343
0.9814906
0.9842649
0.9804302
0.9828281
0.9832402
0.9816269
0.9813476
0.9894292
0.9892665
0.9870634
0.9929178
0.9859497
0.9875615
0.9826309
0.990645
0.9867168
0.9943889
0.9822773
0.9905546
0.9864177
0.9901419
0.9914428
0.9913349
0.9896811
0.9892272
0.9910924
0.9818994
0.9799767
0.9917336
0.9880295
0.9933835
0.988511
0.9205698
0.9854875
0.9890436
0.9809912
0.9925692
0.9816637
0.9878265
0.9877177
0.
0.9873614
0.9883542
0.981102
0.9886537
0.9917713
0.9883193
0.9924844
0.9760053
0.9887354
0.9908918
0.9864292
0.9563802
0.9875816
0.9893059
0.9918461
0.9859598
0.9880503
0.9904643
0.9909645
0.9893816
0.9810348
0.9903787
0.9870637
0.9821612
0.9803198
0.9947549
0.985807
0.9907484
0.9901705
0.9807692
0.9836792
0.9825876
0.9847082
0.9911504
0.9882537
0.9816351
0.982157
0.9866115
0.9888357
0.9870606
0.9913335
0.988176
0.9853452
0.9849237
0.9854378
0.9828501
0.9826333
0.98717
0.9892493
0.9873441
0.989645
0.9897885
0.9854413
0.9862144
0.9811693
0.9871954
0.9882253
0.9891378
0.9868655
0.9826542
0.9859247
0.989418
0.9829775
0.9874807
0.9831311
0.9866206
0.988476
0.9908441
0.9859672
0.9921577
0.9914803
0.9808687
0.9899447
0.9875122
0.9905941
0.9888105
0.9921316
0.9842919
0.9882353
0.9865997
0.9848125
0.9836142
0.9749823
0.9841233
0.9807376
0.9898195
0.989936
0.9827464
0.9837156
0.9856296
0.9844358
0.9917207
0.9867416
0.9822161
0.9884084
0.992177
0.9894296
0.9899167
0.9916115
0.9873614
0.
0.990644
0.9901478
0.9761017
0.9907487
0.9851389
0.990173
0.988676
0.984964
0.9881931
0.981599
0.9887265
0.9806438
0.9840971
0.985589
0.9809743
0.9893993
0.9851024
0.9853157
0.9812461
0.9902637
0.9823807
0.9832174
0.9874418
0.9862376
0.9815303
0.984271
0.9783013
0.9876173
0.986548
0.9902584
0.9873924
0.9858283
0.9806592
0.9906887
0.9890966
0.9906268
0.9793185
0.980028
0.9799073
0.9900098
0.9817865
0.9842761
0.9809669
0.9787316
0.9895267
0.984181
0.9833086
0.975546
0.9760413
0.9812894
0.9772519
0.9764641
0.9842875
0.9867045
0.988526
0.9874363
0.9850923
0.9885523
0.9810952
0.9816964
0.9836434
0.9857778
0.9825429
0.9790096
0.9790885
0.9780815
0.9763992
0.9773071
0.9942231
0.9810868
0.9936773
0.9844728
0.9925139
0.9809312
0.9910994
0.9888546
0.9858885
0.9751688
0.9934025
0.9849447
0.98845
0.9879852
0.9914962
0.9912402
0.988746
0.9858802
0.9897603
0.9886827
0.9852908
0.9836438
0.9859375
0.9836799
0.9901279
0.9871596
0.9877533
0.9848585
0.9779978
0.9854594
0.9883542
0.990644
0.
0.9825464
0.9914292
0.9897436
0.9897894
0.9893933
0.9828336
0.9882698
0.9872251
0.9887453
0.9913205
0.987767
0.9892562
0.9873784
0.9813317
0.9844527
0.9899857
0.9875364
0.9878775
0.9862543
0.9886823
0.984375
0.9846774
0.9832762
0.9908165
0.9858085
0.9914963
0.9846888
0.9772052
0.9829026
0.9852678
0.9806811
0.9881346
0.9854792
0.983871
0.9859758
0.9871919
0.9838009
0.9827817
0.9851475
0.9881453
0.9801147
0.9858916
0.9850605
0.9816643
0.9834892
0.9904884
0.9840015
0.9843835
0.9879342
0.9884643
0.9850827
0.9858474
0.9805068
0.9841466
0.9839147
0.9899464
0.9848964
0.9851541
0.983952
0.9861641
0.9839091
0.9831107
0.9809216
0.9857469
0.989836
0.989879
0.9848872
0.9930413
0.9846154
0.9910901
0.9799948
0.9902597
0.9852342
0.9943097
0.9845285
0.9914132
0.988218
0.9912345
0.9893771
0.9880952
0.9914591
0.988361
0.9952685
0.9821386
0.9763258
0.9913793
0.9895203
0.9914312
0.9876514
0.9815413
0.9850643
0.9919299
0.9800413
0.9892449
0.9793463
0.9869897
0.983882
0.981102
0.9901478
0.9825464
0.
0.9907407
0.9910048
0.9888378
0.9926103
0.9837017
0.987944
0.9853417
0.9866981
0.9804763
0.9889385
0.988962
0.9911073
0.9868644
0.9861849
0.9947786
0.9874093
0.9862637
0.9763252
0.9921439
0.9854349
0.9851086
0.9813549
0.9887087
0.9789387
0.9836615
0.9892364
0.9793061
0.9828676
0.9817586
0.9791283
0.9902468
0.9859127
0.9846705
0.985006
0.99048
0.9844066
0.9843383
0.9906319
0.9864547
0.9788111
0.9859318
0.9882171
0.9763043
0.9807653
0.9883634
0.9868569
0.9857063
0.9844102
0.9896812
0.9843549
0.9830882
0.9772686
0.9834115
0.9853119
0.9862519
0.9889068
0.9782717
0.9879657
0.9830674
0.9791415
0.9832472
0.9832911
0.9826733
0.9878369
0.9893545
0.9891068
0.9914632
0.9918954
0.9656951
0.9921066
0.9874729
0.9927114
0.9916468
0.988936
0.9804249
0.9915214
0.9887192
0.9852907
0.9859738
0.9798797
0.9815626
0.9831564
0.9925017
0.9919065
0.9780271
0.9832768
0.9837947
0.9858172
0.9953877
0.9934022
0.9834006
0.9925634
0.9936236
0.9906805
0.98941
0.9893176
0.9886537
0.9761017
0.9914292
0.9907407
0.
0.9928042
0.9862142
0.9892496
0.9886242
0.9870806
0.9900394
0.9822843
0.9901316
0.9819726
0.9824308
0.9847454
0.9831276
0.9905815
0.9865498
0.9894932
0.9758264
0.9924121
0.9830337
0.9836529
0.9928444
0.9904554
0.9809657
0.9889087
0.9790181
0.9855845
0.9941872
0.9856129
0.9871618
0.9878121
0.9854595
0.9880975
0.9900154
0.9895813
0.9853112
0.984896
0.9855842
0.9909214
0.9818286
0.9886899
0.98293
0.9817016
0.9908712
0.9895833
0.9822116
0.9807375
0.9804206
0.9760898
0.9834264
0.9835303
0.9871886
0.9881036
0.9876026
0.9885983
0.9856019
0.9904448
0.9865298
0.9845236
0.9854292
0.9896244
0.9799172
0.9819005
0.9826335
0.9824399
0.8859966
0.9826198
0.989901
0.9919397
0.9952642
0.9918999
0.9923664
0.9898182
0.9892883
0.9944082
0.9922517
0.9884814
0.9916045
0.9898219
0.9895097
0.9915813
0.9925119
0.9869595
0.9902539
0.9919445
0.9901149
0.9892665
0.9904296
0.9870188
0.9927663
0.9854369
0.9888963
0.990179
0.9872247
0.9928956
0.9942184
0.9900239
0.9917713
0.9907487
0.9897436
0.9910048
0.9928042
0.
0.9854184
0.9835374
0.9893231
0.9911139
0.9904998
0.9869862
0.9912065
0.988105
0.9906084
0.9883412
0.9889998
0.9914443
0.9888641
0.9938725
0.9886225
0.9900339
0.990012
0.9871821
0.9908766
0.9880905
0.9907115
0.9901497
0.9869163
0.9947379
0.9871745
0.9904278
0.9909857
0.9886541
0.9932937
0.9900763
0.9887016
0.9892349
0.9859561
0.986937
0.9921156
0.9874517
0.9873034
0.9860693
0.9903543
0.9836834
0.9875074
0.985456
0.9858001
0.9865528
0.991424
0.9887803
0.9873056
0.9900762
0.984175
0.986911
0.9890549
0.9881311
0.9908714
0.9869724
0.986737
0.9866923
0.9885112
0.9871477
0.9866404
0.982548
0.9849901
0.9901871
0.9895539
0.9859066
0.9925256
0.9864795
0.9877592
0.9934162
0.9902474
0.9920578
0.9919679
0.9897508
0.9868452
0.9901915
0.9691578
0.986371
0.9849521
0.9877245
0.986597
0.9791189
0.9914376
0.9892809
0.9883108
0.9811532
0.9830395
0.9820909
0.9910383
0.9875055
0.9862589
0.9884657
0.988614
0.9907646
0.9897216
0.9863489
0.9883193
0.9851389
0.9897894
0.9888378
0.9862142
0.9854184
0.
0.9916615
0.9800472
0.9840448
0.9869996
0.9782158
0.9912441
0.9808721
0.9887984
0.9865334
0.9832721
0.988197
0.9870733
0.9806305
0.9860041
0.9850389
0.9876371
0.9829762
0.9889175
0.9873393
0.9903524
0.9890002
0.9847328
0.9904483
0.9866383
0.9855327
0.9852797
0.9869243
0.9871352
0.9901159
0.9899028
0.991595
0.9807396
0.9788608
0.9824429
0.9880861
0.9827455
0.9855535
0.983631
0.9852639
0.980513
0.9819289
0.9840116
0.9836601
0.9803851
0.9851637
0.9877137
0.9820253
0.9842338
0.9859008
0.9896194
0.9874979
0.9851963
0.9868444
0.9828937
0.9812018
0.9794239
0.9870395
0.983915
0.9842212
0.9746113
0.9823758
0.983878
0.9872412
0.9921522
0.9899329
0.9940638
0.9939291
0.9929078
0.9911186
0.9941273
0.9916589
0.992082
0.9899907
0.9940009
0.9896742
0.9952767
0.9900542
0.9916648
0.9861458
0.9898785
0.9922326
0.9844072
0.989128
0.993838
0.9846428
0.992823
0.9882096
0.9927568
0.992655
0.9859956
0.9920889
0.9897545
0.9859551
0.9924844
0.990173
0.9893933
0.9926103
0.9892496
0.9835374
0.9916615
0.
0.9870433
0.9899363
0.9903629
0.9872899
0.9881898
0.990453
0.9851233
0.9884264
0.9898969
0.992118
0.9881312
0.9928963
0.9876842
0.9903047
0.9890808
0.9856602
0.9919339
0.9883744
0.9893889
0.9836582
0.9857943
0.987327
0.9868726
0.9865628
0.984528
0.9883405
0.9914204
0.9859155
0.9893556
0.9893089
0.9848891
0.99113
0.9880172
0.9873442
0.9902402
0.9863526
0.9876201
0.9832246
0.9863986
0.9847656
0.9910023
0.9840724
0.9871635
0.9881252
0.9888238
0.9872859
0.9889202
0.9906687
0.9880747
0.984659
0.9879199
0.9778784
0.9874563
0.9832027
0.9842841
0.9861838
0.9837977
0.9836682
0.9847802
0.9923199
0.9881055
0.9904386
0.9930265
0.987576
0.993431
0.9885401
0.9922799
0.9837198
0.9920787
0.9845385
0.9883222
0.985217
0.9905594
0.9832902
0.9900944
0.9903293
0.9924312
0.9891555
0.9843318
0.9835841
0.9860009
0.9854842
0.9891916
0.9864223
0.977518
0.9793676
0.9892328
0.9829003
0.9884419
0.9857643
0.9889106
0.9764654
0.9760053
0.988676
0.9828336
0.9837017
0.9886242
0.9893231
0.9800472
0.9870433
0.
0.9884937
0.9880853
0.9748839
0.9831426
0.9788968
0.9867577
0.9848736
0.9807174
0.9842585
0.9904082
0.9921504
0.9851821
0.9805037
0.9884895
0.987265
0.9820275
0.9760795
0.989011
0.9829796
0.9859671
0.9879208
0.9848664
0.9782522
0.9820431
0.9831282
0.9901086
0.9843145
0.9791301
0.9778344
0.9860248
0.9740984
0.9885975
0.9871395
0.9850546
0.9813013
0.9889451
0.9850746
0.9658626
0.9639457
0.9867938
0.9849486
0.9773475
0.984793
0.9890209
0.9885469
0.9761475
0.9783534
0.980212
0.9803056
0.9867316
0.9870425
0.9843473
0.9833063
0.974771
0.9792531
0.9853031
0.9833211
0.9702097
0.9900807
0.9912204
0.9823065
0.9893162
0.9854666
0.9855179
0.9911314
0.9866479
0.9919717
0.9907149
0.9917846
0.9695122
0.9880542
0.9864896
0.9863915
0.985225
0.9845465
0.9827548
0.9858966
0.9913679
0.9903572
0.9839512
0.9790148
0.9828947
0.9839737
0.9914108
0.9885948
0.9882634
0.9890979
0.9905498
0.9894292
0.9886196
0.9885228
0.9887354
0.984964
0.9882698
0.987944
0.9870806
0.9911139
0.9840448
0.9899363
0.9884937
0.
0.9888551
0.9800326
0.9913862
0.9813916
0.987357
0.9857344
0.9625154
0.9881858
0.9886882
0.9885335
0.9786892
0.9844794
0.9838455
0.9852478
0.9900759
0.9902913
0.9861814
0.9887814
0.984375
0.988267
0.9854906
0.9879009
0.9859019
0.9861538
0.9879063
0.9885618
0.9892978
0.9913436
0.9835414
0.9827189
0.9836522
0.989607
0.9816754
0.9882006
0.9835014
0.9819288
0.985191
0.9831949
0.9844253
0.9855305
0.9763092
0.9810172
0.9774783
0.9849519
0.9871103
0.9866186
0.9833448
0.9868313
0.9853931
0.9859877
0.9882224
0.9869065
0.9858652
0.9830925
0.9795212
0.9806118
0.9764888
0.9840664
0.9784715
0.9830614
0.9932354
0.9890918
0.992944
0.9840926
0.9934944
0.9869668
0.9874419
0.9917958
0.9929046
0.9836406
0.9918107
0.9896139
0.989537
0.9890893
0.990903
0.9879518
0.9871254
0.9848151
0.9910334
0.9844196
0.9877942
0.9915125
0.9892542
0.9873036
0.9902513
0.9880316
0.9912111
0.9845109
0.9896972
0.9878929
0.9908918
0.9881931
0.9872251
0.9853417
0.9900394
0.9904998
0.9869996
0.9903629
0.9880853
0.9888551
0.
0.9821284
0.9883604
0.9879566
0.989802
0.9851406
0.9888335
0.9841365
0.992098
0.9889536
0.990873
0.9852941
0.9888388
0.986062
0.9853544
0.9873565
0.9863946
0.9866409
0.9885894
0.9896393
0.9841512
0.9853846
0.985331
0.9865591
0.9890649
0.9872468
0.9851224
0.987165
0.9843278
0.9897143
0.9887371
0.9920919
0.982646
0.9857855
0.9844493
0.9862436
0.9798474
0.9836066
0.9855305
0.9871726
0.9898156
0.9871977
0.987546
0.9837242
0.9825205
0.9827972
0.9816151
0.9890056
0.988393
0.9882473
0.988868
0.9856399
0.9831959
0.9858891
0.9867045
0.9831091
0.9873347
0.9886212
0.9891489
0.9885081
0.9899478
0.9870886
0.9786136
0.9914184
0.9878957
0.9867769
0.9879574
0.9879189
0.9806094
0.9864927
0.9865573
0.9834767
0.9825776
0.9798477
0.9823857
0.9814276
0.9911875
0.9855358
0.9789783
0.3057278
0.9847495
0.978022
0.9890746
0.9825469
0.9806016
0.9874254
0.9862602
0.9867061
0.9907892
0.9847101
0.9864292
0.981599
0.9887453
0.9866981
0.9822843
0.9869862
0.9782158
0.9872899
0.9748839
0.9800326
0.9821284
0.
0.9865731
0.9696476
0.9782258
0.9776165
0.9799479
0.985
0.9845238
0.9871641
0.98123
0.9831538
0.9831174
0.9703895
0.9850049
0.9818678
0.9824937
0.9817688
0.9763795
0.9869582
0.9826501
0.984261
0.9832241
0.9821188
0.9864305
0.9865269
0.9845952
0.9849114
0.9700267
0.9693917
0.9784266
0.9833365
0.9683019
0.9815157
0.9755245
0.9721862
0.9753135
0.9789453
0.9806694
0.9502854
0.9723905
0.9774436
0.9818821
0.9782418
0.9838092
0.9802202
0.9846233
0.9815334
0.9821165
0.9850034
0.9804447
0.9763304
0.9762463
0.9831461
0.9774402
0.9731757
0.9772791
0.9786709
0.9783541
0.9774607
0.9911674
0.9884538
0.9913211
0.9849893
0.9944866
0.9823322
0.990592
0.9866213
0.9920635
0.9884222
0.9921207
0.9897184
0.991641
0.9900881
0.9916575
0.9923009
0.9852455
0.9816353
0.9911229
0.9896216
0.9920464
0.9920293
0.9624126
0.9826552
0.9903454
0.9881456
0.9912951
0.9840168
0.9883187
0.9903442
0.9563802
0.9887265
0.9913205
0.9804763
0.9901316
0.9912065
0.9912441
0.9881898
0.9831426
0.9913862
0.9883604
0.9865731
0.
0.9902739
0.9920902
0.9924916
0.9869307
0.9885057
0.9903884
0.9912612
0.9905568
0.9854227
0.9887401
0.9893307
0.9841054
0.9803883
0.9898214
0.985588
0.9873072
0.9891511
0.9846707
0.9831836
0.9864271
0.9872527
0.9910431
0.9856557
0.9865722
0.9853741
0.989756
0.9915158
0.9923358
0.9919701
0.9893363
0.9840426
0.9908025
0.9859873
0.9818006
0.9800422
0.9892283
0.9887046
0.9865408
0.9901495
0.9922037
0.9873681
0.9865238
0.9813643
0.9821033
0.9854504
0.988806
0.9898734
0.9840426
0.9854232
0.98582
0.9832162
0.9858904
0.9878239
0.988393
0.9914078
0.9943384
0.9914842
0.9911691
0.9927536
0.9834831
0.9905236
0.989148
0.9873447
0.9912884
0.9923354
0.9800413
0.9900295
0.987565
0.9847294
0.9840461
0.9804357
0.9863195
0.97951
0.9899189
0.9915584
0.9816349
0.9763469
0.9822049
0.978389
0.9893594
0.9865643
0.9822703
0.9902851
0.9852659
0.9910211
0.9897959
0.9867313
0.9875816
0.9806438
0.987767
0.9889385
0.9819726
0.988105
0.9808721
0.990453
0.9788968
0.9813916
0.9879566
0.9696476
0.9902739
0.
0.9797879
0.9838613
0.9859294
0.989309
0.9868136
0.9809428
0.9778929
0.9854256
0.9828192
0.9736065
0.9864656
0.9819733
0.9833816
0.9808917
0.9783337
0.9885758
0.9854415
0.9885975
0.9854601
0.9839695
0.9828851
0.9875442
0.9854396
0.9872754
0.9796878
0.9705599
0.979867
0.9889513
0.9803412
0.9884974
0.9818083
0.9778063
0.9756573
0.9782818
0.9756665
0.9760586
0.9768878
0.976653
0.980014
0.9787123
0.9808928
0.9870814
0.9845291
0.982459
0.9773622
0.9849076
0.9798963
0.9804724
0.9726819
0.9858369
0.9730827
0.971371
0.9729275
0.981992
0.9826087
0.9782296
0.9900249
0.9910112
0.9862252
0.9912612
0.9877739
0.9927907
0.9908467
0.9925793
0.9819511
0.9884511
0.9887337
0.9883903
0.9847548
0.9811572
0.9832155
0.9788748
0.9872835
0.9907047
0.9853039
0.9788533
0.986195
0.9841889
0.9887378
0.9868085
0.9855914
0.9862463
0.9911017
0.9920899
0.9872917
0.9846251
0.9893059
0.9840971
0.9892562
0.988962
0.9824308
0.9906084
0.9887984
0.9851233
0.9867577
0.987357
0.989802
0.9782258
0.9920902
0.9797879
0.
0.9832869
0.9861578
0.9879304
0.9870385
0.9862577
0.987596
0.9889834
0.9846333
0.9832522
0.9927119
0.9878823
0.9877089
0.9875598
0.9789784
0.9874429
0.9858517
0.9847677
0.9847124
0.984
0.9813875
0.9896296
0.9888579
0.9895639
0.9808738
0.9807948
0.9791513
0.9880262
0.9790547
0.9894392
0.9785025
0.9800877
0.9857583
0.9862962
0.9817116
0.9751874
0.9855047
0.98518
0.981297
0.9801705
0.9865494
0.9888192
0.9857603
0.9876242
0.9850455
0.9871622
0.9853377
0.9819438
0.9798793
0.9852773
0.9815339
0.9768505
0.9795407
0.9768116
0.9839357
0.9799468
0.9913826
0.98925
0.9852515
0.9893567
0.989178
0.9902121
0.9901579
0.990995
0.9807956
0.9914241
0.9885109
0.9795137
0.9845372
0.9854369
0.9892473
0.9847514
0.9890615
0.9926677
0.9837272
0.9795296
0.9877287
0.985952
0.9868057
0.9865986
0.9820966
0.9877508
0.9913191
0.990623
0.9887711
0.9888889
0.9918461
0.985589
0.9873784
0.9911073
0.9847454
0.9883412
0.9865334
0.9884264
0.9848736
0.9857344
0.9851406
0.9776165
0.9924916
0.9838613
0.9832869
0.
0.9841553
0.9863312
0.9904128
0.9868683
0.9807807
0.9891829
0.9812719
0.9806792
0.9886429
0.9863277
0.9810628
0.9883387
0.9825832
0.9864839
0.9854744
0.9855458
0.9880046
0.9876684
0.9813945
0.9911275
0.9867932
0.9914466
0.9841181
0.9840849
0.9808507
0.9868938
0.9781157
0.9877849
0.9842448
0.9793494
0.9877112
0.9853361
0.9828014
0.9795665
0.9785551
0.9785194
0.9816594
0.9828304
0.9839267
0.9822737
0.9893617
0.9871336
0.9822389
0.9863106
0.9842335
0.9835449
0.9802011
0.9814974
0.9822969
0.9787537
0.9825194
0.9845167
0.9787641
0.9814134
0.9894817
0.986014
0.9826171
0.9896373
0.9899152
0.9921223
0.9913459
0.9885342
0.9619578
0.9873589
0.9903674
0.9821029
0.9854881
0.9848218
0.9855168
0.9852553
0.9873362
0.99096
0.9828851
0.978497
0.9803371
0.9816176
0.9894247
0.9862171
0.9869519
0.9871552
0.9887902
0.9889767
0.9883914
0.982552
0.9859598
0.9809743
0.9813317
0.9868644
0.9831276
0.9889998
0.9832721
0.9898969
0.9807174
0.9625154
0.9888335
0.9799479
0.9869307
0.9859294
0.9861578
0.9841553
0.
0.9865772
0.9888672
0.9810531
0.9737522
0.9919355
0.980541
0.9837083
0.9880975
0.9859831
0.97837
0.9843122
0.9780564
0.98883
0.9859023
0.9854001
0.9874668
0.9859822
0.9852557
0.9876109
0.9888971
0.9873441
0.9818929
0.9835601
0.9851947
0.9823772
0.9815736
0.9845004
0.9811662
0.9799709
0.9821016
0.9815168
0.9812323
0.9821523
0.9789769
0.9809288
0.9777972
0.9784647
0.9858961
0.9871448
0.9811577
0.9860163
0.983939
0.9842958
0.9855388
0.9837475
0.9782037
0.9858954
0.9794643
0.9785145
0.9754704
0.9856923
0.9807814
0.9796085
0.9919694
0.9877469
0.9942556
0.9855347
0.9947392
0.987395
0.9913222
0.9898694
0.9856818
0.9852574
0.9928299
0.9897596
0.9901251
0.9885739
0.9872611
0.9912261
0.9892943
0.9852431
0.987353
0.983532
0.9883946
0.987279
0.9891835
0.9818531
0.9940375
0.9894693
0.9866128
0.9866249
0.9868887
0.9855012
0.9880503
0.9893993
0.9844527
0.9861849
0.9905815
0.9914443
0.988197
0.992118
0.9842585
0.9881858
0.9841365
0.985
0.9885057
0.989309
0.9879304
0.9863312
0.9865772
0.
0.9898298
0.989893
0.9878121
0.9823198
0.9901468
0.9862323
0.9698335
0.9780838
0.9869482
0.9829109
0.9865628
0.9872672
0.9824197
0.9805232
0.9872454
0.9867198
0.9912607
0.9853269
0.9832152
0.9808523
0.9858367
0.9860193
0.9875731
0.9899291
0.9880734
0.9799927
0.9864596
0.985665
0.9787111
0.9822519
0.9871229
0.9862434
0.9892249
0.98627
0.9830952
0.9863581
0.984116
0.9812479
0.9781644
0.9841684
0.985392
0.9868354
0.9845626
0.9853056
0.981633
0.9842767
0.9868285
0.985419
0.9839402
0.9938704
0.9897167
0.9851596
0.9908867
0.9936039
0.9854207
0.9927739
0.9890661
0.9886888
0.9904934
0.9924377
0.9867326
0.9930896
0.9884084
0.9882951
0.9873556
0.987579
0.9904555
0.9670672
0.9904865
0.9908041
0.989693
0.9856439
0.9893617
0.985228
0.9873658
0.9897124
0.9874681
0.9906172
0.9875868
0.9900908
0.988882
0.987739
0.9904643
0.9851024
0.9899857
0.9947786
0.9865498
0.9888641
0.9870733
0.9881312
0.9904082
0.9886882
0.992098
0.9845238
0.9903884
0.9868136
0.9870385
0.9904128
0.9888672
0.9898298
0.
0.9925519
0.9845492
0.989669
0.985563
0.9812524
0.9916318
0.9893455
0.9872478
0.9905482
0.9847136
0.9890854
0.9856048
0.9894855
0.9883041
0.98911
0.9890923
0.9891683
0.9915581
0.9896603
0.9804833
0.9805917
0.9861994
0.9905695
0.9809314
0.989899
0.9854735
0.979529
0.9887854
0.9913696
0.9836613
0.9813544
0.9877332
0.9890225
0.9877734
0.9822719
0.9859709
0.9873822
0.9884306
0.9888674
0.9863102
0.9869303
0.9863925
0.9801779
0.9870348
0.9872503
0.9807664
0.9829313
0.9823546
0.9723084
0.9879141
0.9854926
0.9919308
0.9909707
0.986657
0.9909846
0.9912281
0.9896931
0.9866174
0.9895833
0.9818766
0.9913852
0.9898305
0.9872083
0.9851441
0.9849224
0.985847
0.9893946
0.988124
0.9908874
0.9863778
0.9878525
0.9781755
0.985891
0.9912766
0.9902086
0.9864107
0.9896274
0.9910676
0.9878305
0.9912518
0.9884162
0.9909645
0.9853157
0.9875364
0.9874093
0.9894932
0.9938725
0.9806305
0.9928963
0.9921504
0.9885335
0.9889536
0.9871641
0.9912612
0.9809428
0.9862577
0.9868683
0.9810531
0.989893
0.9925519
0.
0.981717
0.9932406
0.9829912
0.9847805
0.9880124
0.9874493
0.9870806
0.988294
0.9791051
0.9848804
0.9896285
0.9874238
0.9877652
0.9881995
0.9868668
0.9912818
0.9916388
0.9914147
0.982914
0.9857604
0.9832227
0.9879857
0.9863368
0.9881105
0.9852941
0.9854148
0.9882489
0.985474
0.9825592
0.986362
0.9797393
0.9813466
0.9817736
0.9827706
0.9861568
0.9908428
0.9889831
0.9885789
0.9848361
0.9869514
0.9871975
0.9904762
0.9845512
0.9885731
0.9816363
0.9795685
0.9809112
0.9875969
0.9873123
0.9827975
0.9895118
0.9895859
0.9817
0.9875353
0.9887949
0.991684
0.989081
0.993085
0.9797773
0.9887666
0.9883669
0.9789756
0.9810698
0.9821939
0.9802111
0.9799338
0.9895765
0.9905559
0.9813623
0.9796713
0.9839021
0.9777105
0.9896712
0.9862608
0.981128
0.9876206
0.9866892
0.9888013
0.9880091
0.9860067
0.9893816
0.9812461
0.9878775
0.9862637
0.9758264
0.9886225
0.9860041
0.9876842
0.9851821
0.9786892
0.990873
0.98123
0.9905568
0.9778929
0.987596
0.9807807
0.9737522
0.9878121
0.9845492
0.981717
0.
0.9902186
0.9839489
0.9800078
0.9854127
0.9805582
0.9794152
0.9843571
0.9791179
0.9854139
0.9842283
0.9806231
0.9851964
0.9892676
0.9790262
0.9878319
0.986309
0.9879429
0.9827009
0.9809182
0.9802162
0.9881019
0.9797496
0.9865699
0.9771532
0.9789129
0.9835186
0.9804071
0.9791187
0.9813018
0.9700335
0.968995
0.9785677
0.9827497
0.988189
0.9823699
0.9868665
0.9857212
0.9805132
0.9879154
0.9841541
0.9809256
0.9785692
0.9830339
0.9805696
0.9744833
0.9769444
0.9835092
0.9776135
0.9833907
0.9906332
0.9871078
0.9944108
0.9852194
0.9950991
0.9789088
0.9897482
0.9856765
0.9936264
0.9818101
0.9914698
0.9917678
0.9901541
0.9933874
0.9910352
0.9914439
0.9791173
0.8930469
0.9928986
0.983506
0.9937409
0.9854553
0.983975
0.9803799
0.9918767
0.9828193
0.9913277
0.8825118
0.9832721
0.9829253
0.9810348
0.9902637
0.9862543
0.9763252
0.9924121
0.9900339
0.9850389
0.9903047
0.9805037
0.9844794
0.9852941
0.9831538
0.9854227
0.9854256
0.9889834
0.9891829
0.9919355
0.9823198
0.989669
0.9932406
0.9902186
0.
0.9895991
0.9869194
0.9796887
0.9770137
0.9891304
0.9844278
0.9868596
0.9854667
0.9790197
0.9801832
0.9812594
0.9877574
0.9907104
0.9858208
0.9792851
0.9816345
0.9876138
0.9848176
0.9849246
0.9897736
0.9866835
0.9804098
0.9856612
0.9884772
0.9711942
0.980161
0.9906961
0.9884423
0.9880587
0.9879414
0.9880973
0.9874831
0.9830508
0.9790514
0.9823333
0.9862488
0.9861465
0.986585
0.9840589
0.9840074
0.9836512
0.9839617
0.9861657
0.9877693
0.9866794
0.9914384
0.99182
0.9875124
0.9906139
0.9934561
0.9887297
0.9921821
0.9889912
0.9904567
0.9901742
0.9881005
0.9844375
0.9887367
0.9858907
0.9820215
0.9892635
0.985782
0.9816454
0.9802731
0.991473
0.9868616
0.988299
0.983683
0.9837381
0.9849926
0.9873181
0.9835245
0.9867814
0.9923962
0.9902631
0.9860827
0.9933198
0.9849794
0.9903787
0.9823807
0.9886823
0.9921439
0.9830337
0.990012
0.9876371
0.9890808
0.9884895
0.9838455
0.9888388
0.9831174
0.9887401
0.9828192
0.9846333
0.9812719
0.980541
0.9901468
0.985563
0.9829912
0.9839489
0.9895991
0.
0.9834159
0.9869688
0.9845049
0.986634
0.9855399
0.9788421
0.9880819
0.9855823
0.9871628
0.9874953
0.9852804
0.987365
0.9891068
0.9850228
0.9858897
0.9835074
0.9806259
0.9839813
0.9845503
0.9846432
0.9851228
0.9807521
0.9784753
0.9835694
0.9880908
0.9840139
0.9813784
0.9796657
0.9821212
0.9837468
0.9817655
0.9847432
0.988018
0.9829801
0.9858997
0.9818997
0.9868967
0.9805885
0.9844496
0.9839321
0.9843662
0.983326
0.9792252
0.980274
0.9853227
0.9803068
0.9852678
0.9909944
0.9907677
0.985159
0.9898618
0.988312
0.9879299
0.9904018
0.9892165
0.9785379
0.9911894
0.9841025
0.9811321
0.9892658
0.9892681
0.982528
0.9762837
0.9869407
0.9894336
0.9825708
0.9743425
0.9815912
0.9673189
0.9879518
0.9877492
0.9855072
0.9861484
0.9866972
0.9885691
0.9910751
0.9851913
0.9870637
0.9832174
0.984375
0.9854349
0.9836529
0.9871821
0.9829762
0.9856602
0.987265
0.9852478
0.986062
0.9703895
0.9893307
0.9736065
0.9832522
0.9806792
0.9837083
0.9862323
0.9812524
0.9847805
0.9800078
0.9869194
0.9834159
0.
0.9869713
0.9852747
0.9829996
0.9847802
0.9821737
0.9890253
0.9852098
0.9839522
0.983324
0.9809167
0.9849514
0.9876386
0.9859515
0.98459
0.8649755
0.9760524
0.931289
0.9908626
0.9712665
0.981658
0.9421121
0.9812198
0.9816496
0.9831744
0.9817169
0.9728022
0.9812489
0.9803547
0.9821826
0.9772377
0.9833673
0.9807273
0.985015
0.9841117
0.9864477
0.9853845
0.9820028
0.9759391
0.9813098
0.9794821
0.9712933
0.9695381
0.9778968
0.9829115
0.9811555
0.9795837
0.9917987
0.9869281
0.9939717
0.9878496
0.9946761
0.9916629
0.9888988
0.9892896
0.9894552
0.9850319
0.9910695
0.9891892
0.9904133
0.9889078
0.9863365
0.9901919
0.9857325
0.9837416
0.9881619
0.9859273
0.9899917
0.987644
0.9842552
0.9688945
0.9946225
0.9864449
0.9928146
0.9826566
0.9878665
0.9821648
0.9821612
0.9874418
0.9846774
0.9851086
0.9928444
0.9908766
0.9889175
0.9919339
0.9820275
0.9900759
0.9853544
0.9850049
0.9841054
0.9864656
0.9927119
0.9886429
0.9880975
0.9698335
0.9916318
0.9880124
0.9854127
0.9796887
0.9869688
0.9869713
0.
0.9803848
0.989173
0.9810613
0.9844077
0.9851467
0.9806094
0.9815882
0.981713
0.9827298
0.9896458
0.9847716
0.9817817
0.9818913
0.9874773
0.9869317
0.9846181
0.9879716
0.9870968
0.980666
0.9846398
0.9847545
0.9829044
0.9794776
0.9860297
0.9841188
0.9811741
0.9846737
0.987625
0.9822094
0.9819073
0.9832003
0.9813799
0.9835411
0.9852264
0.9829385
0.9856598
0.9824992
0.9859982
0.9825818
0.9866493
0.9837206
0.985342
0.9908316
0.9889728
0.9857623
0.9927509
0.9884254
0.9942183
0.9825247
0.9926813
0.9839148
0.9898185
0.9868824
0.9896998
0.9808116
0.9897715
0.9861502
0.9882829
0.9887162
0.9872286
0.9854639
0.9779443
0.9770944
0.9866638
0.98468
0.9881176
0.9868228
0.9792229
0.9830368
0.9910936
0.9785168
0.9886855
0.9793667
0.9864592
0.9805328
0.9803198
0.9862376
0.9832762
0.9813549
0.9904554
0.9880905
0.9873393
0.9883744
0.9760795
0.9902913
0.9873565
0.9818678
0.9803883
0.9819733
0.9878823
0.9863277
0.9859831
0.9780838
0.9893455
0.9874493
0.9805582
0.9770137
0.9845049
0.9852747
0.9803848
0.
0.9863602
0.9778445
0.9842445
0.9876132
0.9793282
0.9763015
0.9813676
0.9850194
0.9859873
0.9866329
0.9827398
0.9800622
0.986582
0.9862107
0.9855512
0.9874408
0.9854865
0.9777778
0.9853822
0.9863958
0.974863
0.9825473
0.9857044
0.9792208
0.9838105
0.9810214
0.9854138
0.9836149
0.9791808
0.9764293
0.9797174
0.9811291
0.9873378
0.9858179
0.9825821
0.9862553
0.9835744
0.9778749
0.9829843
0.977349
0.9831568
0.9897764
0.9865169
0.9873892
0.9925761
0.9874759
0.9846226
0.9918145
0.9875417
0.9923767
0.9922874
0.9904327
0.981028
0.9930405
0.9908874
0.985739
0.9855011
0.9833369
0.9846645
0.98354
0.98922
0.9920734
0.9836348
0.9834312
0.9853954
0.9821728
0.9924258
0.9899508
0.985236
0.9908332
0.988083
0.987457
0.9903537
0.9830647
0.9947549
0.9815303
0.9908165
0.9887087
0.9809657
0.9907115
0.9903524
0.9893889
0.989011
0.9861814
0.9863946
0.9824937
0.9898214
0.9833816
0.9877089
0.9810628
0.97837
0.9869482
0.9872478
0.9870806
0.9794152
0.9891304
0.986634
0.9829996
0.989173
0.9863602
0.
0.9837868
0.9770992
0.990243
0.9868301
0.9872835
0.987426
0.9867281
0.9830539
0.9904779
0.9897316
0.9893232
0.9821818
0.984556
0.9853937
0.9881968
0.9880443
0.9870567
0.9816449
0.9786705
0.9848655
0.9842709
0.9813472
0.9818934
0.9796685
0.9824531
0.9850923
0.9824384
0.9855559
0.9854401
0.9868117
0.9871408
0.9836612
0.98867
0.9852382
0.9817708
0.9803744
0.9860374
0.9830065
0.9759474
0.9820725
0.9863481
0.9834322
0.9811993
0.9884865
0.9831447
0.9893789
0.9858802
0.9927265
0.9885701
0.9898812
0.9882812
0.9855643
0.9827133
0.9885207
0.9840483
0.9894225
0.9883549
0.986661
0.987916
0.9808958
0.9842965
0.9880419
0.9845576
0.9879768
0.9860562
0.9829148
0.980198
0.9896886
0.9803158
0.9891638
0.9788618
0.9832661
0.9802283
0.985807
0.984271
0.9858085
0.9789387
0.9889087
0.9901497
0.9890002
0.9836582
0.9829796
0.9887814
0.9866409
0.9817688
0.985588
0.9808917
0.9875598
0.9883387
0.9843122
0.9829109
0.9905482
0.988294
0.9843571
0.9844278
0.9855399
0.9847802
0.9810613
0.9778445
0.9837868
0.
0.980864
0.9835642
0.9820513
0.9834071
0.9822189
0.9852833
0.9867921
0.9821267
0.9853949
0.9822012
0.9848184
0.9791859
0.9854429
0.9832697
0.9859205
0.9753307
0.9875831
0.9801875
0.9757655
0.9815089
0.9861206
0.9850925
0.9885193
0.9825103
0.9834235
0.983692
0.9818518
0.9836418
0.9752327
0.9816996
0.9817778
0.9813685
0.9779917
0.982756
0.9831857
0.977244
0.9848178
0.9838062
0.9837706
0.9879084
0.990081
0.9838741
0.9903828
0.9924372
0.9785408
0.9902733
0.9820373
0.9887898
0.9914817
0.9916133
0.9768122
0.989128
0.9905161
0.9841689
0.9801872
0.9808571
0.9795608
0.9830545
0.9890487
0.9889503
0.9718964
0.97641
0.9810638
0.9790643
0.9872572
0.9872651
0.9822109
0.9888106
0.9851464
0.9889276
0.9893834
0.9882547
0.9907484
0.9783013
0.9914963
0.9836615
0.9790181
0.9869163
0.9847328
0.9857943
0.9859671
0.984375
0.9885894
0.9763795
0.9873072
0.9783337
0.9789784
0.9825832
0.9780564
0.9865628
0.9847136
0.9791051
0.9791179
0.9868596
0.9788421
0.9821737
0.9844077
0.9842445
0.9770992
0.980864
0.
0.9851838
0.9918834
0.9836895
0.9842046
0.9848371
0.9788615
0.9881387
0.9903302
0.9871347
0.9785503
0.9814953
0.9787466
0.9827937
0.9773433
0.9830478
0.9828571
0.9805895
0.9825328
0.9869036
0.9780663
0.9759354
0.975152
0.9777739
0.983508
0.9804728
0.9829526
0.9811638
0.9835956
0.9812601
0.9819965
0.977998
0.9828783
0.9823502
0.9798412
0.9846023
0.9780204
0.9748268
0.9748584
0.9834854
0.9774436
0.9759839
0.993016
0.9847292
0.9919982
0.988498
0.9910107
0.9897755
0.9954378
0.988144
0.9909248
0.9887665
0.9888172
0.991284
0.9901302
0.9873684
0.991206
0.9886364
0.9880653
0.9871396
0.989623
0.9878074
0.9886808
0.9880314
0.9888166
0.9828291
0.9880977
0.986637
0.9912832
0.984535
0.9866214
0.9834444
0.9901705
0.9876173
0.9846888
0.9892364
0.9855845
0.9947379
0.9904483
0.987327
0.9879208
0.988267
0.9896393
0.9869582
0.9891511
0.9885758
0.9874429
0.9864839
0.98883
0.9872672
0.9890854
0.9848804
0.9854139
0.9854667
0.9880819
0.9890253
0.9851467
0.9876132
0.990243
0.9835642
0.9851838
0.
0.9825264
0.9853641
0.9834468
0.9870367
0.9905001
0.9860515
0.9881995
0.9872417
0.9874529
0.9900344
0.9851669
0.9884871
0.9851011
0.985747
0.9895851
0.9883072
0.9863216
0.9888666
0.9922074
0.9832679
0.9810523
0.9857191
0.9887866
0.9846282
0.9873649
0.9863934
0.9835985
0.9838837
0.9863444
0.9900797
0.9893201
0.9859198
0.9831142
0.9869788
0.9863467
0.9868096
0.981509
0.9907544
0.987089
0.9897007
0.9886675
0.985879
0.9941402
0.9811448
0.996119
0.9820717
0.9902871
0.9876333
0.9890862
0.9852122
0.9900191
0.9890457
0.985607
0.9877211
0.9923475
0.988343
0.9829344
0.980801
0.9901632
0.9823263
0.9850868
0.9860941
0.9879203
0.9801298
0.9915031
0.9845444
0.992993
0.9786128
0.9841553
0.982607
0.9807692
0.986548
0.9772052
0.9793061
0.9941872
0.9871745
0.9866383
0.9868726
0.9848664
0.9854906
0.9841512
0.9826501
0.9846707
0.9854415
0.9858517
0.9854744
0.9859023
0.9824197
0.9856048
0.9896285
0.9842283
0.9790197
0.9855823
0.9852098
0.9806094
0.9793282
0.9868301
0.9820513
0.9918834
0.9825264
0.
0.980335
0.9839796
0.9840406
0.9916652
0.9845663
0.9839943
0.982475
0.9850507
0.978028
0.9838851
0.9866119
0.9843503
0.9803715
0.984618
0.9849063
0.9784173
0.9775178
0.9864933
0.9818706
0.9846282
0.9849941
0.9838306
0.9856056
0.9854714
0.9793814
0.9800946
0.9837016
0.9858278
0.9900032
0.9836435
0.980984
0.9817399
0.9783664
0.9822426
0.9823263
0.9787691
0.984953
0.9904516
0.9888354
0.9893206
0.9866952
0.9917864
0.9880684
0.9938918
0.9839393
0.9884305
0.9868619
0.9885455
0.9811034
0.9925166
0.9867888
0.9884551
0.9863302
0.9914351
0.9886602
0.9857592
0.9759314
0.989645
0.9859504
0.9907768
0.9836608
0.9822304
0.9843145
0.9908088
0.9802765
0.9910967
0.9790407
0.9827966
0.9812197
0.9836792
0.9902584
0.9829026
0.9828676
0.9856129
0.9904278
0.9855327
0.9865628
0.9782522
0.9879009
0.9853846
0.984261
0.9831836
0.9885975
0.9847677
0.9855458
0.9854001
0.9805232
0.9894855
0.9874238
0.9806231
0.9801832
0.9871628
0.9839522
0.9815882
0.9763015
0.9872835
0.9834071
0.9836895
0.9853641
0.980335
0.
0.9763357
0.9820513
0.9910587
0.9867999
0.9809455
0.9801301
0.9831087
0.9860178
0.9855507
0.9852279
0.9845881
0.9811188
0.9841463
0.985854
0.9757644
0.9769585
0.9834527
0.9869226
0.9824591
0.9855712
0.9830281
0.9883663
0.9824883
0.9800725
0.9799507
0.9826252
0.9865246
0.984324
0.9818429
0.9831742
0.9837459
0.9758042
0.9816897
0.9808144
0.9819456
0.9856691
0.9867069
0.983808
0.9909611
0.9880839
0.9915196
0.9866425
0.9907713
0.9861422
0.9919179
0.9865888
0.9878393
0.9867708
0.9894488
0.9834728
0.989899
0.990326
0.9890687
0.9813124
0.9837792
0.9828881
0.9837815
0.9848422
0.9867796
0.9859126
0.9827869
0.9811282
0.9882837
0.9426455
0.9890088
0.9849155
0.9857858
0.9782476
0.9825876
0.9873924
0.9852678
0.9817586
0.9871618
0.9909857
0.9852797
0.984528
0.9820431
0.9859019
0.985331
0.9832241
0.9864271
0.9854601
0.9847124
0.9880046
0.9874668
0.9872454
0.9883041
0.9877652
0.9851964
0.9812594
0.9874953
0.983324
0.981713
0.9813676
0.987426
0.9822189
0.9842046
0.9834468
0.9839796
0.9763357
0.
0.9849734
0.9892145
0.9816514
0.9812477
0.9813541
0.9817657
0.9837473
0.9844248
0.9851772
0.9872363
0.9832155
0.9810659
0.9840267
0.9840416
0.9830851
0.9858289
0.9832421
0.9786005
0.9764605
0.9843434
0.9823914
0.9803856
0.982028
0.9830731
0.984664
0.9853682
0.9844415
0.9816361
0.9852852
0.9815675
0.9803155
0.982669
0.9790685
0.9810734
0.9879671
0.9860409
0.9853372
0.9926619
0.9845312
0.9911
0.9867057
0.9930162
0.9900266
0.9879939
0.9881746
0.9867994
0.9764449
0.9925198
0.988518
0.9899434
0.9901571
0.9880578
0.9907834
0.9832109
0.9890541
0.9883672
0.9853275
0.9887087
0.9830368
0.990482
0.9805845
0.9904003
0.9878959
0.9886456
0.9890285
0.9785141
0.9840982
0.9847082
0.9858283
0.9806811
0.9791283
0.9878121
0.9886541
0.9869243
0.9883405
0.9831282
0.9861538
0.9865591
0.9821188
0.9872527
0.9839695
0.984
0.9876684
0.9859822
0.9867198
0.98911
0.9881995
0.9892676
0.9877574
0.9852804
0.9809167
0.9827298
0.9850194
0.9867281
0.9852833
0.9848371
0.9870367
0.9840406
0.9820513
0.9849734
0.
0.9901592
0.9851759
0.9831451
0.98545
0.9856657
0.9862069
0.9805275
0.9857811
0.9826118
0.9795053
0.9807793
0.9833742
0.9850416
0.9825912
0.9870858
0.9850315
0.9862254
0.9841971
0.9854198
0.9841508
0.983511
0.9810855
0.9851259
0.9818268
0.9855754
0.982502
0.9813862
0.9836413
0.981321
0.9795208
0.979636
0.9754474
0.9815389
0.9873817
0.9895603
0.9840125
0.9920448
0.9921242
0.9823808
0.9927441
0.9894601
0.9937121
0.9929592
0.988598
0.9870351
0.9894225
0.988404
0.9899854
0.9838409
0.9813123
0.987013
0.9834094
0.9903728
0.9908796
0.9800922
0.9876343
0.9866505
0.9858012
0.9916451
0.9910483
0.9856739
0.9930912
0.9916501
0.9907933
0.9902363
0.9865692
0.9911504
0.9806592
0.9881346
0.9902468
0.9854595
0.9932937
0.9871352
0.9914204
0.9901086
0.9879063
0.9890649
0.9864305
0.9910431
0.9828851
0.9813875
0.9813945
0.9852557
0.9912607
0.9890923
0.9868668
0.9790262
0.9907104
0.987365
0.9849514
0.9896458
0.9859873
0.9830539
0.9867921
0.9788615
0.9905001
0.9916652
0.9910587
0.9892145
0.9901592
0.
0.9855735
0.990882
0.99191
0.9839052
0.9867763
0.9838261
0.9885037
0.9826893
0.9873855
0.9861206
0.9829134
0.988214
0.9837721
0.9812942
0.9795953
0.9805065
0.9840791
0.9854545
0.979332
0.9887218
0.9875847
0.9884263
0.9860183
0.983876
0.9899087
0.987069
0.9858188
0.9829035
0.9854854
0.9833618
0.9783917
0.9835063
0.9852941
0.9843192
0.9836852
0.9935449
0.9908025
0.9931294
0.9877274
0.9934113
0.9887616
0.9917355
0.9872037
0.9922383
0.9839629
0.9901858
0.9881792
0.9879197
0.9885434
0.9898001
0.9910131
0.983838
0.9862599
0.9888683
0.9871176
0.989996
0.9848882
0.9846918
0.981463
0.9914377
0.9855902
0.9903181
0.9847418
0.9879541
0.9838805
0.9882537
0.9906887
0.9854792
0.9859127
0.9880975
0.9900763
0.9901159
0.9859155
0.9843145
0.9885618
0.9872468
0.9865269
0.9856557
0.9875442
0.9896296
0.9911275
0.9876109
0.9853269
0.9891683
0.9912818
0.9878319
0.9858208
0.9891068
0.9876386
0.9847716
0.9866329
0.9904779
0.9821267
0.9881387
0.9860515
0.9845663
0.9867999
0.9816514
0.9851759
0.9855735
0.
0.9843969
0.9880744
0.9850825
0.9884813
0.9876054
0.9869787
0.9868512
0.9795848
0.9884491
0.987884
0.9835354
0.9829719
0.9868421
0.9858428
0.9865021
0.985025
0.9870428
0.984633
0.9808448
0.9827697
0.982645
0.9829589
0.987404
0.9821916
0.9812695
0.9868011
0.9825513
0.9826503
0.985317
0.9834823
0.9845299
0.9930655
0.9888191
0.9901534
0.9908125
0.9900807
0.9924411
0.985022
0.9959626
0.9852174
0.9904296
0.9869611
0.9928556
0.9832804
0.9916405
0.9894125
0.9883077
0.9899672
0.9895706
0.9893377
0.9781443
0.9825203
0.9892606
0.9850414
0.9885542
0.9897508
0.9826313
0.9806078
0.9920223
0.9774676
0.9906968
0.9833137
0.9873368
0.983445
0.9816351
0.9890966
0.983871
0.9846705
0.9900154
0.9887016
0.9899028
0.9893556
0.9791301
0.9892978
0.9851224
0.9845952
0.9865722
0.9854396
0.9888579
0.9867932
0.9888971
0.9832152
0.9915581
0.9916388
0.986309
0.9792851
0.9850228
0.9859515
0.9817817
0.9827398
0.9897316
0.9853949
0.9903302
0.9881995
0.9839943
0.9809455
0.9812477
0.9831451
0.990882
0.9843969
0.
0.9785385
0.9861233
0.9868398
0.9851314
0.9858807
0.986299
0.9814879
0.9834103
0.9826431
0.9764513
0.9853073
0.9844456
0.9846308
0.9879796
0.9822831
0.9853522
0.9860998
0.9821458
0.9744674
0.9806452
0.9807154
0.9855095
0.9839564
0.983207
0.9870805
0.9817754
0.9809511
0.988726
0.9826299
0.9815405
0.9918133
0.9889937
0.9868646
0.9913216
0.9876801
0.992177
0.9838209
0.9907706
0.9811362
0.9905983
0.9841068
0.9881205
0.9831986
0.9907524
0.9904147
0.9888774
0.989296
0.9859794
0.990535
0.9847705
0.9801474
0.993595
0.9862069
0.9874798
0.9888866
0.9817342
0.9833767
0.9905698
0.9838774
0.9866241
0.981229
0.988072
0.9859795
0.982157
0.9906268
0.9859758
0.985006
0.9895813
0.9892349
0.991595
0.9893089
0.9778344
0.9913436
0.987165
0.9849114
0.9853741
0.9872754
0.9895639
0.9914466
0.9873441
0.9808523
0.9896603
0.9914147
0.9879429
0.9816345
0.9858897
0.98459
0.9818913
0.9800622
0.9893232
0.9822012
0.9871347
0.9872417
0.982475
0.9801301
0.9813541
0.98545
0.99191
0.9880744
0.9785385
0.
0.9862458
0.9826071
0.9848958
0.9911863
0.9839442
0.9824744
0.9843911
0.979228
0.9808359
0.9791855
0.9859179
0.9847418
0.9820449
0.9834087
0.9863014
0.987543
0.9790567
0.979038
0.9823853
0.9830271
0.9846725
0.9843876
0.9802602
0.9858272
0.9848574
0.9792068
0.9859654
0.982437
0.980941
0.9909446
0.9895422
0.9833078
0.9929768
0.9919225
0.9840485
0.9898946
0.9890652
0.9878314
0.9908394
0.9899138
0.9819072
0.9926455
0.9858888
0.9809104
0.9868259
0.9839009
0.9828795
0.9803068
0.9864754
0.9894822
0.9839817
0.9716807
0.9813576
0.9632155
0.9850329
0.986053
0.9828594
0.9861331
0.9858509
0.9904297
0.9890881
0.9860154
0.9866115
0.9793185
0.9871919
0.99048
0.9853112
0.9859561
0.9807396
0.9848891
0.9860248
0.9835414
0.9843278
0.9700267
0.989756
0.9796878
0.9808738
0.9841181
0.9818929
0.9858367
0.9804833
0.982914
0.9827009
0.9876138
0.9835074
0.8649755
0.9874773
0.986582
0.9821818
0.9848184
0.9785503
0.9874529
0.9850507
0.9831087
0.9817657
0.9856657
0.9839052
0.9850825
0.9861233
0.9862458
0.
0.9745763
0.9091586
0.9865724
0.9703547
0.982866
0.9081877
0.9836629
0.9838417
0.9803391
0.9811765
0.9729181
0.9786951
0.9812301
0.9839881
0.972955
0.9811135
0.9822179
0.9824222
0.9805266
0.9823447
0.9871856
0.9840892
0.9782478
0.9803979
0.9798049
0.9733524
0.9688748
0.9777096
0.981351
0.9807425
0.9784615
0.9908542
0.9882159
0.9858609
0.9872369
0.989547
0.9889698
0.9878419
0.9884566
0.9769665
0.9862513
0.9906303
0.9812567
0.985134
0.9902104
0.982184
0.9743807
0.9871075
0.9849422
0.9813599
0.9782654
0.9764365
0.9804002
0.989514
0.9852257
0.9840523
0.9879591
0.9866613
0.9876789
0.9877252
0.983163
0.9888357
0.980028
0.9838009
0.9844066
0.984896
0.986937
0.9788608
0.99113
0.9740984
0.9827189
0.9897143
0.9693917
0.9915158
0.9705599
0.9807948
0.9840849
0.9835601
0.9860193
0.9805917
0.9857604
0.9809182
0.9848176
0.9806259
0.9760524
0.9869317
0.9862107
0.984556
0.9791859
0.9814953
0.9900344
0.978028
0.9860178
0.9837473
0.9862069
0.9867763
0.9884813
0.9868398
0.9826071
0.9745763
0.
0.9793578
0.9832974
0.965703
0.9821053
0.9679408
0.9730729
0.9739874
0.9729332
0.9828406
0.9709821
0.977219
0.9768234
0.9831075
0.9803235
0.9769654
0.9838288
0.9827052
0.9815806
0.9771689
0.9835692
0.9831452
0.9793939
0.9769771
0.9812916
0.9743998
0.9728381
0.9727753
0.980198
0.9831156
0.9811284
0.9920283
0.9909625
0.9868421
0.9894556
0.9875894
0.98959
0.9899728
0.9899094
0.9814274
0.9900908
0.9884702
0.9877451
0.9870864
0.9840146
0.9832188
0.98359
0.9881645
0.9846522
0.9869866
0.9773819
0.9809107
0.9712389
0.9876977
0.9847328
0.9847976
0.9862002
0.9900701
0.9884771
0.992183
0.9825446
0.9870606
0.9799073
0.9827817
0.9843383
0.9855842
0.9921156
0.9824429
0.9880172
0.9885975
0.9836522
0.9887371
0.9784266
0.9923358
0.979867
0.9791513
0.9808507
0.9851947
0.9875731
0.9861994
0.9832227
0.9802162
0.9849246
0.9839813
0.931289
0.9846181
0.9855512
0.9853937
0.9854429
0.9787466
0.9851669
0.9838851
0.9855507
0.9844248
0.9805275
0.9838261
0.9876054
0.9851314
0.9848958
0.9091586
0.9793578
0.
0.9894336
0.9742393
0.9841891
0.9127614
0.9797928
0.9832173
0.9830239
0.9829949
0.9782933
0.9785351
0.9822046
0.9804337
0.9762292
0.9817418
0.9836274
0.9860759
0.9826926
0.9832292
0.9843404
0.9828269
0.9818744
0.979936
0.9822805
0.9786277
0.9697093
0.9786702
0.9798576
0.976726
0.9805917
0.987816
0.9874067
0.9937332
0.9884956
0.9933448
0.9870982
0.9897062
0.989645
0.9850651
0.9868253
0.9915772
0.9889098
0.9896822
0.9901011
0.9915707
0.9888407
0.9909762
0.9883981
0.9898108
0.9863766
0.9903089
0.9896761
0.9896166
0.9837415
0.9895288
0.9926805
0.9888157
0.9881959
0.9894283
0.9847374
0.9913335
0.9900098
0.9851475
0.9906319
0.9909214
0.9874517
0.9880861
0.9873442
0.9871395
0.989607
0.9920919
0.9833365
0.9919701
0.9889513
0.9880262
0.9868938
0.9823772
0.9899291
0.9905695
0.9879857
0.9881019
0.9897736
0.9845503
0.9908626
0.9879716
0.9874408
0.9881968
0.9832697
0.9827937
0.9884871
0.9866119
0.9852279
0.9851772
0.9857811
0.9885037
0.9869787
0.9858807
0.9911863
0.9865724
0.9832974
0.9894336
0.
0.9853275
0.9822578
0.9833075
0.9855172
0.9819079
0.9837457
0.9855462
0.981113
0.986733
0.986776
0.9881129
0.9833416
0.9847165
0.980322
0.9815235
0.9874165
0.9882517
0.9836992
0.9835723
0.9851929
0.9846788
0.9846323
0.9863714
0.9821282
0.9817236
0.9890428
0.9921073
0.9865798
0.9869456
0.9899932
0.9797957
0.9911447
0.9873096
0.9901814
0.9905561
0.9890201
0.9845253
0.985619
0.986943
0.9814088
0.9818589
0.9818626
0.9787755
0.9830923
0.9895309
0.9886273
0.9858838
0.9672964
0.982848
0.9772956
0.9894221
0.985057
0.9831081
0.9847448
0.9884382
0.9890068
0.9898233
0.9848338
0.988176
0.9817865
0.9881453
0.9864547
0.9818286
0.9873034
0.9827455
0.9902402
0.9850546
0.9816754
0.982646
0.9683019
0.9893363
0.9803412
0.9790547
0.9781157
0.9815736
0.9880734
0.9809314
0.9863368
0.9797496
0.9866835
0.9846432
0.9712665
0.9870968
0.9854865
0.9880443
0.9859205
0.9773433
0.9851011
0.9843503
0.9845881
0.9872363
0.9826118
0.9826893
0.9868512
0.986299
0.9839442
0.9703547
0.965703
0.9742393
0.9853275
0.
0.9849881
0.9743896
0.9765652
0.9856887
0.9824063
0.9781812
0.9729052
0.9784469
0.9843157
0.9776756
0.9761321
0.9816677
0.9856665
0.9873076
0.9846555
0.980356
0.9854061
0.9835124
0.9723839
0.9782227
0.9802828
0.9763857
0.9726865
0.9799472
0.9770351
0.9770138
0.9793404
0.9906261
0.9825238
0.9904202
0.9818535
0.9905956
0.9851159
0.9906387
0.9880757
0.9855012
0.9802659
0.9893399
0.9838578
0.9885542
0.9842742
0.9903962
0.9877338
0.9784013
0.9826831
0.9851807
0.9833399
0.9869976
0.9851691
0.9847745
0.9800078
0.988233
0.982896
0.989122
0.9805132
0.9854601
0.9680392
0.9853452
0.9842761
0.9801147
0.9788111
0.9886899
0.9860693
0.9855535
0.9863526
0.9813013
0.9882006
0.9857855
0.9815157
0.9840426
0.9884974
0.9894392
0.9877849
0.9845004
0.9799927
0.989899
0.9881105
0.9865699
0.9804098
0.9851228
0.981658
0.980666
0.9777778
0.9870567
0.9753307
0.9830478
0.985747
0.9803715
0.9811188
0.9832155
0.9795053
0.9873855
0.9795848
0.9814879
0.9824744
0.982866
0.9821053
0.9841891
0.9822578
0.9849881
0.
0.9852374
0.982779
0.9768941
0.9751244
0.9827075
0.9837278
0.9820876
0.981585
0.9854369
0.9817506
0.9835934
0.9753876
0.9208935
0.9782108
0.9845079
0.9819734
0.9827207
0.982518
0.9817576
0.9779073
0.9799664
0.9809651
0.9819277
0.9891501
0.9884371
0.9871221
0.9877064
0.9893143
0.9870522
0.9881205
0.9904978
0.9880578
0.9892938
0.989856
0.975181
0.9892123
0.9880276
0.981369
0.9902874
0.9872789
0.9773547
0.9834265
0.9885375
0.9892431
0.9843311
0.9762986
0.9819855
0.9738976
0.9839614
0.9880746
0.9854114
0.9848398
0.9896293
0.9886385
0.9884884
0.9862805
0.9849237
0.9809669
0.9858916
0.9859318
0.98293
0.9903543
0.983631
0.9876201
0.9889451
0.9835014
0.9844493
0.9755245
0.9908025
0.9818083
0.9785025
0.9842448
0.9811662
0.9864596
0.9854735
0.9852941
0.9771532
0.9856612
0.9807521
0.9421121
0.9846398
0.9853822
0.9816449
0.9875831
0.9828571
0.9895851
0.984618
0.9841463
0.9810659
0.9807793
0.9861206
0.9884491
0.9834103
0.9843911
0.9081877
0.9679408
0.9127614
0.9833075
0.9743896
0.9852374
0.
0.9822624
0.984331
0.980574
0.9843597
0.9777195
0.9812661
0.9805936
0.9790221
0.9832188
0.9770576
0.9820585
0.9814582
0.9831945
0.9809581
0.9861068
0.9784131
0.9796902
0.9801496
0.9798604
0.9774247
0.9663968
0.9811345
0.9821964
0.9798116
0.9797209
0.9933357
0.9888043
0.979235
0.9899979
0.9881398
0.9911839
0.9892406
0.984423
0.9797227
0.9901921
0.9869361
0.9843782
0.9790576
0.9800885
0.9780684
0.9782214
0.988081
0.9895895
0.9793103
0.9745577
0.9788871
0.9814632
0.9856589
0.9891913
0.9823599
0.9902205
0.9848808
0.9883942
0.991495
0.9827123
0.9854378
0.9787316
0.9850605
0.9882171
0.9817016
0.9836834
0.9852639
0.9832246
0.9850746
0.9819288
0.9862436
0.9721862
0.9859873
0.9778063
0.9800877
0.9793494
0.9799709
0.985665
0.979529
0.9854148
0.9789129
0.9884772
0.9784753
0.9812198
0.9847545
0.9863958
0.9786705
0.9801875
0.9805895
0.9883072
0.9849063
0.985854
0.9840267
0.9833742
0.9829134
0.987884
0.9826431
0.979228
0.9836629
0.9730729
0.9797928
0.9855172
0.9765652
0.982779
0.9822624
0.
0.981383
0.9812083
0.9760923
0.9762846
0.9763805
0.9791803
0.9800971
0.975097
0.9840051
0.982794
0.9828319
0.9822053
0.9782543
0.9791765
0.9787857
0.9772193
0.975942
0.9849906
0.9763471
0.9757177
0.9765338
0.9810865
0.9803089
0.9736842
0.9897617
0.9855177
0.9919019
0.9844215
0.9902352
0.9781669
0.9936166
0.9840228
0.9850549
0.9810698
0.9908854
0.987268
0.988733
0.9867973
0.9857416
0.9835365
0.9790732
0.97322
0.9829741
0.982574
0.9851805
0.9855739
0.9815811
0.9813819
0.9875493
0.984833
0.987248
0.9735385
0.9858672
0.9809816
0.9828501
0.9895267
0.9816643
0.9763043
0.9908712
0.9875074
0.980513
0.9863986
0.9658626
0.985191
0.9798474
0.9753135
0.9818006
0.9756573
0.9857583
0.9877112
0.9821016
0.9787111
0.9887854
0.9882489
0.9835186
0.9711942
0.9835694
0.9816496
0.9829044
0.974863
0.9848655
0.9757655
0.9825328
0.9863216
0.9784173
0.9757644
0.9840416
0.9850416
0.988214
0.9835354
0.9764513
0.9808359
0.9838417
0.9739874
0.9832173
0.9819079
0.9856887
0.9768941
0.984331
0.981383
0.
0.9337478
0.9860729
0.9836433
0.9772182
0.982275
0.9859489
0.9803689
0.9778267
0.9749206
0.9754918
0.9816411
0.9807478
0.9811383
0.9810484
0.9772238
0.9805254
0.9751588
0.9794461
0.9783731
0.9766489
0.9885033
0.9846751
0.9862123
0.9881897
0.9789019
0.9894665
0.9839294
0.9914605
0.9814151
0.9864214
0.9817945
0.9796988
0.9819644
0.9894782
0.9833012
0.9888655
0.9880177
0.9912134
0.9894958
0.9806112
0.9799624
0.9874894
0.9840415
0.9857703
0.9817427
0.9855279
0.9784615
0.9889367
0.9841817
0.9869813
0.9792213
0.9852148
0.9820202
0.9826333
0.984181
0.9834892
0.9807653
0.9895833
0.985456
0.9819289
0.9847656
0.9639457
0.9831949
0.9836066
0.9789453
0.9800422
0.9782818
0.9862962
0.9853361
0.9815168
0.9822519
0.9913696
0.985474
0.9804071
0.980161
0.9880908
0.9831744
0.9794776
0.9825473
0.9842709
0.9815089
0.9869036
0.9888666
0.9775178
0.9769585
0.9830851
0.9825912
0.9837721
0.9829719
0.9853073
0.9791855
0.9803391
0.9729332
0.9830239
0.9837457
0.9824063
0.9751244
0.980574
0.9812083
0.9337478
0.
0.9855147
0.9799726
0.9788207
0.9820972
0.9838655
0.9832804
0.9819609
0.9766788
0.9763948
0.9809976
0.9825224
0.9844746
0.9810549
0.9783537
0.9757822
0.9780726
0.9769498
0.9823448
0.9723697
0.9860789
0.9854634
0.9827957
0.9935087
0.9909209
0.9882501
0.9892695
0.9885034
0.991046
0.9895687
0.990512
0.9823824
0.9886837
0.9881306
0.9769933
0.9866097
0.9846423
0.984469
0.9824527
0.9911538
0.9885409
0.9837287
0.9808098
0.9832029
0.9812225
0.9902512
0.9881712
0.9834506
0.9914371
0.990635
0.9890943
0.9882006
0.9884887
0.98717
0.9833086
0.9904884
0.9883634
0.9822116
0.9858001
0.9840116
0.9910023
0.9867938
0.9844253
0.9855305
0.9806694
0.9892283
0.9756665
0.9817116
0.9828014
0.9812323
0.9871229
0.9836613
0.9825592
0.9791187
0.9906961
0.9840139
0.9817169
0.9860297
0.9857044
0.9813472
0.9861206
0.9780663
0.9922074
0.9864933
0.9834527
0.9858289
0.9870858
0.9812942
0.9868421
0.9844456
0.9859179
0.9811765
0.9828406
0.9829949
0.9855462
0.9781812
0.9827075
0.9843597
0.9760923
0.9860729
0.9855147
0.
0.9778491
0.9801933
0.9780519
0.9831443
0.9800409
0.9839088
0.9831972
0.9838586
0.983665
0.9832791
0.985758
0.985202
0.9803556
0.9809403
0.9840894
0.9799153
0.9736391
0.9769923
0.9860031
0.9812523
0.9298246
0.9904142
0.9887495
0.9884768
0.9880314
0.9833974
0.9863182
0.9930112
0.9891261
0.9805689
0.9836588
0.9837269
0.9834646
0.983275
0.9767123
0.9831068
0.9820768
0.9886386
0.9881679
0.9869217
0.952728
0.9787438
0.9790947
0.9872276
0.980344
0.9844343
0.9880597
0.9859023
0.989666
0.9885862
0.9866221
0.9892493
0.975546
0.9840015
0.9868569
0.9807375
0.9865528
0.9836601
0.9840724
0.9849486
0.9855305
0.9871726
0.9502854
0.9887046
0.9760586
0.9751874
0.9795665
0.9821523
0.9862434
0.9813544
0.986362
0.9813018
0.9884423
0.9813784
0.9728022
0.9841188
0.9792208
0.9818934
0.9850925
0.9759354
0.9832679
0.9818706
0.9869226
0.9832421
0.9850315
0.9795953
0.9858428
0.9846308
0.9847418
0.9729181
0.9709821
0.9782933
0.981113
0.9729052
0.9837278
0.9777195
0.9762846
0.9836433
0.9799726
0.9778491
0.
0.9742038
0.9759423
0.9797884
0.9737757
0.9783427
0.9816443
0.9830925
0.978679
0.9828428
0.9834381
0.9761905
0.9764131
0.9772052
0.9812912
0.9744716
0.9663085
0.9742434
0.9832555
0.9835575
0.9791023
0.9896698
0.9889126
0.98
0.9890199
0.9866587
0.988746
0.9873192
0.9892704
0.9782049
0.9880556
0.9859293
0.9852599
0.9815385
0.9836915
0.9862412
0.9768026
0.9827916
0.9875566
0.983765
0.9758463
0.985156
0.9787839
0.9860724
0.9819232
0.9821529
0.9846552
0.9896431
0.988319
0.9922087
0.9804284
0.9873441
0.9760413
0.9843835
0.9857063
0.9804206
0.991424
0.9803851
0.9871635
0.9773475
0.9763092
0.9898156
0.9723905
0.9865408
0.9768878
0.9855047
0.9785551
0.9789769
0.9892249
0.9877332
0.9797393
0.9700335
0.9880587
0.9796657
0.9812489
0.9811741
0.9838105
0.9796685
0.9885193
0.975152
0.9810523
0.9846282
0.9824591
0.9786005
0.9862254
0.9805065
0.9865021
0.9879796
0.9820449
0.9786951
0.977219
0.9785351
0.986733
0.9784469
0.9820876
0.9812661
0.9763805
0.9772182
0.9788207
0.9801933
0.9742038
0.
0.906827
0.9764853
0.9753356
0.9831504
0.9785605
0.9789184
0.9803979
0.9759658
0.9825281
0.9807638
0.9766415
0.974258
0.9818562
0.9795642
0.9716117
0.9701282
0.9838648
0.9833887
0.9789908
0.9892234
0.986808
0.9834034
0.9872244
0.9875252
0.9877925
0.9885932
0.9897476
0.9793876
0.986315
0.9885692
0.9831008
0.9833107
0.9872439
0.9878496
0.98409
0.9907958
0.9872284
0.9829879
0.9808722
0.9848024
0.9812834
0.9899047
0.9828786
0.9842743
0.9865747
0.9914179
0.9868883
0.9876793
0.9802202
0.989645
0.9812894
0.9879342
0.9844102
0.9760898
0.9887803
0.9851637
0.9881252
0.984793
0.9810172
0.9871977
0.9774436
0.9901495
0.976653
0.98518
0.9785194
0.9809288
0.98627
0.9890225
0.9813466
0.968995
0.9879414
0.9821212
0.9803547
0.9846737
0.9810214
0.9824531
0.9825103
0.9777739
0.9857191
0.9849941
0.9855712
0.9764605
0.9841971
0.9840791
0.985025
0.9822831
0.9834087
0.9812301
0.9768234
0.9822046
0.986776
0.9843157
0.981585
0.9805936
0.9791803
0.982275
0.9820972
0.9780519
0.9759423
0.906827
0.
0.9733503
0.9772084
0.9815711
0.9775819
0.9777881
0.9852093
0.9795556
0.9817513
0.9792975
0.9761563
0.9815597
0.9810501
0.9789876
0.969633
0.9736199
0.9870306
0.978831
0.9785883
0.9886786
0.9889573
0.9838743
0.9888574
0.9901147
0.9902039
0.9907535
0.9908791
0.9798975
0.9869141
0.9899147
0.9843327
0.9823856
0.9825837
0.9851315
0.9823755
0.9851739
0.9923336
0.9844111
0.9813384
0.9787074
0.9853713
0.9885546
0.9859415
0.9843079
0.9886218
0.9883742
0.9909289
0.9883995
0.9840484
0.9897885
0.9772519
0.9884643
0.9896812
0.9834264
0.9873056
0.9877137
0.9888238
0.9890209
0.9774783
0.987546
0.9818821
0.9922037
0.980014
0.981297
0.9816594
0.9777972
0.9830952
0.9877734
0.9817736
0.9785677
0.9880973
0.9837468
0.9821826
0.987625
0.9854138
0.9850923
0.9834235
0.983508
0.9887866
0.9838306
0.9830281
0.9843434
0.9854198
0.9854545
0.9870428
0.9853522
0.9863014
0.9839881
0.9831075
0.9804337
0.9881129
0.9776756
0.9854369
0.9790221
0.9800971
0.9859489
0.9838655
0.9831443
0.9797884
0.9764853
0.9733503
0.
0.9833205
0.985233
0.982352
0.9809973
0.9829937
0.9796337
0.9853452
0.9826809
0.9803255
0.9799079
0.9852044
0.982638
0.9747593
0.973352
0.9864452
0.9817612
0.9819772
0.9912869
0.9864751
0.9860713
0.9913707
0.9817858
0.9858425
0.9904222
0.9893822
0.9820277
0.986413
0.9862722
0.9856074
0.9834695
0.9823127
0.9852301
0.9737044
0.9845049
0.9882485
0.9833493
0.9799325
0.9822761
0.9776568
0.9880712
0.9858456
0.981385
0.9853641
0.9895604
0.9840261
0.9892009
0.9859975
0.9854413
0.9764641
0.9850827
0.9843549
0.9835303
0.9900762
0.9820253
0.9872859
0.9885469
0.9849519
0.9837242
0.9782418
0.9873681
0.9787123
0.9801705
0.9828304
0.9784647
0.9863581
0.9822719
0.9827706
0.9827497
0.9874831
0.9817655
0.9772377
0.9822094
0.9836149
0.9824384
0.983692
0.9804728
0.9846282
0.9856056
0.9883663
0.9823914
0.9841508
0.979332
0.984633
0.9860998
0.987543
0.972955
0.9803235
0.9762292
0.9833416
0.9761321
0.9817506
0.9832188
0.975097
0.9803689
0.9832804
0.9800409
0.9737757
0.9753356
0.9772084
0.9833205
0.
0.9817288
0.9853629
0.9814059
0.9839697
0.9822597
0.9817496
0.9813386
0.9778311
0.9781611
0.9834326
0.9795754
0.972745
0.9772354
0.9750671
0.980385
0.9802807
0.988941
0.9886459
0.9916717
0.9807887
0.989616
0.982848
0.9904483
0.9837367
0.9842535
0.9827084
0.9938756
0.98584
0.9875425
0.9877358
0.9837337
0.9833112
0.9793522
0.9845005
0.9868746
0.9841654
0.9851549
0.9888868
0.9830758
0.9823367
0.9857645
0.9831748
0.9903249
0.9851691
0.9826527
0.9815996
0.9862144
0.9842875
0.9858474
0.9830882
0.9871886
0.984175
0.9842338
0.9889202
0.9761475
0.9871103
0.9825205
0.9838092
0.9865238
0.9808928
0.9865494
0.9839267
0.9858961
0.984116
0.9859709
0.9861568
0.988189
0.9830508
0.9847432
0.9833673
0.9819073
0.9791808
0.9855559
0.9818518
0.9829526
0.9873649
0.9854714
0.9824883
0.9803856
0.983511
0.9887218
0.9808448
0.9821458
0.9790567
0.9811135
0.9769654
0.9817418
0.9847165
0.9816677
0.9835934
0.9770576
0.9840051
0.9778267
0.9819609
0.9839088
0.9783427
0.9831504
0.9815711
0.985233
0.9817288
0.
0.9803269
0.9811378
0.9788043
0.9814089
0.9868204
0.9788011
0.9804611
0.9789123
0.9831998
0.9782434
0.9746541
0.9792087
0.9882931
0.9824818
0.986615
0.9922685
0.9892784
0.9904153
0.9857708
0.9917403
0.9825593
0.9902299
0.983828
0.9853053
0.9820405
0.98942
0.9906402
0.9864388
0.9903793
0.9902069
0.9894366
0.9783743
0.9781966
0.9880463
0.9820084
0.9846631
0.9868589
0.9789244
0.9817095
0.9913201
0.9807033
0.9883051
0.9826971
0.9872566
0.98099
0.9811693
0.9867045
0.9805068
0.9772686
0.9881036
0.986911
0.9859008
0.9906687
0.9783534
0.9866186
0.9827972
0.9802202
0.9813643
0.9870814
0.9888192
0.9822737
0.9871448
0.9812479
0.9873822
0.9908428
0.9823699
0.9790514
0.988018
0.9807273
0.9832003
0.9764293
0.9854401
0.9836418
0.9811638
0.9863934
0.9793814
0.9800725
0.982028
0.9810855
0.9875847
0.9827697
0.9744674
0.979038
0.9822179
0.9838288
0.9836274
0.980322
0.9856665
0.9753876
0.9820585
0.982794
0.9749206
0.9766788
0.9831972
0.9816443
0.9785605
0.9775819
0.982352
0.9853629
0.9803269
0.
0.9765216
0.9780537
0.984855
0.9842986
0.9776544
0.9821231
0.9797371
0.9744911
0.981212
0.9762604
0.980336
0.9894307
0.9858651
0.9852456
0.989633
0.9838776
0.9928486
0.9876057
0.9896333
0.9883405
0.991797
0.982906
0.9861164
0.9824762
0.9900188
0.9834524
0.9874121
0.9876018
0.9896736
0.9866543
0.9788104
0.98573
0.9897712
0.9872472
0.9885704
0.9872611
0.9839495
0.9826746
0.9876901
0.9844058
0.9866978
0.9854481
0.9838795
0.9609632
0.9871954
0.988526
0.9841466
0.9834115
0.9876026
0.9890549
0.9896194
0.9880747
0.980212
0.9833448
0.9816151
0.9846233
0.9821033
0.9845291
0.9857603
0.9893617
0.9811577
0.9781644
0.9884306
0.9889831
0.9868665
0.9823333
0.9829801
0.985015
0.9813799
0.9797174
0.9868117
0.9752327
0.9835956
0.9835985
0.9800946
0.9799507
0.9830731
0.9851259
0.9884263
0.982645
0.9806452
0.9823853
0.9824222
0.9827052
0.9860759
0.9815235
0.9873076
0.9208935
0.9814582
0.9828319
0.9754918
0.9763948
0.9838586
0.9830925
0.9789184
0.9777881
0.9809973
0.9814059
0.9811378
0.9765216
0.
0.9805951
0.9861863
0.9844812
0.9789707
0.9815942
0.9835262
0.9825188
0.9832608
0.978645
0.9794827
0.9870226
0.9907638
0.9852814
0.9900174
0.9886096
0.9887512
0.9824097
0.9884063
0.9843167
0.9897492
0.9891481
0.9891008
0.9869186
0.9917132
0.9872509
0.9916917
0.9888337
0.9865177
0.9859481
0.9836764
0.9850694
0.9903778
0.9838625
0.9881554
0.989193
0.9817803
0.980198
0.987311
0.9883402
0.9861855
0.9839508
0.9829642
0.9854577
0.9882253
0.9874363
0.9839147
0.9853119
0.9885983
0.9881311
0.9874979
0.984659
0.9803056
0.9868313
0.9890056
0.9815334
0.9854504
0.982459
0.9876242
0.9871336
0.9860163
0.9841684
0.9888674
0.9885789
0.9857212
0.9862488
0.9858997
0.9841117
0.9835411
0.9811291
0.9871408
0.9816996
0.9812601
0.9838837
0.9837016
0.9826252
0.984664
0.9818268
0.9860183
0.9829589
0.9807154
0.9830271
0.9805266
0.9815806
0.9826926
0.9874165
0.9846555
0.9782108
0.9831945
0.9822053
0.9816411
0.9809976
0.983665
0.978679
0.9803979
0.9852093
0.9829937
0.9839697
0.9788043
0.9780537
0.9805951
0.
0.9841116
0.985
0.9696888
0.9795726
0.9828269
0.9806259
0.9819393
0.9747055
0.9800628
0.9879218
0.9857706
0.985179
0.9892626
0.9933891
0.988041
0.9891569
0.9858638
0.9917005
0.9940141
0.9911981
0.983827
0.9904505
0.987761
0.980572
0.9894199
0.9860251
0.986403
0.983496
0.9860817
0.9881471
0.9839372
0.9839385
0.9816786
0.9846636
0.9900634
0.9831034
0.9792466
0.9873569
0.9890298
0.9908845
0.9883603
0.9843137
0.9891378
0.9850923
0.9899464
0.9862519
0.9856019
0.9908714
0.9851963
0.9879199
0.9867316
0.9853931
0.988393
0.9821165
0.988806
0.9773622
0.9850455
0.9822389
0.983939
0.985392
0.9863102
0.9848361
0.9805132
0.9861465
0.9818997
0.9864477
0.9852264
0.9873378
0.9836612
0.9817778
0.9819965
0.9863444
0.9858278
0.9865246
0.9853682
0.9855754
0.983876
0.987404
0.9855095
0.9846725
0.9823447
0.9771689
0.9832292
0.9882517
0.980356
0.9845079
0.9809581
0.9782543
0.9807478
0.9825224
0.9832791
0.9828428
0.9759658
0.9795556
0.9796337
0.9822597
0.9814089
0.984855
0.9861863
0.9841116
0.
0.9853464
0.9825566
0.9782784
0.9667023
0.9832078
0.979004
0.9752964
0.9787747
0.986905
0.9867008
0.9835603
0.9921376
0.9905796
0.9912681
0.9886297
0.9933219
0.9897406
0.9906649
0.9892676
0.9916981
0.9886686
0.9904225
0.9897465
0.9881897
0.9861342
0.9913682
0.9879963
0.9884276
0.989085
0.9847101
0.9859873
0.9895118
0.9878425
0.9865398
0.9841784
0.986804
0.9877005
0.9814314
0.9897743
0.9896309
0.9825343
0.9868655
0.9885523
0.9848964
0.9889068
0.9904448
0.9869724
0.9868444
0.9778784
0.9870425
0.9859877
0.9882473
0.9850034
0.9898734
0.9849076
0.9871622
0.9863106
0.9842958
0.9868354
0.9869303
0.9869514
0.9879154
0.986585
0.9868967
0.9853845
0.9829385
0.9858179
0.98867
0.9813685
0.977998
0.9900797
0.9900032
0.984324
0.9844415
0.982502
0.9899087
0.9821916
0.9839564
0.9843876
0.9871856
0.9835692
0.9843404
0.9836992
0.9854061
0.9819734
0.9861068
0.9791765
0.9811383
0.9844746
0.985758
0.9834381
0.9825281
0.9817513
0.9853452
0.9817496
0.9868204
0.9842986
0.9844812
0.985
0.9853464
0.
0.9809786
0.9805006
0.985348
0.9865499
0.9814131
0.9766022
0.9797691
0.9892969
0.9871954
0.9863652
0.9895344
0.9839312
0.9897019
0.9855021
0.9900489
0.9879859
0.9879749
0.9860248
0.9864935
0.9849403
0.9872655
0.9849315
0.9852667
0.9886939
0.9892201
0.9854311
0.9834404
0.9822148
0.9862081
0.9817482
0.9855241
0.9858381
0.9831516
0.9777593
0.9872453
0.9878966
0.9866732
0.9822186
0.9860661
0.9814906
0.9826542
0.9810952
0.9851541
0.9782717
0.9865298
0.986737
0.9828937
0.9874563
0.9843473
0.9882224
0.988868
0.9804447
0.9840426
0.9798963
0.9853377
0.9842335
0.9855388
0.9845626
0.9863925
0.9871975
0.9841541
0.9840589
0.9805885
0.9820028
0.9856598
0.9825821
0.9852382
0.9779917
0.9828783
0.9893201
0.9836435
0.9818429
0.9816361
0.9813862
0.987069
0.9812695
0.983207
0.9802602
0.9840892
0.9831452
0.9828269
0.9835723
0.9835124
0.9827207
0.9784131
0.9787857
0.9810484
0.9810549
0.985202
0.9761905
0.9807638
0.9792975
0.9826809
0.9813386
0.9788011
0.9776544
0.9789707
0.9696888
0.9825566
0.9809786
0.
0.9771577
0.9803421
0.9774943
0.9787973
0.9743498
0.9793031
0.9897046
0.9844492
0.9818124
0.9895009
0.9850103
0.9859847
0.9892608
0.9848538
0.9865033
0.9904031
0.9912145
0.9846797
0.9857664
0.9831802
0.9829545
0.9871077
0.9886537
0.984375
0.9824382
0.9863037
0.9894684
0.985812
0.9792825
0.9854734
0.9801614
0.9886251
0.9827643
0.9873691
0.9870237
0.9892969
0.9887787
0.9845327
0.9842649
0.9859247
0.9816964
0.983952
0.9879657
0.9845236
0.9866923
0.9812018
0.9832027
0.9833063
0.9869065
0.9856399
0.9763304
0.9854232
0.9804724
0.9819438
0.9835449
0.9837475
0.9853056
0.9801779
0.9904762
0.9809256
0.9840074
0.9844496
0.9759391
0.9824992
0.9862553
0.9817708
0.982756
0.9823502
0.9859198
0.980984
0.9831742
0.9852852
0.9836413
0.9858188
0.9868011
0.9870805
0.9858272
0.9782478
0.9793939
0.9818744
0.9851929
0.9723839
0.982518
0.9796902
0.9772193
0.9772238
0.9783537
0.9803556
0.9764131
0.9766415
0.9761563
0.9803255
0.9778311
0.9804611
0.9821231
0.9815942
0.9795726
0.9782784
0.9805006
0.9771577
0.
0.9760956
0.9789157
0.9740227
0.9723092
0.9784139
0.9831231
0.9825572
0.9859716
0.9910287
0.9877222
0.9887801
0.9903492
0.9868852
0.9904497
0.9923051
0.9889793
0.9846128
0.9868892
0.9896785
0.9834348
0.9848004
0.9841243
0.9846539
0.9829232
0.9851987
0.9874918
0.9836783
0.9831822
0.9843955
0.9842027
0.990131
0.9825676
0.9864313
0.9869207
0.9893187
0.9883237
0.9875519
0.9804302
0.989418
0.9836434
0.9861641
0.9830674
0.9854292
0.9885112
0.9794239
0.9842841
0.974771
0.9858652
0.9831959
0.9762463
0.98582
0.9726819
0.9798793
0.9802011
0.9782037
0.981633
0.9870348
0.9845512
0.9785692
0.9836512
0.9839321
0.9813098
0.9859982
0.9835744
0.9803744
0.9831857
0.9798412
0.9831142
0.9817399
0.9837459
0.9815675
0.981321
0.9829035
0.9825513
0.9817754
0.9848574
0.9803979
0.9769771
0.979936
0.9846788
0.9782227
0.9817576
0.9801496
0.975942
0.9805254
0.9757822
0.9809403
0.9772052
0.974258
0.9815597
0.9799079
0.9781611
0.9789123
0.9797371
0.9835262
0.9828269
0.9667023
0.985348
0.9803421
0.9760956
0.
0.9786981
0.9785197
0.9725392
0.9670729
0.9824032
0.9846651
0.9790055
0.9888517
0.9817691
0.9903705
0.981623
0.9908242
0.9801581
0.9911742
0.9843039
0.9907639
0.9775174
0.9900234
0.9855343
0.987548
0.9850539
0.9889621
0.987698
0.9805676
0.9827402
0.9855926
0.9830896
0.9851358
0.983105
0.9811321
0.9799094
0.9908229
0.9822929
0.9872525
0.9842426
0.9823259
0.9828281
0.9829775
0.9857778
0.9839091
0.9791415
0.9896244
0.9871477
0.9870395
0.9861838
0.9792531
0.9830925
0.9858891
0.9831461
0.9832162
0.9858369
0.9852773
0.9814974
0.9858954
0.9842767
0.9872503
0.9885731
0.9830339
0.9839617
0.9843662
0.9794821
0.9825818
0.9778749
0.9860374
0.977244
0.9846023
0.9869788
0.9783664
0.9758042
0.9803155
0.9795208
0.9854854
0.9826503
0.9809511
0.9792068
0.9798049
0.9812916
0.9822805
0.9846323
0.9802828
0.9779073
0.9798604
0.9849906
0.9751588
0.9780726
0.9840894
0.9812912
0.9818562
0.9810501
0.9852044
0.9834326
0.9831998
0.9744911
0.9825188
0.9806259
0.9832078
0.9865499
0.9774943
0.9789157
0.9786981
0.
0.9822499
0.9749076
0.9794198
0.989868
0.9883929
0.9875181
0.98814
0.9902029
0.9883919
0.9888814
0.9894302
0.991851
0.989801
0.9895884
0.9778622
0.9864268
0.9871336
0.9844307
0.9847537
0.9870317
0.9847756
0.9858861
0.9896579
0.9871815
0.9833468
0.9802893
0.9832411
0.9807937
0.9864126
0.984993
0.9852062
0.9893073
0.9845167
0.9892357
0.988802
0.9832402
0.9874807
0.9825429
0.9831107
0.9832472
0.9799172
0.9866404
0.983915
0.9837977
0.9853031
0.9795212
0.9867045
0.9774402
0.9858904
0.9730827
0.9815339
0.9822969
0.9794643
0.9868285
0.9807664
0.9816363
0.9805696
0.9861657
0.983326
0.9712933
0.9866493
0.9829843
0.9830065
0.9848178
0.9780204
0.9863467
0.9822426
0.9816897
0.982669
0.979636
0.9833618
0.985317
0.988726
0.9859654
0.9733524
0.9743998
0.9786277
0.9863714
0.9763857
0.9799664
0.9774247
0.9763471
0.9794461
0.9769498
0.9799153
0.9744716
0.9795642
0.9789876
0.982638
0.9795754
0.9782434
0.981212
0.9832608
0.9819393
0.979004
0.9814131
0.9787973
0.9740227
0.9785197
0.9822499
0.
0.9707108
0.9768571
0.9817947
0.9797129
0.9788657
0.9875467
0.9878738
0.9843928
0.9870234
0.9859865
0.9881103
0.9879405
0.9865012
0.9781755
0.9882043
0.9885555
0.9811175
0.9802087
0.9798987
0.9780439
0.9775315
0.9840085
0.9871911
0.9786741
0.9755133
0.980984
0.9719427
0.9847965
0.9834403
0.9808793
0.9839644
0.9832886
0.9870702
0.982784
0.9816269
0.9831311
0.9790096
0.9809216
0.9832911
0.9819005
0.982548
0.9842212
0.9836682
0.9833211
0.9806118
0.9831091
0.9731757
0.9878239
0.971371
0.9768505
0.9787537
0.9785145
0.985419
0.9829313
0.9795685
0.9744833
0.9877693
0.9792252
0.9695381
0.9837206
0.977349
0.9759474
0.9838062
0.9748268
0.9868096
0.9823263
0.9808144
0.9790685
0.9754474
0.9783917
0.9834823
0.9826299
0.982437
0.9688748
0.9728381
0.9697093
0.9821282
0.9726865
0.9809651
0.9663968
0.9757177
0.9783731
0.9823448
0.9736391
0.9663085
0.9716117
0.969633
0.9747593
0.972745
0.9746541
0.9762604
0.978645
0.9747055
0.9752964
0.9766022
0.9743498
0.9723092
0.9725392
0.9749076
0.9707108
0.
0.9699232
0.9805035
0.9770321
0.9782198
0.9915163
0.9872292
0.9862603
0.9881601
0.9872875
0.9878011
0.9871756
0.9870051
0.9782808
0.9839028
0.9882424
0.985888
0.9852679
0.9784302
0.9813516
0.9787234
0.9857715
0.9872172
0.9806073
0.9821718
0.9540785
0.980236
0.9894356
0.9837067
0.9827056
0.9864181
0.9842978
0.9882589
0.9885796
0.9813476
0.9866206
0.9790885
0.9857469
0.9826733
0.9826335
0.9849901
0.9746113
0.9847802
0.9702097
0.9764888
0.9873347
0.9772791
0.988393
0.9729275
0.9795407
0.9825194
0.9754704
0.9839402
0.9823546
0.9809112
0.9769444
0.9866794
0.980274
0.9778968
0.985342
0.9831568
0.9820725
0.9837706
0.9748584
0.981509
0.9787691
0.9819456
0.9810734
0.9815389
0.9835063
0.9845299
0.9815405
0.980941
0.9777096
0.9727753
0.9786702
0.9817236
0.9799472
0.9819277
0.9811345
0.9765338
0.9766489
0.9723697
0.9769923
0.9742434
0.9701282
0.9736199
0.973352
0.9772354
0.9792087
0.980336
0.9794827
0.9800628
0.9787747
0.9797691
0.9793031
0.9784139
0.9670729
0.9794198
0.9768571
0.9699232
0.
0.9855569
0.9796836
0.9774468
0.993852
0.9908309
0.9850911
0.9951794
0.9861111
0.9963138
0.9935334
0.9915988
0.9821613
0.9871729
0.9875
0.9832742
0.9860697
0.9863252
0.9853453
0.9340487
0.9901478
0.9936954
0.9851722
0.9791667
0.9859326
0.981938
0.9914367
0.9863832
0.98648
0.9852732
0.9919221
0.9925425
0.9892924
0.9894292
0.988476
0.9780815
0.989836
0.9878369
0.9824399
0.9901871
0.9823758
0.9923199
0.9900807
0.9840664
0.9886212
0.9786709
0.9914078
0.981992
0.9768116
0.9845167
0.9856923
0.9938704
0.9723084
0.9875969
0.9835092
0.9914384
0.9853227
0.9829115
0.9908316
0.9897764
0.9863481
0.9879084
0.9834854
0.9907544
0.984953
0.9856691
0.9879671
0.9873817
0.9852941
0.9930655
0.9918133
0.9909446
0.981351
0.980198
0.9798576
0.9890428
0.9770351
0.9891501
0.9821964
0.9810865
0.9885033
0.9860789
0.9860031
0.9832555
0.9838648
0.9870306
0.9864452
0.9750671
0.9882931
0.9894307
0.9870226
0.9879218
0.986905
0.9892969
0.9897046
0.9831231
0.9824032
0.989868
0.9817947
0.9805035
0.9855569
0.
0.9838863
0.9824561
0.9912619
0.9900081
0.9629827
0.9946822
0.9878653
0.9927518
0.9928922
0.9915541
0.9781112
0.9900606
0.986444
0.9846375
0.9817406
0.9817449
0.977424
0.9819692
0.9911215
0.9895906
0.9771689
0.979986
0.9842992
0.9835572
0.9914027
0.9916365
0.9829572
0.9871419
0.9884354
0.9920089
0.9911504
0.9892665
0.9908441
0.9763992
0.989879
0.9893545
0.8859966
0.9895539
0.983878
0.9881055
0.9912204
0.9784715
0.9891489
0.9783541
0.9943384
0.9826087
0.9839357
0.9787641
0.9807814
0.9897167
0.9879141
0.9873123
0.9776135
0.99182
0.9803068
0.9811555
0.9889728
0.9865169
0.9834322
0.990081
0.9774436
0.987089
0.9904516
0.9867069
0.9860409
0.9895603
0.9843192
0.9888191
0.9889937
0.9895422
0.9807425
0.9831156
0.976726
0.9921073
0.9770138
0.9884371
0.9798116
0.9803089
0.9846751
0.9854634
0.9812523
0.9835575
0.9833887
0.978831
0.9817612
0.980385
0.9824818
0.9858651
0.9907638
0.9857706
0.9867008
0.9871954
0.9844492
0.9825572
0.9846651
0.9883929
0.9797129
0.9770321
0.9796836
0.9838863
0.
0.9815177
0.9923574
0.9904664
0.9855506
0.9905086
0.9874169
0.9899184
0.9889151
0.9926012
0.9828638
0.9859944
0.9919169
0.9838635
0.9824801
0.983871
0.9857402
0.9831627
0.9894358
0.9911229
0.9797515
0.9775835
0.9785762
0.9748597
0.9897581
0.9884431
0.9804705
0.9856584
0.986454
0.9895075
0.9910562
0.9870634
0.9859672
0.9773071
0.9848872
0.9891068
0.9826198
0.9859066
0.9872412
0.9904386
0.9823065
0.9830614
0.9885081
0.9774607
0.9914842
0.9782296
0.9799468
0.9814134
0.9796085
0.9851596
0.9854926
0.9827975
0.9833907
0.9875124
0.9852678
0.9795837
0.9857623
0.9873892
0.9811993
0.9838741
0.9759839
0.9897007
0.9888354
0.983808
0.9853372
0.9840125
0.9836852
0.9901534
0.9868646
0.9833078
0.9784615
0.9811284
0.9805917
0.9865798
0.9793404
0.9871221
0.9797209
0.9736842
0.9862123
0.9827957
0.9298246
0.9791023
0.9789908
0.9785883
0.9819772
0.9802807
0.986615
0.9852456
0.9852814
0.985179
0.9835603
0.9863652
0.9818124
0.9859716
0.9790055
0.9875181
0.9788657
0.9782198
0.9774468
0.9824561
0.9815177
0.