0.
0.7725836
0.7668175
0.9176624
0.8503048
0.9227473
0.9366295
0.7975151
0.7564791
0.773289
0.7927693
0.7794582
0.7918773
0.9251124
0.9258497
0.9274457
0.9065651
0.8360525
0.7757033
0.9222915
0.9079953
0.9270005
0.833114
0.7942285
0.9144048
0.7747322
0.7745647
0.7944837
0.7917529
0.7949816
0.7903921
0.9151178
0.9332298
0.9070614
0.8672659
0.9111439
0.8241049
0.8160894
0.9089846
0.7824188
0.7902407
0.8358668
0.7874727
0.9231808
0.9265297
0.7976007
0.7946463
0.9027084
0.7958505
0.7978592
0.8018028
0.7960291
0.927191
0.915453
0.9152985
0.9138633
0.9145715
0.9177958
0.9214392
0.9228474
0.8028456
0.7936088
0.9292607
0.9085542
0.914539
0.9094598
0.7709723
0.8665637
0.8833157
0.8857827
0.8694436
0.873508
0.900517
0.8822523
0.8922944
0.8956233
0.8785609
0.8817845
0.882799
0.8413427
0.7982046
0.7849729
0.8013483
0.7771357
0.8199953
0.8098074
0.8193084
0.8191897
0.8267577
0.8054905
0.9148978
0.9067563
0.8622334
0.9020625
0.8753257
0.9250594
0.9306452
0.8372321
0.8368746
0.8294693
0.7725836
0.
0.7800424
0.9137924
0.8447009
0.9203136
0.9348225
0.7786732
0.7688588
0.7616111
0.7877564
0.7654016
0.7747914
0.9219573
0.9252705
0.9259546
0.9042795
0.8274034
0.7750522
0.9232784
0.9064558
0.9240701
0.8233954
0.7767582
0.9095411
0.7681606
0.7753739
0.7783903
0.763213
0.7877898
0.7799943
0.9079359
0.9301585
0.8994327
0.8633105
0.9091097
0.812528
0.7980096
0.9052446
0.7938347
0.766794
0.8193535
0.7793839
0.9176796
0.9248433
0.7800371
0.7721
0.8982149
0.7783453
0.7853193
0.7785099
0.7773305
0.9269192
0.9124076
0.9132576
0.911369
0.9129508
0.9138483
0.9166837
0.9173544
0.7774535
0.7703543
0.9271157
0.9013731
0.9144302
0.9128864
0.7650633
0.8630307
0.8781148
0.8770031
0.8569225
0.8635986
0.8983286
0.8798393
0.8900211
0.8880069
0.8737234
0.8748409
0.8792279
0.8288931
0.7808805
0.7770414
0.7770055
0.7711375
0.8108174
0.7907826
0.8070332
0.8048577
0.8149886
0.7926228
0.9143092
0.900995
0.842012
0.8960294
0.8763165
0.9252306
0.9324173
0.8178052
0.8193762
0.803768
0.7668175
0.7800424
0.
0.9183401
0.8503011
0.9256284
0.9396355
0.7864494
0.7582794
0.7553606
0.7891142
0.7685442
0.7849462
0.9275173
0.927085
0.9328929
0.9062694
0.8351632
0.7768743
0.9264455
0.9064665
0.9279247
0.8279746
0.7881927
0.9166363
0.7643728
0.7666649
0.785377
0.7715687
0.7819868
0.7785738
0.9163035
0.934969
0.9044921
0.8682615
0.9088676
0.823908
0.8068973
0.9091997
0.7775017
0.7769859
0.8291592
0.7843589
0.9241648
0.9283835
0.7922976
0.7862531
0.9025014
0.7841662
0.7883633
0.7869799
0.7809761
0.929597
0.9157704
0.9173674
0.915943
0.9158346
0.9170748
0.91702
0.9199952
0.784295
0.7748963
0.9297233
0.909386
0.9170188
0.9120754
0.7537241
0.8668658
0.8855959
0.884391
0.8698866
0.8771274
0.9073863
0.8902346
0.8994546
0.8976318
0.8845846
0.8847986
0.8920074
0.8409805
0.7889753
0.7779231
0.7837991
0.7628174
0.8208287
0.8050795
0.808129
0.8030649
0.8235527
0.8026765
0.9156465
0.9107085
0.849719
0.9012002
0.8737851
0.9312148
0.9367303
0.8312187
0.8317922
0.8132253
0.9176624
0.9137924
0.9183401
0.
0.9218917
0.8444047
0.8535628
0.9154972
0.914281
0.9137618
0.9161878
0.9165053
0.9162904
0.7822474
0.7825756
0.859855
0.8569287
0.9112094
0.9120384
0.8458208
0.8585738
0.7766861
0.9151767
0.9236468
0.4179983
0.9116751
0.9147625
0.9191221
0.9129297
0.9151169
0.9157057
0.8535836
0.8780877
0.8724961
0.9272053
0.6859356
0.9090368
0.9178398
0.8591878
0.9140213
0.9177385
0.9031352
0.9152334
0.8881812
0.891883
0.9106783
0.9124766
0.7292197
0.9153826
0.9166452
0.9146795
0.9161921
0.8524467
0.8765808
0.8728041
0.8716905
0.8707132
0.8772355
0.8753445
0.8765731
0.9135095
0.9173332
0.875079
0.8570774
0.8657454
0.8618503
0.9177112
0.9136817
0.9133174
0.9105313
0.9082646
0.9102944
0.9150317
0.9101306
0.9163996
0.9115182
0.9152704
0.9126028
0.912377
0.9076992
0.9126082
0.9144098
0.9150398
0.9201285
0.9111892
0.9110354
0.9161871
0.9128492
0.918121
0.9118405
0.5120864
0.8579947
0.924068
0.8618243
0.9437539
0.8502103
0.8515734
0.9103133
0.9099473
0.9110427
0.8503048
0.8447009
0.8503011
0.9218917
0.
0.9240296
0.9349712
0.8467478
0.8466461
0.8525605
0.8557109
0.845925
0.8502567
0.9249831
0.9251311
0.9271632
0.9110181
0.8538709
0.8504268
0.9253743
0.9111172
0.9234332
0.8561647
0.8505861
0.9193363
0.8453126
0.8481768
0.8541384
0.842674
0.8568759
0.8510575
0.9149946
0.9336247
0.9145082
0.8899465
0.9175484
0.8480813
0.8504944
0.91325
0.8492893
0.8489354
0.8498737
0.8495257
0.92265
0.9280614
0.8452919
0.8496905
0.9101569
0.8487378
0.8509589
0.8484544
0.8514309
0.9315791
0.9203923
0.9204324
0.9188364
0.9197267
0.9210255
0.9226084
0.9219626
0.8431814
0.8453336
0.9295743
0.9121016
0.9190619
0.9180642
0.8482094
0.8710199
0.8874464
0.8891932
0.8738623
0.8787557
0.8974069
0.8860336
0.890814
0.8889031
0.8783903
0.8861604
0.889255
0.8500871
0.8517874
0.8466503
0.8508032
0.8516281
0.8514344
0.8522298
0.8578896
0.858824
0.8623035
0.856827
0.9205247
0.9125786
0.8735152
0.9089347
0.8966499
0.9292998
0.9336351
0.8472099
0.8461683
0.8598294
0.9227473
0.9203136
0.9256284
0.8444047
0.9240296
0.
0.8450126
0.9247901
0.9215741
0.9218699
0.925135
0.9260477
0.9236309
0.8454672
0.8452856
0.8573851
0.855804
0.9178577
0.9197022
0.6423358
0.8583048
0.8372659
0.9213715
0.9238321
0.8389869
0.9217811
0.923508
0.9271963
0.9225346
0.9215337
0.9250812
0.8519424
0.8687363
0.866923
0.930991
0.8414578
0.9161305
0.9265975
0.8533501
0.9149934
0.9287769
0.9109521
0.9195518
0.8947388
0.8946474
0.9194919
0.9245685
0.8460189
0.9242226
0.9230444
0.9235849
0.923497
0.7156527
0.8705092
0.8719069
0.8705952
0.8703368
0.8750554
0.8717626
0.8724003
0.9260672
0.927056
0.8668595
0.8536576
0.8692325
0.8660485
0.9288713
0.9230769
0.9180627
0.9113062
0.9115681
0.9164615
0.914795
0.9157887
0.9169277
0.9141095
0.9178886
0.9164938
0.9171551
0.9139682
0.9211085
0.9203674
0.9263825
0.9281125
0.918097
0.9189908
0.9195235
0.921137
0.9278181
0.9218527
0.8369374
0.8633352
0.9312681
0.8591549
0.9475503
0.8381227
0.845196
0.9175083
0.9169766
0.9211388
0.9366295
0.9348225
0.9396355
0.8535628
0.9349712
0.8450126
0.
0.9380107
0.9360051
0.9370487
0.9358264
0.9429912
0.9380732
0.8529565
0.8493135
0.8582514
0.8665232
0.9297875
0.9353891
0.845459
0.8667145
0.841672
0.9341295
0.9426765
0.853141
0.9355816
0.9372949
0.9421718
0.9391312
0.9371011
0.9411154
0.8512537
0.8652099
0.8760003
0.9406261
0.8571806
0.9274629
0.9419366
0.8669554
0.933276
0.9424961
0.9235606
0.9394251
0.8968661
0.9002808
0.9378155
0.9398907
0.8535855
0.9419532
0.9397545
0.9431713
0.9428116
0.8551945
0.8747194
0.8747967
0.8753549
0.875558
0.8795034
0.875687
0.8771108
0.9419091
0.9420881
0.8686745
0.8634122
0.8695781
0.870854
0.9438253
0.9267791
0.9234297
0.9166217
0.9198454
0.920382
0.9174221
0.9151626
0.9176164
0.9151828
0.922221
0.9199112
0.9168233
0.9261142
0.9355514
0.9359666
0.9403136
0.9414231
0.9305408
0.9320346
0.9338268
0.9303206
0.9365455
0.9353762
0.8522108
0.8719197
0.9451834
0.8690999
0.9611696
0.7291848
0.7973503
0.9294024
0.9299528
0.937797
0.7975151
0.7786732
0.7864494
0.9154972
0.8467478
0.9247901
0.9380107
0.
0.7794101
0.7806375
0.7980003
0.7631772
0.657183
0.9242705
0.9248872
0.9279375
0.9047451
0.8261342
0.7695019
0.9253857
0.9056787
0.9261785
0.8194166
0.7034474
0.9116631
0.7728511
0.7838565
0.676172
0.6261067
0.777841
0.6947463
0.9142269
0.936578
0.9029698
0.8574965
0.909375
0.8127134
0.7785138
0.9056115
0.7884056
0.6517882
0.8197301
0.7012709
0.9188768
0.9266672
0.6541872
0.647702
0.9006535
0.681455
0.6934415
0.67501
0.6816716
0.9297209
0.9134323
0.9141874
0.9138885
0.9140048
0.9163911
0.917494
0.9194459
0.7306941
0.718821
0.9284084
0.8995205
0.912576
0.9113171
0.7462502
0.8654959
0.8843936
0.8832003
0.8656408
0.868075
0.9039418
0.8885021
0.8990817
0.8990202
0.8772197
0.8804244
0.8877537
0.8280495
0.7097156
0.7686929
0.6942876
0.7753086
0.8080714
0.7860551
0.7995079
0.8054348
0.8129734
0.7932324
0.91384
0.9021592
0.8369631
0.8924129
0.8748637
0.9290974
0.9347454
0.8198459
0.8162035
0.7880952
0.7564791
0.7688588
0.7582794
0.914281
0.8466461
0.9215741
0.9360051
0.7794101
0.
0.7466411
0.7791533
0.7674498
0.77599
0.9211758
0.9217102
0.9231331
0.9008046
0.8313417
0.7675887
0.924772
0.9018795
0.9243113
0.8161716
0.7808906
0.9133562
0.7512452
0.7677323
0.7764
0.7690008
0.7747762
0.7782472
0.9103327
0.9314734
0.9023896
0.8621105
0.9096777
0.8122865
0.8014883
0.9015955
0.7596916
0.7672982
0.8199537
0.7776668
0.9197868
0.9251225
0.7833991
0.7764074
0.8968896
0.7810059
0.7859981
0.7806596
0.785362
0.9263275
0.9136959
0.9157377
0.914173
0.9148573
0.9185688
0.9195174
0.9207075
0.7857868
0.7772312
0.9245769
0.9024106
0.9117802
0.9113381
0.7455932
0.8542318
0.8718313
0.8732062
0.8544286
0.8577217
0.8924688
0.8756885
0.8850116
0.881495
0.8704834
0.8672333
0.8743194
0.821538
0.7790961
0.7681498
0.7821085
0.7570569
0.8103002
0.8028191
0.809799
0.8040854
0.8143115
0.7994708
0.9123483
0.905829
0.8470455
0.893777
0.8795755
0.9294915
0.9319247
0.821337
0.8162813
0.8140457
0.773289
0.7616111
0.7553606
0.9137618
0.8525605
0.9218699
0.9370487
0.7806375
0.7466411
0.
0.7790667
0.7711175
0.7764265
0.9246754
0.9236607
0.9314072
0.9099673
0.8311593
0.7741415
0.9259155
0.909251
0.9288426
0.8208784
0.778171
0.9126041
0.7609805
0.773941
0.7791928
0.7732168
0.7867288
0.7835449
0.9128205
0.9314604
0.9045439
0.8691825
0.9095207
0.8185297
0.8091406
0.9110007
0.7758657
0.7721378
0.8315376
0.7754323
0.9230135
0.9290039
0.7902145
0.7756481
0.9014698
0.7810708
0.7916479
0.7791681
0.7687573
0.9298421
0.9145076
0.9151888
0.913878
0.9139891
0.9185337
0.919711
0.9204703
0.7856939
0.7775439
0.9278959
0.9092765
0.913913
0.9107025
0.7536551
0.8648027
0.8823098
0.8803157
0.8708168
0.8713676
0.8993942
0.8833995
0.8939605
0.8956356
0.8833454
0.8816898
0.8847054
0.833325
0.7783232
0.7769272
0.7855577
0.7666246
0.8175497
0.802207
0.8059292
0.8076999
0.8201693
0.7997756
0.9163371
0.9069101
0.8541063
0.9000506
0.8762915
0.9303223
0.9314876
0.8293486
0.829331
0.8157183
0.7927693
0.7877564
0.7891142
0.9161878
0.8557109
0.925135
0.9358264
0.7980003
0.7791533
0.7790667
0.
0.7804987
0.7929631
0.9199857
0.9249275
0.9285285
0.9064272
0.8387359
0.7932468
0.9287127
0.9085653
0.922794
0.8341371
0.7991415
0.9104629
0.7862628
0.78975
0.7960526
0.7970716
0.7963243
0.8045663
0.9125798
0.9309426
0.9068465
0.8651661
0.9112397
0.836556
0.8148834
0.9089449
0.7957585
0.8008765
0.833284
0.7919135
0.9211692
0.9255332
0.8058846
0.7998779
0.9031196
0.7976818
0.7994076
0.7994637
0.7992891
0.9319658
0.9150279
0.9167507
0.914673
0.9153083
0.9151432
0.9181924
0.9204614
0.7975756
0.7937999
0.926106
0.9038731
0.9143995
0.9127881
0.7774242
0.8705628
0.8855243
0.8877607
0.8727639
0.8741951
0.9036611
0.885182
0.8972702
0.8957096
0.8815427
0.8873483
0.8857509
0.8415924
0.7951306
0.7984611
0.7934599
0.7902017
0.8238054
0.8060285
0.8170763
0.8126023
0.8268871
0.8112335
0.9122029
0.9085866
0.8560353
0.8995934
0.8863726
0.9296968
0.9317321
0.8359273
0.8351505
0.8179412
0.7794582
0.7654016
0.7685442
0.9165053
0.845925
0.9260477
0.9429912
0.7631772
0.7674498
0.7711175
0.7804987
0.
0.7587638
0.9271926
0.9262803
0.9318046
0.904476
0.8276737
0.7625751
0.9284933
0.9058932
0.9272134
0.8186609
0.7577731
0.9137076
0.7673213
0.7695539
0.7501578
0.7527438
0.7720845
0.7591018
0.914347
0.9358138
0.9080879
0.8612418
0.911007
0.8223207
0.784122
0.9077943
0.7869312
0.7434102
0.8245342
0.7593094
0.9236681
0.9303258
0.7751585
0.7550373
0.8992221
0.7592683
0.7687731
0.7523684
0.7611266
0.9312814
0.9148063
0.916545
0.9156843
0.9164988
0.9184181
0.9181717
0.9197074
0.7677182
0.756559
0.9321927
0.9096659
0.914788
0.9107783
0.7373071
0.863843
0.8905891
0.8899647
0.8721823
0.8779494
0.908117
0.8883002
0.9040329
0.9022781
0.8882389
0.8903625
0.8922521
0.8348217
0.7661286
0.7678319
0.7549818
0.7690619
0.8141108
0.784199
0.8004474
0.8077858
0.8123498
0.7890363
0.9157422
0.9053319
0.8317455
0.9002472
0.864522
0.9318774
0.9377163
0.8209583
0.8192613
0.7900805
0.7918773
0.7747914
0.7849462
0.9162904
0.8502567
0.9236309
0.9380732
0.657183
0.77599
0.7764265
0.7929631
0.7587638
0.
0.9264388
0.9256975
0.9279531
0.9028763
0.8275754
0.7597613
0.9260629
0.9036757
0.9249369
0.8271561
0.6968335
0.9134201
0.771618
0.7820338
0.6710535
0.6403244
0.7736514
0.6907015
0.9125141
0.9385189
0.9021188
0.8588537
0.9118843
0.8177494
0.7767925
0.9040512
0.7919752
0.6319294
0.8159109
0.6963271
0.9220133
0.92841
0.6741933
0.5651355
0.9010401
0.6872956
0.6938098
0.6855329
0.6777748
0.9314247
0.9163544
0.9155326
0.9149939
0.9159566
0.9178462
0.9179726
0.9210118
0.7389431
0.7121252
0.9301622
0.9024801
0.9146063
0.90999
0.7485041
0.8678887
0.8871944
0.8854816
0.8727328
0.8778197
0.9069251
0.8917919
0.9015581
0.9007963
0.8852874
0.8882314
0.8903648
0.8339208
0.7019188
0.7699009
0.6860333
0.7698991
0.8091623
0.7880453
0.7895217
0.7997899
0.8079151
0.7851621
0.9154727
0.8984361
0.8343069
0.8968828
0.8736822
0.9301684
0.9367952
0.8221512
0.8202452
0.7781515
0.9251124
0.9219573
0.9275173
0.7822474
0.9249831
0.8454672
0.8529565
0.9242705
0.9211758
0.9246754
0.9199857
0.9271926
0.9264388
0.
0.5296618
0.8626659
0.8583068
0.921076
0.9222058
0.8461279
0.8591928
0.7362887
0.9217658
0.9281965
0.7777243
0.9185533
0.9219861
0.9272564
0.9243062
0.918778
0.9256896
0.8559313
0.8725631
0.8711208
0.9289961
0.781583
0.913648
0.926475
0.859883
0.9170226
0.9281893
0.9081502
0.9240758
0.8891705
0.8883087
0.919534
0.9257327
0.7885621
0.9278981
0.9273169
0.9259986
0.9253522
0.8578097
0.8758747
0.8790914
0.8779102
0.8767123
0.8763528
0.8769231
0.8767732
0.9257225
0.9284491
0.8711139
0.861062
0.8667996
0.86609
0.9280271
0.9174371
0.9125343
0.9076245
0.90576
0.9128574
0.9078155
0.9063862
0.9084739
0.9067354
0.9113633
0.9145009
0.908535
0.9125596
0.9218148
0.9188554
0.9231855
0.9289422
0.9154422
0.9183813
0.9228261
0.9214568
0.9203481
0.9212726
0.7809295
0.8665997
0.930876
0.8652575
0.9519443
0.8526481
0.8528743
0.9152412
0.9151906
0.9241303
0.9258497
0.9252705
0.927085
0.7825756
0.9251311
0.8452856
0.8493135
0.9248872
0.9217102
0.9236607
0.9249275
0.9262803
0.9256975
0.5296618
0.
0.8625384
0.8617122
0.9198356
0.9214016
0.8443842
0.8619057
0.7438744
0.9202433
0.9283276
0.7780413
0.9222281
0.922738
0.9284888
0.9235071
0.9200113
0.9265808
0.8547098
0.8725929
0.8726557
0.9307645
0.7807839
0.9149949
0.9265108
0.8594431
0.9191255
0.9275861
0.9089962
0.9204612
0.8926761
0.8930137
0.9233928
0.9253077
0.786187
0.9279828
0.9290664
0.927592
0.9270284
0.8560104
0.8765745
0.8782734
0.8775428
0.8772918
0.8768498
0.8767174
0.8752399
0.9263011
0.9294118
0.8720145
0.8634996
0.8730749
0.8706842
0.925901
0.9206946
0.9131865
0.9081458
0.9080546
0.9157699
0.9118656
0.9112401
0.9127486
0.9093113
0.9165914
0.9169086
0.911148
0.911895
0.9242481
0.9220096
0.923209
0.9295888
0.918892
0.9201723
0.9218889
0.9219244
0.9227751
0.92514
0.7803731
0.872545
0.9334935
0.8643678
0.9483955
0.8519739
0.8489745
0.9162016
0.9173771
0.9230472
0.9274457
0.9259546
0.9328929
0.859855
0.9271632
0.8573851
0.8582514
0.9279375
0.9231331
0.9314072
0.9285285
0.9318046
0.9279531
0.8626659
0.8625384
0.
0.8185945
0.9241002
0.9282302
0.8587288
0.8196102
0.8559139
0.9247027
0.9294072
0.8582183
0.9254194
0.9267395
0.9320918
0.9260684
0.9252176
0.9321011
0.8622133
0.8767843
0.8844294
0.9324312
0.8682958
0.9187751
0.9310768
0.8149978
0.9180262
0.9317491
0.9130364
0.9291779
0.8957808
0.8947041
0.9238059
0.9296381
0.8666465
0.9317409
0.9312442
0.927655
0.9258315
0.8675292
0.8754418
0.8733338
0.8728924
0.8727177
0.879778
0.8747012
0.8756815
0.9303461
0.9315039
0.8716598
0.8385214
0.8691064
0.8710743
0.9332287
0.920291
0.915323
0.9122622
0.9082844
0.9128762
0.9136449
0.9105339
0.9071167
0.9113757
0.9145596
0.9127568
0.9099058
0.9130136
0.9261593
0.9286173
0.9306138
0.933211
0.9188338
0.9248243
0.9244704
0.9253927
0.9274599
0.9272839
0.8578179
0.8681957
0.9362719
0.8423938
0.9567313
0.856911
0.8620625
0.9193819
0.9185794
0.9280472
0.9065651
0.9042795
0.9062694
0.8569287
0.9110181
0.855804
0.8665232
0.9047451
0.9008046
0.9099673
0.9064272
0.904476
0.9028763
0.8583068
0.8617122
0.8185945
0.
0.9024646
0.9009024
0.857295
0.1861728
0.861072
0.9040524
0.9066761
0.8554439
0.8999914
0.9024135
0.9051
0.9037801
0.9040576
0.9057834
0.8564976
0.876703
0.8721805
0.9188579
0.8556001
0.8946533
0.9060896
0.5121508
0.8990162
0.9093276
0.8945355
0.9032399
0.8866742
0.8903688
0.9017285
0.9047852
0.8522696
0.9091508
0.9086756
0.9076449
0.9051056
0.8653063
0.872552
0.8682971
0.867213
0.8687493
0.8747308
0.8719616
0.8732948
0.9067511
0.9044718
0.8717407
0.8275821
0.8693763
0.8672445
0.9081964
0.9124031
0.9119768
0.9042646
0.8998209
0.9055001
0.9096061
0.9041511
0.9084044
0.9059265
0.9072261
0.9088966
0.9084251
0.8955887
0.9038512
0.9001918
0.906299
0.9095507
0.8986354
0.9025792
0.9011871
0.9048922
0.9097567
0.904879
0.8587303
0.8573626
0.9173063
0.8289834
0.9374836
0.8637776
0.8629551
0.8975667
0.8982551
0.9043342
0.8360525
0.8274034
0.8351632
0.9112094
0.8538709
0.9178577
0.9297875
0.8261342
0.8313417
0.8311593
0.8387359
0.8276737
0.8275754
0.921076
0.9198356
0.9241002
0.9024646
0.
0.8235438
0.91778
0.9040715
0.9200358
0.8486679
0.8323434
0.908803
0.8230442
0.8340358
0.8345498
0.825122
0.8346776
0.8295214
0.9088152
0.9243237
0.9066683
0.8715967
0.9099017
0.8386812
0.8296043
0.902117
0.8341594
0.8265896
0.8311147
0.8285147
0.9138507
0.9195232
0.8247661
0.833663
0.900012
0.8313402
0.8317102
0.8364064
0.8312467
0.9232312
0.9125411
0.9147649
0.9127857
0.9140009
0.9122966
0.9154516
0.9152017
0.8216324
0.8174913
0.9194529
0.9025485
0.9091052
0.9065901
0.8252809
0.8643183
0.8766023
0.8779634
0.8613313
0.8682524
0.8924759
0.8817279
0.8875081
0.8859301
0.874664
0.8769024
0.8805925
0.8421053
0.8305325
0.8226912
0.8325903
0.8372743
0.8387614
0.8316943
0.8461278
0.8399271
0.8424838
0.8305411
0.9079433
0.9056266
0.8679977
0.8980671
0.8951422
0.9189914
0.9264309
0.8387269
0.8358347
0.8374137
0.7757033
0.7750522
0.7768743
0.9120384
0.8504268
0.9197022
0.9353891
0.7695019
0.7675887
0.7741415
0.7932468
0.7625751
0.7597613
0.9222058
0.9214016
0.9282302
0.9009024
0.8235438
0.
0.9194042
0.9020249
0.9231824
0.8138782
0.7662056
0.9074783
0.7625955
0.7659438
0.7652067
0.7560976
0.7718807
0.7645246
0.9088827
0.9334934
0.9023067
0.854681
0.9078084
0.8078646
0.7842555
0.9038494
0.780829
0.7559538
0.8117061
0.7664348
0.9168417
0.9227388
0.7663108
0.7588788
0.8979473
0.7695237
0.7753139
0.7621433
0.7601763
0.9268867
0.9100469
0.9136417
0.9114513
0.9120493
0.9125419
0.9129849
0.9152031
0.7749458
0.768386
0.922928
0.9048351
0.9129533
0.9074257
0.7508938
0.8544181
0.8742669
0.8800701
0.8589553
0.8672125
0.8979437
0.8790744
0.8895245
0.8920398
0.8762901
0.8768453
0.8780718
0.8224558
0.7748433
0.6509571
0.7659945
0.7656216
0.7980831
0.7800552
0.7946537
0.7958892
0.8100832
0.7755003
0.9099103
0.9038978
0.8409008
0.8954446
0.8686299
0.9255072
0.9328272
0.8231191
0.8198323
0.796765
0.9222915
0.9232784
0.9264455
0.8458208
0.9253743
0.6423358
0.845459
0.9253857
0.924772
0.9259155
0.9287127
0.9284933
0.9260629
0.8461279
0.8443842
0.8587288
0.857295
0.91778
0.9194042
0.
0.8567949
0.8410272
0.9207296
0.9289594
0.8444723
0.9247768
0.9227812
0.9283971
0.924838
0.9203611
0.9263096
0.8571963
0.8669391
0.8709365
0.934287
0.8485079
0.9181196
0.9253919
0.8575386
0.9185687
0.9303442
0.9103056
0.9245495
0.8954349
0.8937348
0.9200437
0.9278188
0.8493213
0.9258151
0.9283013
0.9270878
0.9293958
0.7199017
0.8697676
0.869026
0.8692236
0.8687539
0.8707236
0.8694298
0.8687679
0.9292054
0.9307432
0.8686315
0.858174
0.8689076
0.8671552
0.9299107
0.9216673
0.9192622
0.9115236
0.9131135
0.915359
0.9168184
0.9124447
0.9144759
0.912825
0.9188702
0.9179692
0.9171613
0.9178539
0.9225495
0.9202875
0.9256991
0.9281183
0.9216639
0.9209976
0.9233254
0.9224995
0.9271114
0.9260551
0.8422318
0.8647901
0.9315789
0.8622239
0.9505694
0.8401135
0.8473755
0.9205237
0.9202998
0.9224449
0.9079953
0.9064558
0.9064665
0.8585738
0.9111172
0.8583048
0.8667145
0.9056787
0.9018795
0.909251
0.9085653
0.9058932
0.9036757
0.8591928
0.8619057
0.8196102
0.1861728
0.9040715
0.9020249
0.8567949
0.
0.8619167
0.9054333
0.907271
0.8583656
0.9015588
0.9033471
0.9077668
0.9044816
0.9056413
0.9058
0.8564758
0.8781148
0.8744221
0.9194095
0.8587471
0.896333
0.906355
0.5159226
0.90085
0.9100287
0.8967091
0.9038771
0.8866913
0.891947
0.902131
0.9057771
0.8521591
0.9082561
0.9095537
0.9078078
0.9055125
0.8660536
0.8743515
0.8706328
0.869891
0.8715069
0.873771
0.8730458
0.8745471
0.9058469
0.9050325
0.8722281
0.8289098
0.8678139
0.8657557
0.9098882
0.9116153
0.9127575
0.9040179
0.9009555
0.9053864
0.9109819
0.9061886
0.9091828
0.9071933
0.908343
0.9092922
0.9073385
0.8961556
0.9050074
0.9018563
0.9070984
0.909474
0.9009383
0.9021812
0.9016677
0.9044296
0.9092389
0.9056372
0.8599355
0.8577798
0.9172744
0.8295685
0.9388881
0.8652595
0.8625024
0.8982344
0.8988755
0.9013913
0.9270005
0.9240701
0.9279247
0.7766861
0.9234332
0.8372659
0.841672
0.9261785
0.9243113
0.9288426
0.922794
0.9272134
0.9249369
0.7362887
0.7438744
0.8559139
0.861072
0.9200358
0.9231824
0.8410272
0.8619167
0.
0.921822
0.9292698
0.7710398
0.9244393
0.9253384
0.9257501
0.9226837
0.9193417
0.9244667
0.8561966
0.8721911
0.8753164
0.9284243
0.7739604
0.9164055
0.9256931
0.8595296
0.9194986
0.9302526
0.9094129
0.9249686
0.8882715
0.8885114
0.9208548
0.9255105
0.7871492
0.9281518
0.9277923
0.9251765
0.9271025
0.8506235
0.8760288
0.8758204
0.8752962
0.8770392
0.8770525
0.8729581
0.8728029
0.9287445
0.9265801
0.8677461
0.8618837
0.8652406
0.8661305
0.9297284
0.9190559
0.9084453
0.9062439
0.908071
0.913755
0.9086825
0.9069086
0.9087575
0.9029711
0.9122461
0.9136745
0.9127056
0.9108827
0.9262312
0.9215781
0.9272446
0.9273666
0.9195854
0.9210803
0.9247294
0.9203944
0.9242645
0.9216384
0.7744907
0.8674509
0.933205
0.8676054
0.9515436
0.8427959
0.8495332
0.9173164
0.9174856
0.9219352
0.833114
0.8233954
0.8279746
0.9151767
0.8561647
0.9213715
0.9341295
0.8194166
0.8161716
0.8208784
0.8341371
0.8186609
0.8271561
0.9217658
0.9202433
0.9247027
0.9040524
0.8486679
0.8138782
0.9207296
0.9054333
0.921822
0.
0.8252675
0.9143555
0.8187092
0.819012
0.8283597
0.814381
0.8241084
0.8203575
0.9154118
0.9307105
0.9093107
0.8774843
0.9123056
0.8290397
0.8350189
0.9042673
0.8206345
0.8242235
0.8335715
0.8251339
0.9197396
0.9239212
0.8290362
0.8219829
0.9037963
0.8310761
0.8315482
0.8243086
0.8229498
0.9256994
0.9142132
0.9149673
0.9140414
0.9141032
0.9159693
0.9181377
0.9171189
0.8220902
0.8190315
0.9238955
0.9065811
0.9130022
0.912181
0.8112646
0.8652004
0.8775908
0.8762219
0.8660148
0.8699115
0.8909258
0.8813103
0.884261
0.8894963
0.8762714
0.8773988
0.8800766
0.8404815
0.8256081
0.8078184
0.8270673
0.8200662
0.8329553
0.8327471
0.8418958
0.83427
0.8471965
0.8297031
0.914705
0.9054475
0.868356
0.901173
0.8879736
0.9256529
0.9287896
0.8427594
0.84199
0.841055
0.7942285
0.7767582
0.7881927
0.9236468
0.8505861
0.9238321
0.9426765
0.7034474
0.7808906
0.778171
0.7991415
0.7577731
0.6968335
0.9281965
0.9283276
0.9294072
0.9066761
0.8323434
0.7662056
0.9289594
0.907271
0.9292698
0.8252675
0.
0.9172087
0.7708697
0.7802706
0.6941728
0.6803517
0.7794059
0.6955401
0.9121433
0.9399513
0.9058331
0.8647283
0.9154698
0.8214566
0.7835071
0.9101715
0.7983092
0.6775883
0.8272955
0.7037783
0.9250238
0.9309762
0.7170664
0.6895579
0.9049266
0.6937919
0.7049264
0.6844757
0.6939122
0.9330458
0.9134966
0.9148148
0.913627
0.9142574
0.9172079
0.9178458
0.91994
0.7410961
0.7329513
0.9321233
0.906881
0.9175178
0.9125518
0.7586418
0.8663799
0.8956178
0.8945233
0.8709596
0.8805655
0.9099883
0.8923246
0.9032379
0.9064602
0.8847594
0.8888941
0.8930903
0.8361973
0.7042121
0.7730013
0.705237
0.7809491
0.8104629
0.7872687
0.7989228
0.8052211
0.8062608
0.7816732
0.9209156
0.906835
0.8421664
0.9017219
0.873555
0.9322568
0.9385873
0.8260301
0.8274172
0.7843631
0.9144048
0.9095411
0.9166363
0.4179983
0.9193363
0.8389869
0.853141
0.9116631
0.9133562
0.9126041
0.9104629
0.9137076
0.9134201
0.7777243
0.7780413
0.8582183
0.8554439
0.908803
0.9074783
0.8444723
0.8583656
0.7710398
0.9143555
0.9172087
0.
0.909224
0.9115276
0.9159542
0.9107041
0.9080255
0.9118739
0.8479156
0.8757165
0.8686013
0.9248849
0.676757
0.9081345
0.9135671
0.8595478
0.9113567
0.9153653
0.9001429
0.9119601
0.8873192
0.8914039
0.9069817
0.9072906
0.7189758
0.9126289
0.9157668
0.910588
0.9113255
0.8518519
0.8725344
0.8709991
0.8701813
0.8700045
0.8734674
0.8734659
0.8731842
0.9095423
0.9117452
0.8719851
0.8551202
0.8621765
0.861388
0.9115514
0.9152225
0.9131561
0.9095999
0.9064409
0.9101755
0.9161201
0.9077745
0.9164886
0.910595
0.9118377
0.9124015
0.9099316
0.907972
0.9108137
0.90928
0.9115219
0.9149535
0.9083826
0.9075447
0.9127531
0.909509
0.9136262
0.9085379
0.4724129
0.8597808
0.92125
0.8587002
0.9412982
0.8472961
0.8458297
0.9068146
0.9065363
0.9093713
0.7747322
0.7681606
0.7643728
0.9116751
0.8453126
0.9217811
0.9355816
0.7728511
0.7512452
0.7609805
0.7862628
0.7673213
0.771618
0.9185533
0.9222281
0.9254194
0.8999914
0.8230442
0.7625955
0.9247768
0.9015588
0.9244393
0.8187092
0.7708697
0.909224
0.
0.5903216
0.767018
0.7574911
0.7508525
0.7742085
0.9134851
0.9316086
0.9038397
0.8567722
0.907181
0.80314
0.781906
0.9034659
0.7473552
0.7615389
0.8132767
0.7693979
0.916338
0.920847
0.7782288
0.7642819
0.8981568
0.7649289
0.7770657
0.766455
0.7628964
0.9286265
0.9138865
0.9140317
0.9131571
0.9141257
0.9175095
0.9156137
0.917236
0.7735629
0.7633331
0.9261624
0.9012178
0.9117537
0.9119374
0.7221418
0.8526548
0.8758164
0.8732741
0.8517153
0.8629663
0.8899931
0.8741854
0.8838934
0.8824651
0.8693964
0.8682246
0.8757513
0.8225244
0.775442
0.7612608
0.7749395
0.7290832
0.7974192
0.7923151
0.8050906
0.8024093
0.8127695
0.7914418
0.913423
0.9005572
0.8416062
0.8965547
0.8777297
0.9288475
0.9326725
0.8121334
0.8134931
0.8014685
0.7745647
0.7753739
0.7666649
0.9147625
0.8481768
0.923508
0.9372949
0.7838565
0.7677323
0.773941
0.78975
0.7695539
0.7820338
0.9219861
0.922738
0.9267395
0.9024135
0.8340358
0.7659438
0.9227812
0.9033471
0.9253384
0.819012
0.7802706
0.9115276
0.5903216
0.
0.7768238
0.767589
0.763249
0.7822232
0.9144876
0.9338497
0.9025247
0.8605097
0.9082829
0.8083797
0.7917988
0.9021907
0.7560885
0.7714551
0.818388
0.7745414
0.9192027
0.9256301
0.7811613
0.7718524
0.9002825
0.7774335
0.784294
0.7810766
0.7736141
0.9271721
0.9159756
0.9158635
0.9153574
0.9155124
0.9156999
0.9172749
0.9199563
0.7854404
0.7752477
0.9282711
0.9069055
0.9104034
0.9120888
0.7305781
0.8570904
0.8800036
0.8767528
0.8555481
0.8658838
0.8932642
0.8752902
0.886514
0.8871816
0.8701393
0.8757778
0.8784674
0.8287511
0.784726
0.7669779
0.7782624
0.7417944
0.8075512
0.7993743
0.8081092
0.8070458
0.8166675
0.8009827
0.9143009
0.906187
0.8413454
0.8972996
0.875274
0.9290101
0.9322512
0.8203498
0.8222643
0.8105098
0.7944837
0.7783903
0.785377
0.9191221
0.8541384
0.9271963
0.9421718
0.676172
0.7764
0.7791928
0.7960526
0.7501578
0.6710535
0.9272564
0.9284888
0.9320918
0.9051
0.8345498
0.7652067
0.9283971
0.9077668
0.9257501
0.8283597
0.6941728
0.9159542
0.767018
0.7768238
0.
0.6500483
0.7744703
0.6863862
0.9148407
0.938806
0.9058636
0.861382
0.9142266
0.8160175
0.7716677
0.9114398
0.7966385
0.6531881
0.8182665
0.6975077
0.9228637
0.9291122
0.6915234
0.6586235
0.9020579
0.6779119
0.6912823
0.6766308
0.6819162
0.9338267
0.915637
0.9166047
0.9162486
0.9169357
0.9201622
0.9199078
0.9224052
0.7326158
0.7154954
0.9314757
0.9092606
0.9152882
0.9130263
0.7406867
0.8647916
0.8891005
0.8877839
0.8700919
0.8764628
0.9100952
0.8940971
0.903381
0.9029605
0.8845189
0.8884068
0.8932651
0.8343856
0.7103303
0.7632691
0.6938652
0.7758803
0.8075334
0.7839857
0.7895192
0.8015478
0.8140143
0.78596
0.9193025
0.9040689
0.8324798
0.8986179
0.8680677
0.930974
0.9383721
0.8230281
0.8230739
0.7816193
0.7917529
0.763213
0.7715687
0.9129297
0.842674
0.9225346
0.9391312
0.6261067
0.7690008
0.7732168
0.7970716
0.7527438
0.6403244
0.9243062
0.9235071
0.9260684
0.9037801
0.825122
0.7560976
0.924838
0.9044816
0.9226837
0.814381
0.6803517
0.9107041
0.7574911
0.767589
0.6500483
0.
0.7635356
0.6660671
0.9095696
0.9364297
0.9019945
0.8575613
0.911444
0.8011062
0.7698985
0.9056822
0.7871477
0.6098901
0.8079198
0.6856166
0.9197531
0.9280588
0.6628084
0.6254955
0.8984226
0.6632401
0.6723898
0.6636487
0.6572205
0.9280896
0.914524
0.9147735
0.9139053
0.9146823
0.9173751
0.9173625
0.9202229
0.7285879
0.7040687
0.9291295
0.9013809
0.9167529
0.9124907
0.7371439
0.8623103
0.8847575
0.8835549
0.8645775
0.8676974
0.906438
0.8879448
0.9021508
0.8994948
0.8791711
0.8848717
0.8861327
0.8249501
0.6891779
0.7606047
0.6705755
0.7633619
0.797914
0.7734245
0.7895939
0.8008203
0.8026911
0.7825533
0.9130017
0.9021916
0.8330798
0.8943239
0.8682776
0.9276801
0.9354321
0.8169866
0.8184085
0.7784364
0.7949816
0.7877898
0.7819868
0.9151169
0.8568759
0.9215337
0.9371011
0.777841
0.7747762
0.7867288
0.7963243
0.7720845
0.7736514
0.918778
0.9200113
0.9252176
0.9040576
0.8346776
0.7718807
0.9203611
0.9056413
0.9193417
0.8241084
0.7794059
0.9080255
0.7508525
0.763249
0.7744703
0.7635356
0.
0.773309
0.910511
0.932161
0.9046965
0.8590455
0.9076789
0.8159179
0.7930914
0.9056691
0.7754619
0.7661832
0.8174037
0.7750014
0.9151543
0.9204767
0.7746606
0.7726536
0.8957535
0.7719188
0.7807177
0.7733939
0.7703815
0.9304961
0.9118093
0.910148
0.9103624
0.9110992
0.9122214
0.9144076
0.9163696
0.781577
0.7709852
0.9239942
0.9044551
0.912326
0.9121969
0.7370834
0.8623168
0.8806902
0.8776811
0.8623161
0.865821
0.9006946
0.8804079
0.8934338
0.891123
0.8751477
0.8820654
0.8794342
0.8284778
0.7803452
0.7770396
0.7797671
0.7636943
0.8113588
0.8007995
0.8067882
0.810311
0.827234
0.8007154
0.9111038
0.9065626
0.8424049
0.895554
0.8790947
0.9275759
0.9311561
0.8191859
0.8196568
0.8039706
0.7903921
0.7799943
0.7785738
0.9157057
0.8510575
0.9250812
0.9411154
0.6947463
0.7782472
0.7835449
0.8045663
0.7591018
0.6907015
0.9256896
0.9265808
0.9321011
0.9057834
0.8295214
0.7645246
0.9263096
0.9058
0.9244667
0.8203575
0.6955401
0.9118739
0.7742085
0.7822232
0.6863862
0.6660671
0.773309
0.
0.912618
0.9393127
0.9033776
0.8612367
0.9106748
0.8171829
0.784973
0.9085612
0.7979655
0.6733803
0.8218065
0.6899308
0.9225854
0.9312524
0.715387
0.6899144
0.9012097
0.6937922
0.6992505
0.6897868
0.6842209
0.9314398
0.9155886
0.9147693
0.9153065
0.91547
0.9199367
0.9212075
0.9226901
0.7383488
0.7271086
0.9300089
0.9057074
0.9151072
0.9138213
0.7518123
0.869352
0.8882719
0.8914324
0.8718836
0.879378
0.9111712
0.8929148
0.9054161
0.9033251
0.8834722
0.8879701
0.8941876
0.8371174
0.6998746
0.7691181
0.7079761
0.7771409
0.8058399
0.7831224
0.79567
0.8037001
0.8169448
0.7844178
0.9150809
0.9011306
0.8418294
0.8976796
0.8676015
0.9297906
0.935784
0.8254227
0.8268071
0.7825261
0.9151178
0.9079359
0.9163035
0.8535836
0.9149946
0.8519424
0.8512537
0.9142269
0.9103327
0.9128205
0.9125798
0.914347
0.9125141
0.8559313
0.8547098
0.8622133
0.8564976
0.9088152
0.9088827
0.8571963
0.8564758
0.8561966
0.9154118
0.9121433
0.8479156
0.9134851
0.9144876
0.9148407
0.9095696
0.910511
0.912618
0.
0.8711538
0.8558978
0.9281138
0.8483183
0.9088827
0.9171439
0.8594881
0.9108319
0.9161493
0.904338
0.9110338
0.8980597
0.9003147
0.9124063
0.9119115
0.8475939
0.9120615
0.9120185
0.9148103
0.9131189
0.8582577
0.8690675
0.867387
0.8685182
0.8682139
0.8699839
0.8718807
0.8718922
0.9135051
0.914889
0.8685974
0.8508336
0.8629994
0.8617489
0.9156936
0.9189414
0.9180165
0.9164892
0.9124284
0.9162826
0.9228814
0.9167654
0.9206037
0.919908
0.9152992
0.9171373
0.9195537
0.9074164
0.9107241
0.9080492
0.9120433
0.9188502
0.909374
0.9061295
0.9080422
0.9127644
0.9146084
0.9121596
0.8474906
0.8557466
0.9233856
0.8524389
0.9387401
0.8458073
0.8467465
0.9127719
0.9103629
0.9067469
0.9332298
0.9301585
0.934969
0.8780877
0.9336247
0.8687363
0.8652099
0.936578
0.9314734
0.9314604
0.9309426
0.9358138
0.9385189
0.8725631
0.8725929
0.8767843
0.876703
0.9243237
0.9334934
0.8669391
0.8781148
0.8721911
0.9307105
0.9399513
0.8757165
0.9316086
0.9338497
0.938806
0.9364297
0.932161
0.9393127
0.8711538
0.
0.8505125
0.9394427
0.879295
0.9274338
0.9378866
0.8754605
0.9281364
0.9378512
0.9248748
0.9337435
0.903521
0.9014069
0.9283463
0.9382365
0.8795917
0.9365073
0.9365993
0.9363446
0.9402903
0.8770401
0.8848214
0.8865835
0.8872743
0.8862551
0.8911864
0.8894426
0.8869776
0.937146
0.9400728
0.8857332
0.8809586
0.8834074
0.8768974
0.9390372
0.9252101
0.9212367
0.9204155
0.9160621
0.9250463
0.9220217
0.9158052
0.918964
0.9225088
0.9245524
0.9230972
0.9247437
0.9238992
0.9342525
0.9323524
0.936432
0.9360103
0.9292628
0.9327189
0.9303058
0.9354582
0.9356602
0.9330223
0.8768302
0.8863385
0.9412747
0.8840191
0.9526741
0.8653381
0.8651192
0.9270102
0.9270909
0.9332332
0.9070614
0.8994327
0.9044921
0.8724961
0.9145082
0.866923
0.8760003
0.9029698
0.9023896
0.9045439
0.9068465
0.9080879
0.9021188
0.8711208
0.8726557
0.8844294
0.8721805
0.9066683
0.9023067
0.8709365
0.8744221
0.8753164
0.9093107
0.9058331
0.8686013
0.9038397
0.9025247
0.9058636
0.9019945
0.9046965
0.9033776
0.8558978
0.8505125
0.
0.9259932
0.8666868
0.903764
0.9063088
0.8727706
0.9034213
0.9066927
0.9000736
0.9029206
0.9017499
0.906806
0.9016635
0.9025562
0.8548689
0.9000262
0.9049608
0.9065383
0.9044182
0.8787387
0.8782441
0.8778361
0.8781413
0.8800965
0.8801161
0.880849
0.8800357
0.9050893
0.9041743
0.8826031
0.8760533
0.8784295
0.8770229
0.9060572
0.9172485
0.9215822
0.9208862
0.9135513
0.9186678
0.9270806
0.92123
0.923725
0.9243914
0.9170505
0.9173308
0.9222941
0.907472
0.8984765
0.9015058
0.9058355
0.9059315
0.9056248
0.9078014
0.9038758
0.9087749
0.910829
0.9041354
0.8709119
0.8709774
0.9139148
0.8668239
0.9280789
0.8746752
0.8744022
0.9039927
0.9048013
0.9013114
0.8672659
0.8633105
0.8682615
0.9272053
0.8899465
0.930991
0.9406261
0.8574965
0.8621105
0.8691825
0.8651661
0.8612418
0.8588537
0.9289961
0.9307645
0.9324312
0.9188579
0.8715967
0.854681
0.934287
0.9194095
0.9284243
0.8774843
0.8647283
0.9248849
0.8567722
0.8605097
0.861382
0.8575613
0.8590455
0.8612367
0.9281138
0.9394427
0.9259932
0.
0.9219334
0.8718082
0.8651364
0.919402
0.8647447
0.8614232
0.8597021
0.8604423
0.9308489
0.9330862
0.8637735
0.8625364
0.9230563
0.8588997
0.8614536
0.8639598
0.868284
0.9375917
0.9252985
0.9237569
0.9253258
0.9245999
0.9284708
0.9288538
0.9297668
0.8594223
0.8616687
0.934919
0.9168876
0.9236755
0.9241715
0.8600799
0.8887797
0.8906677
0.888676
0.8830046
0.8830389
0.9023663
0.8894452
0.8971443
0.8989059
0.893864
0.8873752
0.896483
0.8654372
0.8622669
0.8547822
0.8554544
0.867018
0.8546521
0.8593294
0.8628319
0.862398
0.8703429
0.8563173
0.9261688
0.9212574
0.8871093
0.9171699
0.9226595
0.9349534
0.9373001
0.862577
0.862124
0.8649572
0.9111439
0.9091097
0.9088676
0.6859356
0.9175484
0.8414578
0.8571806
0.909375
0.9096777
0.9095207
0.9112397
0.911007
0.9118843
0.781583
0.7807839
0.8682958
0.8556001
0.9099017
0.9078084
0.8485079
0.8587471
0.7739604
0.9123056
0.9154698
0.676757
0.907181
0.9082829
0.9142266
0.911444
0.9076789
0.9106748
0.8483183
0.879295
0.8666868
0.9219334
0.
0.9057988
0.9112223
0.8592306
0.9112046
0.9151152
0.9024301
0.9107776
0.8924587
0.8942223
0.9062878
0.9109895
0.7282008
0.912846
0.9139302
0.9114748
0.9104451
0.8563199
0.8754883
0.8730854
0.8745381
0.8752053
0.8748784
0.8719254
0.8732036
0.9099917
0.9098895
0.873979
0.8606923
0.8628565
0.8610365
0.9124719
0.9140493
0.9120031
0.9114132
0.9084189
0.9138826
0.9180674
0.9118011
0.917103
0.9153035
0.9142726
0.9150474
0.9130319
0.9046979
0.9107911
0.9056294
0.9103491
0.9136356
0.9048313
0.9062048
0.9105745
0.9102089
0.9128271
0.9093755
0.6841828
0.8599871
0.9208492
0.8602167
0.9405243
0.8498405
0.8509034
0.9051978
0.9054619
0.9068326
0.8241049
0.812528
0.823908
0.9090368
0.8480813
0.9161305
0.9274629
0.8127134
0.8122865
0.8185297
0.836556
0.8223207
0.8177494
0.913648
0.9149949
0.9187751
0.8946533
0.8386812
0.8078646
0.9181196
0.896333
0.9164055
0.8290397
0.8214566
0.9081345
0.80314
0.8083797
0.8160175
0.8011062
0.8159179
0.8171829
0.9088827
0.9274338
0.903764
0.8718082
0.9057988
0.
0.8193949
0.8985267
0.8214182
0.8122746
0.8141257
0.8174979
0.9107621
0.9173741
0.8118616
0.8162217
0.8980233
0.8202171
0.8206573
0.8225815
0.8131541
0.9237874
0.907901
0.9097813
0.9082213
0.9089723
0.9114264
0.9091915
0.9115163
0.8102735
0.8054411
0.9190794
0.8993756
0.9087864
0.9073898
0.8016529
0.8298518
0.8334704
0.8318224
0.8166587
0.8272545
0.8505464
0.8446098
0.8458855
0.8448448
0.8364715
0.844189
0.8428826
0.7869122
0.8246607
0.8092913
0.8159411
0.815535
0.8231954
0.8261723
0.8354071
0.8327279
0.842274
0.8237552
0.9102208
0.9048587
0.8641572
0.8968617
0.8902855
0.9192493
0.9227104
0.8178222
0.8183301
0.8401466
0.8160894
0.7980096
0.8068973
0.9178398
0.8504944
0.9265975
0.9419366
0.7785138
0.8014883
0.8091406
0.8148834
0.784122
0.7767925
0.926475
0.9265108
0.9310768
0.9060896
0.8296043
0.7842555
0.9253919
0.906355
0.9256931
0.8350189
0.7835071
0.9135671
0.781906
0.7917988
0.7716677
0.7698985
0.7930914
0.784973
0.9171439
0.9378866
0.9063088
0.8651364
0.9112223
0.8193949
0.
0.9070756
0.8152095
0.7704101
0.8116209
0.7811677
0.9215721
0.9281143
0.7775232
0.7710245
0.9040966
0.7821104
0.7876364
0.769463
0.7683612
0.9325296
0.9180824
0.9186411
0.9181822
0.9184474
0.9182276
0.919831
0.9214565
0.7757009
0.7604779
0.9316692
0.9061077
0.915111
0.9161875
0.7728157
0.8659727
0.8831511
0.8812235
0.8659675
0.8734718
0.9059324
0.8897091
0.8974023
0.8938272
0.8781746
0.8816455
0.8853481
0.8304536
0.7897287
0.7873613
0.7723541
0.7979792
0.8088196
0.7993444
0.8096633
0.8175368
0.8212563
0.7969079
0.9152769
0.9083635
0.8321505
0.8954699
0.8825159
0.9312538
0.9352147
0.8178365
0.8160704
0.7844235
0.9089846
0.9052446
0.9091997
0.8591878
0.91325
0.8533501
0.8669554
0.9056115
0.9015955
0.9110007
0.9089449
0.9077943
0.9040512
0.859883
0.8594431
0.8149978
0.5121508
0.902117
0.9038494
0.8575386
0.5159226
0.8595296
0.9042673
0.9101715
0.8595478
0.9034659
0.9021907
0.9114398
0.9056822
0.9056691
0.9085612
0.8594881
0.8754605
0.8727706
0.919402
0.8592306
0.8985267
0.9070756
0.
0.8998022
0.9119932
0.8968957
0.9062365
0.8902279
0.8935558
0.9046601
0.9075519
0.8578301
0.9104269
0.9100971
0.9086579
0.9080638
0.864759
0.8749531
0.8742273
0.8734849
0.8739458
0.8760309
0.8753901
0.874727
0.9087221
0.9057528
0.8715641
0.8279136
0.868565
0.8679782
0.9117621
0.9144412
0.911278
0.9078697
0.9016619
0.9062671
0.9116732
0.9042816
0.9131645
0.9091909
0.9086581
0.9057895
0.9102698
0.8973925
0.9056522
0.9033047
0.9114458
0.9090794
0.900012
0.902539
0.9041056
0.9075703
0.9101862
0.9059425
0.8598038
0.8566438
0.9183708
0.8311642
0.9401077
0.8617674
0.8664784
0.9013748
0.9003063
0.9024182
0.7824188
0.7938347
0.7775017
0.9140213
0.8492893
0.9149934
0.933276
0.7884056
0.7596916
0.7758657
0.7957585
0.7869312
0.7919752
0.9170226
0.9191255
0.9180262
0.8990162
0.8341594
0.780829
0.9185687
0.90085
0.9194986
0.8206345
0.7983092
0.9113567
0.7473552
0.7560885
0.7966385
0.7871477
0.7754619
0.7979655
0.9108319
0.9281364
0.9034213
0.8647447
0.9112046
0.8214182
0.8152095
0.8998022
0.
0.7932926
0.8289364
0.7893289
0.9174761
0.9241554
0.7923823
0.7915883
0.8991476
0.7987606
0.8013777
0.7949473
0.7929338
0.9234889
0.9120118
0.9140208
0.9143944
0.9140681
0.9146425
0.9133312
0.9161629
0.7979394
0.7919776
0.9219929
0.8998482
0.9079296
0.9069861
0.7252234
0.8588622
0.8700032
0.8649206
0.8574789
0.8582684
0.8900459
0.8744228
0.8873593
0.8817966
0.8698575
0.874111
0.8713372
0.8306878
0.7899458
0.7874513
0.7984152
0.7405653
0.8111415
0.8093834
0.8223831
0.8153333
0.8256348
0.814012
0.9107085
0.9008763
0.8583596
0.8972899
0.8903663
0.9228793
0.9279347
0.8261
0.8276121
0.8247747
0.7902407
0.766794
0.7769859
0.9177385
0.8489354
0.9287769
0.9424961
0.6517882
0.7672982
0.7721378
0.8008765
0.7434102
0.6319294
0.9281893
0.9275861
0.9317491
0.9093276
0.8265896
0.7559538
0.9303442
0.9100287
0.9302526
0.8242235
0.6775883
0.9153653
0.7615389
0.7714551
0.6531881
0.6098901
0.7661832
0.6733803
0.9161493
0.9378512
0.9066927
0.8614232
0.9151152
0.8122746
0.7704101
0.9119932
0.7932926
0.
0.8201076
0.6791932
0.9235315
0.9310226
0.6583283
0.6199306
0.901952
0.665879
0.6783923
0.6660697
0.6609424
0.9321744
0.9131062
0.9143535
0.9136669
0.9147379
0.9178863
0.9193837
0.9223597
0.721907
0.7009542
0.9318241
0.909176
0.9188566
0.9156722
0.7389835
0.8676884
0.8919289
0.8897146
0.8732286
0.8744957
0.9139498
0.894333
0.9083821
0.90688
0.8876876
0.8874964
0.8960884
0.8315515
0.6879142
0.7634696
0.6776024
0.7658791
0.806383
0.7811561
0.7937752
0.7996698
0.8091477
0.7802398
0.9183449
0.9046518
0.8317527
0.9018231
0.864964
0.933516
0.9399049
0.8193082
0.8227204
0.7743225
0.8358668
0.8193535
0.8291592
0.9031352
0.8498737
0.9109521
0.9235606
0.8197301
0.8199537
0.8315376
0.833284
0.8245342
0.8159109
0.9081502
0.9089962
0.9130364
0.8945355
0.8311147
0.8117061
0.9103056
0.8967091
0.9094129
0.8335715
0.8272955
0.9001429
0.8132767
0.818388
0.8182665
0.8079198
0.8174037
0.8218065
0.904338
0.9248748
0.9000736
0.8597021
0.9024301
0.8141257
0.8116209
0.8968957
0.8289364
0.8201076
0.
0.8181386
0.9074612
0.9141701
0.8077212
0.8178118
0.895253
0.8231369
0.8215737
0.8183604
0.8155762
0.9202184
0.9065195
0.907244
0.9060479
0.9078756
0.9098109
0.910212
0.9110914
0.8095212
0.8107629
0.9132248
0.8933047
0.906809
0.9031891
0.8126178
0.8474839
0.8514378
0.843264
0.8265123
0.8371846
0.8569282
0.8452178
0.8538479
0.8520636
0.8422688
0.8465751
0.8494263
0.8059065
0.8258985
0.8142599
0.8210802
0.8310451
0.8177123
0.8275724
0.8358493
0.8313797
0.8482987
0.8243429
0.9024211
0.9015591
0.8593578
0.8943224
0.9027299
0.9148945
0.9203487
0.8115868
0.8105381
0.8332253
0.7874727
0.7793839
0.7843589
0.9152334
0.8495257
0.9195518
0.9394251
0.7012709
0.7776668
0.7754323
0.7919135
0.7593094
0.6963271
0.9240758
0.9204612
0.9291779
0.9032399
0.8285147
0.7664348
0.9245495
0.9038771
0.9249686
0.8251339
0.7037783
0.9119601
0.7693979
0.7745414
0.6975077
0.6856166
0.7750014
0.6899308
0.9110338
0.9337435
0.9029206
0.8604423
0.9107776
0.8174979
0.7811677
0.9062365
0.7893289
0.6791932
0.8181386
0.
0.920181
0.9274244
0.7140565
0.7022915
0.8998268
0.6973062
0.6981465
0.7002503
0.6989659
0.9311341
0.9116814
0.9120496
0.9109272
0.9115949
0.9116433
0.9143172
0.9162966
0.7392294
0.7242584
0.9264116
0.9015201
0.9083853
0.9072517
0.7516162
0.8653069
0.8850412
0.8837677
0.8639168
0.8712359
0.9055445
0.8873054
0.8998985
0.8976308
0.8820589
0.8804445
0.8893676
0.8303334
0.6458762
0.7686074
0.7171295
0.7814503
0.8042442
0.7852286
0.7966242
0.8010951
0.8085398
0.7835301
0.9144768
0.9015067
0.8400652
0.8958952
0.8708513
0.9258056
0.9318595
0.8254937
0.8236492
0.7826323
0.9231808
0.9176796
0.9241648
0.8881812
0.92265
0.8947388
0.8968661
0.9188768
0.9197868
0.9230135
0.9211692
0.9236681
0.9220133
0.8891705
0.8926761
0.8957808
0.8866742
0.9138507
0.9168417
0.8954349
0.8866913
0.8882715
0.9197396
0.9250238
0.8873192
0.916338
0.9192027
0.9228637
0.9197531
0.9151543
0.9225854
0.8980597
0.903521
0.9017499
0.9308489
0.8924587
0.9107621
0.9215721
0.8902279
0.9174761
0.9235315
0.9074612
0.920181
0.
0.7258181
0.9125114
0.921232
0.8865995
0.9217508
0.9227781
0.9216719
0.9222038
0.9002404
0.9038377
0.9050844
0.9050055
0.9052997
0.904446
0.9015293
0.9027717
0.9210984
0.9244609
0.899692
0.8918808
0.895153
0.8952423
0.9257841
0.9161697
0.9135908
0.9100529
0.9059502
0.911808
0.9079604
0.9067131
0.9090557
0.9085306
0.910704
0.9121541
0.9112574
0.9084263
0.9212629
0.9164383
0.9242099
0.9221835
0.9136725
0.9162887
0.9201323
0.9191348
0.9222574
0.9191002
0.888777
0.8996458
0.9242806
0.8956071
0.9476669
0.8942188
0.8979241
0.9121571
0.9126004
0.9175353
0.9265297
0.9248433
0.9283835
0.891883
0.9280614
0.8946474
0.9002808
0.9266672
0.9251225
0.9290039
0.9255332
0.9303258
0.92841
0.8883087
0.8930137
0.8947041
0.8903688
0.9195232
0.9227388
0.8937348
0.891947
0.8885114
0.9239212
0.9309762
0.8914039
0.920847
0.9256301
0.9291122
0.9280588
0.9204767
0.9312524
0.9003147
0.9014069
0.906806
0.9330862
0.8942223
0.9173741
0.9281143
0.8935558
0.9241554
0.9310226
0.9141701
0.9274244
0.7258181
0.
0.9217564
0.9286171
0.8928768
0.9301286
0.9289574
0.9265976
0.9277783
0.9017329
0.9025972
0.9039031
0.9041832
0.904157
0.8996878
0.897877
0.8992273
0.9271365
0.9287472
0.8972203
0.8956506
0.8934501
0.8965103
0.9324165
0.9173294
0.9127628
0.9067109
0.9053351
0.9151974
0.9107697
0.9073268
0.9092124
0.910046
0.9147953
0.9120578
0.9105543
0.913929
0.9266669
0.921483
0.9307257
0.9277911
0.9180359
0.9201553
0.9222741
0.9234417
0.9261996
0.9209675
0.8911727
0.9029602
0.9331041
0.8950547
0.952135
0.8921273
0.8956798
0.9157249
0.9178299
0.9259674
0.7976007
0.7800371
0.7922976
0.9106783
0.8452919
0.9194919
0.9378155
0.6541872
0.7833991
0.7902145
0.8058846
0.7751585
0.6741933
0.919534
0.9233928
0.9238059
0.9017285
0.8247661
0.7663108
0.9200437
0.902131
0.9208548
0.8290362
0.7170664
0.9069817
0.7782288
0.7811613
0.6915234
0.6628084
0.7746606
0.715387
0.9124063
0.9283463
0.9016635
0.8637735
0.9062878
0.8118616
0.7775232
0.9046601
0.7923823
0.6583283
0.8077212
0.7140565
0.9125114
0.9217564
0.
0.6644446
0.8945871
0.6998414
0.7047077
0.6919573
0.6847409
0.925476
0.9095325
0.9088649
0.9082039
0.9091104
0.9106018
0.9106525
0.9131641
0.7415362
0.7317384
0.9230899
0.9004841
0.9107667
0.9079128
0.7577226
0.8602326
0.8794028
0.877552
0.8576681
0.8647596
0.8945466
0.8783642
0.8899611
0.8874857
0.8711255
0.8754976
0.8811179
0.8235325
0.7235301
0.7764327
0.7090056
0.7834982
0.8078189
0.7981495
0.8059965
0.8044684
0.8133622
0.7941077
0.9080212
0.8981365
0.8393689
0.8911538
0.8790277
0.9243416
0.9298268
0.8160782
0.8144481
0.7874811
0.7946463
0.7721
0.7862531
0.9124766
0.8496905
0.9245685
0.9398907
0.647702
0.7764074
0.7756481
0.7998779
0.7550373
0.5651355
0.9257327
0.9253077
0.9296381
0.9047852
0.833663
0.7588788
0.9278188
0.9057771
0.9255105
0.8219829
0.6895579
0.9072906
0.7642819
0.7718524
0.6586235
0.6254955
0.7726536
0.6899144
0.9119115
0.9382365
0.9025562
0.8625364
0.9109895
0.8162217
0.7710245
0.9075519
0.7915883
0.6199306
0.8178118
0.7022915
0.921232
0.9286171
0.6644446
0.
0.8983081
0.6801001
0.6883261
0.6633333
0.6718823
0.9297778
0.9170221
0.9140387
0.914584
0.915031
0.9192195
0.9202277
0.9229345
0.7366548
0.7125578
0.9311446
0.9039883
0.9146189
0.9112805
0.7370443
0.8686284
0.8890663
0.8895033
0.871446
0.8775807
0.9107968
0.8918373
0.9032699
0.9031671
0.8819611
0.8867311
0.8906717
0.8357173
0.7059344
0.7667295
0.6834552
0.7667232
0.8090671
0.7833637
0.7948295
0.7987368
0.8056792
0.7874107
0.9112628
0.9016885
0.8330519
0.8950526
0.8676279
0.9316457
0.9381677
0.8212195
0.8240577
0.7815706
0.9027084
0.8982149
0.9025014
0.7292197
0.9101569
0.8460189
0.8535855
0.9006535
0.8968896
0.9014698
0.9031196
0.8992221
0.9010401
0.7885621
0.786187
0.8666465
0.8522696
0.900012
0.8979473
0.8493213
0.8521591
0.7871492
0.9037963
0.9049266
0.7189758
0.8981568
0.9002825
0.9020579
0.8984226
0.8957535
0.9012097
0.8475939
0.8795917
0.8548689
0.9230563
0.7282008
0.8980233
0.9040966
0.8578301
0.8991476
0.901952
0.895253
0.8998268
0.8865995
0.8928768
0.8945871
0.8983081
0.
0.9028969
0.9058695
0.9017758
0.9011164
0.8545029
0.8688217
0.866483
0.8664758
0.8677462
0.8731834
0.8699214
0.8711629
0.9005474
0.9014211
0.8732142
0.8536848
0.8621821
0.8580991
0.899535
0.9114557
0.9118265
0.9096487
0.9055096
0.9104368
0.9216821
0.9146954
0.9183916
0.9138266
0.9099716
0.9140478
0.9126522
0.9017594
0.9008275
0.8963458
0.8996385
0.9024852
0.9000317
0.8998458
0.901946
0.9007341
0.9062209
0.9012226
0.7207989
0.8549793
0.9087944
0.8539794
0.9293601
0.8519658
0.8553224
0.8977596
0.8981656
0.8991863
0.7958505
0.7783453
0.7841662
0.9153826
0.8487378
0.9242226
0.9419532
0.681455
0.7810059
0.7810708
0.7976818
0.7592683
0.6872956
0.9278981
0.9279828
0.9317409
0.9091508
0.8313402
0.7695237
0.9258151
0.9082561
0.9281518
0.8310761
0.6937919
0.9126289
0.7649289
0.7774335
0.6779119
0.6632401
0.7719188
0.6937922
0.9120615
0.9365073
0.9000262
0.8588997
0.912846
0.8202171
0.7821104
0.9104269
0.7987606
0.665879
0.8231369
0.6973062
0.9217508
0.9301286
0.6998414
0.6801001
0.9028969
0.
0.5996138
0.6892034
0.6914588
0.9295173
0.9117823
0.9126711
0.9107842
0.9120695
0.9150655
0.9170554
0.9182215
0.7361486
0.7210236
0.9279767
0.9071931
0.9139045
0.91125
0.7506763
0.8676711
0.8917784
0.8871922
0.867744
0.8732923
0.9079181
0.8944948
0.9035313
0.9048858
0.8847445
0.888028
0.8928973
0.833069
0.703956
0.771623
0.696054
0.7746956
0.811592
0.7843655
0.7987133
0.8045775
0.8122199
0.7858161
0.9129269
0.9035756
0.8391485
0.8979763
0.8728222
0.9290282
0.9353425
0.8228083
0.82099
0.7811944
0.7978592
0.7853193
0.7883633
0.9166452
0.8509589
0.9230444
0.9397545
0.6934415
0.7859981
0.7916479
0.7994076
0.7687731
0.6938098
0.9273169
0.9290664
0.9312442
0.9086756
0.8317102
0.7753139
0.9283013
0.9095537
0.9277923
0.8315482
0.7049264
0.9157668
0.7770657
0.784294
0.6912823
0.6723898
0.7807177
0.6992505
0.9120185
0.9365993
0.9049608
0.8614536
0.9139302
0.8206573
0.7876364
0.9100971
0.8013777
0.6783923
0.8215737
0.6981465
0.9227781
0.9289574
0.7047077
0.6883261
0.9058695
0.5996138
0.
0.7021249
0.690624
0.9312667
0.9136014
0.9139369
0.912939
0.913708
0.9177671
0.919971
0.9225589
0.7386976
0.7305813
0.9327162
0.9085318
0.9149291
0.9145755
0.7498462
0.8717506
0.8937366
0.8895124
0.8710471
0.8787995
0.9123958
0.896697
0.9029217
0.9061836
0.8881663
0.890706
0.8944044
0.8410415
0.7133019
0.7746676
0.7060813
0.7802424
0.8119702
0.7902919
0.8037435
0.8066884
0.8131798
0.794419
0.9162572
0.9052485
0.8409518
0.9001191
0.8715426
0.9293465
0.9352119
0.8270358
0.8282894
0.7836712
0.8018028
0.7785099
0.7869799
0.9146795
0.8484544
0.9235849
0.9431713
0.67501
0.7806596
0.7791681
0.7994637
0.7523684
0.6855329
0.9259986
0.927592
0.927655
0.9076449
0.8364064
0.7621433
0.9270878
0.9078078
0.9251765
0.8243086
0.6844757
0.910588
0.766455
0.7810766
0.6766308
0.6636487
0.7733939
0.6897868
0.9148103
0.9363446
0.9065383
0.8639598
0.9114748
0.8225815
0.769463
0.9086579
0.7949473
0.6660697
0.8183604
0.7002503
0.9216719
0.9265976
0.6919573
0.6633333
0.9017758
0.6892034
0.7021249
0.
0.6771717
0.9312001
0.9137669
0.914772
0.9144201
0.9145858
0.9167248
0.9171847
0.9193086
0.7214633
0.7024816
0.9299276
0.9043467
0.9152094
0.9125262
0.7506114
0.8647163
0.888943
0.883997
0.8640687
0.8717785
0.9044644
0.8883446
0.8991044
0.9016457
0.882928
0.8858986
0.8894465
0.8317797
0.7069853
0.7740497
0.6926378
0.7759397
0.8091096
0.7893507
0.7982211
0.8001163
0.8066805
0.7815924
0.9137553
0.9046061
0.8324548
0.8973541
0.8711564
0.9306196
0.9375053
0.8149514
0.8171779
0.7808957
0.7960291
0.7773305
0.7809761
0.9161921
0.8514309
0.923497
0.9428116
0.6816716
0.785362
0.7687573
0.7992891
0.7611266
0.6777748
0.9253522
0.9270284
0.9258315
0.9051056
0.8312467
0.7601763
0.9293958
0.9055125
0.9271025
0.8229498
0.6939122
0.9113255
0.7628964
0.7736141
0.6819162
0.6572205
0.7703815
0.6842209
0.9131189
0.9402903
0.9044182
0.868284
0.9104451
0.8131541
0.7683612
0.9080638
0.7929338
0.6609424
0.8155762
0.6989659
0.9222038
0.9277783
0.6847409
0.6718823
0.9011164
0.6914588
0.690624
0.6771717
0.
0.9314368
0.9150874
0.9152454
0.9148945
0.9163745
0.9184531
0.9202105
0.9233815
0.7301942
0.7148419
0.9274755
0.9046945
0.9140844
0.9134385
0.743609
0.8613953
0.8841256
0.8860958
0.8680793
0.8783666
0.9047845
0.8889264
0.8965812
0.8998221
0.8813966
0.8853174
0.8883761
0.829047
0.7163103
0.7677195
0.6971588
0.7740471
0.8143006
0.7835791
0.7964813
0.8010823
0.8073753
0.7865097
0.9141897
0.9039384
0.8361503
0.8992193
0.8671042
0.9298156
0.9369472
0.8155426
0.8178191
0.783923
0.927191
0.9269192
0.929597
0.8524467
0.9315791
0.7156527
0.8551945
0.9297209
0.9263275
0.9298421
0.9319658
0.9312814
0.9314247
0.8578097
0.8560104
0.8675292
0.8653063
0.9232312
0.9268867
0.7199017
0.8660536
0.8506235
0.9256994
0.9330458
0.8518519
0.9286265
0.9271721
0.9338267
0.9280896
0.9304961
0.9314398
0.8582577
0.8770401
0.8787387
0.9375917
0.8563199
0.9237874
0.9325296
0.864759
0.9234889
0.9321744
0.9202184
0.9311341
0.9002404
0.9017329
0.925476
0.9297778
0.8545029
0.9295173
0.9312667
0.9312001
0.9314368
0.
0.8771576
0.8762112
0.8763512
0.8760994
0.8792102
0.8765586
0.8779367
0.9318239
0.932299
0.8712795
0.8662096
0.876064
0.8742433
0.932952
0.9259923
0.9234115
0.9199801
0.9163736
0.9233716
0.9232043
0.9220431
0.9218334
0.9187769
0.9226889
0.9209135
0.9222786
0.9195048
0.9302421
0.9268109
0.9307381
0.9310567
0.9263162
0.9238255
0.9270595
0.92802
0.9287912
0.9293149
0.8469945
0.8717216
0.935913
0.8687781
0.9489411
0.8521482
0.8527612
0.9247807
0.923222
0.9291292
0.915453
0.9124076
0.9157704
0.8765808
0.9203923
0.8705092
0.8747194
0.9134323
0.9136959
0.9145076
0.9150279
0.9148063
0.9163544
0.8758747
0.8765745
0.8754418
0.872552
0.9125411
0.9100469
0.8697676
0.8743515
0.8760288
0.9142132
0.9134966
0.8725344
0.9138865
0.9159756
0.915637
0.914524
0.9118093
0.9155886
0.8690675
0.8848214
0.8782441
0.9252985
0.8754883
0.907901
0.9180824
0.8749531
0.9120118
0.9131062
0.9065195
0.9116814
0.9038377
0.9025972
0.9095325
0.9170221
0.8688217
0.9117823
0.9136014
0.9137669
0.9150874
0.8771576
0.
0.4557155
0.4548087
0.4495511
0.73037
0.7336583
0.730586
0.913923
0.9130302
0.8608192
0.8654687
0.8522325
0.8521292
0.9185002
0.9176595
0.9161819
0.9163125
0.9138841
0.913176
0.919792
0.9145204
0.9203413
0.9212114
0.9175441
0.9165941
0.9190908
0.9103197
0.9098084
0.9092087
0.9146903
0.9203807
0.9125063
0.9111356
0.9086353
0.9101141
0.917267
0.9131008
0.8749023
0.8727002
0.9267259
0.8659996
0.9425376
0.8680993
0.873131
0.9085483
0.9099669
0.9105794
0.9152985
0.9132576
0.9173674
0.8728041
0.9204324
0.8719069
0.8747967
0.9141874
0.9157377
0.9151888
0.9167507
0.916545
0.9155326
0.8790914
0.8782734
0.8733338
0.8682971
0.9147649
0.9136417
0.869026
0.8706328
0.8758204
0.9149673
0.9148148
0.8709991
0.9140317
0.9158635
0.9166047
0.9147735
0.910148
0.9147693
0.867387
0.8865835
0.8778361
0.9237569
0.8730854
0.9097813
0.9186411
0.8742273
0.9140208
0.9143535
0.907244
0.9120496
0.9050844
0.9039031
0.9088649
0.9140387
0.866483
0.9126711
0.9139369
0.914772
0.9152454
0.8762112
0.4557155
0.
0.2289424
0.2280846
0.7423788
0.7400591
0.7366398
0.9146378
0.9125572
0.8597217
0.8684181
0.8545928
0.8545434
0.918905
0.9163686
0.9175757
0.9155335
0.912344
0.914927
0.9190045
0.9128629
0.9174242
0.9190571
0.9167489
0.9152962
0.9181426
0.90789
0.9091488
0.910879
0.9138037
0.9205567
0.9146209
0.9133118
0.9117635
0.91205
0.915654
0.9136461
0.8712689
0.8704877
0.9298998
0.8683573
0.9433011
0.8689896
0.8713645
0.9078574
0.9086128
0.9106194
0.9138633
0.911369
0.915943
0.8716905
0.9188364
0.8705952
0.8753549
0.9138885
0.914173
0.913878
0.914673
0.9156843
0.9149939
0.8779102
0.8775428
0.8728924
0.867213
0.9127857
0.9114513
0.8692236
0.869891
0.8752962
0.9140414
0.913627
0.8701813
0.9131571
0.9153574
0.9162486
0.9139053
0.9103624
0.9153065
0.8685182
0.8872743
0.8781413
0.9253258
0.8745381
0.9082213
0.9181822
0.8734849
0.9143944
0.9136669
0.9060479
0.9109272
0.9050055
0.9041832
0.9082039
0.914584
0.8664758
0.9107842
0.912939
0.9144201
0.9148945
0.8763512
0.4548087
0.2289424
0.
0.1061344
0.7448768
0.7414695
0.7369606
0.9127879
0.9117285
0.8596419
0.866186
0.8536153
0.8548192
0.9192441
0.9163059
0.917427
0.9151346
0.9122009
0.9162729
0.9178234
0.9133487
0.9167426
0.9206866
0.9175055
0.9166762
0.9190566
0.9088529
0.9084937
0.907323
0.9144003
0.9206128
0.9151912
0.9138268
0.9093754
0.9104761
0.9148132
0.9122814
0.8698145
0.8729187
0.9287891
0.8667625
0.9430724
0.8704452
0.8713483
0.9094633
0.9101257
0.908217
0.9145715
0.9129508
0.9158346
0.8707132
0.9197267
0.8703368
0.875558
0.9140048
0.9148573
0.9139891
0.9153083
0.9164988
0.9159566
0.8767123
0.8772918
0.8727177
0.8687493
0.9140009
0.9120493
0.8687539
0.8715069
0.8770392
0.9141032
0.9142574
0.8700045
0.9141257
0.9155124
0.9169357
0.9146823
0.9110992
0.91547
0.8682139
0.8862551
0.8800965
0.9245999
0.8752053
0.9089723
0.9184474
0.8739458
0.9140681
0.9147379
0.9078756
0.9115949
0.9052997
0.904157
0.9091104
0.915031
0.8677462
0.9120695
0.913708
0.9145858
0.9163745
0.8760994
0.4495511
0.2280846
0.1061344
0.
0.7441542
0.7407423
0.7372789
0.9141253
0.9118462
0.8589416
0.8658758
0.8550654
0.8545847
0.9191786
0.9167395
0.918487
0.9155771
0.9125653
0.9161709
0.9192073
0.9127847
0.9171353
0.9204219
0.9166667
0.9164515
0.9192842
0.909003
0.9085125
0.9078739
0.9142346
0.9203297
0.9156753
0.9131837
0.9108304
0.9115082
0.9159574
0.9124374
0.8692129
0.8721121
0.9290865
0.8669669
0.942916
0.8695571
0.8723428
0.9097504
0.9101897
0.909434
0.9177958
0.9138483
0.9170748
0.8772355
0.9210255
0.8750554
0.8795034
0.9163911
0.9185688
0.9185337
0.9151432
0.9184181
0.9178462
0.8763528
0.8768498
0.879778
0.8747308
0.9122966
0.9125419
0.8707236
0.873771
0.8770525
0.9159693
0.9172079
0.8734674
0.9175095
0.9156999
0.9201622
0.9173751
0.9122214
0.9199367
0.8699839
0.8911864
0.8801161
0.9284708
0.8748784
0.9114264
0.9182276
0.8760309
0.9146425
0.9178863
0.9098109
0.9116433
0.904446
0.8996878
0.9106018
0.9192195
0.8731834
0.9150655
0.9177671
0.9167248
0.9184531
0.8792102
0.73037
0.7423788
0.7448768
0.7441542
0.
0.5351935
0.5453758
0.9149792
0.9195201
0.8630291
0.86548
0.8572344
0.8546827
0.9226109
0.9185636
0.9211141
0.9189503
0.9160936
0.9172585
0.9218196
0.9158767
0.9199863
0.9206087
0.9164324
0.9178639
0.9156924
0.9119874
0.912806
0.9108879
0.9183113
0.9199967
0.9187515
0.9134116
0.9165504
0.9101128
0.9172639
0.9140172
0.8729391
0.8773304
0.9302335
0.8683333
0.9451208
0.872282
0.8764671
0.9137642
0.9162413
0.9154418
0.9214392
0.9166837
0.91702
0.8753445
0.9226084
0.8717626
0.875687
0.917494
0.9195174
0.919711
0.9181924
0.9181717
0.9179726
0.8769231
0.8767174
0.8747012
0.8719616
0.9154516
0.9129849
0.8694298
0.8730458
0.8729581
0.9181377
0.9178458
0.8734659
0.9156137
0.9172749
0.9199078
0.9173625
0.9144076
0.9212075
0.8718807
0.8894426
0.880849
0.9288538
0.8719254
0.9091915
0.919831
0.8753901
0.9133312
0.9193837
0.910212
0.9143172
0.9015293
0.897877
0.9106525
0.9202277
0.8699214
0.9170554
0.919971
0.9171847
0.9202105
0.8765586
0.7336583
0.7400591
0.7414695
0.7407423
0.5351935
0.
0.258699
0.9166559
0.9196436
0.8615569
0.8708719
0.8557175
0.8529401
0.9215761
0.9201878
0.9207648
0.9204387
0.915101
0.919594
0.9213889
0.9174442
0.9186995
0.9190569
0.9182685
0.9157547
0.9157261
0.9148663
0.9138142
0.9124797
0.9173554
0.9193581
0.9140795
0.9160629
0.9148971
0.9131966
0.9194418
0.9147303
0.8744959
0.8776968
0.9308075
0.8668004
0.9434621
0.8708194
0.874345
0.9139824
0.9158345
0.9141072
0.9228474
0.9173544
0.9199952
0.8765731
0.9219626
0.8724003
0.8771108
0.9194459
0.9207075
0.9204703
0.9204614
0.9197074
0.9210118
0.8767732
0.8752399
0.8756815
0.8732948
0.9152017
0.9152031
0.8687679
0.8745471
0.8728029
0.9171189
0.91994
0.8731842
0.917236
0.9199563
0.9224052
0.9202229
0.9163696
0.9226901
0.8718922
0.8869776
0.8800357
0.9297668
0.8732036
0.9115163
0.9214565
0.874727
0.9161629
0.9223597
0.9110914
0.9162966
0.9027717
0.8992273
0.9131641
0.9229345
0.8711629
0.9182215
0.9225589
0.9193086
0.9233815
0.8779367
0.730586
0.7366398
0.7369606
0.7372789
0.5453758
0.258699
0.
0.9171769
0.9215395
0.8594202
0.8693931
0.8553281
0.8557587
0.9239736
0.9201152
0.9205681
0.9199474
0.9161766
0.9186153
0.9206186
0.9171197
0.919487
0.9205588
0.9179893
0.9173249
0.9179056
0.9145666
0.9160624
0.9145078
0.9210275
0.9210073
0.9147582
0.9179648
0.9171239
0.9156361
0.9224012
0.9167045
0.8737098
0.8761649
0.9317069
0.8674088
0.9435677
0.8718766
0.8750231
0.916996
0.9176509
0.917426
0.8028456
0.7774535
0.784295
0.9135095
0.8431814
0.9260672
0.9419091
0.7306941
0.7857868
0.7856939
0.7975756
0.7677182
0.7389431
0.9257225
0.9263011
0.9303461
0.9067511
0.8216324
0.7749458
0.9292054
0.9058469
0.9287445
0.8220902
0.7410961
0.9095423
0.7735629
0.7854404
0.7326158
0.7285879
0.781577
0.7383488
0.9135051
0.937146
0.9050893
0.8594223
0.9099917
0.8102735
0.7757009
0.9087221
0.7979394
0.721907
0.8095212
0.7392294
0.9210984
0.9271365
0.7415362
0.7366548
0.9005474
0.7361486
0.7386976
0.7214633
0.7301942
0.9318239
0.913923
0.9146378
0.9127879
0.9141253
0.9149792
0.9166559
0.9171769
0.
0.5385936
0.9305237
0.9076768
0.9179569
0.9139185
0.7606838
0.8602586
0.8869099
0.8855802
0.8628909
0.8702031
0.9014631
0.8854117
0.8971366
0.8932216
0.8764029
0.8822038
0.8851727
0.8264153
0.7524861
0.7767872
0.7431356
0.7828562
0.8151706
0.7920887
0.8054154
0.8063945
0.8164872
0.7942032
0.9144322
0.9088648
0.8363128
0.8995336
0.8708519
0.9328749
0.9354337
0.8178961
0.818267
0.7894025
0.7936088
0.7703543
0.7748963
0.9173332
0.8453336
0.927056
0.9420881
0.718821
0.7772312
0.7775439
0.7937999
0.756559
0.7121252
0.9284491
0.9294118
0.9315039
0.9044718
0.8174913
0.768386
0.9307432
0.9050325
0.9265801
0.8190315
0.7329513
0.9117452
0.7633331
0.7752477
0.7154954
0.7040687
0.7709852
0.7271086
0.914889
0.9400728
0.9041743
0.8616687
0.9098895
0.8054411
0.7604779
0.9057528
0.7919776
0.7009542
0.8107629
0.7242584
0.9244609
0.9287472
0.7317384
0.7125578
0.9014211
0.7210236
0.7305813
0.7024816
0.7148419
0.932299
0.9130302
0.9125572
0.9117285
0.9118462
0.9195201
0.9196436
0.9215395
0.5385936
0.
0.9311207
0.9076332
0.9177491
0.913451
0.7409815
0.8630714
0.8807666
0.886845
0.8648719
0.8684093
0.9033143
0.8875251
0.8986509
0.8965366
0.8783125
0.8827335
0.886878
0.8238928
0.7431936
0.7689905
0.7265779
0.7715874
0.8087774
0.7858913
0.7979072
0.8061387
0.8097877
0.7842022
0.9174154
0.9066596
0.8302222
0.9014376
0.8705292
0.9336875
0.9367353
0.8126411
0.8108078
0.7836969
0.9292607
0.9271157
0.9297233
0.875079
0.9295743
0.8668595
0.8686745
0.9284084
0.9245769
0.9278959
0.926106
0.9321927
0.9301622
0.8711139
0.8720145
0.8716598
0.8717407
0.9194529
0.922928
0.8686315
0.8722281
0.8677461
0.9238955
0.9321233
0.8719851
0.9261624
0.9282711
0.9314757
0.9291295
0.9239942
0.9300089
0.8685974
0.8857332
0.8826031
0.934919
0.873979
0.9190794
0.9316692
0.8715641
0.9219929
0.9318241
0.9132248
0.9264116
0.899692
0.8972203
0.9230899
0.9311446
0.8732142
0.9279767
0.9327162
0.9299276
0.9274755
0.8712795
0.8608192
0.8597217
0.8596419
0.8589416
0.8630291
0.8615569
0.8594202
0.9305237
0.9311207
0.
0.8673369
0.7948312
0.792528
0.9351238
0.9208171
0.9168135
0.9095722
0.911616
0.9130153
0.9158083
0.9138208
0.91329
0.9130803
0.9189026
0.9149178
0.916122
0.916457
0.9282004
0.9230523
0.9311571
0.9310652
0.9224976
0.9263387
0.9227708
0.9223435
0.9274384
0.9252508
0.8706529
0.8725293
0.938773
0.8748359
0.9554637
0.8690141
0.8678693
0.918465
0.9191162
0.924037
0.9085542
0.9013731
0.909386
0.8570774
0.9121016
0.8536576
0.8634122
0.8995205
0.9024106
0.9092765
0.9038731
0.9096659
0.9024801
0.861062
0.8634996
0.8385214
0.8275821
0.9025485
0.9048351
0.858174
0.8289098
0.8618837
0.9065811
0.906881
0.8551202
0.9012178
0.9069055
0.9092606
0.9013809
0.9044551
0.9057074
0.8508336
0.8809586
0.8760533
0.9168876
0.8606923
0.8993756
0.9061077
0.8279136
0.8998482
0.909176
0.8933047
0.9015201
0.8918808
0.8956506
0.9004841
0.9039883
0.8536848
0.9071931
0.9085318
0.9043467
0.9046945
0.8662096
0.8654687
0.8684181
0.866186
0.8658758
0.86548
0.8708719
0.8693931
0.9076768
0.9076332
0.8673369
0.
0.8582588
0.8592686
0.9073888
0.9115402
0.9108097
0.9030327
0.9014335
0.9005587
0.9094722
0.9043505
0.9047194
0.9065872
0.9044855
0.9055127
0.9040789
0.8995318
0.9006651
0.8984696
0.9072865
0.9120484
0.8984372
0.9033963
0.9046384
0.9062082
0.9041235
0.901343
0.8579078
0.849594
0.9194301
0.6255272
0.9390889
0.8599766
0.8645602
0.8995317
0.9022315
0.8996059
0.914539
0.9144302
0.9170188
0.8657454
0.9190619
0.8692325
0.8695781
0.912576
0.9117802
0.913913
0.9143995
0.914788
0.9146063
0.8667996
0.8730749
0.8691064
0.8693763
0.9091052
0.9129533
0.8689076
0.8678139
0.8652406
0.9130022
0.9175178
0.8621765
0.9117537
0.9104034
0.9152882
0.9167529
0.912326
0.9151072
0.8629994
0.8834074
0.8784295
0.9236755
0.8628565
0.9087864
0.915111
0.868565
0.9079296
0.9188566
0.906809
0.9083853
0.895153
0.8934501
0.9107667
0.9146189
0.8621821
0.9139045
0.9149291
0.9152094
0.9140844
0.876064
0.8522325
0.8545928
0.8536153
0.8550654
0.8572344
0.8557175
0.8553281
0.9179569
0.9177491
0.7948312
0.8582588
0.
0.5314783
0.9211923
0.9134513
0.9150029
0.9141563
0.9100466
0.9109592
0.9165683
0.9136322
0.9179155
0.9148127
0.9143733
0.9139887
0.9153605
0.9099956
0.9122231
0.9097644
0.9174936
0.9183314
0.9108861
0.911561
0.9106308
0.9087036
0.9172507
0.9115585
0.8645685
0.8640868
0.9285626
0.8679409
0.9448104
0.8653839
0.8644496
0.9087973
0.9068234
0.9113681
0.9094598
0.9128864
0.9120754
0.8618503
0.9180642
0.8660485
0.870854
0.9113171
0.9113381
0.9107025
0.9127881
0.9107783
0.90999
0.86609
0.8706842
0.8710743
0.8672445
0.9065901
0.9074257
0.8671552
0.8657557
0.8661305
0.912181
0.9125518
0.861388
0.9119374
0.9120888
0.9130263
0.9124907
0.9121969
0.9138213
0.8617489
0.8768974
0.8770229
0.9241715
0.8610365
0.9073898
0.9161875
0.8679782
0.9069861
0.9156722
0.9031891
0.9072517
0.8952423
0.8965103
0.9079128
0.9112805
0.8580991
0.91125
0.9145755
0.9125262
0.9134385
0.8742433
0.8521292
0.8545434
0.8548192
0.8545847
0.8546827
0.8529401
0.8557587
0.9139185
0.913451
0.792528
0.8592686
0.5314783
0.
0.9170845
0.9155305
0.916064
0.9114171
0.9103002
0.9105813
0.9203523
0.9142275
0.9186868
0.9164611
0.9174757
0.9142912
0.9155854
0.908845
0.909874
0.9071778
0.9141683
0.9168967
0.9108841
0.9050169
0.9072941
0.9086486
0.9138227
0.9091627
0.860782
0.8616768
0.9266123
0.8678659
0.9434872
0.862327
0.8678635
0.910441
0.9082837
0.9074857
0.7709723
0.7650633
0.7537241
0.9177112
0.8482094
0.9288713
0.9438253
0.7462502
0.7455932
0.7536551
0.7774242
0.7373071
0.7485041
0.9280271
0.925901
0.9332287
0.9081964
0.8252809
0.7508938
0.9299107
0.9098882
0.9297284
0.8112646
0.7586418
0.9115514
0.7221418
0.7305781
0.7406867
0.7371439
0.7370834
0.7518123
0.9156936
0.9390372
0.9060572
0.8600799
0.9124719
0.8016529
0.7728157
0.9117621
0.7252234
0.7389835
0.8126178
0.7516162
0.9257841
0.9324165
0.7577226
0.7370443
0.899535
0.7506763
0.7498462
0.7506114
0.743609
0.932952
0.9185002
0.918905
0.9192441
0.9191786
0.9226109
0.9215761
0.9239736
0.7606838
0.7409815
0.9351238
0.9073888
0.9211923
0.9170845
0.
0.8629952
0.8837544
0.8807563
0.8687981
0.8694037
0.9035178
0.8840892
0.8980931
0.8954946
0.8780836
0.8863088
0.8883822
0.8256154
0.7573507
0.7538628
0.7447345
0.7083737
0.7981814
0.7942733
0.7987253
0.8022297
0.8143101
0.7764253
0.9163005
0.908429
0.834757
0.8986671
0.864171
0.9334617
0.9373282
0.8116755
0.815302
0.7940159
0.8665637
0.8630307
0.8668658
0.9136817
0.8710199
0.9230769
0.9267791
0.8654959
0.8542318
0.8648027
0.8705628
0.863843
0.8678887
0.9174371
0.9206946
0.920291
0.9124031
0.8643183
0.8544181
0.9216673
0.9116153
0.9190559
0.8652004
0.8663799
0.9152225
0.8526548
0.8570904
0.8647916
0.8623103
0.8623168
0.869352
0.9189414
0.9252101
0.9172485
0.8887797
0.9140493
0.8298518
0.8659727
0.9144412
0.8588622
0.8676884
0.8474839
0.8653069
0.9161697
0.9173294
0.8602326
0.8686284
0.9114557
0.8676711
0.8717506
0.8647163
0.8613953
0.9259923
0.9176595
0.9163686
0.9163059
0.9167395
0.9185636
0.9201878
0.9201152
0.8602586
0.8630714
0.9208171
0.9115402
0.9134513
0.9155305
0.8629952
0.
0.8430034
0.8438908
0.8260036
0.8451467
0.8550075
0.8561759
0.8489339
0.8536342
0.8488492
0.8551438
0.850334
0.8239643
0.8664648
0.8552373
0.8639827
0.8648049
0.8572052
0.8659577
0.8726542
0.8669337
0.8727434
0.8635205
0.9143699
0.9176991
0.8925026
0.9092388
0.91601
0.9251415
0.9260021
0.8606967
0.8595846
0.8724101
0.8833157
0.8781148
0.8855959
0.9133174
0.8874464
0.9180627
0.9234297
0.8843936
0.8718313
0.8823098
0.8855243
0.8905891
0.8871944
0.9125343
0.9131865
0.915323
0.9119768
0.8766023
0.8742669
0.9192622
0.9127575
0.9084453
0.8775908
0.8956178
0.9131561
0.8758164
0.8800036
0.8891005
0.8847575
0.8806902
0.8882719
0.9180165
0.9212367
0.9215822
0.8906677
0.9120031
0.8334704
0.8831511
0.911278
0.8700032
0.8919289
0.8514378
0.8850412
0.9135908
0.9127628
0.8794028
0.8890663
0.9118265
0.8917784
0.8937366
0.888943
0.8841256
0.9234115
0.9161819
0.9175757
0.917427
0.918487
0.9211141
0.9207648
0.9205681
0.8869099
0.8807666
0.9168135
0.9108097
0.9150029
0.916064
0.8837544
0.8430034
0.
0.8085283
0.8119418
0.8253735
0.8264946
0.8272609
0.8305895
0.8182477
0.832827
0.8330393
0.8325491
0.8163004
0.8849453
0.872353
0.8882499
0.8801884
0.8642084
0.8798138
0.8833547
0.8837139
0.8818723
0.8789983
0.9125397
0.9226935
0.9062343
0.9108253
0.9399253
0.9213517
0.9223566
0.8622593
0.8594949
0.8972112
0.8857827
0.8770031
0.884391
0.9105313
0.8891932
0.9113062
0.9166217
0.8832003
0.8732062
0.8803157
0.8877607
0.8899647
0.8854816
0.9076245
0.9081458
0.9122622
0.9042646
0.8779634
0.8800701
0.9115236
0.9040179
0.9062439
0.8762219
0.8945233
0.9095999
0.8732741
0.8767528
0.8877839
0.8835549
0.8776811
0.8914324
0.9164892
0.9204155
0.9208862
0.888676
0.9114132
0.8318224
0.8812235
0.9078697
0.8649206
0.8897146
0.843264
0.8837677
0.9100529
0.9067109
0.877552
0.8895033
0.9096487
0.8871922
0.8895124
0.883997
0.8860958
0.9199801
0.9163125
0.9155335
0.9151346
0.9155771
0.9189503
0.9204387
0.9199474
0.8855802
0.886845
0.9095722
0.9030327
0.9141563
0.9114171
0.8807563
0.8438908
0.8085283
0.
0.7917428
0.8118221
0.8116492
0.8136623
0.8121537
0.8086158
0.8170589
0.8268895
0.8218865
0.8109551
0.8855373
0.872116
0.8868148
0.878938
0.8627834
0.875978
0.8814282
0.8798207
0.8889285
0.8784132
0.9086233
0.9150322
0.9045545
0.9068505
0.9414431
0.9142394
0.9149453
0.8570755
0.8562535
0.8975803
0.8694436
0.8569225
0.8698866
0.9082646
0.8738623
0.9115681
0.9198454
0.8656408
0.8544286
0.8708168
0.8727639
0.8721823
0.8727328
0.90576
0.9080546
0.9082844
0.8998209
0.8613313
0.8589553
0.9131135
0.9009555
0.908071
0.8660148
0.8709596
0.9064409
0.8517153
0.8555481
0.8700919
0.8645775
0.8623161
0.8718836
0.9124284
0.9160621
0.9135513
0.8830046
0.9084189
0.8166587
0.8659675
0.9016619
0.8574789
0.8732286
0.8265123
0.8639168
0.9059502
0.9053351
0.8576681
0.871446
0.9055096
0.867744
0.8710471
0.8640687
0.8680793
0.9163736
0.9138841
0.912344
0.9122009
0.9125653
0.9160936
0.915101
0.9161766
0.8628909
0.8648719
0.911616
0.9014335
0.9100466
0.9103002
0.8687981
0.8260036
0.8119418
0.7917428
0.
0.8112901
0.8136522
0.8112821
0.8168294
0.8082965
0.8184735
0.8184491
0.8194997
0.8008502
0.8738885
0.8519209
0.8704528
0.8663357
0.8576162
0.8597625
0.8646638
0.8683892
0.8746835
0.8602077
0.9060048
0.9152294
0.8927002
0.9032428
0.9321252
0.9143362
0.9161578
0.843285
0.8389789
0.8836668
0.873508
0.8635986
0.8771274
0.9102944
0.8787557
0.9164615
0.920382
0.868075
0.8577217
0.8713676
0.8741951
0.8779494
0.8778197
0.9128574
0.9157699
0.9128762
0.9055001
0.8682524
0.8672125
0.915359
0.9053864
0.913755
0.8699115
0.8805655
0.9101755
0.8629663
0.8658838
0.8764628
0.8676974
0.865821
0.879378
0.9162826
0.9250463
0.9186678
0.8830389
0.9138826
0.8272545
0.8734718
0.9062671
0.8582684
0.8744957
0.8371846
0.8712359
0.911808
0.9151974
0.8647596
0.8775807
0.9104368
0.8732923
0.8787995
0.8717785
0.8783666
0.9233716
0.913176
0.914927
0.9162729
0.9161709
0.9172585
0.919594
0.9186153
0.8702031
0.8684093
0.9130153
0.9005587
0.9109592
0.9105813
0.8694037
0.8451467
0.8253735
0.8118221
0.8112901
0.
0.8183319
0.8171321
0.8237971
0.8185825
0.8214554
0.8241419
0.8222291
0.8068015
0.8731636
0.8607878
0.8715547
0.866645
0.8529554
0.8739079
0.8757258
0.8764151
0.8798393
0.8688844
0.9110246
0.9146814
0.8984832
0.9017927
0.9342539
0.9174844
0.9191496
0.8480429
0.8485117
0.8892864
0.900517
0.8983286
0.9073863
0.9150317
0.8974069
0.914795
0.9174221
0.9039418
0.8924688
0.8993942
0.9036611
0.908117
0.9069251
0.9078155
0.9118656
0.9136449
0.9096061
0.8924759
0.8979437
0.9168184
0.9109819
0.9086825
0.8909258
0.9099883
0.9161201
0.8899931
0.8932642
0.9100952
0.906438
0.9006946
0.9111712
0.9228814
0.9220217
0.9270806
0.9023663
0.9180674
0.8505464
0.9059324
0.9116732
0.8900459
0.9139498
0.8569282
0.9055445
0.9079604
0.9107697
0.8945466
0.9107968
0.9216821
0.9079181
0.9123958
0.9044644
0.9047845
0.9232043
0.919792
0.9190045
0.9178234
0.9192073
0.9218196
0.9213889
0.9206186
0.9014631
0.9033143
0.9158083
0.9094722
0.9165683
0.9203523
0.9035178
0.8550075
0.8264946
0.8116492
0.8136522
0.8183319
0.
0.7706508
0.6490184
0.741381
0.7587219
0.7691952
0.7634713
0.8349866
0.9055285
0.8887947
0.9076154
0.9017604
0.8770697
0.8954456
0.9011378
0.8969707
0.9020297
0.8944167
0.9155579
0.9212929
0.9203214
0.9171179
0.9517365
0.9174671
0.9197897
0.8736299
0.8714018
0.9144481
0.8822523
0.8798393
0.8902346
0.9101306
0.8860336
0.9157887
0.9151626
0.8885021
0.8756885
0.8833995
0.885182
0.8883002
0.8917919
0.9063862
0.9112401
0.9105339
0.9041511
0.8817279
0.8790744
0.9124447
0.9061886
0.9069086
0.8813103
0.8923246
0.9077745
0.8741854
0.8752902
0.8940971
0.8879448
0.8804079
0.8929148
0.9167654
0.9158052
0.92123
0.8894452
0.9118011
0.8446098
0.8897091
0.9042816
0.8744228
0.894333
0.8452178
0.8873054
0.9067131
0.9073268
0.8783642
0.8918373
0.9146954
0.8944948
0.896697
0.8883446
0.8889264
0.9220431
0.9145204
0.9128629
0.9133487
0.9127847
0.9158767
0.9174442
0.9171197
0.8854117
0.8875251
0.9138208
0.9043505
0.9136322
0.9142275
0.8840892
0.8561759
0.8272609
0.8136623
0.8112821
0.8171321
0.7706508
0.
0.7717502
0.7664089
0.7884764
0.7893825
0.789512
0.8240038
0.8932699
0.8769432
0.8922266
0.8828362
0.8676541
0.8813167
0.8852004
0.8852053
0.8836706
0.8799078
0.9082871
0.9177451
0.9082556
0.9105827
0.9436525
0.9133008
0.9131313
0.8606675
0.860338
0.9013597
0.8922944
0.8900211
0.8994546
0.9163996
0.890814
0.9169277
0.9176164
0.8990817
0.8850116
0.8939605
0.8972702
0.9040329
0.9015581
0.9084739
0.9127486
0.9071167
0.9084044
0.8875081
0.8895245
0.9144759
0.9091828
0.9087575
0.884261
0.9032379
0.9164886
0.8838934
0.886514
0.903381
0.9021508
0.8934338
0.9054161
0.9206037
0.918964
0.923725
0.8971443
0.917103
0.8458855
0.8974023
0.9131645
0.8873593
0.9083821
0.8538479
0.8998985
0.9090557
0.9092124
0.8899611
0.9032699
0.9183916
0.9035313
0.9029217
0.8991044
0.8965812
0.9218334
0.9203413
0.9174242
0.9167426
0.9171353
0.9199863
0.9186995
0.919487
0.8971366
0.8986509
0.91329
0.9047194
0.9179155
0.9186868
0.8980931
0.8489339
0.8305895
0.8121537
0.8168294
0.8237971
0.6490184
0.7717502
0.
0.7446768
0.7676526
0.7811161
0.7673329
0.8284509
0.9022243
0.8816542
0.9045021
0.8925202
0.8761267
0.8925067
0.8960086
0.8942409
0.8987802
0.8891257
0.9140613
0.9206893
0.9184102
0.9104004
0.9465515
0.9165564
0.9184658
0.8732113
0.8714565
0.9080275
0.8956233
0.8880069
0.8976318
0.9115182
0.8889031
0.9141095
0.9151828
0.8990202
0.881495
0.8956356
0.8957096
0.9022781
0.9007963
0.9067354
0.9093113
0.9113757
0.9059265
0.8859301
0.8920398
0.912825
0.9071933
0.9029711
0.8894963
0.9064602
0.910595
0.8824651
0.8871816
0.9029605
0.8994948
0.891123
0.9033251
0.919908
0.9225088
0.9243914
0.8989059
0.9153035
0.8448448
0.8938272
0.9091909
0.8817966
0.90688
0.8520636
0.8976308
0.9085306
0.910046
0.8874857
0.9031671
0.9138266
0.9048858
0.9061836
0.9016457
0.8998221
0.9187769
0.9212114
0.9190571
0.9206866
0.9204219
0.9206087
0.9190569
0.9205588
0.8932216
0.8965366
0.9130803
0.9065872
0.9148127
0.9164611
0.8954946
0.8536342
0.8182477
0.8086158
0.8082965
0.8185825
0.741381
0.7664089
0.7446768
0.
0.7408801
0.7488619
0.7457129
0.8257244
0.9001119
0.8832655
0.904365
0.8913492
0.8721184
0.8898916
0.8964563
0.8927504
0.8940622
0.890859
0.9094592
0.9204068
0.9146447
0.9116864
0.9496801
0.9134774
0.9189416
0.8633384
0.8606244
0.9065254
0.8785609
0.8737234
0.8845846
0.9152704
0.8783903
0.9178886
0.922221
0.8772197
0.8704834
0.8833454
0.8815427
0.8882389
0.8852874
0.9113633
0.9165914
0.9145596
0.9072261
0.874664
0.8762901
0.9188702
0.908343
0.9122461
0.8762714
0.8847594
0.9118377
0.8693964
0.8701393
0.8845189
0.8791711
0.8751477
0.8834722
0.9152992
0.9245524
0.9170505
0.893864
0.9142726
0.8364715
0.8781746
0.9086581
0.8698575
0.8876876
0.8422688
0.8820589
0.910704
0.9147953
0.8711255
0.8819611
0.9099716
0.8847445
0.8881663
0.882928
0.8813966
0.9226889
0.9175441
0.9167489
0.9175055
0.9166667
0.9164324
0.9182685
0.9179893
0.8764029
0.8783125
0.9189026
0.9044855
0.9143733
0.9174757
0.8780836
0.8488492
0.832827
0.8170589
0.8184735
0.8214554
0.7587219
0.7884764
0.7676526
0.7408801
0.
0.7257827
0.7254948
0.8176139
0.8834302
0.8655018
0.8851907
0.8791259
0.861933
0.8776577
0.8811966
0.8789747
0.8831759
0.8792797
0.9125163
0.9172532
0.9010049
0.9084229
0.9328833
0.9153144
0.920027
0.8580473
0.8566178
0.8952167
0.8817845
0.8748409
0.8847986
0.9126028
0.8861604
0.9164938
0.9199112
0.8804244
0.8672333
0.8816898
0.8873483
0.8903625
0.8882314
0.9145009
0.9169086
0.9127568
0.9088966
0.8769024
0.8768453
0.9179692
0.9092922
0.9136745
0.8773988
0.8888941
0.9124015
0.8682246
0.8757778
0.8884068
0.8848717
0.8820654
0.8879701
0.9171373
0.9230972
0.9173308
0.8873752
0.9150474
0.844189
0.8816455
0.9057895
0.874111
0.8874964
0.8465751
0.8804445
0.9121541
0.9120578
0.8754976
0.8867311
0.9140478
0.888028
0.890706
0.8858986
0.8853174
0.9209135
0.9165941
0.9152962
0.9166762
0.9164515
0.9178639
0.9157547
0.9173249
0.8822038
0.8827335
0.9149178
0.9055127
0.9139887
0.9142912
0.8863088
0.8551438
0.8330393
0.8268895
0.8184491
0.8241419
0.7691952
0.7893825
0.7811161
0.7488619
0.7257827
0.
0.7333773
0.8216065
0.8826107
0.8721605
0.8889049
0.8815789
0.8662313
0.8785692
0.8800889
0.885482
0.8861163
0.8778479
0.913997
0.9153015
0.9039906
0.908693
0.9381987
0.9159172
0.9224539
0.85711
0.85636
0.89229
0.882799
0.8792279
0.8920074
0.912377
0.889255
0.9171551
0.9168233
0.8877537
0.8743194
0.8847054
0.8857509
0.8922521
0.8903648
0.908535
0.911148
0.9099058
0.9084251
0.8805925
0.8780718
0.9171613
0.9073385
0.9127056
0.8800766
0.8930903
0.9099316
0.8757513
0.8784674
0.8932651
0.8861327
0.8794342
0.8941876
0.9195537
0.9247437
0.9222941
0.896483
0.9130319
0.8428826
0.8853481
0.9102698
0.8713372
0.8960884
0.8494263
0.8893676
0.9112574
0.9105543
0.8811179
0.8906717
0.9126522
0.8928973
0.8944044
0.8894465
0.8883761
0.9222786
0.9190908
0.9181426
0.9190566
0.9192842
0.9156924
0.9157261
0.9179056
0.8851727
0.886878
0.916122
0.9040789
0.9153605
0.9155854
0.8883822
0.850334
0.8325491
0.8218865
0.8194997
0.8222291
0.7634713
0.789512
0.7673329
0.7457129
0.7254948
0.7333773
0.
0.8248901
0.8903339
0.8722441
0.8940599
0.8866263
0.8687221
0.8823951
0.8856283
0.8887486
0.8858064
0.8844185
0.9106494
0.9187723
0.9067122
0.9091506
0.9384265
0.9147845
0.9181177
0.8644894
0.8620926
0.8989266
0.8413427
0.8288931
0.8409805
0.9076992
0.8500871
0.9139682
0.9261142
0.8280495
0.821538
0.833325
0.8415924
0.8348217
0.8339208
0.9125596
0.911895
0.9130136
0.8955887
0.8421053
0.8224558
0.9178539
0.8961556
0.9108827
0.8404815
0.8361973
0.907972
0.8225244
0.8287511
0.8343856
0.8249501
0.8284778
0.8371174
0.9074164
0.9238992
0.907472
0.8654372
0.9046979
0.7869122
0.8304536
0.8973925
0.8306878
0.8315515
0.8059065
0.8303334
0.9084263
0.913929
0.8235325
0.8357173
0.9017594
0.833069
0.8410415
0.8317797
0.829047
0.9195048
0.9103197
0.90789
0.9088529
0.909003
0.9119874
0.9148663
0.9145666
0.8264153
0.8238928
0.916457
0.8995318
0.9099956
0.908845
0.8256154
0.8239643
0.8163004
0.8109551
0.8008502
0.8068015
0.8349866
0.8240038
0.8284509
0.8257244
0.8176139
0.8216065
0.8248901
0.
0.8420024
0.8261583
0.833064
0.8301858
0.8291079
0.8334497
0.8420764
0.8420758
0.856361
0.8360077
0.9061573
0.9074727
0.8694875
0.8988787
0.9127248
0.9193062
0.9229615
0.8158561
0.8075608
0.8524434
0.7982046
0.7808805
0.7889753
0.9126082
0.8517874
0.9211085
0.9355514
0.7097156
0.7790961
0.7783232
0.7951306
0.7661286
0.7019188
0.9218148
0.9242481
0.9261593
0.9038512
0.8305325
0.7748433
0.9225495
0.9050074
0.9262312
0.8256081
0.7042121
0.9108137
0.775442
0.784726
0.7103303
0.6891779
0.7803452
0.6998746
0.9107241
0.9342525
0.8984765
0.8622669
0.9107911
0.8246607
0.7897287
0.9056522
0.7899458
0.6879142
0.8258985
0.6458762
0.9212629
0.9266669
0.7235301
0.7059344
0.9008275
0.703956
0.7133019
0.7069853
0.7163103
0.9302421
0.9098084
0.9091488
0.9084937
0.9085125
0.912806
0.9138142
0.9160624
0.7524861
0.7431936
0.9282004
0.9006651
0.9122231
0.909874
0.7573507
0.8664648
0.8849453
0.8855373
0.8738885
0.8731636
0.9055285
0.8932699
0.9022243
0.9001119
0.8834302
0.8826107
0.8903339
0.8420024
0.
0.7741456
0.7225819
0.7823339
0.8108973
0.7942398
0.7970234
0.8034597
0.8141006
0.7950538
0.9127237
0.9009871
0.8417126
0.895914
0.8778835
0.9274143
0.9318893
0.8269456
0.8279255
0.7815277
0.7849729
0.7770414
0.7779231
0.9144098
0.8466503
0.9203674
0.9359666
0.7686929
0.7681498
0.7769272
0.7984611
0.7678319
0.7699009
0.9188554
0.9220096
0.9286173
0.9001918
0.8226912
0.6509571
0.9202875
0.9018563
0.9215781
0.8078184
0.7730013
0.90928
0.7612608
0.7669779
0.7632691
0.7606047
0.7770396
0.7691181
0.9080492
0.9323524
0.9015058
0.8547822
0.9056294
0.8092913
0.7873613
0.9033047
0.7874513
0.7634696
0.8142599
0.7686074
0.9164383
0.921483
0.7764327
0.7667295
0.8963458
0.771623
0.7746676
0.7740497
0.7677195
0.9268109
0.9092087
0.910879
0.907323
0.9078739
0.9108879
0.9124797
0.9145078
0.7767872
0.7689905
0.9230523
0.8984696
0.9097644
0.9071778
0.7538628
0.8552373
0.872353
0.872116
0.8519209
0.8607878
0.8887947
0.8769432
0.8816542
0.8832655
0.8655018
0.8721605
0.8722441
0.8261583
0.7741456
0.
0.7751486
0.7621367
0.7959344
0.7864439
0.7980568
0.7984678
0.813463
0.7845966
0.9095553
0.9005598
0.8452747
0.8897182
0.8685553
0.9251414
0.9315713
0.8159632
0.8155201
0.8013334
0.8013483
0.7770055
0.7837991
0.9150398
0.8508032
0.9263825
0.9403136
0.6942876
0.7821085
0.7855577
0.7934599
0.7549818
0.6860333
0.9231855
0.923209
0.9306138
0.906299
0.8325903
0.7659945
0.9256991
0.9070984
0.9272446
0.8270673
0.705237
0.9115219
0.7749395
0.7782624
0.6938652
0.6705755
0.7797671
0.7079761
0.9120433
0.936432
0.9058355
0.8554544
0.9103491
0.8159411
0.7723541
0.9114458
0.7984152
0.6776024
0.8210802
0.7171295
0.9242099
0.9307257
0.7090056
0.6834552
0.8996385
0.696054
0.7060813
0.6926378
0.6971588
0.9307381
0.9146903
0.9138037
0.9144003
0.9142346
0.9183113
0.9173554
0.9210275
0.7431356
0.7265779
0.9311571
0.9072865
0.9174936
0.9141683
0.7447345
0.8639827
0.8882499
0.8868148
0.8704528
0.8715547
0.9076154
0.8922266
0.9045021
0.904365
0.8851907
0.8889049
0.8940599
0.833064
0.7225819
0.7751486
0.
0.7758469
0.8121875
0.7860862
0.7947118
0.803283
0.8054462
0.7876589
0.9138302
0.9044817
0.8314218
0.899695
0.8695125
0.9315244
0.9348417
0.8284593
0.8286994
0.7814125
0.7771357
0.7711375
0.7628174
0.9201285
0.8516281
0.9281125
0.9414231
0.7753086
0.7570569
0.7666246
0.7902017
0.7690619
0.7698991
0.9289422
0.9295888
0.933211
0.9095507
0.8372743
0.7656216
0.9281183
0.909474
0.9273666
0.8200662
0.7809491
0.9149535
0.7290832
0.7417944
0.7758803
0.7633619
0.7636943
0.7771409
0.9188502
0.9360103
0.9059315
0.867018
0.9136356
0.815535
0.7979792
0.9090794
0.7405653
0.7658791
0.8310451
0.7814503
0.9221835
0.9277911
0.7834982
0.7667232
0.9024852
0.7746956
0.7802424
0.7759397
0.7740471
0.9310567
0.9203807
0.9205567
0.9206128
0.9203297
0.9199967
0.9193581
0.9210073
0.7828562
0.7715874
0.9310652
0.9120484
0.9183314
0.9168967
0.7083737
0.8648049
0.8801884
0.878938
0.8663357
0.866645
0.9017604
0.8828362
0.8925202
0.8913492
0.8791259
0.8815789
0.8866263
0.8301858
0.7823339
0.7621367
0.7758469
0.
0.8087112
0.8044109
0.8080305
0.8050642
0.8222919
0.8034834
0.9197656
0.9095751
0.8478682
0.898783
0.8735961
0.9329197
0.9377927
0.8247573
0.8258975
0.8126315
0.8199953
0.8108174
0.8208287
0.9111892
0.8514344
0.918097
0.9305408
0.8080714
0.8103002
0.8175497
0.8238054
0.8141108
0.8091623
0.9154422
0.918892
0.9188338
0.8986354
0.8387614
0.7980831
0.9216639
0.9009383
0.9195854
0.8329553
0.8104629
0.9083826
0.7974192
0.8075512
0.8075334
0.797914
0.8113588
0.8058399
0.909374
0.9292628
0.9056248
0.8546521
0.9048313
0.8231954
0.8088196
0.900012
0.8111415
0.806383
0.8177123
0.8042442
0.9136725
0.9180359
0.8078189
0.8090671
0.9000317
0.811592
0.8119702
0.8091096
0.8143006
0.9263162
0.9125063
0.9146209
0.9151912
0.9156753
0.9187515
0.9140795
0.9147582
0.8151706
0.8087774
0.9224976
0.8984372
0.9108861
0.9108841
0.7981814
0.8572052
0.8642084
0.8627834
0.8576162
0.8529554
0.8770697
0.8676541
0.8761267
0.8721184
0.861933
0.8662313
0.8687221
0.8291079
0.8108973
0.7959344
0.8121875
0.8087112
0.
0.8034062
0.8153235
0.8102055
0.8156345
0.8034832
0.9084739
0.901916
0.8568186
0.8952
0.8966511
0.9226528
0.9291413
0.8281054
0.8278059
0.8282119
0.8098074
0.7907826
0.8050795
0.9110354
0.8522298
0.9189908
0.9320346
0.7860551
0.8028191
0.802207
0.8060285
0.784199
0.7880453
0.9183813
0.9201723
0.9248243
0.9025792
0.8316943
0.7800552
0.9209976
0.9021812
0.9210803
0.8327471
0.7872687
0.9075447
0.7923151
0.7993743
0.7839857
0.7734245
0.8007995
0.7831224
0.9061295
0.9327189
0.9078014
0.8593294
0.9062048
0.8261723
0.7993444
0.902539
0.8093834
0.7811561
0.8275724
0.7852286
0.9162887
0.9201553
0.7981495
0.7833637
0.8998458
0.7843655
0.7902919
0.7893507
0.7835791
0.9238255
0.9111356
0.9133118
0.9138268
0.9131837
0.9134116
0.9160629
0.9179648
0.7920887
0.7858913
0.9263387
0.9033963
0.911561
0.9050169
0.7942733
0.8659577
0.8798138
0.875978
0.8597625
0.8739079
0.8954456
0.8813167
0.8925067
0.8898916
0.8776577
0.8785692
0.8823951
0.8334497
0.7942398
0.7864439
0.7860862
0.8044109
0.8034062
0.
0.7959227
0.7943399
0.8103309
0.782466
0.9094392
0.902146
0.8488834
0.8952261
0.8864161
0.9231635
0.9294151
0.8293853
0.8288896
0.8065915
0.8193084
0.8070332
0.808129
0.9161871
0.8578896
0.9195235
0.9338268
0.7995079
0.809799
0.8059292
0.8170763
0.8004474
0.7895217
0.9228261
0.9218889
0.9244704
0.9011871
0.8461278
0.7946537
0.9233254
0.9016677
0.9247294
0.8418958
0.7989228
0.9127531
0.8050906
0.8081092
0.7895192
0.7895939
0.8067882
0.79567
0.9080422
0.9303058
0.9038758
0.8628319
0.9105745
0.8354071
0.8096633
0.9041056
0.8223831
0.7937752
0.8358493
0.7966242
0.9201323
0.9222741
0.8059965
0.7948295
0.901946
0.7987133
0.8037435
0.7982211
0.7964813
0.9270595
0.9086353
0.9117635
0.9093754
0.9108304
0.9165504
0.9148971
0.9171239
0.8054154
0.7979072
0.9227708
0.9046384
0.9106308
0.9072941
0.7987253
0.8726542
0.8833547
0.8814282
0.8646638
0.8757258
0.9011378
0.8852004
0.8960086
0.8964563
0.8811966
0.8800889
0.8856283
0.8420764
0.7970234
0.7980568
0.7947118
0.8080305
0.8153235
0.7959227
0.
0.8141502
0.8199678
0.7807989
0.9153681
0.9077414
0.8512855
0.8988148
0.8851146
0.9246739
0.9292682
0.8381633
0.832128
0.8107359
0.8191897
0.8048577
0.8030649
0.9128492
0.858824
0.921137
0.9303206
0.8054348
0.8040854
0.8076999
0.8126023
0.8077858
0.7997899
0.9214568
0.9219244
0.9253927
0.9048922
0.8399271
0.7958892
0.9224995
0.9044296
0.9203944
0.83427
0.8052211
0.909509
0.8024093
0.8070458
0.8015478
0.8008203
0.810311
0.8037001
0.9127644
0.9354582
0.9087749
0.862398
0.9102089
0.8327279
0.8175368
0.9075703
0.8153333
0.7996698
0.8313797
0.8010951
0.9191348
0.9234417
0.8044684
0.7987368
0.9007341
0.8045775
0.8066884
0.8001163
0.8010823
0.92802
0.9101141
0.91205
0.9104761
0.9115082
0.9101128
0.9131966
0.9156361
0.8063945
0.8061387
0.9223435
0.9062082
0.9087036
0.9086486
0.8022297
0.8669337
0.8837139
0.8798207
0.8683892
0.8764151
0.8969707
0.8852053
0.8942409
0.8927504
0.8789747
0.885482
0.8887486
0.8420758
0.8034597
0.7984678
0.803283
0.8050642
0.8102055
0.7943399
0.8141502
0.
0.8179114
0.8002392
0.9102404
0.9006214
0.8567994
0.9001349
0.883153
0.9232383
0.9287635
0.8391412
0.8403405
0.8192771
0.8267577
0.8149886
0.8235527
0.918121
0.8623035
0.9278181
0.9365455
0.8129734
0.8143115
0.8201693
0.8268871
0.8123498
0.8079151
0.9203481
0.9227751
0.9274599
0.9097567
0.8424838
0.8100832
0.9271114
0.9092389
0.9242645
0.8471965
0.8062608
0.9136262
0.8127695
0.8166675
0.8140143
0.8026911
0.827234
0.8169448
0.9146084
0.9356602
0.910829
0.8703429
0.9128271
0.842274
0.8212563
0.9101862
0.8256348
0.8091477
0.8482987
0.8085398
0.9222574
0.9261996
0.8133622
0.8056792
0.9062209
0.8122199
0.8131798
0.8066805
0.8073753
0.9287912
0.917267
0.915654
0.9148132
0.9159574
0.9172639
0.9194418
0.9224012
0.8164872
0.8097877
0.9274384
0.9041235
0.9172507
0.9138227
0.8143101
0.8727434
0.8818723
0.8889285
0.8746835
0.8798393
0.9020297
0.8836706
0.8987802
0.8940622
0.8831759
0.8861163
0.8858064
0.856361
0.8141006
0.813463
0.8054462
0.8222919
0.8156345
0.8103309
0.8199678
0.8179114
0.
0.8128765
0.91625
0.9096463
0.8607388
0.9014338
0.8917019
0.9295896
0.9346654
0.8460446
0.8476102
0.8258506
0.8054905
0.7926228
0.8026765
0.9118405
0.856827
0.9218527
0.9353762
0.7932324
0.7994708
0.7997756
0.8112335
0.7890363
0.7851621
0.9212726
0.92514
0.9272839
0.904879
0.8305411
0.7755003
0.9260551
0.9056372
0.9216384
0.8297031
0.7816732
0.9085379
0.7914418
0.8009827
0.78596
0.7825533
0.8007154
0.7844178
0.9121596
0.9330223
0.9041354
0.8563173
0.9093755
0.8237552
0.7969079
0.9059425
0.814012
0.7802398
0.8243429
0.7835301
0.9191002
0.9209675
0.7941077
0.7874107
0.9012226
0.7858161
0.794419
0.7815924
0.7865097
0.9293149
0.9131008
0.9136461
0.9122814
0.9124374
0.9140172
0.9147303
0.9167045
0.7942032
0.7842022
0.9252508
0.901343
0.9115585
0.9091627
0.7764253
0.8635205
0.8789983
0.8784132
0.8602077
0.8688844
0.8944167
0.8799078
0.8891257
0.890859
0.8792797
0.8778479
0.8844185
0.8360077
0.7950538
0.7845966
0.7876589
0.8034834
0.8034832
0.782466
0.7807989
0.8002392
0.8128765
0.
0.9095006
0.9040459
0.8424766
0.8954811
0.8810278
0.928583
0.9281178
0.8326187
0.8295172
0.8030312
0.9148978
0.9143092
0.9156465
0.5120864
0.9205247
0.8369374
0.8522108
0.91384
0.9123483
0.9163371
0.9122029
0.9157422
0.9154727
0.7809295
0.7803731
0.8578179
0.8587303
0.9079433
0.9099103
0.8422318
0.8599355
0.7744907
0.914705
0.9209156
0.4724129
0.913423
0.9143009
0.9193025
0.9130017
0.9111038
0.9150809
0.8474906
0.8768302
0.8709119
0.9261688
0.6841828
0.9102208
0.9152769
0.8598038
0.9107085
0.9183449
0.9024211
0.9144768
0.888777
0.8911727
0.9080212
0.9112628
0.7207989
0.9129269
0.9162572
0.9137553
0.9141897
0.8469945
0.8749023
0.8712689
0.8698145
0.8692129
0.8729391
0.8744959
0.8737098
0.9144322
0.9174154
0.8706529
0.8579078
0.8645685
0.860782
0.9163005
0.9143699
0.9125397
0.9086233
0.9060048
0.9110246
0.9155579
0.9082871
0.9140613
0.9094592
0.9125163
0.913997
0.9106494
0.9061573
0.9127237
0.9095553
0.9138302
0.9197656
0.9084739
0.9094392
0.9153681
0.9102404
0.91625
0.9095006
0.
0.8571701
0.9192536
0.8631366
0.9420735
0.8464321
0.8473314
0.9101513
0.9094696
0.9116869
0.9067563
0.900995
0.9107085
0.8579947
0.9125786
0.8633352
0.8719197
0.9021592
0.905829
0.9069101
0.9085866
0.9053319
0.8984361
0.8665997
0.872545
0.8681957
0.8573626
0.9056266
0.9038978
0.8647901
0.8577798
0.8674509
0.9054475
0.906835
0.8597808
0.9005572
0.906187
0.9040689
0.9021916
0.9065626
0.9011306
0.8557466
0.8863385
0.8709774
0.9212574
0.8599871
0.9048587
0.9083635
0.8566438
0.9008763
0.9046518
0.9015591
0.9015067
0.8996458
0.9029602
0.8981365
0.9016885
0.8549793
0.9035756
0.9052485
0.9046061
0.9039384
0.8717216
0.8727002
0.8704877
0.8729187
0.8721121
0.8773304
0.8776968
0.8761649
0.9088648
0.9066596
0.8725293
0.849594
0.8640868
0.8616768
0.908429
0.9176991
0.9226935
0.9150322
0.9152294
0.9146814
0.9212929
0.9177451
0.9206893
0.9204068
0.9172532
0.9153015
0.9187723
0.9074727
0.9009871
0.9005598
0.9044817
0.9095751
0.901916
0.902146
0.9077414
0.9006214
0.9096463
0.9040459
0.8571701
0.
0.9180924
0.8492125
0.9345373
0.8683484
0.8674497
0.9064849
0.9073799
0.899065
0.8622334
0.842012
0.849719
0.924068
0.8735152
0.9312681
0.9451834
0.8369631
0.8470455
0.8541063
0.8560353
0.8317455
0.8343069
0.930876
0.9334935
0.9362719
0.9173063
0.8679977
0.8409008
0.9315789
0.9172744
0.933205
0.868356
0.8421664
0.92125
0.8416062
0.8413454
0.8324798
0.8330798
0.8424049
0.8418294
0.9233856
0.9412747
0.9139148
0.8871093
0.9208492
0.8641572
0.8321505
0.9183708
0.8583596
0.8317527
0.8593578
0.8400652
0.9242806
0.9331041
0.8393689
0.8330519
0.9087944
0.8391485
0.8409518
0.8324548
0.8361503
0.935913
0.9267259
0.9298998
0.9287891
0.9290865
0.9302335
0.9308075
0.9317069
0.8363128
0.8302222
0.938773
0.9194301
0.9285626
0.9266123
0.834757
0.8925026
0.9062343
0.9045545
0.8927002
0.8984832
0.9203214
0.9082556
0.9184102
0.9146447
0.9010049
0.9039906
0.9067122
0.8694875
0.8417126
0.8452747
0.8314218
0.8478682
0.8568186
0.8488834
0.8512855
0.8567994
0.8607388
0.8424766
0.9192536
0.9180924
0.
0.9101926
0.8868741
0.939695
0.9426392
0.8595181
0.8578675
0.839799
0.9020625
0.8960294
0.9012002
0.8618243
0.9089347
0.8591549
0.8690999
0.8924129
0.893777
0.9000506
0.8995934
0.9002472
0.8968828
0.8652575
0.8643678
0.8423938
0.8289834
0.8980671
0.8954446
0.8622239
0.8295685
0.8676054
0.901173
0.9017219
0.8587002
0.8965547
0.8972996
0.8986179
0.8943239
0.895554
0.8976796
0.8524389
0.8840191
0.8668239
0.9171699
0.8602167
0.8968617
0.8954699
0.8311642
0.8972899
0.9018231
0.8943224
0.8958952
0.8956071
0.8950547
0.8911538
0.8950526
0.8539794
0.8979763
0.9001191
0.8973541
0.8992193
0.8687781
0.8659996
0.8683573
0.8667625
0.8669669
0.8683333
0.8668004
0.8674088
0.8995336
0.9014376
0.8748359
0.6255272
0.8679409
0.8678659
0.8986671
0.9092388
0.9108253
0.9068505
0.9032428
0.9017927
0.9171179
0.9105827
0.9104004
0.9116864
0.9084229
0.908693
0.9091506
0.8988787
0.895914
0.8897182
0.899695
0.898783
0.8952
0.8952261
0.8988148
0.9001349
0.9014338
0.8954811
0.8631366
0.8492125
0.9101926
0.
0.9335613
0.8673592
0.8668371
0.9001593
0.9009341
0.8925213
0.8753257
0.8763165
0.8737851
0.9437539
0.8966499
0.9475503
0.9611696
0.8748637
0.8795755
0.8762915
0.8863726
0.864522
0.8736822
0.9519443
0.9483955
0.9567313
0.9374836
0.8951422
0.8686299
0.9505694
0.9388881
0.9515436
0.8879736
0.873555
0.9412982
0.8777297
0.875274
0.8680677
0.8682776
0.8790947
0.8676015
0.9387401
0.9526741
0.9280789
0.9226595
0.9405243
0.8902855
0.8825159
0.9401077
0.8903663
0.864964
0.9027299
0.8708513
0.9476669
0.952135
0.8790277
0.8676279
0.9293601
0.8728222
0.8715426
0.8711564
0.8671042
0.9489411
0.9425376
0.9433011
0.9430724
0.942916
0.9451208
0.9434621
0.9435677
0.8708519
0.8705292
0.9554637
0.9390889
0.9448104
0.9434872
0.864171
0.91601
0.9399253
0.9414431
0.9321252
0.9342539
0.9517365
0.9436525
0.9465515
0.9496801
0.9328833
0.9381987
0.9384265
0.9127248
0.8778835
0.8685553
0.8695125
0.8735961
0.8966511
0.8864161
0.8851146
0.883153
0.8917019
0.8810278
0.9420735
0.9345373
0.8868741
0.9335613
0.
0.9550862
0.9578743
0.9049847
0.9020958
0.8823106
0.9250594
0.9252306
0.9312148
0.8502103
0.9292998
0.8381227
0.7291848
0.9290974
0.9294915
0.9303223
0.9296968
0.9318774
0.9301684
0.8526481
0.8519739
0.856911
0.8637776
0.9189914
0.9255072
0.8401135
0.8652595
0.8427959
0.9256529
0.9322568
0.8472961
0.9288475
0.9290101
0.930974
0.9276801
0.9275759
0.9297906
0.8458073
0.8653381
0.8746752
0.9349534
0.8498405
0.9192493
0.9312538
0.8617674
0.9228793
0.933516
0.9148945
0.9258056
0.8942188
0.8921273
0.9243416
0.9316457
0.8519658
0.9290282
0.9293465
0.9306196
0.9298156
0.8521482
0.8680993
0.8689896
0.8704452
0.8695571
0.872282
0.8708194
0.8718766
0.9328749
0.9336875
0.8690141
0.8599766
0.8653839
0.862327
0.9334617
0.9251415
0.9213517
0.9142394
0.9143362
0.9174844
0.9174671
0.9133008
0.9165564
0.9134774
0.9153144
0.9159172
0.9147845
0.9193062
0.9274143
0.9251414
0.9315244
0.9329197
0.9226528
0.9231635
0.9246739
0.9232383
0.9295896
0.928583
0.8464321
0.8683484
0.939695
0.8673592
0.9550862
0.
0.7990363
0.9240359
0.9224697
0.9277108
0.9306452
0.9324173
0.9367303
0.8515734
0.9336351
0.845196
0.7973503
0.9347454
0.9319247
0.9314876
0.9317321
0.9377163
0.9367952
0.8528743
0.8489745
0.8620625
0.8629551
0.9264309
0.9328272
0.8473755
0.8625024
0.8495332
0.9287896
0.9385873
0.8458297
0.9326725
0.9322512
0.9383721
0.9354321
0.9311561
0.935784
0.8467465
0.8651192
0.8744022
0.9373001
0.8509034
0.9227104
0.9352147
0.8664784
0.9279347
0.9399049
0.9203487
0.9318595
0.8979241
0.8956798
0.9298268
0.9381677
0.8553224
0.9353425
0.9352119
0.9375053
0.9369472
0.8527612
0.873131
0.8713645
0.8713483
0.8723428
0.8764671
0.874345
0.8750231
0.9354337
0.9367353
0.8678693
0.8645602
0.8644496
0.8678635
0.9373282
0.9260021
0.9223566
0.9149453
0.9161578
0.9191496
0.9197897
0.9131313
0.9184658
0.9189416
0.920027
0.9224539
0.9181177
0.9229615
0.9318893
0.9315713
0.9348417
0.9377927
0.9291413
0.9294151
0.9292682
0.9287635
0.9346654
0.9281178
0.8473314
0.8674497
0.9426392
0.8668371
0.9578743
0.7990363
0.
0.9259526
0.9272363
0.9329302
0.8372321
0.8178052
0.8312187
0.9103133
0.8472099
0.9175083
0.9294024
0.8198459
0.821337
0.8293486
0.8359273
0.8209583
0.8221512
0.9152412
0.9162016
0.9193819
0.8975667
0.8387269
0.8231191
0.9205237
0.8982344
0.9173164
0.8427594
0.8260301
0.9068146
0.8121334
0.8203498
0.8230281
0.8169866
0.8191859
0.8254227
0.9127719
0.9270102
0.9039927
0.862577
0.9051978
0.8178222
0.8178365
0.9013748
0.8261
0.8193082
0.8115868
0.8254937
0.9121571
0.9157249
0.8160782
0.8212195
0.8977596
0.8228083
0.8270358
0.8149514
0.8155426
0.9247807
0.9085483
0.9078574
0.9094633
0.9097504
0.9137642
0.9139824
0.916996
0.8178961
0.8126411
0.918465
0.8995317
0.9087973
0.910441
0.8116755
0.8606967
0.8622593
0.8570755
0.843285
0.8480429
0.8736299
0.8606675
0.8732113
0.8633384
0.8580473
0.85711
0.8644894
0.8158561
0.8269456
0.8159632
0.8284593
0.8247573
0.8281054
0.8293853
0.8381633
0.8391412
0.8460446
0.8326187
0.9101513
0.9064849
0.8595181
0.9001593
0.9049847
0.9240359
0.9259526
0.
0.3398333
0.8340039
0.8368746
0.8193762
0.8317922
0.9099473
0.8461683
0.9169766
0.9299528
0.8162035
0.8162813
0.829331
0.8351505
0.8192613
0.8202452
0.9151906
0.9173771
0.9185794
0.8982551
0.8358347
0.8198323
0.9202998
0.8988755
0.9174856
0.84199
0.8274172
0.9065363
0.8134931
0.8222643
0.8230739
0.8184085
0.8196568
0.8268071
0.9103629
0.9270909
0.9048013
0.862124
0.9054619
0.8183301
0.8160704
0.9003063
0.8276121
0.8227204
0.8105381
0.8236492
0.9126004
0.9178299
0.8144481
0.8240577
0.8981656
0.82099
0.8282894
0.8171779
0.8178191
0.923222
0.9099669
0.9086128
0.9101257
0.9101897
0.9162413
0.9158345
0.9176509
0.818267
0.8108078
0.9191162
0.9022315
0.9068234
0.9082837
0.815302
0.8595846
0.8594949
0.8562535
0.8389789
0.8485117
0.8714018
0.860338
0.8714565
0.8606244
0.8566178
0.85636
0.8620926
0.8075608
0.8279255
0.8155201
0.8286994
0.8258975
0.8278059
0.8288896
0.832128
0.8403405
0.8476102
0.8295172
0.9094696
0.9073799
0.8578675
0.9009341
0.9020958
0.9224697
0.9272363
0.3398333
0.
0.8332138
0.8294693
0.803768
0.8132253
0.9110427
0.8598294
0.9211388
0.937797
0.7880952
0.8140457
0.8157183
0.8179412
0.7900805
0.7781515
0.9241303
0.9230472
0.9280472
0.9043342
0.8374137
0.796765
0.9224449
0.9013913
0.9219352
0.841055
0.7843631
0.9093713
0.8014685
0.8105098
0.7816193
0.7784364
0.8039706
0.7825261
0.9067469
0.9332332
0.9013114
0.8649572
0.9068326
0.8401466
0.7844235
0.9024182
0.8247747
0.7743225
0.8332253
0.7826323
0.9175353
0.9259674
0.7874811
0.7815706
0.8991863
0.7811944
0.7836712
0.7808957
0.783923
0.9291292
0.9105794
0.9106194
0.908217
0.909434
0.9154418
0.9141072
0.917426
0.7894025
0.7836969
0.924037
0.8996059
0.9113681
0.9074857
0.7940159
0.8724101
0.8972112
0.8975803
0.8836668
0.8892864
0.9144481
0.9013597
0.9080275
0.9065254
0.8952167
0.89229
0.8989266
0.8524434
0.7815277
0.8013334
0.7814125
0.8126315
0.8282119
0.8065915
0.8107359
0.8192771
0.8258506
0.8030312
0.9116869
0.899065
0.839799
0.8925213
0.8823106
0.9277108
0.9329302
0.8340039
0.8332138
0.