0.6722525
0.6946167
0.6943402
0.6936398
0.6943402
0.6943402
0.6943402
0.698887
0.6942842
0.699038
0.6943402
0.6946933
0.693201
0.7932937
0.7934352
0.7932645
0.7946996
0.7902882
0.7909561
0.7898438
0.7942113
0.7911971
0.7911746
0.7913191
0.6569832
0.6793114
0.6501829
0.6531499
0.6780121
0.6573664
0.6585231
0.6619242
0.6610289
0.6533439
0.6533164
0.6531549
0.6539587
0.6890136
0.6934597
0.6947547
0.6970299
0.7994384
0.7957588
0.6939895
0.6918287
0.6646389
0.6591318
0.7993493
0.7912939
0.8043615
0.8040261
0.8019106
0.7672288
0.819588
0.8029177
0.7643159
0.7783212
0.8076681
0.8015907
0.7972545
0.7088215
0.6916929
0.6831506
0.7171336
0.6928741
0.8091266
0.8132821
0.7492452
0.7635504
0.7522403
0.8125949
0.8139103
0.8120467
0.7968935
0.8123661
0.8118068
0.8004516
0.8009012
0.8105315
0.6942243
0.6890621
0.6885797
0.7078686
0.6396664
0.6711683
0.6743445
0.6504946
0.647659
0.6715686
0.6510952
0.6679642
0.6714807
0.6541306
0.6600205
0.6702879
0.6553969
0.6554187
0.6689917
0.6625556
0.6704738
0.6723036
0.6935632
0.6932863
0.6927854
0.6932863
0.6932863
0.6932863
0.6959511
0.6902006
0.6969952
0.6932863
0.6932393
0.6921419
0.7910998
0.7912415
0.7910702
0.7920827
0.7878227
0.7884997
0.7872038
0.7921038
0.7878766
0.7886346
0.7880077
0.6571429
0.6789498
0.6506675
0.6528854
0.6788813
0.6567837
0.6599496
0.6612409
0.6600283
0.6537184
0.653691
0.6535296
0.6527349
0.6862337
0.6908061
0.6917792
0.6927849
0.7995508
0.7958724
0.692642
0.6906825
0.6621875
0.6594996
0.7969104
0.7902928
0.8058076
0.8046404
0.8038707
0.7671731
0.8158352
0.8019371
0.7638099
0.7779137
0.8066097
0.8011124
0.7961815
0.7071066
0.6886168
0.6775453
0.7177572
0.6933221
0.8087359
0.811647
0.7518554
0.7623243
0.7522767
0.8116363
0.8127926
0.8108407
0.7950757
0.81042
0.810522
0.7972552
0.7983916
0.8102256
0.6928768
0.6866003
0.6861169
0.7088855
0.6368823
0.6694136
0.6724922
0.6490649
0.6442841
0.6690708
0.6467948
0.6654188
0.6649657
0.6518519
0.6590174
0.6676514
0.6535501
0.6510273
0.6667702
0.6606222
0.6678522
0.6703357
0.6940699
0.6937931
0.6932924
0.6937931
0.6937931
0.6937931
0.6960575
0.6915189
0.6954058
0.6937931
0.6935459
0.692651
0.7916401
0.7917818
0.7916106
0.7937328
0.7903443
0.791012
0.7896419
0.7930717
0.7895372
0.790974
0.7896637
0.6525792
0.6767874
0.6479771
0.6511757
0.6763199
0.6541204
0.6592091
0.6599748
0.6594991
0.6523289
0.6521946
0.6520326
0.6524115
0.6846166
0.6891053
0.691987
0.6909858
0.7987355
0.7951357
0.692947
0.6909865
0.6612449
0.6587637
0.7981307
0.7900611
0.8057534
0.8039986
0.8012933
0.7663878
0.8187435
0.801124
0.7624781
0.7769696
0.8040427
0.8027426
0.7974799
0.7070179
0.6869022
0.674546
0.7128135
0.6866811
0.8075114
0.8096774
0.7501288
0.7636959
0.7509193
0.812405
0.8136398
0.8117745
0.7966976
0.8110258
0.8104697
0.8000847
0.798928
0.8084243
0.6922842
0.6862024
0.6855172
0.708506
0.6369847
0.6672812
0.66952
0.6466142
0.6416938
0.6674351
0.6446548
0.6628107
0.6647523
0.6517421
0.6573211
0.6672371
0.6495154
0.6492155
0.6618873
0.6576824
0.6639262
0.6664058
0.6911742
0.6908965
0.6903939
0.6908965
0.6908965
0.6908965
0.6960672
0.6930419
0.6974096
0.6908965
0.691251
0.6897402
0.7915162
0.7916578
0.7914866
0.7933522
0.7898772
0.7905463
0.7892606
0.7919206
0.7892421
0.7906796
0.7893694
0.6553735
0.6762916
0.6488744
0.6514241
0.6754154
0.6553252
0.6568071
0.6574695
0.6570978
0.650547
0.6504123
0.6502498
0.6495598
0.6831095
0.6879123
0.6888631
0.6892898
0.7986096
0.7951807
0.6935558
0.6928853
0.6638846
0.661829
0.7967267
0.7883876
0.8052918
0.8038707
0.8025125
0.7668993
0.8182828
0.8002389
0.7614599
0.778345
0.8047532
0.8000845
0.7959989
0.7059447
0.6864106
0.6764315
0.7149554
0.6896234
0.8085524
0.8102977
0.7506618
0.7623207
0.7508086
0.811455
0.8126936
0.8108239
0.7964059
0.8112255
0.8104233
0.801311
0.798378
0.8101257
0.6890962
0.6832937
0.6823033
0.7076332
0.637794
0.6690135
0.671351
0.649627
0.6452839
0.6699118
0.6488484
0.6660692
0.6676478
0.65305
0.6591518
0.6696415
0.6532632
0.6519072
0.6655534
0.6603361
0.6671564
0.6736629
0.6949476
0.6946717
0.6941725
0.6946717
0.6946717
0.6946717
0.6998023
0.6948177
0.6997562
0.6946717
0.6950241
0.693536
0.7912127
0.7913542
0.7911831
0.7940699
0.7911177
0.7917814
0.7905889
0.7937518
0.7888542
0.7919989
0.7889824
0.6613914
0.6823402
0.6550933
0.6572777
0.681541
0.6620006
0.6634525
0.6629548
0.6635309
0.6556756
0.6555424
0.6553819
0.6557571
0.6878457
0.6918964
0.694485
0.6949683
0.8004062
0.797246
0.6950144
0.6946357
0.6654475
0.6621474
0.798799
0.7898921
0.8048968
0.8056507
0.8047159
0.7694704
0.8186985
0.8016123
0.7646888
0.780764
0.8052775
0.8014618
0.7962859
0.71165
0.6895174
0.6822807
0.7152888
0.6938088
0.8066484
0.812142
0.7532249
0.7659852
0.7513577
0.8117152
0.8130327
0.8114132
0.7969402
0.810583
0.8106843
0.7988854
0.7970524
0.8081464
0.6975262
0.6915988
0.6907193
0.7114663
0.642075
0.6728287
0.6745167
0.6514451
0.6483031
0.6716372
0.6505646
0.6680398
0.6699714
0.6569726
0.660637
0.6716972
0.6542291
0.6561472
0.6688593
0.6644097
0.6693144
0.6688012
0.6937744
0.6934977
0.6929972
0.6934977
0.6934977
0.6934977
0.69785
0.6926334
0.6984963
0.6934977
0.693851
0.692355
0.7902906
0.7904323
0.7902608
0.7919587
0.7885613
0.7892351
0.7879434
0.7924074
0.7882704
0.7894551
0.7884003
0.6578078
0.6807154
0.6507029
0.6539828
0.6794118
0.6584057
0.6592412
0.6584232
0.6603744
0.6520466
0.6519123
0.6517504
0.6526624
0.6844256
0.6891136
0.6926991
0.6920956
0.7978223
0.7943042
0.6936491
0.6918874
0.6653424
0.6609945
0.7979762
0.7898252
0.803927
0.8050147
0.8021477
0.7668774
0.8196437
0.7997048
0.7616198
0.7783209
0.8039697
0.7998873
0.7959715
0.7053477
0.6889334
0.6815777
0.7144586
0.6906243
0.8065988
0.8101842
0.7518361
0.7622999
0.7508818
0.8117533
0.8130719
0.8111226
0.7960435
0.810538
0.8098193
0.80086
0.8000422
0.8078483
0.6886901
0.6851057
0.6846219
0.7078186
0.6383474
0.6711388
0.6747352
0.649631
0.6458251
0.6690951
0.6476835
0.6676265
0.6697634
0.6541123
0.660104
0.6705691
0.6535835
0.6531815
0.6670028
0.6615925
0.6682889
0.6685165
0.6932158
0.6929387
0.6924375
0.6929387
0.6929387
0.6929387
0.6980931
0.6941837
0.699038
0.6929387
0.6932924
0.6917924
0.7929522
0.7930937
0.7929229
0.7949551
0.7911464
0.791811
0.7906168
0.794126
0.79094
0.7919435
0.7910627
0.6569832
0.6780758
0.6514694
0.6535757
0.6785244
0.6574725
0.6590515
0.6597118
0.6594471
0.6521705
0.6520361
0.6518742
0.6526799
0.6856791
0.6907587
0.6951567
0.6951369
0.7997754
0.7961828
0.6943873
0.6935154
0.6675486
0.6638348
0.7989246
0.7905209
0.8037762
0.8036905
0.8021631
0.7657933
0.8186867
0.8004779
0.7640458
0.7790238
0.8046574
0.800155
0.7958982
0.7074537
0.6906868
0.6810996
0.7175209
0.6895571
0.8067847
0.810288
0.7515437
0.7640899
0.7522403
0.8130867
0.8143997
0.8124568
0.7969773
0.8112986
0.8109058
0.8002823
0.8000564
0.808951
0.6930293
0.6869545
0.68627
0.7085499
0.6402116
0.6735003
0.6764542
0.6527157
0.6469099
0.6712633
0.6512011
0.6687933
0.6715861
0.6561395
0.6622345
0.6709067
0.6533899
0.6549965
0.6699195
0.6630774
0.6702686
0.673649
0.6965665
0.6961909
0.6956921
0.6961909
0.6961909
0.6961909
0.7003275
0.694438
0.7005796
0.6961909
0.6961444
0.6950611
0.7921535
0.7922952
0.7921241
0.7938181
0.7899148
0.7905841
0.7892979
0.7937553
0.7888494
0.7907174
0.7892351
0.6605152
0.6817263
0.6536601
0.6580813
0.6813365
0.6607002
0.6636307
0.6656475
0.6640239
0.6579632
0.6578304
0.6576705
0.657091
0.6887641
0.6934128
0.6926935
0.6924904
0.7999158
0.7963237
0.6963267
0.6940632
0.6684296
0.6648232
0.7997454
0.7901472
0.8052529
0.8053395
0.8022194
0.7688063
0.8197267
0.8040645
0.7637411
0.7797816
0.8036228
0.8012252
0.7951901
0.7117967
0.6924495
0.6799189
0.7176719
0.6952293
0.8087658
0.8125087
0.7508643
0.763246
0.7513784
0.812241
0.8135582
0.8116102
0.7974516
0.8110258
0.8105517
0.8003388
0.8009575
0.8083409
0.6956687
0.689916
0.6902344
0.7088951
0.6433085
0.6733424
0.675243
0.654349
0.649206
0.6714165
0.651464
0.6705005
0.6695279
0.6575622
0.6621813
0.6698238
0.6569234
0.6554701
0.6698683
0.6637548
0.669396
0.6687754
0.6916469
0.6913694
0.6908672
0.6913694
0.6913694
0.6913694
0.6964354
0.6927103
0.6971804
0.6913694
0.6917236
0.6902157
0.7925863
0.7927278
0.792557
0.7933107
0.7906944
0.7913603
0.7901646
0.7930766
0.7890292
0.791493
0.7891571
0.6583084
0.679561
0.651746
0.652679
0.6783639
0.6582728
0.6588976
0.6604011
0.6591875
0.6523391
0.6523116
0.6521498
0.6515679
0.6859211
0.690795
0.6912627
0.6925727
0.7986521
0.7949694
0.6913335
0.6890782
0.6619806
0.6585595
0.7993214
0.790326
0.803328
0.8044149
0.8017974
0.7653351
0.8197948
0.8013756
0.7625055
0.7772502
0.8043753
0.8009712
0.796974
0.7068926
0.6893129
0.6788805
0.7147286
0.6908016
0.8082586
0.8114198
0.7506249
0.7614712
0.7506799
0.8127243
0.8140382
0.8120944
0.7958615
0.8104426
0.8100524
0.7998307
0.7992672
0.8090013
0.6922666
0.6865912
0.6856049
0.7097405
0.6387552
0.6694122
0.6723835
0.6489671
0.6434348
0.6686613
0.6478685
0.6656274
0.6680448
0.6528139
0.6588096
0.6680649
0.653979
0.6533658
0.6675971
0.6607296
0.6674397
0.6739824
0.6946869
0.6944104
0.6939104
0.6944104
0.6944104
0.6944104
0.6971686
0.6945555
0.6987096
0.6944104
0.6943636
0.6932718
0.7933376
0.7933083
0.7933083
0.7944876
0.790762
0.791428
0.7901462
0.7934867
0.7906416
0.7915606
0.7907651
0.6592802
0.6833851
0.6548638
0.6594824
0.6820711
0.6625207
0.6623979
0.6639987
0.6633166
0.6553413
0.6553141
0.6551533
0.6559539
0.6890853
0.6940287
0.6933159
0.6948077
0.8004068
0.7967342
0.6979269
0.6938822
0.6671077
0.6615144
0.7998162
0.7939926
0.8067373
0.8064945
0.8036328
0.7652155
0.8208521
0.8020351
0.7632864
0.7781933
0.8077918
0.7997745
0.7970433
0.7098626
0.6921659
0.6823026
0.7167132
0.6922428
0.8089998
0.8128234
0.7485634
0.7631522
0.7527529
0.8131254
0.814438
0.8124957
0.7979404
0.8120768
0.8116002
0.800663
0.801365
0.8113181
0.6969743
0.6906343
0.6896525
0.7077398
0.6378964
0.6733668
0.6761101
0.6489863
0.6489177
0.6721525
0.6503299
0.667938
0.669342
0.6572752
0.6611557
0.6687121
0.6536831
0.6548666
0.6684496
0.6614856
0.6690097
0.6413925
0.6673419
0.6649758
0.6649758
0.6649758
0.6649758
0.6649758
0.668403
0.6586864
0.6638275
0.6649758
0.6653402
0.6642118
0.7905744
0.7906303
0.7904594
0.7909573
0.7876489
0.7883243
0.7869457
0.7890935
0.790188
0.788801
0.7907387
0.6510638
0.6767771
0.6483935
0.6534887
0.6724084
0.6483229
0.6253823
0.6234185
0.6239123
0.6240632
0.6234782
0.6234175
0.6188127
0.6691297
0.6710812
0.6747974
0.6684292
0.7930089
0.7889571
0.6620781
0.6545497
0.6193346
0.6209716
0.7872855
0.7873624
0.797885
0.7991297
0.790972
0.7544283
0.8031259
0.7938732
0.746317
0.7555491
0.7999298
0.7950635
0.793186
0.6679102
0.6696776
0.6521532
0.6822293
0.6657303
0.7924635
0.7927858
0.7373685
0.7425159
0.7385481
0.8110659
0.8113233
0.8103543
0.7947149
0.7970711
0.7988897
0.8028772
0.7968321
0.8055769
0.6591813
0.6548382
0.6530788
0.7079015
0.607803
0.626389
0.6342661
0.6128669
0.616625
0.6504071
0.6094531
0.6310796
0.6318404
0.6116952
0.6360221
0.6347757
0.6248801
0.6114521
0.624551
0.6270862
0.6282336
0.6510454
0.6745681
0.6730516
0.6730516
0.6730516
0.6730516
0.6730516
0.6756088
0.6659358
0.6709923
0.6730516
0.6734124
0.6723239
0.7928506
0.7929065
0.7927362
0.7928068
0.7895109
0.7901792
0.7887244
0.7914635
0.7922958
0.7906534
0.7928391
0.6550939
0.6795469
0.6527789
0.6586667
0.6756945
0.6532385
0.6298019
0.6284017
0.6279014
0.6279425
0.6273611
0.6273012
0.6211656
0.6736671
0.6750811
0.6806547
0.6771702
0.7988944
0.7942933
0.6676732
0.6607018
0.6276154
0.6288947
0.7906168
0.7918818
0.7990347
0.8017923
0.7949458
0.7586785
0.805608
0.7937614
0.7531859
0.7629345
0.8009954
0.7985096
0.7959556
0.6746038
0.6771946
0.6562055
0.6867925
0.670708
0.7954224
0.7946378
0.7421045
0.7508787
0.7429035
0.8146291
0.8148757
0.8139215
0.8010236
0.8018056
0.8022693
0.8080335
0.8003509
0.8072146
0.6666667
0.6614308
0.6601043
0.7136877
0.6163036
0.6339308
0.6419392
0.6218548
0.6242886
0.6569709
0.6168284
0.6366307
0.6378374
0.6198553
0.6435101
0.643291
0.6326498
0.6197127
0.6320927
0.633532
0.6348492
0.6463839
0.6737682
0.6714264
0.6714264
0.6714264
0.6714264
0.6714264
0.674093
0.6646036
0.6693624
0.6714264
0.6717877
0.6706918
0.7920457
0.7921016
0.7919312
0.7922572
0.7896449
0.7903123
0.7886875
0.7912546
0.7920869
0.7907861
0.7926306
0.6542812
0.6788485
0.651321
0.656591
0.6748955
0.6513558
0.6276493
0.6256934
0.625191
0.6250101
0.6244264
0.6243659
0.6191015
0.6732781
0.6740792
0.6783162
0.6720651
0.7986849
0.794762
0.6675954
0.6586538
0.623048
0.6242308
0.7916932
0.7911598
0.7978165
0.8001542
0.7926124
0.7580222
0.8031375
0.7927877
0.7509716
0.7602122
0.7980053
0.7964384
0.7941383
0.6698976
0.6742401
0.6510152
0.6864028
0.6704219
0.7933376
0.7924635
0.7400458
0.748203
0.7410332
0.8132774
0.813528
0.812732
0.7993216
0.801763
0.8030544
0.8070715
0.7993823
0.8052529
0.6615074
0.6572854
0.655533
0.7145524
0.6113964
0.6291554
0.6368829
0.6172701
0.6202491
0.6529507
0.6133258
0.6337468
0.6343405
0.6164626
0.6400924
0.638823
0.6281183
0.6150998
0.6285487
0.6309675
0.6327353
0.6497947
0.6730516
0.6707061
0.6707061
0.6707061
0.6707061
0.6707061
0.6745068
0.6653349
0.669881
0.6707061
0.671068
0.669968
0.7925247
0.7925806
0.7924102
0.7929916
0.7904674
0.7911321
0.7896823
0.792161
0.7926511
0.7915199
0.7931932
0.6568089
0.6809022
0.6546144
0.6599546
0.6755146
0.654435
0.6324636
0.630081
0.6295821
0.6299535
0.629374
0.6293145
0.6245269
0.6763591
0.6785742
0.6798603
0.6755586
0.7981516
0.7932053
0.6683176
0.6592742
0.6257796
0.6278309
0.7898587
0.7929207
0.798124
0.8003785
0.794536
0.7588771
0.8055381
0.7930111
0.7511004
0.7608838
0.7999158
0.7963237
0.793768
0.6748338
0.6760923
0.6575061
0.6860071
0.6699067
0.7936474
0.792517
0.7422163
0.7515369
0.7435708
0.8133379
0.8135884
0.812629
0.8004567
0.8013199
0.8020343
0.8072971
0.8003649
0.8060619
0.6637924
0.6587456
0.6572052
0.7142857
0.6183559
0.6301494
0.6386466
0.6197904
0.6226627
0.65409
0.6171919
0.6357932
0.637425
0.6192199
0.6420274
0.6418193
0.631156
0.6183016
0.6308181
0.6318218
0.6336915
0.6470076
0.6700622
0.667809
0.667809
0.667809
0.667809
0.667809
0.6710128
0.6614526
0.6661465
0.667809
0.6681723
0.6670576
0.7917255
0.7917814
0.7916108
0.7921931
0.7881194
0.7887931
0.7874167
0.7909329
0.7905711
0.7892693
0.7911205
0.6529986
0.6775247
0.6504516
0.6558421
0.673876
0.6505938
0.6266184
0.625322
0.6247081
0.6249698
0.6243855
0.624325
0.6183849
0.6724606
0.6740861
0.6760629
0.6706266
0.7982069
0.7935134
0.6666667
0.6588546
0.6222329
0.6257291
0.7874128
0.7899809
0.7978425
0.7990031
0.7922078
0.7571042
0.8024128
0.7918724
0.7481056
0.7602939
0.7976936
0.7956997
0.7929723
0.6722709
0.6721859
0.6538858
0.6828684
0.6693906
0.7919059
0.7929984
0.737123
0.746895
0.7400754
0.8135617
0.8137302
0.8128526
0.7986828
0.8002087
0.8014268
0.8066886
0.7982277
0.8045334
0.6621275
0.6569622
0.654787
0.711514
0.6130399
0.6288931
0.6368537
0.6171117
0.6196492
0.6531465
0.6145004
0.6337154
0.6350857
0.6166371
0.6406088
0.6396582
0.6290657
0.6148268
0.6284031
0.629733
0.6328113
0.6533774
0.6636775
0.6614075
0.6623478
0.6614075
0.6614075
0.6614075
0.6646432
0.6508263
0.6626591
0.6614075
0.6617727
0.6624119
0.7768029
0.7772072
0.7772072
0.780323
0.7745905
0.772776
0.7749249
0.7822409
0.7813633
0.7739726
0.7793481
0.6508536
0.6713696
0.6510709
0.6477461
0.6662776
0.6548247
0.6169886
0.6195854
0.614045
0.6169955
0.6162932
0.616343
0.6130523
0.6615132
0.6630891
0.6777398
0.6725219
0.7894663
0.7864256
0.6649624
0.6645072
0.6248003
0.6189293
0.7952845
0.7914253
0.7963883
0.788365
0.7876688
0.7534367
0.8081371
0.7897298
0.7535819
0.7608853
0.7934362
0.7926219
0.7892993
0.6770167
0.6696463
0.6510854
0.6962595
0.6718096
0.7905248
0.7949442
0.7453891
0.7423629
0.7435067
0.8062155
0.8068158
0.8054174
0.7957414
0.8007634
0.8044543
0.8012906
0.7919283
0.8039955
0.6610446
0.6528364
0.6568536
0.6889312
0.6092488
0.6398471
0.6400748
0.6182632
0.6285008
0.6502013
0.6054905
0.632098
0.6333225
0.6176849
0.6368131
0.6441558
0.6284327
0.6132045
0.6347173
0.6219698
0.6268633
0.65586
0.665914
0.6637555
0.6646926
0.6637555
0.6637555
0.6637555
0.6664594
0.6529017
0.6643793
0.6637555
0.6641198
0.6647643
0.7758978
0.7763026
0.7763026
0.7792494
0.7748212
0.7730066
0.7746297
0.7818634
0.7807255
0.7742028
0.7787095
0.6533417
0.6742124
0.6536762
0.650461
0.6690223
0.6573091
0.6164793
0.6187439
0.6140948
0.6162621
0.6154469
0.6156088
0.6128771
0.6641727
0.6652171
0.6803533
0.674318
0.7880711
0.7849364
0.6663571
0.6656905
0.6270443
0.6233922
0.7948301
0.7898571
0.7966125
0.7884208
0.7852335
0.7540384
0.8075288
0.7898709
0.7542744
0.7599506
0.7934071
0.7922518
0.7892696
0.6793077
0.6696984
0.6543356
0.6973072
0.6723764
0.7910088
0.7959356
0.7424867
0.7432502
0.7423584
0.8062712
0.8069535
0.8053905
0.7957131
0.7998194
0.8035197
0.8015149
0.7914725
0.8047197
0.6616162
0.6521501
0.6559626
0.689183
0.6099788
0.641888
0.6413423
0.620519
0.6309543
0.652547
0.6071141
0.6339952
0.6363636
0.6209496
0.6378417
0.6477192
0.6292466
0.6160399
0.6383214
0.6263061
0.6296296
0.6522869
0.6628161
0.6606473
0.6615889
0.6606473
0.6606473
0.6606473
0.6628469
0.6495131
0.6626318
0.6606473
0.661013
0.6616506
0.7764614
0.776866
0.776866
0.7798106
0.7746852
0.7728702
0.7746691
0.7827694
0.7811989
0.7740669
0.7791829
0.6494407
0.6711378
0.6499723
0.6468589
0.6659401
0.6534154
0.614369
0.6179821
0.611526
0.6141503
0.6133323
0.6134944
0.6110931
0.661381
0.6618128
0.6773066
0.6720867
0.7861431
0.7829968
0.6640043
0.663656
0.6247602
0.6191087
0.7935936
0.790839
0.7940372
0.7866601
0.787079
0.7508795
0.8070726
0.7890575
0.7537652
0.7571897
0.7937883
0.7915254
0.7888834
0.6760759
0.6702417
0.6523357
0.6970391
0.6706512
0.7904506
0.7940199
0.7440954
0.7417121
0.7409101
0.8047448
0.805433
0.8039446
0.7944159
0.8001945
0.8036441
0.8002949
0.7890343
0.8031744
0.660392
0.6517522
0.6557773
0.6899095
0.6069298
0.6391467
0.6397071
0.6175576
0.6269277
0.6501704
0.6040909
0.6319516
0.6322848
0.6181979
0.6353618
0.644976
0.6260967
0.6130487
0.6342486
0.623361
0.625516
0.6523484
0.6655768
0.6634181
0.6643553
0.6634181
0.6634181
0.6634181
0.6663299
0.6531997
0.6651866
0.6634181
0.6637824
0.6644259
0.7767953
0.7771995
0.7771995
0.7803143
0.7754592
0.7736455
0.7754431
0.7830102
0.7813544
0.7748396
0.7793397
0.6503541
0.6712905
0.6506757
0.6476717
0.6666148
0.6542189
0.6161371
0.6204062
0.6137523
0.6162556
0.6154406
0.6156025
0.6133214
0.6607045
0.6617636
0.67807
0.6712095
0.788261
0.7847851
0.6648854
0.6647394
0.6244008
0.6195243
0.7953567
0.7918402
0.7943506
0.7868968
0.7879152
0.7513363
0.8083699
0.7896333
0.754491
0.7580891
0.793169
0.7913314
0.7885199
0.6770392
0.669878
0.6528239
0.6953799
0.6709067
0.7910268
0.7945912
0.7425269
0.7404186
0.7408226
0.8060351
0.8067181
0.805237
0.7950604
0.8004164
0.8046864
0.801024
0.7894402
0.8039804
0.6599269
0.6508644
0.6547879
0.6890494
0.6080464
0.639551
0.6398894
0.6181949
0.6272255
0.6513804
0.6054246
0.6317003
0.6344688
0.6181716
0.6371752
0.6448289
0.6270511
0.6146981
0.6364785
0.6236619
0.6267935
0.6556733
0.6673927
0.6651344
0.6660698
0.6651344
0.6651344
0.6651344
0.6676247
0.6538826
0.6659656
0.6651344
0.6654982
0.6661459
0.7787276
0.7791311
0.7791311
0.7820649
0.7771351
0.775321
0.7771192
0.7842386
0.7828433
0.7765116
0.7808287
0.6523072
0.6730005
0.6531692
0.6499527
0.6686349
0.6554304
0.6201807
0.6232094
0.6181436
0.6195205
0.6187091
0.6188707
0.6163741
0.662739
0.662854
0.6819132
0.6749594
0.7875988
0.7856638
0.6673113
0.6664356
0.6278309
0.6235219
0.7963172
0.7919492
0.796317
0.7888041
0.7899047
0.7545308
0.8101433
0.7899118
0.7557664
0.7597181
0.795993
0.7927191
0.7889688
0.6799446
0.6723054
0.6539344
0.699322
0.6724031
0.7922473
0.7956374
0.7455721
0.743101
0.7444289
0.8070551
0.8077347
0.8062578
0.7961717
0.802523
0.8059516
0.8018934
0.7929624
0.8050126
0.6636145
0.6545937
0.6582879
0.6894112
0.6124858
0.6418007
0.6425788
0.6219687
0.6317382
0.6526747
0.6085905
0.6357506
0.6370484
0.6218535
0.6405728
0.6489095
0.6306836
0.617614
0.6394166
0.626655
0.629867
0.656782
0.671371
0.6692296
0.6701591
0.6692296
0.6692296
0.6692296
0.6703612
0.6583831
0.668817
0.6692296
0.6692816
0.6695232
0.7811034
0.7815054
0.7815054
0.7839966
0.7786494
0.7775326
0.7787207
0.7862509
0.7851169
0.7787177
0.7837933
0.6541601
0.6754236
0.6538613
0.6520268
0.6706485
0.6582318
0.621798
0.6251507
0.6196547
0.6221399
0.6213318
0.6214931
0.6181128
0.6636257
0.6649837
0.683694
0.678277
0.789507
0.7864661
0.6690097
0.6695612
0.6311645
0.6261064
0.7984649
0.7926606
0.7957554
0.7881488
0.7910437
0.7543847
0.8093415
0.7907944
0.7560744
0.7598431
0.7939023
0.7933441
0.7899373
0.6791814
0.6732827
0.6581271
0.6982772
0.6726596
0.7909941
0.795071
0.7452407
0.7442476
0.7450202
0.8069994
0.8077611
0.8062845
0.796784
0.8008883
0.8049083
0.8035989
0.7923104
0.8030345
0.6639777
0.6551724
0.6589672
0.6938296
0.6098337
0.6451613
0.6454958
0.6246617
0.6351652
0.6555341
0.6105568
0.638185
0.6385406
0.6243399
0.6425735
0.6505524
0.6332408
0.6188949
0.6400095
0.6274807
0.6315498
0.6572638
0.6716244
0.669692
0.6706202
0.669692
0.669692
0.669692
0.6727737
0.6583373
0.6713433
0.669692
0.6700535
0.6708142
0.777936
0.7782525
0.7782525
0.7816206
0.7770405
0.7752281
0.7770246
0.7843972
0.7825717
0.7765049
0.7805587
0.6565411
0.6765984
0.6574169
0.6521978
0.6714175
0.6597647
0.623221
0.6254616
0.6195275
0.6223439
0.6215367
0.6216978
0.6184327
0.6659667
0.6660721
0.6847465
0.6798431
0.7903952
0.7872761
0.6686482
0.6677687
0.6295058
0.62499
0.796462
0.7946498
0.7968816
0.7867299
0.7892025
0.7563607
0.8093615
0.7904896
0.7572292
0.7609862
0.7951223
0.7933779
0.7903998
0.682362
0.6766092
0.6590319
0.6993912
0.6762934
0.7935903
0.7947632
0.7455947
0.7441416
0.7464789
0.8061978
0.806962
0.8054002
0.7977303
0.8022442
0.8056722
0.8035402
0.7935357
0.8060627
0.6678516
0.6583716
0.6622481
0.6931646
0.6149038
0.6438067
0.6439222
0.6246421
0.6337279
0.6555949
0.6105483
0.6369684
0.6383994
0.6223379
0.6422164
0.6491379
0.6306092
0.6199856
0.6404061
0.6280051
0.6319571
0.6539882
0.6677031
0.6655508
0.6664851
0.6655508
0.6655508
0.6655508
0.6676242
0.6542071
0.6662774
0.6655508
0.6659142
0.6665626
0.7769379
0.7773421
0.7773421
0.7805433
0.7753395
0.7735256
0.7753235
0.7828064
0.7818427
0.7748075
0.7798282
0.6531606
0.6741328
0.652963
0.6505986
0.6690474
0.6575493
0.618198
0.6212341
0.6152601
0.6176471
0.6168338
0.6169955
0.6146061
0.6613835
0.6623356
0.6807835
0.6739315
0.7883165
0.78527
0.667414
0.6670515
0.6259877
0.6205682
0.7943919
0.7904446
0.7948287
0.7867808
0.7877995
0.7527613
0.8072633
0.7902862
0.7550916
0.7585956
0.7940742
0.7930062
0.7891732
0.679634
0.6716846
0.6547911
0.6984151
0.672709
0.7908261
0.7943067
0.7439688
0.7414936
0.7416194
0.8055959
0.8062806
0.8047971
0.7957839
0.8014701
0.8051536
0.8017525
0.7912902
0.8036188
0.6616436
0.652602
0.6566199
0.6871049
0.6121735
0.6421437
0.6417086
0.6213306
0.6312102
0.6526812
0.607497
0.6355489
0.6367317
0.6181102
0.6391785
0.6458382
0.629612
0.6159717
0.6376045
0.6247006
0.6271697
0.6523108
0.6644055
0.6624502
0.6633895
0.6624502
0.6624502
0.6624502
0.6646422
0.6510322
0.6629705
0.6624502
0.6628152
0.663457
0.7768501
0.7772546
0.7772546
0.7797636
0.7748998
0.7730846
0.7746207
0.7829827
0.7813256
0.774281
0.7793094
0.6510585
0.6719931
0.6518097
0.648271
0.6674185
0.6554549
0.6171881
0.6206758
0.614693
0.6168595
0.6160447
0.6162066
0.6140379
0.6623468
0.662463
0.6804092
0.6741669
0.7881523
0.7852748
0.6655822
0.6655359
0.6251099
0.6210071
0.7951688
0.791222
0.7957682
0.7876451
0.7875486
0.7512824
0.8071987
0.7875574
0.7538934
0.7599361
0.7939996
0.7924195
0.7890096
0.6769195
0.6693373
0.6547036
0.6971686
0.6725328
0.7904917
0.7945728
0.743669
0.7417477
0.7421518
0.8053654
0.8057222
0.8045659
0.7948754
0.8004861
0.8044288
0.8012632
0.7909573
0.8032168
0.66
0.6510372
0.655592
0.6889413
0.6103547
0.6397232
0.6400618
0.6201166
0.6281539
0.6521773
0.606249
0.6328429
0.6345264
0.6193269
0.6383199
0.6456383
0.6277587
0.6140718
0.6353499
0.6240409
0.6272799
0.6743426
0.695233
0.6949568
0.6944572
0.6949568
0.6949568
0.6949568
0.6985059
0.6926927
0.6997483
0.6949568
0.6949101
0.6938211
0.792342
0.7924835
0.7923126
0.7940906
0.7907917
0.7914575
0.7902619
0.7942841
0.7903283
0.7914193
0.7903671
0.6569067
0.6808742
0.6507508
0.6540314
0.6783417
0.6583498
0.6616098
0.6636321
0.6625295
0.655502
0.6554748
0.6553141
0.6549463
0.686205
0.6906767
0.6912446
0.691954
0.8016112
0.7976936
0.6931108
0.6897574
0.6641448
0.6606264
0.8008615
0.7934236
0.8054314
0.8055186
0.8032407
0.7661478
0.8191593
0.800885
0.7627798
0.7785766
0.8049772
0.8008167
0.7956307
0.708834
0.689496
0.6799906
0.7181112
0.6901798
0.8065173
0.8117696
0.7499816
0.7608426
0.7506801
0.8145417
0.815766
0.8138316
0.7974666
0.8138235
0.8133425
0.8013674
0.8021514
0.8101823
0.6962276
0.6906815
0.6895999
0.7102136
0.6411181
0.6701311
0.6738403
0.6492537
0.6452277
0.6693511
0.6482618
0.6658092
0.6678069
0.6533134
0.6612091
0.6692803
0.6538431
0.6525943
0.6653978
0.6613294
0.6675172
0.6512987
0.6847207
0.6832255
0.6832255
0.6832255
0.6832255
0.6832255
0.6852293
0.6815893
0.6833346
0.6832255
0.6835823
0.6846777
0.7868236
0.7870515
0.7867073
0.7884111
0.7795315
0.7777144
0.7796029
0.7848965
0.7862617
0.777857
0.7842456
0.6454473
0.6643626
0.6404503
0.6435942
0.6643755
0.6461098
0.6166126
0.6145106
0.615684
0.6098574
0.6095991
0.6093088
0.6137914
0.6529342
0.6569818
0.6903753
0.6845503
0.7880008
0.7873514
0.677258
0.6667438
0.629937
0.6285897
0.7911815
0.7905626
0.7962248
0.79314
0.7938937
0.7672514
0.8128956
0.7997335
0.7532982
0.7669924
0.7975939
0.7980573
0.7984572
0.6820035
0.6764341
0.6481216
0.7052208
0.683866
0.7941967
0.8025742
0.7506968
0.7485131
0.7547694
0.8079768
0.8087364
0.8071789
0.7943203
0.8018625
0.8043133
0.7990279
0.7915812
0.7966042
0.667132
0.6636625
0.6615061
0.6918512
0.5944807
0.6375296
0.6430779
0.6223128
0.6246391
0.6528542
0.6090256
0.6439861
0.6226725
0.6193159
0.625393
0.650993
0.6201638
0.6207256
0.6283052
0.6257997
0.6298969
0.647962
0.6750116
0.6725677
0.6725677
0.6725677
0.6725677
0.6725677
0.6755397
0.6628172
0.6694698
0.6725677
0.6729291
0.6715266
0.7916932
0.7918344
0.7916637
0.792161
0.7891156
0.789786
0.7883279
0.7914987
0.7902815
0.7905172
0.7907469
0.6573267
0.6807107
0.6520466
0.6559427
0.6764455
0.6533597
0.6339629
0.6334454
0.6337149
0.6335389
0.6330716
0.6330128
0.6253725
0.6739046
0.6746019
0.6749318
0.6699052
0.7967445
0.7939066
0.665321
0.6582259
0.6265099
0.6259292
0.7903936
0.7911473
0.7975606
0.7998175
0.791493
0.7543217
0.802554
0.7933733
0.7537368
0.7597029
0.8039751
0.7978738
0.7959944
0.6753538
0.6759984
0.657179
0.6849093
0.670634
0.7923873
0.7968054
0.7416328
0.7460084
0.7423403
0.8165534
0.8167134
0.8158473
0.7989044
0.803844
0.8073502
0.8064132
0.8005618
0.8017399
0.6615001
0.657377
0.6557275
0.7101808
0.6153846
0.6329207
0.6413911
0.6180856
0.6250501
0.6569884
0.6163668
0.6359806
0.636622
0.6189518
0.6396202
0.6384597
0.6265282
0.6184771
0.6333915
0.6328771
0.6288889
0.8058587
0.7967099
0.7954433
0.7954433
0.7954433
0.7954433
0.7954433
0.7939381
0.7943485
0.7945566
0.7954433
0.7957562
0.7949558
0.7959299
0.795901
0.795901
0.7994626
0.792669
0.7924743
0.7920524
0.8005092
0.7975921
0.7929494
0.7975274
0.8063541
0.8118268
0.8069321
0.808095
0.8158225
0.8052847
0.8049228
0.8019795
0.8038967
0.8046577
0.8047283
0.8046164
0.8027562
0.8022156
0.8044807
0.8053962
0.8004519
0.801394
0.8016057
0.8085032
0.8125606
0.7933598
0.7912742
0.7921521
0.8017821
0.7894363
0.7828768
0.7892898
0.815119
0.6969464
0.7867038
0.8148252
0.8030582
0.7883008
0.7974459
0.7997177
0.8210497
0.8103327
0.8013509
0.8083427
0.808122
0.7787406
0.7817028
0.8054967
0.8034514
0.8035942
0.8203556
0.8207489
0.819567
0.8136599
0.8131761
0.8175182
0.8109191
0.8068262
0.784152
0.8060746
0.8017405
0.802734
0.8156142
0.7947894
0.7921775
0.7946123
0.7845017
0.7916519
0.7910803
0.7894402
0.7939531
0.7903753
0.7886613
0.7920354
0.7956936
0.7922712
0.7921682
0.8001263
0.7921682
0.7895405
0.7881705
0.7825783
0.7825082
0.7817405
0.7825082
0.7825082
0.7825082
0.7867996
0.789286
0.7841752
0.7825082
0.7831595
0.7838596
0.6320962
0.6324686
0.6324686
0.6279088
0.6190703
0.6154946
0.6203557
0.6257019
0.6391801
0.6174161
0.6359227
0.7857342
0.8016077
0.7840039
0.7832236
0.7942869
0.788561
0.7804861
0.7734369
0.7790984
0.7738289
0.7736396
0.7736076
0.776987
0.7868155
0.7860077
0.7931997
0.7947368
0.6230065
0.6197941
0.7880909
0.7887042
0.7801453
0.7781661
0.6073353
0.6248416
0.7978086
0.7910178
0.793522
0.7948861
0.8006495
0.7958633
0.7916463
0.7952712
0.7944094
0.7989488
0.7945205
0.7960467
0.796757
0.7873789
0.789606
0.7856344
0.7905354
0.7938841
0.785033
0.7767977
0.7858444
0.6414349
0.6432044
0.63991
0.6346228
0.6546431
0.6568919
0.624653
0.6213492
0.7943504
0.7877358
0.7826269
0.7832105
0.8014671
0.7715848
0.7848754
0.7877143
0.7716188
0.7743885
0.7843393
0.7755958
0.7828544
0.7943107
0.7759613
0.783871
0.7864583
0.7817966
0.7747704
0.7840728
0.7841486
0.783196
0.6615482
0.6820872
0.6803649
0.6812904
0.6803649
0.6803649
0.6803649
0.6873015
0.6697197
0.6805772
0.6803649
0.681138
0.6782132
0.780746
0.7808022
0.78089
0.7792039
0.7816034
0.782309
0.7812365
0.7848265
0.7792919
0.7834098
0.7797987
0.6690246
0.6841282
0.666271
0.6674545
0.6916596
0.6708182
0.6508304
0.6487005
0.6462623
0.6497722
0.6490961
0.64904
0.6417142
0.6781977
0.6787827
0.6858594
0.6805826
0.7965549
0.7930004
0.6669539
0.6776214
0.6347791
0.6477553
0.7913499
0.7813041
0.7941344
0.7897033
0.7900379
0.7535728
0.8086742
0.7934914
0.7473214
0.7523126
0.7959431
0.7891683
0.7837935
0.6835404
0.6851319
0.6679081
0.6932197
0.6917247
0.7801808
0.7925623
0.7392312
0.7431083
0.7417357
0.8096367
0.8099013
0.809082
0.7976441
0.808157
0.8109159
0.7959329
0.7962264
0.80279
0.6816491
0.6776949
0.6784356
0.7013354
0.6323613
0.6415343
0.6457752
0.6299775
0.634323
0.6611461
0.6151348
0.6454263
0.6318953
0.6306749
0.6350182
0.6538735
0.6352262
0.62253
0.642055
0.6372086
0.635798
0.6449823
0.6623037
0.6621182
0.6611623
0.6621182
0.6621182
0.6621182
0.6642405
0.6441896
0.662859
0.6621182
0.6622769
0.6600494
0.7807803
0.7806605
0.7806605
0.7789679
0.774911
0.7756447
0.7746274
0.7774715
0.7789679
0.7761453
0.7793895
0.6341562
0.6484809
0.6281653
0.6240816
0.6628349
0.6248466
0.6125577
0.6116745
0.6074766
0.6135914
0.6131026
0.6128102
0.6034511
0.6548644
0.6587377
0.6576439
0.6718332
0.7897561
0.7884932
0.6561014
0.6522736
0.6094738
0.6062623
0.7899402
0.7834538
0.7952442
0.8008673
0.792874
0.7495154
0.8130861
0.7967503
0.7545839
0.7565867
0.8064288
0.7961547
0.7905396
0.664902
0.6600095
0.6328246
0.6699644
0.65144
0.7932644
0.8016842
0.7349398
0.7357299
0.7437009
0.8058402
0.8068691
0.8054483
0.8001825
0.8059398
0.8093909
0.8014255
0.7900898
0.8073057
0.656869
0.6489091
0.6493713
0.6929716
0.5946897
0.6173701
0.6206289
0.5995224
0.6066722
0.6396068
0.5891093
0.6179473
0.5972552
0.5937007
0.615948
0.6273684
0.6065412
0.6033289
0.6173503
0.6065439
0.6110341
0.6675333
0.6863552
0.6844396
0.6844396
0.6844396
0.6844396
0.6844396
0.6869673
0.6722087
0.6799313
0.6844396
0.6847995
0.6825211
0.7948481
0.7949046
0.7949904
0.7943752
0.7918303
0.7924972
0.7914702
0.7961144
0.7927421
0.7936598
0.793204
0.6480683
0.6567986
0.6385591
0.6441452
0.6667979
0.6376121
0.6181521
0.6245931
0.6192499
0.6168018
0.6163172
0.6162543
0.6154224
0.665458
0.6668237
0.6942957
0.6927706
0.8015246
0.7999576
0.6882947
0.6948493
0.6554888
0.6618711
0.7996581
0.7998722
0.8017497
0.801826
0.79824
0.7672256
0.8236441
0.8030795
0.7670059
0.7602558
0.8108792
0.8074915
0.803822
0.6918389
0.6861251
0.6686198
0.7078066
0.6950251
0.7949561
0.8093253
0.7532717
0.7559537
0.7593791
0.8178356
0.8186461
0.8172058
0.8053079
0.8216899
0.8246637
0.8085557
0.8015592
0.8087355
0.6794723
0.6741669
0.67202
0.7114307
0.5960817
0.6642661
0.6664244
0.6540494
0.6555001
0.6777735
0.6314481
0.6614136
0.6384861
0.6523844
0.6565062
0.6708851
0.6492857
0.6343421
0.6515894
0.6458648
0.6473193
0.6683027
0.684741
0.6827074
0.6827074
0.6827074
0.6827074
0.6827074
0.6834088
0.6676206
0.6809595
0.6827074
0.6834819
0.6807674
0.7966998
0.7966707
0.7965847
0.7963122
0.7920316
0.7927013
0.7913225
0.7927967
0.7896515
0.7932661
0.7902128
0.6701926
0.6761031
0.666375
0.663967
0.6865835
0.6660835
0.6460733
0.6465378
0.6399094
0.6493569
0.6486769
0.6486204
0.6364005
0.6669569
0.6765674
0.6984287
0.6903948
0.7996446
0.7983199
0.6755065
0.681265
0.6375796
0.6390675
0.8021295
0.797883
0.8028488
0.8068311
0.8052915
0.769112
0.8110231
0.8063031
0.768982
0.7707417
0.8085664
0.805739
0.8060293
0.691084
0.6854328
0.6586188
0.701548
0.6954027
0.8036797
0.8029849
0.7636565
0.7543052
0.7459629
0.8225057
0.8230578
0.8217135
0.8071598
0.8138056
0.8169444
0.8097703
0.8069093
0.8095272
0.6800811
0.6748553
0.6721787
0.712863
0.6248768
0.6518847
0.6483372
0.6277886
0.6387747
0.6660178
0.6247366
0.6441181
0.6220092
0.6301492
0.641256
0.6478907
0.6463015
0.6288793
0.6498169
0.6371617
0.6442231
0.6726812
0.6962871
0.6939776
0.6948915
0.6939776
0.6939776
0.6939776
0.687827
0.6747561
0.6847758
0.6939776
0.694438
0.6924099
0.7968336
0.796632
0.7967183
0.7985117
0.7938026
0.7944675
0.7940479
0.7979364
0.7972208
0.7949452
0.7975859
0.6898596
0.6998987
0.6800126
0.6827889
0.7042297
0.6861497
0.654436
0.6521914
0.655272
0.651859
0.6515054
0.6513407
0.6522683
0.6783437
0.6784144
0.6994855
0.6949903
0.8115604
0.8090015
0.687325
0.6890022
0.6357825
0.6508951
0.7991809
0.801116
0.7990731
0.8100369
0.8057887
0.7724265
0.8154825
0.806802
0.771664
0.7789704
0.8150424
0.8088674
0.8146843
0.6935446
0.6803653
0.6688224
0.6989732
0.6788976
0.810807
0.815017
0.7574497
0.7591219
0.7576883
0.822298
0.8232603
0.8215031
0.8070692
0.8201018
0.8214806
0.8133154
0.8017864
0.8116363
0.6906185
0.6871891
0.6842433
0.7193901
0.6241246
0.654665
0.6575365
0.6393087
0.6399548
0.6793722
0.6317833
0.6528866
0.6355055
0.6409263
0.6493465
0.6626773
0.6554608
0.6325985
0.6546539
0.6527989
0.6490683
0.6880362
0.6767804
0.6761815
0.6771177
0.6761815
0.6761815
0.6761815
0.6820705
0.664329
0.6773306
0.6761815
0.6763388
0.6745141
0.8040469
0.8039341
0.8039341
0.8030701
0.7991008
0.7997439
0.7991721
0.8029311
0.8018781
0.8000426
0.8023973
0.6910645
0.7027739
0.6839626
0.6892576
0.7113118
0.6824287
0.6558177
0.6552
0.6537445
0.65863
0.6587099
0.6585483
0.6535534
0.6976798
0.7055803
0.6931428
0.6947564
0.8113035
0.8104299
0.6882312
0.6887861
0.6491172
0.6506735
0.8028139
0.7998572
0.8055575
0.805985
0.8047829
0.7633853
0.8132062
0.8077386
0.7665341
0.7660388
0.8141075
0.8098811
0.8094835
0.6971499
0.691062
0.6689748
0.6997365
0.6899183
0.7987971
0.8101221
0.7574276
0.7529167
0.7592278
0.8216888
0.8228951
0.8208955
0.81536
0.8233419
0.8259941
0.8165668
0.8082619
0.81548
0.6823419
0.6748553
0.6764315
0.7140362
0.638182
0.6579464
0.6604666
0.642383
0.6455442
0.6700567
0.6346958
0.6497523
0.6390284
0.6470447
0.6462953
0.6614728
0.6471669
0.6347426
0.6632251
0.6449107
0.6496032
0.6684369
0.6868458
0.6859465
0.6868703
0.6859465
0.6859465
0.6859465
0.6856161
0.66892
0.6798649
0.6859465
0.6863082
0.6845411
0.7961929
0.7959914
0.7960776
0.796063
0.7911661
0.7917533
0.790629
0.7958292
0.7931257
0.7919742
0.7935031
0.6835433
0.6863361
0.6728498
0.6755734
0.6946903
0.6766472
0.6470541
0.6482809
0.6513739
0.6483809
0.6479168
0.6478601
0.6448643
0.6921761
0.6944337
0.7011271
0.6970424
0.8024709
0.8009816
0.6808145
0.6788491
0.6385552
0.6465738
0.7988807
0.7935744
0.8001422
0.8050739
0.7990004
0.7674504
0.813322
0.8018223
0.7702206
0.7629072
0.8076623
0.8042302
0.8085844
0.6858324
0.6734355
0.6633584
0.6896363
0.6838189
0.8041259
0.8050539
0.7525696
0.7584087
0.7541093
0.8132391
0.8139908
0.8125175
0.7970769
0.8082519
0.8103629
0.8017155
0.7959857
0.8120801
0.6884215
0.6823245
0.6866413
0.7063504
0.6263141
0.6524455
0.6528919
0.640526
0.6409574
0.6697768
0.6270459
0.645529
0.6285002
0.6383082
0.6516285
0.6654031
0.6480326
0.6340635
0.655821
0.6433847
0.6433533
0.6973461
0.6773386
0.6756015
0.6765351
0.6756015
0.6756015
0.6756015
0.676834
0.6634623
0.6734213
0.6756015
0.6761733
0.673937
0.7934922
0.7928597
0.7928597
0.790859
0.7917591
0.7924273
0.7924353
0.7909657
0.7900802
0.7929045
0.7906379
0.6921649
0.7062129
0.6879775
0.6930042
0.7092561
0.6867639
0.6799155
0.6837507
0.6818501
0.6823189
0.681676
0.6816263
0.6763967
0.7041325
0.7065018
0.6935283
0.6997463
0.7994334
0.7958923
0.7031441
0.7043023
0.6673995
0.6671111
0.7910619
0.7880029
0.7991501
0.802197
0.8017577
0.7658418
0.8087571
0.8021807
0.75741
0.7603093
0.8101712
0.8081215
0.8008073
0.7112955
0.7060041
0.6929845
0.7284603
0.7110043
0.7961824
0.8064974
0.7474702
0.7500928
0.7492014
0.8130353
0.813537
0.8125653
0.8026711
0.8127221
0.8164325
0.803352
0.801505
0.8081892
0.6951145
0.6918283
0.6917455
0.7282796
0.6650786
0.6686864
0.6773391
0.6595343
0.6639603
0.6939613
0.6515439
0.6689688
0.656627
0.6658274
0.6690096
0.6874276
0.659064
0.6589814
0.6723856
0.6656191
0.6716964
0.6618412
0.6975496
0.6955438
0.6964578
0.6955438
0.6955438
0.6955438
0.6962203
0.6793694
0.6898387
0.6955438
0.6959028
0.6936747
0.7955428
0.7957731
0.7957731
0.7972284
0.7957113
0.7963707
0.7945689
0.799584
0.7940245
0.7971918
0.7940543
0.6747607
0.6881746
0.6657598
0.6702424
0.6973398
0.668024
0.6446696
0.6466731
0.643431
0.6446878
0.6446589
0.6444913
0.6402538
0.6936037
0.6958615
0.6846348
0.6869565
0.8106769
0.8108931
0.6923435
0.6854657
0.6463297
0.6554615
0.8016963
0.8019064
0.8107305
0.8016458
0.8110717
0.764815
0.8225431
0.8116538
0.7636755
0.7739067
0.8113904
0.814308
0.8137283
0.6992557
0.6872105
0.6728375
0.7045807
0.6976111
0.8035996
0.8116892
0.7568937
0.7580177
0.7554644
0.8179973
0.8184038
0.8171124
0.8089422
0.8166912
0.8195751
0.80862
0.804716
0.8172241
0.6828638
0.6822839
0.6783782
0.7066052
0.6272765
0.6550503
0.6612282
0.6468467
0.6461104
0.6719663
0.6365326
0.663645
0.6408136
0.645
0.6486202
0.6623222
0.6476305
0.6497112
0.6660868
0.6511181
0.646946
0.6774548
0.7071823
0.7054168
0.7054168
0.7054168
0.7054168
0.7054168
0.7039797
0.6871723
0.701542
0.7054168
0.706167
0.7032203
0.7938041
0.7938609
0.7936883
0.7898629
0.7882429
0.7887526
0.787617
0.7868309
0.7884712
0.7887152
0.7887758
0.6940356
0.7015885
0.6897548
0.6887799
0.7120147
0.6884375
0.658453
0.65623
0.6576763
0.6618923
0.6612261
0.6611722
0.6563074
0.687052
0.6941976
0.7055959
0.6916453
0.8010356
0.7988624
0.6881629
0.6942485
0.6693663
0.6719962
0.8039495
0.8027898
0.8103715
0.806262
0.8039591
0.7753745
0.8139764
0.8086864
0.777032
0.7725943
0.8079972
0.8048295
0.81051
0.699584
0.7042969
0.6832665
0.7074673
0.7039631
0.8093887
0.8081131
0.7677116
0.7630901
0.7524708
0.8175177
0.8181692
0.8170494
0.81092
0.813822
0.8181062
0.801555
0.8022627
0.8069317
0.696375
0.6909653
0.6915895
0.7157041
0.6504307
0.6792605
0.6849644
0.6538583
0.6596875
0.6896209
0.6443682
0.6710413
0.6473426
0.6632669
0.6538492
0.6691026
0.6680818
0.6554188
0.6715448
0.6587201
0.6714776
0.6724219
0.7068529
0.7053853
0.7054847
0.7053853
0.7053853
0.7053853
0.7040479
0.6887847
0.7009101
0.7053853
0.7061353
0.7031889
0.7947967
0.7948535
0.7946812
0.7914695
0.790898
0.7913983
0.7902751
0.7898405
0.7901686
0.7917918
0.7908141
0.6882147
0.6968118
0.6857232
0.6830088
0.7061488
0.6861502
0.6541353
0.6491932
0.6552909
0.6573801
0.6567093
0.6566544
0.6495946
0.6880448
0.6962826
0.7056642
0.6928322
0.7994603
0.7977944
0.6900603
0.6953191
0.6676637
0.6703021
0.8033944
0.8046181
0.8089872
0.8052031
0.8046792
0.7695809
0.8163524
0.8098194
0.7765453
0.7738095
0.8088807
0.8053801
0.806937
0.6976475
0.7067548
0.6755281
0.70634
0.7020342
0.8074847
0.8089999
0.7665858
0.7606787
0.7575107
0.8176381
0.818289
0.8172522
0.8126955
0.8139438
0.8177343
0.7995428
0.8057033
0.8062961
0.6905001
0.6864735
0.6860861
0.722063
0.6476851
0.6771051
0.678804
0.6539406
0.6576398
0.6829493
0.6446696
0.6654568
0.6459902
0.6599572
0.6520972
0.6675057
0.6645914
0.6518625
0.6730754
0.6647221
0.6676054
0.6815928
0.7098884
0.7087184
0.7087184
0.7087184
0.7087184
0.7087184
0.7204817
0.6981515
0.7120129
0.7087184
0.7089719
0.707234
0.8017999
0.8011721
0.8011721
0.801843
0.7939547
0.7946198
0.7936794
0.7960195
0.8002146
0.7952705
0.8006562
0.6852911
0.6939527
0.6790094
0.6874755
0.7020898
0.6871267
0.6696336
0.6720869
0.6698188
0.6661618
0.6659225
0.6659756
0.6652843
0.6949416
0.6966832
0.7090177
0.7045156
0.7977127
0.7945647
0.7009245
0.702802
0.6698262
0.6740327
0.7979551
0.7928896
0.8059617
0.8120572
0.8049302
0.7635501
0.8257087
0.8058618
0.7678044
0.7726505
0.8148777
0.8092868
0.8039718
0.7053792
0.7033997
0.6642605
0.7153403
0.7045683
0.8035663
0.8140939
0.7642794
0.7551765
0.7570685
0.8202553
0.8207357
0.819457
0.8113194
0.8170561
0.8207534
0.8075606
0.7981632
0.815501
0.7075378
0.7062658
0.7058824
0.7240257
0.6359176
0.6749615
0.6800936
0.6619183
0.6630893
0.6852123
0.6516397
0.6736029
0.6514829
0.6607228
0.6628549
0.6804979
0.6607086
0.6584939
0.6719082
0.666139
0.6719436
0.6697626
0.7023911
0.7020124
0.7011076
0.7020124
0.7020124
0.7020124
0.6941982
0.6819043
0.6933271
0.7020124
0.7023681
0.6999844
0.8035651
0.8034517
0.8034517
0.8019851
0.7960928
0.7967497
0.7951262
0.8032986
0.8023272
0.7973108
0.802847
0.6881645
0.6924102
0.6748135
0.6762755
0.7003719
0.6785036
0.6457457
0.6456648
0.6503023
0.6468591
0.6462833
0.6461165
0.6485832
0.6817039
0.6856786
0.6867318
0.6918881
0.8133728
0.8114928
0.6876751
0.6983103
0.6615812
0.6638409
0.8034396
0.8069688
0.8120014
0.8115213
0.807025
0.7681855
0.8219564
0.8132598
0.7723158
0.7746076
0.8225047
0.816576
0.8177406
0.6898246
0.6841361
0.6605018
0.696083
0.6733935
0.8120424
0.809242
0.7580106
0.7589458
0.7593555
0.8185754
0.8189793
0.8177753
0.808873
0.8200781
0.8230113
0.8106686
0.8088162
0.8160554
0.6964355
0.6918127
0.6930463
0.7108461
0.6314494
0.6675088
0.6725915
0.6551093
0.6588263
0.6884414
0.6423293
0.6690915
0.6400132
0.6532213
0.6569501
0.667141
0.6609227
0.6514121
0.6681381
0.6542116
0.6622997
0.6753972
0.6991123
0.6969228
0.6977283
0.6969228
0.6969228
0.6969228
0.6925461
0.6774651
0.6888232
0.6969228
0.6969767
0.6968968
0.79749
0.7972038
0.7972038
0.7983894
0.7929206
0.7919468
0.7923
0.7969576
0.7950404
0.7929434
0.7938637
0.6880591
0.6989832
0.6788413
0.6785126
0.7061939
0.679588
0.6470494
0.6471865
0.6464768
0.6482642
0.6475838
0.6475271
0.6415826
0.6875827
0.6880335
0.6936993
0.693386
0.8107196
0.8088391
0.6857409
0.6920596
0.6483552
0.6570795
0.7996567
0.7977279
0.8101034
0.8099541
0.8111957
0.7761717
0.8192027
0.8121084
0.7715584
0.7749161
0.811177
0.8094632
0.8136676
0.705084
0.6899907
0.6692632
0.7005803
0.6857789
0.8103839
0.8089425
0.7567568
0.7649048
0.7543209
0.8207796
0.8213372
0.8203954
0.8065823
0.8163649
0.8180873
0.8063073
0.8064928
0.8199594
0.6861818
0.6801837
0.6786632
0.7064031
0.6417173
0.6693385
0.6695533
0.6448732
0.6523438
0.6821884
0.6308536
0.6642451
0.6468231
0.6493092
0.6540956
0.6712157
0.6488878
0.6399037
0.6613056
0.6519179
0.6482025
0.6632677
0.6937378
0.692134
0.6929483
0.692134
0.692134
0.692134
0.6943387
0.6809216
0.6871334
0.692134
0.6921879
0.6919891
0.7975526
0.7968347
0.7968347
0.7943161
0.7920984
0.7926829
0.7922573
0.7963282
0.7924962
0.7930763
0.7929626
0.6536335
0.6667731
0.6495195
0.6548048
0.6759164
0.6469351
0.6543339
0.6550092
0.6493193
0.6567284
0.6564855
0.6564304
0.6479271
0.6843424
0.6948942
0.7057227
0.6970002
0.8050926
0.8051377
0.6801344
0.685743
0.6591144
0.6581916
0.8051308
0.8008011
0.8058252
0.8099759
0.8083552
0.7700295
0.8171747
0.8159859
0.7648059
0.7748078
0.8150632
0.8101589
0.8074825
0.6994899
0.6825359
0.6705188
0.7098913
0.6913542
0.8087984
0.8153737
0.76008
0.7578838
0.7619682
0.818784
0.8194329
0.8179027
0.8113432
0.8144207
0.8174796
0.8113154
0.8051421
0.8134239
0.685612
0.68
0.6831074
0.7141008
0.6216484
0.6658519
0.6689963
0.6476883
0.6502124
0.6802842
0.6398264
0.6526779
0.641032
0.6605993
0.6441062
0.6700544
0.656429
0.6482742
0.6589252
0.6534503
0.6604846
0.6512373
0.6808078
0.6779355
0.6788682
0.6779355
0.6779355
0.6779355
0.6797841
0.6615618
0.678563
0.6779355
0.6782997
0.6766977
0.7895643
0.7894472
0.7894472
0.7896059
0.7832587
0.7839608
0.7828035
0.7857864
0.7885624
0.7845379
0.7892136
0.6590873
0.6699992
0.6541854
0.6545803
0.6793576
0.6579831
0.6323446
0.6301481
0.6290835
0.6321353
0.6314376
0.6313777
0.6289928
0.6840215
0.6913074
0.681904
0.686186
0.7973684
0.7950089
0.6798287
0.6752994
0.6391479
0.6416092
0.7918946
0.7942968
0.7951129
0.7959431
0.7998719
0.7539022
0.8102814
0.799872
0.7612293
0.7611951
0.8106029
0.7956789
0.7939455
0.6777325
0.6906262
0.6640868
0.6536273
0.6498918
0.7947761
0.8030098
0.7472208
0.7476148
0.7451244
0.8140476
0.8147942
0.8134943
0.803754
0.8120763
0.8152265
0.801127
0.7968705
0.8049819
0.6754221
0.6679758
0.6684198
0.7113426
0.615391
0.6487997
0.6512429
0.6288319
0.6356226
0.6603921
0.6244534
0.6490177
0.6201117
0.6369278
0.6352196
0.6487758
0.6390428
0.6313621
0.6420632
0.6333495
0.6512272
0.8109253
0.7992308
0.7980468
0.7978754
0.7980468
0.7980468
0.7980468
0.8058149
0.7998856
0.803224
0.7980468
0.7986175
0.7970506
0.7966476
0.7964469
0.796361
0.8013076
0.7954399
0.79601
0.7956836
0.798517
0.7973763
0.7967404
0.7974828
0.807211
0.8144796
0.8060158
0.8068536
0.8174742
0.8074957
0.8078884
0.8034966
0.8057605
0.805932
0.806003
0.8058907
0.8052953
0.8029669
0.8049039
0.8111655
0.8092282
0.8108127
0.8106929
0.8155211
0.8163251
0.7953478
0.7964225
0.8064975
0.8033836
0.7878636
0.7754865
0.7983331
0.8148541
0.7052081
0.7900659
0.8140554
0.8077223
0.7970166
0.8070275
0.80207
0.8155367
0.8163093
0.8037283
0.799171
0.8033229
0.7752752
0.795192
0.8129329
0.8047219
0.8083416
0.8223361
0.8229691
0.8215449
0.8183139
0.8169484
0.8221731
0.8115502
0.8129801
0.795409
0.8121934
0.8068645
0.8086077
0.8260177
0.7971461
0.7977479
0.8001751
0.7908548
0.7964703
0.7930355
0.7961179
0.795173
0.7974867
0.7914137
0.7977408
0.7975168
0.796479
0.7932066
0.8088493
0.8008915
0.7939844
0.8106779
0.8091657
0.8077546
0.8077546
0.8077546
0.8077546
0.8077546
0.8113657
0.8070721
0.8104102
0.8077546
0.8081469
0.8067274
0.8160486
0.815692
0.815692
0.8154308
0.8165618
0.8170545
0.8157214
0.8172929
0.8126095
0.8184853
0.8130064
0.8152341
0.8168797
0.8087405
0.8123159
0.8191764
0.8127154
0.8088297
0.8102672
0.8102405
0.8088194
0.8084702
0.8083592
0.808692
0.8101524
0.8116216
0.8165144
0.8144006
0.8118141
0.810947
0.8170647
0.8176105
0.8073311
0.8076142
0.8167345
0.8053672
0.7976662
0.7940507
0.8005236
0.8272095
0.7297784
0.7910341
0.8256114
0.8261474
0.7981124
0.7871273
0.7937771
0.8231542
0.8223011
0.8089307
0.8208674
0.8188856
0.8044186
0.7937223
0.8187417
0.8200363
0.8170416
0.82826
0.828548
0.8273993
0.8190948
0.8215739
0.8202587
0.8174564
0.8160453
0.8004394
0.8262697
0.8210803
0.8219566
0.8319051
0.8063305
0.8180258
0.8190912
0.80332
0.8074386
0.8048392
0.8021045
0.8110886
0.8047274
0.806361
0.8061325
0.8088544
0.8033155
0.8060717
0.8130867
0.8018715
0.8032569
0.8064037
0.8043724
0.802777
0.802777
0.802777
0.802777
0.802777
0.8025478
0.8000998
0.8008802
0.802777
0.8034273
0.8018069
0.8018988
0.801531
0.801616
0.805159
0.797808
0.798283
0.7974512
0.8022266
0.8016869
0.7989227
0.8020355
0.8082452
0.8141537
0.8087486
0.8094869
0.8173931
0.8078584
0.8063946
0.8076733
0.8038423
0.8071429
0.8071292
0.8071019
0.8060863
0.8090743
0.8088814
0.8109294
0.8064766
0.807484
0.8080332
0.8151143
0.8132036
0.7972791
0.7980055
0.805169
0.8091608
0.7927671
0.781678
0.7904714
0.815947
0.6997071
0.7942706
0.8188141
0.8091803
0.7935442
0.797278
0.7952056
0.8209859
0.8139012
0.8060593
0.8058569
0.8073284
0.7859717
0.7889169
0.8088298
0.8010106
0.8066756
0.8217569
0.8223906
0.8210483
0.8188026
0.815965
0.8193179
0.8043139
0.8108184
0.7920155
0.8141142
0.8132198
0.8116266
0.8230732
0.79599
0.8019917
0.805175
0.7922041
0.7967774
0.7994135
0.7934405
0.7982145
0.7976234
0.7956821
0.7996724
0.7996043
0.7957622
0.7949773
0.8048575
0.7938649
0.7976911
0.8056183
0.8007082
0.8001275
0.8001275
0.8001275
0.8001275
0.8001275
0.8055653
0.8
0.8052654
0.8001275
0.8004392
0.7991462
0.8043325
0.8040517
0.8040517
0.8031084
0.8006943
0.8012431
0.8004252
0.8060102
0.8036156
0.8026371
0.8041259
0.803671
0.8108452
0.8033915
0.8044922
0.8132838
0.8041953
0.8103982
0.8094065
0.8122234
0.8115596
0.8116299
0.8115198
0.8108469
0.8077843
0.8107673
0.8045593
0.803923
0.8145279
0.8163123
0.817538
0.8172645
0.7991387
0.8022225
0.8051442
0.8077004
0.7884643
0.7865893
0.797516
0.8131473
0.6854588
0.7934102
0.8163552
0.803574
0.7954319
0.7988069
0.7997171
0.8173962
0.8111072
0.8098337
0.8112144
0.8119034
0.7804596
0.7932589
0.809722
0.807263
0.802583
0.8238898
0.8246758
0.8235092
0.8163885
0.823343
0.8268638
0.8125308
0.8147811
0.7962291
0.8137412
0.8086981
0.8108429
0.8217918
0.7940019
0.8027546
0.8047175
0.7956982
0.798047
0.8018218
0.7984512
0.798289
0.800303
0.7978919
0.7980359
0.8024622
0.7988996
0.7967623
0.8090884
0.7995627
0.8001262
0.8078664
0.8065954
0.8065247
0.8065247
0.8065247
0.8065247
0.8065247
0.8120867
0.8074437
0.8113806
0.8065247
0.8070883
0.8059956
0.804548
0.8041814
0.8042662
0.8073797
0.8022595
0.8027201
0.801479
0.8053863
0.8079695
0.8033541
0.8084672
0.8097891
0.8164561
0.8085272
0.8095204
0.8199244
0.8078042
0.8122311
0.8102303
0.8107917
0.8122221
0.8121251
0.8120985
0.811675
0.8135462
0.8113406
0.8093615
0.808946
0.8059143
0.8064653
0.8236232
0.8221838
0.8063561
0.8086541
0.8134671
0.8064082
0.8027591
0.7917771
0.8001849
0.8190778
0.7042026
0.8016324
0.8247408
0.8096351
0.8004127
0.8049663
0.8052591
0.8234229
0.8195136
0.8053198
0.8142242
0.80702
0.7869207
0.7980102
0.816831
0.8171392
0.8102521
0.823932
0.824478
0.8236311
0.813524
0.8196266
0.8240887
0.8179518
0.816285
0.7972732
0.8176302
0.8129285
0.8148174
0.8262284
0.7990982
0.8069641
0.8096961
0.8023239
0.8026614
0.8038614
0.8064879
0.8093831
0.802935
0.8014873
0.8095407
0.8073866
0.8082086
0.8022188
0.8120674
0.8077789
0.808292
0.6702664
0.6779701
0.676233
0.6769592
0.676233
0.676233
0.676233
0.6800469
0.6616499
0.6715478
0.676233
0.6765974
0.6742573
0.7871042
0.787509
0.787509
0.7877548
0.7811326
0.7818417
0.7818208
0.7875979
0.7925216
0.7828588
0.7929855
0.6659559
0.6725965
0.6576174
0.6593834
0.6786916
0.6585055
0.6417405
0.6391378
0.6361062
0.6351559
0.6349052
0.634846
0.635134
0.6864255
0.6894203
0.6859828
0.6799719
0.7922698
0.7884189
0.6764889
0.6822184
0.6315874
0.6384634
0.7847021
0.7936587
0.7959343
0.7977928
0.7919319
0.7600059
0.8052464
0.8080395
0.755096
0.7614875
0.8008243
0.8031658
0.7923626
0.6904854
0.6982472
0.6605431
0.6924452
0.6800939
0.7877936
0.7999714
0.737103
0.7515579
0.7456376
0.8069217
0.8081943
0.8067816
0.8010233
0.8019844
0.8058856
0.7935211
0.7904475
0.8109975
0.6854376
0.6794433
0.6788491
0.7112494
0.637794
0.6334357
0.6374017
0.6236559
0.6245634
0.6544999
0.610907
0.6389268
0.6229127
0.6222041
0.633804
0.6389156
0.6328125
0.6166639
0.6369611
0.6356838
0.6384167
0.6410566
0.6750883
0.6724057
0.6714657
0.6724057
0.6724057
0.6724057
0.6681109
0.6534241
0.6674824
0.6724057
0.6727716
0.670301
0.7856989
0.7853189
0.7853189
0.7839044
0.7793607
0.7799885
0.7795213
0.7853185
0.783116
0.7808338
0.783611
0.6649285
0.6774295
0.6528078
0.6583466
0.6790239
0.6562849
0.636834
0.6379645
0.6337115
0.6324245
0.6321727
0.632113
0.6235813
0.661887
0.6670601
0.6664813
0.6629756
0.7939774
0.7920382
0.6682089
0.6683574
0.6158805
0.6142799
0.7893297
0.7866139
0.7958357
0.787857
0.7872371
0.7431158
0.8094498
0.7894172
0.7510222
0.7500743
0.7993599
0.7993166
0.7891536
0.6779184
0.6690869
0.6320639
0.6746476
0.6666667
0.786559
0.7944508
0.7319665
0.7356166
0.74104
0.8072399
0.8073459
0.8066821
0.7990736
0.8019698
0.8072869
0.7948039
0.7900889
0.8002418
0.6594014
0.6518013
0.6502264
0.7013076
0.6164045
0.6236523
0.6321209
0.6034935
0.6047776
0.6435901
0.6020534
0.6205746
0.6207786
0.6094699
0.621542
0.6229415
0.6117243
0.6030453
0.6214245
0.6233271
0.6192865
0.6623263
0.678269
0.6770498
0.6770498
0.6770498
0.6770498
0.6770498
0.6804502
0.6675663
0.676847
0.6770498
0.6776218
0.6752858
0.7880029
0.7877982
0.7877982
0.7874344
0.7877284
0.7884133
0.7871896
0.7902369
0.7861255
0.7892438
0.7866982
0.6594629
0.6692063
0.6495898
0.6519478
0.6810574
0.6485399
0.6317458
0.6421486
0.631827
0.6408206
0.6407916
0.6407336
0.6292858
0.6772549
0.6783621
0.6847434
0.6799625
0.7952279
0.7926011
0.6887566
0.6879957
0.6455251
0.6550329
0.7974357
0.7881362
0.7973415
0.794309
0.7959315
0.756875
0.8163021
0.796621
0.7628881
0.7609353
0.8022314
0.7999715
0.797381
0.6895749
0.6803041
0.6597583
0.7003403
0.6969228
0.7837857
0.7956241
0.7408546
0.7428571
0.7508365
0.8150341
0.8155299
0.8143166
0.8052584
0.8160423
0.8193205
0.8067424
0.8041318
0.7971294
0.683904
0.681691
0.6808924
0.7060664
0.6159241
0.6568091
0.6632529
0.6451793
0.6436763
0.6744186
0.635568
0.6574375
0.642031
0.6463717
0.6548276
0.6634335
0.6512331
0.6375914
0.6522533
0.6526475
0.6489336
0.6530053
0.6803989
0.6778879
0.6778879
0.6778879
0.6778879
0.6778879
0.671347
0.6689205
0.6725855
0.6778879
0.6783464
0.6802402
0.7804152
0.7805569
0.7802977
0.7805414
0.7848763
0.7825565
0.7847752
0.7856336
0.7851041
0.783124
0.7825842
0.6618207
0.6813873
0.6612487
0.6611898
0.6834252
0.6614868
0.6507463
0.6496069
0.6467854
0.6462982
0.6456295
0.6455736
0.6447794
0.6686784
0.6696993
0.6899563
0.6803342
0.7937085
0.7930721
0.6774218
0.6790302
0.6423576
0.6414546
0.7945109
0.7912591
0.7993043
0.8026307
0.7982683
0.7539503
0.818088
0.8021978
0.7655968
0.7675104
0.8078203
0.7989514
0.8008486
0.698656
0.6852135
0.6711764
0.7011895
0.6912011
0.7977418
0.8014274
0.7473138
0.7452257
0.7427754
0.8089517
0.809703
0.8088962
0.7939792
0.8008987
0.8053134
0.7982346
0.7938803
0.8070249
0.6618944
0.6594624
0.6559515
0.6969492
0.6242263
0.6479497
0.6502372
0.6303404
0.631366
0.6626414
0.6311592
0.648399
0.651341
0.6355731
0.647884
0.6644523
0.6446987
0.6321703
0.6469899
0.6504294
0.6416068
0.6640203
0.6897568
0.687202
0.6873013
0.687202
0.687202
0.687202
0.6806959
0.6807974
0.6779015
0.687202
0.6876513
0.6893336
0.7879042
0.7879592
0.7877052
0.7877751
0.7909344
0.7885567
0.7911728
0.7912571
0.7893819
0.7891109
0.786128
0.6627889
0.6812658
0.6596322
0.6613389
0.6845856
0.6608042
0.6549662
0.6570786
0.6489586
0.64795
0.6472886
0.6472335
0.6478213
0.6735474
0.6746401
0.6953166
0.6848205
0.7999172
0.7996273
0.6819315
0.6827031
0.6538907
0.6525803
0.7965724
0.7952838
0.804424
0.8068909
0.8030073
0.759186
0.8182625
0.8090797
0.7681821
0.7741684
0.8121661
0.7990434
0.80373
0.7074967
0.6913198
0.6828187
0.7093475
0.7043043
0.8014283
0.8064672
0.7475904
0.7487881
0.7502711
0.8118718
0.8123646
0.8116552
0.7954343
0.8026973
0.8070569
0.8041479
0.8011069
0.8122001
0.677062
0.671261
0.6708803
0.7121022
0.6376194
0.6577591
0.6604162
0.6355621
0.6396904
0.671236
0.6413525
0.6580327
0.6624804
0.6431746
0.6598761
0.6717964
0.6524225
0.6423676
0.6541365
0.6559753
0.6453857
0.6457233
0.6696332
0.6688347
0.6691438
0.6688347
0.6688347
0.6688347
0.6721185
0.6614795
0.6667701
0.6688347
0.6689895
0.6712934
0.7812965
0.7810064
0.78092
0.78125
0.7778094
0.7754797
0.7771847
0.7831598
0.7855529
0.776666
0.7830322
0.6267263
0.6521362
0.6284845
0.6265686
0.6551697
0.6323647
0.6139685
0.6123191
0.6105715
0.6083536
0.6079831
0.6078065
0.6017598
0.6687311
0.6720062
0.6914242
0.6825142
0.7885642
0.7861268
0.675655
0.6705954
0.629465
0.6256162
0.7925806
0.7871829
0.8016672
0.7901921
0.7891587
0.7640384
0.8087735
0.7961111
0.7595185
0.7611023
0.8037865
0.796875
0.7943317
0.6896158
0.6710272
0.6487342
0.7132557
0.6897682
0.7901278
0.8044693
0.7462118
0.754071
0.7412932
0.7974201
0.7982996
0.7967807
0.794421
0.7964313
0.8013094
0.797503
0.7964403
0.8012284
0.6738547
0.66982
0.6653294
0.6853232
0.6014226
0.6346764
0.6354616
0.6247223
0.6176848
0.652904
0.6096621
0.6388451
0.636136
0.6186739
0.6335963
0.6514749
0.6259936
0.6182022
0.6327175
0.6384555
0.6332022
0.6614555
0.6818462
0.6801448
0.6802464
0.6801448
0.6801448
0.6801448
0.6834715
0.6717011
0.6786238
0.6801448
0.6800955
0.6828102
0.7939087
0.7935402
0.7935402
0.7955599
0.7912638
0.788943
0.7904809
0.7965995
0.7972499
0.7900148
0.7955007
0.6389396
0.6590087
0.6371476
0.6398793
0.6627136
0.6416355
0.6324329
0.628956
0.6313095
0.6278379
0.6275879
0.6275281
0.6256126
0.6917265
0.6962227
0.7101537
0.7025187
0.8027718
0.8017295
0.6893064
0.6840705
0.6557057
0.6515377
0.803212
0.7985394
0.8109398
0.8036574
0.8004618
0.7712988
0.8169433
0.8053892
0.7639553
0.7681985
0.8128205
0.8018201
0.7970862
0.7127971
0.6823221
0.6725146
0.7168082
0.708437
0.7996908
0.8119605
0.7612103
0.7605021
0.7541223
0.8129249
0.8133388
0.8122982
0.8076368
0.8051445
0.8076473
0.8089629
0.8106287
0.8092224
0.6822215
0.6768995
0.675906
0.6932818
0.6244756
0.6580511
0.664697
0.6469068
0.6439448
0.6751026
0.6356454
0.6603053
0.6526577
0.6441413
0.6448902
0.6636928
0.6407384
0.6396809
0.6564713
0.6556085
0.6562427
0.6672932
0.6798977
0.6780779
0.6771537
0.6780779
0.6780779
0.6780779
0.6780647
0.6716289
0.6750992
0.6780779
0.6784384
0.6767504
0.7828416
0.7826367
0.7826367
0.7787814
0.7769634
0.7775072
0.7768595
0.7851535
0.782186
0.7772128
0.7825932
0.6630051
0.6783206
0.6528716
0.6622652
0.6792804
0.6647781
0.6404126
0.6458549
0.6395135
0.6436837
0.643547
0.6434901
0.6319813
0.6940888
0.6990861
0.6894549
0.6871534
0.7916961
0.7899362
0.6595961
0.6611422
0.6256027
0.6240257
0.784967
0.7851375
0.8016691
0.799041
0.7979256
0.761769
0.8118404
0.8050883
0.7487445
0.7581613
0.8023779
0.8035174
0.7968981
0.6891518
0.6850692
0.6727601
0.6905864
0.6796463
0.798499
0.8018795
0.7381926
0.7480826
0.7402183
0.7944273
0.7952431
0.793779
0.7945225
0.8009217
0.8029735
0.7898375
0.7885067
0.8031657
0.6714785
0.6633378
0.662739
0.7034373
0.6155418
0.6315703
0.6379734
0.6223524
0.6211351
0.6485959
0.6022153
0.6325012
0.6285878
0.6176685
0.6289958
0.6512489
0.6157329
0.6114717
0.622199
0.6178632
0.6260279
0.6898939
0.6958917
0.6935162
0.6944168
0.6935162
0.6935162
0.6935162
0.6909802
0.6804541
0.6868835
0.6935162
0.69427
0.6933785
0.7959198
0.7952956
0.7952956
0.7960466
0.7858772
0.7860442
0.7853426
0.7973459
0.792979
0.7860947
0.7929257
0.6804363
0.6916191
0.6709723
0.6747044
0.6954858
0.6877318
0.6592359
0.6631587
0.6631058
0.6657779
0.6654377
0.6653852
0.6575418
0.6840318
0.6872169
0.69924
0.6894009
0.795789
0.7943853
0.6769314
0.6708079
0.6297719
0.6373609
0.7959285
0.789818
0.7991435
0.795904
0.7987745
0.7637967
0.8135676
0.8005482
0.7590547
0.763901
0.7971342
0.7938509
0.7980864
0.6990631
0.6794912
0.6861908
0.7126402
0.6897347
0.7909757
0.8007771
0.7578262
0.7617313
0.7493742
0.8094579
0.8103781
0.8089895
0.7993048
0.8089794
0.8127753
0.800776
0.795289
0.80291
0.6860911
0.682998
0.6829175
0.7058957
0.6444214
0.6376075
0.6419531
0.6265282
0.6299679
0.6658204
0.6142926
0.6390104
0.629472
0.6247789
0.6359114
0.6500433
0.6350243
0.6159625
0.6390078
0.6396983
0.6344035
0.6694215
0.6809299
0.6795268
0.680445
0.6795268
0.6795268
0.6795268
0.6788998
0.6678157
0.6707934
0.6795268
0.6800897
0.6788265
0.7868096
0.786176
0.786176
0.7833084
0.7791604
0.7792597
0.7784457
0.7857448
0.7865919
0.7792273
0.7865543
0.6653651
0.6850906
0.6545642
0.6622257
0.6869091
0.6700531
0.6452971
0.6450024
0.6442996
0.6452074
0.6448561
0.6447996
0.6389111
0.682782
0.686273
0.686499
0.6754474
0.7953171
0.7923836
0.6780326
0.6763059
0.6289665
0.6298069
0.792631
0.7841711
0.795544
0.7928768
0.7887574
0.7585678
0.7991971
0.7928697
0.7578947
0.7597668
0.7976761
0.8005906
0.7955809
0.6815625
0.6727881
0.6789941
0.7037319
0.6823094
0.7817622
0.7957941
0.745299
0.7456903
0.7538079
0.8096324
0.8101405
0.8090827
0.7967457
0.8041108
0.8073711
0.8032464
0.7935374
0.803604
0.6802983
0.6732046
0.6747629
0.7013233
0.6291546
0.6376646
0.6376717
0.6258379
0.6265234
0.659233
0.62502
0.637657
0.6325616
0.6248596
0.6337825
0.6447462
0.6299665
0.6239378
0.6432458
0.6452249
0.6446521
0.8050398
0.8002661
0.7983447
0.7975856
0.7983447
0.7983447
0.7983447
0.8058205
0.8062846
0.8018472
0.7983447
0.7986535
0.7971117
0.665369
0.6639645
0.6640686
0.6711893
0.6539852
0.6545725
0.6532169
0.6612197
0.6712923
0.6566044
0.6720767
0.8051993
0.8193598
0.8061017
0.808669
0.8162349
0.8093046
0.8028553
0.7980749
0.8019192
0.7945717
0.7944723
0.7943583
0.8013737
0.8025994
0.8047576
0.8093407
0.8090972
0.6946681
0.6953517
0.8056846
0.8023248
0.8021442
0.8019334
0.6875914
0.7004255
0.8090619
0.8120494
0.8163801
0.8160345
0.8274254
0.8141593
0.818289
0.8060297
0.8219027
0.8034266
0.8113403
0.8093091
0.8179494
0.8061167
0.813716
0.8108465
0.8067515
0.8189685
0.8032534
0.8000422
0.7979862
0.7074576
0.7089202
0.7064371
0.694668
0.7039538
0.7061063
0.7022182
0.6852051
0.8144351
0.8079878
0.8059443
0.8069204
0.8178949
0.7866752
0.7972798
0.801391
0.7962369
0.799986
0.8052375
0.7921506
0.8048933
0.8031866
0.7984063
0.7933762
0.8046647
0.7983117
0.7950171
0.8015278
0.7951858
0.7962731
0.6644179
0.6873652
0.6843487
0.6850594
0.6843487
0.6843487
0.6843487
0.6852408
0.6774772
0.6850679
0.6843487
0.6846047
0.6845856
0.7895634
0.7891036
0.7891036
0.7900341
0.7849754
0.7851451
0.7846132
0.7914272
0.7920918
0.7848506
0.7921261
0.6792161
0.6919336
0.6671118
0.6671363
0.6916935
0.6749395
0.6490114
0.6519293
0.6458648
0.6498889
0.6495394
0.6493764
0.640585
0.6778123
0.6779858
0.6887822
0.6919242
0.792782
0.7869062
0.672323
0.6681365
0.6334744
0.6225581
0.796752
0.7923618
0.8022278
0.7998592
0.8027111
0.761038
0.8173411
0.8052248
0.7614525
0.7641235
0.8089644
0.8005357
0.799325
0.7091115
0.6900693
0.6838504
0.6950507
0.6882317
0.8040569
0.8028646
0.747787
0.7466057
0.7453444
0.8056289
0.8065656
0.8053239
0.7986918
0.8035652
0.8066727
0.7966714
0.7919239
0.8106616
0.6918201
0.687744
0.6851468
0.7081574
0.6266202
0.6317609
0.6389389
0.6201108
0.6189899
0.6544283
0.6138198
0.6408361
0.6320307
0.6206535
0.6263035
0.6481175
0.6325032
0.6221739
0.6329245
0.6387122
0.626874
0.6710925
0.6938916
0.6905199
0.6914203
0.6905199
0.6905199
0.6905199
0.6876865
0.6830643
0.6863106
0.6905199
0.6910731
0.6902716
0.7876344
0.7874328
0.7874328
0.7838893
0.7779285
0.7781179
0.7786102
0.7844209
0.783803
0.7780861
0.7837723
0.6754
0.6977295
0.6715988
0.6795989
0.6948804
0.6817796
0.6591925
0.6636193
0.6566379
0.6640356
0.6634871
0.6634345
0.6472031
0.6891116
0.690449
0.6913144
0.6956026
0.7971157
0.7925046
0.6782288
0.6769113
0.6325914
0.638498
0.7926665
0.7936653
0.8032033
0.8032833
0.7940038
0.7564411
0.8147789
0.8019283
0.7631732
0.7638537
0.80907
0.8012753
0.7993145
0.6894998
0.6845343
0.6805211
0.7019772
0.6878449
0.8028475
0.8108485
0.7539068
0.7556479
0.7485702
0.805834
0.8065183
0.8059433
0.7998478
0.8042786
0.8067892
0.7930182
0.7953537
0.8037749
0.6697829
0.6661248
0.6641866
0.7145309
0.6422881
0.6323156
0.6351164
0.625
0.626559
0.6631886
0.617461
0.6348475
0.6428399
0.6283023
0.6224498
0.64686
0.6314075
0.6163492
0.6257268
0.6364068
0.6302627
0.6771482
0.7170551
0.7142641
0.7133888
0.7142641
0.7142641
0.7142641
0.7197203
0.7073282
0.7122406
0.7142641
0.7149981
0.7125389
0.7893726
0.7890842
0.7890842
0.7864784
0.789706
0.7903775
0.7891738
0.7914978
0.7859589
0.7898247
0.7865272
0.6988762
0.719455
0.6941875
0.7069293
0.7221513
0.7046775
0.6828758
0.6856524
0.6823402
0.6845409
0.6843125
0.6842636
0.6754817
0.7118195
0.7097482
0.6983602
0.6936239
0.8083665
0.8061603
0.6959671
0.6961766
0.6696519
0.672668
0.7978565
0.7906281
0.8124826
0.8083497
0.8028001
0.781754
0.8133212
0.8023771
0.7763396
0.7865378
0.8152045
0.8124432
0.8092211
0.7109901
0.7076993
0.7007305
0.7104382
0.7089377
0.8084359
0.809266
0.7722794
0.7701458
0.7635515
0.8136496
0.8136552
0.8135113
0.810628
0.8108708
0.8135944
0.805311
0.7994207
0.813835
0.7078295
0.7041272
0.7023728
0.732963
0.6695755
0.671099
0.6751297
0.6664334
0.6609105
0.6846306
0.6547909
0.672757
0.6692957
0.6655981
0.6675045
0.6846438
0.6656784
0.6570037
0.6700559
0.6731605
0.6747109
0.6656995
0.6864923
0.684995
0.6857055
0.684995
0.684995
0.684995
0.6872016
0.6791586
0.6834777
0.684995
0.685454
0.6831937
0.7885381
0.7886803
0.788508
0.7932989
0.7835906
0.7842844
0.7835752
0.7930643
0.7934698
0.7850281
0.7943523
0.677507
0.6870057
0.6676618
0.6718433
0.6921364
0.6787884
0.6621026
0.6627605
0.658063
0.6635999
0.6629426
0.6628895
0.6553279
0.684178
0.6919896
0.6898367
0.6818498
0.8070396
0.8033224
0.6760476
0.6793061
0.6333706
0.6362695
0.7922217
0.7924569
0.7974381
0.7971608
0.793228
0.7536424
0.8119933
0.808582
0.7612606
0.7516556
0.8037107
0.8010575
0.8019517
0.6867062
0.6934307
0.6742947
0.6954951
0.6876638
0.7960125
0.7922217
0.7456374
0.748064
0.7468055
0.8091243
0.8099648
0.8087379
0.8004589
0.8104607
0.813021
0.8027077
0.803236
0.7957811
0.6785301
0.6753016
0.6757342
0.7195095
0.6435548
0.6370425
0.6392825
0.6280463
0.6237712
0.6519337
0.6187218
0.6367262
0.6346044
0.6272998
0.6308449
0.6482388
0.6359943
0.6247187
0.6415901
0.6330671
0.6326579
0.6785936
0.6926493
0.6899647
0.6906679
0.6899647
0.6899647
0.6899647
0.6903394
0.6797142
0.6878604
0.6899647
0.6900176
0.689209
0.7805139
0.7803084
0.7803084
0.7792468
0.7772604
0.7778889
0.7771568
0.7797798
0.7778493
0.7789031
0.7783564
0.6837686
0.702872
0.6743842
0.6828741
0.7034619
0.6884058
0.6632429
0.6641072
0.6625873
0.6625334
0.6617716
0.6618236
0.6582966
0.6872406
0.6874856
0.6921714
0.6835092
0.7900685
0.7904479
0.6883355
0.6927565
0.6560345
0.657125
0.7887013
0.7871372
0.8022232
0.7973239
0.8012771
0.7529369
0.8114497
0.8088768
0.7548193
0.7606003
0.8033511
0.8016302
0.7998317
0.6905473
0.6917293
0.678997
0.7073838
0.695506
0.7967756
0.8053819
0.741976
0.7417209
0.7542832
0.8109769
0.812298
0.8105925
0.7989447
0.8050524
0.8090445
0.7944633
0.7927105
0.8052248
0.6818217
0.6774963
0.6745603
0.7019202
0.644783
0.6567742
0.6636721
0.6496471
0.6510712
0.6755871
0.6415094
0.6584468
0.6570834
0.6432531
0.6461563
0.6735451
0.6533846
0.6493782
0.6600452
0.6495908
0.6617807
0.6539583
0.6679131
0.6658605
0.6667966
0.6658605
0.6658605
0.6658605
0.668559
0.6596867
0.6618913
0.6658605
0.6666407
0.6661449
0.7740202
0.7744269
0.7744269
0.7777381
0.7758361
0.776032
0.7745913
0.7783575
0.780613
0.7760885
0.7807635
0.6672897
0.6832856
0.6565433
0.6603966
0.6822804
0.6695815
0.6346554
0.6422835
0.6349536
0.6418397
0.641595
0.641538
0.633336
0.6726934
0.669485
0.6765026
0.6655753
0.7862601
0.7823308
0.6510041
0.6558538
0.6089738
0.6206786
0.7859842
0.7818208
0.7940825
0.7866922
0.7866818
0.7535903
0.8086398
0.7867772
0.7511744
0.7499633
0.8003509
0.7857244
0.7880631
0.6761956
0.6730381
0.6666928
0.6867535
0.6716917
0.7887704
0.7999295
0.7334027
0.7415664
0.7384319
0.797057
0.7975247
0.7966657
0.7858444
0.7958101
0.7987225
0.7928789
0.7799914
0.7997893
0.661215
0.6523578
0.6524939
0.6923428
0.6233819
0.6257517
0.6276832
0.6039187
0.6059818
0.6502444
0.5929131
0.6264106
0.6138164
0.6064322
0.6134461
0.6294849
0.6238194
0.5974376
0.6168607
0.6197398
0.619177
0.6578466
0.6876553
0.6853321
0.6860474
0.6853321
0.6853321
0.6853321
0.6858208
0.6709051
0.6819565
0.6853321
0.6857943
0.6836224
0.7878744
0.7877572
0.7877572
0.7891307
0.7839355
0.784633
0.7840075
0.7883678
0.7866982
0.7853816
0.7872675
0.6737494
0.6936825
0.6630133
0.677288
0.6892782
0.6774244
0.6475962
0.6477327
0.6440909
0.6437013
0.6429089
0.6429606
0.6419316
0.6892007
0.6877177
0.6841569
0.679285
0.8006224
0.7992207
0.6820684
0.6814357
0.6395833
0.645498
0.7878439
0.7945861
0.8002546
0.799645
0.7931207
0.7539647
0.8180163
0.8058985
0.7487351
0.756112
0.8082375
0.8027939
0.7950925
0.6827656
0.6871209
0.6669842
0.6984237
0.6892406
0.7944607
0.8051395
0.7363998
0.7357641
0.7539395
0.8127828
0.8140261
0.8124782
0.8015812
0.8101487
0.813718
0.7997721
0.8012493
0.8061643
0.6799503
0.6784521
0.6738385
0.696319
0.6341265
0.6463294
0.6512065
0.6411033
0.6392456
0.6669767
0.630246
0.6469415
0.6287178
0.6344095
0.6313525
0.6603595
0.6449015
0.6343542
0.6438923
0.644487
0.6487384
0.6901754
0.6935582
0.6912844
0.6903833
0.6912844
0.6912844
0.6912844
0.6923546
0.6888991
0.6886879
0.6912844
0.6920373
0.6911392
0.7926975
0.7923278
0.7923278
0.7910342
0.7860944
0.7862601
0.7861653
0.7842677
0.7901801
0.7867392
0.7901339
0.694635
0.7051263
0.6814139
0.689066
0.7032493
0.6944508
0.6741137
0.6796694
0.6742941
0.6759919
0.6755562
0.6756086
0.6701946
0.6955661
0.6974662
0.6697936
0.6775488
0.790193
0.7894625
0.6988662
0.7033511
0.6716118
0.6659692
0.7935452
0.7947959
0.8082154
0.8053171
0.8026288
0.7657292
0.8106076
0.8014546
0.7631808
0.7668113
0.8070273
0.8041547
0.8061104
0.7191187
0.7190919
0.6868968
0.7223637
0.7139421
0.8016157
0.8146036
0.7594384
0.7630473
0.7627303
0.8078437
0.8083569
0.8072938
0.8036835
0.8092577
0.8157139
0.8013482
0.8001964
0.8107093
0.6991987
0.6951811
0.6922259
0.728468
0.6603744
0.6733137
0.6788737
0.6667697
0.6666926
0.691857
0.6579275
0.6741781
0.6668781
0.6687335
0.6648158
0.6810272
0.6587438
0.6599159
0.6687254
0.6709927
0.6696916
0.6624509
0.7008006
0.6972477
0.6981435
0.6972477
0.6972477
0.6972477
0.6929206
0.6766771
0.6833643
0.6972477
0.6976993
0.6965231
0.7835331
0.7834154
0.7834154
0.782618
0.775293
0.7760178
0.775453
0.7822823
0.7823571
0.7767755
0.7828502
0.6729707
0.6895298
0.6601926
0.6690372
0.6866764
0.6745511
0.6446268
0.6532373
0.6491186
0.6513085
0.6508528
0.6509045
0.63691
0.6831492
0.6832049
0.6822779
0.6747727
0.785765
0.7821655
0.6718338
0.6765565
0.6381794
0.6423421
0.7942013
0.7802552
0.8068388
0.7926466
0.7948537
0.7603306
0.8094072
0.7946019
0.7536392
0.760441
0.8024466
0.7910066
0.7965469
0.6807047
0.6883768
0.6564013
0.7002679
0.6785881
0.7897513
0.8004242
0.7478979
0.7431003
0.7448067
0.8040635
0.804675
0.8035913
0.7950168
0.8015762
0.8050319
0.7919807
0.7888446
0.7970605
0.6809641
0.6733478
0.6702854
0.7039782
0.6267617
0.6429621
0.6512251
0.6288405
0.6381673
0.6699402
0.6217496
0.6439899
0.6360747
0.6284293
0.6332931
0.6521876
0.6331871
0.6257423
0.641393
0.6384163
0.639273
0.6929248
0.6974815
0.6964136
0.6973063
0.6964136
0.6964136
0.6964136
0.6924016
0.6880388
0.693541
0.6964136
0.6963674
0.6958881
0.7883718
0.7877415
0.7877415
0.7896113
0.7887025
0.7888607
0.7884302
0.791596
0.7884983
0.7891655
0.7882851
0.694781
0.7040871
0.6858332
0.6895152
0.7058423
0.6926968
0.6624413
0.655525
0.6589518
0.654037
0.6532671
0.6533186
0.6602383
0.6953143
0.699682
0.7031929
0.6913326
0.7972547
0.7923878
0.6865034
0.6794412
0.6510278
0.6517074
0.7988445
0.7911598
0.8040103
0.8024199
0.8008122
0.7586559
0.8166459
0.8042417
0.7554435
0.7551452
0.8043038
0.8022555
0.8047234
0.6985584
0.6908882
0.6928989
0.6968378
0.686747
0.7986057
0.8012095
0.7434802
0.744889
0.7545448
0.8078702
0.8088751
0.8073204
0.7920468
0.8061549
0.8090622
0.795796
0.8023248
0.8070029
0.6907334
0.6827533
0.6835791
0.7093485
0.6526932
0.6511872
0.6544503
0.6356307
0.6368977
0.6703313
0.6162175
0.6465538
0.6381014
0.6356922
0.6325779
0.6543635
0.62296
0.6234099
0.6411913
0.6388735
0.6395093
0.6820216
0.6972792
0.6957119
0.6965075
0.6957119
0.6957119
0.6957119
0.6896869
0.6848775
0.688517
0.6957119
0.6960635
0.6947828
0.7859171
0.7855418
0.7855418
0.7898238
0.787539
0.7877008
0.787868
0.7939432
0.7893954
0.7877502
0.789522
0.687965
0.6902157
0.6762053
0.6754787
0.6963782
0.6826759
0.6609132
0.6605195
0.6575159
0.6564026
0.6557403
0.655686
0.6520262
0.6899088
0.6928414
0.6953317
0.6865981
0.8007553
0.7986963
0.6800276
0.6821303
0.6464838
0.6503612
0.7984753
0.7908608
0.7893845
0.7944578
0.7974968
0.7561993
0.8028624
0.7889895
0.7616863
0.7691696
0.7970433
0.7984376
0.7940162
0.6889927
0.7072321
0.6821357
0.7114221
0.7058244
0.795432
0.8033743
0.7519238
0.7550409
0.7567153
0.8122072
0.8131951
0.8118239
0.7987099
0.8126335
0.8156543
0.8006754
0.7940117
0.7977473
0.6923135
0.6846413
0.6862685
0.7228826
0.642401
0.6515446
0.6595676
0.6373626
0.6372307
0.6685552
0.6334285
0.6474298
0.6381115
0.6316713
0.6411891
0.6506989
0.6434886
0.6321656
0.6514214
0.6539215
0.6488854
0.6581291
0.6808857
0.6793769
0.6802974
0.6793769
0.6793769
0.6793769
0.6755687
0.6623827
0.668959
0.6793769
0.6794295
0.6785714
0.7804878
0.7804564
0.7804564
0.7820091
0.7771396
0.7778573
0.7773869
0.7829784
0.7820091
0.7784371
0.7825034
0.6640288
0.6775654
0.6517836
0.6578139
0.6749339
0.6562995
0.6286774
0.6311344
0.6285369
0.6253637
0.6247776
0.6247169
0.6258987
0.6825385
0.6843199
0.6782677
0.6755959
0.7954337
0.7931765
0.6621906
0.6562085
0.6111021
0.6123259
0.7889515
0.7902297
0.7977781
0.7988583
0.7974041
0.7522085
0.8082393
0.8034787
0.7495943
0.761255
0.8014354
0.7978385
0.7985789
0.6788671
0.6673193
0.6627696
0.6891308
0.6763289
0.7919898
0.8030474
0.7447501
0.7364624
0.7432272
0.8044794
0.8051723
0.8039243
0.7905429
0.8053257
0.808665
0.7921524
0.7861676
0.8074256
0.6594929
0.654818
0.6506138
0.6966839
0.6146429
0.6278379
0.6332621
0.6046776
0.6053856
0.6394601
0.5953705
0.6204727
0.602005
0.6054971
0.607766
0.6284433
0.6060532
0.592075
0.6182082
0.6142892
0.604425
0.6699097
0.6820039
0.6794842
0.6804012
0.6794842
0.6794842
0.6794842
0.6839354
0.6724622
0.6796941
0.6794842
0.6802501
0.6786822
0.7915254
0.791752
0.791752
0.795904
0.7898053
0.7899605
0.7887613
0.7946548
0.7936967
0.7907764
0.7937267
0.6747464
0.6893974
0.6639473
0.6641919
0.6917782
0.6723023
0.6507585
0.6536582
0.6425789
0.6497113
0.6494699
0.6493075
0.6418457
0.6723067
0.6747528
0.6869545
0.674487
0.8034593
0.8007414
0.6713535
0.6700531
0.6170692
0.6173822
0.7939093
0.7879756
0.8020942
0.7979621
0.7947309
0.7549766
0.8132907
0.7968519
0.7621854
0.7604394
0.8069784
0.7999016
0.800294
0.6846549
0.693167
0.6618886
0.6880918
0.6740867
0.7959732
0.8043249
0.7485861
0.7493398
0.75011
0.8119835
0.8126459
0.8115183
0.7958162
0.7990947
0.8050414
0.8064945
0.7973534
0.8068436
0.6788349
0.6711207
0.6710425
0.7128209
0.6278526
0.6275913
0.6327735
0.6130459
0.6208089
0.6580794
0.6083973
0.6277582
0.6353591
0.6140053
0.6192018
0.6387393
0.6183206
0.6070184
0.6309599
0.6260592
0.6300436
0.6734726
0.693912
0.6917287
0.6917287
0.6917287
0.6917287
0.6917287
0.688783
0.6863914
0.6817126
0.6917287
0.6920832
0.6905754
0.7872643
0.7871477
0.7871477
0.7868736
0.7851741
0.7858616
0.7847252
0.7881851
0.7856634
0.7859986
0.7861456
0.6892734
0.7039474
0.6803827
0.6805642
0.7048271
0.6900756
0.6612357
0.6613678
0.6561315
0.6566056
0.6559412
0.655993
0.650611
0.6978219
0.7036644
0.7016562
0.7011958
0.7959558
0.7948067
0.6871791
0.6814003
0.6410643
0.6424156
0.7949847
0.7906712
0.8062714
0.7987027
0.7986889
0.7638605
0.818687
0.8039972
0.76301
0.7734335
0.8058205
0.7943594
0.7955411
0.6782312
0.6946981
0.6804678
0.7069845
0.6851981
0.7938899
0.8050859
0.7585223
0.7553503
0.7570299
0.8177377
0.8182192
0.8172746
0.8092446
0.8133462
0.8163714
0.8039851
0.8001269
0.8042577
0.6860037
0.6827056
0.6830299
0.7181233
0.6446222
0.6528296
0.6574037
0.6315328
0.633885
0.6674612
0.6302856
0.6433106
0.6422368
0.6376823
0.6437295
0.6482198
0.6441859
0.6349067
0.6488465
0.6490176
0.6463002
0.6758272
0.683604
0.6819977
0.6829155
0.6819977
0.6819977
0.6819977
0.6811639
0.6694669
0.6747157
0.6819977
0.6827645
0.6807932
0.7874128
0.7872962
0.7872962
0.7929544
0.7826274
0.783325
0.7824376
0.7917762
0.7884889
0.7836374
0.7897349
0.6799194
0.6860447
0.6657222
0.6689876
0.6914918
0.676163
0.656124
0.6512458
0.6525807
0.6538035
0.6531357
0.6530806
0.6510003
0.6863668
0.6936496
0.689185
0.6848564
0.8035314
0.8023998
0.6826227
0.6855178
0.6364651
0.6367474
0.7951379
0.7916815
0.8013194
0.8055146
0.8028961
0.7547253
0.8155583
0.8040702
0.7625137
0.768499
0.8065647
0.8056063
0.8009419
0.6912983
0.6775323
0.6653512
0.7026386
0.6955688
0.7951559
0.7973606
0.7602895
0.7522794
0.7500184
0.8106947
0.8110367
0.810309
0.8142317
0.8227023
0.8229224
0.8089257
0.7984173
0.7982475
0.6842753
0.6790342
0.6810902
0.7205322
0.6469601
0.6478541
0.6470876
0.6308232
0.6336134
0.6599087
0.6251803
0.6385081
0.6288245
0.6350196
0.6434678
0.6603508
0.6445712
0.633328
0.6468871
0.6456618
0.6389746
0.6806364
0.6919883
0.6894931
0.6895941
0.6894931
0.6894931
0.6894931
0.6862322
0.67971
0.6874807
0.6894931
0.6897481
0.6881238
0.7869308
0.7867275
0.7867275
0.7850667
0.7827487
0.7833595
0.7829075
0.7879393
0.789818
0.7835853
0.7902871
0.6819449
0.7005606
0.6722827
0.6811448
0.7041353
0.6812913
0.6543885
0.6601467
0.6554263
0.6569643
0.6561931
0.6562451
0.648711
0.6980107
0.698024
0.6943329
0.6852467
0.8028199
0.8013492
0.6839231
0.6893108
0.6463598
0.6448035
0.7952638
0.7922355
0.8043844
0.7908761
0.7989698
0.7615807
0.8182451
0.7964245
0.7700916
0.7782023
0.8112812
0.7984726
0.7927494
0.7091253
0.6947837
0.6895402
0.7066901
0.7049954
0.7961372
0.8048677
0.7574047
0.7582369
0.7508658
0.811812
0.8125604
0.8111796
0.8115822
0.8151115
0.8198272
0.8002122
0.7959054
0.8043754
0.6949023
0.6853061
0.6888497
0.7147686
0.6424733
0.6551584
0.6604794
0.6421561
0.6395599
0.6616408
0.6276613
0.6533912
0.6477539
0.6420333
0.6462422
0.6539945
0.6380573
0.6263657
0.6501536
0.6483004
0.6439782
0.6854801
0.6890122
0.6857959
0.6848817
0.6857959
0.6857959
0.6857959
0.689817
0.6767693
0.6804004
0.6857959
0.6865591
0.6850186
0.7892042
0.788571
0.788571
0.788556
0.7839113
0.7846044
0.7832868
0.7894362
0.7901919
0.7841363
0.7907455
0.6862654
0.7009059
0.6731658
0.6770906
0.6977349
0.6868562
0.6642818
0.661467
0.6626781
0.6632557
0.6631239
0.6630709
0.6611225
0.687312
0.6870529
0.7016965
0.7009381
0.8068643
0.8033109
0.6879074
0.6871564
0.6675244
0.6675493
0.7901314
0.7906315
0.7947903
0.7974845
0.7854595
0.7696278
0.8079029
0.8032176
0.7745765
0.7677546
0.8026047
0.7962032
0.7964427
0.6958384
0.6907074
0.6851031
0.6980958
0.6851179
0.7973615
0.7997308
0.7590776
0.7572716
0.7618491
0.807048
0.8082277
0.8064942
0.7955006
0.8005592
0.8035305
0.7920404
0.7925131
0.7972122
0.6865305
0.681405
0.6789847
0.7269548
0.6453549
0.6682715
0.6711495
0.6581417
0.6556912
0.6817697
0.6486998
0.6646074
0.6630661
0.6624099
0.6529608
0.6767505
0.6506822
0.6505958
0.6695902
0.6627307
0.6611384
0.6705937
0.6936102
0.692231
0.6913277
0.692231
0.692231
0.692231
0.6871732
0.6749141
0.6757828
0.692231
0.6925849
0.6909805
0.7898433
0.7897276
0.7896417
0.7913419
0.7885422
0.7892164
0.7880102
0.7918764
0.7909136
0.789265
0.7912927
0.6698628
0.6861636
0.6557429
0.6677871
0.6875721
0.6656981
0.6492662
0.6465024
0.6462309
0.6483202
0.6478627
0.6478067
0.6411751
0.6874952
0.6828893
0.6920287
0.6880092
0.8018491
0.7986087
0.685977
0.6806034
0.6316715
0.6311966
0.7928338
0.7930668
0.797188
0.7991128
0.7925543
0.7579996
0.8157785
0.7968144
0.7628528
0.768913
0.7989008
0.7965659
0.7971423
0.691807
0.6736506
0.680377
0.703715
0.6961677
0.7949936
0.8003391
0.7465506
0.7531906
0.7560583
0.8110873
0.811755
0.8106202
0.800708
0.8011574
0.8032878
0.8050597
0.7995208
0.8040716
0.6831835
0.6772303
0.6781698
0.7064947
0.6264573
0.6338398
0.6435385
0.6202857
0.6284683
0.6534192
0.6228864
0.6352472
0.6416288
0.6290064
0.6290206
0.6475183
0.6388536
0.6286309
0.6440919
0.6435017
0.6390776
0.6738413
0.6991607
0.6980812
0.6980812
0.6980812
0.6980812
0.6980812
0.6942257
0.6883968
0.689508
0.6980812
0.6983356
0.6959418
0.7954254
0.7953104
0.7953104
0.7976953
0.7889415
0.7896204
0.7887526
0.7978072
0.7968394
0.7901878
0.7972033
0.6731026
0.6877538
0.6666931
0.6676661
0.6886544
0.67093
0.6599142
0.6541683
0.6623315
0.6558788
0.6557442
0.6556893
0.6524171
0.6920279
0.6968858
0.699729
0.699177
0.8041346
0.8014716
0.6949074
0.6979103
0.6580467
0.659989
0.796552
0.7973763
0.8117334
0.8064698
0.8086411
0.7690448
0.8198866
0.8118151
0.7658418
0.7643518
0.8161363
0.8135283
0.8062606
0.7066015
0.7001541
0.6796475
0.7148092
0.7013227
0.8044312
0.8067948
0.7537208
0.7536446
0.7607479
0.815965
0.8169482
0.8159906
0.8087949
0.8149951
0.8182761
0.802885
0.7977064
0.8079802
0.6989429
0.6904468
0.690566
0.7135827
0.6427937
0.6613585
0.666235
0.6454921
0.6506887
0.6746589
0.6395014
0.6673216
0.6522869
0.649271
0.6614236
0.6746527
0.6573935
0.6476865
0.6647054
0.6574162
0.6652857
0.6810966
0.6966198
0.6947465
0.6954458
0.6947465
0.6947465
0.6947465
0.6990928
0.6865082
0.6950594
0.6947465
0.6954991
0.6940109
0.791953
0.7918379
0.7918379
0.7867511
0.784185
0.784357
0.783996
0.7932134
0.7880446
0.7845815
0.7881752
0.688783
0.7062281
0.6790661
0.6872929
0.7077774
0.6902907
0.6595778
0.6615022
0.6574359
0.6584385
0.6578823
0.6577224
0.6569308
0.6945402
0.6991326
0.6899165
0.6905365
0.7958307
0.7905018
0.6912034
0.6955007
0.6455135
0.6508974
0.7878874
0.7917495
0.8038887
0.7930473
0.8001689
0.7623011
0.8166643
0.805042
0.7645173
0.7606014
0.8057756
0.7964508
0.7967737
0.6886039
0.6869552
0.6859139
0.7022463
0.6950827
0.7940216
0.8036092
0.7494476
0.7531372
0.7510663
0.8028689
0.8038168
0.8027296
0.7988454
0.799539
0.8037597
0.8041933
0.7970329
0.8059743
0.6915381
0.68555
0.6895867
0.7151424
0.6381304
0.6479343
0.6552644
0.6436745
0.6417448
0.6643044
0.633275
0.6511591
0.6510316
0.6381589
0.6515152
0.6632335
0.6474349
0.6411233
0.6526993
0.651818
0.6598195
0.6883924
0.7033975
0.701845
0.7015492
0.701845
0.701845
0.701845
0.7009183
0.6963547
0.7012691
0.701845
0.7024894
0.7011433
0.7969058
0.796454
0.796454
0.7978776
0.7902598
0.7904137
0.7892164
0.7967188
0.797455
0.7908027
0.7974755
0.6688711
0.6874807
0.6598457
0.6708408
0.6931836
0.6731308
0.6652072
0.659364
0.6582567
0.6553463
0.6546831
0.6546286
0.661963
0.6983789
0.6982922
0.7101768
0.7026228
0.7952518
0.7928315
0.6991981
0.6985084
0.6641774
0.6637911
0.7959833
0.7987474
0.8042933
0.8044603
0.8024363
0.7548137
0.8137337
0.7991582
0.7503857
0.7676337
0.8030812
0.8072222
0.8056737
0.7240429
0.693673
0.6981913
0.7092644
0.6981261
0.7956602
0.8061983
0.7489718
0.7538383
0.756151
0.8138111
0.814792
0.8131838
0.8045684
0.8079237
0.8105748
0.805102
0.8024397
0.8077057
0.6936992
0.6889482
0.686264
0.7187779
0.6488762
0.6685559
0.6696172
0.6611788
0.6583477
0.6884331
0.6520379
0.6616752
0.6577138
0.6634466
0.6647091
0.6772878
0.6651914
0.6583385
0.6699614
0.6632439
0.6658945
0.6699585
0.6848912
0.6831821
0.6841004
0.6831821
0.6831821
0.6831821
0.6822444
0.6749216
0.6828833
0.6831821
0.6833372
0.6823914
0.7924247
0.79188
0.79188
0.7880733
0.7806192
0.7813261
0.7810413
0.7924018
0.7860817
0.7824253
0.7861317
0.6745184
0.6876457
0.6602503
0.6630435
0.6852941
0.6739284
0.6320587
0.6369263
0.6265997
0.6327337
0.6321524
0.632093
0.6192377
0.6831783
0.6864832
0.691801
0.6834973
0.796822
0.7960973
0.6655989
0.662536
0.6234364
0.624406
0.7868723
0.7877315
0.8039725
0.8019467
0.8015095
0.7511643
0.8209069
0.8052979
0.7534307
0.7605304
0.8027504
0.8039769
0.801324
0.6955922
0.6890315
0.6728288
0.6933292
0.6753024
0.7966439
0.8063947
0.7415204
0.7509222
0.748743
0.8157749
0.8165093
0.815391
0.8009198
0.8057183
0.8088174
0.7991917
0.7976047
0.8056455
0.6826144
0.6765298
0.6761425
0.7136401
0.6148865
0.6278993
0.634693
0.6141458
0.6254035
0.6500781
0.5922027
0.6304837
0.6123315
0.6117312
0.6102724
0.6337735
0.613961
0.6022764
0.6197967
0.6137416
0.6114078
0.6717361
0.690209
0.6892256
0.6892256
0.6892256
0.6892256
0.6892256
0.6891996
0.6804821
0.6833604
0.6892256
0.6895809
0.6898812
0.797405
0.7966126
0.7967824
0.7957483
0.7934844
0.7925209
0.7926146
0.7974728
0.7989716
0.7930791
0.7978058
0.6664321
0.6827013
0.6643059
0.6672665
0.6832226
0.6697736
0.6423614
0.6492857
0.6418994
0.64616
0.6458085
0.6456442
0.6385533
0.6878079
0.6904634
0.6955651
0.6855932
0.8070053
0.8064674
0.6925013
0.6799019
0.6469054
0.649409
0.799802
0.7995062
0.8028001
0.8080688
0.7951671
0.7685044
0.8150985
0.8080469
0.7612682
0.7764969
0.8113576
0.8026307
0.8026777
0.6980024
0.6875626
0.6699136
0.7107181
0.6990684
0.8013409
0.8085644
0.753487
0.7555116
0.755733
0.8174439
0.8174396
0.8168181
0.8115753
0.8093523
0.8151024
0.8085524
0.8081473
0.80773
0.6766819
0.6722162
0.6713146
0.7047533
0.6281045
0.6356176
0.6413106
0.642067
0.6389331
0.6754259
0.6242992
0.6525404
0.6422777
0.6332614
0.6443098
0.6620851
0.635915
0.6352772
0.6380582
0.6462779
0.6468694
0.6742306
0.6935027
0.691022
0.6919246
0.691022
0.691022
0.691022
0.6870727
0.6731715
0.6850824
0.691022
0.6911753
0.6902709
0.7897272
0.7903831
0.7901261
0.7924208
0.7900596
0.7907273
0.7896155
0.7917581
0.7879648
0.7907749
0.7885241
0.6839227
0.697653
0.6731955
0.6784387
0.6979794
0.6864335
0.6568705
0.6613271
0.6558902
0.6579507
0.6572892
0.6572352
0.6465216
0.6988952
0.6979167
0.691418
0.6783698
0.7924276
0.7903328
0.684267
0.6824257
0.630978
0.6232558
0.7957073
0.7883139
0.7976558
0.7947487
0.79779
0.752809
0.8127482
0.7988053
0.7621338
0.7619186
0.8043296
0.8045429
0.7981174
0.6838501
0.7023366
0.6876354
0.6979414
0.6778742
0.799379
0.8002964
0.7517246
0.7538439
0.7544296
0.8063353
0.8071024
0.8057
0.7978317
0.7996095
0.8042365
0.7972448
0.7933645
0.8039408
0.6687868
0.6638662
0.6633733
0.7080292
0.6310742
0.6364827
0.6376053
0.6153784
0.6184752
0.6541918
0.6161023
0.6212584
0.6282418
0.6144452
0.6294269
0.639851
0.6312096
0.6115067
0.6384579
0.632749
0.6307143
0.6837832
0.6945658
0.6923845
0.6914804
0.6923845
0.6923845
0.6923845
0.692856
0.6863429
0.6891746
0.6923845
0.6927387
0.6918394
0.7920476
0.7918469
0.7918469
0.7874475
0.7879974
0.7880724
0.7878097
0.7939072
0.7915751
0.7876917
0.7915252
0.6806007
0.6932037
0.6692555
0.6785687
0.694059
0.6801462
0.6574834
0.6611037
0.6545886
0.6603625
0.6603357
0.6602822
0.6467967
0.7038192
0.7094947
0.6931923
0.6937869
0.7988049
0.7973239
0.6797441
0.6803404
0.6472402
0.6432193
0.7902282
0.7886602
0.8091555
0.8049106
0.801786
0.7667055
0.8164416
0.809813
0.7588985
0.762849
0.8098833
0.8058402
0.7951722
0.7019092
0.6933477
0.6921472
0.7022936
0.6975214
0.8016943
0.8048901
0.7448036
0.750368
0.7480083
0.8028846
0.8032514
0.802328
0.8020269
0.8058124
0.8079956
0.7964144
0.7957682
0.8088338
0.6846432
0.6792046
0.678106
0.7091937
0.6349577
0.654083
0.6605948
0.6455047
0.644127
0.669252
0.6256205
0.6520265
0.6484324
0.6417389
0.6442139
0.6651333
0.6394979
0.6311371
0.6410866
0.6352838
0.6478397
0.6870576
0.6930731
0.6911934
0.6918952
0.6911934
0.6911934
0.6911934
0.6918662
0.6801491
0.6873798
0.6911934
0.6912464
0.6902416
0.7915694
0.7914544
0.7914544
0.7927208
0.7898469
0.7905152
0.789832
0.7932546
0.7898987
0.7907338
0.7903659
0.6885409
0.7069438
0.6805803
0.6894725
0.705548
0.6920593
0.6712905
0.6710055
0.668463
0.6652831
0.6645247
0.6645768
0.6614841
0.6985675
0.6958045
0.6967138
0.6918956
0.7972195
0.7963301
0.6953351
0.6913917
0.6565878
0.6549428
0.7942136
0.7930766
0.8068245
0.80181
0.8069832
0.760146
0.8183016
0.8136017
0.7605603
0.7666377
0.8100383
0.8084259
0.805542
0.6955627
0.7100605
0.6843493
0.7158919
0.6970229
0.8017885
0.8148045
0.7497612
0.7412748
0.7614646
0.8141008
0.8150817
0.8134729
0.8055095
0.8103496
0.8137188
0.7998308
0.8046525
0.8114811
0.6910935
0.6883256
0.6851328
0.7082895
0.6537242
0.6617659
0.6673332
0.6523168
0.6531142
0.6840391
0.6446405
0.6624522
0.660008
0.6457477
0.6439207
0.6739802
0.6579379
0.6483421
0.6563037
0.6576457
0.6628439
0.6773617
0.6772516
0.6758374
0.6766602
0.6758374
0.6758374
0.6758374
0.678801
0.6665356
0.6772816
0.6758374
0.6761986
0.6740845
0.7896344
0.7896045
0.7895185
0.7848435
0.7876415
0.7878035
0.7873674
0.7930399
0.7881266
0.7886265
0.788257
0.675703
0.6910004
0.6647781
0.6728236
0.6947763
0.6745003
0.655603
0.6536087
0.6489556
0.6508251
0.6507974
0.6506349
0.6421843
0.6933988
0.6960171
0.6925037
0.6815863
0.8007297
0.7970565
0.6749671
0.677117
0.6345356
0.6323142
0.7957981
0.7984036
0.802214
0.8000986
0.7940573
0.7689402
0.8165878
0.7906416
0.7699732
0.7637463
0.8035125
0.8044822
0.8009129
0.7002436
0.6888341
0.6793071
0.7009181
0.6829325
0.796669
0.8018362
0.7552981
0.753303
0.7513239
0.807687
0.8084503
0.8071344
0.7971711
0.8076202
0.8115133
0.8058757
0.7957552
0.7978814
0.683045
0.6764729
0.6758823
0.7129873
0.6294769
0.6399051
0.6474369
0.6241691
0.6305794
0.6628095
0.6175831
0.6396181
0.6345683
0.6271581
0.6295968
0.646273
0.6320371
0.6216999
0.6386421
0.637492
0.6394311
0.6836263
0.7014211
0.6998631
0.6996652
0.6998631
0.6998631
0.6998631
0.7007139
0.6963451
0.6985905
0.6998631
0.7006084
0.6990529
0.7923582
0.7919876
0.7919876
0.7927406
0.7870331
0.7871964
0.7857244
0.7925062
0.7918875
0.7875893
0.7919222
0.6786183
0.6920117
0.6690389
0.673192
0.6953668
0.677745
0.6626695
0.6598602
0.6555827
0.6617497
0.6610928
0.6610396
0.6584618
0.6954896
0.696601
0.7120328
0.7005469
0.7887374
0.7871452
0.7052663
0.703776
0.6682961
0.6703807
0.7893426
0.7913007
0.8024165
0.8029974
0.8026472
0.7567469
0.8144416
0.8002104
0.7491171
0.7644412
0.8035439
0.8068508
0.8024614
0.7227154
0.7046679
0.6912581
0.7069096
0.6967269
0.7938239
0.8077489
0.7479776
0.7416162
0.7589826
0.8090237
0.8096156
0.8083091
0.7983065
0.8012522
0.8034602
0.7937283
0.8006322
0.8063343
0.6856924
0.6803807
0.6790844
0.7220198
0.6542936
0.6734044
0.6703349
0.6648845
0.6655248
0.6887162
0.656211
0.6613331
0.6633482
0.6692278
0.6656228
0.6819368
0.6662009
0.6636321
0.6728086
0.6680884
0.667104
0.6646079
0.6786487
0.6754998
0.6764228
0.6754998
0.6754998
0.6754998
0.6684821
0.6591822
0.6730351
0.6754998
0.6758599
0.6741634
0.7825468
0.7827758
0.7824292
0.7811119
0.7757237
0.77592
0.7756199
0.7824259
0.782847
0.7765008
0.7827322
0.6628361
0.6838275
0.6524183
0.6620987
0.6851496
0.6682565
0.6294066
0.6299864
0.6323423
0.6242239
0.6241935
0.6240219
0.6287367
0.6810152
0.6817867
0.6796177
0.6710935
0.7881272
0.7843819
0.6541924
0.6532554
0.6092029
0.6147957
0.7871749
0.7857854
0.800811
0.7891643
0.7898387
0.7553799
0.8077971
0.7974141
0.7627674
0.7641681
0.7921114
0.7991982
0.7979933
0.6794911
0.6799412
0.66157
0.682725
0.6756317
0.7914154
0.7950733
0.7402914
0.7465245
0.7515209
0.79679
0.7974261
0.7963984
0.7910792
0.7992337
0.8026999
0.7972906
0.7917934
0.800618
0.6724098
0.6655544
0.6671316
0.6994023
0.6127243
0.6085614
0.6122806
0.6014281
0.6055307
0.6393866
0.5891073
0.6117495
0.6077293
0.6017771
0.5911082
0.6245597
0.6073252
0.59778
0.6126329
0.6128381
0.611638
0.6825606
0.6993509
0.6977829
0.6968862
0.6977829
0.6977829
0.6977829
0.695855
0.6861393
0.6891746
0.6977829
0.6981348
0.6965602
0.7967382
0.7967095
0.7967095
0.795334
0.7879974
0.7886744
0.7878097
0.7965503
0.7956746
0.7885516
0.7959543
0.6885195
0.6994242
0.6808461
0.6824549
0.6985485
0.6856656
0.665699
0.6688581
0.6623142
0.663522
0.6628648
0.6629169
0.6555705
0.7045092
0.7081285
0.6930915
0.6912803
0.7957573
0.7913659
0.6773994
0.6783136
0.6411153
0.6332589
0.8020201
0.7971425
0.7947959
0.7979962
0.7971342
0.7603892
0.8222622
0.8043051
0.7655886
0.7671631
0.8067975
0.8038251
0.8082938
0.7016129
0.6967515
0.6896151
0.7015987
0.6943252
0.7953158
0.8036256
0.7499816
0.7575913
0.7524258
0.8083645
0.8090431
0.8078951
0.791795
0.7973673
0.8030282
0.8008331
0.79781
0.8061597
0.6892751
0.6832642
0.6854053
0.7135561
0.6527546
0.6448613
0.6477337
0.6276468
0.6322953
0.6683317
0.6212048
0.6459406
0.6376446
0.6328294
0.6298895
0.6452762
0.6372245
0.6223242
0.6407636
0.6430723
0.6421866
0.6904652
0.7089699
0.7062524
0.7053693
0.7062524
0.7062524
0.7062524
0.699612
0.6959257
0.700457
0.7062524
0.7069919
0.7053721
0.7931181
0.7930035
0.7930035
0.7897385
0.792171
0.7923196
0.7919853
0.7972649
0.796646
0.7924515
0.7967531
0.6953334
0.7112494
0.6864715
0.6897558
0.7117851
0.6976495
0.6687754
0.6694247
0.6682294
0.6703605
0.670231
0.6700757
0.6561785
0.7038864
0.7048635
0.705842
0.7035885
0.7999299
0.7965971
0.6860314
0.6830814
0.6468035
0.6491974
0.7980626
0.7942841
0.8017489
0.7992123
0.8070825
0.7797499
0.8198753
0.7976785
0.7750451
0.7800889
0.8000984
0.8053531
0.8040545
0.7097164
0.6965364
0.6920407
0.7174306
0.7042296
0.8047495
0.8040664
0.7659991
0.7573567
0.7570332
0.8024897
0.8031889
0.801934
0.7976364
0.8029207
0.8070175
0.7995063
0.796146
0.8106695
0.6857624
0.6836821
0.682491
0.7239277
0.6581608
0.6556874
0.6606626
0.6384275
0.6460541
0.6725522
0.6394622
0.6579195
0.6585854
0.6431401
0.6508716
0.6593484
0.6500983
0.6419978
0.6533281
0.6555129
0.6591792
0.6851224
0.6946524
0.6916775
0.6917777
0.6916775
0.6916775
0.6916775
0.6881374
0.6831024
0.6883735
0.6916775
0.6919308
0.6909301
0.783926
0.7837223
0.7837223
0.7818868
0.7809578
0.7811388
0.7803328
0.7846723
0.7871586
0.7814522
0.7872054
0.6791039
0.697202
0.6703649
0.6786074
0.6992161
0.6761779
0.651012
0.6581472
0.653327
0.6581432
0.6573768
0.6574285
0.6492992
0.6976532
0.6978652
0.6887448
0.6826094
0.7964614
0.7944695
0.6734599
0.6763263
0.6389087
0.6358368
0.795498
0.7922271
0.8045737
0.7881302
0.7962259
0.7653083
0.8178794
0.7941073
0.772934
0.7776422
0.8100313
0.801643
0.7950324
0.7020696
0.6899278
0.6878961
0.7065927
0.7027417
0.793211
0.8018589
0.757735
0.7561154
0.7520522
0.8057095
0.8063959
0.8049913
0.8041857
0.8118191
0.8162273
0.8032867
0.7954561
0.8034763
0.6839565
0.6750674
0.6781459
0.7126161
0.6343775
0.6458976
0.6507243
0.6313448
0.6282215
0.654385
0.6192271
0.6414766
0.6415736
0.6306206
0.6354684
0.6480913
0.6281539
0.6216693
0.6421078
0.6410824
0.6429862
0.6843201
0.7024009
0.70035
0.7010419
0.70035
0.70035
0.70035
0.6945568
0.692627
0.6978873
0.70035
0.7006999
0.7000382
0.8021308
0.801599
0.801599
0.8035989
0.800534
0.8006586
0.8002671
0.8058062
0.802425
0.8006163
0.8023492
0.6931488
0.7090964
0.6880062
0.6917771
0.7057353
0.6902416
0.670046
0.6760596
0.6718847
0.6727655
0.6726367
0.6725857
0.6678647
0.7007377
0.7050642
0.7000995
0.7046746
0.8087325
0.8052048
0.6978014
0.6905918
0.6514151
0.649658
0.8042745
0.8038858
0.8024596
0.8052175
0.8087835
0.7594918
0.8135829
0.8008415
0.7617139
0.7709808
0.8071818
0.8022888
0.8069283
0.7111764
0.6957486
0.6886158
0.707593
0.6960208
0.8052923
0.8092138
0.7548661
0.7554272
0.7576465
0.8183813
0.8190209
0.8178388
0.8017588
0.8059484
0.8085356
0.8092009
0.8119474
0.8120301
0.6961574
0.6911182
0.6898392
0.7132155
0.6514839
0.6549608
0.6597233
0.6458563
0.649933
0.6773236
0.6410074
0.6540515
0.6579726
0.6423196
0.6573928
0.6599016
0.6460896
0.6478141
0.656516
0.6540693
0.6567048
0.6721836
0.6747645
0.6723089
0.6731369
0.6723089
0.6723089
0.6723089
0.6720954
0.664723
0.6707555
0.6723089
0.6725684
0.6704287
0.7832393
0.7836429
0.7836429
0.7870067
0.7828731
0.7834831
0.7825091
0.7859844
0.7842353
0.7837087
0.7848092
0.6719688
0.6907966
0.6639079
0.6659348
0.6936771
0.6732379
0.6591716
0.66268
0.6560696
0.6620462
0.6614924
0.661439
0.6468902
0.6958021
0.6982082
0.6956287
0.6945062
0.7937125
0.7919587
0.6805673
0.6767964
0.6400159
0.6385619
0.7967485
0.7805683
0.8020621
0.7955285
0.796367
0.7597246
0.8085688
0.7992531
0.7580491
0.7619187
0.8052942
0.7901217
0.7972077
0.6893637
0.6901441
0.6790876
0.7046964
0.6973432
0.7915361
0.8005803
0.7476366
0.756832
0.7441688
0.8096097
0.8100373
0.8089755
0.8037733
0.8029849
0.8056037
0.7980313
0.7858775
0.8032233
0.6896921
0.6849946
0.6829925
0.7143608
0.6335028
0.6429622
0.6488202
0.6306845
0.6366395
0.6600898
0.6259212
0.6434527
0.643263
0.6347722
0.64192
0.647296
0.6303321
0.632206
0.642252
0.6419782
0.6402372
0.686559
0.7070064
0.7054395
0.706334
0.7054395
0.7054395
0.7054395
0.7059906
0.6840041
0.6949244
0.7054395
0.7054937
0.7034435
0.7982894
0.7984319
0.7982606
0.8006403
0.7886939
0.7893756
0.7884173
0.7946608
0.7987601
0.7895114
0.7990335
0.6819106
0.7007056
0.6743561
0.6830622
0.7044127
0.680836
0.6662439
0.6693293
0.6674851
0.6653175
0.664973
0.6648138
0.6611478
0.7041366
0.7056211
0.6879749
0.6979311
0.8099127
0.8096245
0.7019533
0.7084345
0.6641408
0.6663781
0.8009719
0.7983571
0.8071116
0.8052602
0.809211
0.7617289
0.8158265
0.8117208
0.7652475
0.7605582
0.8150545
0.8098303
0.8093492
0.7147533
0.6866219
0.6870097
0.7008897
0.6954535
0.8013278
0.8136049
0.7491803
0.7483607
0.7504466
0.8129059
0.8138224
0.8123515
0.8102703
0.8136694
0.8173811
0.8100567
0.8058452
0.8145905
0.6979015
0.6963242
0.6945343
0.7137761
0.6542506
0.6707386
0.6739551
0.6522843
0.6558772
0.6893441
0.6515007
0.6651934
0.6558336
0.6599033
0.6612762
0.6757877
0.6669552
0.6580032
0.6729206
0.6640372
0.660953
0.686243
0.6534033
0.6515294
0.6505769
0.6515294
0.6515294
0.6515294
0.6454989
0.6434741
0.648978
0.6515294
0.6518977
0.6553672
0.7906503
0.7898551
0.7898551
0.7894996
0.7857698
0.7834498
0.7848961
0.790966
0.7921348
0.7840164
0.7895402
0.6817868
0.6986301
0.68041
0.6772381
0.6998337
0.6822552
0.6497562
0.6541235
0.6485593
0.6532726
0.6527167
0.6526622
0.642812
0.6978875
0.7003542
0.6806392
0.6805183
0.7931565
0.7912489
0.6844468
0.6819182
0.6481641
0.6418415
0.7903773
0.7926572
0.8005145
0.8016725
0.7952795
0.7479502
0.8160999
0.8000697
0.7493786
0.7503648
0.7980278
0.7976474
0.7890076
0.6983527
0.6875096
0.6801885
0.7122135
0.7003932
0.791934
0.7995372
0.7339049
0.735242
0.7397381
0.8029132
0.8043463
0.8027751
0.7929314
0.8015209
0.8045361
0.7970953
0.7967918
0.7970446
0.6740832
0.6704589
0.6668978
0.7055256
0.6435934
0.6508485
0.6573303
0.6420962
0.6433797
0.6673017
0.6328415
0.6576163
0.6572042
0.6502621
0.6495511
0.664735
0.6430646
0.639663
0.6487478
0.6435076
0.6443231
0.6900168
0.6588079
0.6569412
0.6559925
0.6569412
0.6569412
0.6569412
0.6510347
0.6482994
0.6536616
0.6569412
0.6573087
0.6571991
0.7936351
0.792841
0.792841
0.7924861
0.785324
0.7857497
0.784446
0.7932736
0.7919752
0.7863151
0.7920945
0.6873755
0.7041771
0.6818674
0.6828536
0.7053443
0.6878653
0.6555005
0.6597429
0.6535675
0.6590035
0.6584504
0.6583968
0.6477336
0.7027191
0.7057494
0.6854583
0.6851028
0.7926624
0.7908303
0.6908925
0.6881492
0.6538823
0.6476871
0.7893504
0.7923289
0.8005585
0.80281
0.7957261
0.7483283
0.8157129
0.8008673
0.7509531
0.7514819
0.7989897
0.7985248
0.7897743
0.6982549
0.6888753
0.6806266
0.7133379
0.7020776
0.791345
0.8
0.735172
0.736698
0.7403662
0.806193
0.8076155
0.8060547
0.796629
0.8050519
0.8082135
0.7967869
0.7974132
0.7969904
0.6824097
0.6788097
0.6752768
0.7117528
0.6522702
0.6566144
0.6630661
0.6480307
0.6492332
0.6725596
0.6402175
0.6626722
0.6583167
0.6560813
0.656889
0.6697581
0.6496471
0.6470126
0.6560187
0.650831
0.6510758
0.6877779
0.6560465
0.6541726
0.6532201
0.6541726
0.6541726
0.6541726
0.6481394
0.6460219
0.6515163
0.6541726
0.6545412
0.6544222
0.793169
0.7923744
0.7923744
0.7920192
0.7848524
0.7852795
0.7839739
0.7928068
0.7912522
0.7858456
0.7913735
0.6842226
0.7010828
0.6786738
0.6797779
0.7022727
0.6847013
0.6525097
0.6567703
0.6512068
0.6559207
0.655365
0.6553108
0.6447087
0.6997343
0.7030802
0.6825814
0.6825482
0.7922817
0.7903635
0.6888703
0.6863281
0.6528039
0.6464948
0.7894812
0.7919463
0.7997625
0.80084
0.7944984
0.7465421
0.8158332
0.7993138
0.7481634
0.7492487
0.7973448
0.7967079
0.7879387
0.6966429
0.6863287
0.6788571
0.7110708
0.6986926
0.791646
0.7991128
0.7325063
0.7339463
0.7382818
0.8061507
0.8075731
0.8060124
0.7965878
0.804927
0.8079252
0.7961514
0.7962715
0.7960175
0.6793495
0.6757359
0.672188
0.7093076
0.6488265
0.6556164
0.6620767
0.6467361
0.6479339
0.6711159
0.6375118
0.6613971
0.6556106
0.6548998
0.6540068
0.6684972
0.6467583
0.6443254
0.6533718
0.6481583
0.6486297
0.6882569
0.655703
0.653828
0.652875
0.653828
0.653828
0.653828
0.6477918
0.6456712
0.6511701
0.653828
0.6541968
0.6540766
0.7931544
0.7923597
0.7923597
0.7920045
0.7849233
0.7853503
0.7840449
0.7927922
0.7912375
0.7859163
0.7913588
0.6847034
0.7015551
0.6791605
0.6801604
0.7027416
0.6851838
0.6526946
0.6570598
0.6514984
0.6562107
0.6556552
0.655601
0.6448954
0.6999089
0.7032536
0.6827608
0.6827263
0.7922671
0.7903487
0.689146
0.6866034
0.6529877
0.6466798
0.7894662
0.7921023
0.7999162
0.8011618
0.7946535
0.7470766
0.8155743
0.7994679
0.7486046
0.7496886
0.7974995
0.7970321
0.7884371
0.6972136
0.6865064
0.6790373
0.7112437
0.6993618
0.7913745
0.7992678
0.7329571
0.7343958
0.7389152
0.8063023
0.8077241
0.8061641
0.7969075
0.8053269
0.8083219
0.7962219
0.7962572
0.7964266
0.6791222
0.6755074
0.6719581
0.7098659
0.6486915
0.655805
0.6622638
0.6469205
0.6482254
0.6712935
0.6376983
0.6616834
0.655798
0.6550834
0.6544037
0.6687805
0.6469433
0.6445109
0.653555
0.648343
0.6491297