0.7094552
0.7093733
0.7095574
0.6885418
0.6946729
0.7130695
0.6929046
0.6924004
0.6917142
0.6921408
0.6918502
0.6837973
0.6843859
0.6848859
0.6827424
0.6834959
0.6831232
0.6823175
0.6828276
0.6825836
0.6620169
0.671534
0.6699021
0.670689
0.6706065
0.6715554
0.6746939
0.6696866
0.688617
0.6946486
0.7130695
0.7105139
0.6929046
0.6840275
0.6620169
0.671534
0.6746939
0.6696866
0.8123285
0.813135
0.8175803
0.8123493
0.8186433
0.8133431
0.8082302
0.8164382
0.8087869
0.8075314
0.6942939
0.6837094
0.6748705
0.6904953
0.6976208
0.6777167
0.6849315
0.7035268
0.6873451
0.6914563
0.6937031
0.6926273
0.6914746
0.6877454
0.681762
0.6764144
0.6704377
0.6798054
0.7963311
0.6639158
0.6933997
0.691811
0.6936511
0.6920311
0.6929989
0.7173009
0.7173009
0.6907451
0.6940432
0.6955321
0.6348108
0.6761575
0.6824413
0.7073996
0.6879236
0.691668
0.691668
0.6918249
0.6928089
0.6947745
0.6928659
0.7045527
0.6720825
0.6894873
0.6839599
0.6804294
0.6846443
0.6967512
0.701969
0.6923704
0.6889921
0.6959235
0.7070611
0.7072844
0.7078767
0.6543423
0.6694462
0.6991284
0.6744918
0.6735818
0.6734198
0.6730988
0.6730177
0.6401131
0.6398429
0.6409614
0.6383548
0.6390305
0.6388564
0.6383477
0.6388866
0.638522
0.6195487
0.6473632
0.6461361
0.6452652
0.6452999
0.6464955
0.6677474
0.6612758
0.6544275
0.6698503
0.6991284
0.7086342
0.6744918
0.6403822
0.6195487
0.6473632
0.6677474
0.6612758
0.8054896
0.8063471
0.8152709
0.8094406
0.8120356
0.8111289
0.8093263
0.8099752
0.8094474
0.802346
0.6678257
0.6508441
0.6558595
0.6606619
0.6756257
0.6509434
0.6668551
0.6808442
0.6658856
0.6661555
0.6676933
0.6805919
0.6648215
0.6737915
0.6544376
0.6618507
0.6430906
0.6464061
0.7942938
0.6492
0.7024893
0.6990464
0.6999112
0.6991594
0.6955817
0.7084767
0.7084767
0.6608264
0.6807695
0.6796664
0.6109047
0.6680978
0.657157
0.6866194
0.6667767
0.6840346
0.6840346
0.6841934
0.6850766
0.6884353
0.6869452
0.6761424
0.6502167
0.6536007
0.6623247
0.6926706
0.6567238
0.6688883
0.6931127
0.6594931
0.6685592
0.6840693
0.8156126
0.8160197
0.8157838
0.8071096
0.8121295
0.8212696
0.8143043
0.8138861
0.8137411
0.814031
0.8137866
0.8113688
0.8110023
0.8116196
0.8104594
0.8107516
0.8110714
0.810404
0.8103902
0.8113001
0.8024105
0.8134189
0.8124864
0.8126177
0.8118252
0.811757
0.800613
0.7994139
0.8071517
0.812631
0.8212696
0.8165468
0.8143043
0.8114921
0.8024105
0.8134189
0.800613
0.7994139
0.8111062
0.8073725
0.8149007
0.8112315
0.8154072
0.811015
0.8103373
0.8196745
0.8070714
0.8052081
0.8211679
0.8135715
0.8026048
0.8023764
0.8106389
0.8038845
0.8130169
0.8119286
0.8163046
0.8111239
0.80743
0.8090775
0.8068375
0.8116113
0.8091575
0.8070737
0.8062233
0.806155
0.8044705
0.802357
0.804898
0.8071736
0.8061262
0.80428
0.8035993
0.8084053
0.8084053
0.8055146
0.807766
0.8070188
0.7915194
0.8022574
0.8084685
0.8172082
0.8091974
0.813892
0.813892
0.8139193
0.8148039
0.8154705
0.8125368
0.81974
0.8026919
0.7993348
0.8065591
0.8083797
0.8081759
0.8108366
0.8142805
0.8027165
0.8119401
0.7976518
0.7962596
0.7963167
0.7965244
0.7906068
0.7999417
0.8111352
0.797164
0.796314
0.7959903
0.7959304
0.7965641
0.7984007
0.7979649
0.7981577
0.7974198
0.7975374
0.7980394
0.7972714
0.797079
0.7972126
0.7854449
0.8018018
0.8012409
0.8014599
0.8009198
0.8015473
0.7960945
0.7885609
0.7906531
0.7997521
0.8111352
0.7970358
0.797164
0.7985337
0.7854449
0.8018018
0.7960945
0.7885609
0.7065287
0.698517
0.7088917
0.7064169
0.7094638
0.7113994
0.7085795
0.7203476
0.7035745
0.6991333
0.8070277
0.7994058
0.7915842
0.7925747
0.8017592
0.7888815
0.7937249
0.7999561
0.8033
0.793468
0.7985843
0.7905724
0.7928103
0.7992717
0.794498
0.7859899
0.7971369
0.7958483
0.6873423
0.7928091
0.8027165
0.8033103
0.8036801
0.8016504
0.8004317
0.8049105
0.8049105
0.7886094
0.793509
0.7919934
0.7777272
0.793173
0.7981082
0.802047
0.7911719
0.8032872
0.8032872
0.8033163
0.8039506
0.8036442
0.8024325
0.8113042
0.7845151
0.7931469
0.7857734
0.7954801
0.7907202
0.8028669
0.8010849
0.7990189
0.7977745
0.8000148
0.7016232
0.7019499
0.7025523
0.6870622
0.6972616
0.7161706
0.6895475
0.6888174
0.6888674
0.6883451
0.6875252
0.6746968
0.6724279
0.6739184
0.6730486
0.6748938
0.673865
0.6734844
0.6736747
0.6729951
0.6532211
0.6711241
0.67025
0.6699527
0.6701954
0.6703861
0.6697553
0.6863077
0.6871378
0.6979631
0.7161706
0.7033402
0.6895475
0.6749349
0.6532211
0.6711241
0.6697553
0.6863077
0.8042959
0.8063156
0.8121672
0.8074161
0.8111505
0.8103373
0.8076529
0.807777
0.806809
0.8075654
0.6746647
0.6675295
0.6512221
0.6701617
0.6884354
0.655914
0.6773155
0.6923817
0.6818728
0.67202
0.6781878
0.6854548
0.6925327
0.6641717
0.673699
0.6680304
0.6663909
0.6577074
0.7979154
0.6530733
0.6956239
0.6957442
0.6959811
0.6950077
0.694802
0.7095349
0.7095349
0.6760217
0.6801278
0.6799934
0.6129983
0.6501387
0.6600646
0.6945528
0.6710168
0.6915561
0.6915561
0.6917128
0.6921637
0.6920007
0.6928589
0.7006825
0.6802554
0.6865054
0.6666944
0.6830453
0.6737326
0.6857866
0.6742706
0.6773981
0.6943026
0.6562135
0.6984873
0.6985025
0.6989016
0.670816
0.6873248
0.6978372
0.6780126
0.6775474
0.6765278
0.6766375
0.6760198
0.6654941
0.6652417
0.664776
0.6635683
0.6655439
0.663842
0.6638973
0.6647484
0.663513
0.6461386
0.6528336
0.6519697
0.6514389
0.6516937
0.6525501
0.6753656
0.6595884
0.6708964
0.6880352
0.6978372
0.6997068
0.6780126
0.6657402
0.6461386
0.6528336
0.6753656
0.6595884
0.8166077
0.8069942
0.8151511
0.8085215
0.8152262
0.8080461
0.8075378
0.8101016
0.8092245
0.8051767
0.6877994
0.6682002
0.6472769
0.6688865
0.6784996
0.6606793
0.6781729
0.6861578
0.6799711
0.6738536
0.6731672
0.6849114
0.6685389
0.6715925
0.6642269
0.6663885
0.6600017
0.6524585
0.8014925
0.6564241
0.6940086
0.6935969
0.6938344
0.6951963
0.6871984
0.7019921
0.7019921
0.6681773
0.680778
0.6780468
0.6228959
0.6757469
0.6604367
0.6962231
0.6685115
0.6878057
0.6878057
0.6878566
0.6892706
0.6887838
0.6909239
0.6942655
0.6710277
0.6741389
0.6707992
0.6773927
0.669163
0.6686469
0.6932585
0.6823876
0.6889773
0.6795648
0.8103473
0.8107558
0.810693
0.801143
0.8113371
0.8134992
0.8044428
0.8034538
0.8038327
0.8032499
0.8036145
0.8114361
0.8109827
0.8109056
0.8106133
0.8109056
0.8112256
0.8103839
0.8107179
0.8104116
0.7998388
0.8127165
0.8124683
0.8125136
0.8115479
0.8125997
0.8009347
0.8072552
0.8011867
0.8113235
0.8134992
0.8111392
0.8044428
0.8115594
0.7998388
0.8127165
0.8009347
0.8072552
0.4717842
0.4196916
0.4830084
0.4792773
0.4653729
0.4672354
0.4586161
0.4919064
0.4655318
0.4502896
0.8151321
0.81219
0.7995181
0.7980523
0.8139652
0.805598
0.810259
0.8090558
0.8128823
0.8072394
0.809655
0.8130015
0.8022108
0.8040074
0.8049777
0.8018713
0.8031077
0.8075469
0.6923827
0.795997
0.8110545
0.8099748
0.8099889
0.8084192
0.8055287
0.8139946
0.8139946
0.7998221
0.8002226
0.7987342
0.7927535
0.8048057
0.7982073
0.8183218
0.7978256
0.8180485
0.8180485
0.8181618
0.8188676
0.8184085
0.817314
0.8143848
0.801245
0.8052264
0.807772
0.8093296
0.8040171
0.8109918
0.8177477
0.8093233
0.8054242
0.8106239
0.8101788
0.8104135
0.8095755
0.8022315
0.8004367
0.8135764
0.8016872
0.8011247
0.8015914
0.8009205
0.8012853
0.8033708
0.8024356
0.8041154
0.8025949
0.8027126
0.8032102
0.8023614
0.8023469
0.8032679
0.7971619
0.8012485
0.8008604
0.8010792
0.8002772
0.8010792
0.8006258
0.7984649
0.8022747
0.8001602
0.8135764
0.8107972
0.8016872
0.8034998
0.7971619
0.8012485
0.8006258
0.7984649
0.7213777
0.7082473
0.7186719
0.7250311
0.7270083
0.72866
0.7244327
0.7325176
0.7188893
0.7177741
0.8099114
0.8051714
0.7897052
0.7923782
0.8022496
0.789578
0.8048516
0.8082868
0.8029208
0.8006947
0.7997816
0.8002372
0.7990516
0.7914395
0.8014548
0.7993126
0.7929984
0.7986013
0.6952165
0.794698
0.8045441
0.8044283
0.805239
0.8021521
0.8020934
0.8123303
0.8123303
0.8034899
0.8017719
0.8002963
0.7862843
0.7989756
0.7946118
0.8078426
0.80108
0.8095028
0.8095028
0.8097059
0.8104196
0.8094222
0.8059371
0.8184981
0.7867762
0.7997938
0.7961584
0.7972539
0.8005164
0.8029219
0.8112861
0.7913648
0.7984599
0.8020226
0.7022828
0.701476
0.7022828
0.6594019
0.6883687
0.7108159
0.673964
0.6726195
0.6717024
0.6725664
0.6723774
0.6655232
0.6639553
0.6660107
0.6637103
0.6648063
0.6644224
0.6645871
0.6645596
0.6638745
0.6374147
0.6357907
0.6341504
0.6344005
0.6327297
0.634742
0.6680727
0.6734181
0.6594856
0.689077
0.7108159
0.7030695
0.673964
0.6657689
0.6374147
0.6357907
0.6680727
0.6734181
0.811789
0.8149422
0.8229107
0.8150943
0.8178221
0.8131533
0.8111822
0.8201751
0.8124318
0.8127455
0.6738377
0.6641339
0.6591372
0.6781285
0.6781896
0.6651771
0.6871268
0.6848875
0.6747811
0.6821266
0.6800096
0.6886539
0.6581616
0.674889
0.6573456
0.6748075
0.6532345
0.6367489
0.7985509
0.6561288
0.7011624
0.6997089
0.7016227
0.70255
0.7001456
0.6977702
0.6977702
0.6645768
0.6745101
0.6729456
0.6115674
0.6688692
0.6634536
0.6912266
0.6725867
0.6938594
0.6938594
0.6940147
0.6947794
0.6957824
0.6961062
0.6891903
0.6643547
0.6645549
0.6498743
0.6757671
0.6562681
0.6714074
0.6941988
0.6728426
0.6809466
0.681833
0.6815245
0.6817447
0.6815245
0.6679184
0.6806059
0.6951978
0.6789057
0.6782299
0.6777463
0.6780705
0.6776679
0.6622332
0.6608588
0.6623794
0.6605035
0.6610547
0.6613303
0.6609442
0.6606951
0.6602262
0.6320857
0.6377449
0.6356576
0.6370463
0.6367429
0.6362498
0.6609975
0.6581758
0.6679997
0.6811116
0.6951978
0.6829503
0.6789057
0.6624826
0.6320857
0.6377449
0.6609975
0.6581758
0.8053321
0.8018546
0.8064752
0.8029111
0.8106749
0.8085635
0.7997203
0.8055535
0.8024728
0.7970436
0.6598906
0.6466869
0.6288462
0.656132
0.6647667
0.6430642
0.6511113
0.6568983
0.6602329
0.6484157
0.6628021
0.6591895
0.65601
0.6550628
0.6534878
0.6485777
0.6560027
0.6538268
0.7940005
0.6461421
0.6726776
0.6733394
0.6735858
0.6735606
0.6730132
0.6844259
0.6844259
0.662912
0.6693901
0.6680189
0.5835323
0.6310051
0.6487096
0.6784833
0.6617904
0.6728023
0.6728023
0.6729658
0.6738682
0.6749959
0.6730277
0.6759608
0.662133
0.6698167
0.6588461
0.6684132
0.6640199
0.6804487
0.6554411
0.6639235
0.6697747
0.6441847
0.69442
0.695687
0.6947335
0.6355797
0.6583265
0.6862083
0.6530192
0.652102
0.6513784
0.6513746
0.6511801
0.6415693
0.6401646
0.6416296
0.6395837
0.6418573
0.6397448
0.6395769
0.6405739
0.6396374
0.6140321
0.6202745
0.6189912
0.6184266
0.6190557
0.6194788
0.6529402
0.6481558
0.6356712
0.6582985
0.6862083
0.6959777
0.6530192
0.6418384
0.6140321
0.6202745
0.6529402
0.6481558
0.8072657
0.8081129
0.8136755
0.8091961
0.8108348
0.8117613
0.8057633
0.8155496
0.8070175
0.8024164
0.6634874
0.6575879
0.634742
0.6521309
0.657651
0.6471853
0.6620785
0.6761982
0.6642549
0.65963
0.6739624
0.6711626
0.6456965
0.6565116
0.639983
0.6535766
0.6375782
0.6292779
0.7956852
0.6271509
0.6731247
0.6765265
0.6767718
0.6757628
0.6707074
0.6870298
0.6870298
0.6625747
0.6661973
0.664589
0.5885467
0.6372358
0.6506054
0.6725949
0.6588824
0.6772918
0.6772918
0.6774539
0.6781335
0.6803454
0.6829489
0.6755384
0.6446837
0.6497119
0.6409996
0.6824586
0.636694
0.6633729
0.6819602
0.6519147
0.6576907
0.6635126
0.8146518
0.8145447
0.8147373
0.8046756
0.8083351
0.8140993
0.8153957
0.8148121
0.8150101
0.8141855
0.8147988
0.8048567
0.8041056
0.8049066
0.8037376
0.8039431
0.8049656
0.8038555
0.8041041
0.8038842
0.7974239
0.809723
0.8094617
0.8089024
0.8086263
0.8082977
0.8063628
0.7948492
0.8047182
0.8081488
0.8140993
0.815504
0.8153957
0.8049847
0.7974239
0.809723
0.8063628
0.7948492
0.8022712
0.8006792
0.8110128
0.8028797
0.8139978
0.8010965
0.8021617
0.8157133
0.8032319
0.7971345
0.8088882
0.8087813
0.793328
0.7973121
0.7988493
0.7964653
0.804164
0.8069933
0.8048252
0.8046773
0.8029213
0.8019259
0.8010068
0.7956645
0.8016339
0.7976039
0.8012854
0.7958209
0.8044751
0.7931477
0.8016185
0.8023014
0.8017824
0.8005503
0.799598
0.8077859
0.8077859
0.793626
0.79438
0.7912465
0.7897386
0.7973667
0.8070664
0.8226981
0.7951942
0.7990793
0.7990793
0.7991091
0.7999258
0.8029921
0.7999109
0.8154182
0.7956806
0.7965112
0.8005345
0.8079343
0.8063331
0.7977753
0.8116443
0.8013937
0.797657
0.8002515
0.6872286
0.6871329
0.687123
0.6635261
0.6789864
0.6928857
0.6801613
0.6791704
0.6785801
0.678583
0.6786091
0.6542465
0.652257
0.6552525
0.6525748
0.6548063
0.653185
0.6523473
0.6525424
0.6527409
0.6384327
0.6543605
0.6531706
0.6523067
0.6521165
0.65364
0.6627185
0.6571523
0.6636088
0.6794934
0.6928857
0.6879904
0.6801613
0.6543923
0.6384327
0.6543605
0.6627185
0.6571523
0.8018678
0.8019589
0.8132741
0.8045969
0.8114839
0.805875
0.8004415
0.8066221
0.8004572
0.7976797
0.6690998
0.6647488
0.6587581
0.6581946
0.6883501
0.6519628
0.6754209
0.68066
0.668879
0.6664506
0.6702672
0.6980399
0.6690921
0.6734643
0.6562762
0.6548091
0.6551868
0.6518705
0.7925608
0.6480647
0.687101
0.6879705
0.6896044
0.6866858
0.6871211
0.6871988
0.6871988
0.6778897
0.6855325
0.6851958
0.6022698
0.6621982
0.6668315
0.6697035
0.681062
0.679862
0.679862
0.680023
0.6810239
0.6819301
0.6787889
0.6848647
0.6537274
0.670009
0.6723439
0.6810054
0.6553131
0.6738003
0.6959525
0.6656702
0.6809625
0.6793674
0.6986705
0.698893
0.6993953
0.6609836
0.6795812
0.6985376
0.6796906
0.6784847
0.6789644
0.6786466
0.6779236
0.65357
0.6529207
0.6528987
0.6517842
0.6541266
0.6525058
0.6516686
0.6525346
0.6518383
0.637424
0.6592931
0.6565914
0.6588206
0.6584106
0.6583805
0.6635689
0.6741281
0.6609572
0.6795553
0.6985376
0.7000951
0.6796906
0.6538271
0.637424
0.6592931
0.6635689
0.6741281
0.8115148
0.8169313
0.8171139
0.8109409
0.8161705
0.8149546
0.8124682
0.8179508
0.8138925
0.8091793
0.6707919
0.6577727
0.6441196
0.6579594
0.6677487
0.6533946
0.6719632
0.6896109
0.6750603
0.6668554
0.6761405
0.6763424
0.659877
0.6797407
0.6595159
0.6616699
0.648083
0.6535592
0.7912841
0.653895
0.691537
0.686948
0.6898662
0.6848013
0.6842666
0.694174
0.694174
0.6806531
0.6863352
0.6841761
0.5937555
0.6492612
0.6559622
0.685114
0.6806908
0.6816544
0.6816544
0.6818145
0.6824877
0.6830686
0.6839349
0.6929775
0.6599734
0.6589705
0.6619238
0.6843142
0.652163
0.6801636
0.665781
0.6735636
0.6680697
0.6598024
0.6864713
0.6864808
0.6872091
0.6560907
0.6816392
0.6945197
0.6720369
0.6712206
0.6713821
0.6708428
0.6706533
0.6463809
0.6445612
0.6455591
0.6445482
0.6473623
0.6453871
0.6447687
0.6451909
0.6443759
0.6227177
0.6468845
0.6459884
0.6451159
0.645823
0.6461246
0.6540891
0.6639993
0.6561755
0.6823548
0.6945197
0.6880741
0.6720369
0.6466446
0.6227177
0.6468845
0.6540891
0.6639993
0.8024139
0.8004596
0.8075378
0.802759
0.805749
0.8041282
0.7978958
0.8020588
0.7987917
0.8000883
0.6565104
0.6468371
0.6297223
0.6478444
0.663032
0.6442316
0.6568587
0.6666667
0.6594828
0.6520958
0.6574491
0.6663079
0.6704302
0.6475183
0.651594
0.6471285
0.650526
0.6320851
0.7900482
0.6371492
0.678991
0.6813818
0.6811915
0.6806274
0.6790032
0.6843911
0.6843911
0.6626984
0.6674091
0.6683463
0.5840833
0.6266417
0.6424085
0.6773743
0.659242
0.6674111
0.6674111
0.6674661
0.6680443
0.6677425
0.667853
0.6816446
0.6526632
0.6584781
0.6558376
0.6667498
0.6545848
0.6660334
0.6578201
0.6625976
0.6744625
0.6320603
0.6945797
0.6943845
0.6951005
0.6744261
0.6846327
0.6960121
0.6758197
0.6744847
0.6749676
0.6747545
0.6738124
0.6570935
0.6563534
0.6568854
0.6552209
0.6574403
0.656051
0.6561078
0.6548555
0.6553864
0.6294187
0.660362
0.65932
0.6586866
0.6593758
0.6596756
0.6627803
0.674313
0.6745054
0.6853455
0.6960121
0.695925
0.6758197
0.6573473
0.6294187
0.660362
0.6627803
0.674313
0.8071126
0.8119859
0.8190897
0.8059013
0.816352
0.8101275
0.8097077
0.8114874
0.8077401
0.8082322
0.6666667
0.6532594
0.6428689
0.6562859
0.6646882
0.6468211
0.6593961
0.6881021
0.664938
0.6581496
0.6768573
0.6697505
0.6520104
0.6651464
0.6662793
0.6536421
0.652348
0.6453626
0.7942059
0.652277
0.6858288
0.6848698
0.6867233
0.6823925
0.6815308
0.7089014
0.7089014
0.6694371
0.6791002
0.6750534
0.5906695
0.6493539
0.6554929
0.6834656
0.6737128
0.6681002
0.6681002
0.6682653
0.668843
0.6700826
0.6744665
0.6931507
0.6578335
0.6646899
0.6539491
0.68125
0.6590683
0.6711122
0.6638683
0.6624013
0.6742754
0.6678492
0.7093087
0.7097359
0.7094105
0.6766133
0.6904306
0.7039583
0.6872951
0.6861343
0.6862903
0.686506
0.6855811
0.6819648
0.6804057
0.6824034
0.6803697
0.6811218
0.6809632
0.680159
0.6803471
0.6804249
0.6516336
0.665964
0.6633219
0.6654175
0.6632678
0.6659609
0.6711708
0.6874249
0.6766917
0.6909279
0.7039583
0.7106667
0.6872951
0.6821955
0.6516336
0.665964
0.6711708
0.6874249
0.811743
0.8124633
0.8188652
0.814016
0.8215746
0.8162866
0.8104452
0.8145536
0.8138538
0.8086271
0.6921427
0.6925328
0.6779743
0.6785254
0.6937008
0.6812199
0.6960234
0.6952396
0.6912581
0.699023
0.6946674
0.70609
0.6762849
0.6908958
0.6636764
0.6683856
0.6618973
0.6541743
0.7972488
0.6644329
0.7057262
0.7091726
0.7095066
0.7084572
0.7040948
0.6964748
0.6964748
0.6877128
0.6932277
0.6953428
0.630722
0.6897252
0.6687997
0.6925761
0.6854189
0.6932988
0.6932988
0.6931367
0.6933733
0.6945885
0.6932187
0.6885246
0.6801273
0.6811276
0.6838235
0.6883934
0.6789268
0.6859605
0.6970212
0.6810669
0.6853147
0.6929917
0.70724
0.7074636
0.7071378
0.6785772
0.6896469
0.701664
0.6862934
0.6853372
0.6853878
0.6854981
0.6848885
0.6758072
0.674094
0.6765472
0.6741701
0.6769782
0.6747676
0.6740638
0.6742535
0.6739006
0.6483026
0.6603358
0.6576444
0.6597592
0.6575904
0.659869
0.6696943
0.6812319
0.6786551
0.6901453
0.701664
0.7084087
0.6862934
0.6760438
0.6483026
0.6603358
0.6696943
0.6812319
0.8138471
0.8142909
0.8193852
0.8147933
0.8234779
0.8183462
0.8089683
0.8162791
0.8135963
0.8093186
0.6929253
0.6870775
0.6729946
0.6739711
0.6895892
0.677331
0.6933936
0.6920615
0.6871415
0.6910317
0.687625
0.6978981
0.6797905
0.6870005
0.662143
0.6666389
0.6561331
0.6528337
0.7987591
0.6528213
0.7027681
0.7050858
0.7053183
0.7056169
0.7011243
0.6959022
0.6959022
0.6878702
0.6911669
0.6946627
0.6191583
0.6838878
0.6683921
0.6875153
0.6868588
0.6898487
0.6898487
0.689686
0.6897113
0.6907183
0.6889106
0.6899532
0.6761694
0.6792376
0.6779229
0.6815454
0.6726825
0.6898483
0.6973993
0.6725204
0.6795585
0.6833524
0.8051605
0.8058345
0.8055108
0.8125957
0.8135433
0.818537
0.81038
0.8101155
0.8099693
0.8102617
0.8095795
0.8098339
0.8093697
0.810517
0.8092613
0.8093803
0.8097898
0.8089425
0.8094538
0.8091457
0.8023059
0.80828
0.8073126
0.8076192
0.8076895
0.8069213
0.8025198
0.8063264
0.8126366
0.8136159
0.818537
0.8059832
0.81038
0.8099591
0.8023059
0.80828
0.8025198
0.8063264
0.8174568
0.822279
0.8277602
0.8218582
0.8211114
0.8219713
0.8229212
0.8264045
0.8224719
0.8181554
0.8133102
0.8126714
0.803027
0.8076895
0.812305
0.8018605
0.8105622
0.8144698
0.8155067
0.8094307
0.8155607
0.8068832
0.8097601
0.8008969
0.8082905
0.7997138
0.8084351
0.8105036
0.8017809
0.8047752
0.8025716
0.8023639
0.8023786
0.8019461
0.8017971
0.8045146
0.8045146
0.8088692
0.8112999
0.8086195
0.7889714
0.8061612
0.8061059
0.8119259
0.8074497
0.8147246
0.8147246
0.8147519
0.8157274
0.8176189
0.8134527
0.8211056
0.8035661
0.8112264
0.8051416
0.8053666
0.8031473
0.8148939
0.8047743
0.8098947
0.8074843
0.8131268
0.7015802
0.7010809
0.7009613
0.6647328
0.675979
0.6931546
0.6844808
0.6828777
0.6834596
0.6829327
0.6829583
0.6724433
0.6705959
0.6733894
0.6707836
0.6733894
0.671383
0.6705671
0.6709751
0.6708384
0.6420983
0.6539407
0.6527503
0.6523315
0.6510305
0.6535517
0.6614154
0.6675629
0.664815
0.6764872
0.6931546
0.7023715
0.6844808
0.6726829
0.6420983
0.6539407
0.6614154
0.6675629
0.8061975
0.807403
0.8179513
0.8069213
0.8162381
0.8054865
0.8054133
0.8111995
0.8026306
0.8020726
0.6847496
0.6776959
0.6721113
0.6671545
0.6954
0.6743153
0.6952388
0.6884733
0.6800737
0.6765131
0.6824389
0.6943971
0.6767337
0.6849416
0.6612218
0.6546036
0.6584454
0.6422111
0.8028914
0.6491303
0.7047396
0.7060103
0.7079077
0.7047673
0.7024733
0.6940862
0.6940862
0.6851822
0.6927374
0.691358
0.6101386
0.6710429
0.6658432
0.6726613
0.6845884
0.6908943
0.6908943
0.691051
0.6924576
0.6937815
0.6948479
0.692469
0.6669692
0.6757618
0.6826632
0.6853067
0.6538782
0.6840603
0.7002264
0.6751173
0.6831974
0.6877184
0.6825831
0.68206
0.6819463
0.6487894
0.668398
0.6827935
0.6693705
0.6683237
0.6683777
0.6685952
0.6674278
0.6446123
0.6425528
0.6454758
0.6427677
0.6454758
0.6433817
0.6426484
0.6428452
0.6428214
0.6261016
0.6407606
0.6383598
0.6400798
0.6378536
0.6406445
0.6546692
0.6550222
0.6488764
0.6689112
0.6827935
0.6833667
0.6693705
0.6448776
0.6261016
0.6407606
0.6546692
0.6550222
0.8026963
0.8066657
0.8151669
0.8041774
0.8106972
0.8035296
0.8012618
0.8082072
0.8018078
0.7973601
0.6729062
0.6625364
0.6515674
0.6399138
0.6796046
0.6597551
0.6728942
0.6775863
0.6695722
0.6655343
0.6774921
0.681074
0.6503263
0.6682378
0.624508
0.6460132
0.630665
0.6342085
0.7927901
0.6403209
0.680535
0.6797831
0.6815422
0.681628
0.6792468
0.6805374
0.6805374
0.6653741
0.6709444
0.6764633
0.5822438
0.6565732
0.6448215
0.6582215
0.6676852
0.6725985
0.6725985
0.6727617
0.67257
0.6733685
0.6713991
0.6792023
0.6466008
0.6576181
0.6587784
0.6628886
0.6364785
0.669687
0.6724721
0.6558171
0.6594191
0.6678486
0.8052052
0.8050044
0.8053794
0.8008639
0.8082083
0.8160381
0.8078067
0.8067503
0.8066914
0.806983
0.8072579
0.7991924
0.7991147
0.7991299
0.7984805
0.7985983
0.7991002
0.7983323
0.7987607
0.7983621
0.8021039
0.8086522
0.8072587
0.808257
0.8078936
0.8085168
0.8033634
0.8003367
0.8009076
0.8080215
0.8160381
0.8059366
0.8078067
0.799325
0.8021039
0.8086522
0.8033634
0.8003367
0.7176077
0.7110828
0.7188626
0.7215487
0.71507
0.7173197
0.7171408
0.729191
0.7143419
0.7128112
0.8126261
0.805732
0.7997667
0.800759
0.8040256
0.794635
0.8036814
0.8130889
0.8090017
0.8099662
0.8081636
0.8036469
0.8028148
0.8046088
0.8025582
0.7946442
0.8048564
0.8073476
0.6992487
0.8027609
0.8074189
0.807923
0.8080255
0.8086603
0.8056854
0.811957
0.811957
0.7982944
0.8009187
0.8015732
0.7880136
0.79936
0.8002364
0.8116711
0.797813
0.8100855
0.8100855
0.8101135
0.8107411
0.8105318
0.8088941
0.814442
0.7958804
0.804239
0.8013678
0.7990735
0.8047036
0.807196
0.8126612
0.8017824
0.8054038
0.8065634
0.7000557
0.7005888
0.7004693
0.6851598
0.7025101
0.6989905
0.6834365
0.6826768
0.6825153
0.6819871
0.6815868
0.664291
0.663372
0.6632359
0.6626863
0.6632359
0.6634006
0.663456
0.6640882
0.6638413
0.6450062
0.6619397
0.6605768
0.6613709
0.6612903
0.6613709
0.6685895
0.6752331
0.68513
0.7032054
0.6989905
0.7010611
0.6834365
0.6645383
0.6450062
0.6619397
0.6685895
0.6752331
0.8146644
0.8196027
0.8247802
0.8184323
0.8209316
0.8204294
0.8200159
0.8224779
0.8140568
0.8149738
0.6927179
0.6766429
0.6601894
0.6791905
0.6907365
0.6787009
0.6953627
0.6962389
0.6835666
0.6885298
0.6916015
0.6874949
0.6843051
0.6807481
0.6660018
0.669831
0.6680693
0.6628905
0.8001196
0.6640914
0.706541
0.7058302
0.7060626
0.7048995
0.698499
0.7100241
0.7100241
0.6946509
0.7051364
0.7025546
0.6177663
0.672253
0.6688045
0.6897563
0.6938792
0.7011624
0.7011624
0.7013155
0.7025959
0.7058918
0.7055887
0.7021225
0.6771286
0.6794391
0.6569184
0.6964446
0.6586722
0.6831061
0.6940153
0.6769762
0.6907969
0.6855956
0.6855674
0.6856821
0.6855674
0.6459144
0.6687485
0.6823917
0.6607085
0.6599443
0.6581302
0.6588988
0.6587067
0.6350188
0.6328848
0.6361959
0.6329944
0.6349366
0.6337283
0.632296
0.6336442
0.6331625
0.6190757
0.6359489
0.6346507
0.6344454
0.6348254
0.634787
0.6415625
0.6506183
0.6460023
0.6694771
0.6823917
0.6869656
0.6607085
0.6352931
0.6190757
0.6359489
0.6415625
0.6506183
0.7973074
0.8009924
0.8050922
0.8028458
0.8074249
0.8043017
0.800543
0.8036409
0.7981726
0.7988514
0.6526083
0.6356128
0.6277342
0.6520168
0.6618904
0.6352834
0.6561506
0.6588486
0.6521988
0.653366
0.65
0.6760043
0.6461706
0.6542478
0.6349435
0.6553782
0.6251169
0.6447235
0.7885934
0.6369857
0.6822874
0.684667
0.6852306
0.6834862
0.6795957
0.6904259
0.6904259
0.6486848
0.6606166
0.6576494
0.5796691
0.6429113
0.6447434
0.6649258
0.6538205
0.6767652
0.6767652
0.6769269
0.6780384
0.6790518
0.6745966
0.6778267
0.6504757
0.6484798
0.6378173
0.6744032
0.6440536
0.6601145
0.6788207
0.6467031
0.6542017
0.6633581
0.7014169
0.7023583
0.701828
0.6554863
0.6942857
0.7087295
0.6749376
0.6739236
0.6733323
0.6739781
0.6736825
0.6650086
0.6626724
0.6657117
0.6630863
0.6636334
0.6640164
0.6629757
0.6640439
0.6633598
0.6390847
0.66364
0.6622932
0.6624287
0.6625662
0.6624287
0.6675575
0.6607624
0.655571
0.6949865
0.7087295
0.7027176
0.6749376
0.6652542
0.6390847
0.66364
0.6675575
0.6607624
0.8044945
0.8032448
0.8139535
0.8072465
0.8141002
0.8074683
0.806179
0.8098638
0.8087292
0.800836
0.680112
0.674007
0.6568843
0.6801476
0.6888181
0.6739165
0.6804025
0.6980383
0.683762
0.6805456
0.693944
0.6861836
0.6623119
0.6737024
0.6517775
0.6612136
0.6749775
0.6612957
0.7947357
0.6517556
0.6850175
0.6838451
0.6849449
0.684709
0.6816991
0.7023379
0.7023379
0.6745383
0.6758215
0.6787086
0.6147026
0.6732665
0.6561958
0.6925818
0.6757531
0.6974119
0.6974119
0.6975657
0.6987438
0.6989039
0.7027809
0.7035857
0.6711756
0.6660105
0.668866
0.6903289
0.6549809
0.6796576
0.6959651
0.6756868
0.6911765
0.6783879
0.8086976
0.8086725
0.8090493
0.8061746
0.8131143
0.8230668
0.8100037
0.8092071
0.8093233
0.8089148
0.809281
0.807245
0.8060502
0.8070397
0.8063868
0.8063291
0.807011
0.8063291
0.8070254
0.8065357
0.7994348
0.8141593
0.8136527
0.8135244
0.8127206
0.81457
0.8130409
0.8000446
0.8062176
0.8129264
0.8230668
0.8094223
0.8100037
0.8073734
0.7994348
0.8141593
0.8130409
0.8000446
0.7255548
0.7217238
0.7240669
0.7264741
0.7305327
0.7290582
0.7324786
0.7357778
0.7222664
0.7271072
0.8154801
0.8105878
0.8041617
0.8045518
0.8127335
0.8000593
0.807571
0.8084399
0.8152736
0.8110478
0.8141988
0.8032243
0.8054367
0.8073457
0.8072552
0.7981099
0.8137094
0.8059971
0.7111256
0.8056886
0.8150833
0.8161237
0.8165795
0.8126967
0.8124625
0.8161014
0.8161014
0.7985991
0.8010838
0.8003924
0.7855553
0.8073457
0.8074599
0.816433
0.7994717
0.814743
0.814743
0.8147706
0.8155796
0.8151963
0.8138127
0.8210154
0.7964208
0.8034712
0.8004535
0.8060986
0.8027757
0.8138547
0.8097133
0.8094167
0.8086761
0.8108249
0.6940078
0.6943336
0.6944245
0.6470929
0.6647958
0.6865588
0.6631639
0.6620836
0.6621389
0.6618093
0.6618369
0.6282019
0.6258981
0.6278579
0.6264775
0.6279737
0.6282581
0.6265833
0.6264358
0.6266464
0.6004956
0.6162712
0.6140306
0.6155732
0.6152676
0.6158073
0.6516632
0.6520092
0.6471804
0.6655285
0.6865588
0.6950445
0.6631639
0.6284827
0.6004956
0.6162712
0.6516632
0.6520092
0.8097106
0.8062376
0.8143148
0.804628
0.8149019
0.8084269
0.8091353
0.8053357
0.8066428
0.8015278
0.6617599
0.6469577
0.6409557
0.6542845
0.6674773
0.6530261
0.6629633
0.6753057
0.6555519
0.6552876
0.6689907
0.6769269
0.6611646
0.6698588
0.6476327
0.6553231
0.6293754
0.6317536
0.7957013
0.6426199
0.6889976
0.691569
0.6915941
0.6910423
0.6859105
0.7000887
0.7000887
0.6514457
0.6625569
0.6611605
0.5862464
0.6488889
0.655141
0.6663079
0.6507273
0.6853438
0.6853438
0.6855023
0.6868127
0.689209
0.6860057
0.6725816
0.6282127
0.6492134
0.6450989
0.6702842
0.6449075
0.6562708
0.6845978
0.6493713
0.6571666
0.6828036
0.6976929
0.697915
0.6979001
0.6703511
0.6930181
0.6979754
0.6781831
0.6773985
0.6772367
0.6769181
0.6771583
0.6743488
0.6731679
0.6735709
0.6729201
0.6752993
0.6735177
0.6728133
0.67257
0.672975
0.6471463
0.6609411
0.6594648
0.6603681
0.6595205
0.6604777
0.6845605
0.6744393
0.6704315
0.6936177
0.6979754
0.6992243
0.6781831
0.6745864
0.6471463
0.6609411
0.6845605
0.6744393
0.8112343
0.8162146
0.8193119
0.810925
0.817622
0.8145033
0.8075997
0.8131052
0.8071946
0.8066403
0.6808016
0.6702076
0.6633333
0.6662604
0.691187
0.67982
0.6849829
0.6923015
0.6855025
0.6835473
0.6853483
0.6921142
0.6794012
0.6897056
0.6752059
0.6713432
0.6629743
0.6501888
0.8014755
0.6718607
0.711104
0.7105052
0.7119744
0.7102054
0.7073112
0.7003467
0.7003467
0.6831015
0.6937374
0.6905593
0.6327799
0.682097
0.6798242
0.6910701
0.686895
0.700129
0.700129
0.7001774
0.7012485
0.7023522
0.7040315
0.6933602
0.6824699
0.6753999
0.6879837
0.6883732
0.6594371
0.6825112
0.7024673
0.6766034
0.6828294
0.6867078
0.6989666
0.698568
0.6989666
0.6816313
0.7031682
0.7198626
0.6960667
0.6955793
0.6947948
0.6948016
0.6946175
0.6779181
0.6762215
0.6787716
0.6764036
0.6765137
0.6771071
0.6761905
0.6776712
0.6762432
0.6439218
0.6802022
0.678848
0.6787703
0.6776199
0.6793031
0.6813143
0.6791737
0.6817083
0.7038616
0.7198626
0.6996676
0.6960667
0.6781526
0.6439218
0.6802022
0.6813143
0.6791737
0.8066934
0.8034883
0.8124046
0.8047012
0.8113068
0.8055393
0.7958748
0.804182
0.8019831
0.7946956
0.6921548
0.6804313
0.6787236
0.6819277
0.6950619
0.6842906
0.6934538
0.6944201
0.6962366
0.6784113
0.6984064
0.6839226
0.6879116
0.6738826
0.6655602
0.6669444
0.6536508
0.6611157
0.7953251
0.6567768
0.6985193
0.6988508
0.7013973
0.6995955
0.6990771
0.6941653
0.6941653
0.6699269
0.6756801
0.6770568
0.6369811
0.6759533
0.6723969
0.7016526
0.6715779
0.689487
0.689487
0.6895374
0.6902015
0.6920578
0.6900423
0.7071286
0.6846429
0.6823128
0.6804884
0.6783597
0.6711261
0.6830779
0.7038589
0.6858075
0.6950904
0.691417
0.682992
0.6826798
0.6822453
0.6387307
0.6560132
0.6726932
0.6619637
0.6607599
0.6609262
0.6609248
0.6601798
0.6353703
0.6336885
0.6362102
0.6333362
0.6345975
0.6341896
0.6333277
0.6334122
0.6335052
0.6035858
0.613989
0.6125458
0.6122101
0.6126118
0.6131561
0.6493668
0.6360131
0.6388215
0.6565382
0.6726932
0.683884
0.6619637
0.6356459
0.6035858
0.613989
0.6493668
0.6360131
0.8040257
0.8041911
0.8109711
0.803113
0.8096688
0.8092202
0.7946588
0.8028523
0.8016999
0.7977611
0.6517187
0.6478676
0.6303437
0.6372598
0.6650053
0.6417637
0.6504159
0.6616449
0.6519737
0.6499342
0.658308
0.6695457
0.6403933
0.6396228
0.6173544
0.631914
0.6249465
0.6247311
0.7938113
0.6069135
0.6577953
0.6580163
0.6596209
0.6574502
0.6553002
0.6619883
0.6619883
0.6529604
0.6582025
0.6590263
0.5761578
0.6418151
0.6378232
0.6604184
0.6525829
0.6698771
0.6698771
0.6700423
0.6709522
0.6724167
0.6655549
0.6782993
0.6323179
0.6516178
0.6509315
0.6497376
0.6392999
0.6542072
0.6726156
0.6537201
0.6499117
0.657501
0.7007837
0.7017252
0.7016059
0.6535052
0.6901162
0.7007507
0.6810932
0.680219
0.6798454
0.6799549
0.6792362
0.6615183
0.6605866
0.6616609
0.6595727
0.6603417
0.660616
0.659571
0.6607539
0.6596269
0.6302444
0.6532745
0.6520847
0.6513347
0.6521418
0.6521097
0.6655047
0.6555
0.6535905
0.6908209
0.7007507
0.7022919
0.6810932
0.6617671
0.6302444
0.6532745
0.6655047
0.6555
0.8106932
0.8107237
0.8175715
0.8135827
0.8162055
0.8128486
0.8101045
0.8135163
0.8128175
0.8045448
0.6768244
0.6659957
0.6435155
0.6727962
0.6822034
0.669521
0.6794472
0.6869746
0.6723404
0.6735593
0.6757561
0.6832845
0.6608753
0.6717363
0.6511083
0.6681052
0.6608588
0.6580677
0.8019316
0.6461669
0.6920457
0.6922703
0.6949413
0.6934425
0.6905826
0.693508
0.693508
0.6663654
0.6745175
0.6716491
0.6111447
0.661281
0.6567559
0.6954204
0.6720545
0.6847844
0.6847844
0.6849427
0.6857166
0.6851189
0.6898174
0.6979683
0.6649378
0.6642587
0.6716025
0.6769686
0.6493928
0.6718583
0.6968987
0.6786065
0.6869227
0.6774115
0.8098735
0.8101091
0.8104789
0.802065
0.8110379
0.8202029
0.8151036
0.8143448
0.8140277
0.8139737
0.8145033
0.8064445
0.8057004
0.8065889
0.8055943
0.805888
0.8056841
0.8053617
0.8056106
0.805478
0.7989146
0.8138747
0.8130299
0.8135053
0.813143
0.8130753
0.804123
0.8047748
0.8021085
0.8107658
0.8202029
0.810668
0.8151036
0.8065717
0.7989146
0.8138747
0.804123
0.8047748
0.7190984
0.7112385
0.7252224
0.7226135
0.7208343
0.7167753
0.716092
0.7371398
0.7182368
0.7138803
0.81458
0.8159799
0.8047114
0.8070073
0.8125542
0.7998831
0.8103038
0.8141946
0.8152299
0.8117486
0.810476
0.804243
0.8011883
0.8093549
0.8032445
0.79958
0.8113332
0.8061762
0.7080656
0.8012035
0.8128551
0.8123938
0.8125831
0.8105808
0.8092027
0.8178684
0.8178684
0.8065039
0.8078767
0.80757
0.7928883
0.8094429
0.8035701
0.8166324
0.8064922
0.817575
0.817575
0.8176018
0.8184816
0.8175011
0.8161435
0.8143441
0.7965622
0.8035095
0.7971318
0.8080493
0.8067939
0.8078796
0.8117708
0.8087529
0.812229
0.8068064
0.7069197
0.7071434
0.7071242
0.6781265
0.6998097
0.7068761
0.680351
0.6798965
0.6794146
0.6793109
0.6793368
0.6871832
0.6861904
0.6876414
0.6858321
0.6880652
0.6865298
0.6856241
0.685705
0.6857813
0.6540518
0.6657463
0.6641901
0.664871
0.6647899
0.6651979
0.6951782
0.6798256
0.6782046
0.7004042
0.7068761
0.7084972
0.680351
0.6874096
0.6540518
0.6657463
0.6951782
0.6798256
0.8114087
0.8144836
0.8195761
0.8100555
0.816412
0.8166534
0.8095932
0.8147474
0.8070137
0.8095099
0.6922832
0.6872664
0.6701757
0.6771565
0.6969529
0.6838855
0.6901543
0.6979839
0.6922283
0.6898689
0.690748
0.6973546
0.6880391
0.6992888
0.676553
0.6780782
0.6722282
0.6597697
0.8035156
0.6763116
0.7183761
0.7174798
0.7194451
0.7167746
0.7145259
0.7115415
0.7115415
0.6950521
0.7051087
0.7019014
0.6350949
0.6819261
0.6819069
0.6990621
0.6989187
0.6993538
0.6993538
0.6994024
0.7006858
0.7033605
0.7058729
0.7007451
0.6946509
0.6815779
0.6933637
0.6964228
0.6614532
0.6829865
0.7097214
0.6784893
0.6867323
0.6956697
0.7103704
0.7112059
0.7104723
0.6666122
0.6908379
0.7171987
0.6878006
0.6863219
0.6862666
0.6863772
0.686614
0.6647546
0.6639479
0.6653504
0.6631518
0.6634813
0.6637562
0.6634813
0.6637839
0.6633166
0.6473754
0.6581336
0.6558618
0.6563297
0.6563605
0.6572133
0.6777553
0.6894061
0.6666939
0.6906038
0.7171987
0.7118271
0.6878006
0.6650016
0.6473754
0.6581336
0.6777553
0.6894061
0.8146889
0.8144315
0.8200449
0.8074698
0.8161013
0.8165191
0.8127412
0.8145232
0.8138213
0.8117106
0.6808904
0.6730537
0.6632703
0.6765562
0.6902556
0.6694007
0.687495
0.6892674
0.6809654
0.6705692
0.686081
0.7003718
0.6764488
0.6922701
0.6767035
0.6701933
0.6497029
0.6550683
0.8006729
0.6626567
0.7028294
0.7031616
0.7026612
0.7035899
0.6956876
0.7073818
0.7073818
0.6876931
0.6873728
0.6874694
0.6239368
0.6735991
0.6676274
0.6866928
0.6833497
0.6942504
0.6942504
0.6943001
0.6953841
0.696601
0.694065
0.6921089
0.6762944
0.6637774
0.6758717
0.7012492
0.6718198
0.6798001
0.6984024
0.6799442
0.6874288
0.6922453
0.729108
0.7299327
0.729108
0.6808614
0.703518
0.715988
0.6857396
0.6845605
0.6842916
0.6844026
0.6845349
0.6731068
0.6721271
0.6730801
0.671331
0.6731892
0.6711686
0.6713321
0.6720704
0.6711675
0.6414479
0.6616646
0.6602918
0.6609806
0.6604582
0.661091
0.6856543
0.6819215
0.6809392
0.7042164
0.715988
0.7302601
0.6857396
0.6733475
0.6414479
0.6616646
0.6856543
0.6819215
0.8163205
0.8160513
0.8227775
0.8159357
0.8164201
0.8162312
0.8131265
0.8187263
0.8181088
0.8122662
0.6988845
0.6794459
0.680925
0.6864817
0.7004461
0.6943043
0.6923753
0.7028453
0.6937261
0.6848402
0.6951786
0.7108657
0.6745841
0.6927795
0.6660814
0.6727136
0.6505761
0.6730705
0.8058529
0.6650625
0.7028609
0.7019286
0.7027972
0.7018315
0.6986614
0.7261791
0.7261791
0.6860322
0.6956486
0.6953367
0.6281433
0.6895647
0.6786271
0.6932952
0.6896326
0.7038658
0.7038658
0.7040188
0.7053015
0.7058871
0.7023229
0.6983191
0.6785803
0.67721
0.6872895
0.7026477
0.6752968
0.6827445
0.7035894
0.6823539
0.6951745
0.6904042
0.8045657
0.8048013
0.8049155
0.8014387
0.8090565
0.8188641
0.8149461
0.814185
0.8139535
0.8135544
0.8145161
0.8044291
0.8042004
0.8043014
0.8036543
0.8034201
0.8041845
0.8035083
0.8037583
0.803449
0.8010122
0.8100174
0.8092359
0.8094544
0.8090035
0.8099745
0.7986804
0.8017892
0.8014825
0.8089561
0.8188641
0.8053897
0.8149461
0.8045581
0.8010122
0.8100174
0.7986804
0.8017892
0.7161481
0.7181948
0.7263495
0.7303047
0.7314421
0.7340161
0.7279177
0.7356233
0.7175488
0.7163238
0.817154
0.8159104
0.8026124
0.80387
0.8124774
0.7977561
0.808241
0.8129999
0.8116517
0.8089213
0.806757
0.8037029
0.7976866
0.8043123
0.8082121
0.8019052
0.8116027
0.8064396
0.707961
0.8062289
0.8164529
0.8166937
0.8163581
0.8157662
0.8130827
0.8165833
0.8165833
0.8040275
0.8057591
0.803671
0.7871954
0.8043123
0.7984116
0.8142931
0.8016959
0.8068081
0.8068081
0.8068367
0.80747
0.808405
0.807287
0.8160029
0.8025223
0.8068508
0.8000747
0.8082273
0.805381
0.8090244
0.8109869
0.804149
0.810486
0.805214
0.7649282
0.7655329
0.7650215
0.7676402
0.7567711
0.7791617
0.7681029
0.7674647
0.7673136
0.7674296
0.7671678
0.7642289
0.7635048
0.7647596
0.7634204
0.7635367
0.7640655
0.763725
0.7638011
0.7634785
0.7575804
0.7558536
0.7546652
0.755652
0.7543232
0.7560307
0.7601755
0.7592438
0.7676928
0.756564
0.7791617
0.7658742
0.7681029
0.7643896
0.7575804
0.7558536
0.7601755
0.7592438
0.8241412
0.8218529
0.8276655
0.8219475
0.827129
0.8246903
0.8230076
0.8246172
0.8223894
0.8189399
0.7679442
0.7683692
0.7542888
0.7479557
0.7677405
0.755068
0.7715331
0.7643409
0.7594755
0.7589817
0.7621781
0.7663114
0.750349
0.7568403
0.7657235
0.7539002
0.7507545
0.7511281
0.8065571
0.7603055
0.7726057
0.7703976
0.7694726
0.7710806
0.7716692
0.7727342
0.7727342
0.7577086
0.763791
0.758501
0.7370578
0.7571285
0.7559739
0.7620111
0.7611871
0.768106
0.768106
0.7681415
0.7690072
0.7702486
0.7691424
0.7714177
0.7608228
0.762585
0.7559012
0.7522971
0.755754
0.7619742
0.768818
0.7694132
0.7645122
0.7509484
0.8087243
0.8088742
0.8090736
0.8041973
0.8175024
0.8176073
0.8105425
0.809667
0.810044
0.8095518
0.8101767
0.8064041
0.8063609
0.8066376
0.805724
0.8059315
0.8063443
0.8054898
0.805387
0.8056069
0.804383
0.8153522
0.8151144
0.8151603
0.8147959
0.815333
0.8083504
0.8063023
0.8042406
0.8174033
0.8176073
0.8092701
0.8105425
0.8065323
0.804383
0.8153522
0.8083504
0.8063023
0.7253054
0.7208914
0.7245339
0.7327964
0.7240775
0.730083
0.7323856
0.7407782
0.7272656
0.7244448
0.8139974
0.8089602
0.7994704
0.8053967
0.811954
0.7978472
0.8083867
0.8105633
0.813881
0.8115753
0.8109863
0.810851
0.8076207
0.8053335
0.8051501
0.8017502
0.8119449
0.8102266
0.7208911
0.8032985
0.8184845
0.818552
0.8195266
0.8156039
0.8148451
0.8140569
0.8140569
0.8010299
0.8051832
0.8038849
0.792743
0.806047
0.8122464
0.8166679
0.8025263
0.8124397
0.8124397
0.8124675
0.813362
0.8129779
0.8122167
0.8205241
0.798608
0.805399
0.8010801
0.8070386
0.8054255
0.8134063
0.8109738
0.8198923
0.813637
0.8153153
0.7389831
0.7395023
0.7390802
0.7112582
0.7078873
0.7271386
0.7153816
0.7145778
0.7137125
0.7145329
0.7141509
0.6924432
0.6914842
0.6935497
0.6908096
0.6926045
0.690871
0.69071
0.6911066
0.6907598
0.6764991
0.6938532
0.6930014
0.693345
0.6914843
0.6932408
0.7110553
0.7021327
0.7113264
0.7083727
0.7271386
0.7402637
0.7153816
0.6926646
0.6764991
0.6938532
0.7110553
0.7021327
0.8209677
0.8240976
0.8317837
0.8246814
0.8293533
0.8259714
0.8239568
0.8301156
0.8239366
0.8183662
0.7108273
0.6983377
0.6928276
0.6978497
0.7192832
0.6907134
0.7084215
0.7116187
0.7138512
0.7121567
0.7018265
0.7251661
0.7095459
0.7064868
0.6984217
0.7016875
0.6976969
0.6895119
0.8128599
0.6918657
0.7229279
0.7225489
0.7231795
0.7233738
0.7193178
0.7207272
0.7207272
0.7089981
0.7100559
0.7097832
0.6672201
0.706383
0.7026876
0.7154478
0.7056937
0.724056
0.724056
0.7240997
0.7252313
0.7282274
0.7229976
0.7226157
0.7029195
0.7067028
0.6947394
0.7121078
0.6945094
0.7098139
0.7256455
0.7087908
0.7160562
0.718522
0.810468
0.8102706
0.8108148
0.8043112
0.8087786
0.8194555
0.8085494
0.8080158
0.8079567
0.8078133
0.8078274
0.8040541
0.8037349
0.8044536
0.803188
0.8030415
0.8044248
0.8028647
0.8034686
0.8034238
0.7978058
0.8118977
0.8112122
0.811171
0.810287
0.810478
0.8035675
0.7953052
0.8043542
0.8086779
0.8194555
0.8110893
0.8085494
0.8041835
0.7978058
0.8118977
0.8035675
0.7953052
0.8100646
0.8101872
0.8202565
0.8132429
0.8172723
0.809729
0.811479
0.8215244
0.8117785
0.8080023
0.8158655
0.8100845
0.8003074
0.8075073
0.8101358
0.8057905
0.8057977
0.8086505
0.8046387
0.8052712
0.8092536
0.8086447
0.8035542
0.8033972
0.8076608
0.8006165
0.804538
0.8055286
0.8072173
0.7986237
0.8060457
0.8077953
0.806478
0.8056943
0.8042991
0.8128141
0.8128141
0.8002677
0.8039638
0.8007011
0.790905
0.8048218
0.8057464
0.821245
0.8070878
0.8105848
0.8105848
0.8106128
0.8113305
0.8109449
0.8111531
0.8180689
0.8032069
0.7994805
0.8044239
0.8053606
0.8092358
0.8030765
0.8096475
0.8018945
0.8034905
0.8046591
0.730524
0.73085
0.730524
0.7049206
0.719803
0.734566
0.7105388
0.7098101
0.7093456
0.7092535
0.7094808
0.6973137
0.6954388
0.6968675
0.6956032
0.6979133
0.6956662
0.6963439
0.6967384
0.6956592
0.6749128
0.6974436
0.6967135
0.6966409
0.6948882
0.6970567
0.7039177
0.7015982
0.7049909
0.7204814
0.734566
0.7318583
0.7105388
0.6975314
0.6749128
0.6974436
0.7039177
0.7015982
0.8289656
0.8308238
0.8413568
0.8310122
0.8393334
0.8319484
0.8273407
0.8339907
0.8290998
0.827462
0.6979456
0.6862745
0.6803734
0.6889565
0.7034079
0.685414
0.688437
0.7060036
0.692705
0.6881523
0.7001587
0.7050817
0.7011133
0.6956663
0.6887109
0.6977484
0.6990323
0.6907444
0.8135355
0.6898797
0.7170385
0.7179856
0.716572
0.7163558
0.7168815
0.7291485
0.7291485
0.7063066
0.7124261
0.7153465
0.647183
0.6768749
0.6909135
0.7237271
0.704955
0.7190089
0.7190089
0.7191557
0.7201974
0.723017
0.723132
0.7160641
0.6865331
0.7063854
0.6951259
0.7160385
0.7042118
0.7109494
0.6908646
0.7084773
0.699185
0.6913961
0.808594
0.8089153
0.808767
0.8014905
0.8139635
0.8129512
0.8074638
0.807015
0.8073902
0.8064657
0.8064798
0.8102847
0.8098263
0.8093152
0.8096315
0.8099234
0.8102429
0.8094021
0.8097358
0.80943
0.7973784
0.8090837
0.8087329
0.8090368
0.8084149
0.8090368
0.8035468
0.8036729
0.801534
0.8138647
0.8129512
0.809307
0.8074638
0.8104087
0.7973784
0.8090837
0.8035468
0.8036729
0.4997209
0.4671953
0.5160355
0.5101929
0.4996289
0.4908857
0.4952267
0.5201883
0.484388
0.4728393
0.8127923
0.8070276
0.7965396
0.7982328
0.8135032
0.8003642
0.8092906
0.8089463
0.8122531
0.8103932
0.8120355
0.8091204
0.8030908
0.7983043
0.8093762
0.8007024
0.8017732
0.8106055
0.7001693
0.8029509
0.8099734
0.8094218
0.8103143
0.8076923
0.8037411
0.8100287
0.8100287
0.7987566
0.8018185
0.7992725
0.7961121
0.8040856
0.7983895
0.8150675
0.7997924
0.8119212
0.8119212
0.8119489
0.8127478
0.8114929
0.8128354
0.8181356
0.8007099
0.8042472
0.8006684
0.8087767
0.8019773
0.8106144
0.809327
0.8100884
0.8041762
0.8112073
0.8095896
0.8098253
0.8097628
0.8030015
0.8108422
0.8121467
0.8005265
0.7995151
0.8002496
0.7993092
0.7996768
0.808596
0.807777
0.8075259
0.8077572
0.807963
0.8083718
0.8075259
0.8078615
0.8076415
0.8015228
0.8057533
0.8052109
0.805517
0.8048905
0.8056042
0.80366
0.804486
0.8030447
0.8108284
0.8121467
0.810386
0.8005265
0.8087217
0.8015228
0.8057533
0.80366
0.804486
0.4558117
0.3819236
0.468961
0.4717617
0.4311989
0.467692
0.4655836
0.4799888
0.4572807
0.4554409
0.8160092
0.8089572
0.8005839
0.8000878
0.8179987
0.8035272
0.8105377
0.8122775
0.8121352
0.8105263
0.8128617
0.8101322
0.7980332
0.7953474
0.8036618
0.802067
0.8005491
0.8033055
0.6930645
0.7997288
0.8111645
0.8094674
0.8107148
0.8081745
0.8052808
0.8104276
0.8104276
0.8041839
0.8050296
0.8015165
0.7896682
0.8043801
0.7970617
0.8086429
0.8006096
0.8172943
0.8172943
0.8173211
0.817855
0.8180884
0.8168186
0.8160525
0.8011718
0.8004733
0.8039828
0.8046491
0.8028846
0.808294
0.8108688
0.8045721
0.8051775
0.8141379
0.8115028
0.8111345
0.8115028
0.7974005
0.8061024
0.8099174
0.8141465
0.8136416
0.8136686
0.8132705
0.813284
0.802329
0.8018257
0.8034245
0.8011924
0.8013986
0.8020749
0.8012221
0.8012075
0.8016042
0.8011991
0.8113766
0.8103461
0.8105637
0.8098556
0.8111675
0.7992255
0.7963425
0.7974451
0.8066086
0.8099174
0.8122879
0.8141465
0.8024592
0.8011991
0.8113766
0.7992255
0.7963425
0.7965468
0.7930007
0.8099119
0.7975131
0.8056953
0.800132
0.8020788
0.8083972
0.7995443
0.7965078
0.8158424
0.8110265
0.8020962
0.8002045
0.8086724
0.7996204
0.8102926
0.8039588
0.8144478
0.8083081
0.8027533
0.8013963
0.8028743
0.8022721
0.8037744
0.8020935
0.8059735
0.8025288
0.8024398
0.7962278
0.8017113
0.803197
0.8028557
0.8014448
0.7992387
0.8070098
0.8070098
0.7950472
0.7958029
0.7976173
0.7911716
0.8007583
0.8011812
0.810767
0.7917601
0.8034403
0.8034403
0.8034695
0.8045475
0.8049503
0.8036509
0.8167455
0.8019978
0.7974833
0.8035622
0.8015512
0.8074886
0.8024874
0.8091225
0.8075985
0.799347
0.8063588
0.716093
0.7161164
0.7165973
0.6842063
0.7018934
0.7216495
0.698395
0.6975018
0.6969261
0.6971415
0.6972697
0.6711491
0.6701631
0.6707876
0.6694797
0.671875
0.6701892
0.6696985
0.6701073
0.6696436
0.6425309
0.6701766
0.6685398
0.6696509
0.6693522
0.6697591
0.6832463
0.6798352
0.6842826
0.7025893
0.7216495
0.7173131
0.698395
0.6713902
0.6425309
0.6701766
0.6832463
0.6798352
0.818155
0.8207224
0.827906
0.8190317
0.8233445
0.8167513
0.8140988
0.8195734
0.8142295
0.8166098
0.6857097
0.6867585
0.6685598
0.680786
0.6894817
0.6739992
0.6917329
0.6984216
0.691623
0.6841307
0.6865684
0.6946292
0.6994915
0.6895625
0.6757961
0.6791798
0.6611097
0.6554988
0.8074294
0.6708998
0.7155428
0.715052
0.716
0.7147549
0.7097008
0.6967512
0.6967512
0.6877589
0.6934974
0.6944535
0.6357678
0.6908425
0.6799837
0.6965545
0.6853529
0.6918699
0.6918699
0.69192
0.6907745
0.691569
0.6884791
0.6949098
0.6744129
0.6805148
0.6709112
0.6998296
0.6761406
0.6869657
0.7072601
0.6904413
0.6752074
0.696955
0.7154197
0.7153417
0.7157225
0.6864748
0.7061331
0.7197811
0.6988487
0.6978544
0.6980064
0.6978061
0.6974146
0.6843846
0.6821982
0.6840869
0.6826954
0.6839802
0.6833955
0.6825925
0.6833144
0.682644
0.6707307
0.6649325
0.6641346
0.6632878
0.663753
0.6644887
0.6835047
0.6960995
0.6865504
0.7068245
0.7197811
0.7169442
0.6988487
0.6846135
0.6707307
0.6649325
0.6835047
0.6960995
0.8020142
0.8018379
0.8075883
0.799455
0.8073904
0.804351
0.8033135
0.8076331
0.8021033
0.7994252
0.7066509
0.698201
0.6775155
0.6885403
0.6988744
0.6924426
0.6938516
0.7053741
0.6983876
0.6937708
0.7000476
0.7082899
0.6962711
0.6816618
0.6863547
0.6783558
0.6776122
0.6723439
0.8036952
0.6602122
0.7018749
0.6991573
0.7005503
0.7005343
0.7011736
0.7172579
0.7172579
0.68095
0.6850253
0.6788615
0.6382708
0.6796061
0.6880518
0.7076973
0.6753514
0.7069409
0.7069409
0.7070918
0.7072191
0.706346
0.705835
0.7176647
0.6768537
0.6843131
0.6803447
0.6959564
0.6919343
0.6984511
0.7024954
0.6988517
0.7022115
0.6916092
0.6920609
0.6912331
0.6914313
0.6447161
0.6737209
0.6879467
0.6749048
0.6737768
0.6738299
0.6740475
0.6732101
0.6500788
0.6489575
0.6508492
0.6483782
0.6503997
0.649329
0.6483736
0.6485698
0.648545
0.6192571
0.6423956
0.64
0.6410427
0.6398333
0.6420606
0.6562064
0.6572275
0.6448047
0.674232
0.6879467
0.6926946
0.6749048
0.6503398
0.6192571
0.6423956
0.6562064
0.6572275
0.7992507
0.7997173
0.8094507
0.7968935
0.8100703
0.7999705
0.7969719
0.8015937
0.7934976
0.7957037
0.6685343
0.6615722
0.6492125
0.6526324
0.6767913
0.6543616
0.6643089
0.6859631
0.6595155
0.6653412
0.6687281
0.6795199
0.65975
0.6529619
0.631916
0.6510152
0.6416589
0.6361083
0.785124
0.630176
0.682991
0.6850529
0.686588
0.6832196
0.681923
0.6807165
0.6807165
0.6677132
0.6800262
0.6808668
0.5894904
0.6454607
0.6563851
0.6644753
0.6720066
0.677345
0.677345
0.677507
0.6784039
0.6780066
0.6772465
0.6831393
0.6450853
0.6498831
0.6577715
0.6692461
0.6464765
0.6626516
0.6804938
0.6540074
0.6666391
0.6686508
0.7183836
0.7188086
0.7189844
0.6880954
0.7160147
0.7178206
0.7106894
0.7101678
0.710518
0.7096139
0.7097384
0.6824221
0.6801199
0.6820094
0.6806185
0.6808356
0.6813178
0.6809424
0.681557
0.6805668
0.6594215
0.6879032
0.68723
0.687365
0.687175
0.6871549
0.6887011
0.6962156
0.6880653
0.716694
0.7178206
0.7197853
0.7106894
0.6826521
0.6594215
0.6879032
0.6887011
0.6962156
0.8183218
0.8177843
0.8261836
0.8161153
0.8263112
0.8225354
0.8174466
0.8206702
0.8186944
0.8117912
0.704699
0.6945102
0.6815052
0.7001898
0.7066447
0.6854678
0.6930442
0.7137923
0.7044153
0.6991345
0.7096344
0.7048444
0.6922766
0.6943051
0.6779911
0.6893394
0.6846635
0.6806977
0.8055164
0.6795137
0.7105937
0.7150379
0.7152656
0.7139206
0.7117708
0.7159787
0.7159787
0.6891171
0.6938776
0.6918718
0.642616
0.6815063
0.6854369
0.7165129
0.6839492
0.6982668
0.6982668
0.6984204
0.6988641
0.6996535
0.7011272
0.7110019
0.6914627
0.6853215
0.6894142
0.7200509
0.6926983
0.7017966
0.705821
0.69917
0.7060422
0.6954315
0.6972236
0.696614
0.6965996
0.6542141
0.6617635
0.6877908
0.6717508
0.6706065
0.6706601
0.6702275
0.6704712
0.6463698
0.6455654
0.647804
0.6444203
0.6473531
0.6451478
0.6443015
0.644385
0.6445874
0.6218473
0.6367564
0.6340913
0.6359385
0.6336957
0.6360524
0.6535394
0.6374937
0.6542996
0.662501
0.6877908
0.6980383
0.6717508
0.646634
0.6218473
0.6367564
0.6535394
0.6374937
0.803297
0.804795
0.8141329
0.8038049
0.8141952
0.8074448
0.8021155
0.8086307
0.8034559
0.8001622
0.6565185
0.6592647
0.6461945
0.6387295
0.6708543
0.6405044
0.6693633
0.6743846
0.6621127
0.6541888
0.658119
0.6803447
0.6663906
0.6673576
0.6543075
0.6400886
0.6344168
0.6208735
0.7936532
0.6473241
0.6794766
0.6806778
0.681138
0.6801383
0.6782917
0.6805647
0.6805647
0.6647093
0.6702952
0.6724422
0.5856954
0.6496682
0.6467046
0.6689861
0.6674667
0.6812105
0.6812105
0.6814791
0.6822614
0.6825189
0.6818741
0.6806257
0.6499582
0.6485223
0.6621138
0.6702101
0.6431751
0.6635158
0.6796907
0.6525275
0.6606297
0.6642088
0.6688169
0.6683828
0.6681644
0.6263384
0.6560907
0.677999
0.6483089
0.6470295
0.6477622
0.6471957
0.6462127
0.6252324
0.6245328
0.626039
0.6232475
0.6256893
0.6238743
0.6231194
0.6234384
0.6233005
0.5965758
0.6145129
0.6133118
0.6127413
0.6132597
0.6136847
0.6387779
0.6360214
0.6264329
0.6566146
0.677999
0.6697822
0.6483089
0.6255172
0.5965758
0.6145129
0.6387779
0.6360214
0.7938098
0.7926026
0.8011054
0.79429
0.8016264
0.7937319
0.7935685
0.7948185
0.7893443
0.7884142
0.6380256
0.628469
0.6192765
0.6286913
0.65905
0.6315349
0.6478386
0.6531911
0.6413565
0.6363636
0.6531873
0.6617206
0.6333418
0.6457085
0.6141732
0.6236615
0.6115852
0.6168063
0.7800122
0.6064969
0.6694627
0.6666944
0.6699336
0.6660278
0.6635772
0.6720172
0.6720172
0.6430676
0.65142
0.6498571
0.5538976
0.6272883
0.6395486
0.6454446
0.6425435
0.6546552
0.6546552
0.6548257
0.6558681
0.6567864
0.6597025
0.6677653
0.6268542
0.6397913
0.643262
0.6506289
0.6226834
0.6453405
0.6631351
0.6477924
0.6471676
0.6560073
0.6864686
0.6866897
0.6868914
0.6395262
0.6647356
0.6811618
0.6612389
0.6600345
0.6596497
0.660199
0.6594555
0.6384615
0.637151
0.6395368
0.63657
0.6394227
0.637189
0.6364477
0.6365318
0.6366235
0.6105863
0.6322155
0.6292814
0.6299933
0.6291135
0.6310273
0.6500041
0.6418109
0.6396163
0.6652529
0.6811618
0.6877603
0.6612389
0.6387334
0.6105863
0.6322155
0.6500041
0.6418109
0.8020623
0.8014406
0.808168
0.7986121
0.8085075
0.8047528
0.7974469
0.8054984
0.7986999
0.7952896
0.664523
0.6557859
0.6488871
0.6403224
0.6746462
0.648035
0.6591892
0.6735541
0.6619191
0.6576114
0.6641639
0.6766862
0.6531347
0.6661684
0.6317002
0.6302911
0.6261611
0.6299462
0.7898392
0.6394622
0.6739436
0.6741666
0.675727
0.6723009
0.6724124
0.6767976
0.6767976
0.6609677
0.6712024
0.6706077
0.576232
0.6436413
0.6408036
0.6591232
0.6639542
0.6730801
0.6730801
0.6731341
0.6742555
0.67429
0.6746202
0.6727631
0.6422436
0.6505672
0.6588972
0.6651372
0.6390692
0.6568546
0.6718556
0.6466425
0.6513477
0.6696392
0.7088957
0.7095272
0.7088957
0.6777481
0.7030361
0.710576
0.7052972
0.7047491
0.7042823
0.704394
0.7043147
0.6818219
0.6819731
0.6814052
0.6800097
0.6810842
0.6808182
0.6804417
0.6808442
0.6799578
0.6464312
0.6871156
0.6848534
0.6864665
0.6864869
0.6867828
0.6879149
0.6869733
0.6777194
0.70373
0.710576
0.710055
0.7052972
0.6820529
0.6464312
0.6871156
0.6879149
0.6869733
0.8209963
0.8203558
0.826865
0.8175558
0.8272575
0.824228
0.8204202
0.8250018
0.8209894
0.8192483
0.6937803
0.6830183
0.6673156
0.6849491
0.6987484
0.6793789
0.6909264
0.6988537
0.6900882
0.6897045
0.7039261
0.6996044
0.6884046
0.6890572
0.6733262
0.6769256
0.679549
0.6761677
0.8011041
0.6717264
0.7020589
0.7056312
0.7060718
0.7038651
0.7009384
0.7189563
0.7189563
0.6844802
0.691828
0.6853181
0.6305053
0.6719729
0.6887792
0.7021448
0.6836693
0.6894476
0.6894476
0.6896047
0.6908012
0.6927637
0.697004
0.7075133
0.6866315
0.6772167
0.6826034
0.7082226
0.6812551
0.6992669
0.7021551
0.688869
0.7017685
0.7014793
0.6792743
0.6793875
0.6792743
0.6486733
0.674609
0.6899759
0.6676988
0.6669668
0.6660388
0.6658201
0.6663937
0.646173
0.6450264
0.6462528
0.6442195
0.6458003
0.6448348
0.6445541
0.6450912
0.6440465
0.6279852
0.6460089
0.6442044
0.6450166
0.6448264
0.6433264
0.6689184
0.646556
0.6487607
0.6753341
0.6899759
0.6801838
0.6676988
0.6464378
0.6279852
0.6460089
0.6689184
0.646556
0.8103512
0.8089788
0.8147851
0.8032232
0.8134554
0.8071345
0.8046095
0.8118964
0.8082282
0.802931
0.6406302
0.6349614
0.6271584
0.6351114
0.6452974
0.637809
0.6483996
0.657743
0.6633583
0.6371623
0.6611279
0.6780275
0.6646736
0.658504
0.6613186
0.6527508
0.6455654
0.6491272
0.8008982
0.6288971
0.6758387
0.676281
0.6768545
0.674201
0.6721135
0.678248
0.678248
0.6523738
0.664067
0.6637838
0.5901278
0.6422771
0.6397845
0.6896946
0.655602
0.6771563
0.6771563
0.6773184
0.6784333
0.6778181
0.6784743
0.6727944
0.6539393
0.6517098
0.6472721
0.6617007
0.6591022
0.6601182
0.67911
0.6622219
0.6689815
0.6645932
0.7091454
0.7099803
0.709858
0.6717849
0.6817196
0.7090981
0.6767245
0.6762537
0.676199
0.6758794
0.6752615
0.6651676
0.6631562
0.6646677
0.6635706
0.6654351
0.6632947
0.6636797
0.6629925
0.6631856
0.6373626
0.6423852
0.6410129
0.641713
0.6409597
0.6420511
0.6700981
0.6767227
0.6716491
0.6813761
0.7090981
0.7104044
0.6767245
0.6654138
0.6373626
0.6423852
0.6700981
0.6767227
0.8079947
0.8100596
0.814882
0.8131956
0.8181685
0.8137525
0.8055271
0.8154584
0.8088697
0.8066593
0.6754188
0.6692723
0.6563624
0.6643322
0.6878844
0.6647145
0.6856505
0.6935987
0.6799616
0.6744877
0.671336
0.6983922
0.6586846
0.6773717
0.6565243
0.6628208
0.6449531
0.6637845
0.8029197
0.6722241
0.7082597
0.7085912
0.7097551
0.7091201
0.7045491
0.7129615
0.7129615
0.6854937
0.6931478
0.6928317
0.6149663
0.6770457
0.6611051
0.6912195
0.6888564
0.6897113
0.6897113
0.6898683
0.6911705
0.6919639
0.6890934
0.6889697
0.6657586
0.6639756
0.6638439
0.6843271
0.6615665
0.6820111
0.7060669
0.6860313
0.6832966
0.6857863
0.804624
0.8045155
0.804624
0.795787
0.8041837
0.8096356
0.7962898
0.8001814
0.8001256
0.8000698
0.7990781
0.8030789
0.8056137
0.8069576
0.8058462
0.8052084
0.8065146
0.8053752
0.8059452
0.8059858
0.7904789
0.8009705
0.8041788
0.8039719
0.8038739
0.8035565
0.7940909
0.7956215
0.795577
0.8047497
0.8096356
0.8011793
0.7962898
0.8028689
0.7904789
0.8009705
0.7940909
0.7956215
0.7946034
0.7899446
0.7863399
0.7872175
0.8033411
0.7783304
0.7853359
0.78419
0.779011
0.7796815
0.7983333
0.8052957
0.8008601
0.7898759
0.7974261
0.7953975
0.8035887
0.7983657
0.798753
0.800774
0.8087616
0.8080922
0.8086389
0.8010886
0.8173245
0.80321
0.8010003
0.7979267
0.7899364
0.8050968
0.8123291
0.8124737
0.8124035
0.8130874
0.8125351
0.8145353
0.8145353
0.8080476
0.8126745
0.8087286
0.7989343
0.8049743
0.8045945
0.8129376
0.8072873
0.8206019
0.8206019
0.8211184
0.8215402
0.8225
0.8167795
0.8159701
0.8025186
0.8095371
0.8074569
0.7975809
0.8072373
0.8078514
0.8092928
0.8079275
0.8147167
0.811998
0.7940845
0.7941384
0.7945938
0.7864993
0.7873588
0.7989777
0.7921621
0.7961712
0.7961151
0.7961425
0.7956482
0.7866525
0.7898855
0.791279
0.7898777
0.78999
0.7905621
0.7897319
0.7900611
0.7900199
0.7755146
0.7864701
0.7900572
0.790269
0.7900014
0.7910374
0.789084
0.7818479
0.7862866
0.7878574
0.7989777
0.7901739
0.7921621
0.7867887
0.7755146
0.7864701
0.789084
0.7818479
0.7906342
0.7853354
0.7818091
0.7739574
0.7934829
0.7724663
0.7741542
0.7797968
0.7693417
0.7668304
0.7898327
0.7894626
0.7815334
0.7787579
0.785048
0.78123
0.7845915
0.7865551
0.7867042
0.7810889
0.7914145
0.8012361
0.8012061
0.7939368
0.8019781
0.7950967
0.7941302
0.8009543
0.7730817
0.7990647
0.8016223
0.8027027
0.8018646
0.8023909
0.8009691
0.8141562
0.8141562
0.7971313
0.8016008
0.7989045
0.7889353
0.8016482
0.7892297
0.807763
0.7980366
0.8034461
0.8034461
0.8039827
0.8042508
0.804297
0.8012656
0.8061977
0.8009633
0.7952756
0.7912096
0.7914719
0.7969903
0.8024499
0.8030411
0.7966186
0.8021667
0.8024351
0.8022987
0.8022718
0.802886
0.8003933
0.7946969
0.8078691
0.7971778
0.8014324
0.8011236
0.8011519
0.8009132
0.8036754
0.8079893
0.8091699
0.8078866
0.808
0.8085584
0.8076653
0.8080702
0.8080269
0.7960146
0.8061331
0.809358
0.8098984
0.8100473
0.8106435
0.7979238
0.7982845
0.8003511
0.7951062
0.8078691
0.7983187
0.7971778
0.8037992
0.7960146
0.8061331
0.7979238
0.7982845
0.7967061
0.793996
0.7964152
0.7894326
0.8055575
0.7816404
0.785211
0.7892453
0.780149
0.778638
0.8034134
0.803912
0.7979968
0.7924302
0.8018433
0.7985566
0.7976665
0.798762
0.8022406
0.8025996
0.8068221
0.8039912
0.8130499
0.807537
0.813515
0.8043323
0.8064151
0.8014979
0.7860858
0.8033187
0.8139994
0.8138106
0.8141587
0.8145952
0.8139568
0.823739
0.823739
0.8071686
0.8115014
0.8068399
0.7989979
0.8135044
0.8086498
0.814024
0.8041135
0.8185071
0.8185071
0.8190296
0.8192079
0.8201767
0.8197124
0.8149158
0.8040493
0.8067446
0.81087
0.7978929
0.8054241
0.810668
0.8148044
0.8094059
0.820443
0.8129921
0.7988866
0.7989425
0.7994788
0.788493
0.8017386
0.8054292
0.7981432
0.8022372
0.8021808
0.8019565
0.8019704
0.7979791
0.8016418
0.8024176
0.8017113
0.8011464
0.802305
0.8014009
0.8018107
0.8019375
0.7935767
0.7945938
0.7982666
0.7985627
0.7982104
0.7981393
0.7973686
0.7929618
0.7885381
0.8023125
0.8054292
0.7948862
0.7981432
0.797683
0.7935767
0.7945938
0.7973686
0.7929618
0.7931879
0.7860381
0.7796112
0.7777858
0.7921369
0.7738241
0.7846077
0.784753
0.7718499
0.776778
0.7992711
0.8032148
0.7930329
0.7968739
0.7997896
0.7928284
0.7961002
0.7997322
0.7979275
0.7928903
0.8052974
0.8115757
0.8036705
0.8095441
0.8130047
0.8059274
0.8032531
0.802829
0.7713175
0.8050921
0.8125664
0.8133853
0.8125576
0.8140045
0.8107513
0.816548
0.816548
0.8023157
0.8059278
0.8069005
0.7930612
0.8064975
0.8055143
0.8169451
0.8037416
0.8082027
0.8082027
0.808737
0.8090039
0.8104047
0.809169
0.8201228
0.8057131
0.8096613
0.8060339
0.7962003
0.8124604
0.812835
0.8227901
0.8053223
0.8149764
0.8154063
0.789929
0.789981
0.7905244
0.7874771
0.7867942
0.8002924
0.789289
0.7932027
0.7930623
0.7932584
0.7929339
0.7914702
0.7956179
0.7969893
0.7955218
0.7952944
0.7961138
0.7949549
0.7953649
0.7958322
0.7831342
0.7837743
0.787264
0.7874753
0.7876355
0.7881583
0.7836447
0.785089
0.787522
0.7870351
0.8002924
0.7861962
0.789289
0.7916022
0.7831342
0.7837743
0.7836447
0.785089
0.7933248
0.779808
0.7766617
0.7771127
0.7919396
0.7694952
0.7738138
0.7756822
0.7636967
0.7615335
0.7768426
0.7888935
0.7817656
0.7757984
0.7884993
0.7764547
0.7882921
0.7796153
0.7827339
0.7872876
0.7907498
0.798739
0.8034531
0.7963357
0.8057457
0.7918938
0.7971998
0.7971705
0.7681835
0.800329
0.8065722
0.8069681
0.8074863
0.805987
0.8043278
0.8093967
0.8093967
0.794732
0.7960484
0.7935865
0.7853908
0.8021201
0.8022611
0.8012027
0.7952884
0.8141958
0.8141958
0.814719
0.815146
0.8149521
0.8115749
0.8109633
0.7985591
0.7968838
0.7971457
0.7879288
0.7977409
0.8082048
0.8131529
0.7953237
0.8046551
0.8070175
0.7148151
0.7153446
0.7153216
0.6784034
0.7035451
0.7174835
0.7116279
0.7109035
0.7102345
0.710347
0.7098589
0.6776685
0.6767206
0.6783091
0.6760379
0.6762566
0.6759872
0.6758237
0.6762302
0.675985
0.6605618
0.6825129
0.6819137
0.6815168
0.6816455
0.6820496
0.69216
0.6780733
0.6784816
0.704241
0.7174835
0.7161462
0.7116279
0.6779041
0.6605618
0.6825129
0.69216
0.6780733
0.8192878
0.8185682
0.8264916
0.8198911
0.8279939
0.8248628
0.8194213
0.8244496
0.8217886
0.821071
0.7043801
0.6904895
0.6781591
0.6948571
0.7049051
0.6903923
0.7040019
0.7088387
0.7006092
0.6970273
0.702278
0.7052513
0.6945257
0.691354
0.6725524
0.6644037
0.6710678
0.6899288
0.8074918
0.6560806
0.6932615
0.6921003
0.6929796
0.6923203
0.6864226
0.7176762
0.7176762
0.6955888
0.6950705
0.6957122
0.6343213
0.6857798
0.6724478
0.7095502
0.6897114
0.6986379
0.6986379
0.6987923
0.6997651
0.7025562
0.7051841
0.7153302
0.6822682
0.691049
0.697083
0.6933453
0.6893188
0.703023
0.7008838
0.708548
0.7110132
0.7006297
0.6816638
0.6822812
0.6821723
0.6511022
0.6638066
0.6967251
0.6646394
0.6634028
0.6631414
0.6634548
0.6633764
0.6322503
0.6314007
0.6282921
0.6305137
0.6335909
0.6316595
0.6301735
0.6310273
0.6310061
0.6179348
0.642032
0.6404995
0.6396561
0.6393664
0.6414944
0.6564975
0.66
0.6511848
0.6645096
0.6967251
0.6830261
0.6646394
0.6325156
0.6179348
0.642032
0.6564975
0.66
0.806353
0.8059048
0.8138176
0.8032729
0.8093454
0.809753
0.8066862
0.8081395
0.8060445
0.8004649
0.6643329
0.6581815
0.6459863
0.6398221
0.6718544
0.6384939
0.6611146
0.665807
0.6505098
0.6559475
0.6659659
0.6886344
0.6708721
0.6708531
0.6646526
0.6682068
0.6477418
0.6583593
0.7908718
0.6821779
0.6956758
0.6978133
0.6984422
0.6972142
0.6914321
0.6856697
0.6856697
0.6779064
0.6937544
0.6849871
0.6286999
0.6754565
0.6559251
0.6854732
0.685565
0.6882257
0.6882257
0.6889893
0.6901354
0.6920146
0.6939505
0.6891484
0.6742817
0.6811459
0.6581026
0.6772387
0.6544369
0.6740019
0.6970848
0.6677223
0.6888354
0.6803503
0.6855317
0.6861477
0.6860376
0.6670052
0.6704466
0.7081665
0.674361
0.6731772
0.6729183
0.6733328
0.6727386
0.6352932
0.6344605
0.6318039
0.6335749
0.6367508
0.6347175
0.6333468
0.6340874
0.6339559
0.6221362
0.6534234
0.6511095
0.6511334
0.650845
0.653367
0.6650811
0.6638754
0.6670833
0.6711435
0.7081665
0.6868726
0.674361
0.6349003
0.6221362
0.6534234
0.6650811
0.6638754
0.8112606
0.8107842
0.81424
0.8055419
0.8132976
0.8073452
0.8071084
0.8066395
0.8047067
0.8026593
0.6602639
0.6583846
0.6474673
0.6466867
0.6671073
0.6403112
0.6587079
0.6628782
0.6578721
0.6573034
0.6660693
0.686397
0.6753696
0.6828294
0.6705743
0.6819724
0.6549498
0.6632686
0.8000286
0.6895574
0.7105223
0.7115326
0.7111589
0.7096601
0.7037867
0.6906968
0.6906968
0.6865521
0.7017166
0.6936748
0.6426662
0.6809696
0.6705947
0.6949771
0.6946447
0.6931324
0.6931324
0.6934845
0.6946233
0.6970002
0.6987224
0.6950223
0.6782329
0.6793042
0.6670368
0.6859608
0.661252
0.68579
0.7046436
0.6781953
0.6902765
0.6930409
0.686871
0.6876872
0.687476
0.6510581
0.6661479
0.6982437
0.668428
0.6673171
0.6667447
0.6673692
0.6664584
0.6358257
0.6348875
0.6332261
0.634113
0.6372824
0.6353631
0.6341052
0.6348441
0.6344933
0.615559
0.6477675
0.646272
0.646188
0.6451485
0.6476868
0.6531783
0.6597413
0.6511408
0.6668482
0.6982437
0.688403
0.668428
0.6359786
0.615559
0.6477675
0.6531783
0.6597413
0.8123101
0.8063788
0.8124608
0.8041664
0.8125
0.8055556
0.8072382
0.8055984
0.805427
0.801786
0.6576028
0.6647828
0.6350696
0.6463386
0.6727245
0.6451256
0.6616904
0.6740413
0.6618996
0.6589352
0.6717031
0.6925406
0.669559
0.6734163
0.6684098
0.671432
0.6491046
0.656165
0.8013694
0.6910205
0.703955
0.704372
0.7053929
0.7044806
0.6968498
0.6976025
0.6976025
0.692266
0.7020214
0.7011406
0.6332465
0.6813127
0.6637224
0.6845889
0.6973816
0.6943648
0.6943648
0.6951201
0.6960526
0.698825
0.6977248
0.6978423
0.6745372
0.6726176
0.6606176
0.6816503
0.6553533
0.6747782
0.7032467
0.6693536
0.6876506
0.6884902
0.6613118
0.6621484
0.6620457
0.6129661
0.6365807
0.6578824
0.6311246
0.6325533
0.6321738
0.6322751
0.6317562
0.6159279
0.6169016
0.6186951
0.6163435
0.6185827
0.6178458
0.6173453
0.6169762
0.6174076
0.5801628
0.6093509
0.6100992
0.6103431
0.6088053
0.6103431
0.6148933
0.6220663
0.6130604
0.6370942
0.6578824
0.6608091
0.6311246
0.6158715
0.5801628
0.6093509
0.6148933
0.6220663
0.7912349
0.789922
0.7995353
0.7944672
0.7950351
0.7948718
0.7929254
0.7942885
0.793951
0.7898103
0.6273883
0.6205986
0.6029807
0.6121556
0.6385427
0.6085403
0.6359527
0.6379159
0.6262675
0.6174227
0.6364505
0.6510137
0.6348101
0.6381515
0.6081047
0.6245989
0.6029947
0.6089117
0.7836918
0.633626
0.6547362
0.6549459
0.6550813
0.6533248
0.6498552
0.6711409
0.6711409
0.6479718
0.6591992
0.6515091
0.5622803
0.6355011
0.6334732
0.646879
0.6472713
0.65177
0.65177
0.6524732
0.6520695
0.6525152
0.6531593
0.6568394
0.6167267
0.6119941
0.6189851
0.6457189
0.6014559
0.6170492
0.6637246
0.6343126
0.6326365
0.6546831
0.6509336
0.650926
0.6501764
0.6065099
0.6462994
0.6566831
0.6352389
0.6343702
0.6336529
0.6333117
0.6337857
0.6101092
0.6091151
0.6106129
0.6079687
0.6104975
0.6098554
0.6084172
0.6088475
0.6097541
0.5925802
0.5999503
0.5985857
0.5991849
0.5969018
0.5993014
0.6276215
0.6136682
0.6066076
0.6470305
0.6566831
0.6519623
0.6352389
0.6100546
0.5925802
0.5999503
0.6276215
0.6136682
0.7853945
0.7831105
0.7917296
0.7811411
0.7927397
0.7857143
0.7842372
0.7877232
0.7802413
0.7808368
0.6379588
0.6199025
0.6036177
0.6131471
0.6448898
0.6197091
0.6297583
0.6454911
0.6345116
0.6148698
0.6384163
0.6333223
0.6236844
0.631757
0.6190436
0.6229097
0.5966939
0.6047218
0.7729497
0.6073521
0.6548838
0.6550967
0.6566534
0.6568413
0.656184
0.5832194
0.5832194
0.6315746
0.6475277
0.6472123
0.5320718
0.6244918
0.6095
0.6293417
0.6393281
0.6385948
0.6385948
0.6388775
0.6409143
0.6411413
0.6395731
0.6483205
0.6115654
0.6209005
0.6130409
0.6383645
0.6012594
0.6270235
0.6417555
0.6297521
0.6316656
0.6404219
0.6674528
0.667977
0.6681857
0.6215315
0.6433873
0.6804228
0.6445721
0.6440814
0.642943
0.6427197
0.6429659
0.6222512
0.6217875
0.6223422
0.6202096
0.6232429
0.6213783
0.6207631
0.6206191
0.6208251
0.5733154
0.6130477
0.6109746
0.6119024
0.6119476
0.6124703
0.6201802
0.6405774
0.6216238
0.6436837
0.6804228
0.6690135
0.6445721
0.6225279
0.5733154
0.6130477
0.6201802
0.6405774
0.8021852
0.8019286
0.8105752
0.8029455
0.8061728
0.8020664
0.8062196
0.8082733
0.7995452
0.7997727
0.6418208
0.6301458
0.6140379
0.6327943
0.6570933
0.6334271
0.6377494
0.6545397
0.6336134
0.6317265
0.6518636
0.6643474
0.6460206
0.6498989
0.6226649
0.626501
0.600568
0.6242569
0.795852
0.6507392
0.6581871
0.6592628
0.659506
0.655473
0.6536223
0.68662
0.68662
0.6544141
0.664673
0.6595813
0.5500654
0.6298424
0.6308369
0.6506307
0.6570832
0.6665868
0.6665868
0.6672784
0.6678364
0.6688203
0.6710474
0.6705408
0.6262709
0.6355224
0.61902
0.6580879
0.6232764
0.6334395
0.6764052
0.6468633
0.6448401
0.6561798
0.6476175
0.6484718
0.648157
0.601305
0.6315238
0.6492917
0.6093328
0.6089101
0.6084025
0.6080447
0.608077
0.5981928
0.5965483
0.598302
0.5963333
0.5999335
0.5973009
0.5965497
0.5972176
0.5972014
0.5575598
0.5727341
0.5721745
0.5718258
0.5714045
0.5727877
0.6113109
0.6205942
0.6012883
0.6322653
0.6492917
0.6487646
0.6093328
0.598144
0.5575598
0.5727341
0.6113109
0.6205942
0.7956041
0.7948681
0.804947
0.7972386
0.8000862
0.7986653
0.7941428
0.7934511
0.7911238
0.7923071
0.6098278
0.5959928
0.594034
0.6069378
0.6213435
0.5949587
0.6160273
0.6292098
0.6094998
0.6000328
0.6220709
0.6537376
0.6163715
0.62966
0.6198525
0.6141436
0.5883345
0.5797237
0.7810465
0.6106016
0.6451456
0.6438111
0.6451639
0.6415926
0.6413647
0.6598956
0.6598956
0.614418
0.6285129
0.6299516
0.5244855
0.6181999
0.61118
0.6445401
0.6230643
0.651454
0.651454
0.6522722
0.6532785
0.6531848
0.6564363
0.6450911
0.5995485
0.6120106
0.6244124
0.6296052
0.606383
0.6208687
0.6445999
0.6100608
0.6290138
0.6483082
0.6790752
0.6793917
0.6792822
0.6452469
0.6765328
0.6924804
0.6731056
0.6728419
0.6722656
0.6718479
0.672188
0.6483728
0.6466214
0.6483499
0.6471538
0.648895
0.6476383
0.6470398
0.6472298
0.6468783
0.6279391
0.6507848
0.6492872
0.6498519
0.6483693
0.6501761
0.6637945
0.6474364
0.6453325
0.6772325
0.6924804
0.6802652
0.6731056
0.6476497
0.6279391
0.6507848
0.6637945
0.6474364
0.806096
0.8033293
0.8108165
0.8034024
0.8094726
0.8053229
0.8051672
0.8093482
0.8060412
0.8040569
0.6754749
0.6543513
0.6553861
0.6600587
0.669209
0.6564983
0.6599826
0.6734662
0.6770046
0.6629947
0.6724517
0.654731
0.6698664
0.6674962
0.6631163
0.6459189
0.6600981
0.6491643
0.7905687
0.6403974
0.675008
0.6707591
0.6725962
0.6692648
0.6665861
0.6813344
0.6813344
0.6597797
0.6710831
0.6709327
0.6137925
0.6527879
0.6446536
0.6858319
0.6595453
0.6638236
0.6638236
0.6645224
0.6644419
0.6669344
0.6666131
0.6918082
0.6608521
0.6516618
0.6538462
0.6714332
0.6403359
0.6597955
0.676487
0.6669879
0.6809286
0.657447
0.6784213
0.6784268
0.6782155
0.6458899
0.6449097
0.6832365
0.6635257
0.6628026
0.6607439
0.6614826
0.6615093
0.6343999
0.633336
0.6355329
0.6325555
0.634981
0.6333738
0.6324364
0.6329606
0.6338245
0.5996702
0.6294898
0.6286429
0.6288851
0.6285922
0.6291065
0.6421279
0.6391761
0.6459746
0.6448814
0.6832365
0.6794017
0.6635257
0.634335
0.5996702
0.6294898
0.6421279
0.6391761
0.8062509
0.8041002
0.8139307
0.8042511
0.8091782
0.80607
0.8032185
0.8051865
0.8046765
0.7999858
0.657963
0.62291
0.6273752
0.6320527
0.6644469
0.6307074
0.6557635
0.6618552
0.6373416
0.6404512
0.6551615
0.6695299
0.6430655
0.6471683
0.645622
0.6469007
0.6193023
0.6329757
0.7909302
0.652057
0.6856401
0.6844056
0.6857773
0.6833715
0.680772
0.680344
0.680344
0.6682791
0.6755113
0.6719035
0.5998152
0.6504439
0.6524664
0.6618636
0.6678597
0.6696358
0.6696358
0.6696883
0.6696088
0.6701671
0.6684726
0.6722901
0.6382374
0.645426
0.6408588
0.6662397
0.6500884
0.6488839
0.6696144
0.65384
0.6584
0.6736001
0.6778223
0.6770997
0.6778223
0.6259293
0.6489753
0.6753359
0.6479968
0.6474091
0.6464858
0.6466989
0.6467273
0.6291218
0.6279032
0.6276666
0.6273384
0.6292411
0.6283933
0.627554
0.6281988
0.6285152
0.6015281
0.6059032
0.6035326
0.6048227
0.6044084
0.6051694
0.6338028
0.6283107
0.6260209
0.649704
0.6753359
0.6787111
0.6479968
0.629394
0.6015281
0.6059032
0.6338028
0.6283107
0.800551
0.7984848
0.8077797
0.7975645
0.8036345
0.8015686
0.7966065
0.8022009
0.7939316
0.7938174
0.6598273
0.6424746
0.630389
0.6403707
0.6605374
0.6340694
0.653238
0.6603473
0.6485172
0.6356546
0.6621225
0.6553402
0.6367518
0.642588
0.6376513
0.6295156
0.6014797
0.6187693
0.7900973
0.631021
0.661165
0.6596434
0.6618397
0.6606188
0.6583347
0.6751119
0.6751119
0.6436894
0.6500203
0.6538742
0.5720954
0.6341986
0.6315833
0.6488624
0.646061
0.6716071
0.6716071
0.6718725
0.6712603
0.6728875
0.6672299
0.6592515
0.6187827
0.6399641
0.6230258
0.6584613
0.6336861
0.6333059
0.6622484
0.640502
0.6518248
0.6587058
0.6922311
0.6923431
0.6926317
0.6279257
0.6548255
0.6671344
0.656407
0.6586153
0.6574016
0.6579279
0.6572149
0.6372
0.6382398
0.6408428
0.6383406
0.640625
0.6390404
0.6381151
0.6385233
0.6393745
0.6034835
0.6136309
0.6147295
0.6153098
0.6158023
0.615871
0.6379406
0.6357388
0.6280154
0.6547984
0.6671344
0.6909383
0.656407
0.6371342
0.6034835
0.6136309
0.6379406
0.6357388
0.8012143
0.7978935
0.8018709
0.7978393
0.8052676
0.8055633
0.7985906
0.8020716
0.7986866
0.7972152
0.6515759
0.6423617
0.6380612
0.6480209
0.6562917
0.6433777
0.6621001
0.6695008
0.6554043
0.6645452
0.6629959
0.6737108
0.6412263
0.6517241
0.6497707
0.6611093
0.6095591
0.6131725
0.7900505
0.6557324
0.6899485
0.6920019
0.6921278
0.6894531
0.6848338
0.6843999
0.6843999
0.6608772
0.6740053
0.66946
0.6023021
0.6597848
0.6507177
0.6644418
0.6657424
0.6725594
0.6725594
0.6731346
0.673265
0.6729828
0.6740314
0.6690246
0.6378461
0.6488946
0.6375872
0.6778216
0.6371117
0.6402646
0.6805752
0.6416222
0.6628073
0.6673779
0.6912478
0.6913599
0.6920532
0.6492846
0.6601965
0.6856768
0.6610369
0.6607256
0.6596164
0.6597206
0.659959
0.6439703
0.6420934
0.6442555
0.6423006
0.6434936
0.6432185
0.6426219
0.6429202
0.6426793
0.6237055
0.6249396
0.6229561
0.6238673
0.6233514
0.6228645
0.6569516
0.6502619
0.6493682
0.6609064
0.6856768
0.6926613
0.6610369
0.6439013
0.6237055
0.6249396
0.6569516
0.6502619
0.8134583
0.8041083
0.8161585
0.8086272
0.8131417
0.8156518
0.8042391
0.808304
0.8040932
0.8043172
0.6698062
0.6547479
0.6423062
0.6508628
0.669887
0.6473993
0.667004
0.670475
0.6648215
0.6550263
0.6639505
0.6853174
0.6716028
0.6697911
0.6628
0.6642312
0.6444588
0.6384001
0.8004162
0.6648135
0.6949735
0.694171
0.6947048
0.691416
0.6926509
0.6952559
0.6952559
0.6689355
0.68
0.6784137
0.5993622
0.6593547
0.6508966
0.6770191
0.6762942
0.6860392
0.6860392
0.6861915
0.6867309
0.6881122
0.6907854
0.2741226
0.6544436
0.6442872
0.6531745
0.6853924
0.6412016
0.6599362
0.6801357
0.6667463
0.6661107
0.6664549
0.6527017
0.6534434
0.6534496
0.6089024
0.6279613
0.6516845
0.6324711
0.6320374
0.631545
0.6316469
0.6309034
0.5976498
0.5958881
0.5974069
0.5957907
0.597873
0.5982721
0.5967071
0.59749
0.5975904
0.5706714
0.5920271
0.5907432
0.5907583
0.5912784
0.5912257
0.614596
0.6236019
0.6088845
0.6277102
0.6516845
0.6540314
0.6324711
0.5976013
0.5706714
0.5920271
0.614596
0.6236019
0.7963083
0.7915858
0.8040088
0.7921837
0.7995697
0.7981573
0.7926959
0.7936372
0.7938997
0.7921513
0.625956
0.6200064
0.6062612
0.6083224
0.6429481
0.6080882
0.6298878
0.6471057
0.6232794
0.6159133
0.6305886
0.648546
0.6251128
0.6307516
0.6196147
0.6282199
0.5906457
0.607408
0.782688
0.6197665
0.6562047
0.6546832
0.6546026
0.6541378
0.6508694
0.6679143
0.6679143
0.6244062
0.630724
0.6319359
0.5390481
0.6295173
0.6135914
0.6331753
0.6267727
0.6700318
0.6700318
0.6706125
0.6704275
0.6717248
0.6726753
0.6440473
0.6059801
0.6127039
0.6099792
0.652297
0.5970947
0.6188123
0.6460765
0.6202772
0.6262899
0.6359275
0.6836569
0.6839703
0.6838605
0.6442691
0.6631678
0.6792687
0.6712873
0.6716418
0.6708623
0.6713828
0.6710969
0.6564626
0.6555344
0.6580722
0.6558354
0.6574331
0.6572721
0.655726
0.6566595
0.6566346
0.6190901
0.6416144
0.6418089
0.6422648
0.6417577
0.6399872
0.6567763
0.6327416
0.6443541
0.6638741
0.6792687
0.6841011
0.6712873
0.656707
0.6190901
0.6416144
0.6567763
0.6327416
0.8075114
0.8067167
0.8090731
0.8031446
0.8099156
0.8142179
0.8092469
0.8072755
0.8077734
0.8067375
0.6583529
0.6483274
0.6435431
0.6463028
0.6752713
0.635012
0.6579483
0.6672675
0.6539458
0.649878
0.6691876
0.6732595
0.6633766
0.6710798
0.6610115
0.6415987
0.6410049
0.6524926
0.7924365
0.6496255
0.6663745
0.6647777
0.6662946
0.6656295
0.662534
0.6879011
0.6879011
0.6507173
0.6579935
0.6634807
0.5955783
0.6502134
0.6438907
0.6837889
0.6533804
0.6794236
0.6794236
0.679578
0.6793953
0.6801607
0.6783939
0.6772172
0.6668516
0.6522399
0.6610725
0.6709636
0.6483428
0.652017
0.6698713
0.653494
0.6666667
0.6789503
0.6743969
0.6735743
0.6736744
0.6114192
0.6268189
0.6735852
0.6347138
0.6340719
0.6327039
0.6335743
0.6325054
0.6156352
0.6135507
0.6159254
0.6136717
0.6158123
0.6151832
0.6144529
0.6151014
0.614516
0.5714166
0.6047289
0.6036376
0.6035401
0.6037025
0.6033112
0.6344232
0.6390797
0.6115143
0.6275613
0.6735852
0.6752925
0.6347138
0.6155787
0.5714166
0.6047289
0.6344232
0.6390797
0.7994265
0.7979892
0.8047529
0.797849
0.8053777
0.7972285
0.8005499
0.7995472
0.798953
0.7940633
0.6359943
0.6206564
0.6193397
0.6294543
0.6452277
0.6117293
0.6395146
0.6438815
0.6381172
0.6288429
0.6401337
0.654509
0.6290073
0.6473718
0.6133146
0.6370401
0.5941388
0.6228929
0.786713
0.6239848
0.681879
0.6808477
0.6825334
0.6802271
0.6768915
0.6840496
0.6840496
0.6317499
0.647404
0.6412912
0.5772143
0.6432153
0.6263423
0.6590182
0.6368724
0.6508319
0.6508319
0.6513216
0.6524322
0.6529875
0.660409
0.6544311
0.6184772
0.6227784
0.6205166
0.65044
0.6168362
0.6259087
0.6556483
0.6355209
0.6378208
0.6628526
0.6738335
0.6737334
0.6745562
0.6264632
0.6583622
0.6827592
0.6548707
0.654321
0.6543757
0.6540532
0.6528009
0.6188115
0.6178802
0.6175341
0.6169813
0.6205772
0.6176975
0.616743
0.6173899
0.6175966
0.5994902
0.6151417
0.6138823
0.6142392
0.6141707
0.6144647
0.6419537
0.647979
0.6265537
0.6590731
0.6827592
0.6754515
0.6548707
0.6190902
0.5994902
0.6151417
0.6419537
0.647979
0.8052819
0.8006692
0.8044473
0.7963422
0.8094765
0.8027604
0.7990535
0.7977879
0.7986406
0.7971651
0.6554298
0.633739
0.6427154
0.6343122
0.6565545
0.6347214
0.6571361
0.6624735
0.6485656
0.6371506
0.6438443
0.6593942
0.6541944
0.6568408
0.6341603
0.6430724
0.616346
0.639047
0.7932079
0.6561108
0.6779848
0.6762123
0.6778067
0.6766334
0.6739079
0.6888437
0.6888437
0.6524766
0.6637801
0.6610562
0.5942127
0.6534971
0.6312759
0.6701309
0.6523309
0.6748558
0.6748558
0.6754303
0.6754559
0.6774753
0.6777909
0.6687948
0.6415886
0.6300714
0.6492303
0.6636538
0.6431505
0.6360834
0.6737943
0.656653
0.6694359
0.6668252
0.66093
0.661033
0.6606128
0.6179684
0.6459959
0.6592756
0.6376382
0.6372265
0.6367367
0.6366197
0.6361002
0.6084669
0.6066645
0.6087315
0.6063311
0.6056245
0.6074025
0.6064313
0.6073199
0.6073022
0.5615359
0.6058251
0.6047353
0.6046378
0.6049149
0.6053259
0.6235637
0.6138258
0.6179491
0.6467218
0.6592756
0.6621091
0.6376382
0.6087564
0.5615359
0.6058251
0.6235637
0.6138258
0.7947384
0.7953926
0.8086424
0.7953574
0.8019774
0.8011323
0.7937197
0.798777
0.7948389
0.7928327
0.6313719
0.6337803
0.6155409
0.6268572
0.6459973
0.6176901
0.6363564
0.6408468
0.6280414
0.6268069
0.6402366
0.648253
0.6207039
0.6413468
0.6255358
0.6316267
0.6038804
0.6099533
0.7801756
0.6125892
0.6504854
0.6497125
0.6501781
0.6505829
0.6465237
0.6732571
0.6732571
0.6411274
0.6438168
0.6417316
0.5554399
0.6426714
0.6380721
0.6505333
0.6392909
0.6474873
0.6474873
0.6483099
0.6476822
0.6517317
0.6542275
0.6433121
0.6244975
0.6314376
0.6200826
0.6516808
0.6158159
0.6311187
0.6643183
0.6222167
0.638137
0.6511029
0.6694875
0.6694889
0.6699044
0.6160496
0.6530338
0.674279
0.6307111
0.6320374
0.6318761
0.6316469
0.6311244
0.6176687
0.618993
0.6197759
0.6185449
0.6214671
0.6194879
0.6194372
0.6204218
0.6192736
0.5860175
0.6052653
0.6071487
0.6070521
0.6067563
0.607623
0.6384136
0.6269405
0.6161435
0.6530063
0.674279
0.6682294
0.6307111
0.6176111
0.5860175
0.6052653
0.6384136
0.6269405
0.7914284
0.7884491
0.7977297
0.7908039
0.7942087
0.7903559
0.7889024
0.7899256
0.7833214
0.7880871
0.6380177
0.6144267
0.6162149
0.6289465
0.6398085
0.6288129
0.6412111
0.6523707
0.6352538
0.6323905
0.6381447
0.6430657
0.6338579
0.6388866
0.6198429
0.6310456
0.6141524
0.6179003
0.7823328
0.6295959
0.661483
0.6612657
0.662473
0.6588973
0.6541347
0.6786476
0.6786476
0.6426378
0.6517441
0.6492658
0.5427522
0.6220648
0.6162131
0.658832
0.6431233
0.652356
0.652356
0.6530629
0.6542823
0.6551641
0.6575375
0.6443747
0.6258392
0.6341958
0.6368455
0.6461651
0.6318189
0.6387694
0.6524125
0.62966
0.6336755
0.6467124
0.6590909
0.6590873
0.6596198
0.620247
0.6427433
0.6588133
0.6267634
0.6279709
0.6272543
0.6279107
0.6269417
0.6085173
0.6091291
0.6094689
0.6086813
0.6112984
0.6096336
0.6090108
0.6102378
0.610334
0.5811217
0.6080398
0.6086743
0.6089198
0.6072569
0.6097162
0.6266925
0.6214002
0.6203395
0.6434713
0.6588133
0.6584867
0.6267634
0.6081214
0.5811217
0.6080398
0.6266925
0.6214002
0.7893326
0.7916786
0.8001981
0.7910693
0.8006873
0.7980735
0.7922716
0.7936417
0.7945907
0.7895677
0.6254326
0.6123341
0.5978306
0.6193062
0.636676
0.6013946
0.6338523
0.6451767
0.6154033
0.6205203
0.6384917
0.6612026
0.6307579
0.6428803
0.6149573
0.6013627
0.6176132
0.6068718
0.7852676
0.6018573
0.6446589
0.6434373
0.6440169
0.6437622
0.6390021
0.6592711
0.6592711
0.6297081
0.6377505
0.6363044
0.5548432
0.6119267
0.6182937
0.6611987
0.6310632
0.6550727
0.6550727
0.6552361
0.6553718
0.6584075
0.655602
0.6526257
0.6328042
0.6244082
0.6234055
0.6437576
0.6291677
0.6336916
0.6444444
0.6351627
0.6376917
0.6459627
0.6626393
0.6633718
0.6632685
0.6247982
0.6417958
0.6530725
0.639844
0.6393351
0.6384136
0.6378621
0.637782
0.6113787
0.6100624
0.6126761
0.6091596
0.6099442
0.6107922
0.6104003
0.609684
0.6100082
0.6036515
0.6043195
0.6028834
0.6033579
0.601574
0.6031291
0.6352096
0.6305727
0.624889
0.6425224
0.6530725
0.6643247
0.639844
0.6116639
0.6036515
0.6043195
0.6352096
0.6305727
0.7942446
0.796361
0.8045815
0.7965742
0.8012839
0.7982493
0.7946903
0.7985281
0.7965718
0.7966294
0.6402381
0.6233392
0.6199307
0.6294811
0.6487724
0.6141318
0.6498073
0.6550336
0.6216281
0.6259096
0.6467189
0.6683843
0.6247751
0.656155
0.6323649
0.6351661
0.6172657
0.6318067
0.7738513
0.6445587
0.6667727
0.667303
0.6670114
0.6666667
0.66016
0.6729098
0.6729098
0.6418043
0.6555165
0.653501
0.5843837
0.6435612
0.6445532
0.6590237
0.6509986
0.6595643
0.6595643
0.6600463
0.660821
0.6594521
0.6626554
0.6707279
0.647564
0.6164989
0.6333578
0.6656297
0.6258858
0.6338554
0.6608098
0.6492639
0.6489891
0.6616864
0.6688525
0.6691653
0.6685406
0.6148094
0.6430442
0.6664845
0.6296593
0.6317481
0.6304872
0.6305886
0.6310586
0.6065668
0.6073983
0.6099081
0.6075242
0.6091096
0.6090454
0.6077384
0.6083922
0.6087171
0.5705069
0.5982326
0.5999836
0.5995403
0.6002789
0.6001149
0.632
0.6326171
0.6149033
0.6437693
0.6664845
0.6672896
0.6296593
0.6068565
0.5705069
0.5982326
0.632
0.6326171
0.8047337
0.7979913
0.8066755
0.8006488
0.8022229
0.8059178
0.7991115
0.8015806
0.8030986
0.7993502
0.6452454
0.6281295
0.6245482
0.6314146
0.6431571
0.6231289
0.6443234
0.658479
0.6369048
0.6332989
0.6440974
0.6686475
0.6359951
0.6615667
0.6275072
0.6426712
0.6002325
0.6007011
0.7843521
0.6518777
0.6662955
0.6673557
0.6668522
0.6665075
0.6627823
0.6767231
0.6767231
0.6542205
0.6626181
0.6635135
0.5644456
0.6460298
0.6255489
0.6649439
0.6585871
0.6645207
0.6645207
0.6653165
0.665025
0.6630305
0.6681212
0.6539624
0.6274733
0.6290231
0.6298563
0.664512
0.6243887
0.6267939
0.6564678
0.6373814
0.6345951
0.6571542
0.676189
0.6766057
0.676292
0.6258388
0.6641078
0.6695822
0.6610649
0.6602256
0.6592218
0.660489
0.6600931
0.6484313
0.6465876
0.6487329
0.6468988
0.646894
0.6477036
0.6466773
0.6475154
0.6472753
0.6091221
0.6326825
0.6314139
0.6309945
0.6320231
0.6326449
0.6414689
0.6410195
0.6259295
0.6648137
0.6695822
0.6768718
0.6610649
0.6480376
0.6091221
0.6326825
0.6414689
0.6410195
0.8041053
0.8031574
0.8086615
0.8012861
0.8078919
0.8067304
0.8017777
0.8053459
0.8039091
0.7982848
0.6628598
0.6556208
0.6422325
0.6465031
0.6682524
0.6438846
0.6577318
0.6681034
0.653196
0.6503975
0.673536
0.6617154
0.6551254
0.6627016
0.657675
0.6542132
0.6406566
0.6565965
0.7912088
0.6611744
0.680161
0.6788113
0.6813378
0.6788142
0.6785036
0.6858577
0.6858577
0.6544829
0.6668254
0.6663485
0.5862478
0.6445218
0.6553402
0.6656574
0.6604662
0.6776612
0.6776612
0.6784419
0.6785714
0.6805862
0.6806935
0.6796056
0.6513438
0.651583
0.6526638
0.6791706
0.6357299
0.6474473
0.6794285
0.672478
0.6659255
0.6619146
0.6771984
0.6779239
0.6779186
0.6415034
0.6603002
0.6757661
0.6597719
0.6592435
0.6580258
0.6579176
0.6577324
0.6285068
0.6267382
0.6287338
0.6265139
0.6297348
0.6274478
0.6272853
0.6275896
0.6272343
0.6054121
0.6203749
0.61892
0.6193878
0.6181966
0.6194999
0.6520639
0.6323411
0.6415894
0.6605894
0.6757661
0.6787982
0.6597719
0.6284444
0.6054121
0.6203749
0.6520639
0.6323411
0.8023506
0.8011546
0.8114622
0.8015834
0.8087012
0.8058526
0.7987688
0.8027721
0.7971601
0.798156
0.6625176
0.6428232
0.6309753
0.6388978
0.6719577
0.6384321
0.6593828
0.6726577
0.6524203
0.6515307
0.6665624
0.6665871
0.6497867
0.6491851
0.6435877
0.654288
0.6252659
0.6358367
0.793865
0.6404891
0.6810794
0.6806696
0.6816317
0.6807771
0.6773325
0.678687
0.678687
0.660239
0.6696506
0.6670643
0.5837719
0.6517958
0.6165531
0.6605042
0.6618257
0.6773276
0.6773276
0.6781092
0.6784475
0.6779621
0.6791127
0.671891
0.6431398
0.6462416
0.6404777
0.6765313
0.6340235
0.6436939
0.6769012
0.6557206
0.6449036
0.6671958
0.6659771
0.6658706
0.6659771
0.6626227
0.6614919
0.6902441
0.656999
0.6555877
0.6561823
0.6556403
0.654912
0.6464973
0.6456046
0.6475649
0.6447101
0.6459163
0.6455285
0.6444842
0.6445656
0.6460838
0.6155814
0.634263
0.6334311
0.6332301
0.6334908
0.6342317
0.6492609
0.6384084
0.6627035
0.6622106
0.6902441
0.6674584
0.656999
0.6464263
0.6155814
0.634263
0.6492609
0.6384084
0.7885916
0.7887704
0.7985927
0.7876459
0.7967089
0.7910469
0.7883502
0.7909637
0.787285
0.7858492
0.6588413
0.6522224
0.6291321
0.6358546
0.664975
0.640236
0.6551175
0.6621417
0.6557625
0.6564661
0.6655027
0.6570453
0.6642707
0.6427162
0.6543361
0.641289
0.6313703
0.6431453
0.7842862
0.643047
0.666343
0.6688212
0.6679871
0.6689293
0.6663427
0.6896524
0.6896524
0.6452614
0.6568532
0.6544818
0.5859402
0.6442766
0.649244
0.6775899
0.647309
0.6763103
0.6763103
0.6771042
0.6769181
0.6755737
0.6734464
0.6829017
0.664356
0.6620795
0.6445704
0.6635522
0.6472603
0.6561409
0.6668823
0.6547988
0.6677126
0.6581314
0.6923962
0.6933108
0.6925969
0.6528514
0.661471
0.6869472
0.6630409
0.6643126
0.6636314
0.6647839
0.6629222
0.6543239
0.6549889
0.6564607
0.6547562
0.6560343
0.6560863
0.6547534
0.6551532
0.6554488
0.6119342
0.6321802
0.6332158
0.6327987
0.633165
0.6337848
0.653058
0.6566835
0.6529337
0.662178
0.6869472
0.6919018
0.6630409
0.6542507
0.6119342
0.6321802
0.653058
0.6566835
0.8159141
0.8109842
0.8169994
0.8119933
0.8144228
0.8136066
0.8074686
0.8125087
0.8084181
0.8082211
0.6778078
0.6680093
0.6544268
0.6594743
0.6870252
0.6624687
0.6796184
0.6868687
0.6759488
0.6619674
0.6780107
0.6886616
0.6730587
0.6880813
0.6650466
0.6628448
0.6273935
0.6170037
0.7943441
0.6673887
0.6987578
0.7001862
0.6996041
0.6987802
0.6945267
0.6990314
0.6990314
0.6725984
0.684301
0.6837694
0.6134593
0.6691509
0.6647961
0.6712329
0.6778328
0.6935584
0.6935584
0.694317
0.6945438
0.6971273
0.6986503
0.6797595
0.6585444
0.6691078
0.667011
0.6797442
0.648666
0.6572796
0.6888785
0.6679099
0.6615519
0.6784929
0.657926
0.6574962
0.657926
0.6158437
0.6509966
0.6626212
0.6320876
0.6315406
0.630936
0.6304841
0.6307356
0.6138395
0.6120732
0.6130972
0.611853
0.6146948
0.6142892
0.6121827
0.6124938
0.6130467
0.5833682
0.6180578
0.617148
0.6167156
0.6152904
0.6176183
0.6269296
0.6378035
0.6159379
0.6509689
0.6626212
0.6589117
0.6320876
0.6137835
0.5833682
0.6180578
0.6269296
0.6378035
0.7953855
0.7972449
0.7990482
0.7969384
0.801335
0.8032114
0.7965861
0.8007818
0.7980495
0.7920034
0.6384136
0.6103886
0.6088805
0.6187378
0.63912
0.6155726
0.6291683
0.6462215
0.6288469
0.6091701
0.6436497
0.6490774
0.6341424
0.6379592
0.6354773
0.6198168
0.6233969
0.6174664
0.7767005
0.6274836
0.6476987
0.6449382
0.6470588
0.6443811
0.6453687
0.6669862
0.6669862
0.6362009
0.6460642
0.6477208
0.5527415
0.623009
0.61269
0.6526656
0.645624
0.637054
0.637054
0.6378916
0.6388096
0.6406976
0.6449988
0.6512039
0.62892
0.6272267
0.6294074
0.6460336
0.6165209
0.6381766
0.6442926
0.6355385
0.6336246
0.6455973
0.6707327
0.6714621
0.671356
0.6336952
0.6544321
0.6726167
0.6465216
0.6462569
0.6457735
0.6452282
0.644824
0.6219948
0.621081
0.6208473
0.6201829
0.6235438
0.6207854
0.6201715
0.6219413
0.6225954
0.5956902
0.617085
0.61561
0.6165297
0.6145452
0.6163046
0.6332077
0.6484897
0.6337836
0.6549357
0.6726167
0.6722689
0.6465216
0.6219354
0.5956902
0.617085
0.6332077
0.6484897
0.7963416
0.7944823
0.8074787
0.8019501
0.7996849
0.8014965
0.7984573
0.8031385
0.7953931
0.7954513
0.6550964
0.6401902
0.628615
0.640367
0.6660936
0.6404432
0.650666
0.6633095
0.6532169
0.6445464
0.6623254
0.6694996
0.6543923
0.6579032
0.6294079
0.6527092
0.6176374
0.6392281
0.7922388
0.6519404
0.6809216
0.6827999
0.6829288
0.6820764
0.6788483
0.6733999
0.6733999
0.6615727
0.6779754
0.6725012
0.5873191
0.6573651
0.6548256
0.6662151
0.6668786
0.6598128
0.6598128
0.6606172
0.6612865
0.6583039
0.6625909
0.6718381
0.633599
0.6375465
0.6379914
0.6697233
0.6313049
0.6470304
0.6676759
0.6553441
0.6545149
0.6744021
0.6802042
0.6809251
0.6802042
0.6518817
0.6721515
0.693525
0.6590357
0.6602987
0.6604574
0.6605613
0.6598506
0.6454256
0.6475704
0.6490599
0.6464767
0.6486293
0.6478188
0.6461477
0.6464437
0.6466363
0.6182613
0.6349156
0.6368282
0.6371766
0.6350336
0.6366323
0.647403
0.6537005
0.6519643
0.6726412
0.693525
0.6790342
0.6590357
0.6447096
0.6182613
0.6349156
0.647403
0.6537005
0.799814
0.8051801
0.8107145
0.8017041
0.805666
0.808878
0.807808
0.810264
0.8022117
0.8017612
0.6711097
0.6578045
0.6484695
0.6496131
0.6758136
0.6418597
0.6701757
0.6701248
0.6568704
0.6641293
0.6672638
0.680998
0.6685122
0.6822708
0.6548516
0.6628224
0.6376121
0.6466032
0.7930638
0.6674679
0.7015168
0.7007282
0.7011539
0.6983153
0.6978171
0.6890258
0.6890258
0.6673247
0.6766114
0.6730299
0.6087715
0.668278
0.6692895
0.6791414
0.6734179
0.6841982
0.6841982
0.6848651
0.6850954
0.6848286
0.6846268
0.682494
0.6511237
0.6532951
0.663909
0.6821974
0.6485513
0.6646061
0.6968709
0.6759631
0.6746874
0.6796961
0.6658003
0.665905
0.6663255
0.6210801
0.6293876
0.6613018
0.6345582
0.633581
0.6334195
0.6330802
0.6333306
0.6093287
0.607069
0.6112028
0.6076567
0.6094821
0.6091878
0.6086777
0.6083003
0.609891
0.600033
0.6030209
0.602029
0.6028527
0.6024404
0.603083
0.6344855
0.6275924
0.6211726
0.6301315
0.6613018
0.6667451
0.6345582
0.6096178
0.600033
0.6030209
0.6344855
0.6275924
0.7994377
0.7968705
0.8065655
0.7969095
0.8063617
0.7993612
0.7957005
0.7992171
0.7937268
0.7948187
0.6433466
0.6385504
0.6272294
0.6267184
0.6533924
0.6238057
0.6432832
0.6499442
0.6509054
0.621458
0.6494157
0.6600835
0.6475682
0.6504611
0.6358647
0.6399147
0.6104241
0.6125646
0.7905288
0.6391889
0.6725375
0.6719049
0.6725664
0.6751831
0.6706343
0.6633021
0.6633021
0.6440884
0.6536326
0.6505051
0.569105
0.6372325
0.62838
0.6478028
0.6493979
0.6725523
0.6725523
0.6733429
0.672947
0.6734012
0.6735084
0.6622084
0.6271728
0.634642
0.6147711
0.6630741
0.6232753
0.6407735
0.6665866
0.6266052
0.6519497
0.6580319
0.6999389
0.7003514
0.7002367
0.6616583
0.6864179
0.6833449
0.6748971
0.6765004
0.6759324
0.6763469
0.6757536
0.6546563
0.6544673
0.6571156
0.6556244
0.6581807
0.6579135
0.6550874
0.6563418
0.6559968
0.6325171
0.6478495
0.6490324
0.6493774
0.6489809
0.6502338
0.6594157
0.6615566
0.6616328
0.6863937
0.6833449
0.6987282
0.6748971
0.6545829
0.6325171
0.6478495
0.6594157
0.6615566
0.8160017
0.8112342
0.8224979
0.8121589
0.8177656
0.8186366
0.8123778
0.8158262
0.8127493
0.8112216
0.6745681
0.6456674
0.6521053
0.6584388
0.6856594
0.6598666
0.6727062
0.6699765
0.6734236
0.6591655
0.6649202
0.6883015
0.6653953
0.6898734
0.6665604
0.6830579
0.6488678
0.6637924
0.8049129
0.6790861
0.7012413
0.7014589
0.7026901
0.7017694
0.697227
0.6969697
0.6969697
0.6759711
0.6850665
0.6830914
0.6126193
0.6548736
0.6587712
0.6788051
0.6782876
0.7007978
0.7007978
0.7014475
0.7021737
0.7040359
0.7019365
0.6892269
0.6653712
0.6605839
0.6673559
0.6796807
0.6649497
0.6691997
0.6965829
0.68062
0.6908525
0.6884261
0.6846952
0.6848064
0.6844899
0.6548199
0.6714881
0.6933437
0.6728458
0.6714286
0.6712707
0.6716913
0.6711929
0.6542647
0.6526638
0.653942
0.652646
0.6529677
0.6532368
0.6532926
0.6529398
0.6528068
0.6180954
0.6468473
0.6460859
0.6460006
0.6453815
0.6443676
0.6573721
0.646076
0.6549026
0.672193
0.6933437
0.6860583
0.6728458
0.6538677
0.6180954
0.6468473
0.6573721
0.646076
0.8061541
0.8025276
0.811798
0.8053305
0.8113194
0.8118735
0.809197
0.8088987
0.8016694
0.800357
0.6657215
0.6478772
0.6322935
0.6497243
0.6670605
0.6465503
0.6626743
0.6813092
0.6678176
0.6507306
0.6710433
0.6622623
0.6611371
0.6634724
0.6471213
0.6409496
0.6562601
0.6425762
0.7929175
0.6422489
0.6796016
0.6784489
0.6778416
0.677713
0.6751761
0.6920895
0.6920895
0.6631646
0.6643132
0.6697093
0.5575129
0.6551333
0.6502909
0.6788757
0.6563485
0.6741196
0.6741196
0.6742775
0.6749382
0.6764518
0.6785629
0.687446
0.6541973
0.658425
0.6582545
0.6700981
0.6560561
0.6807769
0.6774914
0.6639298
0.6675738
0.6604168
0.6783304
0.6786435
0.6787404
0.6509509
0.6518823
0.6783363
0.6579175
0.6566398
0.656694
0.6570098
0.6567188
0.6358822
0.6346107
0.6363563
0.634164
0.6345968
0.6358582
0.634817
0.6356677
0.6349859
0.6091072
0.6232805
0.6222923
0.6226461
0.6223533
0.6227574
0.648283
0.649679
0.6510338
0.6525992
0.6783363
0.6796139
0.6579175
0.636145
0.6091072
0.6232805
0.648283
0.649679
0.8023597
0.7992022
0.8024935
0.8021854
0.8053066
0.8013105
0.7992943
0.8013423
0.7975212
0.7992788
0.6654716
0.6537437
0.6413026
0.6494267
0.6647151
0.6442453
0.6547992
0.6697664
0.6564874
0.6503183
0.6587376
0.6639605
0.6454992
0.6529383
0.6349336
0.6439437
0.626733
0.6245072
0.7890094
0.6578288
0.6678594
0.6667994
0.6678864
0.66733
0.6657366
0.6732548
0.6732548
0.6668513
0.6706161
0.6680412
0.5954141
0.65499
0.6412939
0.6620404
0.6664286
0.6709422
0.6709422
0.6712047
0.6712307
0.671682
0.6692588
0.6592622
0.6408104
0.6447938
0.6286696
0.662774
0.6357825
0.6514909
0.6770093
0.6388709
0.6613635
0.6653184
0.6780769
0.6789048
0.6780769
0.6341189
0.6559123
0.6845197
0.6425213
0.6419141
0.6418627
0.6413131
0.6417767
0.6452025
0.6439875
0.6454925
0.6436486
0.6473368
0.6446745
0.643752
0.6443767
0.6447886
0.6041872
0.6177328
0.6172739
0.6165052
0.6173362
0.6154911
0.6458996
0.6361156
0.6340973
0.656627
0.6845197
0.6787513
0.6425213
0.6454574
0.6041872
0.6177328
0.6458996
0.6361156
0.8046651
0.8080386
0.8128806
0.8051325
0.8108185
0.8105418
0.8079652
0.8063197
0.8037858
0.8055281
0.6423688
0.6353072
0.6368139
0.6274273
0.6387426
0.6237488
0.6400413
0.6495944
0.6334238
0.6417413
0.6597987
0.6674891
0.6400876
0.6699515
0.6379943
0.6479915
0.6254194
0.6437444
0.7949939
0.6505052
0.6743356
0.6763354
0.6780372
0.6754977
0.6720229
0.6849713
0.6849713
0.6659259
0.6741174
0.6746044
0.5856016
0.6468305
0.6497515
0.6677019
0.667938
0.6697124
0.6697124
0.6705042
0.6706359
0.6714047
0.6686565
0.6636277
0.643186
0.6427996
0.6440499
0.6622543
0.6338452
0.6396725
0.6720165
0.644448
0.6649964
0.6727287
0.6959834
0.696298
0.696184
0.6533355
0.6599905
0.6854576
0.6622047
0.6616856
0.6605744
0.6611028
0.6607058
0.6482577
0.6468413
0.6487766
0.6466099
0.6487766
0.6474179
0.6467138
0.6482061
0.6476397
0.6384004
0.6442109
0.6427885
0.6433544
0.6430629
0.6435715
0.6652792
0.6604758
0.6534181
0.6605975
0.6854576
0.6975729
0.6622047
0.6481866
0.6384004
0.6442109
0.6652792
0.6604758
0.8073729
0.8120706
0.815865
0.8094802
0.8148542
0.8128639
0.8102903
0.8157581
0.8096547
0.8038938
0.6733645
0.6518723
0.6591554
0.6673465
0.6798293
0.6585674
0.6660935
0.6897485
0.6748952
0.6714363
0.6728352
0.6913793
0.6692136
0.6842977
0.6589391
0.6682194
0.6467119
0.6500284
0.7974592
0.6721338
0.6975381
0.697247
0.6984921
0.6943944
0.6920418
0.6863393
0.6863393
0.6688637
0.6800694
0.6744942
0.6118992
0.6701458
0.6602329
0.6919097
0.677085
0.6732878
0.6732878
0.6738664
0.6739976
0.6765546
0.6794902
0.6817219
0.6766472
0.654982
0.6576004
0.668748
0.656708
0.6704798
0.7038103
0.6637848
0.6790815
0.6774372
0.6923669
0.691976
0.692065
0.6437755
0.6545871
0.6668494
0.656282
0.6573327
0.6565369
0.6575971
0.6561362
0.642005
0.6418631
0.6427194
0.6422888
0.6442447
0.6430982
0.6425012
0.6434538
0.6435397
0.6226812
0.6292252
0.6299251
0.6303875
0.6302054
0.6306081
0.6514204
0.6486444
0.6438608
0.6551969
0.6668494
0.6911686
0.656282
0.6422628
0.6226812
0.6292252
0.6514204
0.6486444
0.7974665
0.7957752
0.799122
0.7979576
0.7996848
0.7981021
0.795985
0.7962449
0.7990641
0.7894248
0.6484412
0.6374255
0.6254531
0.6433349
0.6690586
0.6431925
0.6512453
0.6668237
0.6539006
0.643841
0.6561539
0.6738734
0.6584253
0.6751623
0.6461102
0.6543939
0.636526
0.6331506
0.7918866
0.6641665
0.6838872
0.6808813
0.6826749
0.6817177
0.6755513
0.6936403
0.6936403
0.6744993
0.6897924
0.6881459
0.5966182
0.654826
0.6581966
0.676082
0.6816073
0.6823261
0.6823261
0.6828942
0.6825047
0.6829595
0.680366
0.6714736
0.6404985
0.6417634
0.6413547
0.6692467
0.6502408
0.656285
0.67407
0.6599151
0.6558572
0.6650763
0.6981016
0.6982162
0.6982017
0.6798971
0.6912705
0.7147402
0.6749376
0.6739556
0.6741106
0.6735926
0.673098
0.6857654
0.6858258
0.6861001
0.6842475
0.6850738
0.6854354
0.684046
0.6855626
0.6857388
0.6436174
0.6605274
0.6598403
0.6594415
0.659046
0.6601834
0.6816453
0.6820445
0.679869
0.6912467
0.7147402
0.6994799
0.6749376
0.6853723
0.6436174
0.6605274
0.6816453
0.6820445
0.8033199
0.8005725
0.8047936
0.8039785
0.8072143
0.8167448
0.8064061
0.8087976
0.8066021
0.8036979
0.6899046
0.6766027
0.6694305
0.6793685
0.6883868
0.6624695
0.683085
0.6887443
0.6787982
0.6809825
0.6915434
0.7030849
0.6879171
0.6765826
0.6749423
0.6711033
0.6657901
0.6597988
0.7940324
0.6775615
0.7046427
0.7010221
0.7057909
0.7015368
0.703164
0.7092133
0.7092133
0.6772717
0.6932688
0.6865906
0.6205094
0.6648259
0.6763894
0.6929467
0.6908735
0.6937466
0.6937466
0.6945096
0.6940228
0.6957066
0.6971402
0.7083782
0.6737167
0.6924574
0.6777161
0.6812123
0.6789345
0.6831457
0.7004914
0.6839158
0.6816893
0.6840988
0.688474
0.68899
0.6887775
0.6725525
0.6647607
0.7078686
0.6732835
0.6727116
0.6717247
0.6720375
0.6727898
0.6602969
0.6590711
0.6605359
0.6588366
0.6605359
0.6595255
0.6577693
0.6592334
0.6593145
0.6271994
0.6423688
0.6409396
0.6416134
0.6417565
0.6421557
0.6573206
0.6655679
0.6725256
0.6654662
0.7078686
0.6896022
0.6732835
0.6601152
0.6271994
0.6423688
0.6573206
0.6655679
0.8087806
0.8094126
0.8142298
0.8069237
0.8120215
0.811647
0.8066489
0.8090314
0.8070126
0.8008208
0.6758369
0.6573262
0.649553
0.6471662
0.6788948
0.6562943
0.669232
0.6729162
0.675613
0.6696941
0.6712905
0.6799842
0.663506
0.6620855
0.6502181
0.6522725
0.6485443
0.6457337
0.7919769
0.6580546
0.6860017
0.6843556
0.6864487
0.6852916
0.6864333
0.6984534
0.6984534
0.6578338
0.6654748
0.6616896
0.6115317
0.6649657
0.6628313
0.6817609
0.659634
0.6856807
0.6856807
0.6859362
0.6864759
0.6884745
0.6849756
0.6826277
0.6644413
0.6642104
0.6623771
0.6671726
0.6546182
0.6591327
0.6834108
0.6720856
0.6913186
0.6687277
0.6296086
0.6303695
0.6299424
0.6639468
0.68034
0.7039791
0.6805491
0.6800063
0.678815
0.6797493
0.6781176
0.6556239
0.6553301
0.6558468
0.6536918
0.6569232
0.6552526
0.6537968
0.6550646
0.6549318
0.6314339
0.6502667
0.6492
0.6490077
0.6491481
0.6503038
0.6804678
0.6624663
0.6640266
0.6810352
0.7039791
0.6313025
0.6805491
0.6558711
0.6314339
0.6502667
0.6804678
0.6624663
0.7935273
0.7971474
0.8067876
0.8025754
0.8019445
0.8016923
0.7989738
0.798556
0.7980419
0.792232
0.6628301
0.6652297
0.6517623
0.6590044
0.6800904
0.6494377
0.6678686
0.6766852
0.6785353
0.666144
0.6718198
0.6302521
0.6811376
0.6646043
0.6552088
0.6643475
0.6564363
0.6593389
0.783871
0.6647178
0.6939787
0.6943001
0.6936043
0.6932776
0.6880095
0.692108
0.692108
0.6716275
0.6775089
0.6819838
0.616984
0.668776
0.6632033
0.684873
0.6761829
0.692719
0.692719
0.6934863
0.6937156
0.6938679
0.6925378
0.7049358
0.6679179
0.6686292
0.6660777
0.6507497
0.6713081
0.6671999
0.6892276
0.6758027
0.6848667
0.6782174
0.6927521
0.6928648
0.6932553
0.6756715
0.7096065
0.6999312
0.6830495
0.6822139
0.6824681
0.6825742
0.6820868
0.6751662
0.674137
0.6759812
0.6735849
0.6763967
0.6744734
0.6742121
0.6737695
0.6746799
0.6562475
0.6680987
0.6673468
0.6666405
0.6676081
0.667373
0.6755894
0.6706868
0.6757474
0.7101713
0.6999312
0.6941591
0.6830495
0.6753947
0.6562475
0.6680987
0.6755894
0.6706868
0.8121307
0.8091186
0.8101159
0.8059533
0.8140903
0.8116938
0.8085331
0.8071413
0.8116614
0.8060123
0.6806651
0.674253
0.6703854
0.6696638
0.6880677
0.6617682
0.6800278
0.676241
0.6835823
0.6750561
0.6823038
0.6941278
0.6899546
0.6809753
0.6835253
0.6781024
0.6673022
0.6920906
0.8022254
0.6722588
0.6945639
0.6944749
0.6959275
0.6928443
0.6939767
0.72413
0.72413
0.686385
0.6960883
0.6986312
0.626659
0.6853323
0.671169
0.7068792
0.691875
0.6844714
0.6844714
0.6846245
0.6841319
0.6853119
0.6856266
0.7020506
0.6886579
0.675246
0.6903661
0.6934181
0.6985898
0.6950327
0.6909747
0.6952076
0.6895177
0.6900539
0.68838
0.6882886
0.6888872
0.6427427
0.6576392
0.6941176
0.6672156
0.6668241
0.6661416
0.6664566
0.6653267
0.6455331
0.6442083
0.6461514
0.6437596
0.645825
0.6448966
0.6446268
0.6448162
0.6443568
0.6286985
0.6368147
0.6350177
0.6363563
0.635296
0.636137
0.6587251
0.6663521
0.6428285
0.6583537
0.6941176
0.6896127
0.6672156
0.6457883
0.6286985
0.6368147
0.6587251
0.6663521
0.8097686
0.8069265
0.8121314
0.8114149
0.8133475
0.8104538
0.8100492
0.8135188
0.8151732
0.8077873
0.6799132
0.6504694
0.660925
0.657849
0.67
0.6512052
0.6717753
0.6852398
0.6700156
0.673162
0.6810425
0.6858874
0.6723549
0.6806258
0.6597781
0.6483337
0.6337844
0.6540418
0.7943432
0.6603697
0.683928
0.686633
0.6863472
0.6858089
0.6810263
0.6946225
0.6946225
0.6726294
0.6894366
0.6884024
0.6054969
0.6694821
0.6687
0.6714684
0.6787266
0.6891871
0.6891871
0.6897498
0.6900823
0.6903342
0.68962
0.6780633
0.6615016
0.6566795
0.6575772
0.6896905
0.6594759
0.6731912
0.6924886
0.6696144
0.6652586
0.6851939