0.8180034
0.8059828
0.7985982
0.8121263
0.8265228
0.8192636
0.7965417
0.8026687
0.7973021
0.8037
0.8039681
0.790235
0.7837107
0.8091174
0.7908267
0.7919202
0.7869998
0.7960406
0.7881308
0.7991131
0.7947651
0.787186
0.7941114
0.788781
0.7940844
0.7928491
0.7885456
0.7870298
0.7905315
0.7951323
0.7956276
0.7948449
0.7897607
0.7945534
0.795799
0.7942982
0.7937875
0.7950779
0.7953823
0.7956724
0.7958838
0.7942422
0.7941426
0.7840966
0.7839239
0.7885264
0.7873396
0.783659
0.7885977
0.7888291
0.7866751
0.7894515
0.7845115
0.7836532
0.7843026
0.7877135
0.7879067
0.7847454
0.7867876
0.7862688
0.8025348
0.7986374
0.8011909
0.800729
0.8011487
0.8000983
0.803735
0.8043053
0.8038488
0.8022555
0.8070212
0.8004208
0.8066564
0.8002103
0.8055478
0.7999016
0.8002525
0.7992281
0.7993264
0.7993543
0.7996633
0.7993264
0.7993966
0.7991999
0.8003646
0.7993264
0.7840569
0.7892615
0.786934
0.7840553
0.7824449
0.7855976
0.7886219
0.7844877
0.786695
0.7848858
0.7907256
0.7863733
0.7846
0.7885092
0.8073797
0.8031809
0.7949821
0.8077601
0.8189456
0.8065611
0.7985011
0.8075464
0.7967095
0.7954529
0.8025442
0.791605
0.7848461
0.8045231
0.7905785
0.7909001
0.7890586
0.7938355
0.7878831
0.7969135
0.7929817
0.7902659
0.793353
0.7904053
0.7925554
0.793447
0.7932318
0.7892588
0.7930986
0.7953905
0.7958853
0.79138
0.7903671
0.7927699
0.7935925
0.7925141
0.7923436
0.793466
0.7925743
0.7942317
0.793933
0.7927992
0.7923582
0.7809077
0.7806475
0.7855483
0.7832113
0.7782057
0.7846492
0.7851416
0.7830016
0.785533
0.7807136
0.782281
0.7818907
0.7878938
0.7848164
0.7806024
0.783177
0.7849815
0.7940099
0.7886058
0.7933343
0.7932055
0.7965149
0.7929015
0.7979351
0.7947906
0.7996491
0.7955089
0.7977931
0.7965411
0.7956513
0.7890122
0.7960448
0.7940595
0.7942523
0.7897229
0.7898233
0.7897639
0.7902508
0.7898233
0.789894
0.7897788
0.7901915
0.7898233
0.7845869
0.7847158
0.7845335
0.7813771
0.7855625
0.7858663
0.7862298
0.7862201
0.7869617
0.7833393
0.7852487
0.7846591
0.7837453
0.7893733
0.8066341
0.8020041
0.7943919
0.8072689
0.8182964
0.8057305
0.796729
0.8056298
0.7941697
0.7947825
0.8009658
0.7902566
0.7833914
0.8038544
0.7894885
0.789373
0.7877934
0.7924875
0.7870436
0.79557
0.7915459
0.7890031
0.7922644
0.7888037
0.7911187
0.7919359
0.7921439
0.7881648
0.7917491
0.794045
0.7945408
0.7902059
0.7889259
0.7914193
0.7922436
0.791163
0.790992
0.792117
0.7912212
0.79314
0.7925847
0.7914488
0.7910068
0.7806631
0.7804028
0.7854779
0.7829672
0.7779601
0.7844056
0.7850706
0.7825872
0.7852056
0.7804687
0.7816901
0.7813857
0.7873079
0.7846591
0.7807917
0.7830195
0.7849968
0.7930889
0.7877629
0.7924129
0.7922838
0.7955984
0.7919785
0.79702
0.7937861
0.798736
0.79459
0.7968772
0.795624
0.7947328
0.7876557
0.7951264
0.7927966
0.7933319
0.7884534
0.788554
0.7884942
0.7889824
0.788554
0.7886248
0.7885092
0.7889227
0.788554
0.7833049
0.7830906
0.7828218
0.7798257
0.7845445
0.7845017
0.784611
0.7847724
0.7851731
0.7818804
0.7836266
0.7834648
0.7823731
0.7879324
0.8073933
0.8027699
0.7949104
0.8070163
0.819041
0.8049696
0.796729
0.8051253
0.7941697
0.7947825
0.8007979
0.7897447
0.783478
0.8036836
0.7887225
0.7886006
0.787024
0.7917197
0.7862735
0.7948048
0.7907766
0.7882353
0.7914995
0.7880366
0.7903488
0.7911717
0.7913796
0.787396
0.7909804
0.7932787
0.7937751
0.7894404
0.7881536
0.79065
0.7914752
0.7903933
0.7902222
0.7913486
0.7904506
0.7923729
0.7918168
0.7906796
0.790237
0.7798818
0.7796212
0.7847075
0.7821881
0.778744
0.7836282
0.7849844
0.781813
0.7844341
0.7796864
0.7809097
0.7806042
0.7865344
0.7838817
0.78001
0.7822409
0.7842173
0.7928335
0.7875053
0.7921574
0.7920282
0.7953443
0.7917226
0.7968508
0.7936161
0.7984828
0.7943352
0.7966233
0.7953698
0.7944781
0.7874841
0.7948718
0.7925408
0.7930767
0.7882819
0.7883826
0.7883227
0.7888111
0.7883826
0.7884534
0.7883377
0.7887513
0.7883826
0.7825251
0.782312
0.7820431
0.7790407
0.7837684
0.7837242
0.7838355
0.7839966
0.7843985
0.7810984
0.7828494
0.782686
0.7815912
0.7871602
0.8066341
0.8020041
0.7943919
0.8072689
0.8182964
0.8057305
0.796729
0.8056298
0.7941697
0.7947825
0.8009658
0.7902566
0.7833914
0.8038544
0.7894885
0.789373
0.7877934
0.7924875
0.7870436
0.79557
0.7915459
0.7890031
0.7922644
0.7888037
0.7911187
0.7919359
0.7921439
0.7881648
0.7917491
0.794045
0.7945408
0.7902059
0.7889259
0.7914193
0.7922436
0.791163
0.790992
0.792117
0.7912212
0.79314
0.7925847
0.7914488
0.7910068
0.7806631
0.7804028
0.7854779
0.7829672
0.7779601
0.7844056
0.7850706
0.7825872
0.7852056
0.7804687
0.7816901
0.7813857
0.7873079
0.7846591
0.7807917
0.7830195
0.7849968
0.7930889
0.7877629
0.7924129
0.7922838
0.7955984
0.7919785
0.79702
0.7937861
0.798736
0.79459
0.7968772
0.795624
0.7947328
0.7876557
0.7951264
0.7927966
0.7933319
0.7884534
0.788554
0.7884942
0.7889824
0.788554
0.7886248
0.7885092
0.7889227
0.788554
0.7833049
0.7830906
0.7828218
0.7798257
0.7845445
0.7845017
0.784611
0.7847724
0.7851731
0.7818804
0.7836266
0.7834648
0.7823731
0.7879324
0.8066341
0.8020041
0.7943919
0.8072689
0.8182964
0.8057305
0.796729
0.8056298
0.7941697
0.7947825
0.8009658
0.7902566
0.7833914
0.8038544
0.7894885
0.789373
0.7877934
0.7924875
0.7870436
0.79557
0.7915459
0.7890031
0.7922644
0.7888037
0.7911187
0.7919359
0.7921439
0.7881648
0.7917491
0.794045
0.7945408
0.7902059
0.7889259
0.7914193
0.7922436
0.791163
0.790992
0.792117
0.7912212
0.79314
0.7925847
0.7914488
0.7910068
0.7806631
0.7804028
0.7854779
0.7829672
0.7779601
0.7844056
0.7850706
0.7825872
0.7852056
0.7804687
0.7816901
0.7813857
0.7873079
0.7846591
0.7807917
0.7830195
0.7849968
0.7930889
0.7877629
0.7924129
0.7922838
0.7955984
0.7919785
0.79702
0.7937861
0.798736
0.79459
0.7968772
0.795624
0.7947328
0.7876557
0.7951264
0.7927966
0.7933319
0.7884534
0.788554
0.7884942
0.7889824
0.788554
0.7886248
0.7885092
0.7889227
0.788554
0.7833049
0.7830906
0.7828218
0.7798257
0.7845445
0.7845017
0.784611
0.7847724
0.7851731
0.7818804
0.7836266
0.7834648
0.7823731
0.7879324
0.8066341
0.8020041
0.7943919
0.8072689
0.8182964
0.8057305
0.796729
0.8056298
0.7941697
0.7947825
0.8009658
0.7902566
0.7833914
0.8038544
0.7894885
0.789373
0.7877934
0.7924875
0.7870436
0.79557
0.7915459
0.7890031
0.7922644
0.7888037
0.7911187
0.7919359
0.7921439
0.7881648
0.7917491
0.794045
0.7945408
0.7902059
0.7889259
0.7914193
0.7922436
0.791163
0.790992
0.792117
0.7912212
0.79314
0.7925847
0.7914488
0.7910068
0.7806631
0.7804028
0.7854779
0.7829672
0.7779601
0.7844056
0.7850706
0.7825872
0.7852056
0.7804687
0.7816901
0.7813857
0.7873079
0.7846591
0.7807917
0.7830195
0.7849968
0.7930889
0.7877629
0.7924129
0.7922838
0.7955984
0.7919785
0.79702
0.7937861
0.798736
0.79459
0.7968772
0.795624
0.7947328
0.7876557
0.7951264
0.7927966
0.7933319
0.7884534
0.788554
0.7884942
0.7889824
0.788554
0.7886248
0.7885092
0.7889227
0.788554
0.7833049
0.7830906
0.7828218
0.7798257
0.7845445
0.7845017
0.784611
0.7847724
0.7851731
0.7818804
0.7836266
0.7834648
0.7823731
0.7879324
0.8113566
0.8098865
0.8035118
0.8177054
0.8252886
0.8195977
0.7975265
0.8090833
0.7954818
0.7954158
0.8039188
0.7958082
0.7866308
0.811588
0.7967911
0.7934269
0.7940332
0.7975279
0.7962407
0.7979748
0.7947328
0.7966599
0.7988823
0.7956974
0.7943083
0.7993026
0.7980863
0.7929633
0.7960346
0.798905
0.8001543
0.7969153
0.7940845
0.7962169
0.7973723
0.7957935
0.7957935
0.7969925
0.7961972
0.7979216
0.7973723
0.7962455
0.7958078
0.7871784
0.7869212
0.7897799
0.7890349
0.7859721
0.7906287
0.791029
0.7892965
0.7881535
0.7869073
0.7879409
0.788331
0.7922215
0.7919898
0.7879966
0.7916432
0.792262
0.7962625
0.7912258
0.7963496
0.7959685
0.7978268
0.7947365
0.7973893
0.7965316
0.7988498
0.7985132
0.7983441
0.8009654
0.7988224
0.7908617
0.7993831
0.7955521
0.7967565
0.7919955
0.7920953
0.7925472
0.7925206
0.7920953
0.7921657
0.7919662
0.7924621
0.7920953
0.788177
0.7898377
0.7870881
0.7830048
0.7887085
0.7897005
0.7905634
0.7913233
0.7897555
0.7869399
0.7911268
0.7902132
0.7875177
0.7930064
0.8073837
0.804786
0.79934
0.8074279
0.8200787
0.8153944
0.8011054
0.8058657
0.7938437
0.7979776
0.8071329
0.7923941
0.7824034
0.804086
0.7968717
0.7946865
0.7959643
0.7984616
0.7975856
0.8022125
0.7959111
0.7973315
0.798637
0.7979671
0.7954851
0.7990602
0.7998597
0.7944675
0.7968772
0.7999295
0.7995767
0.799776
0.7950895
0.7973154
0.7983057
0.7968905
0.7968905
0.7980939
0.7976376
0.7989418
0.7984753
0.7973441
0.7969048
0.7901305
0.7898731
0.7940722
0.7917346
0.7885804
0.7935867
0.7944983
0.790701
0.7927078
0.7899482
0.7900376
0.7899148
0.7964558
0.7939261
0.7897501
0.7940885
0.7949755
0.7959155
0.7910194
0.7971076
0.7968099
0.7979136
0.7960843
0.7981522
0.7972906
0.7980946
0.7986038
0.7985185
0.7992109
0.7983217
0.7915102
0.7991399
0.7974988
0.7964977
0.791194
0.7912945
0.7917494
0.7917228
0.7912945
0.7913654
0.7911644
0.7916637
0.7912945
0.788556
0.7912532
0.7902128
0.7837065
0.7927718
0.7918883
0.7922353
0.7930839
0.7908261
0.7872265
0.7926303
0.7912883
0.787721
0.7938348
0.8096414
0.8072349
0.7992711
0.8106034
0.8228149
0.8179207
0.7948209
0.8029073
0.7886503
0.7926907
0.7966411
0.7864572
0.7799672
0.8021169
0.7910699
0.7913954
0.7900626
0.7947543
0.7917808
0.7948591
0.7926235
0.7899923
0.7952839
0.7916608
0.7921968
0.7948682
0.7932996
0.7875326
0.7924848
0.7961384
0.7967176
0.7932268
0.791375
0.7939454
0.7946819
0.7935197
0.7935197
0.7947253
0.7939223
0.7954898
0.7948519
0.7939745
0.7935343
0.7846045
0.7843457
0.7868956
0.7853492
0.7809653
0.7866109
0.7873592
0.7850395
0.7839689
0.7832053
0.7849386
0.784811
0.7896747
0.7884111
0.7834399
0.7869491
0.7892756
0.7929721
0.7908127
0.7945919
0.7942938
0.7944656
0.7927139
0.7967365
0.794944
0.7969322
0.7960864
0.7965935
0.7959327
0.7966519
0.788222
0.7976375
0.7942982
0.795848
0.7917549
0.7918549
0.7917961
0.7922811
0.7918549
0.7919255
0.7917255
0.7922225
0.7918549
0.7830081
0.7848676
0.7825252
0.779787
0.7839909
0.7851562
0.7860379
0.7851673
0.7848792
0.7817559
0.7854865
0.7836877
0.7829435
0.7878123
0.8066341
0.8020041
0.7943919
0.8072689
0.8182964
0.8057305
0.796729
0.8056298
0.7941697
0.7947825
0.8009658
0.7902566
0.7833914
0.8038544
0.7894885
0.789373
0.7877934
0.7924875
0.7870436
0.79557
0.7915459
0.7890031
0.7922644
0.7888037
0.7911187
0.7919359
0.7921439
0.7881648
0.7917491
0.794045
0.7945408
0.7902059
0.7889259
0.7914193
0.7922436
0.791163
0.790992
0.792117
0.7912212
0.79314
0.7925847
0.7914488
0.7910068
0.7806631
0.7804028
0.7854779
0.7829672
0.7779601
0.7844056
0.7850706
0.7825872
0.7852056
0.7804687
0.7816901
0.7813857
0.7873079
0.7846591
0.7807917
0.7830195
0.7849968
0.7930889
0.7877629
0.7924129
0.7922838
0.7955984
0.7919785
0.79702
0.7937861
0.798736
0.79459
0.7968772
0.795624
0.7947328
0.7876557
0.7951264
0.7927966
0.7933319
0.7884534
0.788554
0.7884942
0.7889824
0.788554
0.7886248
0.7885092
0.7889227
0.788554
0.7833049
0.7830906
0.7828218
0.7798257
0.7845445
0.7845017
0.784611
0.7847724
0.7851731
0.7818804
0.7836266
0.7834648
0.7823731
0.7879324
0.8072817
0.8024867
0.7950538
0.8079148
0.8187675
0.8063786
0.7973815
0.8060227
0.7945671
0.7950959
0.8012735
0.7908239
0.7840529
0.8042532
0.789629
0.7895147
0.7879343
0.7926287
0.7871845
0.7957111
0.7916873
0.7891439
0.7924051
0.7889444
0.7912601
0.7920764
0.7922844
0.7883057
0.7918904
0.7941861
0.7946819
0.7903464
0.7890675
0.7915606
0.7923849
0.7913043
0.7911334
0.7922582
0.7913628
0.7931959
0.792726
0.7915901
0.7911482
0.7813256
0.7810655
0.7859607
0.7836282
0.7786254
0.7850653
0.7857295
0.7830721
0.7856891
0.7811321
0.7823521
0.7820485
0.7879646
0.7853188
0.7814546
0.7836801
0.7856583
0.7937403
0.7884193
0.7930646
0.7929357
0.7962468
0.7926313
0.7974986
0.7944366
0.7993823
0.7952401
0.7975253
0.7962729
0.7950433
0.7883119
0.7957761
0.7932787
0.7939829
0.7891089
0.7892094
0.7891498
0.7896374
0.7892094
0.7892802
0.7891647
0.7895779
0.7892094
0.7839664
0.7837512
0.7830504
0.7804913
0.785203
0.7851615
0.7849249
0.7854308
0.7858306
0.7825436
0.7842859
0.7841256
0.7830364
0.788588
0.8049179
0.8012843
0.7926785
0.8054748
0.8168191
0.8040094
0.7958197
0.8040865
0.7929074
0.7935171
0.7999157
0.791805
0.7852866
0.8027099
0.788129
0.7873977
0.7860785
0.7905343
0.7853247
0.7938049
0.7895858
0.7876388
0.7908307
0.7876112
0.7891558
0.7903317
0.7906254
0.7863665
0.7897913
0.792101
0.7925999
0.7889351
0.7870357
0.7894587
0.7903741
0.7892007
0.7890286
0.7901611
0.7892565
0.7911909
0.7906317
0.7894886
0.7890436
0.7792468
0.778985
0.7842693
0.7815624
0.7765279
0.7835294
0.7841112
0.781363
0.7839943
0.7790498
0.7802787
0.7799714
0.7861004
0.7832632
0.7795495
0.7820504
0.7837722
0.7919972
0.7864713
0.7914041
0.7914454
0.7946908
0.7909665
0.7956936
0.7927839
0.7976728
0.7935059
0.7958895
0.7945457
0.793735
0.7863643
0.7940448
0.7915307
0.7922418
0.787166
0.7872673
0.7872068
0.787698
0.7872673
0.7873384
0.7872219
0.7876377
0.7872673
0.7826832
0.7817741
0.7815042
0.7791006
0.7832372
0.783105
0.7833049
0.7834662
0.7837838
0.7812522
0.7823144
0.7821492
0.7810486
0.786643
0.6532387
0.634251
0.6684873
0.6912004
0.6688747
0.6747999
0.7920869
0.7980749
0.7926933
0.7957836
0.7924914
0.7923613
0.7754474
0.8011725
0.6512792
0.6489135
0.6562036
0.6588291
0.6471004
0.6615481
0.651797
0.6537078
0.6543461
0.6475159
0.651797
0.6585594
0.6547517
0.6520479
0.6568827
0.6540217
0.6542063
0.6541947
0.6520164
0.6574859
0.660166
0.6586437
0.6576965
0.659196
0.6602886
0.6587756
0.6588005
0.6579608
0.6568804
0.6639919
0.6633671
0.6719772
0.6646399
0.6650833
0.66542
0.6651083
0.6697255
0.67101
0.6629985
0.6629476
0.6599624
0.6684284
0.6649513
0.6626863
0.6631045
0.6667969
0.6618739
0.6539882
0.6610408
0.6627381
0.664875
0.6609825
0.6580473
0.662581
0.6677045
0.6612979
0.6651068
0.666485
0.658888
0.656054
0.6612966
0.6574568
0.6597027
0.6543627
0.6541784
0.6542812
0.6542841
0.6541784
0.655102
0.6553646
0.6544926
0.6541784
0.6594311
0.6639121
0.6578721
0.6576074
0.6626647
0.6576513
0.6645919
0.6675989
0.6579894
0.6582706
0.6634466
0.6583875
0.6572888
0.6670036
0.6526459
0.6337492
0.6688564
0.6900372
0.6680871
0.6738123
0.791714
0.7978761
0.7925784
0.7954126
0.7924621
0.7920771
0.7744501
0.8008011
0.6515412
0.6477893
0.6563598
0.6577234
0.6473639
0.6604454
0.6511041
0.6538642
0.6539757
0.647779
0.6511041
0.6573547
0.6546976
0.6522046
0.6557738
0.6529069
0.6530918
0.6542458
0.6513241
0.6563776
0.6590624
0.6575375
0.6565887
0.6580908
0.6591837
0.6576697
0.6576944
0.6568535
0.6557712
0.6641477
0.663523
0.6724377
0.6647958
0.6650312
0.6655758
0.6652641
0.6701873
0.6714715
0.6631546
0.6631037
0.660119
0.6685839
0.6651072
0.6628424
0.6632605
0.6669531
0.6608791
0.6531928
0.6600454
0.6617452
0.6638859
0.6599859
0.6569412
0.6615877
0.6667186
0.6603021
0.6641168
0.6654979
0.6575729
0.6549451
0.6603006
0.6567703
0.6587047
0.6532505
0.653066
0.6531687
0.6531719
0.653066
0.6539912
0.6542541
0.6533805
0.653066
0.6588521
0.6632343
0.6572928
0.6570261
0.6629249
0.6568604
0.6643319
0.6670294
0.657621
0.6580063
0.6628732
0.6577029
0.6568126
0.6662258
0.6525383
0.6337492
0.6688564
0.6900372
0.6680871
0.6739165
0.7917999
0.7978761
0.7925784
0.7954981
0.7925472
0.7920771
0.7743623
0.8008869
0.6515412
0.6477893
0.6564647
0.6577234
0.6473639
0.6604454
0.6511041
0.6538642
0.6541866
0.647779
0.6511041
0.6574594
0.6550133
0.6523101
0.6557738
0.6529069
0.6530918
0.654456
0.6513241
0.6563776
0.6590624
0.6575375
0.6565887
0.6580908
0.6591837
0.6576697
0.6576944
0.6568535
0.6557712
0.6641477
0.663523
0.6724377
0.6647958
0.6650312
0.6655758
0.6652641
0.6701873
0.6714715
0.6631546
0.6631037
0.660119
0.6685839
0.6651072
0.6628424
0.6632605
0.6669531
0.6608791
0.652981
0.6600454
0.6617452
0.6638859
0.6599859
0.6567305
0.6615877
0.6667186
0.6603021
0.6641168
0.6654979
0.6575729
0.6547339
0.6603006
0.6565593
0.6587047
0.6530388
0.6528542
0.6529569
0.6529601
0.6528542
0.6537797
0.6540426
0.6531687
0.6528542
0.6586418
0.6630257
0.6570824
0.656815
0.6627164
0.6568604
0.6641239
0.6668221
0.657411
0.6577956
0.6626647
0.6574924
0.6566014
0.6662258
0.6522954
0.6359298
0.6693568
0.6877765
0.6774547
0.6730573
0.7924716
0.7985423
0.7941863
0.7977034
0.7915962
0.7975623
0.7768004
0.8029275
0.6485533
0.6443299
0.6511719
0.6543181
0.6451004
0.6584197
0.6494788
0.6480201
0.6526819
0.6476452
0.6494788
0.6542824
0.6516114
0.6478353
0.6515092
0.6489412
0.6488067
0.6512684
0.6460674
0.653389
0.6550287
0.6542365
0.653495
0.6550043
0.6560976
0.6545812
0.6550287
0.6538673
0.6526739
0.6557428
0.6550047
0.6725146
0.6558625
0.6554754
0.6567574
0.6580226
0.6697517
0.6696001
0.6544112
0.655102
0.6528171
0.6605411
0.6579649
0.6579978
0.6533595
0.6594909
0.6505084
0.6491283
0.6535953
0.6550993
0.6539942
0.6522561
0.6570196
0.6536708
0.6580144
0.6518349
0.6579092
0.6554134
0.652475
0.6515307
0.6522561
0.6550531
0.6502207
0.6502521
0.650067
0.6503822
0.6501733
0.650067
0.6509961
0.6512598
0.6503822
0.650067
0.6634367
0.6647705
0.6621917
0.6618373
0.66778
0.6604069
0.6688644
0.6673143
0.6623022
0.6619707
0.6648245
0.6619773
0.6596312
0.6665111
0.6343024
0.6234477
0.6670633
0.6670086
0.6519028
0.6530694
0.7919926
0.7973059
0.789941
0.7938078
0.7943537
0.7943058
0.7762103
0.8020312
0.6362556
0.6277818
0.6368538
0.6381453
0.6327212
0.633955
0.6313176
0.6406546
0.6368617
0.6346764
0.6306595
0.6433589
0.6385895
0.63301
0.63603
0.63098
0.6318276
0.6367525
0.6329762
0.6381673
0.6402769
0.6394682
0.6390349
0.63993
0.6410256
0.6410114
0.6394108
0.6388756
0.6375448
0.6514209
0.6507836
0.6594338
0.6513241
0.6499803
0.6524376
0.6501025
0.6581796
0.66
0.6493291
0.6461843
0.6431065
0.6528652
0.6492932
0.6522047
0.6493373
0.6543259
0.6372979
0.6313095
0.6361246
0.6387497
0.6383808
0.638535
0.6371385
0.6376085
0.6401018
0.6360447
0.6382606
0.6406895
0.6350726
0.6282051
0.6352753
0.6324636
0.6342885
0.6287454
0.6285554
0.6290956
0.6286653
0.6285554
0.629514
0.6297838
0.628766
0.6285554
0.6541975
0.6558844
0.6526357
0.6492602
0.656
0.6501736
0.6571115
0.6601501
0.6542415
0.6554628
0.6538371
0.6532556
0.6482933
0.661744
0.6355201
0.624827
0.6681423
0.6681868
0.6531506
0.6542041
0.7926561
0.7978656
0.7906104
0.7944661
0.7949186
0.7919916
0.774392
0.8026663
0.6373323
0.6291226
0.6379297
0.639438
0.633814
0.6352688
0.6326417
0.6417146
0.6381548
0.63576
0.6319866
0.6444077
0.6398737
0.6341019
0.6373321
0.632306
0.6331498
0.6378276
0.6341833
0.6394601
0.6415603
0.6407551
0.6403237
0.6412147
0.6423074
0.6422912
0.6406981
0.640165
0.6388403
0.6525457
0.6519112
0.6605177
0.6524505
0.6511116
0.6535594
0.6512341
0.659269
0.6610827
0.6504641
0.6473323
0.6442688
0.6539849
0.6504289
0.6533271
0.6504717
0.6554437
0.6384854
0.6325229
0.6373164
0.6399303
0.6395625
0.6397175
0.6383266
0.6387941
0.6412776
0.6372378
0.6394444
0.6418619
0.6362697
0.6294315
0.6364721
0.6336736
0.6354887
0.6299697
0.6297804
0.6303185
0.6298898
0.6297804
0.6307349
0.6310037
0.6299904
0.6297804
0.6553131
0.6569908
0.6537557
0.6503982
0.6571049
0.6513054
0.6582111
0.6612375
0.6553531
0.6565736
0.6549511
0.6543743
0.6494357
0.6628251
0.6373626
0.6249898
0.6674598
0.6672978
0.652952
0.6546527
0.7912041
0.796609
0.7882043
0.7935355
0.7939146
0.7938674
0.7752294
0.8014169
0.6363348
0.6276416
0.6360679
0.6381165
0.6318218
0.6334881
0.6316169
0.639012
0.6370494
0.6334551
0.6308494
0.6420446
0.6378053
0.6317842
0.6358921
0.6312795
0.6321268
0.6357511
0.6321811
0.6381385
0.6400318
0.6394395
0.6390061
0.6399013
0.6409971
0.6409828
0.6393821
0.6388469
0.6375159
0.6509687
0.6503309
0.6588858
0.6511903
0.6511225
0.651773
0.6508199
0.6589883
0.6608073
0.6490882
0.6474399
0.6443687
0.6524136
0.6490521
0.6518589
0.6490965
0.6538735
0.6369432
0.631061
0.6358782
0.6385044
0.6378103
0.6383978
0.636023
0.6369285
0.6398568
0.635798
0.6375807
0.640445
0.6349346
0.6280654
0.6351373
0.6323247
0.6339321
0.6284959
0.6283058
0.6288462
0.6284157
0.6283058
0.6292648
0.6295347
0.6285165
0.6283058
0.6555468
0.6567012
0.6537736
0.6504071
0.6567106
0.650146
0.6574002
0.6608567
0.6544256
0.6568103
0.6542328
0.6537584
0.649549
0.6617176
0.6396709
0.6292409
0.6757566
0.6779369
0.6643695
0.6599952
0.79172
0.8013708
0.7942093
0.792676
0.7968805
0.8012023
0.7849829
0.8023597
0.6467306
0.6410726
0.6471236
0.6506947
0.6443323
0.6502412
0.6422725
0.6491711
0.6484252
0.6451791
0.6425961
0.6500432
0.6460714
0.6449401
0.6474405
0.6461404
0.6465415
0.6490305
0.6475475
0.6498657
0.6509829
0.651038
0.6506119
0.6514912
0.6516277
0.650959
0.6510894
0.6503474
0.6491464
0.6583647
0.6576287
0.6672852
0.658592
0.6555704
0.6584333
0.6584352
0.6691381
0.6695
0.6553512
0.6559359
0.6529101
0.6606402
0.657746
0.6612436
0.6562009
0.6594841
0.6460065
0.6393351
0.6471983
0.64957
0.6485633
0.6484072
0.6456338
0.6473797
0.652931
0.6467004
0.6472822
0.6495659
0.6444532
0.641457
0.6470169
0.6419998
0.6434631
0.64199
0.6418029
0.6421203
0.6419107
0.6418029
0.6427439
0.6430101
0.6421203
0.6418029
0.6615493
0.6634135
0.6597793
0.6582567
0.6642501
0.6555573
0.6638872
0.6675222
0.6605218
0.6619663
0.6633648
0.6607157
0.6574103
0.6666148
0.6504637
0.6337195
0.6686194
0.6849187
0.6687963
0.6682438
0.7916134
0.7986273
0.7922216
0.7931697
0.7898899
0.8020935
0.7775872
0.8015584
0.6520413
0.6459406
0.652756
0.6568535
0.6456334
0.659683
0.6541549
0.6529941
0.6537377
0.6492356
0.6534131
0.6568038
0.6503414
0.6513323
0.6555355
0.6518174
0.6510454
0.6519017
0.6492738
0.6554001
0.6584046
0.6562451
0.6554001
0.6570105
0.6579981
0.6567996
0.6561911
0.6558768
0.654687
0.6684787
0.6677545
0.6745544
0.6654979
0.6658364
0.6665888
0.6693855
0.6712888
0.6748174
0.6642751
0.6667185
0.6636484
0.6704184
0.6691285
0.6694626
0.6654206
0.670459
0.6500828
0.6414121
0.6513696
0.6523484
0.6533595
0.6507686
0.6509887
0.6525057
0.6587507
0.6518349
0.655167
0.6552022
0.6503508
0.6447046
0.6522561
0.6494235
0.6503271
0.6442703
0.6440839
0.6445078
0.6441912
0.6440839
0.645021
0.6452863
0.644615
0.6440839
0.6671862
0.6686092
0.6642768
0.6626751
0.6645644
0.6598826
0.6701023
0.6706202
0.6641762
0.6639575
0.6676247
0.6616635
0.6631974
0.6645372
0.637213
0.6249898
0.6691142
0.6698846
0.6538278
0.6555203
0.7938991
0.7979941
0.7907438
0.7947682
0.7961458
0.7922078
0.7752376
0.8026222
0.6390924
0.6314696
0.6394762
0.6415274
0.6359108
0.6377019
0.6346476
0.6436773
0.6391655
0.6374181
0.6339947
0.6458301
0.6409872
0.6359826
0.6396446
0.6342047
0.6350458
0.6396943
0.6362913
0.641765
0.6442863
0.643055
0.6426253
0.6435127
0.6446045
0.644585
0.6429985
0.6424669
0.6411476
0.6550051
0.6543732
0.6627224
0.654913
0.6535779
0.6560175
0.6533846
0.6610642
0.6630805
0.6529347
0.6498152
0.6467666
0.6564408
0.6527952
0.6558904
0.6522012
0.6577977
0.6412226
0.6343094
0.6399493
0.6425522
0.6419704
0.6425576
0.6407413
0.6415288
0.6440035
0.6397653
0.641856
0.6442619
0.6386928
0.6310084
0.6392194
0.6353503
0.6381308
0.6315454
0.6313566
0.6318935
0.6314657
0.6313566
0.6323084
0.6325767
0.6315664
0.6313566
0.6591318
0.659224
0.6574711
0.6541454
0.6605891
0.6549345
0.6618951
0.6646986
0.6587401
0.6603862
0.6586565
0.6566194
0.6521294
0.6663821
0.6510163
0.6352115
0.6692186
0.6854595
0.6692882
0.669365
0.7921627
0.7993228
0.7923408
0.7939716
0.7901852
0.8000139
0.7759138
0.8020811
0.6522621
0.6465013
0.6529752
0.6573777
0.6458726
0.6606179
0.6546881
0.6532126
0.6541647
0.6494644
0.6539488
0.6570116
0.6507787
0.6515554
0.6560639
0.6523585
0.651589
0.652123
0.6497166
0.6559291
0.6589238
0.6567714
0.6559291
0.6575342
0.6585194
0.657324
0.6567176
0.6564042
0.6552184
0.6689639
0.668242
0.6751187
0.6659933
0.6663303
0.6670807
0.6698683
0.6718642
0.6753814
0.6647745
0.6673132
0.664254
0.6708978
0.6696124
0.669945
0.665916
0.6711467
0.6506289
0.641987
0.6519112
0.6529924
0.6538944
0.6513127
0.6515318
0.6530436
0.6592685
0.6523753
0.6556966
0.6557313
0.651002
0.6452681
0.6527952
0.6499724
0.6508722
0.6448355
0.6446496
0.6450722
0.6447566
0.6446496
0.6455836
0.6458481
0.6451791
0.6446496
0.6677803
0.6693005
0.6649833
0.6631809
0.6651657
0.6605011
0.6707873
0.6712011
0.6648821
0.6645629
0.6683187
0.6623802
0.6638059
0.6650353
0.8139927
0.8032636
0.8038114
0.8104382
0.8314412
0.8117614
0.7976527
0.8013974
0.7970514
0.8060521
0.807208
0.7955103
0.7824354
0.8084275
0.8024314
0.7980458
0.7969383
0.8006027
0.7977097
0.8089927
0.7995088
0.7966161
0.7988397
0.7991778
0.7993403
0.8021856
0.7976232
0.794861
0.7992844
0.8002105
0.8000281
0.8012245
0.7998738
0.8002244
0.8009532
0.8010651
0.799551
0.8007429
0.8009685
0.800827
0.8011212
0.8004206
0.7998176
0.7894402
0.7894402
0.7935398
0.7915491
0.7902907
0.7957677
0.7952324
0.7928067
0.7937863
0.7912227
0.7893473
0.7894811
0.7944695
0.7927096
0.7915374
0.7942314
0.7931547
0.8016095
0.7974586
0.8023621
0.8017344
0.804742
0.8034529
0.8005463
0.805966
0.8020017
0.8049274
0.8078423
0.802684
0.8054819
0.8005459
0.8069552
0.8009113
0.8028514
0.799145
0.7993274
0.7997758
0.7997478
0.7993274
0.7993974
0.7990327
0.8001121
0.7993274
0.7934269
0.7868771
0.7867808
0.7853742
0.7885743
0.7867366
0.7870115
0.7871739
0.7873994
0.7911777
0.7880051
0.7879388
0.7853995
0.7905763
0.8217947
0.8140078
0.8127264
0.8186674
0.8346068
0.821233
0.8048367
0.8100811
0.8055673
0.8128696
0.8196176
0.8054039
0.7955801
0.8147226
0.814597
0.8110396
0.8081237
0.8136291
0.8096265
0.819288
0.8117269
0.8089669
0.8121697
0.810899
0.8115608
0.8146223
0.8104648
0.8056545
0.8118321
0.8123384
0.8120763
0.8135781
0.8110016
0.813921
0.814474
0.8143345
0.8132589
0.8142648
0.8149208
0.8150084
0.8148045
0.8140297
0.8135203
0.8037055
0.8035376
0.8076469
0.805877
0.8028664
0.8095238
0.8085776
0.8080906
0.808484
0.8055556
0.8029515
0.8030942
0.80766
0.8075252
0.8060287
0.8070028
0.8080112
0.8139502
0.8095238
0.8127832
0.8122472
0.815299
0.8131278
0.8124041
0.8166782
0.8120243
0.8153279
0.8178849
0.8134365
0.8173545
0.8112352
0.8173351
0.8131937
0.8130229
0.8102689
0.8103653
0.8108108
0.8107806
0.8103653
0.8104351
0.8100762
0.8111429
0.8103653
0.8047237
0.8003521
0.799831
0.7978061
0.800408
0.7993792
0.7998734
0.7989433
0.799071
0.80293
0.8008579
0.8016616
0.7982593
0.8039023
0.8129283
0.8053658
0.8001863
0.809015
0.8292683
0.8119435
0.7941721
0.8008514
0.7940884
0.8069667
0.8063659
0.7969729
0.7823071
0.8083405
0.8025682
0.7966341
0.7963744
0.8003944
0.7986681
0.8078244
0.7983626
0.7968113
0.7990451
0.7991318
0.798193
0.8031584
0.7980762
0.7949638
0.7983916
0.7988992
0.7988003
0.8007692
0.7993233
0.8001832
0.8009999
0.801028
0.7995911
0.8007042
0.8012689
0.8008731
0.8010844
0.8003804
0.7997745
0.7887454
0.7888313
0.7902374
0.7912088
0.7885694
0.7941717
0.7935475
0.7912854
0.7921008
0.7896792
0.7893392
0.7894737
0.7941447
0.7936575
0.7912828
0.793479
0.7935076
0.8000563
0.7972344
0.8014055
0.8006892
0.8027092
0.8020811
0.7992392
0.8046968
0.8012947
0.8034824
0.8059994
0.8023182
0.8052148
0.7995778
0.805943
0.8003664
0.801392
0.7988449
0.7989437
0.7993945
0.7993664
0.7989437
0.7990141
0.7987319
0.7997325
0.7989437
0.7930106
0.7882361
0.7887414
0.7860405
0.7891639
0.787924
0.788025
0.7881025
0.7879841
0.7910066
0.7893655
0.7898175
0.7867589
0.7926277
0.8145649
0.8060378
0.8022526
0.8073148
0.8298286
0.8150853
0.7984721
0.8049176
0.7986317
0.8058629
0.8076039
0.7976725
0.7861912
0.8099332
0.8022398
0.7971688
0.7965698
0.8000702
0.797763
0.8063929
0.7991426
0.7974259
0.7988944
0.7988975
0.7989738
0.8028277
0.796666
0.7945734
0.7990024
0.7994237
0.7994096
0.8012816
0.7987492
0.8000281
0.8006738
0.8008701
0.799438
0.800379
0.80111
0.8011364
0.8009263
0.8002246
0.7996207
0.7881146
0.7879431
0.7918974
0.790742
0.7890531
0.7946315
0.7941798
0.7935308
0.7937509
0.7902439
0.7878487
0.787896
0.7926485
0.791649
0.7912429
0.7924102
0.7925197
0.7993964
0.7957345
0.7987227
0.7985117
0.8022947
0.7991432
0.8007711
0.8022678
0.7990306
0.8018075
0.8046564
0.7997194
0.8036226
0.7983294
0.8037638
0.7997049
0.7996352
0.7990316
0.79913
0.7995791
0.7995511
0.79913
0.7992002
0.7989191
0.7999158
0.79913
0.7927088
0.7875204
0.7881104
0.7860191
0.7883609
0.7868643
0.7871392
0.7857548
0.7881272
0.7908821
0.7872762
0.7887543
0.7855262
0.7919018
0.8215084
0.8161775
0.8146634
0.8186456
0.8373071
0.8213613
0.8040526
0.8100245
0.8029356
0.8102989
0.8154293
0.8056232
0.7946712
0.8160627
0.8109171
0.8078265
0.807335
0.8106661
0.8088317
0.8168907
0.8097592
0.8063554
0.8104571
0.8087005
0.8095934
0.8134787
0.8085106
0.8040456
0.8099478
0.810286
0.8102728
0.8100601
0.8083728
0.8107093
0.8110138
0.8113706
0.8108747
0.8109705
0.8125304
0.8118791
0.8115922
0.8108183
0.8103088
0.8
0.799832
0.802638
0.8019172
0.8007558
0.8043994
0.8049546
0.804824
0.804966
0.8004203
0.7990746
0.7992143
0.8032844
0.8032305
0.8016512
0.8030462
0.8038707
0.8104107
0.8055672
0.8087489
0.8082116
0.8125043
0.8100007
0.8088645
0.8124827
0.8099743
0.8121183
0.8141808
0.8114674
0.8152941
0.8075317
0.8142887
0.8097327
0.8097324
0.8074781
0.8075745
0.8081019
0.8079894
0.8075745
0.8076441
0.8072851
0.8083507
0.8075745
0.8018498
0.7998459
0.7984855
0.7971412
0.7985566
0.7967663
0.7986977
0.7981915
0.7979826
0.8016546
0.8003498
0.8014006
0.7961514
0.802627
0.8142192
0.8050655
0.8022882
0.8085468
0.8304342
0.8144076
0.8012176
0.8092522
0.8045759
0.8086037
0.8128781
0.801234
0.7869553
0.8082935
0.8024416
0.7984616
0.7972632
0.8022071
0.7983741
0.8096138
0.8002676
0.7966863
0.8016946
0.7981651
0.8000986
0.8034492
0.7992148
0.7963626
0.8000422
0.8008027
0.8004508
0.8028189
0.8014768
0.8017441
0.8023902
0.8025863
0.8010696
0.8022635
0.8027445
0.8026843
0.8026427
0.8019405
0.8013366
0.7925622
0.7925622
0.7953733
0.7956086
0.7927304
0.7984644
0.7980132
0.798013
0.7972253
0.794687
0.7926424
0.7927788
0.7969962
0.796768
0.7944896
0.7965026
0.7967146
0.802542
0.7965994
0.8025402
0.8017417
0.8045108
0.8022905
0.7997044
0.8051548
0.8020943
0.8047806
0.8083753
0.8032833
0.806842
0.7994513
0.8063997
0.8004085
0.8024431
0.7982957
0.7983945
0.7988453
0.7988174
0.7983945
0.7984649
0.7980979
0.7991835
0.7983945
0.7957871
0.7906894
0.7912773
0.7889419
0.7921233
0.7896082
0.7915017
0.7908969
0.7923142
0.7937093
0.7922381
0.7932913
0.7887956
0.7962493
0.8071231
0.8035968
0.7940078
0.8155401
0.825793
0.8121917
0.7928434
0.7943081
0.7907043
0.7964595
0.7990874
0.7889305
0.7791604
0.8099573
0.7901252
0.7888124
0.7879173
0.7922767
0.7849364
0.7968948
0.7902197
0.7842429
0.7887264
0.7863646
0.7899624
0.7913001
0.7850064
0.784
0.7898243
0.7919587
0.7921149
0.7903328
0.789052
0.7909496
0.7914336
0.7920617
0.7901786
0.7913068
0.7918645
0.7925889
0.7922032
0.790808
0.7905362
0.7797347
0.7796477
0.7787077
0.7835184
0.7801626
0.7852168
0.7847597
0.777691
0.7792051
0.7809313
0.7779763
0.7780162
0.7821627
0.7849524
0.7796017
0.7836569
0.7825994
0.7948374
0.7866828
0.7929696
0.7924995
0.7947995
0.7924502
0.7939308
0.7968893
0.7960809
0.7955731
0.7989593
0.7920995
0.7974105
0.7902667
0.7987342
0.7910469
0.7949098
0.7920023
0.792017
0.7926407
0.7918463
0.792017
0.7920876
0.7919729
0.7928112
0.792017
0.787571
0.7882953
0.7859627
0.7842886
0.7843193
0.7863485
0.7851621
0.7840296
0.787615
0.7875364
0.786934
0.7868655
0.7862177
0.7878852
0.8054453
0.8004561
0.7918526
0.8101248
0.8230979
0.809184
0.7950011
0.7913992
0.792264
0.7957035
0.7971595
0.78577
0.7786522
0.8079362
0.7866413
0.7870193
0.785017
0.7898094
0.7811591
0.7959746
0.7884315
0.7801136
0.7882278
0.7838908
0.7882595
0.7895256
0.7832128
0.7805623
0.7888952
0.7881994
0.7883564
0.7877891
0.7848453
0.7883906
0.7889622
0.7898505
0.7877884
0.7889212
0.7893915
0.7900368
0.7901637
0.7884206
0.7881476
0.7800114
0.7800114
0.7797619
0.7836203
0.7795691
0.7842817
0.783478
0.7772727
0.7795672
0.7807731
0.776856
0.776895
0.7821782
0.7838434
0.779269
0.7817664
0.7831368
0.7883579
0.784973
0.787679
0.7869457
0.7908095
0.7878379
0.789932
0.7918875
0.7898689
0.7904721
0.7934591
0.7873156
0.7930937
0.7879668
0.7935734
0.7889173
0.7899766
0.7886795
0.7886945
0.7894923
0.7885228
0.7886945
0.7887653
0.7885637
0.7898351
0.7886945
0.7835257
0.7818376
0.7812211
0.7804791
0.7805243
0.778818
0.7805937
0.7799715
0.7830658
0.7830552
0.7827231
0.7822121
0.7806779
0.7857498
0.8077005
0.8026466
0.7936462
0.8147784
0.8251256
0.8108375
0.7936869
0.7924031
0.7922345
0.7951601
0.7991576
0.7889156
0.7792319
0.8077389
0.7865256
0.7873339
0.7840402
0.7906367
0.7808686
0.7962858
0.789175
0.7816402
0.7863109
0.7822238
0.7889173
0.7894959
0.7826642
0.7817421
0.7882637
0.789888
0.7900447
0.7856184
0.7871449
0.7889622
0.7894476
0.790078
0.7881885
0.7893207
0.7898772
0.7904357
0.790134
0.7888203
0.7885475
0.780154
0.780067
0.7796442
0.7841087
0.7797988
0.7864091
0.7845716
0.7792355
0.7797091
0.7810896
0.7782223
0.7782624
0.7824074
0.7852826
0.7806304
0.7845924
0.7836274
0.7932057
0.7874424
0.7932957
0.7925701
0.7950398
0.7923501
0.7939163
0.7965362
0.7965755
0.794624
0.7984382
0.791316
0.79765
0.7907651
0.7979592
0.7918024
0.7943002
0.79267
0.7926846
0.7933079
0.7925141
0.7926846
0.7927553
0.7925554
0.7935634
0.7926846
0.7839282
0.7838856
0.7832705
0.7808836
0.77884
0.7823546
0.7834209
0.7812433
0.7831214
0.7836316
0.7836436
0.7830484
0.7823882
0.7858055
0.8047413
0.8011971
0.7900772
0.8101016
0.8245602
0.8105895
0.7935989
0.7938621
0.7918886
0.79858
0.7988199
0.7871105
0.7778255
0.8077417
0.7846339
0.7853429
0.7841207
0.7872824
0.7800824
0.7948373
0.78607
0.7790342
0.7843262
0.7824763
0.7858109
0.7877825
0.7817937
0.7787894
0.7858464
0.7872174
0.7873747
0.7860422
0.7830767
0.7858566
0.7863442
0.7869785
0.7850787
0.7862172
0.7866857
0.7873384
0.7874654
0.7857143
0.7854398
0.7781429
0.7779683
0.7785111
0.7824569
0.7780477
0.7843319
0.7829214
0.7773199
0.7790087
0.7793414
0.7767282
0.7767672
0.7819672
0.7829402
0.7794044
0.7821627
0.7816191
0.7870331
0.7818182
0.7856635
0.7849271
0.7891494
0.7859073
0.7880959
0.7909149
0.7887194
0.7882077
0.7921472
0.7852115
0.7927208
0.7850036
0.7917492
0.7861259
0.787453
0.7871842
0.7871133
0.7880851
0.7869411
0.7871133
0.7871842
0.7869818
0.7883429
0.7871133
0.7823605
0.7811921
0.7804878
0.7795676
0.7789196
0.7787788
0.7797734
0.7792365
0.7827694
0.7824101
0.7817328
0.7816535
0.7804651
0.7853693
0.8046426
0.8010975
0.7898875
0.8100042
0.8244659
0.8105761
0.793155
0.7937616
0.7918738
0.798651
0.7984681
0.7870095
0.7779847
0.8078129
0.7846186
0.7853276
0.7840193
0.7872673
0.7799801
0.7948228
0.7860548
0.7790185
0.7843109
0.7823746
0.7857956
0.7876819
0.7817782
0.7786868
0.7858311
0.7872023
0.7873596
0.7860271
0.7830612
0.7858413
0.786329
0.7869633
0.7850634
0.786202
0.7866705
0.7873232
0.7874503
0.785699
0.7854245
0.7780397
0.7778651
0.778322
0.7823546
0.7779445
0.78423
0.7828193
0.7772172
0.7789063
0.7792384
0.7766247
0.7766636
0.7818648
0.7827512
0.7793015
0.7820604
0.7816034
0.7869318
0.7817158
0.7854757
0.784739
0.7890487
0.7857194
0.7879089
0.7908145
0.7885325
0.7880207
0.7919615
0.7851099
0.7925355
0.7849019
0.7915635
0.7860243
0.7872658
0.787083
0.7870121
0.7879841
0.7868399
0.7870121
0.787083
0.7868806
0.788242
0.7870121
0.7822581
0.7810896
0.7803852
0.7794644
0.7788166
0.7786756
0.7796707
0.7791337
0.7826674
0.7823076
0.7816305
0.781551
0.7803621
0.7852678
0.8046148
0.8010691
0.7898572
0.8099774
0.8244413
0.8105494
0.7931255
0.7937322
0.7918443
0.7985371
0.7984398
0.7869793
0.7777778
0.8077005
0.7845882
0.7852105
0.7839887
0.7871509
0.7799488
0.7947085
0.7859379
0.7789871
0.7842803
0.7823438
0.7856787
0.7876519
0.7817472
0.7786553
0.7857143
0.7870858
0.7872431
0.7859969
0.7829435
0.7857245
0.7862123
0.7868468
0.7849462
0.7860852
0.7865537
0.7872068
0.7873339
0.7855821
0.7853075
0.778008
0.7778334
0.7782905
0.7823236
0.7779128
0.7841993
0.7827883
0.7771855
0.7788748
0.7792069
0.7765927
0.7766316
0.7818337
0.7827203
0.7792699
0.7820294
0.7815722
0.7869015
0.7816846
0.7854452
0.7847084
0.7890188
0.7856889
0.7878788
0.7907849
0.7885025
0.7879906
0.7919321
0.7850793
0.7925062
0.7848713
0.7915339
0.7859939
0.7872356
0.7870528
0.7869818
0.787954
0.7868096
0.7869818
0.7870528
0.7868503
0.7882119
0.7869818
0.782227
0.7810583
0.7803538
0.7794328
0.7787851
0.778644
0.7796393
0.7791021
0.7826365
0.7822765
0.7815994
0.7815198
0.7803307
0.7852373
0.8057998
0.8029452
0.7951608
0.8111479
0.8285217
0.8088641
0.7952706
0.7908935
0.7898705
0.7949448
0.7975956
0.7865543
0.7803187
0.8086319
0.7878489
0.7896119
0.7857143
0.7924742
0.782809
0.7971771
0.7906746
0.7819394
0.7894365
0.7843304
0.7904175
0.7894514
0.7824452
0.7817821
0.7892498
0.7920708
0.7923126
0.7876287
0.7884765
0.7912329
0.7914601
0.7923447
0.7902906
0.7914189
0.7919768
0.7925302
0.7922298
0.79092
0.7906482
0.780107
0.78002
0.7802027
0.7835433
0.7792291
0.7858462
0.7851304
0.7784954
0.7793157
0.7806079
0.7787857
0.7788262
0.7824476
0.7849776
0.7804965
0.7843737
0.7827983
0.7894849
0.7863636
0.7894923
0.7887613
0.7909065
0.7881067
0.7918258
0.7939454
0.7921058
0.7901409
0.7943232
0.7881861
0.793532
0.7879776
0.7935858
0.7897014
0.7895594
0.7890337
0.7890487
0.7895892
0.7888771
0.7890487
0.7891195
0.788918
0.789332
0.7890487
0.782928
0.7834934
0.7833974
0.7792654
0.7798374
0.7819608
0.7823366
0.7804148
0.7830752
0.782022
0.782992
0.7831754
0.7805995
0.7851562
0.8205325
0.8140255
0.8065157
0.8126844
0.834749
0.8209622
0.8013679
0.8080326
0.7991546
0.8042727
0.8081096
0.8001258
0.7959586
0.8148201
0.8042468
0.8024103
0.8021167
0.8060306
0.8020464
0.8098955
0.8041958
0.8027973
0.8041768
0.8042482
0.8041122
0.8070735
0.8044642
0.8033106
0.8043053
0.8032202
0.8032902
0.8043735
0.8058076
0.8054896
0.8061296
0.8046547
0.8046547
0.8057534
0.8063186
0.8068364
0.8062962
0.8056002
0.8050859
0.7960531
0.7957994
0.7957973
0.79899
0.7963054
0.8002242
0.801204
0.7964126
0.7957087
0.7965566
0.7972337
0.7960189
0.7985127
0.7965124
0.7988079
0.7996217
0.8001829
0.7993266
0.7967674
0.798485
0.7978522
0.8013852
0.7985677
0.7997757
0.8019449
0.8024916
0.7998878
0.8032454
0.8005744
0.8026297
0.8001121
0.8022678
0.801234
0.7988074
0.799972
0.7994814
0.7999299
0.7997337
0.7994814
0.7995514
0.799355
0.8001822
0.7994814
0.7975671
0.7969946
0.7959671
0.7913689
0.7984024
0.8004905
0.7993002
0.7954194
0.7999301
0.7973686
0.7991037
0.7985541
0.7934445
0.8038942
0.8209683
0.8139861
0.8075101
0.8128983
0.834573
0.8200822
0.7998451
0.8076761
0.8017664
0.8039243
0.8089958
0.8012954
0.7938529
0.8174464
0.8032412
0.8042417
0.803855
0.8058475
0.8026225
0.809868
0.8046009
0.8030387
0.8036669
0.8034081
0.8043509
0.8067239
0.8048662
0.8028032
0.8052925
0.8031276
0.803281
0.8040302
0.8063731
0.8053911
0.8058631
0.8046418
0.8045584
0.805571
0.8062178
0.8067344
0.8061956
0.8055014
0.8049885
0.7982524
0.7980843
0.7951379
0.800838
0.7979155
0.8023994
0.8036224
0.798847
0.7972296
0.7985868
0.7995108
0.7983058
0.8001118
0.7993844
0.8003213
0.8013813
0.8020308
0.7970568
0.7958482
0.7963002
0.7956665
0.7992872
0.7961274
0.7997763
0.7995946
0.7998041
0.7976182
0.8007269
0.7983905
0.8007823
0.7981812
0.7999161
0.799636
0.7964534
0.799133
0.7986432
0.7990909
0.7988952
0.7986432
0.7987131
0.7985169
0.7993428
0.7986432
0.7967303
0.7948088
0.7949653
0.7914786
0.7969778
0.7996503
0.798128
0.7939113
0.7986736
0.7965316
0.7975949
0.7979692
0.7922719
0.8017987
0.8152727
0.8081519
0.8087124
0.8153032
0.8312539
0.820374
0.8149421
0.8087
0.8099754
0.8085543
0.8167165
0.8057831
0.7957058
0.8195606
0.8058848
0.8005931
0.8050042
0.8040802
0.8061837
0.8103182
0.801805
0.8062692
0.8080709
0.8048031
0.801636
0.808392
0.8099317
0.8046138
0.8013254
0.8040265
0.8030858
0.8075932
0.8044441
0.8030282
0.8037587
0.8028596
0.8029439
0.8032948
0.8042835
0.8040526
0.8030847
0.8033087
0.8026205
0.7987732
0.798519
0.7987527
0.8003666
0.7997886
0.8032072
0.8045234
0.8010493
0.8008543
0.7992804
0.800465
0.8009445
0.8034308
0.8032925
0.8017035
0.8017593
0.8032613
0.8057564
0.8023649
0.805501
0.8046211
0.805039
0.8035739
0.8092939
0.8070237
0.8070717
0.8060644
0.8066531
0.8076654
0.8083765
0.8006481
0.8072661
0.8062386
0.8067457
0.8027852
0.8027991
0.8035011
0.8030516
0.8027991
0.8028694
0.802589
0.8032487
0.8027991
0.8101239
0.8072855
0.8071859
0.8050394
0.806081
0.812164
0.8080526
0.8093075
0.8081761
0.8083479
0.809444
0.8071664
0.8017789
0.8102123
0.8174753
0.8095104
0.811498
0.8160123
0.8289182
0.8216179
0.8120112
0.8038443
0.8053922
0.7993775
0.8119155
0.7966933
0.7924928
0.8154085
0.8050859
0.8037625
0.8080172
0.8049564
0.8077802
0.8093214
0.803705
0.8071221
0.8041875
0.8058326
0.8034541
0.8093921
0.8089437
0.8050659
0.8027273
0.8061545
0.8063908
0.8063712
0.8057338
0.8046651
0.805222
0.804164
0.8043311
0.805096
0.8059941
0.8057629
0.8046378
0.8046089
0.8042613
0.793021
0.7926812
0.797157
0.796728
0.7937825
0.7993133
0.7994536
0.7979383
0.797154
0.7957276
0.7948826
0.7951045
0.7953188
0.7960216
0.7954466
0.794742
0.7956261
0.8071996
0.8014968
0.8076094
0.8069052
0.8064045
0.8035352
0.8083878
0.8073765
0.8084203
0.8065078
0.807009
0.8090075
0.8105387
0.799706
0.8086128
0.8055148
0.8078475
0.8007416
0.8007556
0.8013708
0.8009233
0.8007556
0.8008255
0.8004619
0.8014546
0.8007556
0.8039695
0.8032249
0.8018723
0.8017241
0.8026095
0.8058557
0.8045809
0.8053331
0.804039
0.8034415
0.8056367
0.8025166
0.7982142
0.8044887
0.7086512
0.6999539
0.6698478
0.7102541
0.7120244
0.6964052
0.7995353
0.7980233
0.7946983
0.795226
0.7903294
0.7994002
0.7857699
0.7980267
0.6470957
0.6508736
0.6450448
0.6592685
0.6423627
0.6570488
0.6537405
0.6483628
0.6506892
0.6456569
0.6533176
0.6522928
0.6487736
0.6433962
0.6520544
0.6503463
0.6527581
0.6497029
0.6518425
0.6587693
0.6612286
0.6588741
0.6591886
0.6607854
0.6615613
0.6617257
0.6599734
0.6588226
0.6580615
0.6511062
0.6507887
0.6571185
0.6591193
0.6544273
0.6580181
0.6516995
0.6575332
0.6491831
0.6557877
0.6526819
0.6515592
0.65244
0.6498348
0.6484934
0.6573683
0.6528346
0.6505266
0.6463818
0.6435057
0.6455606
0.6462617
0.6431056
0.6481379
0.6441146
0.6463674
0.6399937
0.6492443
0.6500275
0.6439741
0.6439902
0.6431056
0.6514627
0.645342
0.6386115
0.6385323
0.6413258
0.6385323
0.6385323
0.6394741
0.6397402
0.6391728
0.6385323
0.6695369
0.6606906
0.6633224
0.657736
0.6688854
0.6664336
0.6652187
0.660539
0.6673635
0.6703638
0.6629353
0.6649817
0.6613004
0.6663822
0.7094363
0.7015441
0.6706625
0.7112328
0.7139816
0.6952902
0.7993236
0.798489
0.7938021
0.7938985
0.7901965
0.8022835
0.787523
0.7984984
0.645786
0.6507324
0.6459642
0.6578741
0.6416818
0.6558574
0.6516951
0.6476907
0.6490664
0.6449816
0.6512708
0.6536269
0.6471466
0.64453
0.6517022
0.6495666
0.6517703
0.6494563
0.6508536
0.6578989
0.6603626
0.6580039
0.658319
0.6599187
0.6606947
0.6608607
0.6593149
0.6598406
0.6571898
0.6510715
0.6507538
0.6579213
0.6613897
0.6539727
0.6577774
0.6507113
0.6543671
0.6497811
0.6555451
0.6525424
0.6515247
0.6513473
0.6500118
0.6484572
0.6569172
0.6522699
0.6508099
0.6462376
0.6443234
0.646377
0.6467575
0.644246
0.6492719
0.6438616
0.6467571
0.6407067
0.6499528
0.6499921
0.6453268
0.6438443
0.6440316
0.6503662
0.6459451
0.6405099
0.6404308
0.6432185
0.6404308
0.6404308
0.6413706
0.6416363
0.6410703
0.6404308
0.667444
0.6623306
0.6640224
0.6586512
0.6681389
0.6643313
0.6669509
0.6610315
0.6688849
0.67168
0.6630114
0.6638112
0.6607478
0.6684235
0.8197941
0.8143097
0.8038064
0.8166945
0.8297696
0.8210417
0.8049923
0.8088492
0.8021248
0.8064539
0.810891
0.795126
0.7857193
0.8204913
0.7961084
0.7964701
0.7951237
0.7970903
0.7916056
0.7990488
0.7957411
0.7931203
0.7934046
0.793423
0.7955724
0.7965205
0.7901589
0.7899265
0.7976232
0.7984621
0.798364
0.7956458
0.7958555
0.796037
0.7977764
0.7963741
0.7956153
0.7964726
0.7964391
0.7967252
0.7966825
0.7966552
0.7956296
0.7935741
0.7934052
0.7979343
0.7942289
0.7928957
0.797149
0.7944266
0.7962089
0.7975984
0.7920438
0.7936541
0.7936208
0.7972057
0.7972321
0.7926103
0.7962122
0.79659
0.7986877
0.7930164
0.8016977
0.8015729
0.8010719
0.7993579
0.80181
0.8027954
0.8025061
0.803005
0.8059971
0.8020181
0.804224
0.7970387
0.8042813
0.7989939
0.8020181
0.7963934
0.7965758
0.7967713
0.7969962
0.7965758
0.7966457
0.7963649
0.7973596
0.7965758
0.7903328
0.7960296
0.7945848
0.7902521
0.7922096
0.7968258
0.7954752
0.7931952
0.7954339
0.7914909
0.7993872
0.7958998
0.79249
0.7941074
0.8260929
0.8173424
0.8020731
0.8183894
0.8310477
0.8226241
0.8087542
0.8114214
0.8030029
0.8097951
0.8080286
0.7942833
0.7827649
0.8233986
0.7970143
0.7948628
0.7950354
0.7982474
0.7929598
0.8006952
0.7951454
0.7947153
0.7941626
0.7948469
0.7949773
0.7972589
0.7919449
0.7922168
0.796015
0.7976887
0.7979257
0.7972207
0.7958473
0.7972851
0.7985952
0.7977035
0.7968663
0.7974666
0.7976862
0.7977176
0.7979264
0.797899
0.7968804
0.7956742
0.7955067
0.7985795
0.7960746
0.7957565
0.7986386
0.797442
0.7986897
0.7999862
0.7937382
0.7955874
0.7955559
0.7993615
0.8008045
0.7951396
0.7988757
0.7990104
0.8023272
0.7980542
0.8054673
0.8053446
0.8044349
0.8025769
0.8043418
0.8058949
0.8070127
0.8061041
0.8089857
0.8043824
0.8069812
0.8001941
0.8076976
0.8028833
0.8054558
0.8013025
0.8014823
0.8016764
0.8018972
0.8014823
0.8022153
0.801358
0.8022571
0.8014823
0.7930553
0.7963555
0.7953375
0.7906944
0.7933965
0.796478
0.795385
0.7931996
0.7946739
0.7945406
0.7977793
0.7963943
0.7926667
0.794779
0.8145635
0.8021931
0.806292
0.811108
0.8247208
0.807078
0.7875408
0.7975451
0.7849791
0.7893502
0.7924065
0.7822062
0.7764714
0.8054787
0.7940336
0.7900451
0.7876193
0.7931422
0.7864466
0.7952789
0.7903339
0.787464
0.7874016
0.7872669
0.7900782
0.7899678
0.7848092
0.7847496
0.7910479
0.792827
0.7928124
0.7889208
0.7923228
0.791825
0.7929847
0.7922498
0.791825
0.7922644
0.7925644
0.7927738
0.7926452
0.7926186
0.7914145
0.7864495
0.7862784
0.7860798
0.7888138
0.7850738
0.7910836
0.7898663
0.7872951
0.788021
0.7856638
0.782661
0.7828766
0.7901217
0.7882676
0.7866667
0.7893737
0.7892133
0.7964428
0.7909986
0.7977913
0.798001
0.7961512
0.7962729
0.7994972
0.799148
0.8010329
0.7989377
0.8027875
0.7964298
0.7997486
0.7918247
0.8013952
0.7965793
0.7969351
0.7931228
0.7931373
0.7935027
0.7935606
0.7931373
0.7932075
0.7929243
0.7939258
0.7931373
0.7802955
0.787567
0.7855025
0.7791616
0.7840395
0.7861431
0.7862477
0.7834075
0.788767
0.7800839
0.7903056
0.7849417
0.7831701
0.7896329
0.81409
0.7997734
0.8028608
0.8101372
0.8274122
0.8081163
0.7941861
0.7961487
0.7910406
0.7896642
0.7924581
0.784416
0.7752369
0.8077957
0.7917277
0.7874532
0.7861454
0.7897107
0.7857394
0.7931253
0.7877442
0.7870117
0.7849856
0.7860498
0.7875732
0.7894295
0.783074
0.7841277
0.7882908
0.7880262
0.7896331
0.7872802
0.7877784
0.7877891
0.7895515
0.7877891
0.78796
0.7883165
0.7886976
0.7890845
0.7890399
0.7886729
0.7875476
0.786338
0.7861671
0.7832433
0.7898917
0.785392
0.7912219
0.7898362
0.7855692
0.7838236
0.7864091
0.7825534
0.7825103
0.7883032
0.7895181
0.7857848
0.7901946
0.7875574
0.7943814
0.7873045
0.7945541
0.7942577
0.7936686
0.7922634
0.793396
0.7964206
0.7968805
0.7966291
0.799986
0.7942845
0.7969383
0.7883073
0.7988409
0.7916344
0.7949597
0.7896106
0.7897104
0.7899916
0.7901356
0.7897104
0.7897807
0.789581
0.7904166
0.7897104
0.7768924
0.7862579
0.7833333
0.7744398
0.779367
0.7846599
0.78374
0.7803722
0.7836999
0.7773746
0.7872969
0.7827686
0.7802089
0.7867052
0.702926
0.6908197
0.6692901
0.6965378
0.7028571
0.6935333
0.7909552
0.7955242
0.8028219
0.7975928
0.7993666
0.799986
0.7903226
0.8039567
0.6445445
0.6357733
0.6440785
0.6367275
0.6343349
0.6400576
0.6314012
0.648173
0.6428061
0.6375914
0.630961
0.6499015
0.6468775
0.638423
0.6392906
0.6378551
0.6376081
0.6449344
0.6383115
0.6371858
0.6396324
0.6380579
0.6369677
0.6383047
0.6380968
0.6401533
0.6385446
0.637789
0.636451
0.6556124
0.6548707
0.6667961
0.662902
0.6571429
0.6599057
0.6531322
0.662538
0.6601843
0.6577704
0.6550745
0.6519263
0.6550446
0.6531774
0.6558682
0.659989
0.6600126
0.6423962
0.6453151
0.6407906
0.6422201
0.6441176
0.6378828
0.6446123
0.6378236
0.6464839
0.6373451
0.6450843
0.6425386
0.6441811
0.6387869
0.6347171
0.6461465
0.6436187
0.6423567
0.64152
0.6445381
0.6416282
0.64152
0.6415996
0.6421916
0.6416222
0.64152
0.6631331
0.6643696
0.662931
0.6598377
0.6629073
0.6647077
0.6671348
0.6659894
0.6647128
0.6627112
0.667031
0.6621919
0.6579321
0.6729662
0.7197142
0.7165408
0.6661369
0.7254324
0.7114222
0.6962172
0.7973634
0.8005238
0.7947156
0.8000284
0.7928017
0.8006161
0.7882445
0.8018476
0.649525
0.6498101
0.6426652
0.6581532
0.6403925
0.6576108
0.64907
0.6509034
0.6496299
0.6426429
0.6492838
0.6587252
0.651846
0.6473183
0.6498261
0.6508815
0.6508539
0.6539305
0.6474735
0.6569113
0.65981
0.6573339
0.657545
0.658732
0.6590891
0.6573608
0.6572799
0.6569653
0.6561983
0.6354067
0.6347535
0.6429697
0.6425508
0.6362114
0.6458284
0.641205
0.6402844
0.636976
0.6410684
0.633858
0.6321351
0.6368711
0.6352744
0.6333626
0.6404325
0.6345923
0.6602634
0.6524482
0.664245
0.664688
0.6604527
0.6603137
0.6535613
0.663905
0.6687193
0.6598949
0.6676808
0.6642701
0.6648176
0.6508087
0.6642947
0.6461209
0.6627024
0.6508049
0.6499803
0.6519991
0.6500868
0.6499803
0.6500592
0.6512821
0.6512545
0.6499803
0.6624354
0.6655482
0.6625489
0.6689822
0.6694909
0.6668227
0.6649778
0.6678861
0.6669261
0.6647363
0.664977
0.6672387
0.6597752
0.6683272
0.8177502
0.8209257
0.8171236
0.81934
0.8259935
0.8126314
0.7736948
0.6795379
0.7546428
0.7862595
0.7801746
0.6872284
0.7521821
0.7926479
0.8043989
0.8031551
0.8069132
0.8045977
0.805521
0.8062156
0.8020113
0.804033
0.8021688
0.804235
0.8020113
0.8049861
0.8068488
0.8035491
0.7969155
0.8042114
0.8043645
0.804608
0.7980951
0.8028886
0.8041963
0.8032227
0.8023037
0.8032364
0.8037148
0.8029859
0.8028611
0.8026656
0.8023175
0.7996789
0.7993437
0.8004021
0.8009214
0.7987562
0.8028159
0.8003631
0.8020913
0.7993193
0.7987553
0.7991755
0.7990628
0.8045369
0.8011451
0.8004887
0.8013808
0.79816
0.8057584
0.8058954
0.8088174
0.8085298
0.808279
0.8094875
0.8090153
0.8104009
0.811028
0.8092926
0.8121799
0.8088898
0.8054532
0.8032033
0.8096526
0.806153
0.8093026
0.8050629
0.8050765
0.8054377
0.8051596
0.8050765
0.805146
0.8050358
0.8055208
0.8050765
0.8033622
0.8107397
0.803605
0.8089513
0.8079002
0.8089755
0.8095172
0.8058873
0.8055093
0.8058361
0.8110574
0.8044144
0.8047436
0.8086065
0.8167157
0.8135951
0.8103863
0.8126712
0.8251636
0.8127417
0.7704882
0.698336
0.7554761
0.7810523
0.7744243
0.6982706
0.7455986
0.7794203
0.803652
0.799199
0.8040184
0.8004909
0.8018658
0.8028742
0.802591
0.8046137
0.8028297
0.8014056
0.8021716
0.8064807
0.8070224
0.8018802
0.7980749
0.8002667
0.8004211
0.8061005
0.7965529
0.8001964
0.8004209
0.8007013
0.7999439
0.8010515
0.8023704
0.8003788
0.8010097
0.800561
0.7999579
0.7940907
0.79443
0.7927487
0.7958509
0.7932394
0.7980202
0.7968948
0.7945474
0.7907075
0.7959499
0.7955281
0.7948176
0.7974017
0.7951426
0.7950756
0.7968256
0.7935498
0.7966114
0.7992004
0.7972053
0.797078
0.7986817
0.7944906
0.8022808
0.8
0.8027292
0.7965828
0.802813
0.7998879
0.793587
0.7979089
0.7969486
0.7988619
0.7978656
0.7980209
0.7981194
0.7989058
0.7982881
0.7981194
0.7981896
0.7980769
0.7992427
0.7981194
0.7973838
0.802028
0.8005879
0.8025375
0.8028346
0.805416
0.8010482
0.801468
0.7999161
0.7991288
0.8023605
0.8031606
0.7981845
0.8042978
0.8125352
0.8183156
0.8085996
0.8119028
0.8273466
0.8211768
0.7728782
0.7011398
0.7633278
0.7936135
0.78234
0.6996667
0.7562714
0.7954594
0.8001392
0.7974114
0.8057464
0.8005608
0.8014342
0.8032787
0.8015695
0.8003486
0.8048136
0.8004734
0.8015695
0.8030609
0.8052661
0.8001116
0.7972166
0.8010097
0.8008275
0.8010996
0.7960318
0.7995088
0.799986
0.8000982
0.7994245
0.8001122
0.8013473
0.8003646
0.799986
0.7995369
0.7992701
0.8008252
0.8004058
0.7969458
0.8023215
0.7976291
0.8038832
0.8010079
0.7989834
0.7953449
0.7994814
0.80007
0.8005464
0.8027677
0.7977528
0.7985273
0.8018597
0.7989723
0.8020709
0.8065505
0.8049937
0.8042856
0.807114
0.8012327
0.8121532
0.8051758
0.8099576
0.8034666
0.8085492
0.807312
0.8042734
0.8032684
0.804164
0.8078907
0.8037298
0.8052999
0.8053134
0.8059254
0.8056466
0.8053134
0.8053832
0.805106
0.8064246
0.8053134
0.7982998
0.8017621
0.8009094
0.7993255
0.8042387
0.8081448
0.8038751
0.8015374
0.8004053
0.8002105
0.8036823
0.8008825
0.7980018
0.8017754
0.8252957
0.8181434
0.8056429
0.8240767
0.8211325
0.8181178
0.8085841
0.8127154
0.8064493
0.8118219
0.8158004
0.8139939
0.793145
0.8146779
0.8049648
0.8061525
0.8036638
0.8040773
0.7996494
0.8094771
0.802563
0.801331
0.8023835
0.8001961
0.802563
0.8064741
0.8053518
0.7996633
0.8063701
0.8047803
0.8046826
0.8024191
0.801831
0.8028575
0.8045129
0.8031103
0.8028575
0.8034609
0.8036066
0.8040498
0.8036719
0.8033905
0.8027029
0.7997888
0.7997888
0.8009366
0.8012951
0.7994505
0.8039615
0.80107
0.7989496
0.7986681
0.8002113
0.7998732
0.8001833
0.8025872
0.8046348
0.8010276
0.8047001
0.8012295
0.8029813
0.8010984
0.8041556
0.8041983
0.8028525
0.8032349
0.8033455
0.8053451
0.8053917
0.8032902
0.809737
0.805234
0.8047736
0.8009008
0.8054191
0.8035463
0.806239
0.8002536
0.7997604
0.8004649
0.7997604
0.7997604
0.7998309
0.7998027
0.8005493
0.7997604
0.8024083
0.8009008
0.8043356
0.7937522
0.8009562
0.7987439
0.8061289
0.8019392
0.8029878
0.8032244
0.8040109
0.801366
0.7982171
0.8033558
0.8322934
0.8215561
0.8186554
0.8314054
0.8401405
0.8256324
0.6818182
0.7984397
0.7842493
0.6891023
0.6972121
0.7936474
0.7664788
0.6984127
0.8095798
0.8087989
0.8097879
0.8118867
0.808146
0.812182
0.8089056
0.8084796
0.804046
0.8079323
0.8082402
0.8100915
0.8075747
0.8048441
0.8060975
0.8078535
0.8075902
0.8080577
0.8053456
0.8105226
0.8111591
0.8106884
0.8095271
0.810453
0.8108561
0.8109501
0.8109106
0.8106319
0.8099554
0.8103053
0.8104707
0.8088154
0.8108823
0.8122917
0.810442
0.810412
0.8074418
0.8030208
0.8095702
0.8097327
0.8094641
0.8143729
0.8156417
0.809789
0.8108352
0.8140021
0.8099749
0.8111869
0.810382
0.8095968
0.811166
0.8122957
0.8183139
0.8103988
0.8124348
0.81375
0.8144137
0.8123567
0.8109124
0.8117312
0.8140278
0.8159045
0.8136758
0.80961
0.8093746
0.8102332
0.8096233
0.8093746
0.8101072
0.8096664
0.8100675
0.8093746
0.815532
0.815764
0.8162375
0.8143255
0.8126821
0.8131036
0.8171583
0.8147122
0.8154782
0.816662
0.8168936
0.8159828
0.8159211
0.8151971
0.8206507
0.8168116
0.8113701
0.814807
0.8259419
0.8152121
0.7738704
0.6946301
0.7519567
0.7899202
0.7749607
0.6996442
0.7514953
0.7986539
0.8016397
0.8043053
0.8062392
0.8034104
0.8058367
0.8055342
0.8054993
0.802184
0.8018118
0.804714
0.8050824
0.8047206
0.8050135
0.8031135
0.8016795
0.802603
0.8039284
0.8033458
0.8020148
0.8028671
0.8046788
0.8037037
0.8026159
0.8035502
0.8035277
0.8032157
0.803927
0.8029784
0.8026297
0.8029997
0.8026656
0.7959411
0.8036574
0.8008249
0.8050481
0.8035178
0.8003197
0.7968608
0.8033371
0.8029182
0.8013852
0.8066829
0.8049665
0.8052265
0.8042811
0.8033499
0.8071568
0.8054646
0.8071518
0.806364
0.8081868
0.8079894
0.8046041
0.8096528
0.8129202
0.8096165
0.8125087
0.8120191
0.8096694
0.8020957
0.8098944
0.8048883
0.8106176
0.800028
0.7995379
0.8007416
0.7996219
0.7995379
0.7996079
0.7994958
0.800154
0.7995379
0.7957647
0.802514
0.8009926
0.797722
0.8008105
0.8028927
0.8065323
0.8037917
0.8009075
0.7956497
0.8051785
0.8004621
0.7983412
0.8029447
0.8273019
0.8235707
0.8112872
0.8247711
0.8248845
0.8160733
0.7994888
0.8109155
0.8074975
0.8156158
0.8107995
0.8112248
0.8009305
0.8188324
0.8021663
0.8016494
0.8047077
0.8034459
0.7992706
0.8102675
0.8026047
0.8043873
0.807856
0.800574
0.8025204
0.8062648
0.8060598
0.8002944
0.8023788
0.8024648
0.803041
0.8067976
0.8020415
0.8021405
0.8035451
0.8028149
0.8018875
0.8032499
0.8025518
0.8038389
0.8028714
0.8019154
0.801817
0.7994931
0.7992395
0.8000559
0.8052886
0.7991546
0.8050937
0.8038059
0.8009227
0.8014824
0.8032038
0.8005068
0.8009015
0.8052322
0.8074391
0.804183
0.8062482
0.8008481
0.7971885
0.8019837
0.7997323
0.7996054
0.7989287
0.7987155
0.8028822
0.8010136
0.8004652
0.7996193
0.803417
0.7996335
0.8004367
0.8002675
0.801338
0.8023239
0.8022504
0.8003802
0.7998873
0.8003381
0.8000563
0.7998873
0.7999577
0.7995913
0.8004225
0.7998873
0.8058968
0.8052303
0.8082221
0.8033099
0.8046952
0.806282
0.8037429
0.8070924
0.8061267
0.8038554
0.8081464
0.8048575
0.8019041
0.8093309
0.8209301
0.8153217
0.806017
0.8203727
0.8287805
0.8088392
0.8019529
0.8107329
0.8058095
0.8010505
0.813842
0.8012901
0.7889086
0.8092861
0.8011594
0.8028268
0.8020273
0.8019266
0.7985143
0.807668
0.8015901
0.8049648
0.8025892
0.8012435
0.8012527
0.804924
0.8042173
0.8006298
0.8053141
0.8036392
0.8026158
0.80712
0.8022071
0.8014633
0.8035401
0.8017163
0.8003662
0.8020672
0.8020423
0.8022357
0.8026149
0.8015756
0.8008868
0.7908228
0.7908228
0.7986296
0.7977021
0.791761
0.800211
0.7973068
0.7979847
0.7989644
0.7966138
0.7914158
0.7920652
0.798662
0.7951237
0.7962466
0.7998594
0.7946372
0.7978708
0.8034098
0.8012505
0.80045
0.8032258
0.8006614
0.806481
0.8021067
0.8002956
0.8008019
0.8054251
0.8026676
0.8023738
0.8000141
0.8031037
0.8048421
0.8029197
0.8020643
0.80191
0.8025272
0.80191
0.80191
0.8026528
0.8019524
0.8026953
0.80191
0.7990694
0.797562
0.7989868
0.7938049
0.7980438
0.8031728
0.7970015
0.80181
0.8006735
0.798617
0.8002669
0.8015745
0.795028
0.802049
0.8190029
0.8242395
0.8163826
0.8250226
0.8336676
0.8247789
0.7751262
0.6995248
0.7608379
0.787972
0.7802151
0.7012191
0.7532098
0.7922134
0.8016977
0.8038653
0.8018953
0.80213
0.8006554
0.8085997
0.8040588
0.8017422
0.7980116
0.8011977
0.8034727
0.8036186
0.8017434
0.7957983
0.7998035
0.8033338
0.8032362
0.8009891
0.7995507
0.8018365
0.8028998
0.8021724
0.8012483
0.8020184
0.8029177
0.802438
0.8016407
0.8016123
0.8012623
0.7950629
0.7952324
0.795907
0.7979209
0.7948916
0.7969629
0.7982869
0.7955133
0.7945541
0.7970057
0.7973448
0.7973144
0.7986243
0.798736
0.7968937
0.7948339
0.7958045
0.8051404
0.804694
0.8080485
0.8080084
0.8085861
0.8084721
0.8070004
0.8088112
0.8102693
0.8068634
0.8101037
0.8081209
0.8072499
0.8016517
0.8068927
0.8057031
0.806708
0.8031045
0.8031182
0.8037324
0.8031182
0.8031182
0.8031881
0.8036625
0.8042339
0.8031182
0.8038214
0.8088215
0.8067303
0.8064313
0.8050481
0.8046258
0.8113953
0.8061864
0.8072189
0.8058856
0.8130194
0.8037899
0.8071279
0.8059254
0.8055004
0.8078176
0.806002
0.8192501
0.8197674
0.8150127
0.7698217
0.7227036
0.7584069
0.799603
0.7868992
0.7231411
0.7571148
0.8041583
0.7957027
0.7913745
0.795977
0.7936295
0.7954864
0.7998452
0.7931156
0.7942167
0.7950123
0.7935049
0.7931156
0.8010749
0.7980958
0.7936385
0.7904128
0.7932278
0.7931278
0.7975108
0.7881819
0.7929889
0.7942381
0.7930742
0.7928183
0.7938559
0.7939034
0.7943668
0.7929596
0.7931887
0.7925769
0.7949314
0.7950162
0.7901946
0.7952512
0.7921225
0.7937773
0.7958738
0.7910699
0.7907794
0.7939061
0.7899837
0.7902039
0.7978207
0.7964932
0.7949838
0.7936821
0.7914006
0.8016685
0.8008837
0.8027578
0.8028839
0.803469
0.8046033
0.804629
0.8040285
0.8049105
0.8041562
0.8079124
0.8044193
0.8009399
0.7976525
0.8037665
0.8027349
0.803499
0.8007993
0.8008133
0.8015979
0.8008974
0.8008133
0.8008834
0.8007714
0.8020177
0.8008133
0.7963629
0.7980749
0.7887025
0.793735
0.7943247
0.7971851
0.7983588
0.7955681
0.7940887
0.7955684
0.7970638
0.7962533
0.7911114
0.799523
0.8148304
0.814872
0.8138553
0.8220321
0.8223863
0.8206344
0.7774907
0.7170765
0.764808
0.7927531
0.7868296
0.7071649
0.7570548
0.7952801
0.7987058
0.7945234
0.7988153
0.7973476
0.7995823
0.8020863
0.7986958
0.7990804
0.7946635
0.7988726
0.7981902
0.8020435
0.7976548
0.7945598
0.7910142
0.7973741
0.7965149
0.7989142
0.7918664
0.7969671
0.7980358
0.7969671
0.7966292
0.7976566
0.7971178
0.7978253
0.7967697
0.7965733
0.7963899
0.7973673
0.7974515
0.794251
0.7991181
0.7955103
0.79993
0.7994823
0.7936042
0.7924739
0.7977859
0.7941548
0.7939522
0.8014947
0.7970679
0.7958181
0.7975623
0.7949803
0.8080478
0.8126384
0.8106853
0.8101512
0.8099827
0.8107789
0.8148276
0.8107022
0.8118242
0.8114907
0.8145356
0.8117468
0.8084885
0.8066602
0.8108614
0.8115027
0.8108408
0.8101643
0.8101775
0.8102898
0.81026
0.8101775
0.8102468
0.810138
0.8112789
0.8101775
0.7954162
0.8010756
0.7972822
0.7981323
0.800377
0.8022907
0.8005163
0.799343
0.800809
0.7983441
0.8026618
0.8010347
0.7950289
0.8020092
0.8154428
0.8107309
0.8017358
0.8122326
0.8282961
0.8115514
0.8059743
0.7938005
0.8019225
0.8164971
0.8084959
0.8028689
0.8076013
0.8186168
0.8004031
0.7974292
0.797418
0.7993133
0.7951639
0.8070432
0.7980493
0.7954148
0.8009895
0.7981472
0.7981336
0.8015718
0.797934
0.7938274
0.7996778
0.8003503
0.8010922
0.7993597
0.7966435
0.7983447
0.7989904
0.7974168
0.7975856
0.7986116
0.7991717
0.7991168
0.7984007
0.7986257
0.7977686
0.7895961
0.7892547
0.7871683
0.789143
0.790019
0.7911615
0.7948718
0.7905902
0.7904695
0.7875318
0.7877075
0.7879259
0.7923266
0.7907321
0.7934744
0.7917488
0.7944974
0.8028346
0.7930331
0.8045008
0.8040432
0.8027069
0.8007416
0.801356
0.8043493
0.8053116
0.8018868
0.8048117
0.803321
0.8033633
0.7991743
0.8039216
0.7952307
0.8035714
0.796169
0.7962677
0.7971391
0.796521
0.7962677
0.797013
0.7962248
0.7969703
0.7962677
0.7894848
0.789262
0.7853959
0.7882886
0.786935
0.7872401
0.7895626
0.7871619
0.7878147
0.7903921
0.7910626
0.7871543
0.7871119
0.7878274
0.823324
0.81141
0.8088548
0.820957
0.8332294
0.8235869
0.8040307
0.8094268
0.8004652
0.8159441
0.812053
0.8047709
0.7891639
0.8166455
0.8105773
0.8027922
0.8093852
0.8005478
0.807412
0.8115285
0.8033224
0.8098933
0.8101152
0.8079429
0.8032385
0.8085328
0.8071711
0.8051885
0.8039353
0.8036027
0.8038405
0.8090588
0.8009968
0.8001686
0.8011515
0.8001686
0.799747
0.8008567
0.8012514
0.8010251
0.8008989
0.8008707
0.8000141
0.8037462
0.8035789
0.8017811
0.8062421
0.8029105
0.8062151
0.8080167
0.8062123
0.8051118
0.8036664
0.8024086
0.8026343
0.805769
0.8040451
0.8061431
0.8047792
0.8072829
0.8078265
0.8051304
0.8102261
0.8089434
0.8105139
0.808245
0.8086841
0.8111528
0.8133509
0.8104552
0.8135982
0.8112919
0.810508
0.8036788
0.8101539
0.8078911
0.8086411
0.8067127
0.8068095
0.8070053
0.8068927
0.8068095
0.8068792
0.8066857
0.8074214
0.8068095
0.8060975
0.8053499
0.8054179
0.8029335
0.8049836
0.8064809
0.8075317
0.8023646
0.8063258
0.8056547
0.8073414
0.8066476
0.8033822
0.8057785
0.8104329
0.8124113
0.803368
0.8122391
0.8266349
0.8149954
0.8027939
0.8064562
0.8007367
0.8066459
0.8078863
0.7944983
0.79265
0.8106602
0.8001402
0.7921736
0.7983967
0.796657
0.7951935
0.8034707
0.7962294
0.7961254
0.8000563
0.7969343
0.796144
0.8031662
0.7951884
0.7928233
0.7937815
0.7966834
0.7958156
0.8002665
0.7959184
0.7956753
0.7953901
0.7954191
0.7957607
0.7962018
0.7966799
0.7969691
0.7962438
0.7956189
0.7952627
0.7889758
0.7889758
0.7873018
0.7935022
0.7887995
0.793644
0.7946429
0.7863823
0.7907157
0.7911158
0.7875009
0.7871156
0.792418
0.7926994
0.7908316
0.7891703
0.7894398
0.8022543
0.7982475
0.8030111
0.8030538
0.8026316
0.8002259
0.8015224
0.8038678
0.8046705
0.8023108
0.8085256
0.8041766
0.8055634
0.7955832
0.8040251
0.798245
0.8025769
0.7996896
0.7997884
0.8000705
0.8002116
0.7997884
0.7998589
0.7996613
0.8004937
0.7997884
0.7905867
0.7907902
0.786641
0.789729
0.790255
0.786423
0.7905755
0.7886763
0.7901909
0.7915866
0.7908859
0.7890163
0.7872462
0.7898628
0.8237023
0.8176251
0.8148567
0.8135259
0.8298879
0.8135139
0.8029403
0.8106188
0.8030025
0.8103922
0.8044255
0.8050314
0.8002253
0.8112052
0.7976049
0.7959415
0.8005738
0.7970779
0.7985707
0.8014229
0.7948645
0.7979805
0.7983571
0.7992024
0.7948645
0.8041446
0.8002521
0.7982475
0.7968518
0.799563
0.7993797
0.8018433
0.796597
0.7967801
0.7981943
0.7968651
0.79695
0.7970493
0.798206
0.7983217
0.7976006
0.7978273
0.7965395
0.7985369
0.7984523
0.7983499
0.7984365
0.8000562
0.8002672
0.8025125
0.7999721
0.8010336
0.7981121
0.7953984
0.7952812
0.8002391
0.8009422
0.7990148
0.7987333
0.7987844
0.8097564
0.8015315
0.8094175
0.8087127
0.8069611
0.8075955
0.8082029
0.8114246
0.811476
0.8119688
0.8133788
0.8097398
0.8091182
0.797619
0.8124129
0.8059021
0.811067
0.8039669
0.8033097
0.8032545
0.8037291
0.8033097
0.8033798
0.8031844
0.8041772
0.8033097
0.7949643
0.7986346
0.7976056
0.7932648
0.7970851
0.7992678
0.7984115
0.7992549
0.7987072
0.7966365
0.8010806
0.7968959
0.7913204
0.7974648
0.8192383
0.8100282
0.8053462
0.8133736
0.8281445
0.8111878
0.795519
0.8070459
0.7944944
0.7979289
0.8086261
0.804822
0.8009542
0.8096219
0.7943853
0.791068
0.7944889
0.7939184
0.7914559
0.7978446
0.7913572
0.7901773
0.7952982
0.7908267
0.7913572
0.7945446
0.7943302
0.7900218
0.7942877
0.7912127
0.7927355
0.7961953
0.7936922
0.7938748
0.7956307
0.7944703
0.7938748
0.7939745
0.7947885
0.7949947
0.794101
0.7950092
0.7934637
0.7919898
0.7917343
0.7957245
0.792052
0.7953011
0.7929599
0.7949729
0.7914446
0.7936953
0.7912988
0.7895928
0.7895556
0.7925926
0.7897977
0.7928919
0.792184
0.7929765
0.8040408
0.8023378
0.8039544
0.8036625
0.8049972
0.8021154
0.8032317
0.8060555
0.8073516
0.8044314
0.8080998
0.8069442
0.8053209
0.7986106
0.8072953
0.8030961
0.8038585
0.8015823
0.8015962
0.8012888
0.801764
0.8015962
0.8016662
0.8015545
0.8018762
0.8015962
0.8008701
0.8035639
0.8019587
0.7986067
0.8041172
0.8012614
0.8012444
0.801413
0.8044615
0.8016836
0.8069748
0.8021008
0.7966866
0.8013157
0.8151645
0.8113501
0.8100582
0.8181882
0.8230064
0.8136812
0.7714182
0.6773285
0.7525342
0.7837604
0.7746519
0.6657303
0.7492292
0.7866744
0.8006287
0.7936384
0.8009933
0.7980111
0.8023467
0.7977814
0.796397
0.7993276
0.7963289
0.8010479
0.7957164
0.7976007
0.8012596
0.7940204
0.7913062
0.7971895
0.7963251
0.7994123
0.796002
0.7968651
0.7978551
0.7978836
0.7966951
0.7974737
0.7972715
0.7976434
0.7974308
0.7971485
0.7967095
0.7937853
0.7937853
0.7917604
0.7991131
0.7959097
0.7990848
0.7987187
0.7890619
0.7905601
0.7981968
0.796248
0.7959616
0.7998171
0.7969665
0.7965588
0.797972
0.7952081
0.8053376
0.8036328
0.8082536
0.8082134
0.8079609
0.8085954
0.8059503
0.8101813
0.8098995
0.807816
0.8123868
0.8088256
0.8064516
0.800239
0.8082623
0.8039739
0.8077434
0.8001828
0.8001969
0.8008153
0.8005342
0.8001969
0.8002672
0.8006607
0.8013208
0.8001969
0.7961563
0.8024276
0.8019086
0.8010847
0.8017253
0.805324
0.80396
0.8040465
0.7995507
0.7993514
0.8042687
0.8012091
0.8009442
0.8021886
0.8159137
0.8154552
0.8096288
0.82438
0.8263816
0.8261052
0.7714701
0.6821585
0.7555001
0.7842587
0.773913
0.6828798
0.743357
0.7937541
0.8058746
0.8019433
0.8074915
0.8054991
0.8070041
0.8076303
0.803402
0.8060086
0.803219
0.8038778
0.8028129
0.8068831
0.809749
0.8020141
0.7987022
0.8032626
0.8033329
0.8046706
0.7987869
0.8046195
0.805347
0.805039
0.8040317
0.8049688
0.8059555
0.8061418
0.8047599
0.804563
0.8040455
0.7993669
0.7996202
0.7948772
0.8031452
0.798944
0.8038734
0.8020797
0.7923613
0.793346
0.8019816
0.7983513
0.798237
0.8009002
0.8011819
0.7995072
0.802177
0.7982593
0.80975
0.8119599
0.8118991
0.8113628
0.8127654
0.81158
0.8111878
0.8113365
0.8139535
0.810139
0.8147787
0.8145341
0.8138353
0.8099358
0.8117458
0.8109807
0.8128003
0.8061332
0.8061467
0.8063432
0.8062303
0.8061467
0.8062167
0.8064403
0.8071783
0.8061467
0.8025742
0.806271
0.8036603
0.8069585
0.8063208
0.8055653
0.8042002
0.8023574
0.8053283
0.8067457
0.8048439
0.8039725
0.8056473
0.8016715
0.8174335
0.8160603
0.7983784
0.8105263
0.8208798
0.808488
0.8012603
0.8076164
0.8035236
0.806121
0.8078642
0.7984959
0.7897542
0.8094423
0.7955933
0.7946757
0.7928144
0.7934282
0.7892507
0.801015
0.7935114
0.7953747
0.7960878
0.7922005
0.7930839
0.7972764
0.7968102
0.7885771
0.792517
0.7944779
0.7945487
0.7968158
0.7909749
0.7919297
0.793526
0.7923579
0.7912439
0.792886
0.7915601
0.7927149
0.7931841
0.7923017
0.7915159
0.7920057
0.7917492
0.7939773
0.7968397
0.7938807
0.7989295
0.7956792
0.7972973
0.796508
0.7940469
0.7925984
0.7933329
0.7960192
0.7951092
0.7939347
0.7995076
0.7947081
0.7952233
0.7938327
0.7973497
0.7966281
0.7954401
0.7962427
0.8016866
0.7971086
0.7952778
0.7960452
0.800366
0.7969951
0.7980546
0.7950854
0.7968375
0.7961261
0.7973345
0.797999
0.7975049
0.7975326
0.7975897
0.7975049
0.7975754
0.7972077
0.798549
0.7975049
0.7948065
0.7978866
0.7940512
0.7905324
0.7956565
0.7951237
0.7959701
0.7972392
0.7950797
0.7964796
0.7967033
0.7936744
0.7911604
0.7994233
0.8094564
0.8080579
0.7915194
0.8112608
0.8172867
0.8032997
0.7980135
0.7986225
0.7935663
0.8006812
0.7981987
0.801933
0.7881115
0.8083179
0.7862191
0.7961131
0.7880266
0.7923071
0.7854715
0.7969324
0.7918764
0.7865836
0.7893509
0.7869003
0.7920476
0.7916696
0.7888041
0.782982
0.7937036
0.7928445
0.7930863
0.7902748
0.7875276
0.7914067
0.7934306
0.7925197
0.7910638
0.7919354
0.7926656
0.7929618
0.7932597
0.7917789
0.7910786
0.7813993
0.7808776
0.7849318
0.7862172
0.7830424
0.7876527
0.7846921
0.784871
0.7863755
0.7852822
0.7822552
0.7829933
0.7865065
0.7847984
0.7854297
0.7884206
0.7849639
0.7890553
0.7924568
0.7899213
0.78919
0.7894513
0.7910257
0.7963459
0.7929279
0.7912532
0.7911706
0.794415
0.7896454
0.7955813
0.7900368
0.7943588
0.7917612
0.7914454
0.7882595
0.7877583
0.7880423
0.7877583
0.7877583
0.7878293
0.7877131
0.7886444
0.7877583
0.7923191
0.7882336
0.7900255
0.7891481
0.7877864
0.7888684
0.7871631
0.7905018
0.7896115
0.7941676
0.7906467
0.7874049
0.7890019
0.7921086
0.8114528
0.8041296
0.8027162
0.8073654
0.8148488
0.8079376
0.8022351
0.7991052
0.7940487
0.7936304
0.8061538
0.7931108
0.7903146
0.811263
0.7954673
0.7971035
0.7926881
0.7976434
0.7921099
0.7984321
0.7959429
0.7950791
0.7951137
0.7938572
0.7958578
0.800266
0.796684
0.7948393
0.7981807
0.7973307
0.7974862
0.7996362
0.7941842
0.795816
0.7981658
0.7975157
0.7956457
0.7966808
0.7969026
0.7965108
0.7969776
0.7962701
0.7958304
0.7917934
0.7912803
0.7973124
0.7954385
0.7914484
0.7993947
0.7951271
0.7953159
0.7962132
0.7963878
0.7917021
0.7925223
0.797081
0.7964283
0.7963603
0.7970963
0.7953498
0.7962871
0.7936205
0.796799
0.7971801
0.7981974
0.7965408
0.800211
0.7987607
0.8013361
0.7982098
0.8018417
0.7982246
0.7976736
0.7929132
0.7998451
0.7941239
0.7999156
0.7943047
0.7938079
0.7937496
0.7938079
0.7938079
0.7939638
0.7937641
0.7946019
0.7938079
0.795702
0.7932546
0.7928157
0.790577
0.7907553
0.7936328
0.7959284
0.7957558
0.7929111
0.7958419
0.7955587
0.7920091
0.7918915
0.7941239
0.7307233
0.7125227
0.6933508
0.7260704
0.7371624
0.7190462
0.8066133
0.8127601
0.802341
0.8132806
0.8025085
0.8057549
0.7993455
0.8293054
0.660706
0.657946
0.6644083
0.6635159
0.6591208
0.6659954
0.6568001
0.6692491
0.6617738
0.6589979
0.6569047
0.6688665
0.6643297
0.6584706
0.6582672
0.6583658
0.6583392
0.6644878
0.6565955
0.6630233
0.66628
0.6641623
0.6642658
0.6650155
0.6640292
0.6655319
0.665764
0.665248
0.6629457
0.67634
0.6756301
0.6912716
0.6789075
0.6773058
0.6798685
0.6798655
0.6920647
0.6885803
0.6766036
0.6792813
0.6761006
0.6808738
0.6786097
0.6799389
0.6761934
0.6761831
0.6729705
0.6704143
0.6686705
0.6699268
0.671
0.6689293
0.683745
0.6733502
0.6691863
0.667593
0.6717475
0.6726881
0.672
0.6651213
0.6692373
0.6726713
0.6682863
0.6727119
0.6719207
0.6732483
0.6717164
0.6719207
0.6728139
0.6730695
0.6732483
0.6719207
0.6843912
0.6826293
0.6858555
0.6797456
0.6914869
0.6842747
0.6897387
0.6936154
0.6883196
0.6862043
0.6876613
0.6848762
0.6836836
0.6860032
0.7317182
0.71379
0.6943101
0.7279357
0.7379438
0.7201859
0.8071344
0.8135886
0.803125
0.8144358
0.8028743
0.8068487
0.8003053
0.8301587
0.6630084
0.6605953
0.665567
0.6660239
0.6603018
0.6685943
0.6588317
0.6708948
0.6640769
0.6603846
0.6589358
0.6702095
0.6666155
0.6598613
0.6611193
0.6608042
0.6607779
0.6660538
0.6592512
0.6655348
0.6686687
0.6666667
0.6667695
0.6675143
0.666538
0.6680274
0.6682585
0.6677452
0.6654576
0.6771485
0.6764414
0.691823
0.6796065
0.6784134
0.680564
0.6809629
0.6917305
0.6883518
0.6773109
0.6802804
0.6771136
0.6815655
0.6792093
0.6798292
0.6769019
0.675879
0.6731831
0.6723675
0.6688955
0.6701482
0.6712182
0.6691538
0.6848264
0.6735616
0.6700238
0.6678214
0.6719638
0.6729015
0.6722154
0.6672053
0.6694609
0.6746147
0.6685125
0.6746518
0.6738648
0.6751856
0.6736616
0.6738648
0.6747532
0.6750077
0.6751856
0.6738648
0.685371
0.6837146
0.6869269
0.6804431
0.6925339
0.6854539
0.6907925
0.6946536
0.6893791
0.6871771
0.6887242
0.6859529
0.6843669
0.6871733
0.730006
0.711005
0.6924915
0.7251589
0.7357944
0.7180279
0.8056426
0.8124567
0.8017842
0.8129771
0.8014563
0.8056993
0.7986208
0.828518
0.6595187
0.6566397
0.6631222
0.6621171
0.6577218
0.6647027
0.6553875
0.668074
0.6598592
0.6575999
0.6554923
0.667486
0.6631457
0.6570699
0.6571718
0.6568513
0.6568246
0.6625857
0.655288
0.6616232
0.6647828
0.6627646
0.6628682
0.6636195
0.6626291
0.6641369
0.6643692
0.6638525
0.6615456
0.6748678
0.6741564
0.6900369
0.6774391
0.6758351
0.678402
0.6782981
0.6896474
0.6864464
0.6751304
0.6779155
0.6747275
0.6793088
0.6770386
0.6775626
0.67472
0.6738862
0.6712845
0.6692355
0.6668724
0.6681317
0.6692083
0.6671301
0.6822865
0.6715637
0.6674903
0.6656876
0.6699553
0.6707974
0.6701071
0.6640377
0.6674388
0.6715969
0.6664865
0.6715373
0.6707448
0.6720744
0.6705402
0.6707448
0.6716395
0.6718954
0.6720744
0.6707448
0.6835356
0.6817731
0.6850034
0.6788836
0.690642
0.6836206
0.6888923
0.6927729
0.687372
0.6853504
0.6868119
0.6839216
0.6828261
0.6853514
0.7273539
0.7117647
0.6835639
0.7262179
0.7335161
0.7018289
0.805411
0.8094843
0.8014854
0.7972557
0.7942484
0.8021774
0.7997506
0.8088792
0.6670994
0.6597771
0.6720774
0.66869
0.6620616
0.6741013
0.6602986
0.6732146
0.6685797
0.6670487
0.6598839
0.6730388
0.6701795
0.6660288
0.6636076
0.664121
0.6656392
0.6722484
0.6620599
0.6674871
0.6713201
0.6685113
0.6682042
0.6684344
0.6710456
0.6695592
0.6685626
0.6689713
0.6667949
0.6678941
0.6671784
0.6782174
0.6743351
0.671107
0.6732711
0.6699126
0.671585
0.6725489
0.6726354
0.6714647
0.6694805
0.6763068
0.6673072
0.6706
0.6716167
0.669746
0.671341
0.6727634
0.6702177
0.6726855
0.6708027
0.6723095
0.6683305
0.6703971
0.6756075
0.6690465
0.6742905
0.6726869
0.6731196
0.6722014
0.6718008
0.6738897
0.670856
0.668432
0.6677417
0.6693771
0.667844
0.6677417
0.6686363
0.6687898
0.6689687
0.6677417
0.6756881
0.6810823
0.6830046
0.6800153
0.6826697
0.6872113
0.6854009
0.6875992
0.6871601
0.6749828
0.682518
0.6822224
0.6764841
0.6853465
0.7338344
0.7313433
0.6979495
0.7407462
0.7460013
0.7269872
0.8091996
0.8122831
0.8012695
0.8024095
0.795258
0.8017176
0.8006957
0.8137984
0.67871
0.679718
0.6849409
0.6848929
0.6781959
0.6878287
0.6728001
0.6826675
0.6790999
0.681473
0.6731065
0.6881761
0.6816764
0.6784762
0.6800092
0.6809276
0.6824159
0.6805988
0.6770729
0.6831131
0.6872763
0.6842186
0.6839173
0.6847445
0.6858255
0.685747
0.683869
0.6846682
0.6825336
0.6808641
0.6801589
0.6991846
0.6872243
0.685736
0.6841744
0.6819605
0.6939144
0.6965331
0.6846476
0.6791587
0.6779038
0.685673
0.6764593
0.6794127
0.6820298
0.6805279
0.6931465
0.6916547
0.6887623
0.6910772
0.6936923
0.6899301
0.6904166
0.6902359
0.6932576
0.6866342
0.6943456
0.6935594
0.6917071
0.6905989
0.6899301
0.6916888
0.6880985
0.6865206
0.6858447
0.6869486
0.6856447
0.6858447
0.6867204
0.6869724
0.6859492
0.6858447
0.694335
0.6975113
0.6976253
0.6973983
0.6992476
0.6962829
0.7015239
0.7040786
0.7048959
0.6960272
0.7001729
0.7003088
0.6949371
0.6991417
0.7374103
0.7316529
0.7036501
0.7502192
0.751207
0.7343854
0.8091413
0.8129536
0.8046447
0.807866
0.7987526
0.802676
0.8053042
0.8192578
0.6782193
0.6812357
0.6871133
0.6866793
0.6796117
0.6886055
0.6755743
0.6848549
0.6825144
0.6819729
0.6756757
0.6900316
0.6848673
0.6801911
0.682327
0.6839422
0.6853189
0.6836935
0.6797131
0.6850106
0.6890489
0.6855102
0.6858098
0.6868311
0.6877089
0.6875284
0.6856622
0.6865558
0.6844346
0.6888469
0.6881525
0.7027067
0.6937406
0.6927602
0.6897413
0.6873532
0.6991348
0.7017282
0.690505
0.6859786
0.6845464
0.6900333
0.6823198
0.6863295
0.6895039
0.6891522
0.6897465
0.6905338
0.6854563
0.6879733
0.6920755
0.6880164
0.6882054
0.6883235
0.69154
0.6844225
0.6920345
0.6911509
0.6910809
0.6896786
0.6882152
0.6905663
0.6861868
0.6849097
0.6841346
0.6851374
0.6839347
0.6841346
0.6850095
0.6852611
0.6842385
0.6841346
0.6965564
0.6992193
0.699137
0.6981317
0.7000675
0.69751
0.7042706
0.7057463
0.7033689
0.697748
0.7020576
0.7009304
0.6955832
0.7016177
0.7176067
0.7077952
0.6889567
0.7165486
0.7231879
0.6999537
0.8026706
0.803704
0.7925252
0.805159
0.7958982
0.8024216
0.7946126
0.8127043
0.6556069
0.6451459
0.6572726
0.6538795
0.6518699
0.6626345
0.6496634
0.6645126
0.6595178
0.6552345
0.6493424
0.6668221
0.660964
0.6536379
0.6504194
0.6528612
0.6521945
0.6580963
0.6484945
0.653585
0.6563953
0.6546473
0.6536913
0.6556291
0.6565138
0.656794
0.6550174
0.6548079
0.6529742
0.6761425
0.6757322
0.6754217
0.6798639
0.6767098
0.6824637
0.6776642
0.6763415
0.6640485
0.6785604
0.6737847
0.6730171
0.6771519
0.6778243
0.6722905
0.6796784
0.6787601
0.6563263
0.6565402
0.6550638
0.6554059
0.6517484
0.6554224
0.6612283
0.6566213
0.6582239
0.6554251
0.6611726
0.6546615
0.6546859
0.6544824
0.6581721
0.6573724
0.6570957
0.6559622
0.6551425
0.6557751
0.6552484
0.6551425
0.656068
0.6558022
0.6548219
0.6551425
0.6664842
0.6722637
0.6646084
0.6630034
0.6662506
0.6666927
0.6670303
0.6707621
0.6706294
0.6661709
0.6685874
0.6677336
0.6641563
0.6723388
0.7009094
0.7020424
0.6755776
0.7109703
0.7134351
0.6880591
0.8017643
0.8056632
0.790767
0.8003541
0.7996494
0.7941901
0.7903831
0.8206537
0.6488735
0.6420617
0.6490566
0.645688
0.6472301
0.6517547
0.644552
0.6508871
0.6486572
0.6497685
0.6437986
0.6534483
0.6451282
0.6438886
0.6455295
0.6445468
0.6438726
0.6503217
0.6462806
0.6452815
0.6472638
0.6465695
0.6461404
0.6476688
0.6471568
0.6474547
0.6479063
0.6470542
0.6447723
0.6587028
0.6579669
0.6706019
0.6643761
0.6617934
0.6675497
0.6604542
0.6736737
0.663846
0.6640893
0.6649762
0.6629389
0.6670303
0.659873
0.6614771
0.6638819
0.659613
0.6537008
0.6526432
0.6474308
0.6487362
0.6499684
0.6455345
0.6579815
0.6494276
0.6515701
0.6474684
0.6534825
0.6500118
0.6500355
0.6488749
0.6485332
0.6512399
0.6509702
0.6496172
0.6487917
0.6502801
0.6488984
0.6487917
0.6497238
0.6499882
0.6490009
0.6487917
0.6540856
0.6596695
0.6570689
0.661857
0.6640668
0.6638793
0.6640162
0.6641186
0.6636782
0.6554576
0.6605677
0.6625205
0.6556344
0.6633091
0.8150569
0.813847
0.8123188
0.8105804
0.823209
0.8215359
0.7684776
0.6610865
0.7519425
0.7890335
0.7686497
0.6679876
0.7533937
0.7864598
0.7988835
0.7931571
0.8013393
0.7987908
0.8018539
0.8002532
0.7950617
0.8013531
0.7998881
0.8017271
0.7944664
0.8038984
0.8032753
0.7968356
0.7902301
0.7985647
0.7982123
0.8018526
0.7927941
0.7982413
0.798889
0.7982413
0.7975646
0.7987625
0.7999156
0.7994378
0.7992267
0.7979315
0.7976635
0.8009943
0.8011622
0.7986193
0.8024086
0.8004065
0.8028001
0.8026878
0.798982
0.7995397
0.8018352
0.7994808
0.7996209
0.8039435
0.8033877
0.8028967
0.8006868
0.7994786
0.8032477
0.8074751
0.806834
0.8060441
0.8038722
0.8050059
0.8045302
0.8056002
0.8063142
0.8064786
0.8083118
0.8054062
0.8017658
0.7996633
0.8069245
0.8054001
0.8066564
0.8025478
0.8025616
0.8025901
0.8027292
0.8025616
0.8026316
0.8025201
0.8031766
0.8025616
0.7976207
0.8013449
0.7995652
0.7997468
0.7995514
0.8003789
0.8031287
0.798597
0.7986403
0.7987758
0.802684
0.799368
0.7980837
0.7992565
0.8201169
0.8173634
0.8081805
0.8189907
0.8308976
0.8255243
0.8048132
0.8119081
0.806701
0.8069439
0.8038616
0.7995546
0.7956552
0.8141761
0.7939968
0.7932415
0.7886071
0.7929364
0.7868416
0.8013828
0.7953876
0.7912472
0.7920369
0.7901174
0.7947963
0.7939863
0.788529
0.7873624
0.7934737
0.795668
0.7964131
0.7908341
0.7953335
0.7925536
0.7933722
0.7922142
0.792808
0.7929073
0.7949024
0.793331
0.7937956
0.7932608
0.7921439
0.7959184
0.79575
0.7964172
0.7979184
0.7957485
0.7988971
0.801963
0.7976133
0.7975
0.7963352
0.7954943
0.7949562
0.7982824
0.7978894
0.8004181
0.7968695
0.8004478
0.8103866
0.8031578
0.808733
0.8078681
0.8080305
0.8075856
0.8106595
0.8120384
0.8108575
0.8097841
0.8146284
0.8102876
0.8102483
0.798786
0.8107192
0.8059899
0.8095469
0.7983105
0.7984085
0.7979325
0.7989115
0.7984085
0.7984783
0.7983663
0.7991068
0.7984085
0.8029533
0.8068607
0.8025309
0.7991187
0.801266
0.8035888
0.8041473
0.8003203
0.8017786
0.8034271
0.8048679
0.8029228
0.7983899
0.801892
0.8207016
0.8134052
0.8039881
0.8176066
0.8293675
0.8210468
0.7992978
0.8099387
0.8022216
0.8042899
0.8016408
0.7968216
0.7923045
0.8088308
0.790748
0.7902182
0.784987
0.7895737
0.7838977
0.797634
0.7911864
0.7881504
0.7890236
0.7865948
0.7905914
0.7909853
0.7849916
0.7839072
0.7897735
0.791977
0.7927257
0.7878237
0.7912188
0.7891884
0.7900106
0.7888474
0.7894441
0.7897144
0.7915435
0.7897995
0.7902659
0.7898994
0.788777
0.7909684
0.7907988
0.7929307
0.7934851
0.7908804
0.7939632
0.7975567
0.7930411
0.7940992
0.7914679
0.7901131
0.7895662
0.7941897
0.793792
0.795329
0.7921778
0.7952535
0.8093361
0.8015172
0.8077642
0.8068985
0.8070613
0.806201
0.8088683
0.8112361
0.8090657
0.8084856
0.8132543
0.8092374
0.8087035
0.797977
0.8090922
0.8046848
0.8080011
0.7980883
0.7981863
0.7977944
0.7986891
0.7981863
0.798256
0.798144
0.7988842
0.7981863
0.7982113
0.8018218
0.7978798
0.7947675
0.7960209
0.7985205
0.7992625
0.7951513
0.7975477
0.7986024
0.8002365
0.7970093
0.7939483
0.7973209
0.8198624
0.8147139
0.8067565
0.8160239
0.8296684
0.8206178
0.8008834
0.809922
0.803043
0.8044423
0.8036222
0.7977301
0.7942393
0.8104105
0.7930098
0.7896108
0.7880401
0.7914326
0.7860198
0.7991334
0.7938021
0.7904263
0.791553
0.7893818
0.7932099
0.7925766
0.7873668
0.786115
0.7908676
0.7937443
0.7944063
0.7897604
0.7928181
0.7911339
0.7918685
0.7907941
0.7913886
0.7916579
0.7935683
0.7919124
0.7922078
0.7918422
0.7907238
0.7922269
0.7921423
0.7949306
0.794486
0.7923934
0.7954688
0.7987171
0.7948736
0.7962641
0.7928957
0.7923061
0.7917631
0.7951049
0.7952144
0.7973341
0.7930117
0.796508
0.8086608
0.7998328
0.807088
0.8062214
0.8067151
0.8057714
0.8077802
0.8099876
0.8088846
0.8073966
0.8116802
0.8087269
0.8078627
0.7973765
0.8075911
0.8031726
0.8075725
0.796564
0.7966622
0.796185
0.7971662
0.7966622
0.7967321
0.7966196
0.7973614
0.7966622
0.7996232
0.8033879
0.799206
0.7954307
0.7974348
0.8003483
0.8007503
0.7962317
0.7983714
0.8000977
0.8021383
0.799512
0.7947819
0.7984809
0.8302082
0.819922
0.8105389
0.8260119
0.8369096
0.8332761
0.8133722
0.8100948
0.8132401
0.8163138
0.8182317
0.7991509
0.8022989
0.8316118
0.8092652
0.8038424
0.8061844
0.8067717
0.8047938
0.813243
0.8046169
0.8058681
0.8096223
0.8061492
0.804118
0.808625
0.8080954
0.8049741
0.8059701
0.8033974
0.8048814
0.8086556
0.802812
0.805488
0.8074495
0.8049069
0.805405
0.8056675
0.807059
0.8067448
0.805461
0.8062613
0.8050865
0.8033743
0.8030419
0.8003459
0.8022819
0.8018776
0.8025043
0.8036409
0.7955398
0.7995149
0.8017955
0.7984512
0.7981703
0.8018093
0.802005
0.800599
0.8034871
0.8042251
0.8122024
0.8066551
0.8121939
0.8115812
0.8119051
0.8124525
0.8067938
0.8118832
0.8146362
0.8120944
0.8147995
0.8123491
0.8165567
0.8059619
0.8144983
0.8077403
0.8100505
0.8063219
0.8064181
0.8061161
0.8065008
0.8064181
0.8064874
0.8065433
0.8069434
0.8064181
0.8109959
0.8098397
0.8073515
0.8064763
0.8075806
0.8089833
0.8108369
0.8093659
0.8084122
0.810315
0.8092541
0.8088184
0.8061735
0.8113273
0.7991273
0.7971742
0.7968491
0.7966077
0.8162776
0.7995854
0.7876246
0.7920452
0.7897216
0.7874497
0.7962008
0.786912
0.7741587
0.793807
0.7811433
0.7793811
0.779054
0.786738
0.778206
0.7881295
0.7817804
0.7769758
0.7795157
0.7803559
0.7815186
0.7791096
0.7763469
0.7722545
0.7819926
0.7851122
0.7851836
0.780743
0.7832118
0.7862595
0.786835
0.7859997
0.7862595
0.7867076
0.7870046
0.7880903
0.7874403
0.7861169
0.7858417
0.7750162
0.7748401
0.7768907
0.7775226
0.774655
0.7804668
0.7818377
0.7749929
0.7756429
0.776485
0.7746459
0.7742423
0.7787814
0.7774826
0.7769882
0.7796792
0.7814004
0.7851894
0.7805542
0.7852
0.784634
0.784206
0.7844901
0.7846132
0.7872855
0.7855869
0.7880125
0.7901621
0.784746
0.7912556
0.7821924
0.7906217
0.7836659
0.7838783
0.782043
0.7821457
0.7825186
0.7825807
0.7821457
0.7822171
0.7820119
0.7829535
0.7821457
0.7789103
0.7823664
0.7812254
0.7753837
0.7800901
0.7805629
0.7786762
0.7770847
0.7822086
0.7778177
0.7819506
0.7823071
0.7803302
0.7814309
0.8164293
0.8071983
0.8106226
0.8139033
0.8238364
0.8055435
0.7908673
0.7950939
0.7849572
0.7923757
0.796515
0.7848432
0.7761961
0.812659
0.7988424
0.7931509
0.7941219
0.7933603
0.7917087
0.7970386
0.7921344
0.7943966
0.7916486
0.7927145
0.7916969
0.7968593
0.7920478
0.7914596
0.7938264
0.7932981
0.7942431
0.7952671
0.7937392
0.7923545
0.7936347
0.7927041
0.7923545
0.7922821
0.7932034
0.7938539
0.7931109
0.7931708
0.7919322
0.7865593
0.7863831
0.7904536
0.7905714
0.7869947
0.7923778
0.7911269
0.7919569
0.7938285
0.7874256
0.7841653
0.7836794
0.791739
0.7874628
0.7882788
0.7903576
0.7899331
0.7998706
0.7948181
0.8023656
0.8022372
0.8005168
0.8006468
0.8048815
0.8028098
0.8046562
0.8027684
0.8066223
0.8017507
0.8058218
0.7954873
0.8048553
0.8012221
0.8019227
0.7967298
0.7968311
0.7972924
0.7972642
0.7968311
0.7969031
0.7966138
0.7976388
0.7968311
0.7867016
0.792004
0.7905933
0.7857299
0.789885
0.7916908
0.7905615
0.7892412
0.7933968
0.7865774
0.7946242
0.7906404
0.7885818
0.7936783
0.8205532
0.8076003
0.8135176
0.8185467
0.825817
0.8075029
0.7917213
0.798999
0.7887375
0.7931412
0.7994255
0.7891235
0.7823358
0.8134892
0.7993287
0.7944324
0.7949602
0.7963791
0.7928977
0.7986587
0.7938539
0.7946288
0.7942298
0.7950244
0.7935922
0.79709
0.7926294
0.7924759
0.7955398
0.7960583
0.796999
0.7969645
0.795366
0.795466
0.7967398
0.7958138
0.795466
0.7953938
0.7960541
0.7965234
0.7962188
0.7962776
0.7950459
0.7910944
0.7909196
0.7938078
0.7944721
0.7896032
0.7963537
0.7956315
0.7944401
0.795702
0.7911722
0.7881073
0.787628
0.7957183
0.7912987
0.7924556
0.7946055
0.7942903
0.8026816
0.798691
0.8055039
0.8053768
0.8036647
0.8037979
0.8089431
0.8054344
0.807445
0.8057364
0.8094864
0.8037812
0.8080931
0.7990083
0.8073873
0.8053148
0.8049793
0.801191
0.8012912
0.8016642
0.801721
0.8012912
0.801363
0.8011625
0.8020938
0.8012912
0.7867636
0.7918022
0.788814
0.7858808
0.7900333
0.7910513
0.7907968
0.7893023
0.7937171
0.7869043
0.7950306
0.7907886
0.7889075
0.7931283
0.8061325
0.7948245
0.7975743
0.8044195
0.8201678
0.8058225
0.7859015
0.7933441
0.7879814
0.784343
0.787464
0.7807611
0.7690825
0.8006529
0.7848048
0.78216
0.7826758
0.7855483
0.7827826
0.7871786
0.7831427
0.7825202
0.7831342
0.7815592
0.782885
0.7863092
0.7801084
0.7787636
0.7831793
0.7846262
0.7844396
0.7832212
0.7830076
0.7843898
0.7857294
0.7848182
0.785075
0.7848333
0.78581
0.7857746
0.7854727
0.7851053
0.7839763
0.7756129
0.775179
0.783275
0.7790352
0.7758645
0.7803844
0.7794118
0.7816793
0.7835131
0.776368
0.7720259
0.7718861
0.7788074
0.7771793
0.777038
0.7798658
0.7794024
0.7907498
0.7847638
0.7933757
0.7930793
0.7921533
0.7908313
0.7912026
0.7950722
0.7955307
0.7940169
0.7982163
0.7931059
0.7956734
0.7854279
0.7972389
0.7892666
0.7927682
0.7870741
0.7871743
0.7875404
0.7873446
0.7871743
0.7872445
0.786959
0.787966
0.7871743
0.7738104
0.7813999
0.7788931
0.7709984
0.7769917
0.7795303
0.7791346
0.7764406
0.7816748
0.7741178
0.7834776
0.7808239
0.7753041
0.782195
0.8109323
0.801616
0.8030099
0.8097177
0.8238688
0.8089477
0.7877107
0.7909801
0.7875585
0.7896085
0.7924104
0.778913
0.7698709
0.8042257
0.7901554
0.7881638
0.7877872
0.791191
0.7871249
0.7946931
0.7882835
0.7876318
0.7883371
0.7882848
0.7878552
0.7899684
0.784546
0.7843151
0.7893437
0.7904466
0.7906025
0.7882402
0.7890018
0.7894402
0.7906058
0.7898673
0.7894402
0.7897968
0.7901801
0.7902236
0.7906058
0.790409
0.7890277
0.7813696
0.7811968
0.781886
0.7837512
0.7817086
0.7863
0.7841263
0.7829392
0.7834108
0.7812633
0.7777145
0.7779281
0.7852444
0.7820749
0.7824484
0.7857799
0.7848263
0.7904306
0.7869003
0.7931567
0.7931131
0.7901408
0.7917048
0.7960586
0.7943551
0.7945619
0.793038
0.7970974
0.7924608
0.7960586
0.7900409
0.7968728
0.7934553
0.792206
0.7913441
0.7914439
0.7918953
0.7915289
0.7914439
0.7915142
0.7913998
0.7922352
0.7914439
0.7785455
0.7837876
0.7831752
0.77592
0.781188
0.782695
0.7836691
0.7804653
0.7855177
0.7783321
0.78715
0.7827814
0.7802151
0.7841528
0.8151956
0.8023321
0.8026178
0.8116232
0.8231987
0.8096327
0.7936231
0.7931227
0.7936265
0.7890636
0.794675
0.7895284
0.772894
0.8038157
0.7937775
0.7886558
0.7927965
0.7886932
0.7926468
0.7987552
0.7896165
0.7913932
0.7915888
0.7918621
0.7891109
0.7923512
0.7884562
0.7878074
0.7921699
0.7909887
0.7913104
0.794563
0.7886383
0.7883115
0.7884508
0.7882271
0.7882271
0.7887481
0.7888718
0.7891696
0.7892099
0.7891
0.7879041
0.7901603
0.7902442
0.786006
0.7897151
0.7885591
0.7917852
0.7899125
0.7898006
0.7892628
0.7874547
0.7866992
0.7869138
0.7947689
0.7897664
0.7898722
0.7926136
0.7935614
0.7949055
0.7913659
0.7965739
0.7964486
0.7936167
0.7960708
0.7970984
0.7987447
0.7975401
0.7974579
0.8006065
0.7971405
0.7991724
0.7941034
0.7994758
0.7975384
0.7964755
0.7963795
0.7964767
0.7968361
0.796144
0.7964767
0.7965458
0.7962681
0.7971685
0.7964767
0.7837063
0.7895797
0.7903248
0.7822552
0.787626
0.7891076
0.7917186
0.78928
0.7921799
0.7849455
0.7934422
0.7903696
0.7858541
0.7942031
0.802563
0.7976789
0.7942788
0.8064742
0.8219358
0.8080426
0.7791004
0.7904823
0.7829507
0.7855011
0.7852821
0.773443
0.7650516
0.7981358
0.7826239
0.7790854
0.7766093
0.7802548
0.7762879
0.7847306
0.779643
0.7774016
0.7774952
0.7768694
0.7793836
0.7804518
0.7736637
0.7756039
0.7786438
0.7795806
0.7806018
0.7797468
0.7791628
0.7786519
0.7799179
0.7791711
0.7786519
0.7791002
0.7794723
0.780051
0.7798315
0.7793753
0.7782347
0.7785871
0.7784143
0.778863
0.7825136
0.7784931
0.7847985
0.7832311
0.777512
0.7800422
0.7794284
0.7753654
0.775316
0.7814266
0.7806689
0.778627
0.7829091
0.7803874
0.7908721
0.7830841
0.7912173
0.7910887
0.7915996
0.7897655
0.7931855
0.794354
0.7939695
0.7929586
0.7966634
0.7932289
0.7941135
0.7831512
0.795094
0.7871726
0.7913689
0.7844615
0.7844767
0.7847584
0.7849046
0.7844767
0.7845471
0.7843455
0.7851862
0.7844767
0.7767128
0.781175
0.7790114
0.7735661
0.7750284
0.7780061
0.7776128
0.7775104
0.779472
0.7770203
0.783683
0.7803395
0.775073
0.7815411
0.8109114
0.8039729
0.804859
0.8089454
0.8277485
0.8101826
0.7871871
0.796864
0.7908095
0.7899452
0.7935873
0.7912543
0.7764546
0.8017383
0.7969663
0.7931034
0.7926138
0.7961846
0.7922932
0.8
0.7928803
0.7937251
0.7929972
0.7928482
0.7926254
0.7956179
0.7905069
0.790613
0.7943531
0.795196
0.7967873
0.7946572
0.7942685
0.794789
0.7960286
0.7950428
0.7947043
0.7950572
0.7955296
0.7960716
0.7959441
0.7955789
0.79438
0.7908759
0.7907058
0.7938532
0.7935683
0.7918072
0.79616
0.7959641
0.7923646
0.7934259
0.7918864
0.787201
0.7868192
0.793936
0.7920096
0.7916051
0.7950515
0.793643
0.7988811
0.7918425
0.7996368
0.7997625
0.7987562
0.7995525
0.799329
0.8030789
0.8032067
0.8006983
0.8053719
0.8017157
0.8034271
0.7953749
0.8045673
0.7985153
0.7996227
0.7957396
0.7958383
0.7963715
0.7961757
0.7958383
0.7959084
0.7956266
0.7962029
0.7958383
0.7864922
0.7924979
0.7887433
0.7836515
0.7882245
0.7909187
0.787691
0.7859713
0.7900358
0.785598
0.7929293
0.78947
0.7863466
0.7909021
0.8046898
0.7991729
0.7998109
0.8069734
0.8215709
0.8069531
0.7881054
0.7924938
0.7841627
0.7931134
0.7966962
0.7839671
0.7752735
0.7969287
0.7941281
0.7909222
0.7906078
0.7957267
0.79002
0.7990259
0.7939085
0.7909689
0.7923826
0.7908506
0.7936485
0.7932562
0.7876634
0.7889908
0.7920322
0.7950614
0.794614
0.7950271
0.7937671
0.7940395
0.7950484
0.7943858
0.7933463
0.7944871
0.7941896
0.795611
0.7951349
0.7938959
0.7936211
0.7882082
0.788121
0.7898121
0.7922712
0.7893374
0.7943201
0.794552
0.7888865
0.7910117
0.7889809
0.7869763
0.7870237
0.7913462
0.7926724
0.7897388
0.7937908
0.7916456
0.7991713
0.7947523
0.800713
0.8006704
0.7996432
0.7972799
0.8009986
0.8013259
0.8031631
0.8019675
0.8049509
0.8007846
0.8039843
0.7951583
0.8045535
0.7989698
0.8001855
0.7967375
0.7968381
0.7972103
0.7972683
0.7968381
0.7969097
0.7966223
0.7975543
0.7968381
0.7851975
0.7917834
0.7867186
0.7814021
0.7846109
0.7869361
0.7875648
0.7833502
0.7868251
0.7856884
0.7917055
0.7865858
0.7827539
0.7907595
0.8129426
0.8034097
0.8063261
0.8081383
0.8265631
0.8059354
0.7821026
0.7928835
0.7853388
0.7877298
0.7920034
0.7785897
0.7713958
0.8009127
0.7900042
0.785866
0.7855886
0.7871077
0.7850106
0.7900275
0.7852135
0.7868841
0.7856237
0.7846392
0.7849554
0.7877766
0.7826793
0.7821056
0.7862801
0.7872145
0.787371
0.7868979
0.785507
0.7857749
0.787204
0.7862045
0.7857749
0.7859619
0.7865137
0.7861337
0.7869467
0.7864922
0.7853603
0.7809598
0.780787
0.7860951
0.7838584
0.7830242
0.7864057
0.7862088
0.7850119
0.7868473
0.7809395
0.777999
0.7780387
0.7852648
0.7850269
0.7824701
0.7851135
0.7847607
0.7939317
0.7880327
0.7963015
0.7961743
0.794825
0.793421
0.7983487
0.7974941
0.7980392
0.7965234
0.7993005
0.7949348
0.7986009
0.7916755
0.7993285
0.7931326
0.7955263
0.7939917
0.7940908
0.7945407
0.7945138
0.7940908
0.794161
0.7938781
0.794879
0.7940908
0.7774373
0.7869848
0.7844011
0.7759446
0.7824179
0.7846121
0.7848923
0.7831624
0.7867362
0.7775718
0.7886213
0.7837512
0.7792818
0.7897367
0.8073707
0.8025641
0.7946801
0.8090999
0.8240022
0.8121913
0.7857296
0.7925672
0.7856684
0.7879874
0.7924528
0.7863272
0.776933
0.8004737
0.7883937
0.7857652
0.7846263
0.7857194
0.784647
0.7943217
0.7864057
0.7851579
0.785005
0.7845316
0.7862329
0.7877739
0.782905
0.7826735
0.7862682
0.7874671
0.7884
0.7871469
0.7845387
0.7842886
0.7850374
0.7846351
0.7842886
0.7847371
0.7851181
0.7854294
0.7855566
0.7846658
0.7838705
0.7896339
0.7893768
0.7890735
0.7914071
0.7874831
0.7940242
0.7939972
0.7872205
0.79
0.7878186
0.7868759
0.7866638
0.7921205
0.7909464
0.7881368
0.7932472
0.7908729
0.7946473
0.7890631
0.796265
0.7957126
0.7953744
0.7936227
0.7967153
0.7975495
0.7998734
0.7977599
0.8012226
0.7963342
0.7978169
0.7911831
0.7997327
0.795294
0.7958248
0.7916372
0.7917374
0.7920204
0.7921646
0.7917374
0.7918081
0.7916077
0.7921913
0.7917374
0.782
0.7883538
0.7827326
0.7787655
0.7830759
0.7865776
0.7868539
0.7837376
0.7854354
0.7826584
0.7879368
0.7867501
0.7791398
0.787083
0.8166469
0.8055125
0.8096781
0.8094604
0.827734
0.8146001
0.791012
0.8021345
0.7962052
0.7922188
0.7969121
0.7843953
0.7831905
0.8041457
0.8029863
0.7959341
0.7991943
0.7979021
0.7973715
0.8044584
0.7959641
0.7982066
0.7969055
0.7980836
0.7957954
0.8
0.7955243
0.7953738
0.7967525
0.7986014
0.7989233
0.7984588
0.7961627
0.796007
0.7974949
0.7961757
0.79626
0.7969483
0.7969999
0.7973692
0.7970741
0.7969625
0.7958526
0.7958199
0.7956516
0.7952318
0.7975683
0.7936252
0.7998047
0.7986038
0.7962629
0.7962319
0.7946347
0.7921841
0.7917252
0.7987716
0.7980433
0.7956199
0.7979474
0.7985843
0.8
0.7961939
0.8018375
0.8016293
0.7997909
0.7997487
0.8035329
0.803518
0.8016448
0.802812
0.8065524
0.8032411
0.8032832
0.7991071
0.8041725
0.8020637
0.8013236
0.7997211
0.7998187
0.8000976
0.800237
0.7998187
0.7998884
0.7995257
0.8005158
0.7998187
0.7858556
0.7932146
0.7921021
0.7831018
0.7898876
0.7905358
0.7920695
0.7884115
0.7934653
0.7859919
0.7955832
0.7895144
0.7866535
0.7944141
0.8104053
0.7986392
0.796954
0.81086
0.8279555
0.8110115
0.7833393
0.7903169
0.7887035
0.7889465
0.7893738
0.7761935
0.7750303
0.8049784
0.7927093
0.7874232
0.7886663
0.789255
0.7877514
0.7941135
0.788654
0.787917
0.7904028
0.7875499
0.7883978
0.7891457
0.787143
0.7836697
0.7896256
0.7900444
0.7903703
0.7892013
0.7880902
0.7881009
0.7887542
0.7885279
0.7881009
0.7883721
0.7888387
0.7885428
0.7890102
0.788387
0.7876886
0.782621
0.782449
0.7869587
0.7867061
0.7854474
0.7897476
0.7875907
0.7842615
0.786605
0.7838067
0.7822643
0.7823933
0.7867362
0.7848718
0.7839537
0.78761
0.7871844
0.7945215
0.7909378
0.7948628
0.7945666
0.7947372
0.7938433
0.7980863
0.7972331
0.7976931
0.7970214
0.7997069
0.7970366
0.7970781
0.7898103
0.7974692
0.794994
0.7946779
0.7905163
0.790616
0.790897
0.7903611
0.790616
0.7906862
0.7904869
0.7912366
0.790616
0.7811968
0.7857999
0.7833887
0.7770261
0.7794222
0.784286
0.782937
0.7825811
0.786237
0.7821958
0.7882899
0.7858302
0.7786156
0.7856488
0.8083058
0.8034605
0.7954805
0.8107673
0.8242962
0.8111687
0.7819297
0.7934644
0.7868829
0.7881525
0.7894404
0.7781635
0.7685086
0.8019063
0.7831893
0.7820722
0.7793235
0.7855578
0.7783979
0.7871934
0.7831445
0.7813183
0.7801258
0.7798379
0.7828859
0.7835879
0.7756042
0.7771962
0.7824054
0.7844608
0.7850474
0.7803073
0.7830088
0.7839655
0.7849668
0.7843956
0.7838794
0.7844108
0.7847886
0.78527
0.7849668
0.784598
0.7835504
0.7790615
0.7788884
0.7801084
0.7833404
0.7802649
0.7859713
0.7834571
0.7810763
0.7817184
0.7802509
0.7773121
0.7763944
0.783285
0.7830456
0.7792751
0.7834782
0.782513
0.7903509
0.788536
0.7916316
0.7911632
0.7911664
0.7880454
0.794365
0.7926607
0.794897
0.7918511
0.7942208
0.7930551
0.7941115
0.7877465
0.7941651
0.7909923
0.7895737
0.7875159
0.7876162
0.7878126
0.7880431
0.7876162
0.7876867
0.7874859
0.7883248
0.7876162
0.7765753
0.7829468
0.7796598
0.7754316
0.7790533
0.7825441
0.7805051
0.7785026
0.7831334
0.7781888
0.7846816
0.7828887
0.776328
0.7856287
0.8150704
0.8114634
0.806413
0.8178978
0.8262431
0.8189583
0.7896076
0.7982006
0.7900486
0.79872
0.7981198
0.7864214
0.7804999
0.812157
0.7961152
0.7934394
0.7916027
0.7945704
0.7906928
0.7966979
0.7929633
0.7931323
0.7937526
0.7901527
0.7927094
0.7954387
0.7896687
0.7892677
0.7944305
0.7944266
0.7955086
0.7946491
0.7937553
0.7931759
0.7942453
0.793345
0.7931759
0.7933595
0.793998
0.7947103
0.7942453
0.7934585
0.7927675
0.7894405
0.7892707
0.789393
0.7927196
0.7902005
0.7949686
0.7941834
0.7875593
0.7901415
0.7900239
0.7855132
0.7854727
0.7929176
0.7916725
0.789913
0.7925967
0.7921119
0.8001114
0.7927751
0.8015283
0.8013204
0.8009034
0.7996099
0.8019733
0.8030398
0.8044956
0.8030829
0.8036656
0.8028462
0.8034698
0.7913982
0.8032776
0.7974021
0.8009317
0.7937063
0.7938051
0.7942534
0.7942266
0.7938051
0.793875
0.7935931
0.7941691
0.7938051
0.7847163
0.788938
0.7862016
0.7824795
0.7839741
0.7847878
0.785408
0.7839437
0.7856239
0.7847663
0.7906456
0.7862423
0.7848262
0.7859755
0.8128937
0.804558
0.8016312
0.8113498
0.8281963
0.8114186
0.7872053
0.7985632
0.7878273
0.790389
0.7931735
0.7841935
0.7759652
0.8040329
0.790415
0.7861182
0.7842172
0.7876993
0.7830401
0.7929943
0.7870959
0.7855136
0.7839076
0.7837819
0.7869246
0.7887028
0.781563
0.7829637
0.7877292
0.7883191
0.7881332
0.7862954
0.7861027
0.7857698
0.7865113
0.7861986
0.7857698
0.7862137
0.7865931
0.7876693
0.7867683
0.7864002
0.7853559
0.7852609
0.7850896
0.7848128
0.7900991
0.7878212
0.792617
0.7910637
0.7838995
0.7859046
0.7877272
0.784736
0.7846947
0.7905538
0.7897255
0.7887255
0.7909966
0.7899901
0.7955182
0.7914296
0.7982964
0.7977505
0.7985064
0.7959384
0.8006693
0.7994837
0.8006976
0.7991062
0.8037851
0.7989529
0.8011708
0.7909819
0.8019788
0.7947243
0.7981978
0.7918568
0.7919562
0.7923217
0.79238
0.7919562
0.7920264
0.7917427
0.7926607
0.7919562
0.7838488
0.7906421
0.7894404
0.781862
0.784394
0.7869234
0.7876231
0.7854776
0.7875826
0.7842429
0.7901425
0.7885469
0.7832683
0.7887037
0.809148
0.8031612
0.8046292
0.8105981
0.8258384
0.8110801
0.7856183
0.7949132
0.7883777
0.7878466
0.788623
0.7808325
0.7690938
0.7994897
0.7900188
0.7884656
0.7854647
0.7907921
0.7845509
0.7911441
0.7881594
0.786243
0.7864336
0.7854551
0.7879043
0.7890739
0.7837686
0.7828583
0.7888725
0.790222
0.791308
0.7892979
0.7884481
0.7889683
0.7903802
0.7893926
0.7888834
0.7894921
0.7897026
0.7902548
0.7898718
0.7895917
0.7885586
0.7818962
0.7818105
0.7856297
0.7880062
0.7838578
0.7900958
0.7883754
0.784129
0.7870532
0.78453
0.7817977
0.7813249
0.7887146
0.7872072
0.7852731
0.7871207
0.7858401
0.7929085
0.789249
0.7961043
0.7958942
0.7949735
0.7940848
0.7978036
0.797038
0.7969098
0.7976637
0.7989161
0.7932333
0.7985552
0.7917627
0.7986936
0.7940519
0.7970097
0.7942304
0.7937404
0.7941033
0.7941607
0.7937404
0.7938101
0.7936132
0.7944394
0.7937404
0.7818515
0.7862553
0.7845409
0.7798671
0.7821441
0.7856039
0.7843467
0.7816852
0.7845625
0.7837019
0.7887304
0.7854333
0.782044
0.7886526