0.6858683
0.6862821
0.6856659
0.6446793
0.6583817
0.7000532
0.6569051
0.6589031
0.6577953
0.6587439
0.6582428
0.6393416
0.6421306
0.6428743
0.6404873
0.6412434
0.6411859
0.6405899
0.642085
0.641192
0.6196944
0.6326075
0.6324389
0.6345385
0.634357
0.6346477
0.6537645
0.6583333
0.644764
0.6583549
0.7000532
0.6845864
0.6569051
0.6396008
0.6196944
0.6326075
0.6537645
0.6583333
0.7983097
0.7996162
0.8095904
0.8080398
0.8031586
0.8010412
0.7987736
0.8066283
0.8000564
0.7985876
0.6578762
0.6440384
0.6429872
0.6479886
0.6571048
0.6500828
0.6600905
0.661013
0.6511537
0.6555417
0.6672378
0.6712762
0.6588338
0.6677235
0.6638261
0.6610808
0.63262
0.6504987
0.7953615
0.6583044
0.6856203
0.6826357
0.6847264
0.6831567
0.6792185
0.6933779
0.6933779
0.672956
0.6825819
0.6807026
0.6112907
0.664654
0.6563667
0.6723293
0.6773509
0.6798304
0.6798304
0.6799843
0.6800094
0.6824277
0.6839796
0.6662727
0.6552934
0.6454014
0.6561875
0.6622733
0.6514413
0.6390212
0.6793076
0.6729038
0.6734084
0.6737471
0.6740435
0.6746669
0.6747664
0.640064
0.6507196
0.6786822
0.644282
0.6436837
0.6431992
0.6434102
0.6428971
0.6291572
0.6277295
0.6298307
0.6271709
0.6300527
0.6282145
0.6277183
0.6279108
0.6282238
0.5995723
0.6221488
0.6204829
0.6212845
0.619314
0.6210612
0.6269714
0.6332022
0.6401503
0.6512253
0.6786822
0.675661
0.644282
0.6290947
0.5995723
0.6221488
0.6269714
0.6332022
0.7971817
0.7928167
0.8042529
0.7990376
0.7973331
0.8003671
0.7969845
0.7997167
0.7988669
0.7943998
0.6488387
0.6358942
0.632493
0.6370246
0.6623346
0.6331759
0.6578679
0.6632075
0.6537585
0.6395146
0.657489
0.6625987
0.6472484
0.6501289
0.6205162
0.6441658
0.6214245
0.6279833
0.7885437
0.6506387
0.6736942
0.6748534
0.6744591
0.6734888
0.6693728
0.6778926
0.6778926
0.6607257
0.6699106
0.6655266
0.5764445
0.6478419
0.6365694
0.6621686
0.6581408
0.6661098
0.6661098
0.6669052
0.6669316
0.670027
0.6675947
0.6778665
0.6295119
0.6272676
0.6334639
0.6587149
0.6224949
0.6446488
0.6744278
0.6530858
0.6505299
0.6606645
0.6789531
0.679777
0.6795666
0.6316212
0.6473472
0.6743464
0.644448
0.6453613
0.6450946
0.6447661
0.6442553
0.6356279
0.6366634
0.6368679
0.6358884
0.6363198
0.6366999
0.6359907
0.6367291
0.6368167
0.6080894
0.6264626
0.6278135
0.627503
0.627763
0.6280547
0.6399555
0.6399362
0.6317099
0.6480677
0.6743464
0.6784998
0.644448
0.6352347
0.6080894
0.6264626
0.6399555
0.6399362
0.8079875
0.8052509
0.8112826
0.8037961
0.8097092
0.8111088
0.8067927
0.8113326
0.8114078
0.8077112
0.6470727
0.6397471
0.6263331
0.6339457
0.6556271
0.6344635
0.6426201
0.6640545
0.6564235
0.6530117
0.6636988
0.6603713
0.6515261
0.6688847
0.6405414
0.6477402
0.6355987
0.6341205
0.7940902
0.6579776
0.6833556
0.6838801
0.6854523
0.6828502
0.6796377
0.67651
0.67651
0.6650846
0.6768977
0.6760331
0.5963795
0.658149
0.6521878
0.6821213
0.6729738
0.6742114
0.6742114
0.6747852
0.6751241
0.6754711
0.6765169
0.6784571
0.644373
0.6308165
0.6531676
0.6793658
0.6263119
0.6473186
0.6738838
0.6599952
0.6594814
0.6520035
0.6718372
0.6724608
0.6723547
0.6346216
0.664739
0.6942086
0.6614951
0.6627642
0.6617659
0.6620804
0.6617913
0.6335878
0.6345083
0.6362538
0.6338414
0.6369124
0.6345456
0.6337233
0.6345751
0.6349936
0.6027375
0.6218501
0.6231931
0.6231018
0.621473
0.6229905
0.6630937
0.6481834
0.6347094
0.6654429
0.6942086
0.6713021
0.6614951
0.6328646
0.6027375
0.6218501
0.6630937
0.6481834
0.8055754
0.8081708
0.8117532
0.8046842
0.8120359
0.8129055
0.8066755
0.8094704
0.8043509
0.8040693
0.6624492
0.6374227
0.6427098
0.6398599
0.6612676
0.648217
0.656908
0.6807934
0.6767926
0.6452122
0.6642958
0.674927
0.65504
0.6710745
0.6449891
0.6700168
0.6325404
0.6432332
0.7893329
0.6678431
0.6789909
0.6811811
0.6823474
0.6821187
0.6816034
0.6864387
0.6864387
0.6677996
0.6748012
0.6768528
0.5824576
0.6619628
0.6490162
0.6664017
0.6749429
0.6848907
0.6848907
0.6853519
0.687329
0.6867564
0.6862469
0.6790654
0.6513732
0.6340635
0.6424409
0.6729625
0.649231
0.6477017
0.6766935
0.662736
0.6693019
0.6788321
0.6739944
0.6747213
0.6744077
0.6461734
0.6642913
0.6836372
0.6592499
0.6603059
0.6598312
0.6594066
0.6586926
0.6385436
0.639591
0.6394656
0.6384863
0.6400129
0.6399549
0.6386988
0.6392176
0.6388665
0.6112607
0.6166113
0.6161477
0.616729
0.6167723
0.618077
0.6392789
0.6455414
0.646258
0.6649969
0.6836372
0.6738641
0.6592499
0.638477
0.6112607
0.6166113
0.6392789
0.6455414
0.7983906
0.7957505
0.8030741
0.7975051
0.8022284
0.8023969
0.7991094
0.8007362
0.7992067
0.7949975
0.6328962
0.6116638
0.6170351
0.6219798
0.6466999
0.623296
0.6317597
0.6408124
0.6343855
0.6233943
0.6330128
0.6595489
0.6584333
0.6402078
0.6454722
0.6438814
0.6385425
0.6426136
0.789767
0.6601746
0.6776285
0.6745937
0.6778683
0.6744905
0.6752279
0.6828329
0.6828329
0.6618419
0.6648923
0.6622797
0.5720883
0.6309855
0.6399129
0.6727157
0.6602267
0.6798204
0.6798204
0.6805982
0.6805195
0.6818039
0.6870786
0.6636839
0.6392036
0.6547847
0.6530727
0.6587659
0.6557534
0.6498151
0.6535769
0.6537843
0.666111
0.6494133
0.6751518
0.6753621
0.6758733
0.6277531
0.6460928
0.6751632
0.6393939
0.6413843
0.6406812
0.6411097
0.640595
0.6223538
0.6237994
0.6258023
0.6232403
0.6256906
0.6241764
0.6241256
0.6243188
0.6244105
0.5909806
0.6191245
0.6203516
0.6211532
0.6192947
0.6210415
0.6292667
0.6328514
0.6278432
0.6466016
0.6751632
0.6740919
0.6393939
0.6222943
0.5909806
0.6191245
0.6292667
0.6328514
0.7964468
0.794244
0.8027772
0.7964407
0.7985823
0.7970984
0.7919835
0.7969482
0.7992497
0.7936722
0.6378404
0.634571
0.6166424
0.6344938
0.6569475
0.6262269
0.6460736
0.6520567
0.6398477
0.6314614
0.6470355
0.6638515
0.6423027
0.647818
0.6228807
0.6365944
0.6119637
0.6294233
0.7880632
0.645767
0.6720882
0.67367
0.6740113
0.6717757
0.6678617
0.6791145
0.6791145
0.6548142
0.6672479
0.6611346
0.5840325
0.648799
0.6398452
0.6560269
0.6546751
0.6606501
0.6606501
0.6613457
0.6621201
0.6616085
0.6594655
0.6731631
0.6351614
0.6089178
0.6297538
0.6654415
0.6202179
0.6321615
0.679211
0.6502415
0.6493131
0.6695418
0.6797153
0.6805384
0.6804299
0.6600676
0.6761816
0.6908409
0.6648197
0.6647345
0.6638451
0.6641586
0.6636613
0.6556161
0.6550056
0.6564752
0.6540262
0.6550904
0.6550357
0.6540232
0.6551697
0.6553583
0.616961
0.6414422
0.6407705
0.6406847
0.6395284
0.6414419
0.6541365
0.669473
0.6601477
0.6767708
0.6908409
0.6809887
0.6648197
0.6558605
0.616961
0.6414422
0.6541365
0.669473
0.8134634
0.8190336
0.8227813
0.819638
0.8204697
0.8172923
0.813518
0.8165425
0.814221
0.8094605
0.6737029
0.6573099
0.6515855
0.6597995
0.6748125
0.6399523
0.6556364
0.6779845
0.6549026
0.6577982
0.6615577
0.6914877
0.6635714
0.673558
0.6626016
0.6616716
0.6466105
0.6547743
0.8003861
0.6737623
0.6837111
0.6855755
0.6867319
0.6849616
0.6801008
0.6969697
0.6969697
0.6734245
0.6856096
0.6826118
0.6076623
0.6694634
0.6693149
0.6693325
0.6804075
0.6917931
0.6917931
0.6925529
0.6937951
0.695264
0.6970919
0.6851751
0.6597283
0.6635344
0.6717527
0.690666
0.6610116
0.6645274
0.6986047
0.6574828
0.6795896
0.6773358
0.6725292
0.6718081
0.6723225
0.6396425
0.646328
0.6774768
0.6511279
0.6507761
0.6489058
0.6502931
0.649572
0.6316213
0.6308774
0.6328522
0.63021
0.6325214
0.6316894
0.6303118
0.6307245
0.6312561
0.5977323
0.6173148
0.6161829
0.6170989
0.6165816
0.617323
0.6499882
0.6296088
0.6397288
0.6463
0.6774768
0.6729189
0.6511279
0.6318876
0.5977323
0.6173148
0.6499882
0.6296088
0.8083837
0.8053924
0.8183522
0.8095438
0.8145485
0.8100028
0.8093508
0.8127184
0.8095505
0.8105197
0.6521226
0.6432288
0.629351
0.641484
0.6623975
0.6297038
0.6455606
0.6634781
0.6441761
0.6348841
0.6611363
0.6714353
0.643099
0.6589512
0.641034
0.6400815
0.6357605
0.6330589
0.7922368
0.6536842
0.6757183
0.6747807
0.6750158
0.6754109
0.6679383
0.6879294
0.6879294
0.6597299
0.6715277
0.6651587
0.577472
0.6570218
0.6410833
0.6546256
0.6582157
0.6637253
0.6637253
0.6637787
0.6636992
0.6656339
0.6666931
0.6673754
0.6409285
0.6431665
0.6453981
0.6686019
0.6398646
0.6403841
0.6712068
0.6492765
0.6543959
0.669929
0.6825163
0.6817052
0.6819028
0.6424344
0.6456743
0.6716115
0.6574154
0.6565569
0.6565049
0.6566089
0.6555714
0.625223
0.6230926
0.6256615
0.6230939
0.6247658
0.6249287
0.6240932
0.6238383
0.6242666
0.6092152
0.6169557
0.6158169
0.6160612
0.6157668
0.615723
0.6576562
0.6461305
0.6425202
0.646292
0.6716115
0.6834749
0.6574154
0.6254964
0.6092152
0.6169557
0.6576562
0.6461305
0.8045673
0.8021665
0.8095372
0.8024176
0.8076759
0.8060111
0.8015542
0.8081584
0.8017412
0.7978844
0.6525651
0.636624
0.6260673
0.639284
0.6576151
0.6311647
0.6421086
0.6644897
0.6514268
0.6458399
0.6597168
0.6698458
0.6450517
0.6582451
0.6434316
0.6572952
0.6290217
0.6431009
0.7936714
0.6490942
0.6841815
0.6826324
0.6831769
0.6816997
0.6762653
0.6897416
0.6897416
0.6602073
0.6706805
0.6693683
0.600084
0.6571681
0.650529
0.6705882
0.6657377
0.6735357
0.6735357
0.6737976
0.6745586
0.6743817
0.6719619
0.6735417
0.648011
0.6404068
0.6483428
0.6594821
0.630185
0.6615065
0.6729944
0.6516763
0.652153
0.6658981
0.6718249
0.672035
0.6717211
0.6143428
0.630475
0.6671625
0.6398691
0.6392496
0.6383252
0.6379905
0.6384566
0.609038
0.6063233
0.6097621
0.6069102
0.6101053
0.6084377
0.60724
0.6067481
0.6076492
0.584381
0.6053749
0.6033676
0.603614
0.6043496
0.6022363
0.6430448
0.6254751
0.6144372
0.6312154
0.6671625
0.6733551
0.6398691
0.6089843
0.584381
0.6053749
0.6430448
0.6254751
0.7946036
0.794048
0.8015828
0.7982133
0.7998567
0.7967387
0.7999859
0.7982961
0.7947058
0.7970747
0.6283626
0.6196571
0.6147415
0.6182482
0.6457143
0.6140779
0.6341288
0.6485755
0.6275657
0.6303965
0.6438574
0.6581457
0.640146
0.6442572
0.6309104
0.6411995
0.612309
0.6248251
0.7762233
0.6388067
0.6713309
0.6692161
0.6712536
0.6698526
0.6683682
0.6772282
0.6772282
0.6519647
0.6646783
0.6601359
0.5733345
0.6378581
0.6331548
0.6610386
0.6540901
0.6585757
0.6585757
0.6586304
0.6586577
0.6599664
0.6645645
0.6604958
0.6245804
0.6301715
0.6249384
0.6498543
0.6335717
0.6235545
0.6501938
0.6391057
0.6362012
0.653297
0.6577676
0.6580824
0.6580865
0.6101125
0.6350125
0.6592938
0.6389423
0.6384263
0.6372786
0.6384776
0.6375201
0.6070517
0.6045432
0.608002
0.6051346
0.6073112
0.6060932
0.6059276
0.605895
0.6064543
0.5778523
0.592176
0.5899526
0.5909053
0.5908411
0.5914908
0.6264349
0.6286015
0.6102084
0.6355313
0.6592938
0.6588597
0.6389423
0.6069988
0.5778523
0.592176
0.6264349
0.6286015
0.8018271
0.8014012
0.8077981
0.8014894
0.807099
0.8050985
0.799262
0.8006397
0.7981638
0.7974512
0.6288245
0.6218765
0.6115554
0.6194733
0.6481526
0.6148456
0.6465175
0.6422614
0.6343923
0.6218026
0.6379449
0.6701187
0.6354286
0.6386849
0.6289101
0.6376859
0.6075497
0.6143095
0.7901504
0.6273173
0.6612294
0.6616572
0.6629737
0.6599324
0.6573365
0.6811537
0.6811537
0.6331457
0.6513577
0.642172
0.548905
0.6270364
0.6160692
0.6486837
0.6445832
0.6857188
0.6857188
0.686492
0.68662
0.6876967
0.691203
0.6554676
0.6256053
0.6200723
0.6251752
0.6560504
0.627231
0.6242394
0.6564818
0.6348168
0.64244
0.6611471
0.6757332
0.6769898
0.6765679
0.6461005
0.6677213
0.6862898
0.6559183
0.6553659
0.653911
0.6539079
0.6547991
0.6422323
0.6409839
0.6411884
0.6401987
0.642404
0.6412406
0.6400815
0.6411592
0.640583
0.6207632
0.6265158
0.6255316
0.6258893
0.6245806
0.626114
0.6456826
0.6575835
0.6461861
0.667695
0.6862898
0.6774649
0.6559183
0.6415033
0.6207632
0.6265158
0.6456826
0.6575835
0.8016403
0.8029386
0.8082611
0.8020737
0.8082488
0.8018713
0.7989691
0.8044737
0.7988951
0.7966223
0.6613811
0.6475985
0.6268317
0.6348898
0.6641058
0.6488696
0.6659306
0.6689136
0.6537237
0.653681
0.6601718
0.6601895
0.652955
0.6547658
0.6391362
0.6425444
0.643044
0.629193
0.7979614
0.6290836
0.6682526
0.6691123
0.6698896
0.6690056
0.6657771
0.6748899
0.6748899
0.658511
0.6626904
0.6577497
0.5793692
0.6425113
0.642863
0.6625687
0.6565313
0.6679546
0.6679546
0.668758
0.6692128
0.6697772
0.6695638
0.6706558
0.6488972
0.6456334
0.6441401
0.6635309
0.6431837
0.6472555
0.6543662
0.6544656
0.6665059
0.648391
0.6631273
0.6634411
0.6636528
0.6276458
0.6556239
0.6776949
0.652112
0.6515488
0.6516042
0.6512792
0.6507709
0.6091341
0.6073402
0.6095152
0.6071222
0.6104302
0.6086491
0.6080257
0.6081081
0.6078609
0.5882451
0.6215693
0.6202337
0.6209246
0.6187267
0.6185718
0.6488308
0.6480833
0.627736
0.6563387
0.6776949
0.6646055
0.652112
0.6090805
0.5882451
0.6215693
0.6488308
0.6480833
0.8102663
0.8056522
0.8136103
0.8062949
0.8144191
0.8083538
0.8094537
0.8104139
0.8048677
0.8061857
0.644127
0.6403203
0.6259862
0.6365819
0.6460135
0.6261178
0.6513277
0.6510206
0.6503745
0.6418833
0.6501702
0.6726898
0.6435331
0.6551253
0.6250309
0.6554568
0.6184524
0.6167219
0.79027
0.6538274
0.6754101
0.6762539
0.6770132
0.6775139
0.6732083
0.6794953
0.6794953
0.6612788
0.6718342
0.6670379
0.5874534
0.6493747
0.6407422
0.6653907
0.6658445
0.6711101
0.6711101
0.6712677
0.6712937
0.671746
0.6718527
0.6670356
0.6425628
0.6251223
0.6296478
0.6587327
0.6355451
0.6434459
0.6727792
0.649403
0.6481481
0.6612183
0.684613
0.685434
0.6851208
0.658125
0.6544796
0.6940744
0.6598634
0.6592306
0.6582268
0.658119
0.6587809
0.6517255
0.6503391
0.6501037
0.6502153
0.6519315
0.6509088
0.6494574
0.6509366
0.6502671
0.6132183
0.6332188
0.6317353
0.6325253
0.632563
0.6328545
0.643175
0.6536759
0.6581001
0.6551941
0.6940744
0.6860635
0.6598634
0.6516533
0.6132183
0.6332188
0.643175
0.6536759
0.8108665
0.8124031
0.8179036
0.8091566
0.8133305
0.8142648
0.8091304
0.8110893
0.8084942
0.8015671
0.6604054
0.6554773
0.6421028
0.6366395
0.6687169
0.64601
0.6632367
0.6689871
0.6588474
0.6619378
0.6624638
0.673308
0.6627935
0.6530956
0.6376434
0.6456437
0.6376659
0.6388618
0.791802
0.649581
0.6721376
0.6709805
0.6725874
0.6724576
0.6743523
0.6944747
0.6944747
0.657555
0.6684606
0.6650235
0.5976848
0.6571932
0.6515418
0.6669847
0.6663756
0.6823714
0.6823714
0.6826281
0.6830665
0.684037
0.6832142
0.6721685
0.651418
0.6562699
0.6538184
0.6669857
0.6382515
0.6499157
0.6715045
0.6594741
0.6725063
0.6656885
0.6937224
0.6938364
0.693621
0.651707
0.6597062
0.6948142
0.6617239
0.6608793
0.6599729
0.6608252
0.6596779
0.6451613
0.6432744
0.6467686
0.6432625
0.645015
0.6441887
0.6434769
0.6446569
0.6439744
0.6364152
0.638464
0.6373271
0.6379004
0.6376061
0.6380105
0.6570679
0.6504208
0.6517907
0.6604238
0.6948142
0.6950344
0.6617239
0.6450911
0.6364152
0.638464
0.6570679
0.6504208
0.8064051
0.8063776
0.8128886
0.8056623
0.8105512
0.8084202
0.8072503
0.8075391
0.8044748
0.8043602
0.6517131
0.6422634
0.6350424
0.6443088
0.659264
0.6333037
0.6588877
0.6668252
0.6604787
0.6562945
0.6666667
0.6781701
0.6568263
0.6683268
0.6434661
0.6590946
0.6410194
0.6455758
0.7913958
0.6514018
0.6814307
0.6828025
0.6835614
0.6828064
0.6780718
0.6876929
0.6876929
0.6602832
0.6653022
0.6665327
0.5993557
0.6596054
0.6529146
0.6686215
0.6642535
0.6818471
0.6818471
0.6820024
0.6819229
0.6842648
0.6843735
0.6752083
0.6415741
0.6448287
0.6463235
0.6708779
0.6352613
0.6658909
0.6858231
0.6574621
0.664498
0.6713544
0.6261916
0.6257277
0.6267463
0.6299879
0.6649965
0.6859523
0.6582717
0.6591142
0.659168
0.6587427
0.6578157
0.6214767
0.6215731
0.6234729
0.6213505
0.6232486
0.6222893
0.6213394
0.6222077
0.6217384
0.6059812
0.6090213
0.6099992
0.6102443
0.6099494
0.6104713
0.6448665
0.6449685
0.6300774
0.6657015
0.6859523
0.6260163
0.6582717
0.6214176
0.6059812
0.6090213
0.6448665
0.6449685
0.8015913
0.8027037
0.8081326
0.8051427
0.8082036
0.8057802
0.8004803
0.8028697
0.7982842
0.7985968
0.6448902
0.6322041
0.6162075
0.6358326
0.6562525
0.6313172
0.6413837
0.6407775
0.6466498
0.6447941
0.6511389
0.6288052
0.6560397
0.6557785
0.6351539
0.652195
0.6218742
0.6440101
0.792052
0.6542709
0.6603381
0.6606571
0.6613278
0.6611921
0.6573174
0.6786559
0.6786559
0.6530269
0.6564299
0.6567858
0.5683533
0.6186392
0.6444713
0.662513
0.6533151
0.6738425
0.6738425
0.6742089
0.6753873
0.6739526
0.6752137
0.6720718
0.6389474
0.6375828
0.635808
0.6485261
0.6484902
0.6505424
0.6541958
0.6631016
0.6649181
0.6545731
0.6754523
0.6760761
0.6757621
0.6268705
0.6665884
0.6721555
0.6573366
0.6561584
0.6556806
0.6553583
0.6559182
0.6185315
0.6169166
0.619511
0.6164687
0.6191723
0.6180925
0.6172496
0.616198
0.6176519
0.6033037
0.6179948
0.6158482
0.6164305
0.6150086
0.6171061
0.6446531
0.6535627
0.626961
0.6672926
0.6721555
0.6769613
0.6573366
0.6188111
0.6033037
0.6179948
0.6446531
0.6535627
0.803982
0.7947946
0.7994334
0.7957922
0.8064148
0.8009613
0.8002122
0.7978398
0.7980121
0.7978988
0.6580995
0.6436654
0.6404432
0.6447274
0.6668751
0.6391728
0.6555844
0.664411
0.6436499
0.6487532
0.6553003
0.6510035
0.6565932
0.6634178
0.6419161
0.6523149
0.6187891
0.6324625
0.7914164
0.6618978
0.687824
0.6858717
0.6878585
0.6835962
0.6798513
0.6920191
0.6920191
0.6731422
0.6800126
0.6798833
0.5723093
0.6438067
0.6506652
0.6616788
0.6723182
0.6803595
0.6803595
0.6811377
0.6813706
0.6824484
0.6804766
0.6757564
0.6380597
0.6495911
0.6470588
0.6761179
0.6431512
0.6508766
0.6748096
0.6541988
0.668756
0.6594232
0.6610143
0.6616452
0.6615421
0.6041135
0.6322809
0.658727
0.6245353
0.6235084
0.6231225
0.6233355
0.6235896
0.5941752
0.5914481
0.5945023
0.5919406
0.5940338
0.5929108
0.5925092
0.5925926
0.5931638
0.5777443
0.5880795
0.5868896
0.5873742
0.5866057
0.5876091
0.6208991
0.6188075
0.6042112
0.6322513
0.658727
0.6625069
0.6245353
0.5944781
0.5777443
0.5880795
0.6208991
0.6188075
0.7976516
0.7916277
0.7965765
0.7910181
0.8003011
0.7934102
0.7909298
0.7965981
0.792823
0.7869992
0.6318153
0.5880656
0.5983721
0.6009042
0.6185575
0.5991776
0.6174996
0.6325165
0.6186283
0.6048749
0.6355477
0.6254725
0.6139843
0.6278516
0.6142478
0.6104559
0.595262
0.6067284
0.7712582
0.6178264
0.6481781
0.6469634
0.6492918
0.6472878
0.6471733
0.6596137
0.6596137
0.6270133
0.6339795
0.633298
0.5432692
0.61432
0.6060305
0.6372085
0.6348521
0.6472586
0.6472586
0.6480808
0.6505081
0.6474634
0.654645
0.6428687
0.602864
0.6092847
0.6001005
0.6289194
0.6109136
0.6191731
0.6527632
0.6199554
0.6419953
0.6345058
0.6718934
0.6715832
0.6721016
0.6336857
0.6387531
0.6752284
0.6501073
0.6496409
0.6492656
0.6483982
0.6489659
0.6189037
0.6179683
0.6188679
0.6168378
0.6201131
0.6177847
0.6171663
0.6172485
0.6177967
0.5976336
0.6140879
0.6129296
0.6130616
0.6131064
0.6134021
0.643456
0.6218173
0.6336642
0.6387242
0.6752284
0.673221
0.6501073
0.6191837
0.5976336
0.6140879
0.643456
0.6218173
0.7990193
0.799212
0.8065791
0.8023816
0.8068019
0.8023503
0.8033807
0.8029798
0.8050955
0.7975792
0.6329185
0.6248894
0.6264836
0.6423375
0.6447295
0.6242817
0.6512492
0.6559746
0.6476183
0.6339493
0.6506235
0.666427
0.6429847
0.6561418
0.6285926
0.6274429
0.5978898
0.6183523
0.7922982
0.6424636
0.6677863
0.6669335
0.6682396
0.6665064
0.6667201
0.6788853
0.6788853
0.6489276
0.6607714
0.6626361
0.5747836
0.6575475
0.6415049
0.6544853
0.6568076
0.6683421
0.6683421
0.6688198
0.6696948
0.6711019
0.6708911
0.6666931
0.6348145
0.6406376
0.6314018
0.6716478
0.6348534
0.6368155
0.6607186
0.6380704
0.6478384
0.6567667
0.7003897
0.7008024
0.700886
0.6634691
0.6785216
0.6880487
0.6748271
0.6752963
0.6755535
0.6752457
0.674961
0.6538187
0.6539473
0.6569204
0.6545715
0.6562798
0.6556908
0.6543544
0.6552904
0.6554796
0.6350365
0.6563655
0.656403
0.6571699
0.6579404
0.6576996
0.6673959
0.6751305
0.6635485
0.6784967
0.6880487
0.6996725
0.6748271
0.6537455
0.6350365
0.6563655
0.6673959
0.6751305
0.8069349
0.8055496
0.8120932
0.8061928
0.8067179
0.8102543
0.8102675
0.8080495
0.8030784
0.8040626
0.6730575
0.6567001
0.6485995
0.6595126
0.6880234
0.6653371
0.6773496
0.6819698
0.6695402
0.6630536
0.6823729
0.6834001
0.6740676
0.6764636
0.6617847
0.6776577
0.6451769
0.6604983
0.7981744
0.6763813
0.6911339
0.6929873
0.6933177
0.6916634
0.6875589
0.701666
0.701666
0.6718244
0.6835631
0.6786699
0.6288905
0.6733191
0.6716829
0.6880533
0.6805064
0.6873189
0.6873189
0.6876762
0.6877006
0.6883615
0.6955201
0.6989745
0.6695157
0.6755399
0.670874
0.675002
0.6707731
0.6746883
0.7019939
0.6671175
0.6870116
0.689596
0.6646438
0.6645375
0.6641173
0.6180527
0.6424291
0.6611974
0.6567023
0.6563716
0.6553587
0.6559968
0.6550628
0.6290741
0.6264077
0.6291924
0.6270786
0.6279638
0.6285738
0.6275165
0.6279335
0.6274654
0.5912075
0.6187926
0.617436
0.6174551
0.6177238
0.6182441
0.6353707
0.6234768
0.6181462
0.6424005
0.6611974
0.665699
0.6567023
0.6290113
0.5912075
0.6187926
0.6353707
0.6234768
0.8035483
0.8050745
0.8120697
0.8043724
0.8110051
0.8082124
0.8092323
0.8106146
0.8021705
0.804177
0.6460487
0.6439562
0.6236855
0.6333575
0.6493331
0.6283686
0.6546286
0.6646423
0.6453405
0.6403439
0.6503852
0.6651207
0.6447219
0.6633291
0.6208495
0.633869
0.6166364
0.6028018
0.7873316
0.6418819
0.6839652
0.6822031
0.6833742
0.6826238
0.6803298
0.6796931
0.6796931
0.6474861
0.6516836
0.6527946
0.5823033
0.6489353
0.6413721
0.6596497
0.6486377
0.6539268
0.6539268
0.6545249
0.6547696
0.6547859
0.6594325
0.672249
0.6363488
0.6413843
0.631268
0.6426647
0.6117735
0.6257084
0.6751729
0.6293224
0.6380208
0.6508947
0.6740827
0.6748107
0.6747035
0.6423258
0.6720724
0.6821069
0.6605837
0.6598467
0.6589472
0.659793
0.6590783
0.6369411
0.6350105
0.6367601
0.635004
0.6362094
0.6364811
0.6345547
0.6356288
0.6358274
0.6153345
0.6360802
0.6348301
0.6356191
0.6353272
0.6356191
0.6459178
0.6725795
0.6423031
0.6719432
0.6821069
0.6754972
0.6605837
0.6372037
0.6153345
0.6360802
0.6459178
0.6725795
0.8026816
0.8059956
0.8132045
0.8057103
0.813253
0.812198
0.8083731
0.812342
0.807649
0.8075352
0.6584944
0.6444954
0.6448435
0.6386313
0.6668491
0.6448791
0.6577729
0.6646999
0.6546084
0.6556219
0.66455
0.6721676
0.65936
0.6682853
0.6468395
0.6532696
0.6291337
0.640228
0.7987915
0.6523934
0.6804392
0.6820084
0.6815131
0.6818038
0.6782574
0.6915859
0.6915859
0.6622343
0.6712068
0.666295
0.592877
0.6709303
0.6549493
0.6844962
0.6663749
0.6694228
0.6694228
0.6702153
0.6703471
0.6709052
0.6722782
0.6674575
0.6618046
0.6624315
0.6533505
0.6643161
0.6414774
0.6587238
0.6775113
0.6712731
0.659583
0.6884234
0.6852886
0.6857054
0.6859004
0.6636679
0.6879537
0.7011785
0.6836885
0.6832646
0.6823914
0.6822925
0.6824198
0.6621835
0.6612852
0.6637042
0.6601973
0.6607285
0.661207
0.6598759
0.6614467
0.6612083
0.6454938
0.6540955
0.6521981
0.6526508
0.6527888
0.6540416
0.6758105
0.6686047
0.6637475
0.688436
0.7011785
0.6867423
0.6836885
0.6617891
0.6454938
0.6540955
0.6758105
0.6686047
0.7983842
0.7956472
0.8023231
0.79561
0.8012917
0.8005387
0.795173
0.7985192
0.7982637
0.7961802
0.6760728
0.6564514
0.6519569
0.6712297
0.689618
0.6477092
0.6750272
0.6843823
0.6672653
0.6766096
0.6703701
0.6811754
0.6772432
0.6605667
0.6787499
0.6662108
0.6633679
0.6708426
0.7871705
0.6572613
0.6919454
0.6904144
0.6910563
0.6869085
0.6869133
0.7019986
0.7019986
0.6715282
0.6820723
0.6878486
0.6206668
0.662499
0.6601516
0.6856535
0.6739648
0.6948874
0.6948874
0.6956488
0.6956726
0.6952135
0.6938919
0.7049079
0.6676213
0.6816006
0.6679179
0.6779836
0.6863052
0.6807789
0.6938871
0.6766315
0.6812953
0.6873186
0.680418
0.6803222
0.6805201
0.6392749
0.6326482
0.6708693
0.6521568
0.6519158
0.6511167
0.6512199
0.6510338
0.6269367
0.6253855
0.6269346
0.6254967
0.6262667
0.6259833
0.6259325
0.6256793
0.6264386
0.5999672
0.6079324
0.6066324
0.6066498
0.6072653
0.6075598
0.6364941
0.6397288
0.6393613
0.6327281
0.6708693
0.6816886
0.6521568
0.6272075
0.5999672
0.6079324
0.6364941
0.6397288
0.8101221
0.8067893
0.8122993
0.8062478
0.8150994
0.8118764
0.8076465
0.8082672
0.8105138
0.8084823
0.647834
0.621444
0.6323694
0.6309972
0.6545898
0.6295465
0.6503145
0.6491437
0.6425296
0.6432462
0.6565839
0.6652896
0.6415247
0.6643601
0.6369033
0.6568991
0.6182668
0.6308911
0.7926241
0.6605948
0.6786193
0.6769559
0.6760408
0.6731866
0.6696053
0.6898596
0.6898596
0.6596996
0.6604104
0.6610912
0.5838903
0.6350484
0.6384144
0.6625239
0.6557181
0.6682521
0.6682521
0.6690431
0.6693855
0.6692033
0.6698367
0.6661935
0.6343894
0.6360116
0.6342257
0.6702694
0.6342075
0.6378125
0.6572458
0.6559424
0.6624841
0.6447538
0.6758761
0.6761905
0.6759794
0.617755
0.6441664
0.6640201
0.6508289
0.6503664
0.6490235
0.6495577
0.649155
0.6220703
0.6216061
0.6215973
0.6200295
0.6208081
0.6224365
0.6201309
0.6207771
0.6210957
0.5910525
0.6182717
0.6172518
0.6167074
0.6165254
0.6177213
0.6334137
0.6382022
0.6177358
0.644138
0.6640201
0.6767677
0.6508289
0.6214501
0.5910525
0.6182717
0.6334137
0.6382022
0.7987901
0.794846
0.8050812
0.7968717
0.8022057
0.799745
0.7972887
0.7980653
0.7961842
0.7935806
0.6424932
0.6258929
0.6231615
0.618951
0.6526416
0.6242929
0.6400541
0.6494065
0.6402769
0.6264857
0.6339114
0.6607114
0.6285129
0.6501333
0.6227085
0.6470253
0.607721
0.6233906
0.7813984
0.6350504
0.6737679
0.672293
0.674851
0.6709184
0.6701771
0.6694531
0.6694531
0.6423429
0.6539512
0.6515921
0.5619549
0.6491512
0.6276318
0.6583407
0.6487447
0.670722
0.670722
0.67088
0.670272
0.6720986
0.6698789
0.6556709
0.6287817
0.6287694
0.6305043
0.6572304
0.6209446
0.6312393
0.6622846
0.6352797
0.6503181
0.6531662
0.6591751
0.6591716
0.6598093
0.6309217
0.6263294
0.6588976
0.6352282
0.6345876
0.6340973
0.6338697
0.6331294
0.6013023
0.5998011
0.5998011
0.5991215
0.599453
0.5999669
0.5992208
0.6
0.599055
0.5772351
0.6077105
0.6056061
0.6064231
0.605785
0.6072218
0.6296713
0.6247473
0.6310109
0.6261886
0.6588976
0.6607815
0.6352282
0.6009065
0.5772351
0.6077105
0.6296713
0.6247473
0.795692
0.7901927
0.7994198
0.7932973
0.8012729
0.8006921
0.7956028
0.7989362
0.7976587
0.7934373
0.6403055
0.6324725
0.6085894
0.6287507
0.6463966
0.614585
0.6359146
0.6507584
0.6430552
0.6245085
0.6457274
0.6477805
0.6358758
0.6384553
0.6269098
0.622454
0.6135126
0.6015226
0.785351
0.6423071
0.66232
0.662639
0.662452
0.6623169
0.6624229
0.6677802
0.6677802
0.6400097
0.6538985
0.6502415
0.5567661
0.6381231
0.6242756
0.6560167
0.649682
0.651481
0.651481
0.6522963
0.6534073
0.653314
0.6553663
0.6508838
0.6162523
0.6318864
0.6107238
0.6554392
0.6148337
0.6239449
0.6586735
0.639259
0.6316904
0.6575288
0.6879244
0.6871142
0.6873096
0.6453512
0.6568924
0.6809244
0.6550678
0.6546198
0.6537043
0.6541329
0.653513
0.6380612
0.636898
0.6381053
0.6361113
0.6368829
0.6370461
0.6362152
0.6375204
0.6377202
0.6103123
0.6253154
0.6239876
0.624233
0.6225843
0.624908
0.6636277
0.6573756
0.6453277
0.6576139
0.6809244
0.6886609
0.6550678
0.6373305
0.6103123
0.6253154
0.6636277
0.6573756
0.7984147
0.7997402
0.8020424
0.7964824
0.8021255
0.8041744
0.795955
0.8021608
0.7975165
0.7945472
0.675343
0.650195
0.6428686
0.6597741
0.6815341
0.6551312
0.6701233
0.6793773
0.6680302
0.6615591
0.6623026
0.6766821
0.6374692
0.6623838
0.6314918
0.6536761
0.6097908
0.6270567
0.7880877
0.657871
0.6741276
0.6725329
0.6726659
0.6682526
0.6664244
0.676896
0.676896
0.6585169
0.6611837
0.6637097
0.5872227
0.6564123
0.6455285
0.6718035
0.658278
0.68561
0.68561
0.6863896
0.6874554
0.6867709
0.6884414
0.6711827
0.6482506
0.6406785
0.62637
0.6757668
0.6475037
0.6585307
0.6750822
0.6397699
0.6669343
0.6722911
0.6808279
0.6806291
0.6810331
0.6419812
0.6581689
0.6870506
0.6619696
0.661238
0.6606564
0.660655
0.6599399
0.6277372
0.6256222
0.6276266
0.6258459
0.6267319
0.626671
0.6266199
0.6261416
0.6272401
0.6019121
0.6219256
0.6207009
0.6206083
0.619191
0.6219532
0.6454748
0.6498925
0.6420673
0.6588829
0.6870506
0.6820012
0.6619696
0.6280088
0.6019121
0.6219256
0.6454748
0.6498925
0.8055894
0.8009577
0.810712
0.8031708
0.8098832
0.8060922
0.8080389
0.8063057
0.8033425
0.8036523
0.6609304
0.6562991
0.6388711
0.6471665
0.6618456
0.6354083
0.6598901
0.6672435
0.6548247
0.6508525
0.6555977
0.6657348
0.6443796
0.6539299
0.6445185
0.6438031
0.6227811
0.6042208
0.7929461
0.6618886
0.6731397
0.6726143
0.6738023
0.6735669
0.6700735
0.6842354
0.6842354
0.6488882
0.6646735
0.662693
0.5903778
0.6530612
0.6436642
0.6635978
0.659883
0.6722041
0.6722041
0.6729944
0.6731258
0.6730525
0.6763166
0.6771276
0.6322233
0.6477117
0.6321613
0.6670139
0.6422271
0.6340051
0.6729269
0.6591457
0.6568014
0.6544549
0.6584885
0.658061
0.6582768
0.5951062
0.619383
0.6437898
0.6246067
0.6242508
0.6229734
0.6231861
0.6232166
0.6066502
0.6043784
0.6066777
0.6048527
0.606218
0.6067277
0.604607
0.6053804
0.6067425
0.5667593
0.5977181
0.5972795
0.5964854
0.5971146
0.5975268
0.6134645
0.608379
0.5950905
0.6193522
0.6437898
0.6591516
0.6246067
0.6062546
0.5667593
0.5977181
0.6134645
0.608379
0.7985772
0.7935188
0.8024979
0.7954691
0.8040377
0.8005509
0.8001413
0.7988795
0.7924622
0.7978301
0.6291306
0.6013205
0.5965316
0.5986025
0.6295048
0.6086602
0.6226977
0.6300387
0.621156
0.6057747
0.6322079
0.6365042
0.6178433
0.6348521
0.6123838
0.624566
0.6023946
0.5974832
0.7803312
0.605821
0.6671714
0.6641892
0.6664539
0.6655753
0.6651486
0.6566159
0.6566159
0.6266329
0.637138
0.6362453
0.5394173
0.6264556
0.6233257
0.6449786
0.6324584
0.6530547
0.6530547
0.6537596
0.6560545
0.6563954
0.6558535
0.6437817
0.6042514
0.6184976
0.6160714
0.6488543
0.6042133
0.6189145
0.6513747
0.6184428
0.630635
0.6292126
0.6676868
0.6680009
0.6681048
0.6030296
0.6209299
0.6433756
0.611922
0.6115114
0.6105513
0.6106514
0.6106833
0.6064967
0.6051435
0.6068687
0.6048107
0.6062934
0.6062283
0.6056024
0.6059154
0.6058979
0.5689495
0.592342
0.5911767
0.5909581
0.5910109
0.5922427
0.6174894
0.6202161
0.6031276
0.6216807
0.6433756
0.6687236
0.611922
0.6057566
0.5689495
0.592342
0.6174894
0.6202161
0.7996692
0.7949509
0.8054283
0.7975717
0.80393
0.8006083
0.8000283
0.8023371
0.7985943
0.7960882
0.6233766
0.6236343
0.6013126
0.6166599
0.6424875
0.6062341
0.6367406
0.64264
0.6272275
0.6144256
0.6354968
0.6579496
0.6301415
0.6485373
0.6066778
0.6225023
0.5882402
0.5716242
0.7855948
0.6165036
0.6694557
0.6672257
0.6685281
0.6672258
0.664986
0.6770545
0.6770545
0.6334418
0.6487836
0.6431061
0.533867
0.6249794
0.608746
0.6414757
0.6413334
0.6576266
0.6576266
0.6584349
0.6573859
0.6570809
0.6578335
0.6452184
0.6229898
0.6176833
0.6134063
0.6485522
0.6026611
0.6200313
0.6512961
0.6216105
0.6274959
0.6413123
0.7006369
0.7007523
0.7005372
0.6791039
0.69332
0.7068466
0.6892904
0.6888906
0.6881253
0.6877231
0.688358
0.6710185
0.670697
0.6714038
0.6698277
0.6715086
0.670512
0.6702489
0.6701178
0.6695652
0.647749
0.6576975
0.6560368
0.6570205
0.6567306
0.6570205
0.6814723
0.6766177
0.6790759
0.6938995
0.7068466
0.7019018
0.6892904
0.6709378
0.647749
0.6576975
0.6814723
0.6766177
0.8080201
0.8095915
0.8170809
0.8110391
0.8149095
0.8147473
0.8093361
0.8148148
0.8130539
0.8054632
0.6802885
0.6535855
0.6459345
0.6601152
0.6792511
0.6597507
0.6710055
0.6691836
0.671729
0.6670051
0.6797792
0.6862745
0.6827787
0.6800697
0.6807482
0.6733664
0.6678341
0.6767629
0.7949757
0.676001
0.6983035
0.6968914
0.6969151
0.6971026
0.6937333
0.698072
0.698072
0.6871522
0.6947327
0.6945335
0.6133823
0.6560284
0.6590764
0.6953357
0.6922414
0.6903996
0.6903996
0.6911672
0.6919097
0.6930856
0.6952403
0.7070279
0.6906587
0.6799528
0.6718464
0.6881169
0.6784447
0.6838004
0.6623293
0.6911788
0.6903923
0.6716963
0.7044676
0.7049779
0.7049604
0.6877507
0.7051282
0.7240141
0.689626
0.6890277
0.6883678
0.6881704
0.6881944
0.6739521
0.6731267
0.6734102
0.6722636
0.6739301
0.6745024
0.6723691
0.6731765
0.6726289
0.6579196
0.6745466
0.6722794
0.6735473
0.6732612
0.673444
0.6835814
0.6794912
0.6878229
0.7057931
0.7240141
0.7059002
0.689626
0.6736637
0.6579196
0.6745466
0.6835814
0.6794912
0.8133021
0.8109692
0.8209328
0.8115638
0.8148305
0.8136776
0.808369
0.8112467
0.8099881
0.8061067
0.6875575
0.6900549
0.6767051
0.6798948
0.6862414
0.669549
0.6744258
0.6889163
0.6857033
0.6818007
0.6937027
0.713431
0.6819181
0.6965716
0.6762379
0.6767556
0.6715617
0.67519
0.8004444
0.6859655
0.6928002
0.6924039
0.6928365
0.6925121
0.6908806
0.7060957
0.7060957
0.6901595
0.7027923
0.6976798
0.6481676
0.6804659
0.6887628
0.6934051
0.6985431
0.7019811
0.7019811
0.7027299
0.703154
0.7028094
0.7040217
0.7163056
0.6863924
0.6764152
0.6874755
0.6901121
0.6843174
0.6830396
0.7086226
0.683082
0.6925589
0.7022689
0.6817617
0.6822807
0.6822735
0.6412721
0.6601055
0.6819662
0.653423
0.6526508
0.6520633
0.6516309
0.6520875
0.6351036
0.6342649
0.6340298
0.6331524
0.6336979
0.6346341
0.6340298
0.6334468
0.6335358
0.6122916
0.635345
0.634419
0.6343308
0.6340384
0.63477
0.6547309
0.6430285
0.6413583
0.6608169
0.6819662
0.6834377
0.653423
0.6347083
0.6122916
0.635345
0.6547309
0.6430285
0.7944364
0.7964741
0.8052342
0.8029842
0.8027907
0.8032058
0.8015273
0.7996733
0.7995032
0.8003262
0.6634804
0.6400095
0.639144
0.6449506
0.6682557
0.637651
0.6551778
0.666221
0.6568712
0.6484437
0.6706498
0.671592
0.6574727
0.6752001
0.6377072
0.6564725
0.6326215
0.6372621
0.7918024
0.668277
0.6884872
0.6896308
0.6895522
0.6881932
0.6845759
0.695435
0.695435
0.662497
0.6746245
0.674168
0.600084
0.6560264
0.6605621
0.6722288
0.670135
0.6897038
0.6897038
0.6899577
0.6910073
0.6919765
0.6889028
0.6840707
0.6478317
0.6474323
0.6541529
0.6704455
0.6338864
0.6447805
0.6838287
0.6591802
0.6548985
0.6735501
0.6907184
0.6910348
0.6908201
0.6463924
0.6656141
0.6971684
0.6604312
0.6595812
0.6586745
0.659527
0.6584861
0.6419923
0.6408571
0.6437014
0.6400747
0.6418322
0.6410028
0.6402889
0.6421334
0.6413396
0.6377514
0.6417515
0.6405255
0.6412054
0.640912
0.6413149
0.6562003
0.6491186
0.6464776
0.6663248
0.6971684
0.6922482
0.6604312
0.6419235
0.6377514
0.6417515
0.6562003
0.6491186
0.8063819
0.8089968
0.8131922
0.8086026
0.8112033
0.8117589
0.8090825
0.8086994
0.8057293
0.808156
0.6524575
0.6383575
0.6263085
0.6388531
0.6600966
0.6276673
0.6572807
0.664579
0.6586618
0.6524463
0.6622092
0.6812768
0.6550748
0.6602373
0.6445808
0.6587508
0.6418032
0.6472365
0.7896275
0.6544889
0.6795985
0.6809713
0.6811017
0.6811848
0.6759156
0.6829539
0.6829539
0.6580006
0.6653843
0.6654353
0.598119
0.6609937
0.6522546
0.6708313
0.6624035
0.6791793
0.6791793
0.6793353
0.6792558
0.6814968
0.6808714
0.6791469
0.641471
0.6506296
0.647869
0.6752103
0.6312464
0.6630793
0.6843108
0.6651122
0.6641528
0.6729099
0.6908347
0.6908459
0.6908347
0.677515
0.6653583
0.7034125
0.6901441
0.6898499
0.6892896
0.6894977
0.6885068
0.6631113
0.662219
0.6616631
0.661558
0.662619
0.6622469
0.6612378
0.6618488
0.6617168
0.6343584
0.6595845
0.6586812
0.658388
0.658417
0.6596602
0.6806084
0.6682636
0.6774873
0.6654368
0.7034125
0.692154
0.6901441
0.6633507
0.6343584
0.6595845
0.6806084
0.6682636
0.8075685
0.811588
0.817788
0.816005
0.8172233
0.8145477
0.8141457
0.8173542
0.8113526
0.8093964
0.6790171
0.6730009
0.6699477
0.6700571
0.6764363
0.661105
0.6876249
0.6869963
0.6841821
0.674936
0.683314
0.6790543
0.6682589
0.6838745
0.657971
0.6665059
0.6391393
0.6457589
0.808833
0.6799808
0.7027931
0.7040205
0.7025302
0.7040292
0.7037354
0.7096724
0.7096724
0.690584
0.6993322
0.6967098
0.6341403
0.6821088
0.6812618
0.6915903
0.6914652
0.6859121
0.6859121
0.6866845
0.6871219
0.6876818
0.6874803
0.6976384
0.675492
0.6677759
0.6626603
0.6985294
0.6752724
0.6714274
0.6969058
0.6742875
0.6825047
0.6813888
0.6972075
0.6972216
0.697007
0.6537544
0.6610423
0.6754119
0.6552079
0.6547638
0.6538553
0.6539594
0.6533439
0.6352552
0.6334173
0.6349554
0.6334118
0.6351768
0.6342315
0.6331817
0.634372
0.6349039
0.6170421
0.6271282
0.6253752
0.62573
0.6263273
0.6262872
0.6490335
0.6596233
0.6537299
0.6615433
0.6754119
0.6982924
0.6552079
0.6351897
0.6170421
0.6271282
0.6490335
0.6596233
0.7989468
0.7901235
0.8028758
0.7948773
0.8004742
0.7999007
0.7983802
0.7996726
0.796077
0.7964785
0.6722309
0.6512234
0.6440759
0.6463084
0.6714844
0.6590909
0.6732535
0.6615786
0.6712884
0.6691612
0.6708663
0.6769743
0.6740735
0.6657867
0.6691182
0.6614428
0.6336626
0.6518746
0.787561
0.6741645
0.691522
0.6907103
0.6908376
0.6897882
0.6874162
0.6974311
0.6974311
0.6799842
0.6963298
0.6937881
0.6202689
0.6615039
0.6744057
0.6794963
0.6881037
0.6924222
0.6924222
0.6931872
0.6936204
0.6940789
0.6949033
0.6712015
0.6495361
0.6455359
0.6582421
0.6851808
0.6421164
0.6503107
0.6836573
0.6641038
0.6732234
0.673144
0.6930992
0.6937181
0.6935035
0.6381383
0.6571542
0.6897406
0.6676107
0.6664823
0.6662188
0.6662187
0.6660342
0.6449928
0.6430015
0.6456115
0.6432092
0.6453929
0.6448983
0.6429842
0.6440514
0.6440281
0.6162914
0.6237431
0.6212887
0.6229936
0.6220248
0.6233301
0.6570749
0.6339748
0.6382258
0.657127
0.6897406
0.6950131
0.6676107
0.6449229
0.6162914
0.6237431
0.6570749
0.6339748
0.8045638
0.8048048
0.8087196
0.8033381
0.8110096
0.8100578
0.8045065
0.8090182
0.8075779
0.8044157
0.6684442
0.6532628
0.6567424
0.6617147
0.6770395
0.6500478
0.665202
0.6708921
0.6647834
0.6637897
0.6763281
0.675895
0.6561845
0.6783445
0.6426353
0.6511059
0.6350854
0.629981
0.7862886
0.6632562
0.6726067
0.67663
0.6756002
0.6747305
0.6718687
0.6876972
0.6876972
0.6742046
0.6805819
0.6822282
0.612004
0.6713784
0.6611227
0.6683747
0.6735912
0.6720919
0.6720919
0.6725678
0.6730171
0.6738957
0.6731567
0.6757803
0.6316178
0.6507732
0.6473603
0.6797292
0.6401204
0.6315012
0.6829172
0.6522479
0.6619086
0.6625791
0.6794295
0.6799473
0.6797365
0.625444
0.6606303
0.6850297
0.6461916
0.6470027
0.6458748
0.6456543
0.6454668
0.6042847
0.6034981
0.6047623
0.6038576
0.605222
0.6048121
0.6036118
0.6047297
0.6057463
0.588474
0.6061075
0.6055946
0.6065239
0.6067985
0.6070932
0.6323541
0.6366909
0.6255347
0.6606037
0.6850297
0.6796881
0.6461916
0.6036605
0.588474
0.6061075
0.6323541
0.6366909
0.8064976
0.804693
0.8127357
0.8032394
0.8105084
0.8074848
0.8050699
0.810375
0.7994344
0.8020312
0.6540124
0.6443779
0.6264451
0.6453327
0.6587221
0.6316337
0.6559342
0.660214
0.6478884
0.6461454
0.6614445
0.6631897
0.6430705
0.6622559
0.632683
0.6495221
0.624132
0.6004679
0.7883544
0.6497276
0.6854946
0.6848842
0.6839789
0.6826121
0.680123
0.6711266
0.6711266
0.6574797
0.6662705
0.665899
0.5892375
0.6550729
0.6459553
0.6680692
0.663008
0.6753196
0.6753196
0.6761019
0.6766491
0.67731
0.6735469
0.6577464
0.6384802
0.6227891
0.6256146
0.6785997
0.6253057
0.6247957
0.6706853
0.6555315
0.6493058
0.6694071
0.6638074
0.663806
0.6641227
0.6165824
0.640313
0.6659346
0.6310117
0.6303505
0.6299677
0.6297374
0.6287701
0.6074129
0.6059504
0.6076733
0.6052719
0.605948
0.6068037
0.6052566
0.6066061
0.6063584
0.5687084
0.6039774
0.6021886
0.6026654
0.6029436
0.6033547
0.6296177
0.6124367
0.6166762
0.6409356
0.6659346
0.6653876
0.6310117
0.6073599
0.5687084
0.6039774
0.6296177
0.6124367
0.7970743
0.7978822
0.8080332
0.7963753
0.8065735
0.7992494
0.8005376
0.7964558
0.7990207
0.7944591
0.6338457
0.619086
0.6108848
0.6084042
0.6378236
0.6133811
0.6347812
0.6400289
0.6305253
0.6301721
0.6349499
0.6563328
0.6436726
0.6534343
0.6276412
0.6331551
0.5895453
0.588295
0.7846221
0.6322837
0.6692436
0.6699872
0.6713899
0.6694577
0.6673324
0.673382
0.673382
0.6348858
0.6487836
0.6515225
0.5638087
0.6285878
0.61834
0.658697
0.6406719
0.6701113
0.6701113
0.6709032
0.6711404
0.6727533
0.672333
0.6596642
0.6288399
0.6252449
0.6247017
0.6578057
0.6211226
0.6227515
0.6610278
0.6317598
0.6394094
0.6521215
0.6801582
0.6807785
0.6804651
0.6189316
0.6455325
0.6766783
0.6446668
0.6459063
0.6444515
0.6458499
0.6446907
0.6211039
0.6216481
0.6235457
0.6217625
0.6232096
0.6226999
0.6226492
0.6225063
0.6228227
0.5799216
0.6221094
0.622118
0.6226949
0.6226247
0.6235855
0.6328688
0.6377531
0.6190244
0.6462563
0.6766783
0.679394
0.6446668
0.6210449
0.5799216
0.6221094
0.6328688
0.6377531
0.806447
0.7968717
0.8080269
0.7998021
0.8110521
0.799435
0.8015649
0.8033597
0.7998019
0.799434
0.650284
0.6329195
0.6289404
0.6391547
0.6597663
0.6357537
0.6508461
0.6541657
0.6473373
0.6451638
0.6447567
0.6653139
0.6433764
0.6541981
0.6361043
0.6376871
0.6086166
0.6149963
0.7889862
0.6588796
0.6850994
0.6849014
0.6854427
0.6821082
0.678467
0.6833386
0.6833386
0.662058
0.6737382
0.6709693
0.586414
0.6408885
0.637186
0.670606
0.6668254
0.671235
0.671235
0.6720234
0.671734
0.6726063
0.6700794
0.6651648
0.6294697
0.638629
0.6429381
0.6624229
0.6351778
0.6310261
0.6679395
0.6452004
0.6567343
0.6618923
0.6716606
0.6726054
0.6719748
0.631998
0.6529782
0.6607143
0.6477982
0.6472102
0.6458518
0.6463915
0.6456572
0.6239974
0.6225204
0.6231908
0.6219552
0.6235304
0.6229023
0.6219442
0.6229333
0.6235923
0.5957677
0.6268863
0.6256828
0.6257033
0.6259679
0.6262634
0.6531133
0.6283481
0.6320877
0.6529506
0.6607143
0.6729969
0.6477982
0.6239365
0.5957677
0.6268863
0.6531133
0.6283481
0.7965116
0.7951572
0.8015398
0.7997714
0.8058392
0.8030734
0.7974412
0.7983097
0.7965883
0.7932744
0.6487112
0.6525048
0.6264209
0.6407243
0.6594817
0.6393786
0.6530369
0.6632256
0.6510056
0.6419032
0.6594732
0.651637
0.6432362
0.6559183
0.6318268
0.6389462
0.6171096
0.5962191
0.7831423
0.6249791
0.6772081
0.6756259
0.6773446
0.6744614
0.6792242
0.6758439
0.6758439
0.6483329
0.6500365
0.6527947
0.5601324
0.6413889
0.6348622
0.6635778
0.6435393
0.6621796
0.6621796
0.6624496
0.6640914
0.6643312
0.6650833
0.6595813
0.6283878
0.6428629
0.6253523
0.6563973
0.6175153
0.6322151
0.6618205
0.6473993
0.6422685
0.6630243
0.7001453
0.7006579
0.7006423
0.6632822
0.6782501
0.6896074
0.6751691
0.6736735
0.6739317
0.6737262
0.673337
0.6576698
0.6555706
0.6585385
0.6558721
0.6575789
0.657311
0.6555485
0.6569111
0.6570997
0.6352545
0.655748
0.6535477
0.6545311
0.6550933
0.6548505
0.6725092
0.6748538
0.6633617
0.6782251
0.6896074
0.7015073
0.6751691
0.6575949
0.6352545
0.655748
0.6725092
0.6748538
0.8074946
0.8056818
0.812395
0.8063244
0.8071062
0.8098043
0.8108184
0.8078467
0.803208
0.804024
0.6733981
0.6593432
0.6485031
0.6619541
0.6858441
0.66285
0.6757468
0.6813946
0.6684301
0.6626591
0.6806781
0.6802239
0.6727359
0.6749268
0.6627712
0.6792693
0.6472578
0.660627
0.795964
0.6737668
0.6894361
0.6906796
0.6913193
0.6894522
0.6856401
0.7009157
0.7009157
0.6682776
0.6795658
0.6744204
0.6241339
0.6712448
0.6724464
0.6887147
0.6741795
0.6847852
0.6847852
0.6851445
0.6852724
0.6857278
0.6936353
0.6980229
0.6677506
0.6763019
0.6681529
0.6754567
0.6685931
0.6747216
0.7033589
0.6664011
0.684998
0.6887205
0.6562995
0.6573576
0.6570434
0.6146624
0.6312405
0.6565561
0.63824
0.6376125
0.6369043
0.6367875
0.6368167
0.5908524
0.5888062
0.5879843
0.5884763
0.5928119
0.5895678
0.5888108
0.5893663
0.589705
0.5551965
0.5896652
0.5876631
0.5882646
0.5885529
0.5883819
0.6147901
0.6187571
0.6147568
0.6312108
0.6565561
0.6580315
0.63824
0.5908071
0.5551965
0.5896652
0.6147901
0.6187571
0.802253
0.7980542
0.8052598
0.7979131
0.8074238
0.802979
0.8032463
0.798081
0.7963727
0.7990777
0.6313257
0.6214194
0.607936
0.6173341
0.6399968
0.6143961
0.6309552
0.6323553
0.6389176
0.6258831
0.6313294
0.6479716
0.6277851
0.6379704
0.6147718
0.6316916
0.5862185
0.5964853
0.7844451
0.6287703
0.6708327
0.6696692
0.6706491
0.6675451
0.6665867
0.6785178
0.6785178
0.6349967
0.6466032
0.6466165
0.5540904
0.6246402
0.613788
0.64423
0.6384622
0.6700056
0.6700056
0.6707976
0.6709293
0.6714876
0.6748593
0.6526956
0.6145782
0.6106114
0.5731603
0.6449252
0.6120106
0.6205989
0.6488957
0.6385542
0.6439198
0.6452629
0.6805739
0.6806827
0.6806762
0.63968
0.6575655
0.6680994
0.6520468
0.6533006
0.6535689
0.6527117
0.6518842
0.6240985
0.6249898
0.6249797
0.6243188
0.6259852
0.6252541
0.6252033
0.6259548
0.6258227
0.6038711
0.6378994
0.6393862
0.6382111
0.6386823
0.6390821
0.6471614
0.6551806
0.6397665
0.6582776
0.6680994
0.679502
0.6520468
0.6243725
0.6038711
0.6378994
0.6471614
0.6551806
0.8059105
0.8027448
0.8067463
0.8060227
0.8063759
0.8050633
0.8055809
0.804515
0.8038372
0.8025415
0.6666927
0.6296296
0.6318866
0.645087
0.6700919
0.6331171
0.6547582
0.6705763
0.6563431
0.6611241
0.6652065
0.6632913
0.6552111
0.6536515
0.6346421
0.6376729
0.6194385
0.617489
0.7914891
0.651679
0.6717472
0.6714331
0.6737769
0.6706949
0.6683661
0.6816895
0.6816895
0.6552137
0.6692265
0.6644108
0.5943444
0.6472393
0.6389315
0.6624351
0.6592652
0.6646754
0.6646754
0.6654728
0.6649682
0.6661624
0.6688126
0.6703167
0.6350134
0.649836
0.6430365
0.6681822
0.6475502
0.6555449
0.6653907
0.6449709
0.6705426
0.6752837
0.6763857
0.6757706
0.6759729
0.6282943
0.6429938
0.6699773
0.6469793
0.6460679
0.6459082
0.6461195
0.6448494
0.6199707
0.6176856
0.6203908
0.6175772
0.6190359
0.6187474
0.618018
0.6180999
0.6189853
0.5946058
0.6113327
0.6094786
0.6104066
0.6101113
0.6101792
0.6505508
0.6389869
0.6283844
0.6437221
0.6699773
0.6775821
0.6469793
0.620249
0.5946058
0.6113327
0.6505508
0.6389869
0.8083101
0.8038587
0.810697
0.805193
0.8096999
0.8084329
0.802979
0.8108298
0.803507
0.8017839
0.6442361
0.6171604
0.6150284
0.6247879
0.6419183
0.6210944
0.6315832
0.6525296
0.6426701
0.6320038
0.6529547
0.6697678
0.6391258
0.6475251
0.6351296
0.6548178
0.616374
0.6395794
0.7936542
0.6514262
0.6825535
0.6807905
0.6813369
0.6800633
0.6741912
0.67891
0.67891
0.6607656
0.6698652
0.6639796
0.584989
0.6521038
0.6455533
0.6660549
0.6598928
0.6666932
0.6666932
0.6669588
0.6677283
0.6681804
0.6658418
0.6630418
0.6380458
0.6344688
0.6402246
0.6557205
0.6198456
0.6492387
0.6702763
0.6479909
0.6426837
0.6518769
0.6563563
0.6565641
0.655931
0.6021904
0.6232318
0.6487173
0.6295372
0.6287585
0.6277095
0.6277
0.627286
0.5919927
0.5904269
0.5926636
0.589508
0.5921941
0.5916562
0.5906662
0.590632
0.5908522
0.5562824
0.5794206
0.5780622
0.5779563
0.5782518
0.5785511
0.6107985
0.6220798
0.6022886
0.62398
0.6487173
0.6574533
0.6295372
0.5922975
0.5562824
0.5794206
0.6107985
0.6220798
0.7970753
0.7952118
0.803318
0.7935479
0.8061457
0.7963528
0.7943998
0.7960288
0.7967162
0.7915358
0.6304051
0.6097502
0.604712
0.6127902
0.6417934
0.6137953
0.6213123
0.6372541
0.6186516
0.6100016
0.62798
0.6465022
0.6157277
0.6325813
0.623186
0.6201743
0.588448
0.5968067
0.7840082
0.6325789
0.6546114
0.6546055
0.6551752
0.6524302
0.6488259
0.6546595
0.6546595
0.6328424
0.645354
0.6437191
0.5470153
0.6270825
0.6205653
0.6336601
0.638749
0.6561747
0.6561747
0.6569847
0.6579812
0.6575694
0.6585366
0.6598266
0.6060279
0.6113768
0.6088693
0.6538524
0.6105968
0.6164632
0.6462199
0.6168981
0.6319309
0.6461998
0.655488
0.6554828
0.6555941
0.637789
0.6690037
0.6909035
0.6519886
0.6522806
0.6509471
0.6504084
0.6506502
0.6399264
0.6386811
0.6394312
0.6384535
0.6403051
0.6398104
0.6381182
0.6386365
0.6382859
0.6082129
0.6211841
0.6198494
0.6203157
0.6205809
0.6208738
0.6576322
0.6445275
0.6378759
0.6697033
0.6909035
0.6569028
0.6519886
0.6401854
0.6082129
0.6211841
0.6576322
0.6445275
0.7997564
0.8006259
0.8072526
0.8001271
0.8041714
0.8033052
0.7975694
0.8041855
0.7985993
0.7941364
0.638308
0.6276341
0.6217174
0.6410501
0.6508162
0.6227342
0.6458843
0.6573884
0.6394482
0.6369336
0.6519681
0.6507554
0.6562225
0.6527254
0.6390446
0.6483463
0.6323183
0.6475052
0.791342
0.6496463
0.6656315
0.664141
0.665445
0.6657371
0.6629662
0.6773304
0.6773304
0.6469455
0.6507975
0.6549239
0.5634662
0.6455492
0.6282791
0.6722064
0.6419743
0.6727273
0.6727273
0.6735129
0.6746902
0.6738856
0.6756671
0.6743001
0.6470399
0.6464274
0.653664
0.6442354
0.6389831
0.6584821
0.6728165
0.6514543
0.6630659
0.6674319
0.6492371
0.6489066
0.6494518
0.6082255
0.6305937
0.6590802
0.6102593
0.6099558
0.6096782
0.6098919
0.6084426
0.596973
0.596376
0.5980083
0.5952282
0.5970769
0.5968934
0.5955607
0.5956439
0.5965612
0.5517329
0.5843488
0.583493
0.5835069
0.5837982
0.5842145
0.6126801
0.6095207
0.6083217
0.6313338
0.6590802
0.6500514
0.6102593
0.5969249
0.5517329
0.5843488
0.6126801
0.6095207
0.8006315
0.799529
0.808122
0.7986111
0.8036836
0.8000283
0.7980034
0.8009915
0.8029393
0.7996033
0.628482
0.6140918
0.6055878
0.6126353
0.6380466
0.6103642
0.6345724
0.643074
0.625592
0.6147939
0.6257154
0.6445739
0.6165966
0.639636
0.6070684
0.6153014
0.5754981
0.5675467
0.792296
0.6317311
0.6526961
0.6533409
0.6541281
0.6511628
0.6455799
0.66446
0.66446
0.6373288
0.6526797
0.6505355
0.5467689
0.633083
0.6142775
0.6369411
0.6425449
0.6377389
0.6377389
0.6385728
0.6393762
0.6422487
0.6425732
0.6519306
0.6202989
0.6117928
0.6054671
0.6500769
0.6066429
0.6060782
0.6354362
0.6267224
0.6458871
0.6479871
0.6884678
0.6883768
0.6890737
0.6409744
0.6599686
0.6851195
0.6721643
0.6712768
0.6701853
0.671433
0.6709395
0.6445154
0.6430806
0.6450192
0.6427426
0.6450192
0.6440936
0.6428457
0.6425993
0.6424675
0.6153471
0.6292675
0.6272061
0.6280006
0.6281504
0.6280006
0.6530178
0.660557
0.6410604
0.6606779
0.6851195
0.6898957
0.6721643
0.6444462
0.6153471
0.6292675
0.6530178
0.660557
0.8082728
0.8086551
0.8171122
0.8110209
0.8140324
0.8123909
0.8111585
0.8104525
0.8098611
0.809163
0.6716348
0.6455097
0.6510967
0.6607031
0.6654957
0.6486829
0.6592633
0.6819802
0.666563
0.6582753
0.6793255
0.6766585
0.6740864
0.6819932
0.6402924
0.6639936
0.6396411
0.6459024
0.7981618
0.6699263
0.6993708
0.6990827
0.6999145
0.6953369
0.6944271
0.697118
0.697118
0.6799655
0.686348
0.6860274
0.6043424
0.6665872
0.658932
0.6713165
0.6815542
0.6871185
0.6871185
0.6878861
0.6883208
0.6884682
0.6870349
0.6768508
0.6544335
0.6651909
0.6704744
0.6805654
0.6541257
0.6521844
0.6824797
0.6536609
0.6692515
0.6686456
0.6811268
0.6811335
0.6818429
0.633328
0.6667188
0.6904615
0.6539738
0.6559778
0.6549675
0.6557104
0.6547789
0.6340501
0.6355261
0.6360627
0.6349681
0.6357322
0.6357835
0.6359525
0.6358129
0.6361214
0.5911012
0.6177137
0.618715
0.618622
0.6196737
0.6185098
0.6308644
0.6506034
0.6334165
0.6674226
0.6904615
0.6800526
0.6539738
0.6339853
0.5911012
0.6177137
0.6308644
0.6506034
0.8006747
0.7975978
0.808249
0.7982276
0.8062838
0.8045499
0.7936034
0.7990777
0.7973731
0.7959778
0.6485759
0.64349
0.6325321
0.6343379
0.6577788
0.6324485
0.6419616
0.6483884
0.6448702
0.6408568
0.6544837
0.6747388
0.6614513
0.6580888
0.6565892
0.6611384
0.6283171
0.6433907
0.7869019
0.6590026
0.6787098
0.6778789
0.6783228
0.6743134
0.6745257
0.6949879
0.6949879
0.6615446
0.676911
0.6738425
0.5925082
0.6569044
0.6456022
0.6661884
0.6755924
0.6957944
0.6957944
0.6965523
0.6970828
0.6930647
0.6979531
0.6696126
0.6360019
0.6465912
0.6538462
0.6725565
0.650702
0.6477602
0.6749366
0.6480375
0.6649702
0.6727014
0.6848932
0.6853103
0.6854037
0.6452646
0.6511757
0.6787411
0.6578906
0.6574581
0.6561259
0.6570839
0.6558302
0.6202335
0.6186253
0.6205427
0.6182893
0.6207688
0.6200279
0.6182774
0.6189265
0.61834
0.6048752
0.6118002
0.6105142
0.6105324
0.6109198
0.6114436
0.6429028
0.6403854
0.6453498
0.6518977
0.6787411
0.6861472
0.6578906
0.6201747
0.6048752
0.6118002
0.6429028
0.6403854
0.8096396
0.8095069
0.8129259
0.8080181
0.8120418
0.8054535
0.8062262
0.8157303
0.8033752
0.8034309
0.6538796
0.6347583
0.629564
0.6398237
0.660416
0.6347637
0.6624569
0.6699159
0.6585654
0.6456399
0.6520083
0.6783649
0.6462723
0.6641032
0.6455367
0.6609279
0.6327914
0.6312803
0.7928784
0.6520993
0.6923741
0.6912551
0.6926159
0.690952
0.6867204
0.6906108
0.6906108
0.6586577
0.6691861
0.6646668
0.5908089
0.6464286
0.6481675
0.6460651
0.6664538
0.6713125
0.6713125
0.6714707
0.6717083
0.6708921
0.6701508
0.6607399
0.6461738
0.6504581
0.6516463
0.6731353
0.6396038
0.6568399
0.6723533
0.6597284
0.6637105
0.6622411
0.6644675
0.664991
0.6649918
0.6302894
0.6366835
0.6583963
0.6472782
0.6493837
0.6483648
0.6488981
0.6481732
0.6114066
0.6111157
0.6140725
0.612265
0.6142998
0.6137818
0.6121376
0.6125616
0.6136811
0.5861381
0.6110253
0.6123481
0.6130453
0.6128638
0.6130453
0.6245059
0.6248888
0.6302684
0.6366544
0.6583963
0.6630111
0.6472782
0.6113519
0.5861381
0.6110253
0.6245059
0.6248888
0.8027786
0.7982431
0.810375
0.7980156
0.8077662
0.8081971
0.8047716
0.8047145
0.8015839
0.7998584
0.6434638
0.626041
0.611337
0.6178855
0.6553788
0.6241129
0.6413552
0.6392248
0.641469
0.6295971
0.6467227
0.6605644
0.6404376
0.6536977
0.6250206
0.6383797
0.6130869
0.612006
0.7912509
0.64178
0.6709585
0.6716999
0.672359
0.6714899
0.667358
0.6828904
0.6828904
0.6442044
0.651982
0.6536299
0.5644995
0.6372661
0.6323434
0.6601312
0.6444732
0.682783
0.682783
0.6829364
0.6826507
0.6845537
0.6839374
0.6523129
0.6252249
0.6260083
0.6318758
0.6574141
0.6168009
0.6272378
0.6575167
0.6491653
0.6545178
0.653251
0.65371
0.6543394
0.6544511
0.0097765
0.6277693
0.6577649
0.6184762
0.6177612
0.6163685
0.6164683
0.6169472
0.604788
0.6026305
0.603662
0.6025304
0.6045786
0.6035969
0.6035474
0.6032854
0.6036125
0.5848557
0.6052418
0.6041582
0.604289
0.6042227
0.604289
0.6320657
0.6328993
0.0101222
0.6285075
0.6577649
0.6554451
0.6184762
0.6050784
0.5848557
0.6052418
0.6320657
0.6328993
0.7969108
0.7942035
0.7970412
0.7880983
0.802442
0.7886865
0.7915282
0.7958737
0.7901532
0.7849562
0.6345085
0.633853
0.609839
0.6303897
0.6441481
0.6210137
0.6381314
0.6398855
0.6370611
0.6205711
0.6428345
0.6627806
0.635276
0.6536188
0.6262453
0.6514456
0.6174595
0.6252349
0.7831465
0.637893
0.6794318
0.6765284
0.6790482
0.6749665
0.6694104
0.6717359
0.6717359
0.6404819
0.6554522
0.6578361
0.5669681
0.6469171
0.6373423
0.6574502
0.6527811
0.6744497
0.6744497
0.6752298
0.6756714
0.6751848
0.6815122
0.6614887
0.6357477
0.6298748
0.6382377
0.6675395
0.6242587
0.6464557
0.6683544
0.6425868
0.6345424
0.670442
0.6552131
0.6558421
0.6559528
0.0202687
0.6308478
0.6586282
0.6204844
0.6197786
0.6183891
0.6184892
0.6189668
0.6070671
0.6049261
0.6059537
0.6048248
0.6068677
0.6058891
0.6058394
0.6055783
0.6059041
0.5875361
0.6078431
0.6067736
0.6069044
0.6068376
0.6069044
0.6339307
0.6344404
0.020609
0.6315831
0.6586282
0.6569394
0.6204844
0.6073555
0.5875361
0.6078431
0.6339307
0.6344404
0.7983566
0.7958167
0.7982963
0.7887674
0.8037032
0.7908969
0.7931327
0.7976426
0.7919354
0.7865784
0.6370124
0.6360259
0.6116411
0.6324773
0.6455556
0.6232349
0.6398673
0.6407667
0.6376147
0.622343
0.6440316
0.6636537
0.6384833
0.6561104
0.6284969
0.6523349
0.618822
0.6268169
0.7851467
0.6400196
0.6809128
0.6780154
0.6804269
0.6763525
0.6709111
0.6746893
0.6746893
0.6433325
0.6579303
0.661056
0.5678096
0.6489976
0.6388889
0.6598233
0.6555927
0.6768724
0.6768724
0.6776496
0.6780897
0.6776068
0.6835027
0.662568
0.6377407
0.631545
0.6411105
0.6684119
0.6266126
0.646908
0.6701707
0.6448966
0.6374194
0.6717239
0.653943
0.6545726
0.6546842
0.0133659
0.6284389
0.6583131
0.6191512
0.6184391
0.6170471
0.617147
0.6176256
0.606726
0.6045824
0.6056107
0.6044813
0.6065251
0.605546
0.6054963
0.6052351
0.605561
0.5866028
0.6066012
0.6055248
0.6056556
0.6055891
0.6056556
0.6333865
0.6343313
0.0137098
0.6291767
0.6583131
0.6556774
0.6191512
0.6070147
0.5866028
0.6066012
0.6333865
0.6343313
0.7963785
0.7938431
0.7964321
0.7877345
0.8020034
0.7885816
0.7910828
0.7962832
0.7897913
0.7845891
0.636039
0.634623
0.6116411
0.6323682
0.6455556
0.6221294
0.6398673
0.6415229
0.6376147
0.6224531
0.644246
0.6634417
0.6356213
0.6551449
0.6271532
0.6534191
0.618822
0.6260315
0.7833888
0.6387982
0.6809128
0.6780154
0.6805305
0.6764567
0.6709111
0.6716594
0.6716594
0.6419168
0.6568635
0.6590331
0.5689082
0.6473705
0.6389982
0.657152
0.6540916
0.6767685
0.6767685
0.6775459
0.677986
0.6770874
0.6838115
0.6623571
0.6367521
0.6316554
0.6393535
0.667672
0.6259437
0.6477746
0.670486
0.6436967
0.6358792
0.6719327
0.6547928
0.6554219
0.6555329
0.0152078
0.6293248
0.6592598
0.6204955
0.61979
0.6184008
0.6185008
0.6189783
0.6067407
0.6045977
0.6056257
0.6044966
0.6065399
0.605561
0.6055114
0.6052502
0.6055761
0.5874391
0.6054852
0.6044028
0.6045336
0.6044673
0.6045336
0.6336121
0.634666
0.0155507
0.6300615
0.6592598
0.6565214
0.6204955
0.6070293
0.5874391
0.6054852
0.6336121
0.634666
0.7965229
0.7939018
0.7964047
0.7877948
0.8023148
0.7883838
0.7912274
0.7959155
0.7896792
0.7847371
0.6368033
0.6363565
0.61143
0.6327035
0.6464145
0.6234662
0.6403031
0.6422842
0.6388055
0.6226837
0.6448938
0.6646071
0.6379408
0.6561129
0.6285062
0.653314
0.6202986
0.6264903
0.784155
0.6402479
0.6809094
0.6779088
0.6805272
0.6763502
0.6710152
0.6742704
0.6742704
0.6427941
0.6567591
0.6591415
0.569908
0.6480263
0.638677
0.6599316
0.6540946
0.6758306
0.6758306
0.6766091
0.6770498
0.6765653
0.6828811
0.6627797
0.6382962
0.6314431
0.6408974
0.668517
0.6260651
0.6492925
0.6709051
0.6449019
0.636547
0.6720358
0.6537614
0.6543909
0.6545026
0.0120916
0.626831
0.6581317
0.6181921
0.6174757
0.6160823
0.6161821
0.6166613
0.6054072
0.6032542
0.6042847
0.6031537
0.6052006
0.6042197
0.6041701
0.6039084
0.6042351
0.5850211
0.6059697
0.60489
0.6050208
0.6049544
0.6050208
0.6326612
0.6327313
0.0124361
0.6275702
0.6581317
0.6554964
0.6181921
0.605697
0.5850211
0.6059697
0.6326612
0.6327313
0.7967957
0.7943459
0.7968431
0.7882403
0.8024989
0.7888282
0.7916696
0.7963552
0.7903809
0.7850987
0.6353175
0.6344435
0.6100008
0.6303306
0.6441989
0.6216173
0.6382895
0.6401527
0.637327
0.620731
0.6428854
0.663681
0.6362094
0.6544235
0.6269692
0.6516067
0.6170578
0.6253984
0.783819
0.6382788
0.6800031
0.6771022
0.67962
0.6754372
0.6699897
0.6726256
0.6726256
0.64097
0.6556112
0.6587421
0.5668942
0.6471863
0.6378313
0.6583579
0.6532631
0.6751277
0.6751277
0.675907
0.6763482
0.6758626
0.6821845
0.6620684
0.636019
0.6299257
0.6386195
0.6675924
0.624868
0.6463991
0.6680912
0.6425292
0.6354755
0.6711219
0.654321
0.6549501
0.6550613
0.0156631
0.6279683
0.6585805
0.6186795
0.6179657
0.6165736
0.6166734
0.6171521
0.6061373
0.6039905
0.6050193
0.6038897
0.6059339
0.6049545
0.6049049
0.6046435
0.6049697
0.5861272
0.6059033
0.6047099
0.6049544
0.604888
0.6049544
0.6330253
0.6329872
0.0160056
0.6287061
0.6585805
0.656052
0.6186795
0.6064264
0.5861272
0.6059033
0.6330253
0.6329872
0.7967823
0.7942475
0.7968299
0.7880574
0.802569
0.7884738
0.7915724
0.796087
0.7901979
0.7849156
0.6352456
0.63448
0.610608
0.631243
0.6447669
0.6213265
0.6386475
0.64062
0.6380087
0.6213235
0.6435628
0.6625426
0.6362462
0.6539168
0.6272334
0.6521809
0.6177792
0.6253268
0.7836333
0.6389818
0.6801286
0.6772291
0.6797457
0.6756693
0.6701202
0.6717088
0.6717088
0.6417683
0.656816
0.6591975
0.5681779
0.6478704
0.6387418
0.6584939
0.6541527
0.6743181
0.6743181
0.6750982
0.6755399
0.6752614
0.681587
0.662307
0.6366054
0.6304067
0.6395349
0.6682525
0.6249087
0.6472989
0.6693803
0.6435468
0.6350719
0.6710423
0.6541034
0.6547329
0.6548443
0.0096635
0.6280595
0.6578411
0.6187676
0.6180539
0.6166613
0.6167611
0.61724
0.6051965
0.6030415
0.6040726
0.6029412
0.6049889
0.6040076
0.603958
0.6036961
0.604023
0.5851521
0.6056475
0.6045658
0.6046967
0.6046303
0.6046967
0.6324643
0.6328618
0.0100093
0.6287976
0.6578411
0.6558365
0.6187676
0.6054866
0.5851521
0.6056475
0.6324643
0.6328618
0.7962353
0.7942161
0.7962062
0.7875924
0.8023718
0.7882678
0.7915399
0.7958015
0.7904221
0.7849662
0.6347971
0.6341406
0.6102435
0.6307889
0.6436863
0.6213046
0.638419
0.6400668
0.637672
0.6203089
0.642908
0.6631771
0.6359008
0.6543407
0.62699
0.6519568
0.6177553
0.6256435
0.7835081
0.6383013
0.6795133
0.6766095
0.6791297
0.6750473
0.6694902
0.6722345
0.6722345
0.6411018
0.6560636
0.6584473
0.5675168
0.6467754
0.6367583
0.6577417
0.653395
0.6748428
0.6748428
0.6756226
0.6760641
0.6755779
0.6819036
0.662094
0.636041
0.6304997
0.6388619
0.6680419
0.6248883
0.6463141
0.6689606
0.643208
0.6351668
0.6709398
0.6535222
0.6541519
0.6542637
0.0098941
0.6273506
0.6574741
0.6181613
0.6174448
0.6160512
0.616151
0.6166302
0.6048051
0.6026474
0.6036791
0.6025472
0.6045958
0.603614
0.6035644
0.6033024
0.6036295
0.5847528
0.6051457
0.6040613
0.6041922
0.6041259
0.6041922
0.6317595
0.6324834
0.0102397
0.6280893
0.6574741
0.6552588
0.6181613
0.6050955
0.5847528
0.6051457
0.6317595
0.6324834
0.7964367
0.7939018
0.7964895
0.7877948
0.8020597
0.7886415
0.7912274
0.7959155
0.789851
0.7846505
0.6343129
0.6333333
0.6097443
0.6305198
0.6440638
0.6208116
0.6378301
0.6396913
0.6371905
0.6205904
0.642535
0.6627003
0.6352979
0.6538584
0.6262659
0.6515786
0.6174787
0.625143
0.7830114
0.6378043
0.6793564
0.6764521
0.6789726
0.6748897
0.6693319
0.6716583
0.6716583
0.6406137
0.6555838
0.6578612
0.5671018
0.6467234
0.6371454
0.6573683
0.652913
0.674998
0.674998
0.6757776
0.6762189
0.675733
0.6820565
0.6616197
0.6357696
0.6297852
0.6384802
0.6680946
0.6242789
0.6469128
0.6692235
0.6426097
0.6345641
0.6703643
0.6549772
0.6556062
0.6557171
0.0208382
0.6278698
0.6592332
0.6197988
0.61909
0.6176994
0.6177994
0.6182774
0.6069359
0.6047944
0.6058221
0.6046931
0.606736
0.6057574
0.6057077
0.6054466
0.6057724
0.5858878
0.6070357
0.6059619
0.6060927
0.6060261
0.6060927
0.6339094
0.6334372
0.0211781
0.628608
0.6592332
0.6567047
0.6197988
0.6072244
0.5858878
0.6070357
0.6339094
0.6334372
0.7968526
0.7939731
0.7963054
0.7884684
0.8023008
0.7890559
0.7917256
0.7960712
0.7900937
0.7851546
0.6360175
0.6347097
0.6106123
0.630709
0.6449984
0.6228837
0.6388779
0.6409604
0.6381314
0.6216627
0.6434728
0.6648978
0.6372517
0.6550128
0.6281403
0.6525274
0.6192537
0.6267962
0.7833478
0.6387755
0.6808844
0.6779874
0.6805022
0.6763247
0.6711993
0.6729921
0.6729921
0.6425477
0.6571587
0.6600731
0.5675537
0.6479981
0.6382107
0.6589444
0.6546034
0.6748683
0.6748683
0.6756481
0.6760895
0.6757075
0.6824441
0.6626478
0.63684
0.6306401
0.6394409
0.6691241
0.6255886
0.6466677
0.6699336
0.6432367
0.6366277
0.6714881
0.6797878
0.6796923
0.6797878
0.628576
0.018755
0.6700943
0.6402054
0.6395939
0.6384634
0.6385647
0.6388095
0.6242273
0.6220015
0.6235484
0.6222258
0.6254329
0.62271
0.6231042
0.6227405
0.623054
0.6143237
0.615045
0.6140195
0.6141497
0.6138582
0.6147085
0.6509988
0.6334049
0.628665
0.0202369
0.6700943
0.6812548
0.6402054
0.6241675
0.6143237
0.615045
0.6509988
0.6334049
0.8024963
0.7965586
0.8008676
0.7925273
0.7991489
0.8010347
0.7967588
0.7957474
0.7986243
0.7957231
0.6591827
0.6479906
0.6370247
0.6387
0.6553849
0.6408173
0.6570097
0.6679087
0.6506203
0.651737
0.6493608
0.6827275
0.6623776
0.6795722
0.6588562
0.6628212
0.6374508
0.6305758
0.7907327
0.6690253
0.6952491
0.6949598
0.6945798
0.6944616
0.6877673
0.7075854
0.7075854
0.6682346
0.6837083
0.6793792
0.612003
0.6594817
0.6528173
0.6792409
0.6765602
0.6916892
0.6916892
0.6923434
0.6922661
0.6931221
0.6918137
0.6718896
0.6520565
0.6586595
0.6414624
0.6800063
0.6468153
0.6575115
0.6962494
0.6626877
0.6665881
0.6764958
0.6810113
0.6809165
0.6810113
0.6288866
0.0132748
0.6704045
0.6424458
0.6418443
0.6407167
0.6408183
0.6410622
0.6249799
0.6227588
0.6243045
0.6229826
0.6261878
0.6234668
0.6238606
0.6234971
0.6238103
0.6151923
0.6142409
0.6132106
0.6133409
0.6130491
0.6141243
0.6515199
0.6333891
0.6289755
0.0147653
0.6704045
0.6824717
0.6424458
0.6249198
0.6151923
0.6142409
0.6515199
0.6333891
0.8019591
0.7959314
0.8005882
0.7917284
0.7987792
0.8003359
0.7967291
0.7958019
0.7983423
0.7958624
0.6597001
0.6486149
0.637334
0.6383635
0.6552747
0.6411268
0.6573182
0.6682196
0.6514549
0.6527799
0.6510462
0.6821192
0.6630092
0.6788561
0.6589591
0.6623935
0.6373273
0.6304471
0.790526
0.6693439
0.6959679
0.6954774
0.6950974
0.6949795
0.6882874
0.7086897
0.7086897
0.6689661
0.6839205
0.6786634
0.6124331
0.6587339
0.6529174
0.6799688
0.6766682
0.6919032
0.6919032
0.6925574
0.6924801
0.6934374
0.6920279
0.6719956
0.6525848
0.6586557
0.6415595
0.6787703
0.6468058
0.6580385
0.6970679
0.6631088
0.667531
0.6765004
0.6806303
0.6805353
0.6806303
0.6294639
0.0124711
0.6711492
0.6423669
0.641765
0.6406374
0.640739
0.640983
0.625341
0.6231229
0.6246675
0.6233462
0.6265497
0.6238303
0.6242239
0.6238606
0.6241735
0.6148883
0.6153846
0.6143606
0.6144909
0.6141993
0.615273
0.6512302
0.632983
0.6295527
0.0139626
0.6711492
0.6820929
0.6423669
0.6252807
0.6148883
0.6153846
0.6512302
0.632983
0.8022282
0.7963724
0.800854
0.7923397
0.7992196
0.8009373
0.7972499
0.796325
0.7983565
0.7956225
0.6609749
0.6491693
0.6379011
0.6382844
0.6557211
0.6408334
0.6566143
0.6680385
0.6517976
0.6525971
0.6514962
0.6825545
0.6625079
0.6791908
0.6595187
0.6622074
0.6375753
0.630366
0.790801
0.6689469
0.6946807
0.6941887
0.693808
0.6937906
0.6870865
0.7079227
0.7079227
0.6686789
0.6835364
0.6796162
0.6120079
0.6600365
0.6531581
0.6799938
0.6763832
0.690408
0.690408
0.6910638
0.6909865
0.6919446
0.6904301
0.6719176
0.6519701
0.6586826
0.6414791
0.6799342
0.6464027
0.6575342
0.6961859
0.6630297
0.6665094
0.676629
0.6791814
0.6790855
0.6791814
0.6275796
0.0098266
0.6696836
0.641058
0.6404503
0.6394288
0.6394223
0.6396668
0.6238856
0.6216566
0.6232048
0.6218813
0.6250906
0.6223658
0.6227603
0.6223963
0.62271
0.6137519
0.6132508
0.6122152
0.6123455
0.6120536
0.6131298
0.6497255
0.6315454
0.6276689
0.0113216
0.6696836
0.6806523
0.641058
0.623826
0.6137519
0.6132508
0.6497255
0.6315454
0.8023553
0.7964157
0.80056
0.7923836
0.7992623
0.8007274
0.7971238
0.7965374
0.7986521
0.7960045
0.6589726
0.6477752
0.6364787
0.6369684
0.6542275
0.6394155
0.6556497
0.6669775
0.6505112
0.6509978
0.6499922
0.6810882
0.6616369
0.6781304
0.6585346
0.6619685
0.6365681
0.62901
0.7911923
0.6679666
0.6946506
0.6941586
0.6937781
0.6936595
0.6869552
0.7069031
0.7069031
0.6677126
0.6828946
0.6786606
0.6107311
0.6589485
0.6511057
0.6787277
0.6756313
0.6903785
0.6903785
0.6910343
0.6909569
0.6919149
0.690502
0.6711655
0.6510889
0.6578118
0.6397071
0.6786638
0.6456241
0.6563391
0.6952491
0.6621579
0.6652239
0.6751543
0.6792583
0.6791625
0.6792583
0.6275498
0.0097121
0.6699667
0.6409224
0.640314
0.6391843
0.6392857
0.6395303
0.6239659
0.6217374
0.6232855
0.6219621
0.6251712
0.6224465
0.622841
0.622477
0.6227907
0.613385
0.6145566
0.6135281
0.6136584
0.6133667
0.6144413
0.6506506
0.6327148
0.6276392
0.0112074
0.6699667
0.6807289
0.6409224
0.6239062
0.613385
0.6145566
0.6506506
0.6327148
0.8018312
0.7958894
0.8002941
0.7918578
0.7986515
0.8003778
0.7967719
0.7960146
0.798216
0.7955665
0.6590503
0.6463739
0.6363421
0.6360754
0.6539903
0.6390645
0.6554138
0.6667444
0.6498516
0.6509706
0.649753
0.6814746
0.6615044
0.6780019
0.6582943
0.6619415
0.6364294
0.6292025
0.7912639
0.6686819
0.6941222
0.6936295
0.6932487
0.6931299
0.6864196
0.7069796
0.7069796
0.668
0.6831768
0.6789449
0.6108135
0.6592405
0.6512918
0.6788059
0.6759165
0.6903545
0.6903545
0.6910104
0.690933
0.6918911
0.690478
0.6711399
0.6518112
0.6578906
0.6410999
0.6786386
0.6463512
0.6564184
0.6953264
0.6626601
0.6653026
0.6754393
0.6807808
0.6806858
0.6807808
0.6286468
0.0175055
0.6701725
0.6424233
0.6418218
0.6406944
0.6407959
0.6410399
0.6254012
0.6231837
0.624728
0.623407
0.6266098
0.623891
0.6242844
0.6239213
0.6242341
0.6156202
0.6151128
0.6140875
0.6142177
0.6139261
0.615
0.6512849
0.6335854
0.6287358
0.0189895
0.6701725
0.6822423
0.6424233
0.6253408
0.6156202
0.6151128
0.6512849
0.6335854
0.8032752
0.7967422
0.8009658
0.7929649
0.7997589
0.8012166
0.7976157
0.7968618
0.7988909
0.7962442
0.6613391
0.6497505
0.6387112
0.6386648
0.6557748
0.6412117
0.6564589
0.6684002
0.6523772
0.6525463
0.6513395
0.6828091
0.6639325
0.6794471
0.6604238
0.663219
0.6377428
0.6309813
0.7906577
0.6697401
0.6948288
0.694337
0.6939565
0.6937369
0.6874416
0.708855
0.708855
0.6690439
0.6844024
0.6805924
0.6124146
0.6605149
0.6522531
0.6802498
0.6773639
0.6913676
0.6913676
0.6920223
0.691945
0.6929024
0.6916944
0.6725898
0.6524535
0.6596867
0.6420824
0.6806045
0.6468902
0.657801
0.6958301
0.6634
0.6672953
0.6767826
0.6981777
0.6987851
0.6987705
0.6577628
0.6688347
0.0170881
0.6790655
0.6783206
0.6781662
0.6779648
0.6778876
0.6632031
0.6613752
0.6625069
0.6616677
0.6633461
0.6623489
0.6614563
0.6615348
0.6625598
0.6416977
0.6494158
0.6477219
0.648704
0.6474576
0.648278
0.6691694
0.6667444
0.6578432
0.6694272
0.0170881
0.699539
0.6790655
0.6631267
0.6416977
0.6494158
0.6691694
0.6667444
0.8096448
0.8059113
0.8048474
0.8016957
0.8113486
0.8062605
0.802936
0.8051357
0.8013607
0.8022563
0.6827702
0.6835857
0.6661502
0.6758089
0.6982002
0.6702226
0.6796176
0.6880312
0.6846435
0.6812667
0.685096
0.7090465
0.6868985
0.7017449
0.6794611
0.6735178
0.6716044
0.6769738
0.7914546
0.6884809
0.709596
0.7114899
0.7120043
0.7103169
0.7088443
0.7091548
0.7091548
0.7019974
0.7187051
0.7170069
0.6410753
0.6856809
0.6814585
0.7033254
0.7101029
0.7164995
0.7164995
0.7172246
0.7175381
0.7170213
0.7191744
0.6988449
0.6798816
0.6903882
0.6799093
0.7065334
0.6682624
0.6870833
0.6980316
0.6766434
0.6962746
0.6999002
0.6975084
0.6981161
0.6981017
0.6574741
0.6693754
0.0098494
0.6784808
0.6777332
0.6775788
0.6775813
0.6772998
0.6630205
0.6611914
0.6623234
0.6614841
0.6631628
0.6621653
0.6612726
0.6613511
0.6623764
0.642371
0.6494433
0.6477497
0.6487317
0.6474854
0.6483058
0.669298
0.665733
0.6575546
0.6699675
0.0098494
0.6988735
0.6784808
0.6629442
0.642371
0.6494433
0.669298
0.665733
0.8094902
0.8052524
0.804861
0.8012897
0.8109439
0.8064404
0.8031171
0.8050658
0.8012906
0.8021023
0.6826938
0.6838101
0.6658659
0.6756299
0.6975337
0.6702481
0.6797431
0.687251
0.6846675
0.6808884
0.6848184
0.7098572
0.6870247
0.7009691
0.6794862
0.6731241
0.6702754
0.6769991
0.7917294
0.6886082
0.7093219
0.7112165
0.711731
0.7100429
0.7086687
0.7090784
0.7090784
0.7020202
0.7192107
0.7168336
0.6411043
0.6848867
0.6816877
0.703149
0.7106166
0.7162285
0.7162285
0.7169539
0.7172676
0.7169453
0.7190986
0.698171
0.6786717
0.6905129
0.6790046
0.7061582
0.668393
0.6871075
0.6981554
0.6769797
0.6972004
0.699524
0.6975843
0.698192
0.6981777
0.6576577
0.6694528
0.0134182
0.6792685
0.6785246
0.6783702
0.678373
0.6780917
0.6627852
0.6609543
0.6620868
0.6612473
0.6629266
0.6619287
0.6610356
0.6611142
0.6621399
0.6416977
0.6494158
0.6477219
0.648704
0.6474576
0.648278
0.6692724
0.6659146
0.6577381
0.6700449
0.0134182
0.6989491
0.6792685
0.662709
0.6416977
0.6494158
0.6692724
0.6659146
0.8094767
0.805491
0.8048474
0.8012758
0.8109306
0.8063437
0.8030197
0.8050521
0.8010243
0.8019205
0.6825688
0.683786
0.66584
0.6756049
0.6973137
0.6701198
0.6796176
0.6879308
0.6845433
0.6807634
0.6847942
0.709638
0.6871023
0.701046
0.6794611
0.6729933
0.6703538
0.6763505
0.7914546
0.6886866
0.7092997
0.7111944
0.711709
0.7100207
0.7085473
0.7086614
0.7086614
0.7019974
0.7191895
0.7168121
0.6410753
0.6849646
0.6815608
0.7031262
0.7105945
0.716207
0.716207
0.7169324
0.7172461
0.7169238
0.7190772
0.6979486
0.6787496
0.6899846
0.6790829
0.7058371
0.6685759
0.6871851
0.6978306
0.677058
0.6971771
0.699501
0.6985115
0.6991191
0.6991043
0.6600954
0.6711259
0.0220071
0.6806174
0.6798797
0.6797255
0.6797285
0.6794476
0.6653141
0.6635008
0.6646284
0.6637911
0.6654654
0.6644711
0.6635807
0.6636592
0.664681
0.6455766
0.6534491
0.6517808
0.6527581
0.6515175
0.6523345
0.6720754
0.6688413
0.6601752
0.6717168
0.0220071
0.6998715
0.6806174
0.6652367
0.6455766
0.6534491
0.6720754
0.6688413
0.8108947
0.8069077
0.8063368
0.803025
0.8126757
0.8078289
0.8045953
0.8064606
0.8022718
0.803669
0.6851145
0.6865173
0.6685493
0.6776726
0.6980404
0.6719957
0.680052
0.6889688
0.6868771
0.6836089
0.6863345
0.7120415
0.6907951
0.7009849
0.6835156
0.6759552
0.6726731
0.6794922
0.7923893
0.6909817
0.710625
0.7125172
0.7130309
0.7113457
0.709974
0.7111671
0.7111671
0.7048128
0.7216518
0.7192876
0.6437208
0.6868388
0.6833295
0.7043605
0.7135793
0.7181025
0.7181025
0.7188258
0.7191386
0.7188188
0.7210642
0.7016646
0.6825816
0.6927396
0.6822087
0.7068727
0.6715226
0.6901648
0.6998766
0.6795714
0.6997158
0.7015337
0.6977592
0.6983669
0.6983524
0.6579463
0.6703535
0.0172036
0.6800553
0.6793151
0.6791609
0.6791638
0.6788828
0.6635945
0.6617693
0.6629002
0.6620614
0.663739
0.6627423
0.6618502
0.6619287
0.6629531
0.6422069
0.6499177
0.648227
0.6492085
0.6479628
0.6487828
0.6693498
0.6656809
0.6580266
0.6709448
0.0172036
0.6991231
0.6800553
0.6635178
0.6422069
0.6499177
0.6693498
0.6656809
0.8100515
0.8062337
0.805251
0.8019337
0.8120037
0.8066629
0.8034242
0.8057906
0.8017671
0.8023264
0.683048
0.6842626
0.666331
0.675784
0.6977835
0.6705055
0.6800979
0.6884091
0.6850202
0.6810411
0.6853735
0.7101084
0.6876891
0.701023
0.6800564
0.673492
0.6704323
0.6773637
0.7919593
0.688868
0.7103633
0.7122555
0.7127692
0.7110839
0.7096132
0.7095271
0.7095271
0.7024711
0.7196523
0.7172775
0.6418139
0.6857588
0.6821495
0.7037009
0.7110637
0.7163805
0.7163805
0.7171058
0.7174194
0.7170973
0.7190559
0.6979254
0.6791365
0.6907677
0.6792645
0.7071072
0.6687588
0.6869572
0.6979078
0.6774471
0.6976547
0.6994779
0.6967693
0.6973774
0.6973634
0.6565783
0.6692212
0.015141
0.6786346
0.6778876
0.6777332
0.6777357
0.6774542
0.6623407
0.6605064
0.66164
0.6607999
0.6624804
0.6614817
0.660588
0.6606666
0.6616931
0.6407005
0.6493883
0.6476941
0.6486763
0.6474298
0.6482503
0.6698646
0.6649537
0.6566591
0.6698135
0.015141
0.6981389
0.6786346
0.6622646
0.6407005
0.6493883
0.6698646
0.6649537
0.809211
0.8053091
0.8046668
0.8010937
0.81075
0.8062469
0.8030059
0.8048712
0.8009263
0.8017386
0.6817382
0.6829603
0.6649864
0.6746607
0.6964029
0.6694771
0.6786835
0.6871025
0.683717
0.6798319
0.6836625
0.7090242
0.6878927
0.7005232
0.6797462
0.6723374
0.6694929
0.675389
0.7908328
0.6877356
0.7087832
0.7106793
0.7111944
0.7095045
0.7080298
0.7082441
0.7082441
0.7010799
0.718296
0.7157183
0.6402779
0.6842228
0.6806149
0.7019068
0.7096873
0.7155022
0.7155022
0.7162285
0.7165426
0.7162193
0.7184724
0.6974269
0.6784155
0.6894558
0.6782302
0.7054162
0.6681319
0.687059
0.6977067
0.6760994
0.6971538
0.7004757
0.6985043
0.6991117
0.6990969
0.6579978
0.669067
0.018807
0.6801075
0.6793675
0.6792133
0.6792162
0.6789352
0.6626016
0.660769
0.6619021
0.6610622
0.6627423
0.6617439
0.6608504
0.660929
0.6619552
0.6420428
0.6501803
0.6484911
0.6494724
0.648227
0.6490468
0.6701222
0.6654211
0.6580782
0.6696594
0.018807
0.699864
0.6801075
0.6625254
0.6420428
0.6501803
0.6701222
0.6654211
0.8092682
0.8052817
0.8046395
0.8010658
0.8107233
0.8061367
0.8027273
0.8048439
0.8008141
0.8017108
0.6831002
0.6843146
0.6664859
0.6761421
0.6978363
0.6706601
0.6801499
0.6885622
0.6850724
0.6812944
0.6853254
0.7090784
0.6877424
0.700977
0.6796961
0.6723906
0.6699631
0.6757542
0.791583
0.6883046
0.7099242
0.7109309
0.7114458
0.7097565
0.7082822
0.7090881
0.7090881
0.7021277
0.7194163
0.7170398
0.6417561
0.6844811
0.6817935
0.7026591
0.7108232
0.7166299
0.7166299
0.717355
0.7176685
0.7173467
0.7194992
0.6980785
0.6784684
0.6903166
0.6784903
0.7061673
0.6697507
0.6875194
0.6982632
0.6771894
0.6980088
0.6998311
0.6980559
0.6987622
0.6987476
0.6571048
0.6689121
0.0149116
0.6787362
0.6779897
0.6778353
0.6778378
0.6775564
0.6629679
0.6611382
0.6622704
0.6614309
0.66311
0.6621123
0.6612194
0.6612979
0.6623234
0.6417769
0.6491765
0.6474809
0.6484634
0.6472165
0.6480372
0.6695558
0.6661999
0.6571854
0.6695046
0.0149116
0.6995163
0.6787362
0.6628915
0.6417769
0.6491765
0.6695558
0.6661999
0.8096314
0.8056455
0.8050007
0.8014299
0.8110009
0.8064134
0.8031733
0.8051221
0.8011786
0.8020746
0.682343
0.6833612
0.6655039
0.6750694
0.6973893
0.6698886
0.6793911
0.6877059
0.6838174
0.6802352
0.6843676
0.7092215
0.6866703
0.7011229
0.6791255
0.6726525
0.6716827
0.6761172
0.7917861
0.6884564
0.7090798
0.7111723
0.7114899
0.7098009
0.7082279
0.7084417
0.7084417
0.7014777
0.7185869
0.7167906
0.6402779
0.6846328
0.6811268
0.7029041
0.7099825
0.7161854
0.7161854
0.7169109
0.7172246
0.7169023
0.7190559
0.6979254
0.6792394
0.6895568
0.6790578
0.7058145
0.6679228
0.687059
0.6978073
0.6762032
0.6964519
0.6992781
0.6820552
0.6826687
0.6824594
0.6523342
0.6528299
0.6744437
0.6566082
0.6561766
0.6563356
0.6554911
0.6549914
0.634721
0.6318109
0.6361677
0.63312
0.6344232
0.6355648
0.6331119
0.6338479
0.6338265
0.6164306
0.6399086
0.6391263
0.6388251
0.6373504
0.6396867
0.6402083
0.6455477
0.6524161
0.6535396
0.6744437
0.6832061
0.6566082
0.6343307
0.6164306
0.6399086
0.6402083
0.6455477
0.7941491
0.7970153
0.7982063
0.7915404
0.8035021
0.7934767
0.7923878
0.7972175
0.7917049
0.7905696
0.6554838
0.6496379
0.6413951
0.6425307
0.6664606
0.6420696
0.6498401
0.6579667
0.658113
0.6471691
0.6562719
0.6859337
0.6758023
0.6719485
0.6576376
0.65
0.6560671
0.6540024
0.7819663
0.671398
0.6909316
0.6893181
0.6908654
0.6890182
0.6863721
0.6913208
0.6913208
0.6750312
0.6836434
0.6817828
0.6206164
0.6749628
0.6629258
0.6775277
0.6805167
0.6683702
0.6683702
0.6684223
0.6681343
0.6700456
0.6709865
0.6903994
0.6603059
0.6653355
0.6564237
0.6799437
0.6492496
0.6634911
0.6925456
0.6787108
0.6709198
0.6785992
0.6839446
0.6845571
0.6843475
0.6535779
0.6539633
0.6762512
0.6567932
0.6563625
0.6565214
0.6556774
0.6551778
0.6354598
0.6326661
0.6369076
0.6338636
0.6351654
0.6363056
0.6338557
0.6345908
0.6345693
0.6164119
0.6413847
0.6406102
0.6397722
0.6388383
0.6411695
0.6414723
0.6458448
0.6536593
0.6546718
0.6762512
0.685085
0.6567932
0.6350696
0.6164119
0.6413847
0.6414723
0.6458448
0.794795
0.7976535
0.7990059
0.7925206
0.8043034
0.7938593
0.7931956
0.7978514
0.7925153
0.7909553
0.6571318
0.6516094
0.6432951
0.6443238
0.6677731
0.6427953
0.6514998
0.6594084
0.6597507
0.6490448
0.6576078
0.6870253
0.6776331
0.6742092
0.6591035
0.6513828
0.6578469
0.6552629
0.78175
0.672213
0.6921173
0.6905076
0.6920517
0.6902085
0.6882814
0.6926046
0.6926046
0.6776827
0.6854489
0.6838018
0.622623
0.6763855
0.6644721
0.6794602
0.6824361
0.6687623
0.6687623
0.6688143
0.6685265
0.6704367
0.6718983
0.6919773
0.6618631
0.6659363
0.6578906
0.6804317
0.6505116
0.6643065
0.6926169
0.6793012
0.6723477
0.6798041
0.6825604
0.6831736
0.6829642
0.6532852
0.653251
0.6745457
0.6569224
0.6564921
0.656651
0.655807
0.6553075
0.6351556
0.6323588
0.6366031
0.6335573
0.6348597
0.6360006
0.6335493
0.6342848
0.6342633
0.6167645
0.64023
0.6394493
0.6391483
0.6376743
0.6400095
0.6419228
0.6466142
0.6533668
0.6539603
0.6745457
0.6837085
0.6569224
0.6347653
0.6167645
0.64023
0.6419228
0.6466142
0.7950948
0.7978656
0.798543
0.7929019
0.8044306
0.7935615
0.7926426
0.7980621
0.7917901
0.7903135
0.6560068
0.6501635
0.6420365
0.6426377
0.6664606
0.6424972
0.6494186
0.6582813
0.6582171
0.6476971
0.6566908
0.6850155
0.6758023
0.6728855
0.6565705
0.6520555
0.656917
0.6541096
0.7825805
0.672135
0.6917421
0.6904356
0.6916763
0.6895268
0.6874951
0.6922305
0.6922305
0.6759598
0.6853759
0.6835237
0.6212926
0.6772404
0.6639743
0.6789728
0.68144
0.6678465
0.6678465
0.6678987
0.6676105
0.6695228
0.6704644
0.6922074
0.661045
0.665649
0.6577027
0.6798404
0.6509636
0.6650676
0.6927478
0.6787108
0.6717515
0.6804476
0.6823791
0.6829923
0.6827829
0.6539486
0.6519121
0.6737523
0.657056
0.6566265
0.6567853
0.6559418
0.6554424
0.6363853
0.6336
0.6378348
0.6347951
0.6360951
0.6372338
0.6347875
0.6355215
0.6354998
0.6176967
0.6404786
0.6396995
0.6393987
0.6379256
0.6402593
0.6409933
0.6460072
0.6540299
0.6526225
0.6737523
0.6835279
0.657056
0.6359952
0.6176967
0.6404786
0.6409933
0.6460072
0.7944805
0.7965766
0.7981086
0.7912731
0.80298
0.7936341
0.7924608
0.796528
0.7912669
0.7897896
0.656663
0.6504046
0.6423909
0.6432058
0.6684409
0.6435986
0.6503976
0.6591477
0.6584534
0.648151
0.657243
0.686972
0.6762388
0.6735333
0.6591576
0.6513306
0.6573708
0.6553178
0.7818693
0.6731059
0.6914564
0.689845
0.6913905
0.6895455
0.6873106
0.6920463
0.6920463
0.676601
0.6844796
0.6826236
0.6224598
0.6755045
0.6635822
0.6778602
0.6807435
0.6698595
0.6698595
0.6699113
0.6696239
0.6715317
0.6723665
0.6917236
0.659806
0.6650485
0.6571995
0.6808943
0.6489598
0.6646744
0.6936742
0.6793512
0.6721914
0.6802642
0.6824801
0.6830932
0.6828838
0.6546864
0.6542275
0.674875
0.6581017
0.6576767
0.6578351
0.6569931
0.6564945
0.6359517
0.6331626
0.6365305
0.6343588
0.6356595
0.6367989
0.634351
0.6350855
0.6350639
0.6178078
0.6401575
0.6393767
0.6390757
0.637602
0.6390757
0.6421708
0.6460072
0.6547675
0.6549356
0.674875
0.6836283
0.6581017
0.6355616
0.6178078
0.6401575
0.6421708
0.6460072
0.7945665
0.7971721
0.7980244
0.7917841
0.8037403
0.7938883
0.7925457
0.7967817
0.7913522
0.789875
0.6561406
0.6505096
0.6418568
0.6429921
0.6667954
0.6427447
0.6491338
0.6587289
0.6586613
0.647729
0.6566152
0.6871755
0.6776834
0.6738449
0.6589449
0.6523028
0.6587483
0.6557455
0.7823957
0.6733159
0.6927716
0.6911639
0.6927063
0.6908654
0.6885335
0.6922483
0.6922483
0.6780412
0.686006
0.6841574
0.6222349
0.6755045
0.6642107
0.6800249
0.6827924
0.6695461
0.6695461
0.669598
0.6693105
0.6712189
0.6721582
0.6922251
0.6627587
0.6664059
0.6578384
0.6816158
0.6513158
0.6657237
0.6943801
0.6801746
0.6728139
0.6806742
0.6823547
0.682968
0.6827586
0.6520204
0.6529384
0.6747479
0.6556674
0.6552318
0.6553911
0.6545455
0.6540452
0.6341852
0.6313807
0.6356304
0.6325812
0.633885
0.6350272
0.632573
0.6333093
0.633288
0.6148828
0.6395935
0.6388097
0.6379693
0.6370335
0.6393702
0.6398927
0.6449121
0.6521023
0.6536479
0.6747479
0.6835037
0.6556674
0.633795
0.6148828
0.6395935
0.6398927
0.6449121
0.7938637
0.7965622
0.7977575
0.7910879
0.8031352
0.7931107
0.7921064
0.7965983
0.7913375
0.7896893
0.655591
0.6500623
0.6416149
0.6422156
0.665739
0.6416476
0.6499493
0.6573394
0.658323
0.6468567
0.6559601
0.6855214
0.6759035
0.672676
0.6575332
0.6490284
0.6561759
0.6528254
0.7813266
0.6704482
0.6907232
0.6891095
0.690657
0.6888096
0.6868781
0.6913151
0.6913151
0.6757514
0.6836395
0.6817793
0.6202894
0.6747535
0.6622969
0.6776285
0.6805134
0.6672174
0.6672174
0.6672697
0.6669814
0.6688945
0.6698365
0.6903939
0.6606242
0.6638715
0.6562128
0.679424
0.6483953
0.6621228
0.6922363
0.6782955
0.6710228
0.6789048
0.6826857
0.6832988
0.6830894
0.6527843
0.6529623
0.6747748
0.6559014
0.6554668
0.655626
0.6547806
0.6542803
0.6348587
0.6320596
0.6363056
0.6332587
0.6345616
0.6357029
0.6332507
0.6339864
0.633965
0.6162388
0.6402583
0.6394778
0.6391769
0.637703
0.640038
0.6409872
0.6453621
0.652866
0.6536719
0.6747748
0.6838331
0.6559014
0.6344685
0.6162388
0.6402583
0.6409872
0.6453621
0.7945078
0.7981347
0.7989777
0.7919808
0.8043601
0.7934064
0.7933361
0.7973163
0.7921455
0.7906698
0.6542537
0.6486128
0.6402458
0.6426658
0.6660741
0.6411348
0.6483911
0.656839
0.6576192
0.6465625
0.6549356
0.6866713
0.6768607
0.6721826
0.6584107
0.6510024
0.6568379
0.6553151
0.7825085
0.6716347
0.6915635
0.6899519
0.6914976
0.6896525
0.6873154
0.6924562
0.6924562
0.6767064
0.6845856
0.6828321
0.6212109
0.6747808
0.6633718
0.6779661
0.6814648
0.6682915
0.6682915
0.6683437
0.6680557
0.669967
0.6708036
0.6910263
0.6608607
0.6650482
0.6568775
0.6801752
0.6498135
0.6644639
0.6929736
0.678839
0.6720888
0.6800622
0.6822509
0.682865
0.6826554
0.6521842
0.6527865
0.6745298
0.65573
0.6552941
0.6554536
0.6546068
0.6541058
0.6331285
0.6303108
0.6345738
0.6315156
0.6328231
0.6339686
0.6315072
0.6322457
0.6322244
0.6154466
0.6403848
0.639604
0.6387634
0.6378271
0.6401647
0.6397187
0.6447462
0.6522661
0.6534971
0.6745298
0.6834021
0.65573
0.6327377
0.6154466
0.6403848
0.6397187
0.6447462
0.7944433
0.7972246
0.7979089
0.7912313
0.8039715
0.7935961
0.7929311
0.797341
0.7920785
0.7903442
0.6552342
0.6502221
0.6410155
0.6423669
0.6650918
0.6409407
0.6494765
0.6571943
0.6587012
0.6478587
0.656128
0.6847057
0.6767188
0.6721376
0.6578131
0.6499518
0.6560272
0.6542816
0.7816357
0.6703218
0.6905297
0.6889131
0.6904633
0.6886125
0.6866776
0.691123
0.691123
0.6760487
0.6839451
0.6820836
0.6208674
0.6749471
0.6628949
0.6771013
0.6808163
0.6676118
0.6676118
0.6676642
0.6673756
0.669186
0.6706521
0.6901008
0.66006
0.6633166
0.655636
0.6787955
0.6484487
0.6624063
0.6922481
0.6776666
0.6719399
0.6783822
0.6822817
0.682895
0.6826857
0.6517268
0.6526464
0.6743667
0.6554819
0.6550454
0.6552048
0.6543587
0.6538582
0.634424
0.6316211
0.63587
0.6328213
0.6341249
0.6352669
0.6328131
0.6335493
0.633528
0.6156819
0.6395083
0.638724
0.6384226
0.6369472
0.6392846
0.6397001
0.6453621
0.6518088
0.6533563
0.6743667
0.6834313
0.6554819
0.6340337
0.6156819
0.6395083
0.6397001
0.6453621
0.7939057
0.7962635
0.797715
0.7910437
0.8030089
0.7928124
0.7917224
0.7964708
0.7909521
0.7892171
0.6553013
0.6499805
0.6416372
0.642345
0.6658678
0.6414559
0.6495513
0.6577837
0.6577233
0.6469853
0.656194
0.6854482
0.6756208
0.6718701
0.6574515
0.6499197
0.6566256
0.6538155
0.7816307
0.6711079
0.6909556
0.6893422
0.6908894
0.6890424
0.686703
0.6906364
0.6906364
0.6757788
0.6836679
0.6820126
0.6199706
0.6745734
0.663162
0.6775529
0.6805415
0.6683962
0.6683962
0.6684484
0.6681604
0.6700715
0.6700723
0.6909258
0.6606495
0.6642113
0.6560241
0.6796588
0.6489556
0.6635176
0.6925694
0.6786327
0.6702169
0.6793436
0.6937143
0.6937267
0.6943112
0.6675739
0.6700704
0.6947864
0.6820029
0.681069
0.6802034
0.6805117
0.6808412
0.6554298
0.6533323
0.6558605
0.6537398
0.6553302
0.6551697
0.6545871
0.6544536
0.6541104
0.6449167
0.658567
0.6576682
0.6583229
0.6566708
0.6577979
0.6834367
0.6632104
0.6676514
0.6707647
0.6947864
0.6950027
0.6820029
0.6554622
0.6449167
0.658567
0.6834367
0.6632104
0.8143329
0.8164062
0.8119836
0.8106134
0.8192359
0.8085861
0.805941
0.8079715
0.8032075
0.8040999
0.6885845
0.6675653
0.6675954
0.6689383
0.6866799
0.6657876
0.6812314
0.6921374
0.6707721
0.67449
0.6827792
0.7061796
0.6861847
0.7088908
0.670295
0.6921278
0.682652
0.6867648
0.8042276
0.6862129
0.699946
0.6996605
0.700686
0.698865
0.6935246
0.722239
0.722239
0.6910789
0.7040012
0.7032293
0.6463209
0.6876214
0.681663
0.7041216
0.7003918
0.7089478
0.7089478
0.7096823
0.709803
0.7076923
0.7102689
0.7013284
0.6856146
0.6778633
0.6717029
0.705638
0.6742969
0.6841246
0.7099809
0.6895803
0.677442
0.7092128
0.6955331
0.6955463
0.6961284
0.6692559
0.6723565
0.6968961
0.6831418
0.6822135
0.6813491
0.6816572
0.6819861
0.657775
0.655695
0.6582139
0.6560997
0.6576853
0.6575256
0.6569447
0.6568117
0.6564693
0.6472908
0.6604698
0.6595811
0.6602344
0.6585862
0.6597108
0.6853778
0.6656289
0.6693329
0.6730487
0.6968961
0.6968113
0.6831418
0.657806
0.6472908
0.6604698
0.6853778
0.6656289
0.8152938
0.817358
0.8128513
0.811566
0.8201871
0.8094576
0.8068158
0.8088461
0.8041713
0.8050622
0.6906065
0.6694361
0.6692694
0.6710231
0.6883097
0.6679833
0.6833715
0.6939616
0.6727399
0.6765472
0.6847219
0.7079924
0.6875388
0.7102047
0.6715794
0.6929729
0.6846231
0.6882248
0.8051184
0.6875834
0.7012787
0.7009944
0.7020179
0.7002006
0.6948706
0.7228524
0.7228524
0.6933272
0.7053203
0.7045524
0.647867
0.6898906
0.6834276
0.7049482
0.7025161
0.7105564
0.7105564
0.7112891
0.7114094
0.709305
0.711876
0.7025481
0.6875774
0.6799441
0.6725657
0.7073602
0.675566
0.6860934
0.7124752
0.6919442
0.6780891
0.7095398
0.6941651
0.6941777
0.6947617
0.6677294
0.6705336
0.6951368
0.6825604
0.6816292
0.6807642
0.6810723
0.6814016
0.6564316
0.6543415
0.6568658
0.6547478
0.6563363
0.6561761
0.6555941
0.6554609
0.655118
0.6459304
0.6593492
0.6584546
0.6591087
0.6574581
0.6585843
0.6845971
0.6633663
0.6678069
0.6712276
0.6951368
0.6954511
0.6825604
0.6564634
0.6459304
0.6593492
0.6845971
0.6633663
0.814807
0.8167108
0.8122049
0.8110833
0.8197053
0.8088911
0.8063302
0.8084438
0.8037665
0.8042398
0.6886369
0.6684373
0.6677502
0.6692993
0.6862311
0.6669767
0.6821895
0.6929885
0.6711306
0.6746434
0.6829324
0.7067289
0.6872575
0.7093397
0.6707673
0.6941158
0.6828074
0.6874319
0.8047086
0.686783
0.7001002
0.6997145
0.7007401
0.6988184
0.6934771
0.722487
0.722487
0.6913342
0.7044516
0.703681
0.6461551
0.6882865
0.6825335
0.7047721
0.7008449
0.7093965
0.7093965
0.7101305
0.7102511
0.708142
0.7107173
0.7016794
0.6865845
0.6786353
0.672487
0.7060904
0.6746602
0.6845867
0.7112181
0.6896338
0.6773916
0.710348
0.6962276
0.6962411
0.6968223
0.6700823
0.673074
0.696995
0.6840493
0.6831257
0.6822624
0.6825702
0.6828987
0.6587221
0.6566493
0.6591642
0.6570528
0.6586364
0.658477
0.6578968
0.6577641
0.6569987
0.6435463
0.660574
0.6596859
0.660339
0.6586911
0.6598156
0.6854783
0.6650055
0.6701591
0.6737654
0.696995
0.6975019
0.6840493
0.6587525
0.6435463
0.660574
0.6854783
0.6650055
0.815377
0.8168631
0.8126865
0.8113181
0.8196103
0.8097059
0.8069821
0.8092615
0.8041713
0.8051458
0.6898099
0.669129
0.6693723
0.6717422
0.6884097
0.6667442
0.6831706
0.6936628
0.6742686
0.6754312
0.6842186
0.7083875
0.6878442
0.7101062
0.6704268
0.693787
0.6838058
0.6900598
0.8052878
0.6885104
0.7028774
0.7026944
0.7037151
0.701603
0.6964866
0.7243958
0.7243958
0.6932265
0.7062104
0.705247
0.6490608
0.6901955
0.6853628
0.7062385
0.7026156
0.7107533
0.7107533
0.7114857
0.7116059
0.709601
0.7120726
0.7034383
0.686662
0.6806612
0.6744423
0.7070622
0.6763926
0.6855834
0.7122786
0.6919442
0.679841
0.7107186
0.6937143
0.6937267
0.6943112
0.6675739
0.6700704
0.6947864
0.6820029
0.681069
0.6802034
0.6805117
0.6808412
0.6554298
0.6533323
0.6558605
0.6537398
0.6553302
0.6551697
0.6545871
0.6544536
0.6541104
0.6449167
0.658567
0.6576682
0.6583229
0.6566708
0.6577979
0.6834367
0.6632104
0.6676514
0.6707647
0.6947864
0.6950027
0.6820029
0.6554622
0.6449167
0.658567
0.6834367
0.6632104
0.8143329
0.8164062
0.8119836
0.8106134
0.8192359
0.8085861
0.805941
0.8079715
0.8032075
0.8040999
0.6885845
0.6675653
0.6675954
0.6689383
0.6866799
0.6657876
0.6812314
0.6921374
0.6707721
0.67449
0.6827792
0.7061796
0.6861847
0.7088908
0.670295
0.6921278
0.682652
0.6867648
0.8042276
0.6862129
0.699946
0.6996605
0.700686
0.698865
0.6935246
0.722239
0.722239
0.6910789
0.7040012
0.7032293
0.6463209
0.6876214
0.681663
0.7041216
0.7003918
0.7089478
0.7089478
0.7096823
0.709803
0.7076923
0.7102689
0.7013284
0.6856146
0.6778633
0.6717029
0.705638
0.6742969
0.6841246
0.7099809
0.6895803
0.677442
0.7092128
0.6388271
0.6388138
0.6388271
0.586725
0.6158433
0.6435291
0.5961413
0.596127
0.5945791
0.5949076
0.5936704
0.5612691
0.5592618
0.5607406
0.5586966
0.5626847
0.5604228
0.5595228
0.5599729
0.5588658
0.0148268
0.5784387
0.5773222
0.5767442
0.5772742
0.5779253
0.5917029
0.6036029
0.5868273
0.6165928
0.6435291
0.6399019
0.5961413
0.5612382
0.0148268
0.5784387
0.5917029
0.6036029
0.7947764
0.7913874
0.7937482
0.7894998
0.8010081
0.7907684
0.7874406
0.7896566
0.7864809
0.7852468
0.5879265
0.5936203
0.5809752
0.5836358
0.6125363
0.5733023
0.5954397
0.6158014
0.5988792
0.5856815
0.6070705
0.6468938
0.6212579
0.6315491
0.5866062
0.6287117
0.5813505
0.5867248
0.7753945
0.6145038
0.6577165
0.6593153
0.6593424
0.6568534
0.6565294
0.6637105
0.6637105
0.627713
0.6475947
0.6434825
0.5400642
0.6188917
0.6075119
0.6465538
0.6380047
0.6466768
0.6466768
0.6474924
0.6480621
0.6477473
0.6529276
0.646759
0.6079415
0.6111838
0.6007302
0.6357218
0.6107515
0.5954338
0.6421434
0.6160912
0.6263495
0.633258
0.6381218
0.6381081
0.6381218
0.5855595
0.6163213
0.6433716
0.5964984
0.5964855
0.5949367
0.5952655
0.5940276
0.5607618
0.5587487
0.5602303
0.5581829
0.5621777
0.5599119
0.5590104
0.5594613
0.5583524
0.012883
0.5793736
0.5782612
0.5776836
0.5782132
0.5788644
0.5926351
0.6049886
0.5856623
0.617071
0.6433716
0.6392014
0.5964984
0.5607311
0.012883
0.5793736
0.5926351
0.6049886
0.7941809
0.7913931
0.7939266
0.7895035
0.8015343
0.7907734
0.7878723
0.790176
0.7861362
0.7853329
0.5858411
0.5924839
0.5809728
0.5824657
0.6103203
0.5704413
0.5940764
0.6145994
0.5982107
0.5847555
0.6055091
0.646955
0.6224198
0.6314849
0.5870843
0.6285317
0.5814675
0.586372
0.7749381
0.6138441
0.6573594
0.6589605
0.6588807
0.6564946
0.6561701
0.6623026
0.6623026
0.6283121
0.648197
0.6440855
0.5410334
0.6190398
0.6085637
0.6473752
0.6386067
0.6463033
0.6463033
0.6471202
0.6476908
0.6473752
0.6527789
0.6463881
0.6063602
0.6112111
0.6012122
0.6364374
0.6099803
0.5943945
0.6409946
0.6158962
0.6257215
0.6352922
0.6374195
0.6374055
0.6374195
0.5855573
0.6145035
0.642778
0.5951076
0.5950895
0.5935394
0.5938682
0.5926292
0.5596933
0.5576744
0.5591571
0.557109
0.5611055
0.5588385
0.5579366
0.5583877
0.5572784
0.009755
0.5766749
0.5755485
0.5749688
0.5755007
0.5761529
0.5906629
0.6025777
0.58566
0.6152544
0.642778
0.6385017
0.5951076
0.5596632
0.009755
0.5766749
0.5906629
0.6025777
0.7934814
0.7903525
0.7926407
0.7882979
0.8001563
0.7895705
0.7861501
0.7887974
0.7852721
0.7839493
0.5867674
0.5922457
0.5802724
0.5821154
0.6111919
0.5710485
0.5939513
0.6144569
0.5975124
0.584406
0.6050345
0.6452648
0.6203575
0.6303271
0.5858942
0.6269146
0.580637
0.5845869
0.7744142
0.6130077
0.6564319
0.6580332
0.6580604
0.6555662
0.6552413
0.6618032
0.6618032
0.6263781
0.6462966
0.6421738
0.5389227
0.6174205
0.6065977
0.645467
0.6366863
0.6452648
0.6452648
0.6460823
0.6466533
0.6463366
0.6515273
0.6444923
0.6059932
0.6101612
0.5993355
0.6348356
0.6096121
0.5940331
0.6410484
0.6135897
0.6248984
0.6333683
0.6362768
0.6362622
0.6362768
0.585255
0.6134345
0.6420769
0.5946963
0.5946767
0.5931256
0.5934545
0.5922146
0.5586474
0.5566206
0.558106
0.556055
0.5600575
0.5577868
0.5568837
0.5573354
0.5562246
0.0102183
0.5767226
0.5755964
0.5750166
0.5755485
0.5762008
0.5899015
0.6022848
0.5853578
0.6141866
0.6420769
0.6373653
0.5946963
0.5586178
0.0102183
0.5767226
0.5899015
0.6022848
0.7933653
0.7905815
0.792782
0.7885256
0.8003836
0.7897977
0.7863781
0.7890253
0.7855009
0.7842649
0.5862352
0.5916055
0.5798514
0.5821635
0.6107925
0.5718085
0.5939997
0.61417
0.597561
0.5844539
0.6048571
0.6439017
0.6200702
0.6298221
0.5860621
0.6261782
0.5793757
0.5841601
0.7742922
0.6121363
0.6553045
0.6569081
0.6569355
0.6544365
0.6541107
0.6612187
0.6612187
0.6255374
0.6454815
0.6413516
0.5373173
0.6170178
0.6045862
0.6444302
0.6358573
0.6450991
0.6450991
0.6459169
0.6464881
0.6461711
0.6511479
0.6441111
0.6048945
0.6094147
0.5985705
0.6335555
0.6080637
0.593264
0.6403325
0.6136401
0.6237189
0.632536
0.6364432
0.6364288
0.6364432
0.5845047
0.6134969
0.6418111
0.5940724
0.5940505
0.5924981
0.5928272
0.5915864
0.5586003
0.5565734
0.5580588
0.5560078
0.5600101
0.5577396
0.5568365
0.5572881
0.5561774
0.0076726
0.5763217
0.5751933
0.5746132
0.5751455
0.5757979
0.5896215
0.6021216
0.5846078
0.6142488
0.6418111
0.6375307
0.5940724
0.5585707
0.0076726
0.5763217
0.5896215
0.6021216
0.7933949
0.7902662
0.7925554
0.7882119
0.800071
0.7894849
0.786064
0.7887114
0.7851857
0.7839493
0.5857225
0.5912129
0.5792169
0.581061
0.6101818
0.5708108
0.5929189
0.6134467
0.5964855
0.5833607
0.6040143
0.6445033
0.619456
0.6293258
0.5848248
0.6265771
0.5795655
0.5835156
0.7739681
0.6119701
0.6554669
0.6570699
0.6570973
0.6545992
0.6542736
0.6614848
0.6614848
0.6253752
0.6453214
0.6411907
0.5377793
0.6164002
0.6055679
0.6444873
0.6356958
0.6442856
0.6442856
0.6451043
0.6456762
0.6453582
0.6505561
0.6443842
0.6054192
0.6091371
0.5982878
0.6338372
0.608585
0.5929807
0.6401711
0.6133618
0.623892
0.6323743
0.6373041
0.63729
0.6373041
0.5854203
0.6143791
0.6418052
0.594975
0.5949565
0.5934057
0.5937346
0.5924951
0.5595449
0.5575244
0.5590078
0.5569588
0.5609571
0.558689
0.5577868
0.558238
0.5571283
0.0092948
0.5772412
0.5761177
0.5755384
0.5760698
0.5767218
0.5904129
0.6030179
0.5855231
0.6151303
0.6418052
0.6383872
0.594975
0.5595148
0.0092948
0.5772412
0.5904129
0.6030179
0.7933357
0.7902063
0.7924968
0.7881518
0.8000142
0.7894253
0.7860033
0.7886514
0.7851246
0.7838877
0.5866316
0.5921128
0.5801338
0.5819774
0.6094938
0.5717373
0.5922116
0.6142198
0.5973815
0.5842697
0.6049062
0.6453684
0.6202335
0.6302071
0.5851609
0.6273546
0.5804964
0.5834946
0.7739023
0.6128791
0.6563223
0.6579241
0.6579514
0.6554561
0.6551311
0.6608461
0.6608461
0.6253651
0.6461834
0.6420587
0.5378729
0.6172951
0.6064686
0.6452442
0.6356883
0.6451509
0.6451509
0.6459687
0.64654
0.646223
0.6514158
0.6452436
0.6063225
0.6100336
0.5992024
0.6347169
0.6093699
0.5938981
0.6401647
0.6132347
0.6247765
0.6332499
0.6606335
0.6610487
0.660529
0.6339172
0.6519186
0.6710201
0.6453365
0.6447483
0.6431962
0.6439418
0.6426819
0.6157699
0.6135902
0.6167315
0.6137102
0.6160584
0.6155469
0.6135847
0.6147914
0.6148852
0.5919338
0.6073159
0.605795
0.6058122
0.6063113
0.606943
0.0165899
0.6317635
0.6340046
0.6526299
0.6710201
0.6621118
0.6453365
0.6160491
0.5919338
0.6073159
0.0165899
0.6317635
0.8006536
0.8007482
0.8008119
0.7947635
0.8114863
0.7972783
0.7942479
0.79806
0.7939953
0.7889337
0.6487862
0.6415183
0.6308474
0.6258683
0.6591475
0.6245309
0.6518755
0.6470032
0.6453306
0.6401854
0.636306
0.6746828
0.6564359
0.6509253
0.6557573
0.6487334
0.6349232
0.6449671
0.782825
0.6536079
0.6812964
0.6810971
0.6820489
0.6804817
0.6773814
0.6801654
0.6801654
0.6589814
0.6658015
0.6691038
0.5975539
0.6459568
0.6463851
0.656255
0.6639325
0.6796473
0.6796473
0.680418
0.6805458
0.6817154
0.6784206
0.6751964
0.6463551
0.6461795
0.641893
0.6694828
0.6356191
0.6492751
0.6555759
0.6579114
0.6622762
0.6527403
0.6596127
0.6600281
0.659508
0.6336121
0.6498274
0.6700186
0.6437579
0.6431624
0.6416066
0.6421386
0.6411984
0.6146693
0.6131577
0.615628
0.6126016
0.6149537
0.6144412
0.6124756
0.6136844
0.6137785
0.589752
0.6050801
0.603545
0.6035618
0.6040634
0.6046965
0.0116669
0.6300375
0.6336996
0.650541
0.6700186
0.6610973
0.6437579
0.6149495
0.589752
0.6050801
0.0116669
0.6300375
0.8002701
0.8005366
0.7997618
0.7943807
0.8112797
0.7963912
0.7935257
0.7983554
0.793101
0.788117
0.6482802
0.6386574
0.6287987
0.6243505
0.6569781
0.622901
0.6491598
0.6452097
0.6433336
0.6386026
0.6344888
0.6740868
0.654219
0.64998
0.6543889
0.6482137
0.6356034
0.6436837
0.7826902
0.6521144
0.6797779
0.6791641
0.6801189
0.6785463
0.6756438
0.6778203
0.6778203
0.6570977
0.6646721
0.6675588
0.5958174
0.6441344
0.6443595
0.6546757
0.6623756
0.6796753
0.6796753
0.6804461
0.680574
0.6817437
0.6784485
0.6739858
0.6460544
0.644586
0.6410421
0.6699297
0.6348734
0.6473592
0.6537787
0.6566571
0.660188
0.6521221
0.6617028
0.6621179
0.6615984
0.6336121
0.6521535
0.6704299
0.644826
0.6442353
0.6426819
0.643428
0.642167
0.6161241
0.6146223
0.6170868
0.6140664
0.615965
0.6159026
0.613941
0.6151473
0.615241
0.5925258
0.6069957
0.6054726
0.6054897
0.6059893
0.6066212
0.0178489
0.6321116
0.6336996
0.6528647
0.6704299
0.663175
0.644826
0.616403
0.5925258
0.6069957
0.0178489
0.6321116
0.8011222
0.8012137
0.8003501
0.7946353
0.8119472
0.7975731
0.7941197
0.7988619
0.7936116
0.7888889
0.6511337
0.6420731
0.6305419
0.6265464
0.6589636
0.6246606
0.6521095
0.6470263
0.6458839
0.6399937
0.6366516
0.6749178
0.6566738
0.6514874
0.6568518
0.6497348
0.6365901
0.6458601
0.7834799
0.6543905
0.6811187
0.6805067
0.6814595
0.6798905
0.6772018
0.6796784
0.6796784
0.6590066
0.6665618
0.6693396
0.5974534
0.6467387
0.6464084
0.6566002
0.6643798
0.6813221
0.6813221
0.6820908
0.6822182
0.6833866
0.6801
0.6756357
0.6473495
0.6460951
0.642134
0.6711886
0.6357504
0.6495141
0.6553866
0.6579365
0.6614571
0.6534064
0.6613897
0.6618049
0.6612853
0.6338297
0.6521535
0.6704299
0.6451461
0.6445569
0.6430041
0.64375
0.6424895
0.6161241
0.6146223
0.6170868
0.6140664
0.6164139
0.6159026
0.613941
0.6151473
0.615241
0.5917179
0.6075581
0.6060385
0.6060557
0.6065547
0.6066212
0.0137318
0.6309116
0.6339172
0.6528647
0.6704299
0.6628638
0.6451461
0.616403
0.5917179
0.6075581
0.0137318
0.6309116
0.8019732
0.802228
0.8011896
0.7958222
0.8127806
0.7980789
0.795052
0.7998736
0.7947164
0.7896598
0.6508172
0.6416471
0.6308682
0.626656
0.6588592
0.6244409
0.651268
0.6470263
0.6457778
0.6402075
0.6364356
0.673671
0.6564607
0.6508418
0.6564241
0.6495177
0.6363709
0.6461859
0.7840934
0.6539575
0.6813247
0.6803003
0.6816655
0.6796838
0.6769943
0.6794722
0.6794722
0.6583709
0.6662472
0.6690257
0.5974534
0.6459801
0.6455464
0.6563866
0.6640637
0.680705
0.680705
0.6814746
0.6816021
0.682771
0.6794812
0.6757387
0.6468102
0.6462028
0.6430063
0.6711886
0.6361885
0.6490837
0.6549582
0.6569772
0.6620907
0.6539408
0.660685
0.6611003
0.6605805
0.6336413
0.6509131
0.6705582
0.6446405
0.644049
0.6424953
0.6432415
0.6419802
0.6150364
0.6135274
0.6159961
0.6129714
0.6153222
0.61481
0.6128455
0.6140536
0.6141476
0.5916359
0.6068024
0.6052781
0.6052952
0.605795
0.606427
0.0131579
0.6306134
0.6337288
0.6516255
0.6705582
0.6621632
0.6446405
0.6153163
0.5916359
0.6068024
0.0131579
0.6306134
0.8018171
0.8020731
0.800784
0.7956672
0.8124605
0.7972499
0.794897
0.7996349
0.7945611
0.7895035
0.6497887
0.6409291
0.6303536
0.6254792
0.6578415
0.6240313
0.6508742
0.6466272
0.6453812
0.6392734
0.6353836
0.6738006
0.6547808
0.6508696
0.6554883
0.6485682
0.6357424
0.6452364
0.7833201
0.6532271
0.6806283
0.6800156
0.6809691
0.6793989
0.6762929
0.6782588
0.6782588
0.6583979
0.6659588
0.6689471
0.5964357
0.6455747
0.6456825
0.6554522
0.6637741
0.6797003
0.6797003
0.6804711
0.6805989
0.6817686
0.6783703
0.6745272
0.6468384
0.6456925
0.6418354
0.6704805
0.6351221
0.6488963
0.6555211
0.6561507
0.6616951
0.6530061