0.6223853
0.5868181
0.7972755
0.7774805
0.6289403
0.6137248
0.7893455
0.7821811
0.5971272
0.5963287
0.572327
0.7915565
0.5888898
0.5974315
0.5910458
0.5912842
0.6156896
0.6055296
0.7935898
0.5978438
0.5738019
0.7892525
0.6149877
0.5746068
0.607403
0.7845923
0.5673362
0.6252723
0.6322855
0.5578454
0.5974591
0.792507
0.63168
0.609213
0.6174622
0.7901581
0.7304442
0.7920036
0.6556302
0.7935969
0.6508368
0.7885706
0.7851374
0.7875231
0.6252204
0.6267919
0.5707791
0.6522595
0.5778222
0.5369807
0.5664446
0.6355086
0.5900267
0.6124746
0.7815678
0.7686567
0.7819346
0.777396
0.7662254
0.637304
0.6131724
0.6206257
0.6060384
0.546404
0.5337215
0.5567168
0.5179366
0.6078464
0.5808308
0.557105
0.5782562
0.577915
0.5097215
0.5894467
0.5456249
0.568912
0.5307287
0.5337355
0.532069
0.5533537
0.5382378
0.5727326
0.569413
0.5868797
0.5845006
0.5391102
0.5740353
0.5965359
0.5417919
0.5990802
0.5827809
0.5834371
0.570877
0.6061228
0.5918637
0.6313795
0.6083973
0.6146473
0.6294923
0.592611
0.7194211
0.7222135
0.7899911
0.7760526
0.7236925
0.7132614
0.7971611
0.7859203
0.7316789
0.7096749
0.7109511
0.7887781
0.7225008
0.7227003
0.712237
0.7218528
0.7312495
0.7296688
0.7858474
0.7321276
0.7129695
0.7895009
0.7397112
0.7181276
0.7202874
0.7920258
0.7133302
0.727789
0.7304915
0.6993197
0.7144425
0.7922299
0.7333075
0.7229095
0.7416628
0.7878045
0.667619
0.7914526
0.7510694
0.7986587
0.7424056
0.7962854
0.8038642
0.7898278
0.7378596
0.7319043
0.7104867
0.7344511
0.7091873
0.6976409
0.7107719
0.7267202
0.7008533
0.7297318
0.791371
0.7764108
0.7947053
0.7888186
0.7829073
0.7352027
0.7137474
0.7251252
0.718018
0.6924609
0.6810446
0.6977621
0.6851794
0.7064608
0.7084983
0.7081829
0.6937337
0.7174356
0.698258
0.7006496
0.6945148
0.6962821
0.6987406
0.6945513
0.695435
0.6871483
0.6957354
0.7050305
0.7073913
0.700923
0.7141239
0.6914096
0.7047743
0.7020029
0.6952968
0.7194277
0.7120563
0.7003208
0.7118683
0.7095053
0.6986816
0.7309135
0.7224103
0.7052227
0.7125066
0.7196099
0.6230698
0.5892013
0.7981981
0.7782321
0.6314599
0.6166329
0.7898273
0.7832002
0.6012799
0.5988173
0.5732634
0.7915932
0.5892102
0.5997947
0.5935434
0.5952299
0.618004
0.6068056
0.7946086
0.6000855
0.5763448
0.7901799
0.617893
0.5781345
0.6083199
0.7847149
0.5692711
0.6268744
0.6329663
0.5605726
0.5992158
0.7929003
0.63259
0.611432
0.6201425
0.7902832
0.73082
0.7921307
0.6559784
0.7939027
0.6517401
0.7888725
0.785979
0.7875563
0.6267103
0.6280493
0.5722154
0.6538209
0.5794961
0.5385855
0.5683869
0.6376643
0.5911993
0.6157357
0.7829709
0.7710558
0.7836935
0.7785571
0.7675633
0.6390093
0.6159573
0.6242756
0.6097482
0.5507541
0.5365515
0.5604377
0.5236272
0.6090827
0.5844437
0.5602358
0.5832712
0.5817712
0.5148074
0.5924335
0.5490046
0.5734014
0.5348115
0.5371709
0.5365161
0.5579214
0.5411433
0.5766112
0.5730695
0.5893277
0.5896016
0.5444092
0.5767205
0.600639
0.5453298
0.6026072
0.5847522
0.5879626
0.5746481
0.6090663
0.5950789
0.6341306
0.6115507
0.6156493
0.6313628
0.5962954
0.7194211
0.7222135
0.7899911
0.7760526
0.7236925
0.7132614
0.7971611
0.7859203
0.7316789
0.7096749
0.7109511
0.7887781
0.7225008
0.7227003
0.712237
0.7218528
0.7312495
0.7296688
0.7858474
0.7321276
0.7129695
0.7895009
0.7397112
0.7181276
0.7202874
0.7920258
0.7133302
0.727789
0.7304915
0.6993197
0.7144425
0.7922299
0.7333075
0.7229095
0.7416628
0.7878045
0.667619
0.7914526
0.7510694
0.7986587
0.7424056
0.7962854
0.8038642
0.7898278
0.7378596
0.7319043
0.7104867
0.7344511
0.7091873
0.6976409
0.7107719
0.7267202
0.7008533
0.7297318
0.791371
0.7764108
0.7947053
0.7888186
0.7829073
0.7352027
0.7137474
0.7251252
0.718018
0.6924609
0.6810446
0.6977621
0.6851794
0.7064608
0.7084983
0.7081829
0.6937337
0.7174356
0.698258
0.7006496
0.6945148
0.6962821
0.6987406
0.6945513
0.695435
0.6871483
0.6957354
0.7050305
0.7073913
0.700923
0.7141239
0.6914096
0.7047743
0.7020029
0.6952968
0.7194277
0.7120563
0.7003208
0.7118683
0.7095053
0.6986816
0.7309135
0.7224103
0.7052227
0.7125066
0.7196099
0.7332034
0.7298726
0.8027839
0.7820685
0.7214016
0.7134628
0.8031958
0.7941588
0.7289429
0.7079267
0.7123743
0.7991055
0.7268106
0.7266052
0.7089729
0.7337733
0.7316713
0.7292981
0.7950486
0.7356955
0.7121547
0.7922116
0.7442201
0.7157133
0.7299332
0.7966647
0.7233909
0.7318627
0.728144
0.6981465
0.7249572
0.7984838
0.7336336
0.7277131
0.737687
0.7919632
0.6774874
0.7982944
0.7470064
0.7936249
0.7329599
0.8019614
0.8009259
0.7912876
0.7344672
0.7355724
0.7145567
0.7386811
0.7123428
0.7005275
0.7168651
0.7337577
0.6970838
0.723995
0.7891842
0.7715765
0.7905492
0.790567
0.7761535
0.7410161
0.711217
0.7210246
0.7292987
0.6943295
0.6859446
0.7064045
0.6764821
0.7165216
0.7097684
0.6975481
0.6955023
0.7205372
0.6883519
0.7071592
0.6980843
0.6953515
0.6926822
0.6861133
0.693393
0.6941628
0.7049417
0.7038282
0.7105263
0.6932875
0.7160662
0.6875097
0.7090978
0.7111263
0.6988833
0.7136147
0.7140234
0.7069254
0.7086254
0.7164553
0.6983566
0.7314161
0.7194321
0.7051085
0.7183525
0.7170928
0.8027869
0.804704
0.6613653
0.7991234
0.795771
0.7967372
0.8120971
0.8090001
0.800278
0.7929889
0.7923259
0.6176471
0.7962009
0.8044542
0.7909842
0.801931
0.8013739
0.8024998
0.7957663
0.8092191
0.7985337
0.8038473
0.8123367
0.7865127
0.8000584
0.812229
0.7931542
0.8041861
0.7942929
0.7904698
0.803145
0.8053046
0.8064422
0.8011289
0.8110932
0.8124955
0.8045431
0.8117106
0.8116121
0.6287752
0.8109778
0.8071537
0.8105676
0.6740448
0.8101781
0.8141388
0.8009541
0.8131233
0.7903262
0.7926955
0.7993095
0.8067007
0.7987939
0.8019302
0.7995823
0.7859418
0.7996494
0.7905066
0.7844396
0.8113716
0.7914106
0.7931959
0.8007845
0.7849737
0.780149
0.7887414
0.7790647
0.7893869
0.7937003
0.7861309
0.7881194
0.7932965
0.7783205
0.7869342
0.7864713
0.78701
0.7877123
0.7833023
0.7806119
0.7810224
0.7833737
0.7918292
0.7984332
0.7864576
0.800239
0.781997
0.7905242
0.7926235
0.7858012
0.7908659
0.7975495
0.7959068
0.7867836
0.7954868
0.7946321
0.8080652
0.7948046
0.7853396
0.8042347
0.7977202
0.6791828
0.6678545
0.8174301
0.799169
0.6779141
0.6734314
0.8134027
0.8037566
0.6676397
0.6491922
0.6579206
0.80428
0.6692389
0.6645503
0.6501151
0.6656098
0.6717045
0.6694764
0.8043558
0.6717119
0.646249
0.8107151
0.6876601
0.6467293
0.6699249
0.8129444
0.6432111
0.6826491
0.6750282
0.6321829
0.6608406
0.8148175
0.6879597
0.6875951
0.681388
0.8088908
0.7531362
0.8132004
0.7001108
0.805746
0.7036861
0.8083044
0.812396
0.8056786
0.6845018
0.6890682
0.655331
0.6875349
0.6555373
0.6337981
0.6480106
0.6760484
0.6550251
0.6788703
0.8058474
0.7941053
0.79944
0.7982998
0.7900491
0.6927687
0.6592367
0.6687131
0.6633679
0.6002286
0.6106086
0.6199903
0.6001482
0.6615762
0.6424701
0.6370239
0.6368773
0.645658
0.5998357
0.6405317
0.6210068
0.6374222
0.6192408
0.6118126
0.6144471
0.6170264
0.6245479
0.6486936
0.6399298
0.6449223
0.648277
0.6137476
0.6207454
0.6561224
0.6225589
0.6544581
0.6489056
0.648296
0.6495605
0.6636021
0.6392723
0.6730934
0.6524487
0.674364
0.675995
0.6516088
0.6896883
0.6835575
0.8120078
0.7975469
0.7027648
0.6930125
0.8111296
0.8077785
0.6852593
0.6640848
0.6727494
0.8082152
0.6941964
0.6768573
0.681789
0.6845691
0.6979398
0.6939604
0.8132482
0.6926938
0.6710377
0.8094687
0.6962468
0.6679374
0.6840927
0.8110728
0.6716539
0.7095837
0.6897487
0.6561857
0.6801827
0.8135789
0.7158175
0.6882555
0.7105222
0.8197394
0.7654721
0.8155735
0.7176985
0.8138356
0.7088258
0.8182666
0.8127847
0.8104745
0.6982136
0.7053438
0.6764516
0.6917389
0.6716926
0.6479339
0.6688074
0.6910686
0.6764801
0.695279
0.8027447
0.797943
0.8083258
0.8033028
0.7894958
0.7044987
0.6848769
0.6942136
0.6911394
0.6474116
0.6423405
0.656529
0.6301668
0.6722148
0.6553521
0.6622039
0.6726089
0.6666406
0.643551
0.6519302
0.6489328
0.6667968
0.6471383
0.6434429
0.6475488
0.6591141
0.6586437
0.6715453
0.6663278
0.6618676
0.6828686
0.6521291
0.6743608
0.6742565
0.6639415
0.6898826
0.6715374
0.6666667
0.6613536
0.6893788
0.6754447
0.7017035
0.6714697
0.6882553
0.6966937
0.6806019
0.8072905
0.813814
0.6754881
0.8081328
0.8014663
0.8084255
0.8134269
0.8106761
0.8092922
0.7987957
0.8044783
0.6283451
0.8043431
0.8066749
0.7935223
0.8090288
0.8053452
0.8041162
0.8040135
0.8109893
0.8054948
0.815197
0.8267632
0.7978591
0.8081079
0.819556
0.8060288
0.8128845
0.8039244
0.7940067
0.8102026
0.8093371
0.812971
0.8075521
0.81727
0.813913
0.8096277
0.8193357
0.8179918
0.6596704
0.8168668
0.8125361
0.8213002
0.6920809
0.8157285
0.8154659
0.8061664
0.8145342
0.800132
0.8011597
0.8026075
0.813482
0.8054256
0.8167641
0.8073439
0.8036823
0.8043023
0.8035176
0.790541
0.8247571
0.7993405
0.7982431
0.8013301
0.7919667
0.7870397
0.795232
0.7910256
0.8026521
0.8014799
0.7991453
0.7946567
0.8047719
0.792075
0.7957194
0.8013487
0.7927226
0.7924099
0.7908729
0.7924234
0.7935566
0.7927915
0.7983496
0.8040455
0.7877301
0.8050675
0.7902915
0.8005353
0.7973401
0.79207
0.7975603
0.8044894
0.8006044
0.802364
0.8078787
0.8048301
0.8157583
0.8027278
0.7954254
0.8065422
0.8034381
0.8140152
0.805775
0.8135037
0.6485675
0.8162448
0.8139169
0.7039638
0.6541007
0.8170358
0.8092294
0.8017959
0.8080555
0.8026173
0.8129697
0.8027986
0.8111071
0.8131876
0.812339
0.8110712
0.8074905
0.7997831
0.6565126
0.8192179
0.8039187
0.8149388
0.6870088
0.8092643
0.8144764
0.8146906
0.8018437
0.819078
0.6702698
0.8177737
0.8127284
0.8164321
0.6798343
0.8111868
0.6922345
0.8168994
0.8086637
0.8236881
0.7167078
0.706437
0.8022334
0.8197223
0.8104017
0.797034
0.8212995
0.8002752
0.7928921
0.800029
0.8170088
0.8097122
0.8155998
0.7711208
0.75968
0.7733258
0.7643526
0.7601109
0.820904
0.790264
0.7977356
0.7910854
0.7848323
0.7898356
0.7998045
0.7864105
0.806188
0.7931155
0.7939514
0.7887886
0.8021955
0.7887443
0.7956592
0.7974657
0.7994158
0.7890735
0.7900211
0.7902829
0.7865768
0.7843634
0.7908428
0.7970408
0.79447
0.798331
0.7910626
0.8013351
0.7898566
0.7925629
0.8033969
0.8106472
0.7992353
0.7980467
0.7968214
0.7903973
0.8024958
0.7945455
0.7946894
0.8089141
0.7943899
0.8119628
0.8048448
0.8129005
0.6485677
0.8140266
0.8105963
0.7044094
0.6548423
0.8146567
0.8051201
0.8021653
0.8068685
0.8041037
0.81279
0.8035932
0.808634
0.8142745
0.8130081
0.8140416
0.8074111
0.7994664
0.6531255
0.8171729
0.8037638
0.8132376
0.6864752
0.8085837
0.8135328
0.8123084
0.802127
0.8150277
0.6741224
0.817497
0.8116149
0.8171735
0.6823585
0.815332
0.693863
0.8173814
0.8116502
0.8259733
0.7170072
0.7063714
0.8023414
0.8158251
0.8115041
0.7973335
0.8187611
0.7993497
0.7924158
0.8001445
0.8177427
0.8094555
0.8152445
0.7721821
0.7633523
0.776111
0.7613977
0.7646353
0.821289
0.7878724
0.7950996
0.7888649
0.782435
0.7860333
0.7981594
0.7846816
0.8036985
0.7911357
0.7911017
0.7908743
0.8012203
0.789315
0.795532
0.7967491
0.7970259
0.787261
0.7895696
0.7876237
0.7857093
0.7833287
0.7914046
0.7964072
0.791953
0.7990298
0.7898434
0.7990274
0.7905891
0.7918508
0.8020069
0.8089911
0.795592
0.797913
0.7960182
0.7879085
0.8013498
0.7932431
0.7942251
0.8075169
0.7984669
0.815765
0.809841
0.8128751
0.6331006
0.8114495
0.8137122
0.7054741
0.676515
0.8151452
0.8116701
0.8071985
0.8039934
0.805772
0.8150558
0.8062891
0.8109
0.8138305
0.8115371
0.8215457
0.8108728
0.803462
0.6550664
0.8227938
0.800766
0.8214539
0.6777634
0.8101656
0.8148651
0.8068157
0.8076034
0.8198837
0.6661845
0.8206843
0.8195494
0.8286039
0.6754877
0.8160772
0.6762532
0.8232416
0.8111079
0.8289837
0.7189809
0.7037037
0.8015003
0.8163178
0.8153813
0.801869
0.8267589
0.8031803
0.7997677
0.8019838
0.8276788
0.811215
0.8133629
0.774257
0.7660528
0.7748302
0.7689567
0.7605744
0.8256483
0.8007758
0.8030995
0.8038945
0.7917365
0.7864306
0.7981671
0.7912297
0.8042276
0.8024777
0.7980695
0.7989168
0.8105067
0.7958155
0.8028873
0.8012638
0.7970297
0.7953893
0.7908235
0.7928642
0.7904355
0.794489
0.7970408
0.8041788
0.7934829
0.8070042
0.7992167
0.8011273
0.79797
0.7940433
0.8096322
0.8127606
0.8042665
0.8049271
0.808794
0.7929778
0.8018703
0.8035417
0.793709
0.805652
0.8019105
0.8180973
0.810567
0.8134286
0.6374877
0.811665
0.8148598
0.7087288
0.6767532
0.8169636
0.812056
0.8077589
0.8040371
0.8065912
0.8152702
0.8072774
0.8100912
0.8124329
0.8106441
0.8213394
0.8123657
0.8037646
0.6566138
0.822756
0.8032314
0.8228341
0.6789665
0.8105512
0.816178
0.808231
0.8076478
0.8211831
0.6690994
0.8218195
0.8200998
0.8295665
0.6778416
0.8145975
0.6782992
0.8242046
0.8112381
0.8298579
0.7209839
0.7064649
0.8013709
0.8177147
0.8167797
0.8022599
0.8287888
0.8033107
0.800595
0.8016804
0.828636
0.8119431
0.8116222
0.7740371
0.7674055
0.774609
0.768117
0.7595531
0.8266951
0.7996533
0.8035554
0.8042668
0.7931251
0.7884533
0.7982088
0.7925457
0.8048559
0.8029365
0.7981962
0.7990417
0.8117801
0.7966991
0.8032616
0.8016385
0.7983281
0.7954307
0.7921376
0.7933282
0.7919144
0.7953706
0.7985917
0.804636
0.7934389
0.8074586
0.8003494
0.8019196
0.7987631
0.7955231
0.8097571
0.8129691
0.8043087
0.8061295
0.8090846
0.7933572
0.8019961
0.8033345
0.7955346
0.8067717
0.8022867
0.6559025
0.6221868
0.8003656
0.7887365
0.6501694
0.6297723
0.8054948
0.7922783
0.6252621
0.6264179
0.5853046
0.7959871
0.6231359
0.6365909
0.6195533
0.6348703
0.6366736
0.6327962
0.8031536
0.6115352
0.6010761
0.7996196
0.6424896
0.6080197
0.6244556
0.8040275
0.6025072
0.6478838
0.6531317
0.5808138
0.6207823
0.8009073
0.6535614
0.6415988
0.6399297
0.804138
0.7554964
0.8056677
0.6688058
0.7972466
0.6741017
0.8013858
0.8000879
0.7896717
0.6446267
0.6452521
0.5955965
0.6601371
0.5977011
0.5834057
0.593941
0.6569343
0.6118527
0.6359624
0.786539
0.7775084
0.7909688
0.7908163
0.7799263
0.6593
0.613089
0.6232176
0.6197774
0.5618903
0.5619454
0.6034894
0.5273895
0.6320227
0.5929299
0.5715134
0.5862497
0.6110975
0.5586739
0.6150219
0.5644415
0.5872845
0.5748217
0.573311
0.5746963
0.5713688
0.5589228
0.6020199
0.584394
0.6182911
0.5794338
0.5725107
0.5928896
0.6148731
0.574359
0.6206394
0.6135262
0.6035047
0.5959888
0.6180663
0.5987151
0.6480108
0.6170161
0.6295125
0.6472134
0.5985468
0.7016417
0.6964922
0.8171038
0.8060685
0.6764635
0.6936356
0.8141044
0.8087026
0.6823171
0.6616075
0.6742737
0.8104269
0.6798969
0.6839785
0.6618354
0.6790769
0.6904705
0.6860205
0.8087304
0.6869454
0.6680444
0.8127073
0.6943759
0.6722662
0.6811525
0.8203915
0.6888357
0.7035635
0.693292
0.6444094
0.6857712
0.8157724
0.7110571
0.6996987
0.702505
0.8131328
0.7700262
0.8228889
0.7221575
0.8126901
0.704628
0.8165375
0.8134431
0.8095031
0.7082481
0.6987637
0.6597955
0.714308
0.6667479
0.6524315
0.6628599
0.7086608
0.6831994
0.692785
0.798819
0.7932075
0.7980392
0.7974852
0.7921152
0.7176756
0.690805
0.6910215
0.6967051
0.6454287
0.6554548
0.6632116
0.6335314
0.6743148
0.6685148
0.6718001
0.6619575
0.6840321
0.6498298
0.6724915
0.6546084
0.6811169
0.6510413
0.6420893
0.6398342
0.6545112
0.6640144
0.6823266
0.6670831
0.6676161
0.6854071
0.6518501
0.6659895
0.6784668
0.6633407
0.7032008
0.6753013
0.6712488
0.6643187
0.6963082
0.6761809
0.6834081
0.6877258
0.6934166
0.6892734
0.6881356
0.7010865
0.6963508
0.8171958
0.8063396
0.6765394
0.6933906
0.8142837
0.8087991
0.681545
0.661364
0.6747797
0.8105225
0.6798648
0.6840503
0.6622457
0.6790451
0.6904345
0.6859861
0.8088278
0.6863858
0.6680169
0.8128874
0.694546
0.6717009
0.6806978
0.820483
0.6882775
0.7041355
0.6938776
0.6452896
0.6847939
0.8158652
0.7116199
0.7004831
0.7031858
0.8133131
0.7701468
0.8230631
0.722507
0.8127851
0.7038705
0.8167145
0.8135373
0.8097716
0.7081039
0.6988276
0.6596615
0.714464
0.6660706
0.6521882
0.6632703
0.708821
0.6832717
0.692956
0.79875
0.7929704
0.7979699
0.7975848
0.7922169
0.7184322
0.6909701
0.6912864
0.6967673
0.64509
0.6559669
0.662767
0.6337373
0.6748044
0.6682801
0.6714589
0.6623508
0.6836955
0.6500237
0.6721541
0.6551155
0.6807805
0.6519813
0.6419645
0.6406847
0.6544897
0.664406
0.6822949
0.6674729
0.6676947
0.6851724
0.6525766
0.6659638
0.6784365
0.6631058
0.7030634
0.6751682
0.6704987
0.6638754
0.6956722
0.6761513
0.6829684
0.6872887
0.6922721
0.689239
0.6884047
0.8177768
0.8054874
0.8154672
0.7814224
0.7995336
0.8130754
0.7957741
0.7831157
0.8076757
0.8035999
0.8078204
0.8026145
0.8159937
0.8129766
0.797437
0.8022201
0.8156613
0.817192
0.8165408
0.8171265
0.8088988
0.7858663
0.8220381
0.8094826
0.8116389
0.7875112
0.8048604
0.805407
0.8131734
0.8115911
0.8177667
0.798007
0.8082449
0.8152939
0.8250215
0.7912056
0.8201974
0.80491
0.8299108
0.812171
0.8166547
0.7990143
0.8011178
0.8042645
0.8175627
0.8188261
0.8101741
0.8242773
0.8090594
0.8098199
0.8104556
0.8192349
0.8115074
0.8172313
0.6764437
0.6739314
0.692296
0.5958367
0.6621976
0.8168812
0.7993453
0.8029324
0.8038141
0.7984248
0.7922235
0.8016813
0.7952656
0.802801
0.8058131
0.7939506
0.7983955
0.8138265
0.7994115
0.8048848
0.7933455
0.7996926
0.7924661
0.7913669
0.7933291
0.7957155
0.8006691
0.8060522
0.8025131
0.7998582
0.8039502
0.7997051
0.8005314
0.8059505
0.8023679
0.8143419
0.8095605
0.8021044
0.7989915
0.8038187
0.8012861
0.8138357
0.8075346
0.8006338
0.8155729
0.812053
0.8086881
0.8068477
0.8083694
0.623596
0.8043036
0.8064469
0.7053193
0.697208
0.8061926
0.8017474
0.8020697
0.8040604
0.8010639
0.8120268
0.8025561
0.8115221
0.8057164
0.8107055
0.8128613
0.8052052
0.7975062
0.6266212
0.822802
0.7976676
0.8070846
0.6564513
0.8059637
0.8057325
0.8023956
0.7987841
0.8142069
0.6557764
0.8084014
0.8077369
0.8180768
0.6614647
0.8162151
0.6693476
0.8152244
0.815327
0.8191146
0.7137304
0.705573
0.7976268
0.8178164
0.8138095
0.7941025
0.8134827
0.8034169
0.7916023
0.8022138
0.817458
0.8051032
0.8051449
0.7656017
0.7604885
0.7751618
0.7580447
0.7550449
0.8184106
0.7921549
0.7958698
0.7914532
0.7855933
0.7792329
0.7891677
0.7852874
0.7988827
0.7997615
0.7924528
0.7898255
0.7985975
0.791752
0.7944464
0.7885375
0.7933315
0.7835741
0.7890155
0.7801368
0.784
0.7896591
0.7896744
0.7991306
0.7927979
0.7995806
0.7906631
0.7902542
0.7925125
0.7927718
0.8049188
0.8066194
0.7917077
0.7947346
0.8053865
0.7909341
0.7969411
0.7962052
0.789852
0.8018775
0.7964776
0.80796
0.806037
0.8075591
0.6245535
0.8026182
0.8041618
0.7049784
0.6973839
0.8057263
0.8007571
0.8020386
0.8042003
0.8002477
0.8111303
0.7999128
0.8116537
0.805423
0.8102379
0.8130774
0.8052578
0.7971289
0.6270032
0.8214898
0.7964137
0.8072211
0.6549075
0.8054973
0.8051798
0.8020168
0.7979643
0.814165
0.6534855
0.8073308
0.8071827
0.8176899
0.6638567
0.8155758
0.6696689
0.8151815
0.8139183
0.8194912
0.7162791
0.7054349
0.7974251
0.8174319
0.8111167
0.7944322
0.8138668
0.8026019
0.7916697
0.8015723
0.8169044
0.8037662
0.8033785
0.7672701
0.7601407
0.7733257
0.7585036
0.7548794
0.8179401
0.7914562
0.7952558
0.789736
0.784636
0.7772897
0.788892
0.7845815
0.7982611
0.7989759
0.7911415
0.7898067
0.7966316
0.7903659
0.7939999
0.7886053
0.7923759
0.7794821
0.7877115
0.7787358
0.7828673
0.787165
0.7899118
0.800028
0.7926899
0.7998045
0.7908145
0.7912584
0.7914735
0.7910416
0.8041374
0.8071714
0.7918571
0.7934385
0.8064381
0.7888638
0.7962376
0.7960115
0.790091
0.7994109
0.795605
0.8147004
0.8071336
0.8157932
0.6066426
0.7948344
0.8024173
0.7028804
0.6741851
0.8013887
0.8021452
0.7988941
0.8107741
0.7974527
0.8030095
0.7910644
0.8079361
0.8063517
0.8079775
0.8110679
0.8056718
0.798273
0.6282147
0.812962
0.7953752
0.8064261
0.6503346
0.7998551
0.8085994
0.8051208
0.7929493
0.8066231
0.6415512
0.8185452
0.8103361
0.8181426
0.6543531
0.8088722
0.663009
0.8179224
0.8149796
0.8248845
0.7166692
0.7030308
0.8015173
0.8140686
0.8133831
0.796384
0.820398
0.7965781
0.7904573
0.7967657
0.8201382
0.8059172
0.8009413
0.7717207
0.7607125
0.772453
0.7602444
0.7497486
0.8155061
0.7874982
0.7918153
0.7920509
0.7785002
0.779378
0.7955615
0.7803941
0.7999578
0.7894143
0.7924555
0.7860105
0.8035888
0.7873227
0.7950315
0.7878745
0.786273
0.7815406
0.7803493
0.7819187
0.7830934
0.7859254
0.7878126
0.7950676
0.7860618
0.7929151
0.7836361
0.7867673
0.7940334
0.7881638
0.79954
0.7973907
0.7882303
0.7906584
0.7931447
0.7829841
0.8009654
0.7972028
0.7941384
0.8017584
0.7963795
0.8158597
0.8073143
0.8138883
0.6086041
0.7977758
0.8029234
0.7036251
0.6757622
0.8029335
0.8041312
0.7998246
0.8127647
0.795118
0.8035182
0.7940854
0.8080347
0.8049717
0.8061757
0.8098035
0.8054991
0.796391
0.6329523
0.8137707
0.7962895
0.8095272
0.6561078
0.8020061
0.808443
0.8043384
0.7908333
0.809637
0.639792
0.819544
0.8130234
0.8180373
0.6575275
0.8082857
0.6623886
0.818918
0.8164794
0.8236388
0.7169694
0.7044901
0.8004507
0.8142837
0.8141931
0.7969528
0.8197155
0.7958257
0.7893961
0.7953079
0.8211423
0.8066134
0.8031822
0.7749346
0.7659818
0.774382
0.7632262
0.7514418
0.8176907
0.787663
0.7912358
0.7927454
0.7804411
0.7795939
0.7983945
0.7811361
0.8006079
0.7901034
0.7924743
0.7909513
0.8064156
0.7894625
0.7959944
0.7910321
0.7881488
0.7839339
0.7849019
0.7856889
0.7844443
0.7895924
0.7881512
0.7963705
0.7855241
0.7948862
0.7874156
0.7874451
0.7939751
0.7872991
0.800098
0.7997312
0.788399
0.7930572
0.7976744
0.7863224
0.8011108
0.7969069
0.7935663
0.8017393
0.7943773
0.6559025
0.6221868
0.8003656
0.7887365
0.6501694
0.6297723
0.8054948
0.7922783
0.6252621
0.6264179
0.5853046
0.7959871
0.6231359
0.6365909
0.6195533
0.6348703
0.6366736
0.6327962
0.8031536
0.6115352
0.6010761
0.7996196
0.6424896
0.6080197
0.6244556
0.8040275
0.6025072
0.6478838
0.6531317
0.5808138
0.6207823
0.8009073
0.6535614
0.6415988
0.6399297
0.804138
0.7554964
0.8056677
0.6688058
0.7972466
0.6741017
0.8013858
0.8000879
0.7896717
0.6446267
0.6452521
0.5955965
0.6601371
0.5977011
0.5834057
0.593941
0.6569343
0.6118527
0.6359624
0.786539
0.7775084
0.7909688
0.7908163
0.7799263
0.6593
0.613089
0.6232176
0.6197774
0.5618903
0.5619454
0.6034894
0.5273895
0.6320227
0.5929299
0.5715134
0.5862497
0.6110975
0.5586739
0.6150219
0.5644415
0.5872845
0.5748217
0.573311
0.5746963
0.5713688
0.5589228
0.6020199
0.584394
0.6182911
0.5794338
0.5725107
0.5928896
0.6148731
0.574359
0.6206394
0.6135262
0.6035047
0.5959888
0.6180663
0.5987151
0.6480108
0.6170161
0.6295125
0.6472134
0.5985468
0.8026717
0.80319
0.6793309
0.8119322
0.801843
0.8015649
0.8111231
0.8077998
0.8022701
0.7926197
0.7989957
0.6850768
0.7924556
0.8034578
0.7902813
0.8064912
0.7967468
0.7976026
0.8043636
0.8028363
0.7931185
0.8135642
0.8107603
0.7915207
0.801963
0.8231479
0.8003042
0.8087876
0.7930331
0.784855
0.8098889
0.8096299
0.8095546
0.7971901
0.8161193
0.8116869
0.8169004
0.8222318
0.8073018
0.6799105
0.812491
0.8154197
0.8143798
0.6893772
0.8051742
0.8084432
0.793935
0.8168853
0.7884742
0.7902918
0.7872356
0.8092086
0.7985439
0.8032099
0.8000827
0.787015
0.7976489
0.7956689
0.7921005
0.8228788
0.7882741
0.7935155
0.7976911
0.7796299
0.7803481
0.7854208
0.7853296
0.7928349
0.7984887
0.7916105
0.7900196
0.7846643
0.7761864
0.7855228
0.7877146
0.7960425
0.7839677
0.7851889
0.7790722
0.7844755
0.7837094
0.7954625
0.7916081
0.7810119
0.790386
0.7827816
0.7884019
0.7936242
0.777191
0.7917193
0.7985906
0.7904528
0.7960913
0.7922215
0.789166
0.8009797
0.8033266
0.7918466
0.8025251
0.7970679
0.8111408
0.8123744
0.7094157
0.8154264
0.7989503
0.7978878
0.8144589
0.8108786
0.8040805
0.7962909
0.8019499
0.6812217
0.7995484
0.8099221
0.799564
0.8156517
0.7971626
0.7986323
0.8191146
0.805859
0.7972186
0.8213548
0.8221477
0.8006097
0.8100438
0.823695
0.7982839
0.8083634
0.8040961
0.792665
0.8132207
0.8219403
0.8123876
0.8086429
0.8193795
0.8259075
0.8169236
0.8304106
0.8159347
0.6904062
0.8223445
0.8172995
0.8212502
0.7194272
0.8216429
0.8157158
0.7998834
0.8184284
0.7956903
0.7953015
0.797021
0.8134923
0.8019355
0.8114701
0.8051028
0.7950077
0.8091687
0.796993
0.7928254
0.8202996
0.7965238
0.7999582
0.7997634
0.7848182
0.7843039
0.7938522
0.7929988
0.7978378
0.7907551
0.7926942
0.782286
0.7971401
0.7898602
0.7928175
0.7864756
0.7933141
0.7860739
0.7848837
0.7857547
0.7798582
0.782541
0.7920479
0.7886747
0.78681
0.7991343
0.7891084
0.7927953
0.7911401
0.7862417
0.7971014
0.8040636
0.7928807
0.7913172
0.7909952
0.7881871
0.8053246
0.8021502
0.7948918
0.8016789
0.7967937
0.8039947
0.8090132
0.6675314
0.8016451
0.802283
0.7980501
0.8093961
0.8063862
0.803933
0.7941393
0.7988839
0.627936
0.8008642
0.8107638
0.7985064
0.8086142
0.8017946
0.8043146
0.8047372
0.8120382
0.8032524
0.8077314
0.8156526
0.787234
0.80449
0.8171454
0.8001169
0.8042528
0.7996637
0.7920799
0.8064235
0.8061514
0.8060712
0.805746
0.8121035
0.8184571
0.8085199
0.8135828
0.8083037
0.6470491
0.8137042
0.8040968
0.80708
0.6831437
0.8177884
0.8141049
0.8040061
0.815143
0.7975185
0.7950928
0.799824
0.8101385
0.803088
0.8040959
0.7947089
0.7915846
0.8008116
0.7973971
0.7827314
0.8134978
0.7986116
0.8019733
0.7990893
0.780309
0.7867356
0.7890013
0.7864029
0.7988489
0.7973584
0.7928199
0.7877779
0.7883181
0.7837452
0.7887454
0.7911979
0.7943793
0.7869367
0.7784234
0.7827143
0.7897494
0.7842468
0.7896828
0.7929765
0.7807425
0.7935343
0.785316
0.7868223
0.7929599
0.7848509
0.7934276
0.7965112
0.7940284
0.787564
0.8006633
0.7889726
0.8043494
0.7911231
0.7899478
0.7982208
0.7970287
0.8048549
0.8102924
0.6707376
0.8026766
0.8032319
0.799795
0.8102449
0.8069769
0.8052241
0.7951887
0.8002787
0.6298453
0.8019903
0.8108363
0.799722
0.810156
0.8035259
0.8055191
0.806381
0.8132282
0.8043716
0.8086679
0.8171779
0.7890971
0.805864
0.8179959
0.8019412
0.8045868
0.8004384
0.7929581
0.8076199
0.8083037
0.8062309
0.8078183
0.8118299
0.8198905
0.808506
0.8140009
0.8100174
0.6492531
0.8142061
0.8050374
0.8074995
0.6839619
0.8187978
0.8156336
0.8054765
0.8150443
0.7988265
0.795344
0.8010402
0.8105561
0.8048228
0.8051267
0.7962911
0.7931834
0.8011332
0.7984818
0.7839171
0.8146027
0.7996917
0.8027972
0.7994958
0.7824604
0.7880267
0.7891588
0.7877729
0.7993465
0.7976838
0.7946154
0.7900763
0.7897651
0.785378
0.7899326
0.7911831
0.7951306
0.788045
0.7804197
0.7836545
0.7904196
0.7848362
0.7900972
0.7937305
0.7816983
0.7944558
0.7859082
0.7887034
0.7947309
0.7847486
0.7940096
0.7976953
0.7951195
0.7894438
0.8017484
0.7901611
0.8040831
0.7912797
0.7915744
0.7991393
0.7979498
0.8035871
0.8083533
0.6679637
0.8003644
0.8013478
0.7974619
0.8082172
0.8052052
0.8027419
0.7930119
0.7975
0.6267823
0.8006301
0.8089806
0.7969495
0.8075189
0.8010368
0.8032978
0.8046801
0.8112948
0.802059
0.8064633
0.8149139
0.7877087
0.8042593
0.8152731
0.7992685
0.8033241
0.7989902
0.79175
0.8058478
0.8053999
0.8051446
0.8044685
0.8111817
0.8176373
0.8082909
0.8122312
0.8090263
0.6465966
0.813908
0.8030832
0.806069
0.6824086
0.8168821
0.8129345
0.8031611
0.8132082
0.7962214
0.7938768
0.8000293
0.8081814
0.8022413
0.8027295
0.7939779
0.7911005
0.800168
0.7967474
0.7824982
0.8122366
0.7983865
0.8014145
0.7985279
0.7801595
0.7854522
0.7892862
0.78504
0.798621
0.7957697
0.7918963
0.7867725
0.7874822
0.7832488
0.7883414
0.789854
0.7932131
0.7870489
0.7774826
0.7817818
0.7886605
0.7828006
0.7885913
0.7917198
0.7813859
0.7931351
0.7847332
0.7864161
0.7925607
0.7830479
0.7925156
0.7954238
0.7941405
0.7868129
0.800353
0.7878788
0.8029459
0.7902917
0.7904067
0.7974845
0.796375
0.8147334
0.8155039
0.6814687
0.8134076
0.811728
0.8086543
0.8167982
0.817276
0.8114383
0.8043121
0.8100726
0.6610223
0.8074786
0.8200436
0.8075611
0.8152151
0.8096251
0.8124867
0.8141003
0.8143514
0.809436
0.8198413
0.8253312
0.7952343
0.8096923
0.8282135
0.8120577
0.8146841
0.8037483
0.7998706
0.8147444
0.8165092
0.8155237
0.8148882
0.8202223
0.8217676
0.8206319
0.8239735
0.8192432
0.6654441
0.8183999
0.815758
0.81749
0.6938918
0.8192067
0.820197
0.8101842
0.8248899
0.8083244
0.8049025
0.8033174
0.8184379
0.8061523
0.8162963
0.7989785
0.7917355
0.8024075
0.807117
0.790337
0.8246046
0.7961345
0.8010008
0.8017926
0.7891387
0.7976448
0.792744
0.7892058
0.8040845
0.8060531
0.8029977
0.7976763
0.799559
0.7872029
0.7963142
0.7970225
0.8047962
0.7911538
0.792924
0.7909173
0.7958635
0.7885175
0.7937288
0.7971825
0.7893773
0.8019211
0.7947098
0.7942968
0.8013577
0.7897232
0.7974492
0.8062064
0.7976994
0.7954341
0.8074573
0.796794
0.8062031
0.7993659
0.7982072
0.8073785
0.8035259
0.8142582
0.8169611
0.6788223
0.813937
0.8111539
0.8123889
0.8177577
0.8194796
0.8133116
0.8066962
0.8104248
0.6573555
0.8058579
0.8220106
0.8067119
0.8156682
0.8096356
0.8128464
0.8132839
0.8156421
0.8109704
0.8198929
0.8273027
0.7966602
0.8102946
0.8285491
0.8152767
0.814463
0.8043338
0.803556
0.8158638
0.8180533
0.8177378
0.8166856
0.8209464
0.8216605
0.8212697
0.8244583
0.8199591
0.6681048
0.8202009
0.8183804
0.8182847
0.696238
0.8187544
0.8241549
0.8104519
0.8232277
0.8096903
0.805922
0.8067287
0.8195691
0.8094762
0.8159983
0.7985366
0.7958382
0.8030469
0.8071992
0.7904381
0.8263321
0.7982492
0.8037762
0.8027589
0.7913345
0.8005444
0.793529
0.7928532
0.8070577
0.8088397
0.8020637
0.7970584
0.8010225
0.7895803
0.7979379
0.7997239
0.8053627
0.7933654
0.7932883
0.7935448
0.7973178
0.7903809
0.7968533
0.8007189
0.7915284
0.8016535
0.796255
0.797005
0.80216
0.79067
0.8004004
0.804378
0.7998205
0.7998893
0.8081984
0.7971708
0.8093238
0.8004977
0.8009327
0.8085282
0.8077983
0.8083291
0.8106269
0.6436592
0.8005686
0.8075802
0.806771
0.8049509
0.8092072
0.8060809
0.8028375
0.7994713
0.6604019
0.8017134
0.8102222
0.7987403
0.8141907
0.81174
0.811653
0.800323
0.8138205
0.8078349
0.8145022
0.8166582
0.7983009
0.8042024
0.8217771
0.8028888
0.8062264
0.8073121
0.7945459
0.8068305
0.8118303
0.813563
0.8037998
0.8194011
0.8173285
0.813844
0.8212012
0.8139636
0.6672098
0.8129079
0.8080545
0.8131828
0.6571032
0.8119379
0.8091708
0.802753
0.8168274
0.8001319
0.800367
0.8002347
0.8140729
0.8051597
0.8009212
0.8008754
0.7899337
0.8017905
0.8013329
0.7983837
0.8252462
0.792909
0.7974844
0.799986
0.7807049
0.7847782
0.7977075
0.7918919
0.7974521
0.8018164
0.802385
0.783088
0.7976862
0.7832738
0.800464
0.7992406
0.7978304
0.7915571
0.7960108
0.7876157
0.788257
0.7870574
0.7997888
0.7987311
0.7997715
0.8035577
0.7880539
0.7847108
0.7937795
0.789665
0.8008573
0.7981077
0.7965469
0.7985612
0.7938232
0.7946795
0.8081
0.8009569
0.7871379
0.8007331
0.8032671
0.8058824
0.8085321
0.6690283
0.8004202
0.8095445
0.8016421
0.8066753
0.8063494
0.8101995
0.7916972
0.7943138
0.6608745
0.797093
0.8129274
0.8009589
0.8093382
0.804126
0.804636
0.8020105
0.8067269
0.7991416
0.8001596
0.8148814
0.7904183
0.8012602
0.8145478
0.7969695
0.8004939
0.8011471
0.789722
0.8044043
0.8073229
0.8056038
0.8106274
0.8170071
0.8068042
0.8061409
0.8078098
0.8116005
0.6736486
0.8108849
0.8022566
0.8006249
0.6833639
0.8088873
0.8153868
0.795403
0.8059044
0.7905594
0.7933539
0.7964912
0.8079312
0.8037662
0.8076145
0.8012289
0.7921388
0.8040522
0.8005163
0.7985876
0.8192979
0.7995401
0.8015453
0.8020985
0.7812832
0.787591
0.7880335
0.7917992
0.7993644
0.8003223
0.7927749
0.793623
0.8008392
0.7855623
0.7939151
0.7957381
0.7977032
0.7883853
0.784873
0.7852282
0.7870749
0.7872505
0.8045024
0.7948826
0.7876703
0.7992175
0.784622
0.791514
0.7917281
0.7929207
0.795496
0.8033087
0.7864811
0.7958969
0.7968607
0.7921922
0.8048269
0.8052401
0.7976973
0.8032718
0.8007574
0.8050457
0.8091028
0.6706044
0.8030402
0.8029849
0.7988422
0.8093131
0.8074251
0.8045441
0.7926254
0.7995008
0.6302612
0.8019179
0.810077
0.7982418
0.8078377
0.8028436
0.8050131
0.8060487
0.8114398
0.8035154
0.8085122
0.8167702
0.7872293
0.8067465
0.8162862
0.8002924
0.8053857
0.7993123
0.792077
0.8081547
0.8075414
0.8069422
0.8054866
0.8120213
0.8200807
0.8083497
0.8130691
0.8092578
0.6479921
0.8154258
0.804272
0.8070826
0.6846782
0.8192432
0.8142816
0.8043574
0.8149777
0.7976942
0.7954462
0.800176
0.8104011
0.8029138
0.8053168
0.7954641
0.7923467
0.8017344
0.79765
0.7817797
0.8134166
0.7994532
0.8033979
0.7985838
0.7812567
0.7869925
0.788393
0.7861379
0.7978231
0.7971025
0.7933352
0.788117
0.7881416
0.7836525
0.7896865
0.7910236
0.7945476
0.7868455
0.7778017
0.7832298
0.7902598
0.7831162
0.7889915
0.7934013
0.7810007
0.7931911
0.7853107
0.7885422
0.7938937
0.7834527
0.7941073
0.7973665
0.7941114
0.7877322
0.8026918
0.7901725
0.8034242
0.7912057
0.7904633
0.7986445
0.7964314
0.8055434
0.8093374
0.672326
0.8027513
0.8033075
0.7988122
0.8094616
0.8068816
0.8049527
0.7935712
0.8000881
0.6310405
0.8021527
0.8101395
0.7991797
0.8076391
0.8033397
0.8053349
0.806197
0.8121058
0.8038372
0.8082281
0.8170062
0.7875517
0.8073268
0.8168715
0.7999122
0.8050983
0.7992826
0.7920433
0.8083025
0.8073428
0.8071772
0.8052858
0.812345
0.8196367
0.8082381
0.8122675
0.8088876
0.648988
0.8154904
0.8039843
0.8071439
0.6845815
0.8196497
0.8146889
0.8045927
0.8160663
0.7980169
0.7958582
0.8004108
0.8109814
0.8041124
0.8055515
0.7963583
0.7924847
0.8015395
0.798382
0.7823446
0.8134805
0.800014
0.8039572
0.7995655
0.7813924
0.7873059
0.7887906
0.7862759
0.7984777
0.7978378
0.7937348
0.7882545
0.7878486
0.7835287
0.7898247
0.7913333
0.7949424
0.7871566
0.7778496
0.7836274
0.7899695
0.7832526
0.7896456
0.7935406
0.7813157
0.7935005
0.7862301
0.789369
0.7937773
0.7833286
0.7941613
0.7977648
0.7940802
0.7880427
0.8032556
0.7903111
0.8040721
0.7910013
0.7911216
0.7987852
0.7972533
0.8048281
0.8096653
0.6721364
0.8023874
0.8035545
0.7985337
0.8085801
0.8066923
0.8048496
0.7933805
0.7999853
0.632331
0.8024881
0.8093439
0.7990774
0.8077091
0.8033241
0.8054058
0.806965
0.8113987
0.8034724
0.8076058
0.8170723
0.7872718
0.8074831
0.815379
0.800687
0.8056041
0.7994439
0.7926567
0.8084583
0.8066322
0.8070737
0.8044844
0.8120668
0.819106
0.8090876
0.8130283
0.808784
0.6499133
0.8145278
0.8034468
0.8065197
0.6860753
0.8201397
0.8151844
0.8044019
0.81545
0.7981793
0.7951345
0.800396
0.8109637
0.8030458
0.8057093
0.7950007
0.7917928
0.8026141
0.7983684
0.7825934
0.8132036
0.7995794
0.8031893
0.799972
0.7812967
0.787208
0.7886932
0.786439
0.79778
0.7975694
0.7932046
0.7878144
0.7886133
0.7843011
0.7904141
0.7910649
0.7945892
0.7859336
0.7773148
0.7833571
0.7907289
0.7829833
0.7894625
0.7937845
0.7813066
0.7929768
0.7851778
0.7884971
0.7933394
0.7837547
0.7946599
0.7983498
0.7949188
0.7876868
0.8016366
0.7902138
0.8035513
0.7914184
0.7907642
0.7988563
0.7962176
0.8049565
0.8090995
0.6713015
0.8030391
0.8035962
0.7984905
0.8094824
0.8070772
0.8048035
0.7933397
0.7997652
0.6314696
0.8012154
0.8096414
0.7986823
0.8078349
0.8029298
0.8052724
0.8057848
0.8108324
0.8027285
0.8085091
0.8164223
0.7866962
0.8068305
0.816713
0.8009056
0.8052099
0.7988733
0.7918117
0.8077202
0.8077984
0.8066793
0.8049617
0.8115836
0.8201584
0.8080867
0.8130644
0.808736
0.6481665
0.8149917
0.8040968
0.8071667
0.685776
0.8200014
0.8141907
0.8039187
0.8144597
0.7973419
0.7954478
0.79956
0.8103111
0.8033506
0.8050539
0.794793
0.7921795
0.8008955
0.7973971
0.7819581
0.812981
0.7996217
0.8035639
0.7991734
0.7808297
0.7865613
0.7877924
0.7863162
0.7973108
0.7972734
0.7929062
0.7878638
0.7876289
0.7833107
0.7890032
0.7907701
0.79523
0.7868502
0.7775465
0.7826273
0.7898351
0.7827758
0.7887374
0.7931474
0.7805656
0.7931935
0.7851423
0.7881157
0.7942358
0.7834586
0.7936833
0.7975386
0.7940284
0.7872189
0.8031125
0.7899184
0.8030858
0.7912945
0.7900343
0.7977115
0.7964326
0.806197
0.8090336
0.6725127
0.8034909
0.8033506
0.8004392
0.8111417
0.8087353
0.8055171
0.7926379
0.8003963
0.6312464
0.8023715
0.81044
0.7993118
0.8086343
0.8032954
0.8057255
0.8070239
0.8118022
0.8045776
0.8095652
0.8176437
0.7878676
0.8077146
0.8169982
0.8008332
0.8056627
0.7998537
0.7924472
0.8092929
0.808251
0.8070456
0.8061128
0.812386
0.8202709
0.8106165
0.8144698
0.8096205
0.6496326
0.8155305
0.8053297
0.8083127
0.6877047
0.8196887
0.8145576
0.8039359
0.8160207
0.7975316
0.7961694
0.8005426
0.8113673
0.8047675
0.8060288
0.796149
0.7932077
0.8028376
0.798678
0.7817886
0.8142961
0.8006444
0.8045832
0.8004481
0.782652
0.7872646
0.7890085
0.7871885
0.7981788
0.7990684
0.7943825
0.7893284
0.7878077
0.7841835
0.7900411
0.7920617
0.7956663
0.7869426
0.7793875
0.7837606
0.7906137
0.7834721
0.7902917
0.7940115
0.7820699
0.7944809
0.7864494
0.7897578
0.7950958
0.7843334
0.7942049
0.7984066
0.79506
0.7882604
0.8034658
0.7899261
0.8036079
0.7925023
0.7912528
0.7989127
0.7973815
0.8124368
0.8162944
0.6781802
0.8025022
0.8130632
0.8039884
0.8074507
0.8062635
0.8137882
0.8006698
0.8029972
0.6765974
0.8039073
0.8110446
0.8016553
0.8073587
0.7997821
0.8043762
0.8001751
0.8175889
0.8071253
0.8094038
0.8242636
0.7989526
0.8040321
0.8176471
0.80342
0.8068198
0.8065192
0.8004239
0.8079332
0.8052521
0.8141892
0.8113997
0.8223627
0.8099913
0.8237728
0.8176114
0.8173876
0.6858238
0.8154167
0.8071742
0.8077284
0.6805267
0.8099191
0.813341
0.7981303
0.8212199
0.7974453
0.8064001
0.8010486
0.8165651
0.8011513
0.8064073
0.8072405
0.7959283
0.8076098
0.7982524
0.7933241
0.8264593
0.7969416
0.7985345
0.7988434
0.7791241
0.7799253
0.791375
0.7923115
0.7982611
0.8030896
0.7967964
0.789296
0.802514
0.7897675
0.7959456
0.7951469
0.7973664
0.7916372
0.7903659
0.7913963
0.7878446
0.7873361
0.8008249
0.8037957
0.7927761
0.8049781
0.7925235
0.7952501
0.7917281
0.7913837
0.80088
0.8000988
0.7988674
0.7901165
0.8082688
0.7934675
0.8078292
0.799636
0.7969324
0.8033555
0.7988199
0.8074742
0.8122569
0.6769095
0.8021755
0.807508
0.7980713
0.806274
0.8068961
0.8077424
0.7958526
0.7974943
0.6747915
0.8021874
0.8064282
0.7986136
0.8017474
0.7985711
0.8010925
0.7990483
0.81364
0.8040383
0.8073753
0.8206268
0.7926257
0.8017129
0.8185654
0.799344
0.8056401
0.7990668
0.7968256
0.8046892
0.8047595
0.8135544
0.8070417
0.821583
0.8081328
0.8192849
0.8167282
0.8139535
0.6856343
0.8121295
0.8083249
0.8074165
0.6772538
0.8062432
0.8073661
0.7939902
0.8163822
0.7949846
0.8029474
0.7957912
0.8139769
0.7945648
0.8037492
0.8038945
0.7923034
0.805322
0.7958997
0.7873205
0.8232551
0.7903441
0.7915289
0.7920208
0.7733371
0.7761884
0.7872431
0.7881007
0.7929685
0.7984807
0.7911343
0.7864613
0.7994245
0.7848506
0.7912755
0.792603
0.7945813
0.7860445
0.7872658
0.7891643
0.7844791
0.7805103
0.7946749
0.8015556
0.7877416
0.8019145
0.7865025
0.7903967
0.7865979
0.7887144
0.798541
0.7961096
0.7937223
0.7893358
0.8042914
0.788422
0.80351
0.7950831
0.7922327
0.7979023
0.7950131
0.6840979
0.6687659
0.8126156
0.8012329
0.6839981
0.6823287
0.8142014
0.8035153
0.6844097
0.6483347
0.661593
0.8063343
0.6676812
0.6800063
0.6627898
0.6689033
0.6950809
0.693604
0.8161214
0.6853401
0.6732453
0.8059488
0.6951411
0.6665867
0.6949801
0.8081745
0.6562198
0.6937353
0.6830385
0.6595521
0.6879021
0.8117119
0.7010213
0.6987565
0.6878319
0.8076345
0.7714159
0.8191671
0.7161112
0.8154295
0.6935459
0.8093543
0.8099929
0.8070301
0.6863905
0.7031068
0.6679756
0.7026943
0.6679475
0.6428688
0.6661587
0.6927059
0.6642553
0.6969436
0.794415
0.782982
0.7936079
0.7950569
0.7810021
0.6994206
0.6687586
0.6729272
0.6634926
0.6271507
0.623143
0.6460899
0.617277
0.6576478
0.646202
0.6461575
0.6409134
0.6571783
0.6272626
0.6590839
0.6252675
0.6446443
0.6245421
0.6360338
0.6283789
0.6368491
0.6354134
0.641086
0.648579
0.6578906
0.6717949
0.6287259
0.6484229
0.6696278
0.6486486
0.6703996
0.6673913
0.6531563
0.6466171
0.6646549
0.6492077
0.678566
0.6700215
0.678305
0.6764436
0.6603818
0.6842313
0.6679678
0.8137505
0.8009452
0.6819441
0.6826726
0.8143232
0.8029697
0.6860941
0.6483044
0.660037
0.8078264
0.6679463
0.6797277
0.6617765
0.6685286
0.6957065
0.6945401
0.8166619
0.6864026
0.6724453
0.8047177
0.6950532
0.6665336
0.6942819
0.8077898
0.65672
0.6940579
0.6835882
0.6601566
0.687206
0.8098903
0.7023411
0.6954036
0.688064
0.8072548
0.7726905
0.8180198
0.7138236
0.8163077
0.6947904
0.8096524
0.810206
0.8063111
0.6867271
0.7044201
0.66664
0.7047073
0.6697006
0.6422917
0.6646082
0.6932352
0.6651693
0.6963449
0.7945601
0.7843315
0.7945897
0.7953695
0.7834501
0.6984115
0.6696203
0.674284
0.6643673
0.6255228
0.6236973
0.6441516
0.619276
0.6565578
0.6459637
0.6492208
0.6441761
0.6570344
0.6296502
0.6573816
0.623851
0.6467332
0.6235575
0.637737
0.6307595
0.6380094
0.6341138
0.6420237
0.6510741
0.65806
0.6699074
0.6285034
0.6463881
0.6688605
0.6485133
0.6711584
0.6682681
0.6521807
0.6445783
0.6659461
0.6503349
0.6774885
0.6699662
0.6786455
0.6739464
0.6599225
0.8123687
0.8012648
0.8140823
0.7795759
0.7962026
0.8083164
0.7940122
0.7809229
0.8039927
0.7997809
0.8032524
0.8004645
0.8130645
0.8089928
0.7931237
0.7982181
0.8115398
0.8135092
0.8160953
0.8139552
0.803923
0.7840448
0.8181426
0.8055556
0.8085168
0.7860347
0.8003642
0.8033561
0.8087661
0.8074009
0.8143575
0.7974887
0.8063838
0.8107267
0.8214723
0.7900353
0.8196827
0.8026653
0.8266011
0.8098137
0.8124458
0.7974518
0.8001749
0.8021212
0.8127663
0.814644
0.8063273
0.8195736
0.8052061
0.8050113
0.8060928
0.8169338
0.8090573
0.8137205
0.6666667
0.6657114
0.6838399
0.5833953
0.6565508
0.8145552
0.7952331
0.7982646
0.7992459
0.7939649
0.7889318
0.7967118
0.790564
0.7993486
0.8004776
0.7882496
0.7951165
0.810087
0.79468
0.7998037
0.787362
0.7956543
0.7883414
0.7852521
0.7875027
0.792664
0.7963093
0.8018207
0.7986653
0.7966186
0.7992857
0.7951364
0.796411
0.8018986
0.7991826
0.8111073
0.8052424
0.7983453
0.7950236
0.7992112
0.7964944
0.8125697
0.803986
0.7938335
0.8107675
0.8065351
0.8124005
0.8020901
0.814027
0.78
0.796867
0.8081795
0.7943262
0.7808956
0.8043794
0.7996497
0.8029442
0.8008554
0.8138662
0.8095445
0.7935276
0.7987018
0.8123425
0.8137107
0.8165501
0.8146682
0.8045702
0.7848204
0.8184233
0.8055938
0.8091532
0.7867274
0.800931
0.8037437
0.8092314
0.8078714
0.8149821
0.7977979
0.8065942
0.8116193
0.8219198
0.7908002
0.819792
0.8027067
0.8275372
0.8107091
0.8124774
0.7984592
0.8012657
0.8029446
0.8131401
0.8146735
0.8071449
0.82002
0.8057653
0.8057455
0.8067373
0.8174706
0.8089195
0.8142631
0.6667436
0.6674395
0.6841019
0.5871748
0.6566377
0.8145848
0.7957855
0.7983922
0.7998745
0.7943506
0.7885522
0.7970963
0.7904438
0.8011725
0.8001825
0.78839
0.7955851
0.8105329
0.7948971
0.800098
0.7877589
0.7957004
0.7883947
0.7850494
0.7872989
0.7925431
0.7965234
0.80228
0.7985399
0.7967503
0.7992443
0.7950982
0.7970485
0.8020223
0.7990565
0.811551
0.8051957
0.7986413
0.7950704
0.7994231
0.797132
0.8124347
0.8048593
0.7940529
0.8099715
0.8064877
0.6752344
0.6728137
0.8080289
0.7920966
0.6727861
0.6639577
0.8065381
0.8075896
0.6800545
0.6426682
0.6619075
0.8067336
0.6777286
0.6678282
0.6543715
0.6727463
0.6946734
0.686287
0.8133053
0.6793029
0.6540695
0.8096201
0.6864908
0.6522273
0.6661816
0.8050074
0.6564643
0.6935164
0.6828839
0.6494428
0.6642389
0.809603
0.7005927
0.682737
0.6918395
0.8038873
0.7538485
0.806282
0.709953
0.8128617
0.7007675
0.8042738
0.8100094
0.79787
0.6937997
0.6913462
0.6710686
0.6889808
0.6553672
0.637074
0.6590129
0.6950658
0.6552968
0.6767474
0.7976662
0.7878767
0.7995669
0.7917372
0.7843289
0.6702628
0.6632423
0.6725445
0.6706374
0.6307398
0.6247461
0.6433973
0.6193679
0.6587528
0.6642147
0.6497247
0.65859
0.6754223
0.6157775
0.6256526
0.6458729
0.6494398
0.6378883
0.6220339
0.5998197
0.6387896
0.6427327
0.6511004
0.6590035
0.6431388
0.6618508
0.6153471
0.6496287
0.6540604
0.643409
0.6710148
0.6463775
0.6554675
0.6491935
0.6757849
0.6463598
0.6642616
0.6669006
0.6769591
0.6722944
0.6721452
0.7146784
0.6913963
0.8219502
0.8137325
0.709685
0.6927855
0.8221936
0.8148786
0.7057388
0.6794717
0.6795936
0.8135252
0.6902117
0.6905712
0.6853645
0.6884434
0.7080453
0.7059797
0.8204223
0.694546
0.6803213
0.8180121
0.7041542
0.6821426
0.6979134
0.8225549
0.6708984
0.7006797
0.6980355
0.676013
0.7040415
0.8194484
0.7069848
0.7128503
0.7075277
0.8206584
0.7836175
0.8199306
0.7279833
0.8143405
0.7287176
0.8221381
0.8184106
0.8072769
0.713199
0.7075591
0.6847346
0.7114798
0.6834203
0.6758331
0.676974
0.7110797
0.6878205
0.7032915
0.801996
0.7977764
0.8087337
0.8059722
0.7923803
0.7128254
0.6850659
0.6941947
0.6864141
0.6576929
0.6649818
0.6556872
0.639613
0.7053244
0.6872545
0.6571043
0.6628696
0.6706899
0.6548051
0.6928785
0.6641412
0.6611577
0.6412159
0.6523595
0.6575655
0.668715
0.6528444
0.6755604
0.6750252
0.6749311
0.6822487
0.6657777
0.6756925
0.6838264
0.6641533
0.6877543
0.6959001
0.6639588
0.6663801
0.6833798
0.6736883
0.7121006
0.6850782
0.7014102
0.7056813
0.687206
0.714499
0.6911999
0.8219325
0.8136252
0.709807
0.6925896
0.822176
0.8147722
0.7055534
0.6795843
0.6794934
0.813674
0.6900136
0.6904781
0.6854787
0.6882442
0.70776
0.7056922
0.8207438
0.6943516
0.6801157
0.8179074
0.7041719
0.6816212
0.6977222
0.8225373
0.6705778
0.7007986
0.6980504
0.6756954
0.7038552
0.8193446
0.7068001
0.7126699
0.7072397
0.8206401
0.7838499
0.8199117
0.7276177
0.8144904
0.7288451
0.8221205
0.8183911
0.8074246
0.7129179
0.7073747
0.6845319
0.7115008
0.6832168
0.6756232
0.6767652
0.7109995
0.6876203
0.7032064
0.8018861
0.7979155
0.8086274
0.8057805
0.7923486
0.7126446
0.6848727
0.6938091
0.6862219
0.6574785
0.6650865
0.6554695
0.6393823
0.7051439
0.6873652
0.6568861
0.6628678
0.6705882
0.6545871
0.6927904
0.6639312
0.66126
0.6413122
0.6524593
0.6573498
0.6685087
0.6526258
0.6754617
0.6748233
0.6750394
0.6820529
0.6657773
0.675491
0.6836319
0.6639422
0.6875624
0.6957125
0.6640619
0.6663799
0.6830817
0.6736916
0.7117308
0.685188
0.7014262
0.7055024
0.6876205
0.7048584
0.689883
0.8191016
0.808443
0.6844598
0.6871901
0.8236515
0.8225139
0.6912607
0.6867142
0.6717217
0.8109004
0.6853248
0.6975803
0.6650146
0.691419
0.7057527
0.7007039
0.8207031
0.69801
0.6695814
0.812067
0.7038938
0.6818765
0.6926922
0.8218103
0.6858262
0.7133354
0.6876896
0.6719766
0.6990766
0.8200675
0.7182329
0.6974583
0.7115552
0.8203451
0.7783981
0.8236142
0.727927
0.818385
0.7147112
0.8257711
0.8276256
0.8131535
0.7060401
0.7017794
0.6778854
0.708696
0.6799742
0.6740627
0.6747797
0.7151572
0.6726639
0.7030313
0.7993611
0.7946022
0.7989222
0.8058327
0.7924093
0.7183121
0.6736256
0.6808773
0.6844485
0.6466272
0.6501118
0.6685701
0.6335528
0.6736149
0.6698916
0.6538431
0.6647971
0.6771269
0.6426524
0.6611829
0.6603227
0.6664326
0.6364874
0.659618
0.6403984
0.6573849
0.6554378
0.6680705
0.6754869
0.6698531
0.6950587
0.6658301
0.6760509
0.6812409
0.6561858
0.6916188
0.6706465
0.6685866
0.6677858
0.6919293
0.6772343
0.6836403
0.6803494
0.6791894
0.6839382
0.6747879
0.7048584
0.689883
0.8191016
0.808443
0.6844598
0.6871901
0.8236515
0.8225139
0.6912607
0.6867142
0.6717217
0.8109004
0.6853248
0.6975803
0.6650146
0.691419
0.7057527
0.7007039
0.8207031
0.69801
0.6695814
0.812067
0.7038938
0.6818765
0.6926922
0.8218103
0.6858262
0.7133354
0.6876896
0.6719766
0.6990766
0.8200675
0.7182329
0.6974583
0.7115552
0.8203451
0.7783981
0.8236142
0.727927
0.818385
0.7147112
0.8257711
0.8276256
0.8131535
0.7060401
0.7017794
0.6778854
0.708696
0.6799742
0.6740627
0.6747797
0.7151572
0.6726639
0.7030313
0.7993611
0.7946022
0.7989222
0.8058327
0.7924093
0.7183121
0.6736256
0.6808773
0.6844485
0.6466272
0.6501118
0.6685701
0.6335528
0.6736149
0.6698916
0.6538431
0.6647971
0.6771269
0.6426524
0.6611829
0.6603227
0.6664326
0.6364874
0.659618
0.6403984
0.6573849
0.6554378
0.6680705
0.6754869
0.6698531
0.6950587
0.6658301
0.6760509
0.6812409
0.6561858
0.6916188
0.6706465
0.6685866
0.6677858
0.6919293
0.6772343
0.6836403
0.6803494
0.6791894
0.6839382
0.6747879
0.7136799
0.7079542
0.8054689
0.8036841
0.7098018
0.7140956
0.8133699
0.8067615
0.7144531
0.7015587
0.6945683
0.8083171
0.7054368
0.7161835
0.6891741
0.715034
0.7198195
0.7142969
0.7973132
0.7116651
0.7027453
0.8062038
0.7237118
0.686287
0.7110694
0.8118681
0.7073937
0.7206065
0.7053361
0.6833078
0.7071087
0.816488
0.7237711
0.7168882
0.7233127
0.8062664
0.7772318
0.8176356
0.7332717
0.8128981
0.7278295
0.812482
0.8085785
0.8072996
0.7284553
0.7219543
0.6911776
0.7349351
0.6887184
0.6907958
0.6977132
0.7221143
0.6844851
0.711543
0.799778
0.7923217
0.7982505
0.8005602
0.7931733
0.7363671
0.6885171
0.6942224
0.7044803
0.6725951
0.6721607
0.6965871
0.6642347
0.7019695
0.684454
0.6871847
0.7087254
0.698484
0.6733789
0.6876918
0.6831051
0.6881135
0.6637661
0.6759525
0.6761513
0.6807609
0.6823285
0.6902207
0.7021503
0.6892018
0.7030445
0.6830665
0.6891498
0.6937905
0.6880925
0.7021244
0.7000307
0.6986468
0.6788146
0.6988081
0.6998858
0.7228391
0.7041645
0.6751562
0.7143826
0.6999618
0.6842105
0.6760473
0.8045309
0.8019615
0.689578
0.6788127
0.8090929
0.8098739
0.6922649
0.6714714
0.6681297
0.8010608
0.6742381
0.6869204
0.6727493
0.6766269
0.6881678
0.6906223
0.8153345
0.6827293
0.668152
0.8128469
0.6996436
0.6689331
0.6819926
0.8206154
0.6750987
0.7004819
0.6929741
0.6493431
0.6842987
0.8125767
0.6976615
0.7015433
0.7052757
0.8143012
0.758751
0.8169698
0.699304
0.8077371
0.712346
0.8095857
0.8097169
0.7964181
0.7089494
0.6944113
0.6651462
0.6984516
0.6642514
0.6538746
0.6608951
0.6931457
0.6769218
0.6827216
0.802617
0.7908906
0.7964105
0.8025874
0.7900595
0.7083596
0.6827602
0.6843882
0.6843154
0.6277787
0.632851
0.6430791
0.6303508
0.6667979
0.6600409
0.6587339
0.6467524
0.6853448
0.6333921
0.6579009
0.6385552
0.6611868
0.6319846
0.6331731
0.6254932
0.6419224
0.6490536
0.6689779
0.6738117
0.6475028
0.6830769
0.6323529
0.6630656
0.6633131
0.653079
0.66939
0.674262
0.6639863
0.6560113
0.6814591
0.6647896
0.6933118
0.6847901
0.6638556
0.6871487
0.6633182
0.6836498
0.6762538
0.8044721
0.8013907
0.6919224
0.6827046
0.8077284
0.8082566
0.6873161
0.6698715
0.6686908
0.7993619
0.6739183
0.6893837
0.6756323
0.6790578
0.6846718
0.6861855
0.8173707
0.6844877
0.6665589
0.812163
0.6986334
0.670989
0.6829113
0.8194747
0.6707209
0.697008
0.6909408
0.6466463
0.6824841
0.8113792
0.6964498
0.6938274
0.7051708
0.8143803
0.7595995
0.8149005
0.6976799
0.8061099
0.7118153
0.8087388
0.8077479
0.7955092
0.7090353
0.6941363
0.66366
0.6964201
0.6654778
0.6538367
0.66007
0.6904875
0.6741392
0.6794235
0.8038878
0.7909632
0.7969689
0.8025371
0.7906409
0.7062111
0.6813204
0.6825421
0.6828746
0.6259676
0.6328849
0.6428628
0.6283029
0.6665097
0.663125
0.6587873
0.6478032
0.6817692
0.6333147
0.6572211
0.6435174
0.6578803
0.6320211
0.631019
0.6243373
0.6419255
0.6483957
0.6663036
0.6754542
0.6478118
0.6798094
0.6331546
0.6613281
0.6616857
0.6502767
0.6712615
0.6750897
0.666097
0.6571272
0.6783752
0.6648219
0.6955459
0.6815174
0.6621048
0.6909244
0.6641914
0.7001262
0.6961378
0.8121551
0.8111573
0.6956934
0.6951547
0.8172273
0.812558
0.6981132
0.6863915
0.6850538
0.8053937
0.6898111
0.6965708
0.6817494
0.6922043
0.6946962
0.6896879
0.8206009
0.6921556
0.6722561
0.8159286
0.7081216
0.68022
0.6978733
0.8262745
0.6853014
0.7049898
0.6973798
0.6607259
0.7029455
0.8188757
0.7064758
0.7111978
0.7221963
0.8216756
0.7685889
0.8221426
0.7117958
0.8143093
0.731977
0.8149893
0.8153901
0.7993481
0.7291811
0.6967523
0.6748594
0.7083333
0.6803292
0.6653448
0.6749619
0.7123512
0.6885832
0.698726
0.8112963
0.795687
0.7993885
0.799596
0.7970954
0.7114723
0.6897049
0.6908139
0.6968554
0.643177
0.6487538
0.6580534
0.650386
0.6767857
0.6766633
0.675642
0.6634913
0.6974312
0.6496775
0.6653998
0.6608087
0.6733467
0.6480095
0.6497837
0.6412528
0.6625795
0.6678
0.6793395
0.6851809
0.6691263
0.7000151
0.6556
0.6720235
0.6779336
0.6753036
0.6845766
0.6891538
0.6777982
0.6734615
0.6887818
0.6795266
0.7040708
0.6920326
0.6795388
0.7027517
0.6786403
0.6984745
0.6948736
0.8127163
0.8093107
0.6951472
0.6972964
0.8146654
0.8130344
0.7003633
0.6868299
0.6846413
0.806349
0.689746
0.6941663
0.6836375
0.6909047
0.6948696
0.6906658
0.8213798
0.6924179
0.6736834
0.814295
0.709391
0.6813627
0.6989901
0.8249656
0.6862573
0.7052251
0.6962276
0.6637522
0.700512
0.8171819
0.7083464
0.7095455
0.719429
0.8208516
0.7660406
0.8204665
0.7084315
0.8135986
0.7314886
0.8138615
0.8155431
0.8015861
0.7287716
0.7011621
0.6752323
0.7088915
0.6780767
0.6635948
0.675656
0.709295
0.6908147
0.7028242
0.8118261
0.7974002
0.8006983
0.8000701
0.7978028
0.7144763
0.6873375
0.690558
0.6988107
0.649225
0.6496129
0.6567305
0.652315
0.6786021
0.6791825
0.675282
0.6623255
0.6972169
0.6503203
0.670269
0.6617153
0.6769778
0.6529161
0.6531965
0.6474455
0.6627635
0.6649007
0.6799259
0.6854944
0.6667194
0.6946646
0.6555319
0.6759668
0.6805449
0.6705974
0.6929248
0.6907081
0.6785797
0.6774069
0.6909301
0.6807261
0.7071467
0.6918836
0.6782792
0.7056234
0.6765574
0.8036263
0.8066575
0.8050694
0.6280386
0.8006002
0.8060809
0.6927237
0.6776184
0.8098031
0.7975798
0.7984297
0.7918529
0.7960923
0.8071081
0.7977898
0.8093684
0.8054345
0.8072482
0.8144151
0.8079576
0.798508
0.6401124
0.8190325
0.7967343
0.80395
0.6731635
0.7994887
0.8149243
0.7973655
0.7931442
0.8030215
0.6526764
0.8135569
0.8056385
0.8149252
0.653562
0.8130652
0.6674289
0.8144702
0.8062801
0.8271693
0.7027942
0.701857
0.7897911
0.8106423
0.8098622
0.7928798
0.8149428
0.7946776
0.7901855
0.7937127
0.8094237
0.8062117
0.8071169
0.7667499
0.7660781
0.7722198
0.7610773
0.7582315
0.8168149
0.7902088
0.7936083
0.7943512
0.7772708
0.775661
0.7927781
0.7800488
0.7971282
0.7917198
0.7890927
0.7896596
0.8035189
0.7860856
0.7942131
0.7887952
0.7942006
0.7837297
0.7835736
0.7825435
0.7768566
0.7842483
0.7874441
0.7910881
0.784182
0.7951408
0.7885177
0.790518
0.7881704
0.7746956
0.8034727
0.7995743
0.7905233
0.7964583
0.7928196
0.7856075
0.7938152
0.7980139
0.7952784
0.7982085
0.7935214
0.8034631
0.8063207
0.8053399
0.6266134
0.8003512
0.8056565
0.6935599
0.6753028
0.8095514
0.7979487
0.7970344
0.7913432
0.7965517
0.8063367
0.7976304
0.808944
0.8052712
0.807603
0.8133874
0.8074467
0.797821
0.6384755
0.818437
0.7965754
0.803701
0.6728597
0.8000292
0.813987
0.7969424
0.7928972
0.8035546
0.6517213
0.8129606
0.8048656
0.8143251
0.6519419
0.813155
0.6659314
0.8141312
0.8058549
0.8262394
0.7034038
0.702675
0.7907028
0.8097862
0.8088331
0.7920996
0.8148601
0.7943424
0.7894037
0.7936438
0.8102063
0.8056122
0.8067794
0.7667902
0.7647904
0.7727825
0.7618393
0.7583681
0.816645
0.790401
0.7937122
0.7940309
0.7766928
0.7752516
0.7933111
0.779204
0.7962897
0.7917405
0.7883348
0.7892544
0.8025237
0.7853329
0.7932957
0.7883894
0.7942192
0.7834963
0.7829065
0.7819635
0.7769764
0.7838433
0.7867793
0.7923915
0.783243
0.7936307
0.7875917
0.789854
0.7874222
0.7756115
0.8026463
0.7996739
0.7902884
0.795796
0.7921544
0.7851146
0.7934066
0.7972678
0.7935819
0.7976308
0.7927711
0.8093645
0.8035312
0.807748
0.6302326
0.8025268
0.8078961
0.6961243
0.6642401
0.8023442
0.8022339
0.7931212
0.8009882
0.7995316
0.8049331
0.7918718
0.8016336
0.7997666
0.8005401
0.8134599
0.8051778
0.7936601
0.6401321
0.8057899
0.7964725
0.8080121
0.6706567
0.8015011
0.8099407
0.8041882
0.7934165
0.8075199
0.65412
0.8114873
0.803893
0.8068572
0.6608206
0.8101312
0.6723044
0.8145452
0.8061016
0.822605
0.7051111
0.7017294
0.796169
0.8120116
0.8065688
0.7911934
0.8168043
0.7979487
0.7846279
0.7923847
0.8158501
0.7991206
0.8040742
0.7685297
0.756829
0.7716248
0.7628955
0.759331
0.8167172
0.7886787
0.7961533
0.7933385
0.7754549
0.7792133
0.7917554
0.7846791
0.7926708
0.7899255
0.7894473
0.7864978
0.7991423
0.7854905
0.7908062
0.7860538
0.7917344
0.7816544
0.7782711
0.7854144
0.7803575
0.7815789
0.7855569
0.7953584
0.7820837
0.8002102
0.7880083
0.7878637
0.7933826
0.7858162
0.7962272
0.8022071
0.7902736
0.7898915
0.7977687
0.7832811
0.7948446
0.7946221
0.7884808
0.7948972
0.7954883
0.8088246
0.8021227
0.8073833
0.6297742
0.8025106
0.8079629
0.6968018
0.6647544
0.8015434
0.8017808
0.7925779
0.8005375
0.7990781
0.8043067
0.7924833
0.8012685
0.7998396
0.8006126
0.8131789
0.8037689
0.7940918
0.6386617
0.8052505
0.7948737
0.8074754
0.6682262
0.8007869
0.8091448
0.8033013
0.7926046
0.8062066
0.6522273
0.8105195
0.8037887
0.8067509
0.6604697
0.809334
0.6697875
0.8139233
0.8053877
0.821731
0.7055686
0.701681
0.795981
0.8110436
0.8057695
0.7901143
0.814908
0.7965257
0.7834508
0.7915746
0.8140323
0.797962
0.8030127
0.768886
0.7581879
0.7718922
0.7629052
0.7596099
0.8157514
0.7889281
0.7956348
0.7926504
0.7750196
0.7778901
0.7906317
0.7838938
0.7926612
0.7895745
0.7896996
0.7858912
0.7992132
0.7848804
0.7910543
0.7851011
0.7904446
0.780083
0.7765195
0.7839396
0.7792263
0.7797551
0.784343
0.7962806
0.7807595
0.8001121
0.7875703
0.7876853
0.792013
0.7845978
0.7959614
0.8010897
0.789496
0.7891118
0.7972467
0.7824971
0.7945778
0.7934199
0.7872614
0.7948863
0.7941135
0.7094937
0.7008554
0.8104874
0.8055838
0.6925232
0.6881013
0.8173355
0.8106428
0.7040728
0.6838206
0.6903883
0.8059853
0.6913897
0.7032575
0.6771953
0.6882513
0.7108699
0.7086061
0.8082542
0.707267
0.6913856
0.8075022
0.7113703
0.6921357
0.7054557
0.8184944
0.695621
0.7105532
0.7004601
0.6820978
0.6993904
0.8124094
0.7171971
0.7081654
0.7162824
0.8132801
0.7756401
0.8155269
0.7271385
0.8181621
0.7354534
0.8133622
0.8129893
0.8093786
0.7164273
0.7174663
0.6894919
0.7127843
0.6864904
0.6817998
0.6851554
0.7055661
0.6846644
0.7018156
0.7992474
0.7905582
0.8008273
0.7941759
0.7830542
0.7148484
0.6808117
0.6970182
0.6905473
0.6558176
0.6449538
0.6808957
0.6525505
0.6723853
0.6655148
0.6706913
0.6698848
0.6970138
0.6685208
0.6776898
0.6749825
0.6819061
0.6520842
0.642355
0.6529109
0.6735344
0.6753337
0.6823038
0.6745871
0.6734387
0.6925494
0.6536446
0.6701837
0.6904908
0.6821609
0.6908951
0.6884379
0.6740804
0.6749513
0.692112
0.6898013
0.7136571
0.6926623
0.6548264
0.7019943
0.6806873
0.7088477
0.7014406
0.8098382
0.8049313
0.6908158
0.6891221
0.817375
0.8112853
0.703733
0.6852731
0.6947554
0.8038559
0.6904151
0.7054822
0.676846
0.6914715
0.7118498
0.7083695
0.8061165
0.7087639
0.6923998
0.8071974
0.71154
0.6939817
0.7047086
0.8168034
0.6967311
0.7125462
0.7034106
0.6843041
0.7003876
0.8119336
0.7183683
0.7101712
0.7185751
0.8124592
0.7763315
0.8166873
0.7284861
0.8176028
0.7372731
0.8140022
0.8127718
0.8090744
0.7193079
0.7201408
0.6907225
0.7132555
0.6860381
0.6815575
0.6865
0.7064539
0.6875955
0.7018865
0.7997911
0.7911142
0.8010372
0.7944751
0.7831002
0.7179447
0.6791535
0.6961929
0.6870012
0.6558988
0.6478659
0.6803546
0.6527403
0.67434
0.6632846
0.6708741
0.6690294
0.6994728
0.6680771
0.6787902
0.6742342
0.681776
0.6550495
0.6434158
0.655017
0.6737137
0.6748952
0.6841088
0.6762097
0.6711006
0.6925199
0.6544748
0.6664055
0.6913646
0.6826445
0.690564
0.6858545
0.6726084
0.6730634
0.6924855
0.6888632
0.7125503
0.6936363
0.6575811
0.7013682
0.6812743
0.7048078
0.6781701
0.8165289
0.8100563
0.6902005
0.6919586
0.8182993
0.8175115
0.6753079
0.6742608
0.670614
0.8094208
0.6838094
0.6899522
0.6799936
0.6809791
0.7024363
0.6961212
0.8203356
0.6819859
0.6706282
0.8173332
0.6941551
0.675791
0.7023219
0.8208391
0.6758432
0.6954246
0.704191
0.6509076
0.6854479
0.8171556
0.7028968
0.7010211
0.7032094
0.8209105
0.7789427
0.823754
0.7183483
0.818614
0.7203681
0.8140906
0.8146626
0.8146682
0.7071097
0.7155368
0.67282
0.7105634
0.6722492
0.647656
0.6664498
0.7084381
0.6906607
0.6921486
0.8004299
0.7943382
0.8076656
0.800042
0.7857845
0.7156409
0.6675206
0.6776904
0.66519
0.627788
0.6513871
0.6522118
0.6293673
0.6805079
0.650182
0.6512481
0.6571406
0.6769922
0.641993
0.6809873
0.643095
0.6546599
0.6427775
0.6320853
0.6509166
0.6707024
0.6525637
0.6720802
0.6677067
0.6722358
0.6820596
0.6401182
0.6494307
0.6677805
0.6545728
0.681289
0.6910651
0.668663
0.6455656
0.6920891
0.6654162
0.681871
0.6719017
0.6802864
0.7019333
0.682342
0.7049478
0.678325
0.816523
0.8101384
0.6903488
0.6921057
0.8183776
0.8175898
0.6754647
0.6744186
0.6706665
0.8095032
0.6839615
0.6901004
0.6801476
0.6811327
0.702577
0.6962658
0.8203282
0.6821388
0.6707879
0.8174119
0.6943009
0.6759475
0.7024624
0.8209172
0.6759997
0.6955695
0.7043307
0.6510803
0.6855982
0.8171494
0.7030375
0.7011631
0.7033508
0.8209877
0.7790412
0.8238301
0.7183801
0.8186073
0.7203991
0.8141707
0.8147428
0.8146629
0.707248
0.7154694
0.6729789
0.7106992
0.6724082
0.6478304
0.6666125
0.7085755
0.6908089
0.6922955
0.8004298
0.7944246
0.8077457
0.8001261
0.7858748
0.715674
0.6676754
0.6778394
0.6653461
0.6279664
0.6515538
0.6523768
0.6295462
0.6806572
0.650348
0.6514149
0.6573016
0.6771422
0.6421639
0.6811348
0.6432647
0.6548227
0.6429481
0.6322622
0.651082
0.6708556
0.6527276
0.672233
0.6678622
0.6723907
0.6822063
0.6401821
0.649597
0.6679354
0.6547365
0.6814364
0.6911072
0.6688175
0.6457342
0.6922309
0.665573
0.6820187
0.6719515
0.6804356
0.7020694
0.6824894
0.6844323
0.6747227
0.8048671
0.7948448
0.6764633
0.6575607
0.8147599
0.7995066
0.6661107
0.6618572
0.6592611
0.8030879
0.6596907
0.6633746
0.6580472
0.6698027
0.6917164
0.6865034
0.805491
0.6813867
0.6595388
0.8016912
0.6722948
0.6537004
0.6663616
0.8098331
0.6542119
0.6953259
0.6753645
0.6433632
0.6636947
0.800405
0.6977256
0.675633
0.6915718
0.8032689
0.7683999
0.809138
0.7116732
0.8090542
0.7138596
0.8116479
0.8121424
0.8063073
0.686281
0.6884855
0.6648232
0.6898103
0.6538689
0.6435871
0.6516113
0.6860972
0.6489993
0.6797456
0.8043308
0.7948478
0.8088655
0.8077391
0.7952756
0.6909988
0.6732052
0.688943
0.6870091
0.6283251
0.6222166
0.6482342
0.6337924
0.6554341
0.6508736
0.6346361
0.6643463
0.6658642
0.6264064
0.6592282
0.647011
0.662274
0.6337727
0.630372
0.6280241
0.6463662
0.6478553
0.6610579
0.6655427
0.6423128
0.671926
0.6483068
0.6619446
0.6673323
0.6468137
0.6749184
0.6486509
0.6479182
0.658702
0.6731524
0.6714103
0.6853719
0.6753785
0.6631826
0.6820203
0.6856418
0.691295
0.6816384
0.8169379
0.7940689
0.6887041
0.6723248
0.807655
0.8060723
0.6788194
0.6706981
0.667922
0.8059879
0.6749834
0.6807508
0.6646877
0.6872276
0.696248
0.6925723
0.8092066
0.6877158
0.6680567
0.7955127
0.6871913
0.6568858
0.6731295
0.8031927
0.6702455
0.7001546
0.6783587
0.6588394
0.6792515
0.8015302
0.7065402
0.6904684
0.7023332
0.8042142
0.7695572
0.8028084
0.7178397
0.8131893
0.7143433
0.8078125
0.8098964
0.813177
0.6966329
0.6983764
0.6730849
0.7015494
0.6722759
0.6591388
0.6623835
0.6942014
0.6484375
0.6943581
0.8027608
0.7992968
0.8089158
0.8056512
0.7992716
0.6980113
0.6936923
0.7048684
0.6975983
0.6427061
0.6289812
0.6657804
0.6335645
0.67065
0.6676842
0.6416295
0.6816852
0.6803051
0.6424714
0.6688015
0.6558714
0.672228
0.6363562
0.6433595
0.642933
0.6550109
0.6559374
0.6646307
0.6735623
0.6581169
0.6886911
0.6535958
0.6741438
0.6792901
0.6633279
0.6836565
0.6590094
0.6569838
0.6759451
0.6828958
0.6877174
0.6967
0.6851647
0.6761966
0.6847783
0.6881831
0.6896183
0.6782178
0.8110154
0.7936997
0.6822538
0.670964
0.8104653
0.8068469
0.6805178
0.6661095
0.6674469
0.8103001
0.6660814
0.6741349
0.6611972
0.6757518
0.6920248
0.6850892
0.8116655
0.6850679
0.6515177
0.7986653
0.6876746
0.6590109
0.6759412
0.8057113
0.6617598
0.6947798
0.6912883
0.6513147
0.6768102
0.8019617
0.7026786
0.6828423
0.7079603
0.8010511
0.7717625
0.8047716
0.711444
0.8145671
0.7163195
0.8091138
0.8093359
0.8052655
0.6913307
0.6919109
0.669171
0.6994726
0.652284
0.6547066
0.6519608
0.7025075
0.6600252
0.6879718
0.802913
0.7976464
0.814631
0.8028857
0.7992584
0.703345
0.6791782
0.6945682
0.6868964
0.6291315
0.6191195
0.6571105
0.6305354
0.6658844
0.6564472
0.6357835
0.669137
0.6783728
0.6305029
0.6674936
0.6627618
0.6729344
0.6391668
0.6386954
0.6393845
0.653371
0.6490688
0.6593345
0.680054
0.6404112
0.6822098
0.6565337
0.6649542
0.6719968
0.6541866
0.6826703
0.6561506
0.6594547
0.6643098
0.6803311
0.677327
0.6866133
0.6712471
0.6645902
0.6838935
0.69051
0.6908867
0.6767885
0.806994
0.789676
0.6784207
0.6644122
0.810867
0.8036153
0.6767985
0.6677785
0.6636516
0.8074354
0.6602634
0.6725869
0.6571596
0.6702402
0.6899681
0.6832319
0.8106496
0.6819081
0.6559483
0.7970145
0.6849552
0.6532672
0.6734154
0.8030487
0.6606456
0.6862954
0.6897652
0.6470888
0.6723155
0.7972516
0.6968315
0.6821744
0.7027512
0.7976835
0.7725144
0.8033873
0.7033679
0.8132015
0.7097399
0.8112789
0.8077009
0.8038938
0.6889454
0.6883458
0.6680578
0.6953163
0.6526396
0.6498222
0.644997
0.6990978
0.6583417
0.682985
0.8004125
0.7961527
0.8091918
0.8035407
0.7951101
0.694499
0.6740371
0.6922957
0.6864653
0.6331999
0.6187044
0.6534155
0.6263764
0.6635083
0.6547176
0.6326446
0.6702991
0.6778369
0.630313
0.6667467
0.6593265
0.667945
0.6365129
0.6346991
0.6401896
0.6492435
0.6491952
0.6579371
0.6763677
0.6386332
0.6825071
0.6530529
0.6592575
0.6725193
0.6538711
0.6817175
0.6528696
0.6544883
0.6673074
0.6774785
0.6734157
0.6869063
0.6741
0.6622136
0.6854386
0.6856148
0.6864811
0.6920192
0.8049907
0.7950814
0.6939993
0.6710952
0.8104638
0.8
0.67911
0.6725627
0.6600923
0.8052604
0.6771523
0.6828807
0.6682464
0.6795876
0.6994403
0.6976007
0.8105106
0.6926909
0.672248
0.8009266
0.6833484
0.6563522
0.6772626
0.8053559
0.6685776
0.7012156
0.6859111
0.6534201
0.6794313
0.7987407
0.7042254
0.6797985
0.7014864
0.800075
0.7645196
0.8083608
0.7208653
0.8133264
0.7114067
0.8111407
0.8126019
0.8051832
0.6934575
0.7057587
0.6749378
0.6976556
0.6688317
0.6555471
0.6700799
0.6907039
0.6624214
0.6878584
0.8065634
0.8011859
0.8122695
0.8103989
0.7991027
0.7051043
0.6857188
0.6930229
0.6943643
0.6329114
0.6296635
0.6694175
0.6315225
0.6615871
0.6681079
0.6540126
0.6748534
0.6889903
0.6404347
0.6734548
0.6627944
0.6753752
0.6466612
0.6461876
0.6469728
0.6704609
0.664562
0.6780898
0.679537
0.6625132
0.6897607
0.6647896
0.6695687
0.6853818
0.6655946
0.6845426
0.6573961
0.6567957
0.6779163
0.6896062
0.681631
0.6929196
0.6757036
0.6780745
0.6904237
0.6915321
0.7073984
0.6990481
0.8165803
0.8022586
0.7087355
0.6852691
0.8152488
0.8144452
0.6958935
0.6931911
0.6930091
0.8175177
0.6917769
0.7004563
0.6892757
0.6963804
0.713089
0.7084817
0.8169915
0.7037458
0.6840066
0.801903
0.6985876
0.6854367
0.6927726
0.8137344
0.6896948
0.7098546
0.6984269
0.6694333
0.6979675
0.8069769
0.7164695
0.7001224
0.7140654
0.8061714
0.7861113
0.8129259
0.7283007
0.8233555
0.7206874
0.815735
0.8156255
0.8154541
0.717435
0.7188077
0.6961652
0.7194653
0.680881
0.6804115
0.6847323
0.7191814
0.6832478
0.7092835
0.8109579
0.8075004
0.8161702
0.8116925
0.802849
0.7117628
0.7035742
0.7135031
0.7119049
0.6632751
0.6574369
0.6798532
0.6526059
0.6871161
0.683893
0.664065
0.696152
0.6948593
0.6616626
0.6827548
0.6750558
0.6962045
0.6682746
0.6685402
0.6647892
0.6716668
0.6734109
0.6936448
0.6824351
0.6782946
0.7092672
0.6794125
0.6887292
0.6926879
0.67672
0.7040069
0.6810676
0.6707415
0.6921501
0.7018356
0.6927137
0.7113587
0.6898674
0.6981907
0.7061671
0.7041327
0.7033344
0.6911909
0.8136664
0.8026671
0.6957557
0.6807029
0.815852
0.8054934
0.684736
0.6851117
0.6818597
0.8071903
0.6792986
0.6885043
0.6779816
0.6883598
0.7059492
0.7011663
0.8139761
0.6993464
0.6816188
0.808037
0.6934954
0.6683102
0.6930126
0.8163111
0.6703654
0.7127282
0.6983582
0.6703048
0.6937474
0.8098865
0.7160255
0.6961122
0.7074068
0.8093563
0.7808261
0.8164609
0.725142
0.8151987
0.7279347
0.8134373
0.8140262
0.8125326
0.7001144
0.7003675
0.6820219
0.7085659
0.6815392
0.6700184
0.6766347
0.7107585
0.6744594
0.6953886
0.8093347
0.8009625
0.8148122
0.8088615
0.8014433
0.7134982
0.6884058
0.7045543
0.7000078
0.6461789
0.6436249
0.6692178
0.6546358
0.6788932
0.6754723
0.6510652
0.6819298
0.6859884
0.6427458
0.6832831
0.6695248
0.6805821
0.6504204
0.6552088
0.651604
0.6730293
0.6673348
0.6808849
0.6906662
0.6713031
0.6979934
0.6714412
0.67934
0.6886926
0.6714953
0.6906566
0.6654206
0.6721049
0.6755438
0.6952125
0.6873514
0.7008735
0.6855216
0.6802568
0.6976616
0.6946595
0.6955596
0.6920689
0.800764
0.7952224
0.6981055
0.684566
0.8018126
0.7961922
0.6940158
0.6625587
0.6640114
0.7947428
0.684267
0.6803008
0.6773953
0.6729236
0.6890619
0.6866371
0.7998342
0.6871559
0.6642714
0.8
0.6935101
0.6590356
0.678701
0.8115527
0.6776087
0.7054872
0.6945306
0.6519084
0.6828187
0.8067741
0.7107811
0.694624
0.7049461
0.803463
0.7688927
0.8115595
0.7131477
0.803617
0.699943
0.8021658
0.7978643
0.795003
0.6978793
0.6933399
0.6711975
0.700146
0.6633713
0.6597105
0.6647404
0.6953469
0.6731074
0.7003821
0.8066322
0.8021884
0.8045344
0.8086901
0.8046165
0.6920992
0.7014844
0.6996885
0.7057366
0.6462486
0.6415779
0.6496945
0.6480907
0.6767304
0.6713085
0.6504552
0.6790631
0.6859243
0.6495608
0.6682669
0.6703648
0.6734922
0.648827
0.6471403
0.6451692
0.6643967
0.6642371
0.6790565
0.6779863
0.6552629
0.6878444
0.6443535
0.6722307
0.6903697
0.6685958
0.7058458
0.6724138
0.6634577
0.6685096
0.7012539
0.6894567
0.7091646
0.6730785
0.6811606
0.6886062
0.683684
0.6961611
0.6913903
0.8006888
0.7973165
0.6976402
0.6852888
0.80012
0.7944928
0.69227
0.6651054
0.6648798
0.7933108
0.6898506
0.6812479
0.6779101
0.6728933
0.6922386
0.6901524
0.8007527
0.6904547
0.6682488
0.8001049
0.693365
0.6600218
0.6809508
0.8123682
0.677686
0.7052351
0.6943855
0.6564428
0.6833251
0.8084742
0.7100081
0.6944785
0.7062755
0.8040141
0.7683529
0.8119249
0.7164059
0.8025526
0.7000081
0.8012849
0.7967951
0.7945669
0.7006996
0.6950094
0.6773417
0.7011587
0.6685853
0.6628346
0.6697248
0.6960528
0.6727454
0.6984372
0.8048659
0.8019448
0.8051447
0.8088708
0.8042892
0.6915243
0.7012432
0.6999533
0.7062964
0.6463395
0.6424567
0.6513217
0.6490628
0.6763809
0.6695771
0.6544058
0.6789274
0.6870313
0.6495407
0.6670669
0.6713967
0.67673
0.6483669
0.6472313
0.646805
0.6655465
0.6669863
0.6790251
0.6779553
0.6574423
0.6899749
0.6459967
0.6729434
0.6927956
0.6673904
0.705201
0.6743064
0.6636466
0.6686954
0.7007053
0.6914843
0.7096247
0.6725198
0.6826018
0.6893993
0.6826052
0.7064579
0.7055817
0.8021475
0.8020091
0.7083266
0.6956807
0.8067825
0.797475
0.7008721
0.6788297
0.6778546
0.7996397
0.6941157
0.6915803
0.6893515
0.6870103
0.7026367
0.7014353
0.8024906
0.6931034
0.6781743
0.8025516
0.7051449
0.6699224
0.690927
0.8155691
0.6902022
0.7132015
0.7029711
0.6694673
0.6933769
0.8141092
0.7179446
0.7028725
0.7120978
0.8078999
0.7716602
0.8166991
0.7194632
0.8071638
0.7075134
0.8074771
0.8045632
0.8002707
0.7107076
0.7029671
0.6832808
0.7089365
0.6775374
0.672966
0.6769115
0.7015656
0.685383
0.7085631
0.8077852
0.8052255
0.8084269
0.8143601
0.8093277
0.7010233
0.7107016
0.7124284
0.7128177
0.6626506
0.6557941
0.6616158
0.6623187
0.6846616
0.6866714
0.6710164
0.6936788
0.7010818
0.6648108
0.6836508
0.6865258
0.6908388
0.6671236
0.6665324
0.6629794
0.6792018
0.6798793
0.6881431
0.6953611
0.6717899
0.6998826
0.6603911
0.6874505
0.7085049
0.6796256
0.7184241
0.6853483
0.6768152
0.6804526
0.7135624
0.7103029
0.7217533
0.683173
0.6910278
0.6992529
0.6923381
0.694524
0.6946615
0.8077609
0.7995068
0.6965393
0.6812562
0.8056943
0.8010881
0.6926654
0.6636561
0.664882
0.8008206
0.6843189
0.6807949
0.6785508
0.6694655
0.6940189
0.6923705
0.8050041
0.693526
0.666028
0.8029104
0.6867866
0.6618212
0.6793058
0.8156789
0.6828907
0.7069647
0.6930733
0.656002
0.6800592
0.8082273
0.7096436
0.691451
0.7027424
0.8053792
0.7745594
0.8157444
0.7207538
0.8041036
0.7085825
0.8022068
0.8005243
0.8001047
0.7012913
0.6887705
0.6745827
0.6940353
0.6707976
0.6611563
0.6667223
0.6874641
0.669418
0.6995614
0.8061571
0.8021421
0.8079744
0.8129532
0.8015072
0.6884815
0.6982732
0.6996112
0.7048496
0.649423
0.6389004
0.6473847
0.6453351
0.6792287
0.6701056
0.654201
0.6813091
0.6835823
0.6545866
0.6616089
0.6695902
0.6780816
0.6547368
0.65
0.6426358
0.660624
0.6621816
0.675334
0.6794099
0.6530478
0.6885066
0.6473465
0.67568
0.6914344
0.6694202
0.7038476
0.6683072
0.6686612
0.6730447
0.7022907
0.689704
0.7052443
0.67568
0.694034
0.6857459
0.6873765
0.7057199
0.713999
0.8025863
0.8011058
0.7069553
0.700813
0.809329
0.7969452
0.7094823
0.6857966
0.6885232
0.7939608
0.6994865
0.7001546
0.6934891
0.6888123
0.7080946
0.7060775
0.8015795
0.7052248
0.6879409
0.8032566
0.709229
0.6801683
0.6972626
0.8162162
0.6960313
0.7205788
0.7016149
0.6841539
0.6980933
0.8081335
0.7257653
0.7111596
0.7208928
0.8091119
0.7729123
0.8183036
0.7311871
0.8068666
0.710639
0.8069145
0.8070411
0.8005391
0.7130771
0.7080133
0.6945877
0.7154419
0.6886296
0.6797017
0.6911463
0.7102759
0.6936568
0.711777
0.8069107
0.8012733
0.8079692
0.812362
0.8076052
0.7135244
0.7099861
0.7127004
0.7116999
0.6646429
0.6621172
0.6722978
0.6736278
0.6836979
0.6902697
0.6818
0.700739
0.7053467
0.67096
0.6907776
0.6873277
0.6983668
0.6729308
0.6735069
0.6710631
0.6836872
0.6827978
0.697048
0.694379
0.6775
0.7080654
0.6684342
0.6925798
0.7098918
0.6897533
0.717388
0.6984052
0.6832043
0.68202
0.722158
0.7106855
0.7281658
0.6842022
0.6947102
0.7049602
0.7003839
0.7061518
0.6983487
0.8106137
0.8034808
0.6919949
0.6832786
0.8087863
0.8030138
0.6834906
0.6612022
0.6730069
0.8086304
0.6908656
0.6812455
0.6837135
0.680366
0.6902697
0.6951036
0.8082182
0.6893637
0.6692557
0.8148468
0.701194
0.672717
0.6809566
0.8167761
0.6784194
0.7054983
0.6967129
0.6580243
0.6828451
0.8195122
0.7130666
0.7036013
0.7033272
0.8138225
0.7744703
0.8210162
0.7214452
0.8055191
0.713558
0.808506
0.8062128
0.8048462
0.7098649
0.7042031
0.6657173
0.7023538
0.6763425
0.6524706
0.6658263
0.6979175
0.6801385
0.7074819
0.8004159
0.7913624
0.7949348
0.7982604
0.7944929
0.6977908
0.6903127
0.6940174
0.6930392
0.6402154
0.6499122
0.648179
0.63752
0.6639855
0.6652065
0.6681625
0.665422
0.6855626
0.6395377
0.6653663
0.6529504
0.6663289
0.6469048
0.6441849
0.6385811
0.6600188
0.6537585
0.6675501
0.6655471
0.6576663
0.6830937
0.6397188
0.6545669
0.6747044
0.667032
0.6864732
0.684374
0.6632836
0.6657031
0.6874711
0.6811057
0.6999084
0.6770672
0.6861348
0.6950968
0.679811
0.7119693
0.7072713
0.8149104
0.8049221
0.6981893
0.6842441
0.8100281
0.8058336
0.6890476
0.6634756
0.6761606
0.8111502
0.697382
0.6872562
0.686351
0.6878479
0.698519
0.7032846
0.80921
0.6958893
0.6777475
0.8145254
0.7054343
0.6816766
0.6832936
0.8179046
0.6862371
0.7102921
0.7032354
0.6673973
0.6868358
0.8227117
0.7164864
0.7079216
0.7095047
0.8144419
0.7774564
0.8227903
0.7304736
0.8053117
0.7199689
0.8113695
0.8095341
0.807745
0.7145197
0.7073993
0.6755734
0.7071741
0.6821054
0.660832
0.6731141
0.7047328
0.6854426
0.7112517
0.8029645
0.7931516
0.7986339
0.8023547
0.7954183
0.702178
0.6941792
0.7020731
0.6962868
0.643813
0.6524085
0.6522665
0.6420342
0.6719006
0.6688175
0.6720901
0.6669506
0.6885898
0.6392817
0.6704105
0.6599064
0.6690954
0.6507886
0.6520268
0.6444673
0.6593886
0.6530388
0.6680385
0.6675993
0.6649826
0.6860332
0.6446419
0.6573218
0.6777069
0.6656514
0.6880874
0.6894611
0.665657
0.6712669
0.6921959
0.6843721
0.700958
0.680874
0.690793
0.6992401
0.6803519
0.7209538
0.6965964
0.817752
0.8174274
0.7241888
0.7032136
0.8244814
0.8124552
0.7012445
0.7017447
0.6924853
0.8109274
0.7007034
0.7116137
0.707889
0.7035579
0.7057993
0.7051564
0.8235758
0.7131359
0.6915992
0.820663
0.705577
0.6861948
0.7048679
0.8271632
0.6959101
0.6953391
0.7
0.6767342
0.7010844
0.8219237
0.7062613
0.7078652
0.7196525
0.8216971
0.7871619
0.8286573
0.7237749
0.8176259
0.7432174
0.8207305
0.8244275
0.8194564
0.7208706
0.7191099
0.6884631
0.7263613
0.6851615
0.6831342
0.6894984
0.7159782
0.7066698
0.7092832
0.8107849
0.7955149
0.8140465
0.7965781
0.793663
0.736279
0.6853168
0.6878388
0.686861
0.657299
0.6699098
0.6598351
0.6628262
0.6869875
0.6660944
0.6748768
0.6634002
0.687797
0.6560019
0.6910091
0.663732
0.651589
0.6588928
0.6729023
0.6585385
0.6608146
0.66493
0.6819581
0.6737699
0.6819424
0.6938418
0.6810485
0.6713498
0.6678558
0.6586977
0.695586
0.6907885
0.673062
0.6685603
0.6926142
0.6769504
0.7079767
0.6917609
0.6977315
0.7168494
0.6834027
0.7142969
0.6975123
0.816303
0.8163192
0.7228897
0.7047627
0.8250948
0.809087
0.7004273
0.6989674
0.6949585
0.8042532
0.7006031
0.7089206
0.709038
0.702957
0.7070445
0.7050746
0.8257092
0.7124804
0.6915657
0.820419
0.7069265
0.6814969
0.6981251
0.8278783
0.692467
0.6989384
0.6982478
0.6764253
0.7018056
0.8204152
0.7099489
0.7033959
0.7144773
0.8247526
0.7874843
0.8298758
0.7225766
0.8152276
0.7363061
0.8214158
0.8266371
0.8134113
0.7157408
0.7226766
0.6867325
0.7232011
0.682458
0.680942
0.6890366
0.7123126
0.6983609
0.7027903
0.8056574
0.7933966
0.810657
0.8002105
0.7928092
0.7281636
0.6875766
0.6893992
0.6878157
0.6581832
0.6653758
0.6553306
0.6641515
0.6863248
0.6664839
0.6730074
0.6598043
0.6842065
0.6518917
0.686543
0.6722101
0.6567023
0.6597873
0.6757891
0.6543502
0.658349
0.6662508
0.6857473
0.6674482
0.6743911
0.6903157
0.6821002
0.6693718
0.665549
0.6554562
0.6914706
0.684231
0.6665366
0.6660405
0.6886523
0.6706699
0.7074173
0.697923
0.7019172
0.7138108
0.6821141
0.6988276
0.6702359
0.8093865
0.8062351
0.6823426
0.6752432
0.8144982
0.8081738
0.6763196
0.6684198
0.6471605
0.8139868
0.6748288
0.6777689
0.6698128
0.6780558
0.6816838
0.6700282
0.8118175
0.6822325
0.6604387
0.8104566
0.6804487
0.650495
0.6715411
0.8173357
0.6583442
0.6812405
0.6887122
0.6322462
0.6667204
0.8153946
0.6912325
0.6795314
0.6861156
0.8134457
0.7745368
0.8209632
0.706929
0.8108597
0.7139955
0.817428
0.8163939
0.8115421
0.6770566
0.7007886
0.6574929
0.7046559
0.6612982
0.6331725
0.6435464
0.6965528
0.6629789
0.6574383
0.8006638
0.7904515
0.8050659
0.8016189
0.7962641
0.6982806
0.6525755
0.6590785
0.6620572
0.6177321
0.6220453
0.6386896
0.6074225
0.6565417
0.6491353
0.6403431
0.6425132
0.6564975
0.6148802
0.6481671
0.6257507
0.6485188
0.6285508
0.6282072
0.6213866
0.6234672
0.6353455
0.6494325
0.6485441
0.6721943
0.6580963
0.6350552
0.6317597
0.6570312
0.6277537
0.6702845
0.6583979
0.6451969
0.6338174
0.6610209
0.6442597
0.6816005
0.6646137
0.6711472
0.6888753
0.6562574
0.6904232
0.6582104
0.8081077
0.8009835
0.6747327
0.665751
0.8057621
0.8019916
0.6694288
0.6659927
0.6395541
0.8073329
0.6636953
0.6720547
0.6602626
0.6710643
0.6824373
0.6716778
0.8107893
0.6759118
0.6598557
0.8015057
0.6737908
0.6419418
0.6662374
0.8124135
0.6481073
0.6809444
0.6860049
0.630105
0.6624718
0.8079585
0.6849773
0.6773314
0.6886438
0.806321
0.7709776
0.815157
0.7019155
0.8057809
0.705259
0.8089218
0.8073315
0.8051104
0.6750682
0.6894198
0.6507534
0.6983104
0.6613649
0.6296697
0.6390655
0.695302
0.6610858
0.6517092
0.7999448
0.7901623
0.8037571
0.7996374
0.7936254
0.6978491
0.6515009
0.6570583
0.6569139
0.6089831
0.6176112
0.632609
0.5989519
0.6495835
0.6415214
0.6379518
0.6289078
0.6471515
0.6038919
0.6507027
0.619724
0.6477621
0.6216303
0.6283497
0.6175475
0.62296
0.6262167
0.6455836
0.6389946
0.6633249
0.6519662
0.6315789
0.6203488
0.6475114
0.6211511
0.6579749
0.6565633
0.6411249
0.6349244
0.6549827
0.6402821
0.6813136
0.6474157
0.6651523
0.6798891
0.6463472
0.7060286
0.7041937
0.8183614
0.8162055
0.6774782
0.6996186
0.8173464
0.8128932
0.6978753
0.6733185
0.6879477
0.8095339
0.6953938
0.6884667
0.6674902
0.6830575
0.7074
0.7102623
0.8148122
0.701329
0.6858445
0.822719
0.7111763
0.6857614
0.70338
0.8242925
0.6963604
0.7187715
0.6918505
0.6707171
0.7089524
0.8261876
0.7267601
0.6915236
0.7209338
0.8261389
0.7708671
0.8242124
0.7274041
0.823326
0.7108313
0.8167196
0.8147728
0.8206212
0.7100811
0.7096176
0.6944706
0.7104818
0.6910346
0.6775141
0.6891212
0.7168189
0.6916313
0.7039305
0.8065458
0.7977582
0.8067428
0.8109585
0.7906224
0.7159704
0.6748215
0.6913432
0.6826691
0.6475925
0.6600686
0.6579049
0.648942
0.6797055
0.6660511
0.6611886
0.6555581
0.6718941
0.6517107
0.6701867
0.6589823
0.6565422
0.6568703
0.655266
0.6407364
0.6701559
0.6554174
0.6758673
0.6621705
0.6662773
0.6869152
0.6521231
0.6733665
0.6767945
0.6642471
0.6890414
0.6796563
0.6627201
0.66356
0.6865513
0.6711846
0.6890489
0.6906773
0.6813069
0.6838548
0.6782961
0.803685
0.8010639
0.8016463
0.598452
0.8045969
0.8016064
0.6987809
0.6575543
0.800219
0.7936566
0.7839424
0.7946487
0.7963276
0.8079465
0.7955562
0.8063109
0.8002627
0.8012994
0.8015379
0.7987707
0.7878385
0.6327073
0.8113905
0.7895241
0.8027913
0.6403693
0.7944391
0.8080215
0.7934503
0.7923998
0.8043825
0.6382168
0.8157553
0.8011555
0.8077064
0.6550508
0.8104561
0.6501738
0.8162369
0.8024123
0.8178409
0.7098567
0.7005775
0.7941953
0.8088876
0.8077594
0.7901736
0.8120941
0.797212
0.7832293
0.790744
0.8091371
0.8000586
0.8009053
0.7664525
0.7406403
0.7627119
0.7521879
0.7487503
0.8066939
0.7834847
0.7861444
0.7825161
0.7740921
0.7828592
0.7900014
0.7838553
0.7990631
0.7870463
0.7860171
0.7903135
0.7980139
0.7811941
0.787853
0.7839414
0.7931497
0.7792515
0.7817168
0.7776265
0.775424
0.7782298
0.7819635
0.7932815
0.7841508
0.7924755
0.7837219
0.7829839
0.7865089
0.7805508
0.7998314
0.7925202
0.7881794
0.7840747
0.7927902
0.780629
0.7934436
0.793396
0.7800663
0.7952054
0.7946884
0.6491517
0.6198326
0.8005673
0.7804194
0.640255
0.6422382
0.7972993
0.7930531
0.6139805
0.6175654
0.5940552
0.8018847
0.632026
0.6248433
0.6153393
0.625522
0.649291
0.6484112
0.8003656
0.6291236
0.6110502
0.7957068
0.637501
0.6009513
0.6290791
0.7966805
0.593734
0.6412371
0.6440566
0.5907565
0.614378
0.7959363
0.6462652
0.6325206
0.6406952
0.793794
0.7467612
0.8002348
0.6786717
0.8015908
0.6827255
0.8001888
0.7941413
0.7973456
0.6509148
0.6635795
0.6101939
0.6671513
0.6056338
0.5844189
0.5945229
0.66021
0.6149042
0.6289141
0.7860397
0.7744345
0.7920618
0.7821332
0.7752229
0.6531199
0.618328
0.6305214
0.6229482
0.5718322
0.5703435
0.5732809
0.5279744
0.6435256
0.5960385
0.5734142
0.5989558
0.6112194
0.5511364
0.6118677
0.5705588
0.5933317
0.5773943
0.5712494
0.5729906
0.5842001
0.5771272
0.5992141
0.5900247
0.6062784
0.5954292
0.5739145
0.5835542
0.6297893
0.5866158
0.6365228
0.6174792
0.6091049
0.5974569
0.6321194
0.6094983
0.6463347
0.6343313
0.635487
0.644575
0.6275945
0.6544939
0.6251954
0.8045796
0.7830545
0.6463266
0.6492422
0.7999137
0.7965091
0.6211796
0.6260626
0.6022192
0.8060329
0.6404999
0.6321405
0.6222846
0.6330245
0.6550391
0.6539672
0.8040584
0.6364306
0.6177494
0.7980866
0.6434039
0.6084563
0.6343594
0.7985543
0.601408
0.6474878
0.6470731
0.5965313
0.620755
0.7989205
0.65165
0.6376432
0.6476688
0.7963003
0.7516859
0.8025584
0.6839117
0.8055137
0.6897529
0.8038599
0.7976791
0.7994395
0.6576148
0.6694611
0.620146
0.6718837
0.6151223
0.589119
0.6025533
0.6643441
0.6186757
0.6356646
0.7889649
0.775344
0.7934022
0.7850696
0.7770567
0.6581624
0.6196859
0.6317073
0.6254342
0.5736415
0.574811
0.5726093
0.5319728
0.6441146
0.5965923
0.5780615
0.6010459
0.6125751
0.5568902
0.6108797
0.5681518
0.5941477
0.5731506
0.5746066
0.5711456
0.5828301
0.576299
0.5991592
0.5914599
0.6087452
0.5951938
0.5725273
0.5857761
0.6292587
0.5864865
0.6358059
0.6232965
0.6081482
0.59731
0.6321001
0.6117704
0.6459281
0.6338539
0.6379119
0.6457828
0.6270863
0.6518665
0.6216035
0.8011781
0.7814921
0.6423255
0.645974
0.7980881
0.7941949
0.6151841
0.6216647
0.5972127
0.8026669
0.6347992
0.6274101
0.6174717
0.6277421
0.6519925
0.6513401
0.8009797
0.6308781
0.6138947
0.7969354
0.6395763
0.6043062
0.6330959
0.7971251
0.5970009
0.6432985
0.6449967
0.589938
0.6175486
0.7972539
0.6484266
0.63427
0.6443504
0.7947646
0.7476002
0.8010268
0.6811629
0.802116
0.6845772
0.8008859
0.7949337
0.7969058
0.6537265
0.6649346
0.6125814
0.6672053
0.6106225
0.5855467
0.5965977
0.6606983
0.6172777
0.6312375
0.7860348
0.7756451
0.7923136
0.7836822
0.77634
0.6561501
0.6220226
0.6344839
0.6268371
0.5759987
0.5746991
0.57996
0.5344398
0.6487607
0.599754
0.5761985
0.6027509
0.6146306
0.5566636
0.6152726
0.574507
0.6000327
0.5812058
0.5744929
0.5758687
0.5871446
0.579392
0.6037058
0.5926078
0.6105619
0.5990192
0.5791712
0.5875599
0.6315789
0.5889855
0.6400318
0.6204427
0.6136419
0.5990984
0.6368653
0.6150543
0.6488501
0.6376384
0.6405574
0.6475202
0.630831
0.6604221
0.6343203
0.8032274
0.7895625
0.6551837
0.6515885
0.8010204
0.8013211
0.6370039
0.6336304
0.6106495
0.8021053
0.6442093
0.6451081
0.6352844
0.6412801
0.6596334
0.6500739
0.8101707
0.6348982
0.6199631
0.8001312
0.6445674
0.6138414
0.6510353
0.8040864
0.6192595
0.6594947
0.662682
0.6043712
0.6507118
0.8016758
0.6684228
0.6545842
0.6545754
0.8021016
0.7576239
0.8041456
0.6857919
0.799795
0.6888836
0.8005818
0.7971757
0.8016739
0.6518026
0.6665313
0.614357
0.6852606
0.6207969
0.5977572
0.6217216
0.673527
0.6348109
0.6513784
0.7909822
0.7821593
0.7940433
0.7911754
0.7883631
0.6647644
0.6401743
0.6449905
0.6392741
0.6021829
0.586106
0.6035755
0.5670511
0.6466592
0.6176852
0.602067
0.6061616
0.6343648
0.5681189
0.6236516
0.5936884
0.613089
0.5940594
0.5907138
0.6017366
0.600523
0.6018609
0.6219552
0.6140735
0.6305691
0.6200226
0.597181
0.616718
0.6271227
0.5908413
0.6234404
0.6265109
0.6173548
0.6182613
0.6353799
0.6221146
0.6628163
0.6463221
0.6503463
0.6632693
0.6330658
0.657206
0.6335568
0.7961491
0.7882586
0.6515176
0.6439101
0.7983971
0.7967876
0.6348812
0.6193234
0.6008006
0.7987947
0.6369062
0.641307
0.6373408
0.6345325
0.6503846
0.6447314
0.8055576
0.6340189
0.6179455
0.7967201
0.6412119
0.6046551
0.6415947
0.8013421
0.6114199
0.6548658
0.6597025
0.5956298
0.6423879
0.8017586
0.6596957
0.6515822
0.6497772
0.7994748
0.7546342
0.8033482
0.6820144
0.7973368
0.68184
0.7980518
0.7970073
0.7971289
0.6501271
0.6631211
0.6132681
0.6787457
0.6205133
0.5974037
0.6167957
0.6676639
0.6289124
0.6449305
0.787368
0.7774548
0.793043
0.7853807
0.7843963
0.6570704
0.634249
0.6397373
0.6390734
0.5924562
0.5824764
0.5989823
0.5598785
0.6484873
0.6089822
0.5991736
0.6090791
0.6183021
0.5659175
0.616372
0.584887
0.6082156
0.5839343
0.5899233
0.5986406
0.5931814
0.5978607
0.6158882
0.6079532
0.6282697
0.6180852
0.5937191
0.5976409
0.6229863
0.5885322
0.6223883
0.6227686
0.6094675
0.603672
0.6281649
0.6162678
0.6638208
0.6392179
0.6433304
0.6540672
0.6259456
0.8036459
0.8027687
0.6819093
0.8001604
0.7939854
0.7946908
0.7972745
0.8028333
0.7981551
0.7889637
0.7882022
0.6608929
0.7925489
0.8062637
0.7865069
0.8089635
0.7999561
0.7994143
0.7899608
0.8049421
0.7962284
0.8092029
0.8107578
0.7945346
0.8010059
0.809755
0.7887823
0.8106659
0.7968475
0.7881287
0.797706
0.8057193
0.8109225
0.7992666
0.8176274
0.8124683
0.8084364
0.8095134
0.8070941
0.6789924
0.8115563
0.8016601
0.7987845
0.6528655
0.8053814
0.8173618
0.7984718
0.8071537
0.7903214
0.7883033
0.7896138
0.8052014
0.7977206
0.8006873
0.7973943
0.785684
0.7957548
0.7973962
0.7896436
0.815137
0.7907223
0.7915696
0.7976566
0.7743667
0.7808595
0.7886521
0.7837044
0.796539
0.7948881
0.7889184
0.7836378
0.8049635
0.7807778
0.7935374
0.7863843
0.7936957
0.7864126
0.7795541
0.7796562
0.7856178
0.7841548
0.791395
0.792803
0.7846143
0.7921674
0.7769137
0.7866448
0.7888551
0.7839754
0.7903466
0.7935023
0.7897534
0.7928005
0.7917081
0.792402
0.8057802
0.7947956
0.7852527
0.8017745
0.7967721
0.8041569
0.8029287
0.6885128
0.802329
0.7931696
0.7984752
0.7987559
0.8051628
0.7969071
0.7905585
0.7889942
0.6660726
0.7929788
0.8075524
0.7858623
0.8089496
0.8009056
0.8007167
0.7945862
0.8061462
0.7965666
0.8101376
0.8120377
0.7960232
0.7996789
0.809741
0.7889455
0.8094444
0.7979783
0.7892823
0.7969001
0.809085
0.8088353
0.8010107
0.8176142
0.8136587
0.809375
0.8121035
0.8085523
0.6817339
0.8121463
0.8045184
0.8001755
0.6592133
0.8073675
0.8201584
0.7972198
0.8071397
0.7913775
0.7898127
0.7908506
0.8056223
0.7982359
0.8010234
0.7992208
0.7872987
0.7965018
0.7983967
0.7897137
0.8169249
0.7908783
0.7890752
0.7962065
0.7753146
0.7818995
0.7889823
0.784907
0.7947218
0.796748
0.790119
0.7835359
0.8067068
0.7811985
0.7935228
0.7864554
0.7952989
0.7860508
0.7790131
0.780252
0.7862926
0.7864698
0.7927494
0.7938991
0.7860032
0.7941135
0.7791834
0.787924
0.7897828
0.7859594
0.7916165
0.7934876
0.7924768
0.7920153
0.7923804
0.7925585
0.8063541
0.7973326
0.7868053
0.8015918
0.7968429
0.8055879
0.8058309
0.6415638
0.804714
0.8031892
0.7906874
0.8044802
0.8039882
0.7968921
0.7918166
0.7942601
0.6009811
0.7974841
0.8112772
0.7989067
0.8084491
0.7973751
0.8009461
0.8039773
0.8085076
0.7985711
0.809462
0.8136668
0.7850088
0.7997385
0.8214053
0.7935753
0.8045385
0.7981337
0.792158
0.7997677
0.8107328
0.8052231
0.7984366
0.8123548
0.816554
0.7980868
0.8212588
0.8131164
0.626358
0.8061121
0.8044689
0.8031954
0.6613139
0.8101504
0.8097166
0.7973794
0.8138466
0.7922755
0.7964822
0.7949413
0.8039201
0.7941565
0.7990671
0.7914953
0.7842487
0.7931978
0.7873393
0.7828439
0.8117673
0.7850837
0.7892661
0.7915467
0.770671
0.7802
0.7831325
0.7778971
0.7857501
0.7881194
0.7917736
0.7789145
0.7908898
0.7746166
0.7840216
0.784768
0.7942749
0.7794927
0.7759324
0.7730532
0.7801151
0.7790813
0.7881404
0.7892913
0.7748513
0.795212
0.7788117
0.7812189
0.7864661
0.7802646
0.7852891
0.7942597
0.7875318
0.7806599
0.7865472
0.7838107
0.793891
0.7839892
0.7870093
0.7946259
0.7904357
0.8041485
0.8055234
0.6417825
0.8054433
0.8032298
0.7903853
0.805644
0.8047179
0.7972894
0.791425
0.7944864
0.6016047
0.7974425
0.812081
0.7989514
0.8074503
0.7980342
0.8013375
0.8040172
0.808629
0.7994032
0.8087239
0.8133554
0.7855145
0.8002176
0.8227079
0.7931841
0.8047509
0.7980916
0.7917649
0.8004205
0.8119646
0.8054348
0.7985696
0.8125589
0.815816
0.7983077
0.8215365
0.8123786
0.6244147
0.8059766
0.805026
0.8040168
0.6597712
0.8097543
0.8094068
0.7968979
0.8137065
0.7924155
0.7963533
0.7951666
0.8040467
0.7947365
0.7991117
0.791208
0.7837914
0.7918917
0.7871364
0.7823889
0.8119714
0.7852254
0.7887215
0.7916813
0.7705656
0.7807875
0.7843165
0.7786598
0.7852853
0.7881728
0.792082
0.7779356
0.7912817
0.7737174
0.7836477
0.7846524
0.7949996
0.7817288
0.775034
0.7735606
0.7800895
0.77923
0.7893064
0.7894291
0.7757172
0.7961873
0.779747
0.7808453
0.7855781
0.7803258
0.784915
0.794222
0.7885267
0.7808073
0.7862574
0.7838682
0.7940242
0.7848227
0.7874964
0.7946731
0.7906582
0.804729
0.8060996
0.644065
0.8050701
0.802417
0.7900881
0.8067385
0.8061541
0.7977855
0.7914831
0.7945447
0.60519
0.797237
0.8120539
0.7980468
0.8062998
0.7982673
0.8016571
0.8044237
0.8086875
0.7995487
0.8099834
0.8136704
0.7858404
0.8006237
0.8237038
0.7938596
0.8045494
0.7995489
0.7916452
0.8005655
0.8127069
0.80532
0.7987155
0.812101
0.8172352
0.7982783
0.8226119
0.813035
0.6287096
0.8056886
0.8059465
0.8047685
0.6649155
0.8099848
0.8073972
0.7982751
0.8141053
0.7924736
0.7964997
0.7953131
0.8038448
0.7962068
0.7994321
0.7926931
0.7858148
0.7944841
0.789073
0.784322
0.812631
0.7856236
0.7890328
0.7914825
0.7715856
0.780756
0.7847183
0.7778414
0.7862094
0.7896003
0.7919664
0.778685
0.7915932
0.7757905
0.7846514
0.7840193
0.7944628
0.7817845
0.7743876
0.7734403
0.779278
0.7796321
0.7880781
0.7894848
0.7765711
0.7951452
0.7795411
0.7808141
0.7858908
0.7814262
0.7862601
0.7937646
0.7889242
0.7817302
0.786227
0.7837512
0.7948465
0.784706
0.7868607
0.7946441
0.7917403
0.7520832
0.7491427
0.8111691
0.7942794
0.7540971
0.7338385
0.8094236
0.7952283
0.7575574
0.7326618
0.7351916
0.7971629
0.7472224
0.7422799
0.7413978
0.7397092
0.7509899
0.7467105
0.7956775
0.7477636
0.7363713
0.8000877
0.7678988
0.7378349
0.744019
0.8067041
0.740106
0.7490845
0.7500762
0.7255807
0.7418688
0.8053916
0.7566049
0.7477029
0.7588496
0.8023273
0.716213
0.8115371
0.7739306
0.8090207
0.7643548
0.8013269
0.8054523
0.8026844
0.7523062
0.7626965
0.7374807
0.7554747
0.738936
0.7261097
0.7298935
0.7534049
0.738395
0.7460973
0.8020008
0.7925232
0.7991441
0.8046492
0.7898174
0.7549947
0.745877
0.7502376
0.746155
0.7208433
0.7124313
0.7302169
0.7242727
0.7476261
0.7348214
0.7302651
0.7303379
0.7421333
0.714901
0.7171884
0.726601
0.7328329
0.7200332
0.7207973
0.7135082
0.7222721
0.7173113
0.7361626
0.7343889
0.7117981
0.7401092
0.7277499
0.7283794
0.72753
0.7262763
0.7498167
0.7379439
0.7239548
0.7275514
0.7402405
0.7293968
0.756523
0.7371505
0.7277381
0.7514506
0.740095
0.7548294
0.748741
0.80905
0.7922641
0.7558857
0.7342928
0.8098939
0.7935739
0.7583933
0.7329197
0.7355494
0.7972775
0.7478727
0.7441843
0.7414668
0.7454768
0.7514477
0.7479345
0.7935651
0.7468791
0.737897
0.7967718
0.7664101
0.7387755
0.7438017
0.805239
0.7403676
0.7523041
0.7486247
0.727031
0.7410701
0.8048158
0.7598909
0.7515091
0.7614875
0.7998091
0.7150491
0.8064303
0.7726489
0.8074929
0.7649104
0.8012699
0.8026037
0.7990333
0.7533359
0.7594994
0.7383271
0.7569697
0.7375415
0.7271592
0.7328108
0.7527242
0.7377785
0.7492359
0.8002786
0.7912669
0.7970597
0.8030037
0.7888998
0.7546003
0.7449339
0.7493044
0.7448448
0.7207962
0.7124732
0.7321722
0.7249004
0.7463019
0.7369517
0.7292688
0.7311492
0.7409902
0.7140695
0.7195489
0.7234122
0.7315711
0.718245
0.7218085
0.7135507
0.7216518
0.7156191
0.7377244
0.7368929
0.7145046
0.7411044
0.7286636
0.7273883
0.7253043
0.72633
0.7500734
0.7382912
0.7253421
0.7300769
0.7400253
0.7310648
0.7571491
0.7367444
0.7276015
0.7506988
0.740815
0.7603868
0.7587634
0.8106257
0.8020297
0.749353
0.7453312
0.8209841
0.7962465
0.7633158
0.7405393
0.7536243
0.8052023
0.7528644
0.756967
0.7369269
0.7608368
0.7620692
0.7629385
0.8010957
0.7666492
0.7504551
0.8084338
0.760958
0.7387877
0.7586051
0.8173812
0.7581192
0.7598375
0.7545345
0.7341987
0.7538833
0.8195101
0.7699664
0.7601056
0.7595753
0.8151963
0.725759
0.818884
0.7799985
0.8136462
0.7640204
0.8117765
0.8119997
0.800349
0.7699439
0.7570425
0.745953
0.7665297
0.749087
0.7283291
0.7469687
0.7642557
0.745799
0.7587038
0.8010239
0.7983129
0.8055131
0.8035702
0.7966231
0.766589
0.7395734
0.7487986
0.7512882
0.7303603
0.7211952
0.7318469
0.7189636
0.7410595
0.7480771
0.7427278
0.7406919
0.7526419
0.7248788
0.7404793
0.730792
0.7371408
0.7217398
0.7258293
0.7155516
0.724712
0.7282359
0.7408987
0.7398925
0.7288952
0.7427629
0.7340212
0.7323704
0.7382264
0.7287908
0.7441554
0.7441895
0.7364233
0.7480788
0.747798
0.7378634
0.7601251
0.7531512
0.7435841
0.748535
0.7509514
0.7605198
0.7585221
0.8098124
0.7998983
0.7481521
0.7446029
0.8197637
0.7959392
0.7634481
0.7382561
0.7541357
0.8042095
0.7532812
0.7570997
0.7355086
0.7600362
0.7627589
0.7625132
0.7993854
0.7664119
0.7486895
0.8070137
0.7608106
0.7391138
0.7602282
0.8154441
0.7581581
0.7596899
0.7539136
0.7335498
0.755142
0.8176078
0.7700986
0.7601448
0.7598969
0.8135324
0.7232226
0.8167944
0.7802206
0.8125768
0.7651743
0.8097673
0.8099848
0.8003054
0.7699843
0.7588626
0.7457032
0.7653702
0.7485536
0.7276744
0.7465283
0.7642026
0.7466025
0.7604245
0.8000693
0.7971803
0.8040606
0.8024433
0.7948218
0.767185
0.7414538
0.749017
0.7522304
0.72955
0.7216145
0.7337638
0.7195735
0.7416555
0.7491215
0.7424839
0.7417417
0.75186
0.7253878
0.7410701
0.7308262
0.7384774
0.7230159
0.7263378
0.7166442
0.7240815
0.7293055
0.7423218
0.7407625
0.7289297
0.7438113
0.7334918
0.732123
0.7388175
0.7305287
0.7445592
0.7446903
0.7367374
0.7487562
0.7506775
0.7388291
0.7606136
0.7523698
0.7443631
0.7500366
0.751171
0.8000733
0.7945546
0.8118326
0.7946657
0.7900251
0.7837578
0.8095789
0.8009437
0.783528
0.7832728
0.7897807
0.8012928
0.7913505
0.7915257
0.7738086
0.7939385
0.7909932
0.7941608
0.7733433
0.8029575
0.7879257
0.7992272
0.7993712
0.7808168
0.8009455
0.7993633
0.7900853
0.7959602
0.7864994
0.7858469
0.7978281
0.7960334
0.8029575
0.8014899
0.8041026
0.8063391
0.8014014
0.8033267
0.81296
0.801082
0.8080192
0.8074893
0.8110629
0.8021674
0.7970845
0.7941716
0.7916851
0.8012657
0.7886773
0.7880021
0.7885951
0.7998102
0.7881544
0.8020256
0.7826179
0.7761576
0.7944398
0.780302
0.7788373
0.8044081
0.7794212
0.7826982
0.7926186
0.771911
0.7720839
0.781165
0.7658742
0.7780824
0.7808904
0.7739597
0.7737899
0.7797143
0.7712804
0.7653599
0.7710203
0.7818842
0.7731951
0.7678197
0.7690866
0.7675925
0.7684014
0.7802284
0.7749247
0.780809
0.7780791
0.7754118
0.7780242
0.7800313
0.7698923
0.7842064
0.7942328
0.7754328
0.7858921
0.78754
0.7794139
0.7888857
0.7815977
0.7729213
0.7889504
0.7860044
0.7949569
0.7917218
0.8116141
0.7936973
0.7858892
0.780662
0.8080581
0.800524
0.7798008
0.7782586
0.7879798
0.8008737
0.7859686
0.7879482
0.7715633
0.7893105
0.7863425
0.7895358
0.7726556
0.7986813
0.7820665
0.7990647
0.7958554
0.7761539
0.7981591
0.798842
0.7873079
0.7971131
0.7819828
0.7827514
0.7937857
0.7949791
0.8045491
0.7998388
0.7998084
0.8045382
0.8008927
0.802909
0.8101624
0.8004838
0.8055292
0.8055294
0.8101523
0.8015751
0.7973578
0.7904368
0.7871126
0.7966337
0.7843516
0.7827576
0.7821848
0.7957715
0.7849926
0.7974786
0.7824247
0.7759481
0.7924887
0.7793172
0.7768167
0.799339
0.7771274
0.7806824
0.791511
0.7687774
0.7671073
0.7768423
0.7608664
0.7737957
0.7755161
0.7705252
0.7704023
0.7765339
0.767945
0.7630644
0.7676935
0.7785489
0.771736
0.763112
0.7643945
0.7638849
0.7655934
0.7756479
0.7717971
0.7752768
0.7779605
0.7737837
0.7744788
0.7794821
0.765642
0.7813236
0.7893983
0.771786
0.780315
0.7830135
0.7748221
0.7860206
0.7788682
0.7704716
0.7872158
0.7825994
0.7926149
0.7932871
0.8077006
0.7953306
0.7947892
0.7918711
0.8047457
0.8007954
0.7914564
0.7830133
0.7948155
0.8001882
0.790351
0.7971416
0.7821789
0.7960166
0.7915905
0.7924501
0.7801261
0.7976537
0.7859559
0.8011743
0.7993155
0.7854096
0.7997535
0.8102718
0.7878477
0.7907181
0.7839052
0.7801634
0.7951553
0.800276
0.7962504
0.8009896
0.8051607
0.8081538
0.7964382
0.8087317
0.8076229
0.8102875
0.804556
0.801794
0.8046768
0.801493
0.7995778
0.7981785
0.7896169
0.8029371
0.7838376
0.784321
0.7854562
0.796515
0.7932981
0.7932018
0.7936232
0.7734148
0.7898357
0.7852349
0.776454
0.8018064
0.7798782
0.78357
0.7874121
0.7662514
0.7722278
0.7774362
0.7726
0.7872629
0.7803888
0.7823593
0.7818182
0.7868157
0.7789579
0.7741682
0.7804116
0.7780861
0.774212
0.7644259
0.7645405
0.7699571
0.7707589
0.7836228
0.7801096
0.7767734
0.7821775
0.7813904
0.7739491
0.7778882
0.7735754
0.7925895
0.7932576
0.7745133
0.7867507
0.7882203
0.7821269
0.786465
0.7860126
0.7843627
0.7888519
0.7864339
0.7926149
0.7932871
0.8077006
0.7953306
0.7947892
0.7918711
0.8047457
0.8007954
0.7914564
0.7830133
0.7948155
0.8001882
0.790351
0.7971416
0.7821789
0.7960166
0.7915905
0.7924501
0.7801261
0.7976537
0.7859559
0.8011743
0.7993155
0.7854096
0.7997535
0.8102718
0.7878477
0.7907181
0.7839052
0.7801634
0.7951553
0.800276
0.7962504
0.8009896
0.8051607
0.8081538
0.7964382
0.8087317
0.8076229
0.8102875
0.804556
0.801794
0.8046768
0.801493
0.7995778
0.7981785
0.7896169
0.8029371
0.7838376
0.784321
0.7854562
0.796515
0.7932981
0.7932018
0.7936232
0.7734148
0.7898357
0.7852349
0.776454
0.8018064
0.7798782
0.78357
0.7874121
0.7662514
0.7722278
0.7774362
0.7726
0.7872629
0.7803888
0.7823593
0.7818182
0.7868157
0.7789579
0.7741682
0.7804116
0.7780861
0.774212
0.7644259
0.7645405
0.7699571
0.7707589
0.7836228
0.7801096
0.7767734
0.7821775
0.7813904
0.7739491
0.7778882
0.7735754
0.7925895
0.7932576
0.7745133
0.7867507
0.7882203
0.7821269
0.786465
0.7860126
0.7843627
0.7888519
0.7864339
0.8109503
0.8013704
0.808896
0.766367
0.7960294
0.803574
0.7903689
0.7848353
0.8082699
0.7941415
0.8021375
0.7975921
0.8005126
0.8091193
0.7883082
0.8054888
0.8067538
0.8071808
0.8101266
0.8064164
0.8005407
0.769179
0.81359
0.7949809
0.8037933
0.7756352
0.8073488
0.8100551
0.8038602
0.797776
0.8121033
0.7869276
0.8089292
0.803214
0.817443
0.7892171
0.813861
0.7866498
0.8277782
0.8014055
0.8110305
0.7896825
0.7944632
0.8006565
0.8130746
0.8115217
0.799002
0.8209116
0.7967247
0.7909984
0.7979739
0.817422
0.8066657
0.8126582
0.6398142
0.5820403
0.6619323
0.6478216
0.5938416
0.8174391
0.7952341
0.7970078
0.79951
0.7937078
0.7856064
0.8015504
0.79038
0.7941386
0.7993092
0.7955777
0.7989199
0.8136866
0.7921157
0.8024267
0.7966484
0.7945515
0.7922788
0.7880771
0.7884301
0.78778
0.797075
0.7972792
0.802724
0.7914362
0.7966782
0.7905074
0.8015739
0.7977946
0.7929688
0.8086635
0.8023939
0.8020607
0.7962152
0.8058852
0.8005628
0.8077031
0.8075229
0.7988791
0.8072289
0.8009305
0.8120137
0.8022603
0.8107306
0.7667166
0.7963944
0.8035923
0.7910866
0.7868032
0.805691
0.7945942
0.801188
0.7960214
0.8004399
0.8075831
0.7909909
0.8042019
0.8063414
0.8086761
0.8099782
0.8046966
0.80152
0.7721055
0.8147344
0.7948134
0.8025923
0.776273
0.8078041
0.8105973
0.8027439
0.7987625
0.8108421
0.7880937
0.8090394
0.804019
0.8164437
0.790294
0.8165462
0.7892663
0.8284898
0.8014216
0.8088931
0.7908429
0.7958884
0.8022459
0.8148202
0.8099078
0.7986626
0.8216232
0.7972665
0.7915403
0.7979865
0.8164297
0.8077316
0.811653
0.6384725
0.5853116
0.6631546
0.6486315
0.5948831
0.8166148
0.7938006
0.7960878
0.796403
0.7935457
0.7873518
0.8010586
0.789695
0.7948352
0.8
0.7956736
0.8000281
0.8139616
0.7927219
0.803619
0.7947903
0.7954112
0.790739
0.7893726
0.7875703
0.7885556
0.7978476
0.79763
0.802993
0.7893524
0.793885
0.7908567
0.8006616
0.7994945
0.792375
0.8100153
0.8011356
0.8012357
0.7969909
0.8063247
0.7976989
0.8055438
0.8080448
0.7960709
0.8050716
0.801791