0.8155285
0.8148253
0.8163207
0.8164767
0.6474593
0.6464538
0.6501781
0.6482367
0.6496882
0.6502551
0.7921056
0.7916784
0.7913835
0.7899702
0.7952435
0.7912337
0.7974017
0.7808492
0.7877711
0.7947851
0.7958278
0.7774263
0.7760915
0.7763073
0.7767735
0.7787617
0.779153
0.7763167
0.7781116
0.7774203
0.7773884
0.7788952
0.7858776
0.8052635
0.7955417
0.7983498
0.6840589
0.7995609
0.806899
0.7815943
0.7970716
0.8001852
0.7941534
0.7970788
0.7909633
0.7888834
0.7895184
0.7890575
0.7873949
0.7897667
0.7903887
0.7899266
0.788266
0.7880257
0.7981445
0.8002563
0.8041126
0.8028169
0.6954287
0.7904039
0.7942241
0.6873406
0.6690294
0.8058267
0.7809779
0.7866051
0.7987257
0.8129883
0.8002831
0.7938248
0.8026568
0.7983494
0.799522
0.8060133
0.7988606
0.7921103
0.7886406
0.7953931
0.8051778
0.7965154
0.7947464
0.7941533
0.7910681
0.7876531
0.795561
0.8002025
0.7979499
0.7827206
0.7939923
0.7986615
0.7910448
0.8067269
0.8022236
0.7961179
0.8038345
0.7915006
0.7976932
0.7976287
0.7935956
0.7977283
0.81421
0.8143463
0.8144979
0.8154922
0.6835981
0.6872415
0.6849595
0.6858108
0.6861451
0.6842147
0.8014313
0.793135
0.7950985
0.7986521
0.7968476
0.799874
0.8109642
0.7854666
0.7940347
0.8089287
0.8065594
0.7785336
0.7748349
0.7751382
0.7777063
0.7805502
0.7805955
0.7777858
0.7788626
0.7738938
0.7745623
0.777722
0.7838281
0.812749
0.8035011
0.8077248
0.7066229
0.8048643
0.8186008
0.7966678
0.801144
0.8053454
0.8092591
0.8054327
0.8005967
0.8052858
0.8042903
0.8055536
0.8038494
0.8045666
0.803554
0.8048204
0.8031146
0.8026815
0.8035817
0.8132107
0.8142483
0.8081412
0.6030784
0.7945988
0.8092211
0.5898071
0.6081444
0.819252
0.8022454
0.7980352
0.8139502
0.8169907
0.8115871
0.7958078
0.8112213
0.8111495
0.8055456
0.8131624
0.8120815
0.8099249
0.8053795
0.801509
0.8138313
0.81672
0.8021541
0.8081355
0.8024579
0.8044917
0.804492
0.8095408
0.8037952
0.8047466
0.8013307
0.8104312
0.8018574
0.8157424
0.806527
0.8008078
0.8118238
0.8018012
0.8071943
0.801054
0.8088792
0.8032799
0.8159193
0.814969
0.816374
0.8166127
0.6564078
0.6550012
0.6595166
0.6579327
0.6581751
0.6572299
0.7963905
0.7908221
0.7880822
0.79253
0.7935316
0.7941156
0.7969504
0.7869142
0.7894104
0.7962016
0.8031106
0.7808864
0.7763299
0.7782068
0.7777064
0.7793334
0.7805919
0.7757628
0.7769461
0.7768677
0.7775326
0.7790332
0.7864154
0.8120416
0.7973888
0.8012857
0.6746057
0.8055848
0.8078203
0.79254
0.8006914
0.8076679
0.8010471
0.8011116
0.7926011
0.7983416
0.7980702
0.7972633
0.7955419
0.7956006
0.7953048
0.7945004
0.7927726
0.7937707
0.8038061
0.8078169
0.8024286
0.8084448
0.6857451
0.793813
0.7949732
0.6761905
0.6733536
0.8153769
0.7903677
0.7897487
0.8038321
0.811531
0.8034434
0.7974972
0.8076625
0.8002323
0.7989613
0.8043087
0.7997821
0.7982587
0.7985856
0.7976687
0.807959
0.799178
0.7976958
0.7984014
0.7973658
0.7987141
0.7983825
0.803002
0.801705
0.7987492
0.800872
0.7997197
0.795516
0.8032065
0.814703
0.800354
0.8139308
0.8029484
0.8001969
0.8011987
0.7958854
0.8031604
0.8188482
0.8176495
0.8195531
0.8191234
0.6675695
0.6678517
0.6701154
0.6690825
0.6687908
0.6690304
0.7917981
0.7962924
0.7914162
0.7891494
0.7917048
0.7972062
0.8003635
0.7897671
0.7815018
0.7931981
0.7977954
0.7749425
0.773342
0.7732048
0.772711
0.7769928
0.7784286
0.7725794
0.7778254
0.7732837
0.7733391
0.7757976
0.781666
0.8050979
0.7930006
0.8000709
0.6867003
0.8011857
0.8091338
0.7970346
0.7986259
0.800199
0.806438
0.8011704
0.7908244
0.800488
0.7991318
0.7984063
0.7970204
0.7991766
0.7977993
0.7970751
0.7956869
0.7891857
0.8011974
0.8047693
0.8128593
0.8021309
0.71059
0.7933446
0.7934821
0.6890937
0.6944423
0.8156396
0.7910983
0.7941092
0.8057448
0.8104214
0.8024108
0.79299
0.8083245
0.7977544
0.7992772
0.8062725
0.800713
0.7962621
0.7906678
0.7966978
0.8092414
0.7993207
0.7994053
0.7962358
0.7980104
0.7927845
0.7952388
0.8021179
0.7993525
0.7932791
0.7974856
0.7939308
0.7914251
0.8051742
0.805461
0.7967404
0.8131063
0.7987008
0.806811
0.7935712
0.7940699
0.8007102
0.8162086
0.8165105
0.81708
0.8181498
0.6725517
0.6754548
0.6760196
0.6757312
0.6743947
0.6758915
0.7997777
0.7851386
0.7893119
0.7877909
0.8019781
0.7912738
0.8041015
0.7838698
0.7885989
0.8054513
0.7889649
0.7799757
0.7758522
0.778167
0.7781899
0.7813719
0.7847015
0.7802867
0.7762088
0.7754331
0.776012
0.7768944
0.7839533
0.8112509
0.7925758
0.7964828
0.7077719
0.7985464
0.8121417
0.7974531
0.7947827
0.8050141
0.7993908
0.7953068
0.7953979
0.7888491
0.7900774
0.7894478
0.7880492
0.7896436
0.7908579
0.7902275
0.7888303
0.7961097
0.8071884
0.8022919
0.8091045
0.8089145
0.6894462
0.800028
0.8024553
0.6867757
0.677553
0.8143937
0.7898925
0.7989914
0.8010129
0.8141126
0.8017169
0.8003546
0.8022211
0.8074592
0.8026316
0.8105203
0.802001
0.8067463
0.8023543
0.7972018
0.8080006
0.8030183
0.7946837
0.8024248
0.7938414
0.7971425
0.805605
0.8009782
0.794929
0.7890935
0.7959242
0.7991729
0.7965017
0.8099512
0.8029777
0.7975025
0.8073317
0.8021492
0.8026796
0.8021176
0.7982257
0.7979132
0.8154984
0.8149662
0.8151178
0.815858
0.6587549
0.6609744
0.6616379
0.6573785
0.6594452
0.6600048
0.7922051
0.7971886
0.7945101
0.7887155
0.7927069
0.794897
0.8056461
0.787285
0.7878102
0.79487
0.8044537
0.7801398
0.7774205
0.7777222
0.7807878
0.7862639
0.7852895
0.7822823
0.7829661
0.7794264
0.7792217
0.7828099
0.7884247
0.8135322
0.8020504
0.7925226
0.6896977
0.7920476
0.805675
0.7952984
0.8057544
0.8055712
0.7983425
0.8047362
0.7987935
0.7922205
0.7908235
0.7913805
0.7901563
0.7919116
0.7904983
0.7910563
0.7898317
0.7986228
0.8037303
0.7983551
0.8092367
0.797651
0.7003799
0.8020972
0.7996488
0.6757297
0.6741663
0.815884
0.7921224
0.8037178
0.8078535
0.8096634
0.8063025
0.7948608
0.8049778
0.794302
0.8087615
0.8049202
0.8009279
0.8015795
0.7980069
0.7941114
0.813698
0.8090578
0.8000578
0.7959502
0.7925408
0.7985601
0.7986563
0.8009485
0.7983639
0.7994388
0.7946031
0.795603
0.7986101
0.8030445
0.8122848
0.7967088
0.8069636
0.8035464
0.8059128
0.8015618
0.7919152
0.7981472
0.8089434
0.8089131
0.8097364
0.8098138
0.6558769
0.663596
0.6593073
0.65912
0.6569986
0.6571291
0.7871878
0.7871605
0.7920585
0.7882686
0.79691
0.789874
0.8078681
0.7908465
0.7920632
0.8015757
0.8001817
0.7736404
0.7699223
0.77164
0.7734364
0.7792614
0.7797382
0.7751637
0.7766139
0.7732172
0.7737976
0.7744943
0.7825312
0.8109543
0.7945854
0.7997597
0.6903385
0.8012103
0.8074018
0.7910862
0.802801
0.80825
0.7974755
0.8053104
0.7986935
0.7902559
0.7911455
0.7899207
0.7886088
0.7894368
0.7903101
0.7890855
0.7877723
0.7979322
0.8017396
0.8084822
0.8082114
0.8074101
0.6928664
0.7989763
0.7988748
0.6797735
0.684173
0.8168114
0.7908941
0.7951001
0.8085092
0.8121165
0.7986322
0.7969861
0.8116715
0.8040492
0.7971412
0.8090218
0.8053328
0.8046859
0.8029855
0.794948
0.8088988
0.8056332
0.8022073
0.7895037
0.7971137
0.7965059
0.7998428
0.8019681
0.8066586
0.7892278
0.7962286
0.8074863
0.7995321
0.8078499
0.8004687
0.7997593
0.8077864
0.802106
0.8013756
0.7972448
0.7995901
0.793765
0.7895529
0.7886587
0.7888809
0.7898431
0.7820874
0.7838174
0.7826275
0.7810578
0.7829228
0.7829889
0.7645971
0.7633839
0.7712593
0.757875
0.7641132
0.7725819
0.7805428
0.7638561
0.7612026
0.7820784
0.7747409
0.7487983
0.7461522
0.7459136
0.7485652
0.7526897
0.7549296
0.7522789
0.7449084
0.7492215
0.749819
0.7483053
0.7517457
0.7733238
0.7738589
0.7756815
0.7855009
0.7765631
0.7804809
0.7706415
0.7767761
0.7791649
0.7718691
0.7751733
0.7688966
0.7687775
0.7669924
0.7677098
0.766982
0.7662707
0.7644537
0.7651796
0.7644501
0.7717555
0.7794128
0.7823942
0.7845766
0.7827453
0.7981253
0.7754304
0.7647694
0.7994949
0.7803506
0.7996957
0.7802845
0.7765146
0.7882794
0.7800379
0.7740712
0.7705984
0.7764604
0.7778595
0.7809884
0.7865814
0.7851608
0.7776505
0.7726456
0.769004
0.7880137
0.784133
0.7789158
0.7693582
0.7645324
0.7700662
0.7731929
0.7725143
0.7700124
0.7570127
0.7729058
0.7842473
0.7810799
0.7825896
0.7784013
0.7751186
0.7809856
0.7879002
0.7779281
0.7739634
0.7775471
0.7837148
0.8015299
0.8004073
0.8013905
0.8016419
0.8024449
0.8050619
0.8032326
0.8018151
0.8030921
0.8038362
0.6132396
0.6134667
0.6220657
0.6077224
0.6347731
0.641317
0.6572965
0.639168
0.6162957
0.6439612
0.6475149
0.5570514
0.5545386
0.5520173
0.5457735
0.5728766
0.5711474
0.568496
0.5610199
0.5572361
0.5593066
0.5530638
0.563799
0.6772244
0.6446287
0.7758303
0.7995687
0.7735809
0.8012346
0.6622532
0.67304
0.6467349
0.6542728
0.6548377
0.6345726
0.6017551
0.5966265
0.6003197
0.5987042
0.6018186
0.5967716
0.6004636
0.5988484
0.656997
0.6648538
0.6637422
0.672791
0.6680108
0.8024274
0.6554096
0.6352553
0.8022925
0.7957626
0.6933157
0.6531669
0.6510752
0.6611283
0.6747356
0.6579049
0.6295234
0.6396902
0.6758566
0.665721
0.6960519
0.6760952
0.6668469
0.6684657
0.6611206
0.678293
0.6819986
0.6544135
0.6251891
0.6330918
0.6641162
0.6362838
0.6804982
0.6550961
0.6459129
0.6568774
0.6621071
0.6690647
0.678325
0.6770215
0.671781
0.6489669
0.6527281
0.6298081
0.65495
0.6717131
0.6626764
0.8181881
0.8175894
0.8187929
0.8191847
0.6715323
0.6771426
0.6749171
0.6742266
0.672511
0.6752005
0.7977734
0.7945121
0.7897677
0.791208
0.793514
0.8000818
0.7942986
0.7921321
0.7938187
0.7955416
0.7989353
0.7874299
0.7855609
0.7852637
0.7853537
0.7855616
0.788211
0.7867473
0.784021
0.7830143
0.7834888
0.7862341
0.7939352
0.8181695
0.7946207
0.8024768
0.686236
0.8046142
0.809707
0.8018421
0.7969365
0.801533
0.8025763
0.8010701
0.7990444
0.7974701
0.7956409
0.7950205
0.7939952
0.7961879
0.7943369
0.793718
0.7926913
0.7870646
0.804699
0.8041592
0.8066731
0.8117968
0.713583
0.7972593
0.7956656
0.7189316
0.7000382
0.820427
0.8029727
0.8018653
0.8058478
0.8164171
0.7965821
0.8054944
0.812594
0.807549
0.8018372
0.8132664
0.8040059
0.8096247
0.8042956
0.7875252
0.808747
0.8080625
0.7984195
0.795687
0.7916925
0.8045788
0.8020862
0.8034977
0.801815
0.7910633
0.7983246
0.8010239
0.8021804
0.8120548
0.8108219
0.7995856
0.8101007
0.7995744
0.7973753
0.7949764
0.7940797
0.8023076
0.813861
0.8136646
0.8147244
0.8146314
0.6746875
0.6779956
0.6780031
0.6774093
0.6769183
0.6778775
0.7938009
0.7926363
0.7933361
0.7896942
0.7908674
0.7936254
0.7921699
0.7881935
0.794531
0.7961898
0.8020287
0.7811398
0.7797459
0.7776285
0.777911
0.780546
0.7834994
0.779031
0.7758657
0.7771678
0.7770503
0.7781864
0.7854077
0.814876
0.7937452
0.7997064
0.6865774
0.8008076
0.8093902
0.7959527
0.7986169
0.8023508
0.796603
0.7989551
0.7972156
0.7954844
0.7941197
0.7945774
0.793788
0.7939306
0.7925432
0.7930055
0.792215
0.7885438
0.800555
0.8061751
0.810155
0.8089656
0.7059969
0.7954229
0.7924476
0.7002329
0.6806723
0.8158119
0.7971545
0.7950976
0.8030682
0.816437
0.7977528
0.7991579
0.8085965
0.8019767
0.7992589
0.801983
0.8043618
0.8049951
0.8009766
0.7852557
0.8077225
0.8044126
0.7978381
0.7944869
0.7947394
0.8007668
0.8006354
0.8004409
0.8010341
0.7890351
0.7968108
0.8004984
0.796528
0.8056683
0.8070261
0.7978544
0.8051687
0.7964281
0.8028013
0.7931962
0.7916667
0.7998141
0.8097544
0.8095572
0.8105396
0.8104488
0.6687112
0.6712307
0.6719535
0.6707269
0.6704394
0.671094
0.7917273
0.7906296
0.791517
0.7873265
0.7888532
0.7917073
0.791426
0.7859941
0.7927808
0.7934465
0.7984883
0.7800099
0.7792162
0.7770926
0.7770313
0.7799353
0.782468
0.7780623
0.7739401
0.7760288
0.7762564
0.7770448
0.7842072
0.8118168
0.7931687
0.7955999
0.6775463
0.7980702
0.8064073
0.793518
0.7949312
0.8016274
0.7946749
0.7955341
0.794946
0.7933329
0.7914491
0.7930053
0.7913744
0.7920222
0.7901157
0.7916782
0.7900445
0.7872714
0.7996432
0.8035414
0.8070175
0.8052699
0.6976217
0.7921588
0.7888116
0.6937451
0.6731302
0.813592
0.7936014
0.7923888
0.7996792
0.814326
0.7954179
0.7965612
0.8063953
0.7989928
0.7968806
0.8012445
0.8013074
0.8018591
0.7976449
0.7816377
0.8053744
0.8005277
0.793101
0.7915316
0.791801
0.795665
0.799221
0.7968694
0.7989335
0.7861463
0.7958067
0.7987775
0.7930645
0.8032318
0.8036353
0.7924488
0.8036285
0.7951015
0.7991638
0.7931235
0.7882293
0.7973439
0.8167802
0.816179
0.8175499
0.8176191
0.6688387
0.6755889
0.6720372
0.6707241
0.6699248
0.6723216
0.7938426
0.7932715
0.7876881
0.787103
0.7896113
0.7958191
0.7934723
0.7889662
0.7925712
0.7904047
0.7957336
0.783447
0.781903
0.7809232
0.7816172
0.783271
0.7849224
0.783763
0.7780717
0.7790132
0.7791522
0.7804538
0.7882426
0.8154904
0.7951216
0.799267
0.6842663
0.8015136
0.807322
0.79913
0.7959438
0.7993898
0.7986977
0.7979457
0.7976372
0.7954251
0.7937444
0.7941981
0.7922603
0.793476
0.7917697
0.7922292
0.7902861
0.7883935
0.8036341
0.8002908
0.8042085
0.8123381
0.7071006
0.7937044
0.7940892
0.7166995
0.6975015
0.8210666
0.8005833
0.8005546
0.8022665
0.8128398
0.7950066
0.8032912
0.8141811
0.8040421
0.8016872
0.8085688
0.806645
0.8082727
0.8039081
0.7853955
0.8102914
0.8065103
0.7982599
0.7953569
0.7898455
0.8019693
0.8000978
0.8014189
0.8024199
0.7900526
0.7990909
0.7979147
0.7997921
0.8116815
0.8067546
0.7981842
0.807453
0.8000825
0.7960563
0.7946326
0.7943395
0.802665
0.809867
0.8095038
0.8107333
0.8103099
0.6616209
0.6650183
0.6648823
0.6648036
0.6645146
0.6644348
0.7890436
0.7862377
0.7881719
0.7829931
0.7894444
0.7904404
0.7933472
0.7847314
0.7883849
0.7927659
0.790518
0.7755434
0.7730979
0.7732237
0.7724763
0.7788468
0.7800042
0.7763569
0.7712062
0.7715679
0.7722297
0.7729983
0.7805308
0.8114301
0.7868795
0.8001257
0.6802089
0.8010573
0.8091394
0.795787
0.7922105
0.7962052
0.7881913
0.7941711
0.7904183
0.7898932
0.7877395
0.7882157
0.7873375
0.7888311
0.7866555
0.7871349
0.7862558
0.7881273
0.7908394
0.8030864
0.8029331
0.8023272
0.7040312
0.7883513
0.7893225
0.7020222
0.6888941
0.8097175
0.7905166
0.7911017
0.7988166
0.8088942
0.789736
0.7934897
0.8008395
0.794035
0.7924663
0.7998429
0.7985209
0.8041603
0.7983792
0.7806242
0.8025072
0.8006685
0.790398
0.7867523
0.7881528
0.7937075
0.7961337
0.7926323
0.7954061
0.7841085
0.7901296
0.7908793
0.785527
0.8005431
0.8046853
0.7921008
0.799513
0.7922205
0.7921706
0.7919727
0.7885864
0.7940416
0.6628925
0.6611736
0.6633735
0.6635904
0.8062917
0.8089283
0.8066695
0.8060828
0.8069545
0.8066858
0.7968673
0.7998591
0.8025922
0.7931524
0.8032982
0.803387
0.8066051
0.7897316
0.7902686
0.7970196
0.8042302
0.7839604
0.7810544
0.7816208
0.7823344
0.7816881
0.7857398
0.7808615
0.7791173
0.7803481
0.7834536
0.7806108
0.7864725
0.806511
0.8002698
0.813386
0.8263477
0.8090871
0.7878874
0.7998718
0.8139469
0.8124602
0.8061674
0.8077194
0.8040811
0.7932397
0.7923486
0.7906845
0.7895333
0.7900248
0.7891896
0.787524
0.7863685
0.8071424
0.8129538
0.815288
0.8113558
0.8126537
0.8217292
0.8064834
0.8044645
0.8212925
0.8155053
0.8156826
0.8011176
0.7941007
0.8143549
0.815557
0.8084551
0.8034822
0.8064562
0.816185
0.814735
0.8054749
0.8119695
0.8057467
0.8058982
0.8037854
0.8178468
0.8039557
0.8122608
0.807744
0.8013451
0.7935452
0.8006197
0.8109528
0.8084357
0.7970336
0.8017434
0.8122246
0.8129466
0.8155732
0.8085
0.8070013
0.8078578
0.816795
0.8054497
0.8021808
0.8027712
0.8040585
0.6230418
0.6192229
0.6237454
0.6218666
0.8213686
0.822115
0.8215811
0.8210983
0.8214411
0.822838
0.7915883
0.7907384
0.8100478
0.7904869
0.7993051
0.7997217
0.804083
0.7913488
0.7903543
0.8045993
0.8028883
0.7829232
0.7817821
0.7819085
0.7823534
0.7843759
0.7860567
0.7822029
0.7809052
0.7821146
0.784572
0.7817782
0.7872957
0.8087138
0.7997196
0.80969
0.8240243
0.8085951
0.7908035
0.8047876
0.806846
0.8065014
0.8047873
0.8059139
0.8079298
0.7907594
0.7911388
0.788479
0.7875945
0.7895215
0.7899678
0.7873056
0.78642
0.8056793
0.807495
0.8083228
0.8102401
0.8063105
0.8235899
0.8048645
0.8045312
0.8211348
0.8153409
0.811005
0.7992778
0.7928511
0.8085166
0.8053173
0.8039709
0.7976367
0.8043998
0.8122005
0.8038178
0.8025276
0.8122764
0.8040384
0.8051103
0.8060327
0.8129965
0.8107455
0.8065278
0.8039243
0.7921712
0.7927355
0.7958601
0.8172316
0.8108108
0.7959341
0.7936167
0.8010172
0.812404
0.8119426
0.8111025
0.8094539
0.8003642
0.8118585
0.8058361
0.7999272
0.799898
0.8063592
0.8045828
0.8042084
0.8046143
0.8057295
0.6444826
0.6508225
0.6485581
0.6465969
0.6440747
0.6477514
0.7879563
0.7866333
0.7915167
0.7871472
0.7977075
0.7908501
0.8003812
0.7844821
0.7874445
0.7937456
0.7981287
0.7772787
0.7745119
0.7754406
0.7781227
0.7809941
0.7806898
0.7758922
0.777353
0.7717863
0.7730855
0.7792894
0.7861463
0.8113328
0.7969989
0.7974175
0.6908182
0.8010408
0.8112363
0.790433
0.7981967
0.8065553
0.7937023
0.8022197
0.7931931
0.7928592
0.7913613
0.7918382
0.7898252
0.7922897
0.7907738
0.7912525
0.789238
0.7922124
0.8007872
0.801147
0.7938092
0.8048798
0.6926652
0.7965559
0.7972183
0.6840664
0.6722281
0.804498
0.7857403
0.7814826
0.8025885
0.8064797
0.7928238
0.7897863
0.8051865
0.7959726
0.7990214
0.8004977
0.7985272
0.8039649
0.800786
0.7858174
0.8094369
0.8027369
0.7881387
0.7885657
0.793535
0.7948056
0.7986091
0.7946108
0.7959481
0.7841048
0.7932717
0.7986796
0.7931856
0.8026191
0.7991647
0.7878349
0.8032973
0.7967288
0.7972751
0.7928002
0.7904178
0.7938448
0.811081
0.8107105
0.8115404
0.8111079
0.6642289
0.6659881
0.6672285
0.6639311
0.665354
0.6657021
0.7985692
0.7952054
0.8029395
0.7889522
0.7999437
0.7957856
0.8015037
0.7846549
0.7959444
0.8069758
0.8012116
0.7856323
0.7841309
0.7832113
0.7843544
0.7887214
0.789215
0.7864029
0.7841063
0.7842815
0.7856379
0.7892592
0.7956438
0.8150776
0.7970385
0.7999429
0.7028902
0.802766
0.8180621
0.8003132
0.7996012
0.8035803
0.8051625
0.8008799
0.7978342
0.7986794
0.7987457
0.7983542
0.7974675
0.7972716
0.7973192
0.79693
0.796042
0.7932165
0.8037668
0.8072195
0.8114543
0.8056727
0.7138627
0.8012712
0.801006
0.6949463
0.6910595
0.8167258
0.7961298
0.7941155
0.8041325
0.812671
0.8063627
0.8031547
0.8079108
0.8041019
0.8115911
0.8138428
0.8037397
0.8067763
0.8017499
0.7948297
0.8100364
0.8132547
0.7995329
0.8019063
0.798723
0.8018761
0.8046819
0.8050333
0.8010411
0.7995184
0.8009803
0.8057235
0.7901074
0.8138763
0.8114748
0.7966769
0.8080395
0.8045107
0.8059691
0.8031653
0.8005759
0.8056363
0.8124119
0.8108737
0.8122797
0.8130236
0.6573047
0.6613411
0.6600781
0.6598916
0.6590637
0.6593012
0.7881309
0.7864884
0.7891109
0.7796779
0.7861463
0.7880045
0.7860207
0.7766983
0.7846284
0.7943357
0.7902943
0.7749196
0.7733286
0.7743319
0.7732268
0.7772182
0.7779514
0.7745084
0.7708066
0.7720473
0.7718398
0.7759446
0.7826427
0.8066546
0.7855013
0.7915573
0.6856195
0.7956868
0.8039637
0.783325
0.7948157
0.7945769
0.7938736
0.8009113
0.7918269
0.7892417
0.7882576
0.7887363
0.7869163
0.7879149
0.7869094
0.7873922
0.7855689
0.7843568
0.7964443
0.7991661
0.8
0.7995235
0.6953743
0.788193
0.7907108
0.6922108
0.6783788
0.8163075
0.7860418
0.7874241
0.7988344
0.8059349
0.7910448
0.7948317
0.8001977
0.7931335
0.7915552
0.8059776
0.7989717
0.7981522
0.7940594
0.7827419
0.8001303
0.7928221
0.7954151
0.7921655
0.7871347
0.7887154
0.7939745
0.7931184
0.7959125
0.7822724
0.7893753
0.7955724
0.7934512
0.8052284
0.8046699
0.7928318
0.7958193
0.784634
0.7973884
0.7916636
0.7936648
0.7982823
0.8067589
0.806224
0.8060324
0.8066178
0.6534259
0.656767
0.6564168
0.6548369
0.6547572
0.6544569
0.7827396
0.7819168
0.7884722
0.7889084
0.7833755
0.7898236
0.7975281
0.7797913
0.7814134
0.7897131
0.7915093
0.7696545
0.7667336
0.7685371
0.7670861
0.7719946
0.7728953
0.77028
0.7686221
0.7660911
0.7672893
0.7686578
0.7762821
0.8022101
0.7894031
0.7903009
0.665287
0.7928169
0.806754
0.7867423
0.7894625
0.7969776
0.7899589
0.7935738
0.7850414
0.7835925
0.7805256
0.7822241
0.7802221
0.7823435
0.779251
0.7809557
0.7789503
0.7815644
0.7984385
0.8019538
0.8011928
0.8049427
0.6876717
0.7894219
0.7972566
0.6892998
0.6772432
0.8100567
0.7953788
0.7879823
0.7950428
0.8028441
0.7947276
0.7968916
0.8080822
0.7933309
0.794363
0.7939818
0.8015702
0.7973971
0.7949278
0.7870187
0.8011683
0.7908435
0.7845662
0.7880828
0.7929655
0.7894365
0.7942519
0.7974638
0.7961838
0.7895218
0.7954513
0.7870305
0.7889276
0.8133665
0.8033087
0.7988878
0.8007965
0.7911856
0.7955422
0.7967953
0.7873044
0.7980285
0.7237099
0.7225442
0.7234059
0.7239435
0.8183087
0.8189277
0.8188482
0.8186959
0.8194503
0.8197739
0.7983054
0.7958362
0.8036642
0.7880952
0.7943218
0.8008987
0.8084231
0.7892167
0.7964793
0.7969628
0.8014797
0.7906211
0.7876255
0.7874956
0.7880062
0.7901527
0.7911459
0.7873827
0.7855491
0.7855493
0.7879804
0.7853219
0.7892518
0.8109904
0.8045698
0.8161475
0.8164435
0.8120207
0.7927151
0.7979133
0.8139936
0.8057303
0.807108
0.8056481
0.8030558
0.7975837
0.796562
0.796181
0.7958915
0.7979436
0.796993
0.7966113
0.7963219
0.8026791
0.8126014
0.8131723
0.8111181
0.8158342
0.819376
0.8052657
0.8027778
0.8175322
0.8036096
0.8187238
0.7983649
0.8088994
0.8160248
0.8069142
0.809016
0.8005336
0.8084721
0.8144257
0.8093148
0.8062794
0.8126467
0.8118201
0.8104811
0.805434
0.8124332
0.8117099
0.8045493
0.8056658
0.7991227
0.798615
0.8076626
0.8065065
0.8041186
0.7973114
0.803797
0.8054136
0.8143293
0.8118924
0.8142817
0.8151045
0.8080997
0.813202
0.8044941
0.8028891
0.7958991
0.811587
0.7921129
0.7911237
0.7923121
0.7927544
0.807984
0.8076085
0.8094693
0.8060676
0.8083888
0.8073533
0.7945946
0.801628
0.8053263
0.8033443
0.7943437
0.8059733
0.8081695
0.8003792
0.7972161
0.8013338
0.8103076
0.7965837
0.7933092
0.7949773
0.7910246
0.7972668
0.8003098
0.7954983
0.7910257
0.7935835
0.7933838
0.7951157
0.8009191
0.8045538
0.800524
0.8018044
0.8071131
0.8091485
0.6901149
0.8074126
0.7989907
0.8026203
0.8020767
0.7877335
0.8029634
0.803782
0.8035289
0.8037161
0.8019996
0.8040597
0.8037939
0.8039804
0.8022646
0.8121327
0.8065888
0.806765
0.8003743
0.8121934
0.8120322
0.8027723
0.8010741
0.8138394
0.8000436
0.8133246
0.8146683
0.8058556
0.8086498
0.807831
0.8043939
0.7971377
0.8128395
0.8002337
0.8007827
0.8008579
0.8018827
0.8144583
0.8164295
0.8031836
0.8005119
0.8151621
0.8056059
0.8025672
0.8003251
0.8072689
0.8031129
0.81594
0.8048167
0.7948227
0.8056013
0.8067839
0.8084579
0.8079902
0.8143725
0.8108585
0.8099319
0.8110269
0.8059407
0.8004121
0.8014424
0.8088873
0.8191729
0.8187254
0.8194611
0.8196134
0.6804724
0.6800895
0.6835981
0.6835194
0.6835443
0.6820222
0.7922641
0.7836249
0.7894332
0.7848173
0.7925973
0.7904601
0.7964441
0.7845925
0.7816526
0.7898372
0.7916461
0.7757224
0.7726293
0.7737258
0.7749875
0.7805398
0.7823182
0.779094
0.7747535
0.77275
0.7747323
0.7756976
0.7823387
0.8052003
0.7917583
0.8013708
0.6837083
0.8022241
0.8164418
0.7890948
0.7938818
0.8011625
0.7946492
0.8024605
0.7897451
0.7903305
0.7897739
0.7882924
0.7880855
0.7912928
0.7907255
0.7892443
0.7890372
0.7922326
0.8004467
0.8069792
0.8059276
0.8055255
0.7141997
0.7980472
0.7970105
0.7017117
0.6895435
0.8141026
0.788975
0.7926847
0.7994504
0.8116201
0.790091
0.7888817
0.803281
0.796299
0.7922502
0.800853
0.8016979
0.8069596
0.803579
0.7889379
0.8026851
0.803837
0.7966483
0.7928485
0.7951578
0.7952226
0.8018134
0.79469
0.7967907
0.7881861
0.7911922
0.7965137
0.7956002
0.802429
0.8081785
0.7868653
0.8001549
0.794569
0.7922124
0.79574
0.7980924
0.7997828
0.8069566
0.8061658
0.8085935
0.807744
0.6790822
0.6799426
0.6833399
0.6803646
0.6810115
0.6814576
0.7901502
0.795974
0.793137
0.7868088
0.79487
0.7918187
0.7929731
0.7864939
0.7859012
0.8012945
0.7996512
0.7787365
0.7763656
0.7777144
0.7766064
0.7834993
0.7835504
0.7793044
0.7759357
0.7762064
0.7776516
0.7760063
0.7836627
0.8117336
0.7950779
0.7957393
0.6861973
0.794917
0.8057903
0.7924461
0.7993942
0.800707
0.8015235
0.7997331
0.7953383
0.7946323
0.794601
0.7923658
0.792412
0.793231
0.7931807
0.7909434
0.7909905
0.788554
0.802223
0.8034821
0.8051173
0.8029834
0.7072674
0.7986981
0.7917255
0.6998746
0.6888539
0.8110423
0.7969861
0.7967064
0.8051321
0.8119792
0.8006322
0.7938834
0.8086181
0.7968058
0.8018658
0.8021163
0.8006226
0.7989134
0.7981373
0.7908311
0.8048094
0.8005315
0.7917363
0.801084
0.7998738
0.7958895
0.7979293
0.7936336
0.7978929
0.7928873
0.7937908
0.8015352
0.7977186
0.8059208
0.8082934
0.7966714
0.8029836
0.7936217
0.7969629
0.7973971
0.7908175
0.7994948
0.8191437
0.8182009
0.8190169
0.8195826
0.6624523
0.6650298
0.6654225
0.6625816
0.6635655
0.6623139
0.7954403
0.796719
0.7925406
0.7927669
0.7939326
0.8026407
0.8005144
0.7926906
0.7961043
0.7979354
0.8018927
0.7813411
0.7782844
0.7785852
0.7808598
0.7824643
0.7850936
0.7801758
0.7769805
0.7773363
0.7782584
0.7800171
0.7863321
0.8168204
0.8003929
0.8023354
0.6841292
0.8069428
0.8100559
0.8020233
0.7970943
0.8066784
0.8058014
0.8097459
0.8009472
0.7984722
0.7968608
0.7974816
0.7961854
0.7970803
0.7954466
0.7960719
0.7947735
0.7960374
0.8014342
0.8156464
0.8105911
0.8114408
0.6951127
0.7975915
0.8051214
0.6876977
0.6680528
0.8168086
0.7974863
0.8014555
0.806949
0.8138147
0.802887
0.8095272
0.8151636
0.80365
0.8068985
0.807505
0.8127193
0.8045477
0.8020943
0.7981419
0.8107992
0.8053192
0.7976603
0.7999718
0.8020418
0.8013771
0.8063488
0.7996842
0.802426
0.7918574
0.8037237
0.7998464
0.8065786
0.8106852
0.8146126
0.8039395
0.8117835
0.8013871
0.8004063
0.8043731
0.8064305
0.8041385
0.8110203
0.8109898
0.8107193
0.810628
0.665901
0.6687244
0.6690659
0.6687762
0.6681703
0.6674588
0.7798326
0.777085
0.7851061
0.7780065
0.7783906
0.7884831
0.7875237
0.7772821
0.7782118
0.7823878
0.7935619
0.7709497
0.7689991
0.7697434
0.7690822
0.7696092
0.771037
0.7676833
0.7684173
0.7690497
0.769719
0.7706586
0.7755714
0.8019212
0.7855572
0.7964702
0.6762925
0.7929282
0.8044983
0.7848552
0.796646
0.794539
0.7923819
0.7940265
0.786439
0.783427
0.782158
0.7819692
0.7805634
0.7816609
0.7803672
0.7801818
0.7787729
0.7811323
0.7945837
0.8017472
0.7968717
0.8021591
0.696712
0.7875626
0.7933995
0.688447
0.6732957
0.8117461
0.7881798
0.789725
0.7977812
0.8045204
0.7916932
0.7898148
0.8023518
0.7892243
0.7950011
0.7940985
0.79745
0.8015739
0.7992824
0.7809782
0.8000868
0.794785
0.7861667
0.7781199
0.7906091
0.7933884
0.7938506
0.7937766
0.7943181
0.7836249
0.7877742
0.7903691
0.7958924
0.7988025
0.8020061
0.7914241
0.7985687
0.7886438
0.7926907
0.7915383
0.787408
0.7958963
0.8116269
0.8110931
0.812835
0.8125749
0.6723784
0.6748481
0.6757332
0.6772187
0.6743213
0.6772745
0.7990016
0.7959326
0.7941013
0.7904407
0.7904334
0.7984372
0.7972247
0.7928281
0.7981805
0.7947103
0.8001116
0.7823429
0.7803316
0.7815855
0.781773
0.7855179
0.7877142
0.7831824
0.7808404
0.7801544
0.7807278
0.782927
0.7891311
0.8070359
0.7936754
0.7979941
0.6934295
0.8013059
0.8109357
0.8037619
0.7982518
0.8057296
0.8103738
0.8079794
0.7927229
0.7940869
0.7949811
0.7937583
0.7922867
0.7927689
0.7936464
0.7924238
0.7909498
0.7933779
0.8085865
0.8057959
0.8043092
0.804146
0.7147037
0.7947764
0.8012466
0.6971886
0.6903713
0.8165341
0.798822
0.7939252
0.8050895
0.8118502
0.8026925
0.7976891
0.8107446
0.8057777
0.8019944
0.8095272
0.8055075
0.8045218
0.8045888
0.789761
0.8070909
0.8076813
0.7977171
0.8012947
0.797894
0.8019392
0.8026737
0.7982746
0.7984529
0.7907174
0.8010546
0.8005726
0.8020892
0.8080178
0.8169939
0.795862
0.8125868
0.7956194
0.8024769
0.8044331
0.7963533
0.8058287
0.8184426
0.8174181
0.8190596
0.8192114
0.6476534
0.6477624
0.6493704
0.6501563
0.648885
0.6474936
0.7920985
0.7898977
0.7907961
0.7828882
0.7924291
0.7836562
0.7980121
0.7739464
0.7842971
0.7989429
0.7898724
0.7783468
0.7752833
0.7768919
0.7757003
0.7812125
0.7823783
0.779609
0.7744227
0.7754769
0.7760527
0.7788448
0.7849858
0.8131723
0.7975297
0.8003937
0.7000305
0.7984697
0.802452
0.7866222
0.7884029
0.8033905
0.7881223
0.796347
0.7923416
0.7938783
0.7927494
0.792541
0.791408
0.7918902
0.7907367
0.790532
0.7893965
0.789852
0.7900022
0.7949027
0.8066115
0.8019275
0.6864724
0.7932969
0.7934332
0.6817245
0.6652807
0.8114237
0.7847476
0.7935415
0.7960374
0.8073578
0.7958925
0.7990819
0.8043967
0.7909362
0.7982343
0.803127
0.804232
0.8035326
0.79779
0.7934001
0.8000289
0.7975011
0.788851
0.7967594
0.7904748
0.7980877
0.7951756
0.8002863
0.7915799
0.7870148
0.7942249
0.7963235
0.7962649
0.8024576
0.8040583
0.7970063
0.7973333
0.7923505
0.794252
0.7967758
0.7962165
0.7930535
0.8197134
0.8186079
0.8192569
0.8200685
0.669535
0.6730293
0.6722656
0.6715582
0.6705353
0.6691967
0.7922087
0.7956622
0.7904861
0.7873689
0.7995
0.7978271
0.8015389
0.7832946
0.7910668
0.7999722
0.8026654
0.7851129
0.7818195
0.7822912
0.7815287
0.7862064
0.7867756
0.7854403
0.7824921
0.7784461
0.7791923
0.7831112
0.7896408
0.8103952
0.7962052
0.8001688
0.6921662
0.799172
0.8103104
0.7890559
0.805035
0.8052687
0.7985754
0.8032695
0.7991945
0.7981696
0.7994859
0.7975976
0.7968891
0.7963619
0.7976621
0.7957722
0.7950626
0.7876562
0.8048815
0.8015493
0.805711
0.8105985
0.7027497
0.8013097
0.797266
0.6942525
0.6788061
0.8173118
0.7949574
0.7954497
0.8022931
0.817256
0.8044981
0.8008041
0.8071909
0.8061642
0.8072538
0.8169054
0.8092336
0.8058218
0.8017822
0.7906122
0.8114032
0.8032881
0.7963925
0.8026925
0.796944
0.8017386
0.808135
0.8032283
0.7923878
0.7963858
0.8014497
0.7972756
0.8041614
0.8103534
0.8144474
0.7983069
0.8029064
0.7934821
0.7992581
0.7961016
0.795805
0.8025276
0.8141992
0.8124956
0.8144025
0.8137241
0.6658463
0.6652433
0.6690186
0.668517
0.6684377
0.6671961
0.7910062
0.7972482
0.7913013
0.7953286
0.7873373
0.7895366
0.7987877
0.7853064
0.791297
0.7982132
0.8015884
0.7756882
0.7725156
0.7727305
0.7745182
0.7791959
0.7807976
0.777738
0.7742855
0.7754304
0.7758339
0.7759262
0.7837588
0.8015605
0.7953456
0.8032925
0.6841454
0.802204
0.8115692
0.789541
0.8048815
0.8030068
0.8016226
0.8027754
0.788981
0.7943084
0.791655
0.7923776
0.7914947
0.7917249
0.7890372
0.7897687
0.7888834
0.794536
0.8008618
0.8063586
0.8038574
0.8056674
0.6964299
0.7927104
0.7946315
0.686158
0.684689
0.8104603
0.794256
0.8002124
0.8022155
0.8129271
0.8023297
0.8023313
0.8102215
0.8027314
0.7984306
0.8068565
0.804015
0.8124215
0.807493
0.7944315
0.8084402
0.8127445
0.7974263
0.8033732
0.8036625
0.8069439
0.7953618
0.8038373
0.8000572
0.7968827
0.7945814
0.8043039
0.7974764
0.8117445
0.8053653
0.7993214
0.8095868
0.8014165
0.800603
0.7963546
0.7916299
0.7995091
0.8244744
0.8238664
0.8241873
0.8244168
0.6555422
0.6573976
0.6597189
0.656205
0.655802
0.6564702
0.7883794
0.7861374
0.7905405
0.7888685
0.7868206
0.7905538
0.7971945
0.784358
0.7878788
0.7950154
0.7954609
0.7726947
0.7716253
0.7720166
0.7716147
0.771871
0.773039
0.7682803
0.7717368
0.7706979
0.7708408
0.7750412
0.7796731
0.8086817
0.7955139
0.8032095
0.6642582
0.802457
0.8070479
0.7892791
0.7955028
0.8099817
0.8016231
0.7978034
0.7942349
0.7946429
0.7931759
0.7926283
0.7914917
0.7927349
0.7912427
0.7906977
0.7895585
0.7963992
0.8030118
0.8051838
0.8050498
0.8060131
0.6967875
0.7923678
0.7951391
0.6890225
0.672572
0.8162651
0.7903733
0.7930322
0.802888
0.8045895
0.7964165
0.8008915
0.8068781
0.7968182
0.79173
0.8052303
0.8012454
0.8034885
0.8010283
0.7904107
0.811867
0.8026118
0.7885764
0.7895036
0.8012331
0.8017441
0.8020507
0.7991084
0.7992837
0.7920457
0.8011125
0.8017175
0.7955966
0.8110682
0.8069681
0.7972801
0.809839
0.7915842
0.7977362
0.7932604
0.7936683
0.8064053
0.81064
0.8102713
0.8103362
0.8114265
0.6506822
0.6530412
0.6541469
0.6536322
0.6533344
0.6518333
0.7905197
0.792216
0.7938569
0.7906845
0.7932296
0.7891238
0.7965757
0.7855574
0.7838319
0.799958
0.7972868
0.7800143
0.7764055
0.7767966
0.7790964
0.7816746
0.7820696
0.778306
0.777198
0.7762453
0.7770874
0.7814759
0.7880752
0.8131299
0.7952209
0.7968283
0.6775807
0.7998303
0.8130149
0.7924891
0.7980285
0.8023289
0.7964097
0.8006635
0.795828
0.7944331
0.7930427
0.7932561
0.79186
0.7932777
0.7918664
0.7920827
0.7906846
0.7839034
0.8018902
0.8062942
0.8051465
0.8016109
0.6876733
0.795469
0.7947592
0.6777582
0.6756562
0.8180379
0.7907445
0.7911647
0.805161
0.8110259
0.802328
0.7968605
0.8052095
0.8034275
0.8031723
0.8069657
0.8017605
0.804506
0.7973587
0.79164
0.8082995
0.8044214
0.799492
0.8029543
0.7948609
0.7920051
0.802561
0.8038439
0.7993521
0.7909633
0.8003299
0.7980011
0.7916786
0.8050915
0.806058
0.7947639
0.8035061
0.7985301
0.8015213
0.8025776
0.7912104
0.8063375
0.8137248
0.8136097
0.8141806
0.8142544
0.6472965
0.6507197
0.6508795
0.6497093
0.6488648
0.6504118
0.7903486
0.7952662
0.7939352
0.7881128
0.7944109
0.7933849
0.8044417
0.7872792
0.7858259
0.799692
0.8034916
0.7782792
0.7762478
0.7767262
0.7753509
0.7851374
0.7863981
0.7826118
0.778174
0.7749518
0.7760565
0.7830525
0.7889387
0.8109376
0.794701
0.7998016
0.6826803
0.8011708
0.8110111
0.7927428
0.8057139
0.8054455
0.7985371
0.7956396
0.7918546
0.7967014
0.796508
0.7951951
0.7940579
0.7948772
0.7946629
0.7933502
0.7922105
0.7882319
0.8031666
0.8046676
0.8110661
0.8067821
0.6948504
0.8055633
0.8024596
0.6767628
0.6805732
0.8208805
0.791003
0.8002701
0.8025334
0.8126966
0.8057604
0.8024823
0.8042586
0.8028006
0.805819
0.8090857
0.7907625
0.8107767
0.8064039
0.79515
0.8102527
0.804401
0.8061401
0.8008202
0.7952795
0.8029053
0.8001432
0.7984692
0.8013207
0.7956534
0.8039132
0.8015278
0.8022118
0.8069657
0.8125132
0.7974126
0.8130841
0.8011408
0.803441
0.8011567
0.7928134
0.8017366
0.807121
0.8064975
0.8076622
0.8079955
0.6587143
0.6609372
0.6602097
0.6605585
0.6594058
0.6611458
0.7931348
0.7827012
0.7856392
0.7816435
0.7903294
0.7905715
0.7972292
0.7845316
0.7853087
0.7918221
0.8022208
0.7731062
0.772211
0.7734846
0.7762368
0.780564
0.7792189
0.7762182
0.7771359
0.770399
0.7710705
0.7752817
0.7819286
0.8063202
0.792727
0.8022459
0.6976583
0.8076249
0.810081
0.7947062
0.7899573
0.7972685
0.792356
0.8019837
0.7912434
0.7966906
0.7956537
0.7962808
0.7949776
0.7963829
0.7953302
0.7959583
0.7946547
0.7837395
0.8010803
0.7993897
0.8018591
0.7992312
0.6968402
0.7924755
0.7964439
0.6817384
0.6869558
0.8194923
0.7859508
0.7992325
0.8064607
0.8130935
0.7931206
0.7842037
0.795215
0.8027832
0.7909613
0.8088056
0.8000727
0.8025266
0.7994626
0.7941156
0.8045369
0.8052405
0.7965893
0.8013979
0.7963747
0.7961887
0.8024409
0.7969811
0.7977706
0.7912982
0.7972886
0.8014284
0.7982805
0.8063423
0.8040689
0.7920827
0.8030495
0.7954481
0.8028357
0.7944399
0.7961779
0.7982456
0.8145321
0.8135785
0.8142332
0.8148096
0.6671178
0.6688982
0.6671183
0.6692657
0.6690802
0.6685778
0.7811771
0.7832778
0.7821099
0.7769121
0.7774772
0.7931034
0.7980547
0.7807927
0.7858005
0.7905239
0.7939479
0.7738643
0.7695191
0.7707988
0.770751
0.7731207
0.7735903
0.7723824
0.7715802
0.7695674
0.7697991
0.7708333
0.7784071
0.8079865
0.7914211
0.7990929
0.6853331
0.8020716
0.8104869
0.786414
0.7939756
0.8010928
0.7949156
0.795953
0.7921734
0.7863284
0.7859264
0.7848718
0.7847511
0.7857596
0.7853403
0.784286
0.7841655
0.7840593
0.7955977
0.801333
0.8030455
0.8
0.7013017
0.7892053
0.7950657
0.6938162
0.6839222
0.8122473
0.7811845
0.7913952
0.8018303
0.811731
0.7977941
0.788798
0.8026204
0.7919046
0.7937464
0.8001738
0.7963814
0.8051307
0.8034278
0.7901481
0.8025283
0.8011822
0.792186
0.7894098
0.7908098
0.7956593
0.7971014
0.7944372
0.7948052
0.7840456
0.7936348
0.7910806
0.7932019
0.7989694
0.8051598
0.7928378
0.8040469
0.8003522
0.7983501
0.7913069
0.7909124
0.797619
0.8043215
0.8036096
0.8047789
0.8052013
0.6781455
0.6785743
0.6799305
0.6806849
0.6785206
0.6787606
0.7901642
0.7873303
0.7857945
0.7860336
0.7904044
0.7927757
0.7952855
0.7788058
0.7796574
0.7938529
0.7923451
0.7688254
0.7648932
0.7653785
0.7712869
0.7726004
0.7735092
0.7705227
0.7695568
0.7658533
0.7666187
0.7671946
0.776485
0.8051509
0.7862595
0.7972311
0.6971398
0.801664
0.8043736
0.7845118
0.7908087
0.7946046
0.7932953
0.8008036
0.7833045
0.7898362
0.7876519
0.7885618
0.7878425
0.788333
0.7861235
0.787039
0.7863188
0.7847623
0.7963084
0.8019423
0.7940053
0.7977463
0.7015834
0.787154
0.7855463
0.6971992
0.6904536
0.8044932
0.7867224
0.7830413
0.7974415
0.8049079
0.7954223
0.7902844
0.7958108
0.798602
0.786981
0.7982736
0.79534
0.7970901
0.7933978
0.7879155
0.8028046
0.7972074
0.7904345
0.7914915
0.787122
0.7891433
0.7887701
0.7904187
0.7886108
0.7846614
0.7870954
0.8026887
0.7975945
0.8035869
0.8023735
0.7873988
0.8015353
0.7927097
0.7916312
0.7905156
0.7906564
0.7870642
0.8162519
0.814721
0.8147053
0.8168599
0.6622364
0.6641677
0.6655277
0.6656603
0.6651566
0.6647578
0.7915707
0.7833734
0.7900125
0.7824084
0.7851758
0.7944266
0.8006815
0.7859659
0.7935638
0.7922014
0.7963624
0.7754022
0.7732837
0.7741128
0.7768519
0.7804688
0.7813785
0.7788517
0.7732135
0.7763644
0.7754623
0.7768648
0.7829551
0.8117204
0.7981148
0.8057837
0.675539
0.8051939
0.8134205
0.7952489
0.7971771
0.7989946
0.7980334
0.801403
0.7936948
0.7872624
0.7867802
0.7859
0.7851821
0.7843937
0.7838849
0.7830069
0.782287
0.7845837
0.799885
0.8039741
0.7993858
0.809575
0.7003794
0.7959026
0.7993405
0.6970935
0.6691188
0.815038
0.793541
0.7951525
0.8084513
0.8096767
0.7950311
0.8009475
0.8094403
0.7995799
0.7979696
0.807254
0.8069999
0.8122252
0.80554
0.7881543
0.8027201
0.8048955
0.7910187
0.7941093
0.7964004
0.7982518
0.8021915
0.800201
0.7977923
0.7844834
0.7927372
0.7985868
0.7973634
0.8123079
0.8122939
0.7924662
0.8096399
0.8007996
0.7955937
0.8022866
0.800073
0.8080837
0.81488
0.814515
0.8152503
0.8154896
0.66407
0.667953
0.6674603
0.6680152
0.6651828
0.6680686
0.7973189
0.7983533
0.7960909
0.7935661
0.7975028
0.7944678
0.8074422
0.7952591
0.7963119
0.7978077
0.7961512
0.7845684
0.7830812
0.7812166
0.7828738
0.7867813
0.7891473
0.7845485
0.7790004
0.781427
0.7807918
0.7849791
0.7907388
0.8114326
0.7992549
0.7996754
0.6922604
0.802806
0.8106803
0.798519
0.8006053
0.8099916
0.8039147
0.8067198
0.7969049
0.7947431
0.7933618
0.793236
0.7917628
0.7929205
0.7915147
0.7913926
0.789916
0.7928506
0.8092556
0.8093868
0.8102216
0.8125134
0.705909
0.7952679
0.8029105
0.6913668
0.6785516
0.8220146
0.8026325
0.7996317
0.8049105
0.8127714
0.8059461
0.8054675
0.8143905
0.8097974
0.8024107
0.8080671
0.8091027
0.8078593
0.8032326
0.7982672
0.8139201
0.8037403
0.7987435
0.8065737
0.7920254
0.8008302
0.8052105
0.8082026
0.7962817
0.800518
0.7976982
0.805399
0.8050292
0.8126921
0.8155795
0.8077625
0.8145553
0.8015144
0.8091327
0.8060698
0.8002921
0.8117899
0.8202216
0.819367
0.821247
0.8207396
0.6627631
0.6655454
0.6658238
0.6653229
0.6637651
0.6650585
0.7966406
0.7914573
0.7932559
0.7912934
0.7911988
0.797318
0.7997785
0.7939989
0.7908231
0.7958687
0.8023127
0.7827347
0.7796118
0.7799107
0.7826823
0.7847817
0.7863716
0.7820158
0.7831257
0.7805565
0.78147
0.7840034
0.7896552
0.8112606
0.7971289
0.8043478
0.6913722
0.8008386
0.8101874
0.7965578
0.8033382
0.8021353
0.8005056
0.8039134
0.7902321
0.7969129
0.7972232
0.7965902
0.7948807
0.7961078
0.7964018
0.7957698
0.7940584
0.7891257
0.8070612
0.8086428
0.8052591
0.8098767
0.7061387
0.8027065
0.8013656
0.6889151
0.6837345
0.8202742
0.7948718
0.7979969
0.8085859
0.8178614
0.8062183
0.8032292
0.808573
0.8027015
0.8049267
0.8072289
0.805179
0.8101099
0.8057745
0.8016067
0.8094012
0.8103033
0.7958684
0.801414
0.7939878
0.8038107
0.8020243
0.8026081
0.8032787
0.7967179
0.7981097
0.8008613
0.8029612
0.8117488
0.8196573
0.8055245
0.8121543
0.8018125
0.8045865
0.7961858
0.7945725
0.8051586
0.8119887
0.8120417
0.8121075
0.8123502
0.6996365
0.7078494
0.7017774
0.699791
0.699613
0.7012605
0.7903079
0.7810555
0.783324
0.7780859
0.7856087
0.7880664
0.791439
0.7850296
0.7885456
0.7933039
0.7990511
0.7782928
0.7743458
0.7759606
0.7735418
0.7759699
0.77618
0.7714738
0.7723479
0.7766335
0.7756451
0.7758239
0.7811409
0.8062281
0.7982
0.7972581
0.7234553
0.7959241
0.8078385
0.7853784
0.7930058
0.798995
0.7973537
0.7934491
0.7969493
0.7881166
0.7875527
0.7872684
0.7861255
0.7883161
0.7877382
0.7874535
0.786311
0.7882861
0.7992814
0.7989815
0.8012688
0.7973364
0.7379392
0.8032067
0.8000981
0.7375789
0.7229636
0.8102542
0.7906129
0.7942118
0.8008418
0.8059253
0.7892237
0.7965236
0.8027216
0.786932
0.7903086
0.8051967
0.8024281
0.8073125
0.8013366
0.7872114
0.8066888
0.8036098
0.7942625
0.794538
0.7852178
0.8041512
0.7936963
0.7950123
0.7930365
0.7909174
0.7926532
0.800014
0.7944602
0.7993499
0.8086963
0.7924689
0.8052275
0.7906237
0.793728
0.7948286
0.7834678
0.7994805
0.8145826
0.8144678
0.8136155
0.8147757
0.6750809
0.6775817
0.678428
0.6782451
0.6767071
0.6772591
0.7906213
0.7829161
0.7910022
0.7798706
0.7861773
0.7931397
0.795302
0.783883
0.787234
0.7962367
0.7933043
0.7766817
0.7736876
0.7746922
0.7713897
0.7754928
0.776836
0.7731068
0.7701939
0.7717896
0.7729834
0.7763073
0.7843988
0.8098065
0.7969983
0.7931426
0.6852482
0.7947993
0.8105496
0.7957423
0.7939239
0.7979576
0.7904823
0.7989448
0.7870238
0.7891085
0.7865849
0.7881766
0.7873745
0.7865019
0.7839441
0.7855484
0.7847442
0.7822219
0.7962349
0.7957256
0.8078916
0.8055416
0.6938339
0.7953779
0.7926287
0.6888449
0.6782961
0.809565
0.7830155
0.7944484
0.8030983
0.8038611
0.7913419
0.7986387
0.802034
0.7959866
0.7981268
0.7912032
0.8016361
0.7945429
0.7931646
0.7880446
0.8020139
0.794175
0.790997
0.7919506
0.7921344
0.7914154
0.8025201
0.7892256
0.7936222
0.7850607
0.7951401
0.7949438
0.7896202
0.7975087
0.8035512
0.7892597
0.8007725
0.7899136
0.7932811
0.7944542
0.7882813
0.8021479
0.8148278
0.8144647
0.815279
0.8146878
0.6680854
0.6693291
0.6711272
0.6700016
0.6710744
0.6700552
0.7924384
0.7899077
0.7951425
0.7818849
0.7901571
0.7890428
0.7974192
0.7913614
0.7856892
0.7948343
0.7997918
0.7775174
0.775764
0.7761512
0.7753973
0.781415
0.7816335
0.7764219
0.7784528
0.7732653
0.7742758
0.7773199
0.7841488
0.8143588
0.7983628
0.7903671
0.6893196
0.793135
0.8067204
0.7931375
0.797431
0.7994931
0.7991282
0.8033861
0.7918321
0.7940462
0.7930049
0.7923767
0.7909939
0.7923152
0.791251
0.7906248
0.7892389
0.7907124
0.8044856
0.7992259
0.8082646
0.8082358
0.7156497
0.7932144
0.7915701
0.7034445
0.7002486
0.8113815
0.7874555
0.7943965
0.8039967
0.8128142
0.7950428
0.7938013
0.7996624
0.8018983
0.8025968
0.8028481
0.8019709
0.8035939
0.8022385
0.7800142
0.8091182
0.8044299
0.7960124
0.7985263
0.7924356
0.7991731
0.8036901
0.7917296
0.7941786
0.7894182
0.7981664
0.8014165
0.8008296
0.8123134
0.8089738
0.7910384
0.7986713
0.7821712
0.8006415
0.7934331
0.7935743
0.8007602
0.8157136
0.8143481
0.816417
0.8152396
0.6609832
0.6623607
0.6637485
0.6618585
0.661352
0.6614833
0.7898379
0.7856438
0.7907268
0.7888873
0.7940539
0.7812389
0.8012237
0.7801614
0.7854111
0.7928351
0.7998465
0.7791087
0.7760394
0.7770401
0.7772397
0.7811991
0.7821958
0.7787167
0.7764815
0.7750107
0.7758498
0.7791726
0.7859323
0.8162188
0.791012
0.8054912
0.674741
0.8059054
0.8128917
0.7904153
0.7990839
0.8039492
0.7914058
0.7992549
0.7944231
0.7865366
0.7855381
0.7855988
0.7838542
0.7866517
0.7856388
0.7856992
0.783955
0.7840199
0.8001868
0.7997878
0.8038713
0.8000723
0.6911731
0.7941673
0.7936262
0.686495
0.6733897
0.8144878
0.7880524
0.7980142
0.7988611
0.8143751
0.7992262
0.8007357
0.8036092
0.8038692
0.7984451
0.8060997
0.8108128
0.8019851
0.8014639
0.7924835
0.8050982
0.8079257
0.7948272
0.796452
0.7944926
0.7957468
0.7934767
0.7989505
0.7896788
0.7938485
0.7976982
0.7995525
0.8010601
0.8097149
0.8123377
0.7938796
0.7998174
0.8031926
0.7980046
0.8036377
0.7983617
0.804701
0.8167286
0.8164482
0.8163509
0.8173346
0.637496
0.6395806
0.6418657
0.6383788
0.6387384
0.6399644
0.7872117
0.7901598
0.7896274
0.7873494
0.7872684
0.7906504
0.8002777
0.7868634
0.7837857
0.7863723
0.7908135
0.7699419
0.7671046
0.7680276
0.7708021
0.7723716
0.775368
0.7707464
0.7684669
0.7698888
0.769856
0.7710602
0.7780629
0.7987629
0.7893807
0.7936182
0.6756484
0.7920345
0.8064382
0.7874893
0.7931181
0.7944972
0.7966078
0.8004904
0.7894249
0.7878979
0.7845179
0.7867106
0.7856542
0.7880971
0.7847041
0.7868956
0.7858395
0.7814386
0.7978311
0.799506
0.8011954
0.7929084
0.6971767
0.7914412
0.7866997
0.681656
0.6704129
0.8121277
0.7828334
0.7985006
0.7954561
0.8040492
0.7974274
0.7896011
0.8003667
0.7946299
0.797643
0.8011645
0.8015736
0.8002672
0.7970402
0.7817197
0.8015173
0.7998422
0.7839119
0.7943919
0.7903123
0.7962376
0.7997297
0.7857764
0.7935836
0.7822912
0.7934588
0.7975966
0.7894212
0.8008353
0.8023863
0.7903524
0.8024752
0.7920192
0.7955328
0.789721
0.7894157
0.799928
0.8183663
0.8173414
0.8164983
0.8173158
0.6599602
0.6650864
0.6615519
0.6627482
0.6599013
0.6615238
0.788978
0.7822131
0.7919673
0.7851146
0.7849561
0.7926693
0.7965889
0.7844627
0.7910374
0.7896803
0.792326
0.7792079
0.7760599
0.7765351
0.7760398
0.7769748
0.780562
0.7762828
0.7717074
0.7736412
0.7738704
0.7769225
0.7843777
0.8097062
0.7976976
0.7974335
0.6902111
0.8006589
0.8036135
0.7923648
0.7958278
0.8043173
0.7889797
0.8031584
0.7912221
0.7894112
0.7879192
0.7873801
0.7868347
0.7879169
0.7864016
0.7858645
0.7853187
0.7835884
0.7932252
0.8033755
0.8023735
0.8062227
0.6850207
0.7884507
0.7965626
0.6876085
0.6783366
0.8094622
0.7905468
0.7909641
0.8010079
0.8084652
0.8006167
0.7964458
0.8038099
0.7996677
0.7964188
0.8021828
0.8044918
0.804456
0.8011655
0.7854303
0.8015025
0.8033455
0.788319
0.792845
0.7925139
0.7945263
0.8065064
0.7942425
0.8053996
0.7819368
0.7942228
0.7977512
0.7959227
0.8104113
0.8066671
0.7922281
0.807213
0.7893622
0.8004056
0.7947518
0.7906482
0.8005179
0.814472
0.814524
0.8150901
0.8159922
0.6512427
0.6546734
0.6557442
0.6558788
0.6530074
0.6553925
0.7869104
0.7814966
0.7834972
0.7815613
0.7839831
0.780271
0.7924252
0.7753079
0.7836579
0.7877726
0.7890641
0.7664825
0.764258
0.7660689
0.7707828
0.7705163
0.772378
0.7694906
0.7665167
0.7697837
0.7692253
0.7681336
0.7744559
0.8043159
0.7886449
0.7892834
0.6709708
0.7938485
0.8097236
0.7866667
0.7977236
0.7991115
0.790485
0.7982346
0.7875614
0.7865781
0.78601
0.785304
0.7844181
0.7836323
0.7830368
0.7823339
0.7814453
0.7839004
0.7985385
0.7966389
0.8011222
0.8058996
0.7039717
0.7855935
0.7948232
0.681811
0.6749128
0.8142428
0.7828797
0.7910066
0.7980944
0.8080564
0.7981207
0.7886011
0.8063454
0.7961369
0.7928129
0.7992814
0.806315
0.8059806
0.8020315
0.7872009
0.8007505
0.7969288
0.7882788
0.7933103
0.7905144
0.794563
0.7982936
0.7944536
0.7919656
0.7787083
0.7891605
0.7919703
0.7953613
0.7974775
0.8120238
0.7902128
0.8034868
0.7920479
0.7898704
0.7971595
0.7927275
0.8000287
0.8108471
0.8099752
0.8107974
0.8107057
0.6535654
0.6591038
0.6568957
0.6556313
0.6547963
0.6547103
0.7820423
0.7790475
0.7898445
0.7806681
0.7857697
0.7815334
0.7895699
0.7776831
0.7788777
0.7864954
0.7924807
0.7700108
0.7676964
0.7687104
0.7653877
0.7701659
0.7689549
0.7661886
0.7679122
0.7666045
0.7674552
0.7681222
0.7737745
0.8046606
0.7945602
0.7971825
0.6846993
0.7989854
0.8072047
0.7842395
0.7991393
0.801302
0.7917112
0.7947305
0.7889541
0.7858951
0.7851496
0.7843552
0.7827773
0.7863518
0.7855933
0.7847985
0.7832217
0.789224
0.7963484
0.7966066
0.7963866
0.8028149
0.6964871
0.7885064
0.7911155
0.6781325
0.6771986
0.8127699
0.7906111
0.7875663
0.7942486
0.8035483
0.7902505
0.7918956
0.7950814
0.8013327
0.796593
0.8009957
0.7958218
0.8038139
0.8023657
0.7865993
0.8098941
0.7931534
0.79584
0.791717
0.7889928
0.7923819
0.7904015
0.798142
0.7965943
0.7849943
0.7925681
0.7985148
0.7930912
0.8048113
0.8018005
0.7934149
0.8067538
0.7877024
0.7952623
0.7959827
0.7840842
0.8044198
0.8108643
0.8099922
0.8116557
0.8117314
0.6450545
0.6492202
0.6486378
0.6477942
0.6468404
0.6477328
0.7892157
0.7919213
0.78994
0.7816296
0.7893663
0.7899479
0.7938209
0.7811548
0.7868365
0.7987145
0.7968903
0.7737216
0.770977
0.7718102
0.7696448
0.7787328
0.7789481
0.7744512
0.7703873
0.7676703
0.7692253
0.7767678
0.7833891
0.8089408
0.7880639
0.7937793
0.670579
0.7951782
0.8064762
0.7890091
0.7881205
0.8010619
0.7907756
0.7892682
0.7820799
0.7921914
0.7913037
0.7910971
0.7895328
0.7897652
0.7888514
0.7886493
0.78708
0.7867433
0.7941857
0.7873193
0.8055654
0.7997973
0.6905819
0.7942294
0.7961528
0.6765247
0.6694427
0.810647
0.78715
0.7971427
0.8001969
0.8019282
0.7990417
0.7945742
0.7970613
0.8005655
0.7983417
0.7968422
0.7946943
0.8007903
0.7936294
0.783751
0.8024933
0.790188
0.7911208
0.7920722
0.7922555
0.7941051
0.7922386
0.7896989
0.7933991
0.7884452
0.7954382
0.7996219
0.7913813
0.8043102
0.8046123
0.7900706
0.80191
0.7896043
0.7975646
0.7906754
0.7823796
0.8011552
0.813796
0.8127603
0.8129944
0.8127338
0.6721247
0.6757622
0.6733903
0.6753021
0.6746997
0.6744149
0.7935268
0.7874965
0.7984072
0.7874055
0.7908153
0.7999163
0.8005432
0.7891367
0.7882128
0.7978753
0.8005863
0.7834993
0.7807936
0.7822219
0.7827537
0.7835773
0.7841457
0.7809503
0.7831138
0.7825133
0.7826549
0.7814839
0.7870226
0.813832
0.7963603
0.8076626
0.6873648
0.8063161
0.8150162
0.7922788
0.806897
0.8029254
0.802301
0.8031143
0.8014019
0.7935443
0.7907124
0.7901676
0.7903
0.7955924
0.7927625
0.7922151
0.7923459
0.7894103
0.8009489
0.8066174
0.8039467
0.8162421
0.7101712
0.7964328
0.8000421
0.6994347
0.6816307
0.8221937
0.802791
0.8025888
0.8071573
0.8097178
0.805102
0.8049538
0.8160486
0.8012602
0.8104309
0.8053199
0.8130291
0.8061798
0.8037271
0.7960438
0.8088786
0.8026996
0.8046043
0.7970297
0.7992978
0.8037659
0.801796
0.8040129
0.8045107
0.7935725
0.8006853
0.7976024
0.8031641
0.8183566
0.8178194
0.8021179
0.806517
0.803266
0.8022848
0.8071029
0.8041245
0.8070957
0.8076269
0.8073434
0.808589
0.808161
0.6744296
0.6774529
0.6787177
0.6754047
0.6765796
0.6772362
0.7906326
0.7884954
0.7919393
0.7842873
0.7960296
0.7915408
0.7941341
0.7893663
0.7857851
0.7970072
0.8028973
0.7763393
0.7754489
0.7746993
0.7735916
0.7782828
0.779973
0.7754941
0.7761555
0.7718835
0.7723769
0.7748245
0.7819828
0.8080744
0.7959932
0.7934119
0.6930115
0.7959184
0.8002926
0.7934505
0.7899076
0.794465
0.797009
0.8020775
0.7980551
0.7941074
0.7932291
0.7933566
0.7917979
0.7931251
0.7922278
0.7923578
0.790797
0.7844809
0.8042715
0.7965079
0.8063828
0.8065885
0.7097723
0.7948826
0.7950236
0.7045117
0.6906599
0.8142878
0.7892136
0.7968595
0.7958521
0.8069598
0.7993523
0.7961765
0.8055927
0.7980979
0.7944918
0.8024496
0.7991292
0.8032095
0.80353
0.7944837
0.8061814
0.8021544
0.7955649
0.7919625
0.7905233
0.8009575
0.7929945
0.7953529
0.796581
0.7986248
0.7924691
0.7959714
0.8016967
0.8063426
0.8097149
0.7987826
0.802889
0.7872612
0.7994803
0.7910964
0.7827215
0.7967845
0.8162117
0.8150965
0.8169153
0.8169034
0.6523553
0.6560318
0.6536394
0.6546388
0.6535869
0.6538245
0.7903237
0.7915028
0.790453
0.7873242
0.7842473
0.7902103
0.797781
0.7849531
0.7868458
0.79754
0.7947837
0.7792523
0.7780157
0.7782298
0.7768589
0.7801333
0.7811302
0.777722
0.7739174
0.7747151
0.774683
0.7779207
0.7839203
0.8008024
0.792103
0.7957492
0.6795589
0.7975603
0.8059753
0.7927097
0.7928541
0.8004672
0.802807
0.8025254
0.7908753
0.7906749
0.7909704
0.7912727
0.7890307
0.7911273
0.7914093
0.7917104
0.78947
0.7837338
0.8072909
0.8024857
0.8051366
0.8035186
0.6909661
0.7950808
0.7912189
0.6810475
0.6717789
0.8170347
0.790716
0.7925134
0.7911061
0.8092039
0.7967549
0.8005523
0.8071323
0.7994344
0.7966089
0.7997112
0.803845
0.80231
0.8002679
0.7853224
0.8024048
0.8047575
0.7939341
0.7938758
0.7921757
0.802503
0.8023927
0.7906707
0.7932301
0.7826829
0.8
0.7965067
0.8001133
0.8153989
0.8102441
0.7950593
0.8043417
0.7942256
0.7923849
0.8004818
0.7919794
0.7987276
0.8081079
0.8079096
0.8076352
0.8082192
0.6652139
0.6690976
0.669013
0.6683019
0.6674848
0.6653974
0.7987818
0.7889567
0.7945575
0.7870781
0.7930986
0.7938483
0.8018443
0.7896544
0.7912042
0.7981894
0.8014737
0.7827505
0.7797044
0.7809571
0.7810596
0.7829184
0.7853717
0.7819426
0.7807328
0.7803068
0.7807929
0.7803924
0.7876388
0.8117786
0.7983718
0.7947123
0.6822748
0.7961008
0.8115154
0.796278
0.7970984
0.8030559
0.8036956
0.8038284
0.7948209
0.7952159
0.7951866
0.7947218
0.793507
0.7944062
0.7943599
0.7938963
0.7926804
0.7960429
0.8068149
0.8084898
0.809231
0.8112547
0.70531
0.7996091
0.8041978
0.70525
0.6904295
0.8215862
0.8006365
0.7990809
0.8055246
0.8174873
0.7972441
0.804152
0.8132412
0.8024371
0.800989
0.8008916
0.8075846
0.8149229
0.8102739
0.7933103
0.8094178
0.8081197
0.8024133
0.7981128
0.7959857
0.805064
0.8065087
0.8028592
0.8034456
0.7942436
0.7984319
0.7987575
0.8053955
0.8078603
0.8127669
0.7975139
0.8075477
0.8057298
0.7992297
0.8051468
0.7981464
0.8061882
0.820282
0.8191787
0.8191668
0.8202247
0.6508876
0.6532265
0.6539966
0.6512242
0.6529764
0.6515964
0.7913914
0.7862108
0.7924371
0.7864583
0.787401
0.7943208
0.7982225
0.7833275
0.7851251
0.7923566
0.7889902
0.7782358
0.7752617
0.7757369
0.773413
0.7771332
0.780543
0.7757437
0.7723976
0.7718874
0.7722041
0.7749893
0.7828891
0.8069148
0.7949547
0.8093014
0.6952104
0.8105256
0.8126801
0.7891681
0.7922197
0.8006481
0.791953
0.79045
0.7905886
0.7891285
0.7866162
0.7893855
0.7875716
0.7878894
0.7853532
0.7881309
0.786314
0.7887949
0.7994987
0.7975863
0.8056342
0.8023131
0.6953024
0.7904642
0.796356
0.6749702
0.6616198
0.8139219
0.7941218
0.7923055
0.7967588
0.8060329
0.7943287
0.7987013
0.8049379
0.7980637
0.801116
0.8089703
0.8070163
0.7994519
0.7936777
0.7928531
0.804304
0.7939124
0.7944998
0.7949387
0.7965401
0.7963562
0.7949651
0.7967147
0.7913705
0.7909053
0.7971076
0.7964528
0.794948
0.8055854
0.8025796
0.7950964
0.8045024
0.7975615
0.7996086
0.7970856
0.7890178
0.8021095
0.8182136
0.8178517
0.8170118
0.818404
0.6586993
0.659934
0.6623068
0.6637105
0.6639487
0.6630211
0.7915827
0.7963697
0.7938778
0.7952118
0.7959411
0.796103
0.7951464
0.7865153
0.785669
0.801247
0.8050045
0.7828547
0.7807676
0.7805483
0.7805654
0.7849017
0.7846988
0.7819629
0.7805842
0.7807611
0.7810738
0.7831777
0.7905439
0.8123787
0.7964105
0.804141
0.68502
0.8022208
0.8154404
0.7899647
0.8013718
0.8065397
0.8031546
0.8070322
0.7924996
0.7963694
0.7961766
0.7958787
0.7945015
0.7961475
0.7959397
0.7956422
0.7942647
0.7906944
0.8033652
0.8045139
0.808338
0.8072883
0.6961364
0.8015013
0.7962055
0.6911661
0.6765311
0.818143
0.7929443
0.8049533
0.8051496
0.80706
0.8063461
0.7986322
0.8102811
0.8061788
0.8036937
0.8044613
0.8067661
0.8071693
0.8054024
0.7909174
0.8104706
0.8025405
0.7950418
0.8040531
0.8009201
0.8007561
0.799347
0.7977665
0.7980317
0.7958328
0.7984931
0.8042273
0.7992958
0.8115437
0.8096305
0.7978311
0.8131868
0.8056869
0.8047967
0.7991136
0.7921451
0.8044349
0.820961
0.8201073
0.8214112
0.8212322
0.662022
0.6608262
0.6647687
0.6623624
0.662601
0.6629436
0.7989652
0.7863751
0.7927554
0.7861109
0.7980723
0.7930409
0.8066359
0.7892787
0.7898058
0.7977083
0.8042997
0.7807521
0.7789198
0.7799107
0.7778564
0.7858896
0.7858599
0.7840885
0.7789154
0.7802988
0.7803537
0.782541
0.7877784
0.8112606
0.8048288
0.8035952
0.6936703
0.8048475
0.8071576
0.7966423
0.8002381
0.8022194
0.8016836
0.7985591
0.7982512
0.7923152
0.7910125
0.7922376
0.7906863
0.7912523
0.7899295
0.7911591
0.7896057
0.7943834
0.8005857
0.8021199
0.8093829
0.8077527
0.7053605
0.7977003
0.8005299
0.6923077
0.6826984
0.8152244
0.79581
0.797488
0.8065166
0.80837
0.803305
0.8065803
0.8122216
0.808608
0.804416
0.8110432
0.8021717
0.8053752
0.7997477
0.7929215
0.8069257
0.8006144
0.7999283
0.799986
0.7959284
0.8007137
0.804816
0.7971222
0.8008107
0.7877445
0.7993043
0.8045977
0.8016157
0.8077637
0.811496
0.8048559
0.8106742
0.7997207
0.8087258
0.8012467
0.7982545
0.807204
0.8191996
0.8189197
0.8205594
0.8192248
0.684601
0.6863629
0.6861582
0.6865928
0.6866172
0.6858303
0.7878746
0.7858047
0.7956416
0.7870781
0.7909027
0.797882
0.7966715
0.7931227
0.7929002
0.7969327
0.799638
0.7785923
0.7777936
0.7789631
0.7798497
0.7855735
0.7866554
0.7820294
0.7794378
0.7800481
0.7798444
0.782729
0.7886667
0.8082985
0.797359
0.7999718
0.6995577
0.8028415
0.809468
0.7984802
0.8052602
0.8040664
0.7996475
0.8008124
0.7990809
0.7966384
0.7953547
0.7956443
0.7937591
0.7949092
0.793602
0.7938963
0.7920067
0.7883067
0.8005733
0.8041339
0.8050926
0.8045102
0.7065783
0.8016166
0.7930889
0.6901497
0.6963658
0.8133916
0.7974046
0.8036481
0.8066067
0.8083832
0.7999439
0.7944807
0.8052395
0.8036447
0.8026193
0.8041592
0.8018187
0.806131
0.8014184
0.791861
0.8058176
0.8060788
0.7993952
0.7990431
0.802039
0.8030547
0.804394
0.7987376
0.8058259
0.7939896
0.8015924
0.8017686
0.8022822
0.8056372
0.808932
0.7946195
0.809868
0.7949782
0.8072482
0.801585
0.7940983
0.8063592
0.8139747
0.8134438
0.8153425
0.8145835
0.6616386
0.6622666
0.6634394
0.6648434
0.6632807
0.6619248
0.7970492
0.7985812
0.7927379
0.7916111
0.7921062
0.7950454
0.8057455
0.7886583
0.7927505
0.7941772
0.8009867
0.7832094
0.7802541
0.7800341
0.7816921
0.7861109
0.7859105
0.7824911
0.7807619
0.7780058
0.7788387
0.7819794
0.7863762
0.8141728
0.8011614
0.8043585
0.700746
0.8055265
0.8057743
0.8010243
0.7945698
0.8036568
0.8016878
0.8099042
0.8009592
0.7984894
0.7968815
0.7991681
0.7971266
0.7986005
0.7969794
0.7992653
0.7972241
0.79174
0.8010164
0.8090807
0.8089014
0.8014246
0.6867976
0.7960126
0.8037917
0.690879
0.6793513
0.8165321
0.7878874
0.8001976
0.7987523
0.8045591
0.8002943
0.802563
0.8128312
0.7966408
0.8039146
0.8013359
0.8110912
0.808224
0.8057051
0.7896598
0.8079713
0.8046395
0.7933329
0.7926915
0.7985304
0.8015561
0.8044048
0.7984085
0.8082891
0.7854014
0.7980194
0.8037786
0.804986
0.8159989
0.8150087
0.802516
0.8153857
0.7972783
0.8015086
0.8002037
0.7910218
0.8067101
0.8151142
0.8146664
0.815734
0.8154733
0.6541877
0.6566777
0.6593284
0.6579641
0.6563824
0.6594064
0.7943938
0.7987737
0.7956781
0.790007
0.7922878
0.792277
0.7989701
0.7912111
0.7937811
0.794025
0.800766
0.7808677
0.78033
0.7795886
0.7790879
0.7849993
0.7863393
0.7817027
0.7817011
0.7777305
0.7783922
0.7824913
0.7870652
0.8180874
0.792217
0.8043112
0.6803285
0.8055653
0.8058958
0.8004642
0.8011104
0.8020885
0.806764
0.8095371
0.7949428
0.802505
0.802416
0.8021894
0.8011505
0.8012052
0.8010981
0.8008739
0.7998335
0.7950647
0.8085667
0.804181
0.8112194
0.8037847
0.691797
0.7967918
0.8005602
0.6784748
0.6663198
0.8204781
0.7976148
0.8028507
0.8079872
0.8151171
0.7965206
0.8041993
0.8088895
0.8030019
0.7991376
0.8083995
0.8061776
0.8091011
0.8074152
0.7922353
0.8109253
0.8081723
0.8021148
0.797729
0.7988083
0.8088656
0.8045267
0.7973109
0.7967171
0.7901975
0.793479
0.799553
0.8057802
0.8120849
0.8145686
0.7981483
0.8092586
0.7944202
0.8021263
0.7933739
0.7979244
0.8052964
0.8177987
0.8173516
0.8179199
0.8178243
0.6727761
0.6720654
0.6750868
0.6734371
0.6737774
0.6747492
0.7918615
0.7899916
0.7892058
0.7864009
0.7893923
0.7910783
0.799387
0.788563
0.7862649
0.7960411
0.8021871
0.7769203
0.7751555
0.7759828
0.7756616
0.775121
0.7787258
0.7751114
0.7720163
0.7725555
0.7719098
0.7740919
0.7814282
0.8088616
0.7979869
0.8010294
0.6951285
0.8008716
0.808793
0.7931548
0.7984906
0.8006508
0.7994344
0.7971402
0.7972455
0.7917075
0.7904789
0.7895955
0.7893888
0.7909759
0.7897288
0.788846
0.7886396
0.790972
0.809938
0.802076
0.8119078
0.804221
0.7047965
0.7849401
0.7920051
0.7030981
0.6800762
0.8127877
0.7901288
0.7976723
0.8011372
0.8073401
0.8049447
0.8033609
0.811988
0.8004924
0.8028412
0.7994658
0.8015201
0.8017326
0.8002819
0.7935059
0.8051864
0.8015081
0.7954364
0.7950878
0.7936407
0.7992248
0.800955
0.7967872
0.794289
0.7926563
0.7926899
0.8013129
0.7991078
0.8067251
0.8100865
0.8007768
0.8100181
0.797128
0.8001964
0.7915901
0.7935062
0.7996967
0.8195663
0.8184564
0.8196882
0.8194259
0.664147
0.664488
0.6663751
0.6645968
0.6653672
0.665818
0.7810584
0.78727
0.7892974
0.783481
0.7909295
0.7904065
0.7952861
0.7847208
0.7851527
0.7975675
0.7962457
0.7746418
0.7730466
0.7725577
0.7738223
0.7770352
0.7793344
0.7735224
0.7715736
0.7707097
0.7710284
0.7736499
0.7787307
0.8077138
0.7914454
0.7917526
0.6962724
0.7997043
0.7988422
0.7931646
0.7986733
0.7993055
0.7974065
0.7983383
0.7927986
0.7856842
0.7851951
0.785855
0.7835952
0.7844324
0.7839231
0.7845872
0.7823235
0.7874663
0.7989056
0.7981001
0.8061856
0.8052715
0.6919725
0.7888936
0.7926967
0.6762027
0.6741107
0.8150277
0.7922115
0.7936587
0.8004779
0.8035907
0.7988166
0.8021924
0.8057336
0.7963205
0.7988042
0.794604
0.8033558
0.7998871
0.7964771
0.7932597
0.8072733
0.8046158
0.7914182
0.7921903
0.7950958
0.801689
0.7901856
0.7951494
0.7982783
0.7833132
0.7928731
0.7987254
0.7969049
0.8035611
0.8073369
0.7987542
0.8044544
0.7959529
0.8007157
0.7938175
0.7883508
0.7965807
0.8105271
0.8101614
0.8110641
0.8112238
0.6497315
0.6539178
0.6536031
0.6550292
0.6523653
0.6535723
0.7930051
0.7855384
0.7927066
0.7826087
0.7851118
0.7867135
0.7930457
0.7850461
0.7838468
0.7855786
0.7978671
0.7727338
0.7701725
0.7710033
0.7739316
0.7771323
0.7785578
0.776004
0.7730022
0.7715302
0.7724589
0.7747233
0.7822907
0.8026896
0.7886696
0.7962309
0.6854435
0.8012331
0.8007772
0.7932033
0.7978469
0.8025352
0.7948772
0.7981896
0.79515
0.7921806
0.7900266
0.7904995
0.7894479
0.7904396
0.7882592
0.7887373
0.7876837
0.7860679
0.7974574
0.8010851
0.8021041
0.7998414
0.6828782
0.7865557
0.7956189
0.6749283
0.6740046
0.8133735
0.7854228
0.7966006
0.8071727
0.8069212
0.7931594
0.7934412
0.8074012
0.7999133
0.795798
0.799237
0.8056814
0.7966006
0.7963342
0.7860185
0.8036487
0.799297
0.7933005
0.7936833
0.7969013
0.7980729
0.796963
0.7926636
0.7949398
0.7823529
0.7969608
0.7975692
0.7963343
0.8086963
0.8058977
0.7940093
0.8086926
0.7920778
0.8005594
0.7974619
0.7939971
0.7994672
0.825948
0.8249357
0.8254189
0.8263797
0.6811787
0.6824806
0.681708
0.6835858
0.6829935
0.6831289
0.7994198
0.7926676
0.7978628
0.791322
0.7976099
0.7945033
0.8036356
0.7865862
0.7877893
0.7991664
0.804927
0.7798992
0.7768454
0.7785354
0.7754334
0.7784452
0.7802136
0.7759348
0.7780609
0.7756447
0.7762198
0.7777066
0.785401
0.8123092
0.7991037
0.800618
0.6920368
0.7990327
0.8092617
0.7911513
0.7968212
0.8108806
0.8032419
0.8065414
0.7992237
0.8029247
0.8013442
0.8007056
0.8
0.8007186
0.7991115
0.7984754
0.7977684
0.7952618
0.805415
0.8081147
0.8067459
0.8066132
0.7140613
0.8019196
0.8033301
0.7060926
0.6908008
0.8145288
0.8006072
0.8003243
0.8059036
0.8176811
0.800504
0.8039491
0.8117024
0.8015416
0.8024153
0.8046372
0.8003174
0.813637
0.8133676
0.7930378
0.8151476
0.8049337
0.7982444
0.7986789
0.7983217
0.8071105
0.8056262
0.803765
0.8071418
0.7972595
0.7935986
0.8000696
0.8006478
0.8147648
0.8159454
0.8068285
0.8110618
0.8022753
0.8067116
0.8024226
0.7998691
0.8092997
0.8170303
0.8167488
0.8174011
0.8173889
0.6859582
0.6903405
0.6881359
0.6882629
0.6843757
0.688835
0.7949254
0.7898515
0.798878
0.7889124
0.793495
0.7955995
0.8080731
0.791655
0.7939769
0.7954036
0.8027325
0.7832028
0.7810162
0.782358
0.7806387
0.7843151
0.7862601
0.7823942
0.7802245
0.7813541
0.7825317
0.7819672
0.7892237
0.8074956
0.792752
0.8052898
0.6930297
0.8085449
0.802713
0.7954111
0.8050288
0.8043355
0.8005799
0.7983655
0.8008646
0.7988866
0.7987013
0.7990667
0.7968478
0.7982456
0.798044
0.7984113
0.7961903
0.7916019
0.8087174
0.8082712
0.8028109
0.8169818
0.7131999
0.7980074
0.7995924
0.7110938
0.6827876
0.8141275
0.8016599
0.795058
0.8015176
0.8118176
0.7972334
0.8067813
0.8129597
0.8050419
0.7969246
0.8151794
0.8070985
0.8031274
0.798799
0.7908
0.8054089
0.8026722
0.8012126
0.7981055
0.8044771
0.7968894
0.8009989
0.8008913
0.802432
0.7911544
0.803733
0.7975731
0.7966752
0.812415
0.8089666
0.7999717
0.80741
0.7974211
0.7992267
0.8082033
0.7931872
0.8052677
0.7943912
0.7932328
0.7941558
0.7947683
0.8095849
0.8097512
0.8122507
0.8075933
0.8093946
0.8094694
0.7926581
0.8033016
0.8019994
0.7992118
0.789496
0.8075448
0.8041611
0.7970057
0.7973059
0.7997334
0.8074669
0.788619
0.7856582
0.787516
0.7846658
0.7912367
0.7937809
0.7891351
0.7835529
0.7875222
0.7878358
0.7868712
0.7932528
0.8001417
0.8008621
0.8005253
0.8068479
0.8067854
0.6976956
0.8073155
0.8005244
0.7991161
0.8019029
0.7907789
0.8025324
0.806187
0.8059431
0.8059577
0.8043327
0.8068774
0.8066225
0.8066356
0.8050122
0.8100336
0.8082064
0.8060769
0.8008907
0.808137
0.8095171
0.7997324
0.7972543
0.8193419
0.8042975
0.8107187
0.8122129
0.805591
0.8076302
0.8067003
0.8009194
0.7953359
0.8096314
0.797164
0.7974757
0.7998983
0.8057935
0.8179975
0.8193747
0.8012308
0.8002482
0.8150504
0.8053366
0.8034097
0.7991384
0.8037165
0.8037069
0.8101384
0.8011086
0.7965359
0.8025948
0.8067721
0.8063328
0.8036543
0.8115809
0.8114258
0.8089959
0.8122552
0.8039975
0.7980274
0.804163
0.8074951
0.6815085
0.6785743
0.68
0.6812455
0.8065096
0.8067196
0.8066302
0.8069015
0.8067438
0.8075043
0.8083803
0.7974433
0.8150269
0.8003532
0.8122648
0.8092906
0.8122213
0.7982221
0.8004806
0.7972305
0.813285
0.790598
0.7878051
0.7887999
0.7919869
0.7928663
0.7961021
0.7901686
0.7900953
0.7909504
0.794176
0.7897146
0.7960128
0.8142807
0.8047279
0.8043231
0.8248445
0.8049161
0.7946107
0.8017928
0.8130769
0.8128452
0.8084155
0.8008237
0.8011307
0.7976927
0.7960568
0.7946492
0.794099
0.7963667
0.7947938
0.7933861
0.7928354
0.810123
0.814453
0.8171755
0.8048201
0.8165561
0.8186575
0.8078707
0.8093059
0.8241372
0.8093825
0.8042793
0.8075717
0.7955281
0.8151526
0.8113371
0.8037714
0.8073584
0.8048016
0.8144367
0.8058632
0.8032608
0.8064751
0.8068085
0.8068746
0.8064539
0.8150725
0.8089223
0.8076588
0.7986012
0.8018126
0.799943
0.8024762
0.8163704
0.81207
0.8031084
0.8060902
0.8120232
0.8152596
0.8117673
0.815633
0.8147102
0.8133474
0.8188299
0.8099493
0.8029321
0.80739
0.8073155
0.67837
0.6778422
0.6812594
0.6782111
0.806797
0.8082272
0.8069179
0.8091581
0.8066024
0.8080489
0.8086587
0.7990829
0.807735
0.80199
0.8000845
0.806481
0.8158004
0.7948482
0.8015256
0.8116185
0.8084927
0.7897597
0.7859191
0.7872645
0.7857909
0.790577
0.7923629
0.7888043
0.7863211
0.7843263
0.785857
0.7873118
0.7925148
0.8180543
0.8120735
0.8094328
0.8239737
0.8107594
0.793272
0.8022478
0.8121033
0.8108549
0.8103033
0.8079639
0.8006445
0.8010945
0.8005774
0.7992544
0.7985369
0.7981716
0.7977132
0.7963903
0.7956709
0.8096511
0.8178822
0.8193721
0.818033
0.8186335
0.8259
0.8047921
0.8071524
0.8193414
0.8065617
0.8153366
0.8045328
0.7987521
0.8128515
0.8180188
0.8090364
0.8001289
0.8082279
0.8203632
0.8138799
0.8042482
0.8160046
0.8140732
0.8127954
0.8106087
0.8208309
0.8136641
0.8092444
0.812028
0.8002269
0.801764
0.8059444
0.8152135
0.8121864
0.8026297
0.8014711
0.8098878
0.8143696
0.8145447
0.8151612
0.8091083
0.8054043
0.8153835
0.8130703
0.8124132
0.8103057
0.8075192
0.8058608
0.8052303
0.8067504
0.8067456
0.6501545
0.6547413
0.6537556
0.6512649
0.6540304
0.652082
0.7955778
0.8034747
0.7995663
0.8015682
0.7964377
0.802029
0.8026575
0.7910776
0.7936824
0.805618
0.8043907
0.7872356
0.7861703
0.7856887
0.7850849
0.7896235
0.7896013
0.7866148
0.7859644
0.7875223
0.7867999
0.7870417
0.7945772
0.8158228
0.796748
0.7960441
0.6935158
0.7972742
0.8156778
0.7921034
0.8013674
0.8038137
0.803267
0.8098194
0.7975429
0.8114429
0.8100531
0.8103076
0.8090985
0.8093977
0.8079832
0.8082431
0.807031
0.7911067
0.8023535
0.8031991
0.806658
0.8021625
0.6962386
0.8059744
0.8013193
0.6837112
0.6794728
0.8118942
0.7939223
0.7949456
0.8083333
0.8144575
0.8007398
0.80116
0.8083185
0.8061738
0.8038177
0.806857
0.7999413
0.8090413
0.8050444
0.7959125
0.805324
0.8081845
0.7995907
0.7994003
0.7977528
0.7982581
0.8091144
0.80032
0.7968319
0.7936712
0.8026819
0.8082221
0.8028582
0.8048816
0.8128152
0.7981947
0.8104603
0.7992176
0.8076353
0.8050791
0.7966315
0.796599
0.6662384
0.6644155
0.6642524
0.6668272
0.8080961
0.8078074
0.8088182
0.8090889
0.80816
0.8093492
0.7971841
0.7960181
0.8116334
0.7919162
0.7923323
0.7971107
0.8073607
0.7908102
0.7950487
0.8057079
0.7954868
0.789568
0.7868523
0.7869805
0.7867221
0.7883175
0.7926074
0.7887841
0.7809784
0.7865562
0.7885164
0.7850205
0.7891225
0.8054115
0.8002563
0.8046157
0.8210423
0.8061405
0.7913736
0.7996858
0.8128795
0.8086727
0.8011303
0.8022173
0.7975403
0.794232
0.7915423
0.7925317
0.7909516
0.7921269
0.7894924
0.7904897
0.7889055
0.8068936
0.8106586
0.8098386
0.807352
0.8053104
0.8157415
0.7958748
0.8025112
0.8159571
0.8116719
0.8177726
0.7999856
0.7875118
0.8077522
0.8040428
0.8076188
0.8023631
0.8075636
0.8059189
0.8047771
0.7968028
0.8147449
0.7979668
0.8004427
0.8056482
0.8061165
0.8055999
0.803617
0.8018828
0.7917293
0.7886472
0.7986106
0.8076116
0.8040492
0.7916816
0.796518
0.8062993
0.8091647
0.8162838
0.8082524
0.8043664
0.7984319
0.8152441
0.8077276
0.8056128
0.7963596
0.8026575
0.6502034
0.6496582
0.651785
0.6519054
0.799449
0.7992937
0.8007829
0.8001886
0.7996808
0.8001886
0.7896603
0.7943746
0.8059972
0.7860882
0.7939381
0.8016809
0.7990955
0.7904409
0.7900308
0.7977472
0.7929807
0.7848347
0.7807784
0.7808189
0.7789884
0.7828145
0.7846993
0.7809372
0.7777778
0.7784897
0.7809154
0.7788315
0.7851686
0.8031059
0.7942272
0.8052031
0.8173097
0.8008556
0.782428
0.7955377
0.8084155
0.8001149
0.8021467
0.7962102
0.7979558
0.7878637
0.7839908
0.7860505
0.7843683
0.7871174
0.7833095
0.7853728
0.7836892
0.8007818
0.8005978
0.8034488
0.8100884
0.7966014
0.8114921
0.798081
0.7963452
0.8117407
0.8023816
0.8112987
0.7928463
0.7900304
0.8059712
0.8022891
0.7948847
0.8009761
0.802949
0.8041615
0.7988313
0.7976671
0.8042363
0.800958
0.8019703
0.7997573
0.8022487
0.8048975
0.8036066
0.7968022
0.7910993
0.790103
0.7951028
0.8043147
0.8004792
0.7852262
0.7928171
0.8058711
0.8099238
0.8097455
0.8086733
0.801103
0.8044728
0.8144134
0.8003415
0.7961944
0.7931986
0.7981658
0.6541791
0.6528745
0.6554234
0.654888
0.8115112
0.8116195
0.8119762
0.8108825
0.8122583
0.8123344
0.7997334
0.8060058
0.8089092
0.7987826
0.8097401
0.8106691
0.8164768
0.8002114
0.8035689
0.8135416
0.8143266
0.8011762
0.798339
0.7987225
0.7963107
0.7995484
0.8035236
0.7984026
0.7979205
0.796122
0.7990681
0.7996309
0.8059206
0.8101427
0.8028229
0.8196503
0.8231712
0.8215808
0.8019412
0.8063395
0.8227521
0.8189187
0.8201054
0.8140107
0.8074074
0.8030409
0.8027842
0.8018815
0.800576
0.8022294
0.8019558
0.8010537
0.799747
0.8148382
0.8235504
0.8164749
0.8162829
0.8238205
0.8176356
0.8148329
0.8066634
0.8194464
0.8128701
0.8175886
0.8081283
0.7997133
0.8120338
0.8171896
0.8122403
0.807065
0.8113702
0.8192771
0.8110759
0.8158957
0.8191006
0.8124161
0.8121426
0.8134722
0.8194033
0.8197109
0.8122741
0.8091868
0.8042279
0.8063647
0.8104028
0.8225012
0.8123745
0.8067789
0.8073362
0.8177003
0.8179831
0.8230653
0.8240135
0.8137546
0.8110563
0.8229965
0.8137544
0.8050037
0.809887
0.814593
0.6719968
0.6704093
0.6686617
0.6719434
0.8175431
0.8183323
0.8177557
0.8179365
0.8170255
0.8186981
0.8044977
0.8066522
0.8077243
0.7988717
0.8052974
0.8105491
0.8145323
0.7995363
0.8049003
0.8076117
0.8076466
0.7998162
0.7954481
0.7956608
0.7922253
0.797775
0.8008164
0.7964413
0.7949551
0.7940096
0.7950021
0.7960559
0.801258
0.8175142
0.8036585
0.8097523
0.8266917
0.8144048
0.807534
0.8098492
0.8208653
0.8225739
0.8145542
0.8066925
0.8089028
0.8026959
0.8005054
0.7988498
0.7980499
0.8021379
0.800014
0.7983582
0.7975581
0.8152826
0.8229648
0.8218037
0.8204983
0.8196028
0.8209401
0.8127965
0.8104053
0.8199699
0.8192814
0.819827
0.8138302
0.7944616
0.8206753
0.8185651
0.8175912
0.8113421
0.8093958
0.8219178
0.8200228
0.8131117
0.824275
0.8132077
0.8130184
0.8172411
0.8207764
0.8141434
0.8136825
0.8104129
0.8050549
0.8057518
0.8134111
0.8228397
0.8171469
0.8060845
0.8114754
0.8138498
0.8197446
0.8213826
0.8182138
0.8169558
0.8168296
0.8176618
0.8119616
0.8156652
0.8098509
0.8148814
0.6653855
0.6636743
0.6639397
0.6651185
0.7997258
0.8014179
0.8002743
0.8001155
0.8003031
0.8005486
0.8006435
0.7989999
0.8097018
0.7927167
0.8048729
0.8030335
0.8106583
0.7928106
0.7981334
0.8089417
0.8068086
0.7877878
0.7846396
0.7865064
0.7852958
0.7872386
0.7895411
0.7861251
0.78548
0.7820091
0.7853631
0.7852484
0.7909766
0.8099401
0.8023791
0.8150285
0.8189021
0.8125791
0.7923447
0.7982331
0.8096515
0.8147808
0.8072477
0.8060987
0.8015
0.7961179
0.79694
0.7936653
0.7931156
0.7949602
0.7957657
0.7924875
0.7919373
0.808379
0.8105346
0.8162604
0.809033
0.8136547
0.8227576
0.8063791
0.809236
0.8167532
0.8103423
0.817195
0.8011022
0.7943522
0.8100732
0.8119467
0.8086846
0.8004717
0.8053324
0.8136709
0.8142806
0.8010193
0.8147773
0.8053882
0.8060473
0.8101712
0.8201988
0.8076479
0.8078482
0.8089856
0.7907242
0.7963769
0.8059338
0.8114401
0.8085839
0.8020333
0.7995674
0.8055224
0.8165997
0.8152871
0.8072898
0.8122043
0.8059006
0.8139453
0.8086229
0.8085652
0.8055678
0.8058619
0.6618357
0.6596791
0.6598354
0.6610279
0.8096297
0.8090174
0.8100093
0.8096811
0.8095238
0.8108806
0.8031639
0.8021274
0.8189079
0.8018228
0.8039629
0.8129059
0.8100231
0.8037409
0.8027124
0.8088833
0.811087
0.7885346
0.7864266
0.7867288
0.7886388
0.7903949
0.7932138
0.7894888
0.784134
0.788382
0.790163
0.7875592
0.7935419
0.8115645
0.8071292
0.8094428
0.8211103
0.8089212
0.7965922
0.8082755
0.8127867
0.8154097
0.8132607
0.8140908
0.806378
0.8084601
0.8083065
0.8067315
0.8058511
0.8066546
0.8065647
0.8049891
0.8041071
0.8115861
0.8164584
0.814044
0.8110219
0.816521
0.8155646
0.8062289
0.8023396
0.8135421
0.8059615
0.819216
0.8059051
0.7994403
0.8242838
0.8106936
0.8082037
0.8125576
0.8085757
0.8104314
0.8096098
0.8085045
0.8187599
0.8100567
0.8060645
0.8101999
0.8180371
0.8161506
0.8109791
0.8122086
0.800738
0.8004847
0.8084343
0.8163353
0.8122847
0.7902188
0.8072419
0.8083087
0.8083108
0.8237446
0.8129041
0.8115654
0.80541
0.8166456
0.8062054
0.8056087
0.8076923
0.8084797
0.6820525
0.6808983
0.6825321
0.6823119
0.8078913
0.8085556
0.8079275
0.8086269
0.8080409
0.809315
0.8001123
0.7961626
0.8031403
0.788353
0.7964076
0.7971691
0.8058225
0.7898406
0.7985255
0.8084391
0.8073034
0.7865039
0.7833405
0.7846054
0.7860928
0.7859591
0.7902582
0.7835983
0.7810481
0.7820136
0.7852037
0.785437
0.7918724
0.807158
0.8054965
0.814208
0.8255367
0.813508
0.7954562
0.7964792
0.812844
0.81597
0.8029838
0.7993735
0.7946538
0.794207
0.7931475
0.7919943
0.7910141
0.7950021
0.7939321
0.7927788
0.7917994
0.8086276
0.8055374
0.8166149
0.8121867
0.8146112
0.8180229
0.7989223
0.8067114
0.8196769
0.8167735
0.8175617
0.8020228
0.7905581
0.8115002
0.802009
0.8101963
0.8030184
0.804979
0.8068447
0.8138681
0.7992394
0.8150511
0.798627
0.7979263
0.8066322
0.8185239
0.8016583
0.8065431
0.8030476
0.799261
0.7887121
0.8026524
0.8107601
0.8108924
0.794585
0.803776
0.8034025
0.8081139
0.8148764
0.8103411
0.8079903
0.8041968
0.8160387
0.8081998
0.8082997
0.806962
0.8021023
0.6647955
0.6634029
0.6661323
0.6651703
0.8050762
0.8044811
0.8049377
0.8042633
0.8047077
0.8052976
0.8034092
0.8003521
0.8059899
0.7984299
0.7954224
0.8033732
0.8087588
0.792974
0.8004239
0.8077838
0.808153
0.7907176
0.7867984
0.788401
0.7896087
0.7900682
0.7917674
0.7873319
0.7875419
0.7889197
0.7908678
0.7863646
0.7921753
0.8076787
0.8039077
0.8053682
0.8146792
0.8056185
0.7924221
0.8000285
0.8115084
0.8144614
0.8078479
0.8070324
0.8021868
0.8031915
0.8022627
0.8005196
0.8001404
0.8010376
0.8001689
0.7984245
0.7980451
0.8072128
0.81541
0.8120886
0.8138025
0.8086774
0.8177694
0.8047046
0.7987649
0.8164297
0.8056906
0.8159269
0.7974847
0.7950395
0.8159204
0.809816
0.8099535
0.8088235
0.8044872
0.8111893
0.8121626
0.7999708
0.817532
0.8044605
0.8038492
0.8061412
0.8168933
0.8039415
0.8066459
0.8027298
0.7961317
0.7924934
0.8021591
0.8111103
0.8087644
0.7942808
0.7985263
0.8072061
0.8113355
0.8157307
0.8062767
0.8042705
0.8110314
0.8146253
0.8061102
0.8017248
0.8049588
0.810361
0.6655946
0.6640914
0.6655403
0.6654338
0.7952727
0.7946106
0.7954727
0.7942591
0.7954148
0.7948718
0.7938683
0.7943056
0.8004902
0.7906163
0.8002541
0.8037212
0.8045145
0.7926084
0.7907409
0.8053757
0.7977034
0.7815229
0.7775365
0.7803134
0.7819987
0.7812635
0.7848074
0.7799869
0.7760375
0.7782496
0.7803248
0.7793852
0.7858017
0.8060094
0.7963122
0.8032541
0.8119555
0.8020648
0.781315
0.7969343
0.8079188
0.8089335
0.8047249
0.8028149
0.7997845
0.7921774
0.7899872
0.7886613
0.7876761
0.7905789
0.7884492
0.7871234
0.7861366
0.8030915
0.8151188
0.809761
0.806756
0.8097455
0.8140058
0.7990346
0.8014068
0.8155396
0.8018703
0.8117424
0.7955661
0.7935442
0.8092747
0.8084674
0.7983433
0.7957198
0.8039888
0.8056612
0.8036506
0.8029496
0.8092216
0.807788
0.8063278
0.8053977
0.8048083
0.8065569
0.8060593
0.7970765
0.7984336
0.7965337
0.8001736
0.8103735
0.8055214
0.7956376
0.7971267
0.8055458
0.8072177
0.8107068
0.8016665
0.8038571
0.8024454
0.8115789
0.8018044
0.802262
0.8030314
0.8000293
0.6748437
0.6726076
0.673838
0.6729812
0.8140454
0.8147959
0.814258
0.8152939
0.8139434
0.8146177
0.7942719
0.8059438
0.8051957
0.7890165
0.797016
0.8037357
0.8058807
0.7908539
0.789228
0.8063241
0.803823
0.7827723
0.7790436
0.7805886
0.7778664
0.7798701
0.7851847
0.7787501
0.7758533
0.775686
0.7783077
0.7808964
0.7850427
0.8087513
0.8012862
0.805492
0.8194729
0.8042098
0.7843912
0.7998565
0.8073551
0.8121969
0.8081595
0.8080995
0.8043541
0.7951465
0.794859
0.7924112
0.7915984
0.7926916
0.7923801
0.789928
0.7891132
0.8049751
0.8121739
0.8128517
0.8072141
0.8107398
0.8209604
0.808288
0.8003855
0.8128373
0.8123319
0.8140505
0.802235
0.7866569
0.8132692
0.8051095
0.807654
0.7993509
0.8004751
0.8054209
0.8077567
0.7979389
0.8123904
0.8062857
0.8063526
0.8058446
0.812084
0.8120333
0.8044226
0.8088895
0.7991999
0.7946133
0.8017404
0.8125679
0.8108928
0.7976854
0.797378
0.8058211
0.8120097
0.8103159
0.8055496
0.806867
0.801343
0.8188151
0.812818
0.796375
0.8037543
0.7998529
0.6565967
0.6540926
0.6553374
0.6551277
0.8002899
0.7996175
0.8007541
0.8003336
0.8010437
0.8002467
0.7927131
0.7982723
0.8006165
0.787449
0.7980048
0.8048609
0.8083316
0.7866943
0.7929361
0.8021319
0.7963791
0.7787348
0.7749075
0.7750363
0.7751556
0.7781378
0.7815199
0.7748615
0.7710101
0.7746642
0.7761345
0.7720422
0.7795076
0.8078342
0.7960089
0.8100106
0.8169501
0.8085589
0.7876971
0.7921284
0.807288
0.8053192
0.7961738
0.7992724
0.7948903
0.7844606
0.7845691
0.7821981
0.781118
0.7827547
0.7828424
0.7804686
0.7793865
0.8050853
0.8050995
0.8100626
0.8027477
0.8066681
0.8131374
0.7975395
0.8000854
0.810675
0.8060169
0.8097922
0.7916787
0.7811679
0.811675
0.8013864
0.8058928
0.7971484
0.7954185
0.7985866
0.808896
0.7908058
0.8048209
0.7979211
0.7979082
0.8006706
0.8053804
0.7976164
0.8070622
0.8006433
0.7857606
0.7892005
0.7974326
0.8041125
0.7993168
0.7848457
0.790937
0.8009354
0.8046199
0.8079837
0.8054879
0.8015038
0.7998432
0.8030981
0.7961151
0.793743
0.7954139
0.7973419
0.69206
0.6902029
0.6930506
0.6929295
0.8099227
0.8111305
0.8103016
0.8097183
0.80922
0.8085259
0.804633
0.8028525
0.8076176
0.8000989
0.8076063
0.812439
0.8116336
0.8002534
0.7945205
0.8104183
0.8099566
0.790432
0.7880738
0.7887213
0.7881144
0.789956
0.7935415
0.788699
0.7868245
0.7867369
0.789208
0.7880762
0.7941281
0.8146873
0.8051471
0.8092273
0.818807
0.8090435
0.7890514
0.8026428
0.8129841
0.8183547
0.8039997
0.8106967
0.8087964
0.8030791
0.8008862
0.8008281
0.7998596
0.8024363
0.8003096
0.8002528
0.7992837
0.8103666
0.814953
0.8232985
0.8159675
0.8116634
0.8169122
0.8107048
0.8082934
0.8187842
0.8115251
0.8209386
0.8094324
0.7990688
0.8176285
0.8111576
0.8155163
0.8110733
0.8066671
0.8150264
0.8127292
0.8110413
0.8158751
0.8162003
0.814343
0.808892
0.8219711
0.8187151
0.812987
0.8105627
0.8026586
0.8057228
0.8044524
0.8163587
0.8191656
0.8021761
0.8037679
0.807344
0.8156669
0.8210519
0.8090495
0.8075504
0.8140873
0.8179086
0.8167645
0.8069699
0.8129612
0.8049702
0.659446
0.6591239
0.661437
0.6601481
0.8051201
0.8054846
0.8052397
0.8049097
0.8048377
0.8058574
0.7952019
0.7899112
0.8042873
0.7887043
0.7916224
0.7961392
0.8031164
0.7880361
0.7877035
0.7967072
0.804007
0.7778419
0.7733131
0.7746835
0.7756868
0.7789172
0.7823719
0.7777939
0.7729765
0.7741378
0.7770993
0.7758733
0.7815156
0.8062872
0.7985064
0.8039676
0.8138043
0.801165
0.7908362
0.7977592
0.8048936
0.8136672
0.7985123
0.7979935
0.7936074
0.7833914
0.7820183
0.7815666
0.7805766
0.7817754
0.7804651
0.7800157
0.7790241
0.8010905
0.802307
0.8057928
0.8069495
0.8042972
0.8120923
0.7880151
0.7944425
0.8144211
0.8094514
0.8016298
0.788208
0.7853881
0.8060914
0.7983236
0.8021432
0.792567
0.7984535
0.8017557
0.8044628
0.7966784
0.8025305
0.8014386
0.8005698
0.7943257
0.8071033
0.8078729
0.7999854
0.7937679
0.7852017
0.7961574
0.7858602
0.8046168
0.7975776
0.7927767
0.7899141
0.7946333
0.7969736
0.8105446
0.8071714
0.8004713
0.8005253
0.8057086
0.8020959
0.7937662
0.8008565
0.8006858
0.6521246
0.6489517
0.6494309
0.6506494
0.8053715
0.8055657
0.8055776
0.8049888
0.8052613
0.8064539
0.787578
0.7951969
0.7993421
0.7858114
0.7954433
0.7989261
0.8057932
0.7857551
0.7881041
0.8024509
0.7999435
0.7768212
0.7734358
0.7733865
0.7766073
0.7770265
0.7820688
0.7763244
0.77478
0.7755852
0.7770504
0.7737793
0.7785652
0.8105836
0.7945401
0.8157654
0.8159008
0.8135605
0.7903787
0.7951583
0.8049716
0.8096254
0.8005578
0.7979762
0.7947998
0.7893057
0.788998
0.7871569
0.7862579
0.7882186
0.7879781
0.7861362
0.7852363
0.8093528
0.8055938
0.8085893
0.8035907
0.8120017
0.8120961
0.7964199
0.8016031
0.8136551
0.8155466
0.809322
0.8000144
0.7860563
0.8108832
0.8004955
0.8079779
0.7965346
0.8017876
0.8006013
0.8080874
0.8
0.8074117
0.8061101
0.8066851
0.8058411
0.8106612
0.808129
0.803207
0.7964209
0.7887344
0.7946716
0.795942
0.8144048
0.8035559
0.7952442
0.7946279
0.8021054
0.8057892
0.808472
0.802208
0.8062633
0.7991459
0.8104165
0.8065701
0.7978519
0.7982658
0.805994
0.6566683
0.6558038
0.6579075
0.656182
0.8120446
0.8120742
0.812424
0.8112479
0.8129599
0.8131208
0.7920778
0.7971914
0.8032159
0.7816084
0.7956519
0.803091
0.7992542
0.7878012
0.7959748
0.8008725
0.8013236
0.781477
0.7777698
0.7772809
0.7776579
0.7809572
0.7814403
0.7755206
0.7774187
0.7790914
0.7808945
0.7774971
0.7830338
0.8094969
0.7998864
0.8140059
0.822929
0.8100472
0.7910289
0.7905308
0.8067643
0.8109812
0.8004995
0.8031998
0.8043773
0.7919226
0.7908543
0.7895333
0.7894103
0.7908423
0.7898396
0.7885188
0.7883961
0.8090251
0.8156272
0.80826
0.8064447
0.8101962
0.820611
0.8004521
0.798652
0.8246167
0.8162209
0.8111491
0.7955543
0.7852383
0.8110541
0.8050406
0.8079881
0.8036084
0.8046263
0.8078685
0.8088713
0.7984524
0.8092435
0.7990588
0.8022033
0.8050955
0.8078072
0.8052944
0.8098923
0.8007401
0.7895677
0.7898701
0.7954578
0.8145705
0.8065885
0.8014134
0.7986718
0.8057488
0.8101212
0.8086541
0.80684
0.8044947
0.804271
0.8095841
0.80473
0.8003687
0.8049265
0.7983347
0.6369964
0.6351041
0.6364754
0.6358273
0.8080069
0.80624
0.8084709
0.8073717
0.806957
0.8084022
0.7884384
0.7933111
0.803177
0.7914324
0.7979834
0.8021251
0.8044317
0.7964821
0.7943036
0.8041157
0.803138
0.7833429
0.7802578
0.7803859
0.7810167
0.7834227
0.7867752
0.7820874
0.779723
0.7819118
0.7825776
0.7821832
0.7887274
0.8038033
0.8001847
0.8030885
0.8174469
0.80428
0.7958463
0.7980735
0.8027428
0.8105271
0.7995998
0.7979647
0.7955722
0.7884479
0.7864976
0.7852621
0.784622
0.7876188
0.7857346
0.7844993
0.7838588
0.8034351
0.8084169
0.8122744
0.8016732
0.8118848
0.8200948
0.8010882
0.8004821
0.8106951
0.811746
0.8057222
0.8041178
0.7844759
0.8127767
0.8057809
0.8015197
0.8009157
0.8006576
0.8086994
0.7995635
0.7980558
0.8044256
0.7985863
0.7989158
0.8002134
0.8114099
0.8035235
0.8081328
0.7959811
0.7893419
0.7873795
0.7947994
0.8028557
0.8067233
0.7918004
0.7974976
0.8013273
0.8027837
0.8118081
0.8050993
0.8025809
0.7952795
0.8119772
0.8018982
0.7986399
0.8013582
0.7966176
0.6479974
0.6464597
0.6476004
0.6477245
0.8067233
0.8069368
0.8071022
0.8066004
0.80713
0.8078059
0.8024951
0.8024665
0.8061708
0.795608
0.7909588
0.8010164
0.8118584
0.7857143
0.7990641
0.8023403
0.8049004
0.782853
0.7797589
0.7797993
0.7840224
0.7824996
0.7870788
0.7800015
0.7790489
0.7829046
0.7857449
0.7799292
0.7864231
0.8135007
0.8044265
0.8058066
0.8184698
0.8067328
0.79676
0.7910523
0.8056266
0.8110432
0.8023297
0.7997436
0.7945926
0.7966138
0.7949681
0.795093
0.7936036
0.7954529
0.7938715
0.793999
0.7925076
0.8023256
0.8085938
0.8123714
0.8072662
0.8106028
0.8169852
0.7978414
0.8053079
0.8122594
0.8135618
0.8124271
0.8016226
0.7886538
0.8101087
0.8055192
0.8035524
0.7990953
0.8039006
0.8113043
0.8043431
0.8056486
0.8121591
0.7986548
0.7976097
0.7947873
0.8116807
0.8061195
0.8063155
0.8011133
0.7898244
0.7952429
0.792933
0.8087321
0.8001451
0.7836846
0.7930156
0.8045304
0.8009744
0.8152567
0.8065485
0.803769
0.8065133
0.808043
0.7984767
0.8034976
0.8024098
0.8023952
0.8052416
0.8046954
0.8059616
0.804495
0.8030785
0.8031525
0.8049256
0.8025183
0.8031388
0.8039046
0.7309894
0.7369635
0.7470188
0.7350217
0.743457
0.7483776
0.7585628
0.7331444
0.7296202
0.7504784
0.755412
0.7132185
0.7094063
0.708945
0.7068755
0.7151832
0.718102
0.7111094
0.7079174
0.7097681
0.7096259
0.7088307
0.7166451
0.7749107
0.7495359
0.7887894
0.8156204
0.788492
0.8169985
0.7521177
0.7685654
0.7523696
0.7533502
0.7519455
0.7440794
0.7381358
0.7330151
0.7369631
0.7340418
0.7379877
0.7328461
0.7367953
0.7338734
0.7549425
0.75569
0.7539665
0.7648199
0.7554947
0.8033879
0.7463129
0.7641413
0.8009979
0.810705
0.7703121
0.7396463
0.7403861
0.7568645
0.7552829
0.7460128
0.7385068
0.7537992
0.7512811
0.754807
0.7603781
0.7639173
0.7609129
0.757163
0.7517257
0.7659703
0.7689315
0.7487978
0.7468458
0.7481267
0.7591758
0.7457089
0.7551221
0.7562279
0.7484999
0.7464267
0.7475398
0.7508777
0.766222
0.757912
0.7525888
0.7569921
0.7523323
0.7525888
0.7522335
0.7516773
0.755147
0.7866452
0.7853741
0.7876437
0.786854
0.7845543
0.7874303
0.785373
0.7848529
0.785226
0.7856513
0.7712597
0.7738087
0.7811743
0.7710922
0.776825
0.7791703
0.7927037
0.7629257
0.770048
0.7877011
0.7821398
0.7618978
0.760435
0.7605644
0.7560706
0.766606
0.7705669
0.7652423
0.7552191
0.761254
0.7618526
0.7627753
0.7663907
0.7835194
0.7741983
0.7907279
0.7961765
0.7903377
0.7946169
0.7762131
0.7851401
0.7859948
0.7773797
0.7863174
0.7866027
0.7797849
0.7778578
0.7777618
0.7760593
0.7780649
0.7761991
0.7761065
0.7744003
0.7825208
0.7875166
0.786871
0.7967852
0.7849814
0.8019753
0.7902614
0.7779309
0.7964302
0.7961479
0.7984026
0.7817277
0.7774439
0.7983139
0.7934127
0.7847845
0.7745796
0.7826435
0.7921328
0.7890158
0.7928034
0.7901418
0.7843564
0.7816134
0.7866792
0.8004126
0.7966896
0.7884843
0.7864485
0.7752017
0.7806119
0.7755193
0.7864207
0.7876295
0.7697244
0.7874304
0.7889534
0.7845706
0.7897698
0.7889495
0.7866783
0.7895229
0.7999857
0.7838989
0.7880899
0.7911307
0.7874926
0.8063911
0.8054994
0.8065959
0.8058161
0.8080254
0.8079092
0.8081479
0.8083339
0.8080896
0.8089393
0.7342948
0.7329193
0.7495424
0.7356046
0.7465612
0.7517516
0.7561817
0.7419978
0.7239528
0.7552206
0.7530045
0.7225469
0.7163326
0.7186121
0.709776
0.722897
0.7234943
0.719132
0.7149263
0.715684
0.7176845
0.7162585
0.7236223
0.7690952
0.7562583
0.791486
0.8183552
0.7912674
0.8170587
0.7505968
0.7598282
0.7488742
0.7502432
0.751821
0.7482717
0.7424534
0.7387776
0.7417562
0.7401557
0.741281
0.7375754
0.7405622
0.7389594
0.7490896
0.7609303
0.7627207
0.762882
0.7563262
0.8122751
0.7529386
0.7572959
0.8097743
0.8146295
0.7741424
0.7449057
0.7431719
0.7548191
0.7669676
0.757019
0.7426243
0.7481615
0.7567774
0.7601482
0.77007
0.7558869
0.7587921
0.7581602
0.7508565
0.7629737
0.7693173
0.7521948
0.7593389
0.739645
0.7641983
0.7420336
0.759332
0.7515909
0.7512416
0.748372
0.7556211
0.7578218
0.7596687
0.7489282
0.7586797
0.7547631
0.7559964
0.7372926
0.746586
0.7599877
0.7598482
0.6385149
0.6360739
0.6384421
0.6386849
0.8064216
0.8058485
0.8066275
0.8064701
0.8069974
0.8076703
0.7951562
0.7997469
0.8063778
0.7943343
0.7983826
0.8031004
0.8111304
0.7900666
0.7922345
0.8072542
0.8025983
0.7844865
0.7818508
0.7818038
0.784168
0.7857702
0.7896233
0.7841163
0.7813126
0.7820128
0.7833714
0.7839427
0.7891579
0.8112557
0.8018541
0.8104008
0.8147185
0.8075296
0.788055
0.797964
0.8118888
0.8110632
0.8057033
0.8075081
0.8002857
0.7927147
0.7919083
0.7911017
0.7896113
0.7909553
0.7902118
0.7894067
0.7879131
0.806177
0.8140902
0.8059776
0.8086689
0.8102813
0.8140851
0.8023239
0.8003679
0.8132178
0.8076506
0.8138186
0.7958348
0.7913938
0.8151284
0.8113221
0.8080744
0.8055733
0.8021649
0.8099449
0.8080138
0.798119
0.8074268
0.8062987
0.8079667
0.8009502
0.8073762
0.8068518
0.8100635
0.801094
0.7961255
0.7955939
0.8043728
0.8048939
0.8028098
0.7952192
0.803088
0.8077624
0.8098676
0.8125225
0.8064195
0.8015235
0.7991065
0.8147474
0.8102722
0.8011773
0.801502
0.8052353
0.8004483
0.8002458
0.8017777
0.8005638
0.7914173
0.7926622
0.7926731
0.7903049
0.7916454
0.7940941
0.7175808
0.7265772
0.7368887
0.7222642
0.7311081
0.7500737
0.7436428
0.7249043
0.7183973
0.7432993
0.7429948
0.7057515
0.7010999
0.7022291
0.6956455
0.71102
0.7117974
0.7047854
0.7023117
0.7017061
0.7023555
0.7053948
0.7134463
0.7595778
0.7419114
0.7855849
0.8143251
0.7860855
0.8008469
0.7362836
0.7620697
0.744724
0.7443186
0.7409706
0.7357505
0.7330112
0.7294487
0.7317291
0.7304912
0.7318253
0.7283276
0.7306144
0.7293749
0.741423
0.7539382
0.752145
0.7544559
0.7543018
0.8046172
0.7439287
0.7510923
0.8011301
0.8074629
0.7581495
0.7379655
0.7301756
0.7515569
0.7450546
0.7394725
0.7344342
0.7442943
0.7465254
0.7441008
0.7638763
0.7515685
0.7568189
0.7532313
0.7411095
0.7687136
0.7686031
0.7486447
0.7384049
0.7291149
0.7600384
0.7355139
0.7485367
0.7470236
0.7393835
0.7411318
0.742458
0.7486715
0.7525341
0.7500375
0.7442994
0.7515012
0.7468015
0.7356029
0.7398475
0.7531587
0.746039
0.805997
0.8057094
0.8068018
0.8065397
0.8018506
0.8030481
0.8024879
0.8016355
0.8019967
0.8031957
0.7306435
0.737929
0.7344558
0.7338216
0.7410615
0.7488581
0.7615581
0.7276742
0.7238131
0.7438438
0.7400891
0.7172691
0.711814
0.7133176
0.7058374
0.7191011
0.7179487
0.7130288
0.7113997
0.7136257
0.7123142
0.710259
0.7138501
0.7707039
0.7404888
0.7891318
0.8132513
0.792136
0.8154907
0.7452401
0.7543353
0.7425393
0.7507642
0.7398295
0.7468326
0.7348861
0.729067
0.7319143
0.7309611
0.7348316
0.7289922
0.7318398
0.7308866
0.7483139
0.7555169
0.7580502
0.7551817
0.7520957
0.8080993
0.742889
0.7531949
0.8056245
0.8142073
0.7741134
0.7405283
0.7530026
0.7528306
0.7598974
0.751057
0.7315482
0.7528868
0.7547256
0.7568915
0.7653345
0.7595139
0.7617467
0.7581873
0.7475627
0.769515
0.7643173
0.7544233
0.7383009
0.7471247
0.7572622
0.7475289
0.7560773
0.7494707
0.7461059
0.7454999
0.7476525
0.7560033
0.7593154
0.7456035
0.7456016
0.751574
0.7513329
0.7439714
0.7512901
0.7573456
0.7507999
0.7987929
0.7985894
0.7993455
0.7978607
0.8020924
0.8011804
0.802994
0.8003932
0.8025876
0.8024
0.7267211
0.7301683
0.7382908
0.7375122
0.7422136
0.7449306
0.7492425
0.7366652
0.7294322
0.7488155
0.7471247
0.7155087
0.7101105
0.7123162
0.7069746
0.7129693
0.716102
0.7092395
0.7118657
0.7090909
0.7092437
0.7104253
0.718843
0.7627921
0.7428764
0.7841066
0.8151433
0.7822293
0.815209
0.740565
0.7661945
0.7390514
0.7424562
0.7312699
0.7398651
0.7337512
0.7295125
0.7316124
0.7299888
0.7344519
0.7302004
0.7322964
0.7306742
0.7478203
0.7546754
0.7523039
0.7556595
0.752852
0.8141668
0.7425521
0.7543951
0.8061509
0.8123545
0.7703113
0.7437003
0.7397696
0.7552339
0.7504583
0.7491786
0.7411275
0.7458393
0.74975
0.7518866
0.7608019
0.7562208
0.7554214
0.7528358
0.7479061
0.7719258
0.7660488
0.7503255
0.7362172
0.7468109
0.7560794
0.7430159
0.7514473
0.7547498
0.7510953
0.753795
0.7470632
0.7545264
0.7594397
0.7500941
0.7466917
0.7550854
0.7528065
0.7414737
0.7491468
0.7527481
0.7540295
0.8078445
0.806354
0.8076203
0.8070997
0.7996225
0.802909
0.8004357
0.7998402
0.7991568
0.8019299
0.7415639
0.7463018
0.7491404
0.7347305
0.7435575
0.7582087
0.7603185
0.7384123
0.733793
0.7560922
0.7492798
0.7228286
0.7161349
0.7184127
0.7157623
0.7291135
0.7291447
0.7261272
0.71736
0.7205316
0.7217444
0.7225846
0.728049
0.7747024
0.7545562
0.7825296
0.8146549
0.7842768
0.8143955
0.7544577
0.7684342
0.7636687
0.7594805
0.7530782
0.7490811
0.7482528
0.7452837
0.746645
0.745704
0.7469072
0.7439088
0.7452761
0.7443337
0.7511859
0.7627476
0.7613856
0.7711971
0.7637176
0.8121784
0.7528986
0.7628215
0.8089814
0.8162424
0.7747265
0.7512751
0.7447497
0.7677367
0.7568202
0.7539318
0.74562
0.7654321
0.7536897
0.7619694
0.7685304
0.7631159
0.773473
0.7717678
0.7548023
0.7747497
0.7780506
0.7624414
0.7497575
0.7527765
0.7663283
0.7518655
0.7648783
0.7631579
0.7546153
0.7522998
0.7549366
0.7658583
0.7743194
0.764396
0.7582646
0.7632392
0.7581574
0.7437696
0.7593402
0.7664707
0.7623335
0.8117512
0.8112937
0.8115307
0.811096
0.8118442
0.8126503
0.8131647
0.8118121
0.8123382
0.8125
0.731691
0.7392695
0.7426638
0.7492045
0.7484323
0.7539718
0.7549163
0.7389364
0.7295631
0.7523929
0.7554951
0.7153858
0.7101981
0.7111179
0.7072686
0.7141231
0.7169525
0.7125978
0.7056439
0.7125161
0.7113951
0.7134673
0.7190045
0.7750274
0.7507246
0.7934689
0.8125266
0.7959271
0.8166853
0.754236
0.7724577
0.757095
0.7464187
0.7559947
0.7505433
0.745539
0.7415213
0.7421551
0.7408367
0.7447436
0.7406995
0.7413359
0.7400163
0.7443542
0.7564355
0.7565535
0.760198
0.7604918
0.8128214
0.760643
0.7553781
0.8111241
0.8146727
0.7732115
0.7414184
0.744144
0.7583278
0.7601663
0.7573067
0.7419866
0.7577741
0.7584946
0.7547027
0.7607543
0.7656108
0.7674812
0.7668531
0.7475192
0.7777527
0.7765609
0.7552495
0.7485996
0.7416511
0.7636565
0.7497546
0.7603711
0.7570643
0.7506112
0.7507551
0.7591069
0.759218
0.7667925
0.75447
0.7522025
0.7532073
0.7543509
0.7465376
0.7573964
0.7653981
0.7563683
0.8000724
0.7997828
0.8009702
0.799319
0.7945485
0.7940524
0.7961533
0.7936195
0.7942507
0.7952009
0.7310956
0.7425096
0.7483352
0.7357009
0.7475649
0.7509028
0.7633132
0.7358969
0.7352391
0.7551035
0.7466144
0.7181963
0.7120495
0.7134574
0.7129587
0.7259883
0.7271633
0.7194508
0.7173913
0.7184334
0.718972
0.7180463
0.7231574
0.7829744
0.7521704
0.7851857
0.8088329
0.7870036
0.818435
0.7526218
0.7651822
0.7541791
0.7481659
0.7504087
0.7511604
0.7410503
0.735202
0.7396042
0.7382824
0.7409955
0.7351275
0.7395301
0.7382082
0.753605
0.7619227
0.750561
0.7691964
0.7611069
0.8032368
0.7420508
0.7687135
0.8014544
0.8051806
0.7694463
0.7402421
0.7472214
0.7606661
0.7525844
0.7538564
0.7437519
0.7581952
0.7486377
0.7619837
0.761649
0.7605902
0.7610561
0.7599675
0.7619785
0.7683637
0.7687177
0.7491212
0.7460353
0.7478823
0.759867
0.7354962
0.7635912
0.7573978
0.7652957
0.7545708
0.7558696
0.758254
0.7678625
0.7587928
0.764519
0.7657935
0.7455833
0.7497587
0.74696
0.764598
0.7520592
0.7972571
0.7972287
0.7990285
0.7980713
0.7953983
0.7954495
0.7968261
0.7944716
0.7956284
0.7964892
0.7322132
0.7324365
0.7383481
0.7367242
0.735419
0.7476546
0.7521129
0.7282063
0.7205782
0.7473591
0.749834
0.7083653
0.70263
0.704952
0.6999846
0.7071292
0.7087912
0.7033205
0.7009511
0.7044169
0.7050645
0.7044354
0.7114222
0.7688472
0.7396224
0.7815364
0.8062562
0.7825835
0.810288
0.7491611
0.7580311
0.7466787
0.7536513
0.7387718
0.734567
0.7356108
0.7314046
0.7334872
0.7323451
0.7350865
0.7308555
0.732941
0.7317982
0.7438343
0.7558096
0.7531527
0.7533153
0.7457796
0.8071863
0.7424085
0.7499629
0.8011606
0.8020917
0.7679303
0.7352517
0.7305234
0.7478229
0.756722
0.7416143
0.7273559
0.7507476
0.7480424
0.7464714
0.7567383
0.7521243
0.7592922
0.7558062
0.7420249
0.7713143
0.7629479
0.7418933
0.7352342
0.7410367
0.7572751
0.734418
0.7521244
0.7538125
0.7446065
0.7458718
0.748112
0.7459269
0.7588615
0.7495497
0.7513066
0.7536114
0.7467798
0.7333835
0.7396215
0.7504444
0.7512779
0.8111723
0.8110563
0.8123123
0.8118791
0.809558
0.8095515
0.8092535
0.8096093
0.8086819
0.810382
0.7312458
0.7366466
0.7530712
0.7468598
0.7422977
0.7581093
0.7626453
0.7459089
0.7298816
0.7522565
0.7526068
0.7284146
0.7242081
0.7256837
0.7226701
0.7338397
0.7347304
0.7272865
0.725
0.7285917
0.7264554
0.7260666
0.7325328
0.776332
0.7567627
0.7927688
0.8167218
0.7927205
0.814624
0.7553829
0.7678506
0.7538885
0.7598344
0.7562127
0.7550595
0.7398686
0.7359976
0.7383295
0.7371031
0.7406506
0.7367679
0.7390951
0.7378698
0.7623545
0.7566569
0.7574162
0.7657517
0.76285
0.8191341
0.7533662
0.7647876
0.8134696
0.8119349
0.7765015
0.7537119
0.7502241
0.7647188
0.7610266
0.7566949
0.7472495
0.7607425
0.7586155
0.759057
0.7659878
0.7643057
0.7655745
0.7648571
0.757835
0.7719206
0.7773409
0.7611107
0.7536694
0.7536136
0.7630283
0.7538438
0.7700052
0.7591454
0.75471
0.7568883
0.7651857
0.7641851
0.7703037
0.7596882
0.7618309
0.765386
0.7640598
0.7455815
0.7557123
0.766621
0.7588475
0.6509931
0.6477088
0.6507099
0.6506122
0.8030412
0.8017128
0.8043666
0.8025689
0.8037053
0.8042961
0.795101
0.7919535
0.8004331
0.7846969
0.7975728
0.7996897
0.8043631
0.7899972
0.789759
0.7976266
0.7988416
0.7804597
0.7791234
0.7792517
0.7812881
0.7822136
0.786439
0.7789207
0.776042
0.78
0.7830222
0.7791168
0.7839471
0.8067828
0.8001989
0.8104705
0.8197895
0.8106183
0.7846955
0.7944735
0.8031832
0.8096151
0.7966029
0.7995166
0.7926337
0.7843221
0.7831274
0.7818052
0.7814239
0.7851304
0.7840114
0.7826893
0.7823081
0.7985234
0.8056742
0.8083262
0.8022065
0.8051551
0.8180549
0.7988953
0.7978534
0.816126
0.809958
0.8092249
0.7978578
0.7864232
0.8094466
0.8100224
0.7985473
0.7956734
0.8064746
0.8081095
0.8113425
0.7996495
0.8054015
0.8086402
0.8040497
0.8015066
0.8119459
0.8044928
0.806852
0.8042057
0.7851809
0.7960555
0.7950742
0.8045178
0.8006079
0.7953349
0.7920058
0.802948
0.8094291
0.8051674
0.8110606
0.8045568
0.7973512
0.8113261
0.7970551
0.7953585
0.8004877
0.8072875
0.8037336
0.803704
0.8047128
0.8039343
0.7979102
0.7977321
0.7994197
0.7975153
0.7984901
0.7996082
0.7335904
0.7300329
0.7357001
0.7310055
0.7450908
0.741847
0.7578901
0.7299843
0.7235503
0.7518195
0.7497789
0.7122044
0.7068055
0.7088143
0.7009898
0.7175769
0.7164179
0.7107806
0.7076888
0.7072799
0.7079242
0.7076122
0.7120055
0.7729927
0.7465208
0.7775348
0.8148227
0.7762909
0.8091635
0.7482674
0.7612623
0.749439
0.7496827
0.743997
0.7377805
0.7470048
0.7424512
0.7453032
0.7439923
0.7462127
0.7416321
0.7444895
0.7431775
0.7539858
0.7550866
0.761309
0.7615488
0.7575344
0.8035145
0.7488723
0.7631965
0.7995446
0.8127262
0.7717564
0.7451098
0.739114
0.7514824
0.7638565
0.758099
0.7374226
0.75774
0.7564727
0.7569324
0.7639831
0.7518734
0.7653422
0.7664389
0.7514103
0.7713231
0.7760339
0.7573897
0.7433383
0.7451112
0.7644291
0.7366938
0.7574317
0.7487509
0.7561101
0.7413453
0.7521191
0.7538186
0.7612347
0.7510855
0.7538507
0.7603385
0.7505375
0.7442865
0.7536343
0.7663822
0.7523599
0.7978384
0.7980713
0.7994346
0.7982164
0.8001741
0.7985262
0.8012476
0.798648
0.8007546
0.8013495
0.735558
0.7405867
0.7535704
0.7346053
0.7422199
0.7511236
0.7577376
0.737911
0.7283328
0.7561441
0.7505348
0.7219316
0.7180637
0.7202367
0.714959
0.7262209
0.7273001
0.7205669
0.719277
0.7214722
0.7198852
0.7160381
0.723393
0.7730429
0.7522997
0.7970838
0.8100448
0.7962459
0.8083404
0.7533076
0.7603813
0.7547733
0.7617355
0.7551625
0.7480114
0.74665
0.7429249
0.7452225
0.7443731
0.7460411
0.7423849
0.7446856
0.7438358
0.7538257
0.7686371
0.7617106
0.7645434
0.7656344
0.8117821
0.7561658
0.7709033
0.8045564
0.8085989
0.7783625
0.7521726
0.7505429
0.7566709
0.7653829
0.7616977
0.7459614
0.7594298
0.755837
0.7646263
0.764768
0.7617564
0.774144
0.7732494
0.7569748
0.7732238
0.7753596
0.7596788
0.7529753
0.7481988
0.7668283
0.7476756
0.7617649
0.7549974
0.7484795
0.7528251
0.7632772
0.7650843
0.7716003
0.7599375
0.7584082
0.7635602
0.7502785
0.7419523
0.7557675
0.7660484
0.7592873
0.8020675
0.8022113
0.8038281
0.8023558
0.8007541
0.8021162
0.802001
0.800363
0.8004645
0.8016685
0.7322278
0.7331142
0.7405007
0.734755
0.736752
0.7531082
0.7583382
0.7262146
0.7197182
0.7550121
0.7451285
0.7122231
0.7078066
0.7081354
0.7005919
0.7093041
0.7094904
0.7051292
0.7066147
0.7101438
0.7089205
0.7086143
0.7131066
0.7721121
0.744719
0.78289
0.8119591
0.7831378
0.8123163
0.7442156
0.7595208
0.7483881
0.7487279
0.7433119
0.7416459
0.7373145
0.7313243
0.7351979
0.7343401
0.7367913
0.730775
0.7346529
0.7337947
0.7580134
0.7574291
0.7533582
0.7560535
0.7507836
0.8124252
0.7468101
0.7533121
0.806888
0.8108206
0.7728852
0.7456504
0.7374555
0.7527623
0.7559885
0.7499628
0.7389103
0.7525388
0.7522767
0.7553232
0.7628656
0.7541472
0.7586692
0.7561953
0.7424186
0.7716161
0.766499
0.7508394
0.7384859
0.7462054
0.7608744
0.7478267
0.7456709
0.7500568
0.7456506
0.748923
0.7463661
0.7546424
0.7614213
0.7484409
0.7485218
0.7551066
0.7477303
0.7423835
0.7507336
0.7549873
0.7541495