0.6848875
0.6822503
0.684838
0.6852665
0.6872997
0.6857769
0.685609
0.6862807
0.6834837
0.6878423
0.6590167
0.6645509
0.6629883
0.6662705
0.6619214
0.6575092
0.6608675
0.6544787
0.6578591
0.6622748
0.6634951
0.6648199
0.6596184
0.658787
0.6864526
0.6784536
0.665741
0.7942791
0.7901846
0.6699696
0.6374466
0.6685595
0.6488207
0.669622
0.6743534
0.661729
0.6981827
0.6727126
0.6700377
0.6655125
0.6859807
0.6639391
0.6782297
0.6790913
0.6443118
0.7999711
0.8112427
0.7914637
0.7960969
0.7991602
0.6712285
0.6495365
0.6581971
0.6731222
0.6816777
0.6769147
0.6898267
0.6724261
0.6812426
0.6635908
0.8007543
0.6808343
0.6772649
0.6974463
0.6817001
0.6655014
0.6635417
0.6550441
0.6933344
0.6716595
0.6929763
0.6778582
0.6658441
0.6573823
0.6699476
0.6685487
0.6875294
0.6743762
0.6783547
0.6863784
0.6822041
0.6888837
0.6680488
0.6962439
0.6806505
0.687916
0.6832079
0.6785207
0.6826019
0.663142
0.6907869
0.7012143
0.6850505
0.6847503
0.6701088
0.676332
0.6873108
0.6880841
0.6858034
0.6861889
0.688927
0.6867244
0.6893892
0.6894028
0.690293
0.6900093
0.6892334
0.6900016
0.6883522
0.6917515
0.659468
0.6650858
0.6635292
0.6669035
0.6625733
0.6581786
0.6615226
0.6553753
0.6587396
0.6631354
0.6642445
0.6656681
0.6605969
0.6595576
0.6909855
0.6802753
0.6673249
0.7970119
0.7922032
0.672707
0.6404412
0.6719408
0.6536997
0.6734481
0.6751735
0.6637938
0.7028394
0.6720521
0.6722568
0.6690411
0.6900784
0.6669621
0.683006
0.6802071
0.6449405
0.8015559
0.8145207
0.7948403
0.7986486
0.8016993
0.6717429
0.6527609
0.6610333
0.6769267
0.6863828
0.6820194
0.6927892
0.6761717
0.6849058
0.6651885
0.8028179
0.6827511
0.6776439
0.6989614
0.6851577
0.6676154
0.6638695
0.6570324
0.6946612
0.6735289
0.6941031
0.6775104
0.6641512
0.6597586
0.6724574
0.6691753
0.686845
0.6728839
0.681836
0.6891021
0.6823594
0.6923673
0.6683617
0.7002782
0.6813273
0.688563
0.6832565
0.6803485
0.6872665
0.6646351
0.6926427
0.7028026
0.6874465
0.685409
0.6739817
0.6819659
0.6882585
0.6891336
0.686762
0.6871456
0.6878419
0.6880956
0.6867668
0.6866792
0.6880899
0.6879051
0.6896848
0.6897386
0.6869579
0.6899618
0.6594543
0.6664557
0.66437
0.6658488
0.6650028
0.6579491
0.6581081
0.6568518
0.6570179
0.6605825
0.6593599
0.6614373
0.6587768
0.6581584
0.6874512
0.657152
0.6648961
0.8062558
0.7942853
0.6699649
0.6402783
0.6594564
0.6637653
0.6735676
0.6647338
0.6582658
0.6863209
0.6734513
0.669713
0.6707512
0.6938533
0.6712527
0.6718675
0.6722864
0.6390096
0.8051518
0.817125
0.8026903
0.8014658
0.8064099
0.6626719
0.647475
0.6660776
0.6845455
0.6935484
0.6777266
0.6849977
0.6615065
0.6698352
0.6605096
0.8148174
0.6708901
0.6749647
0.6979094
0.6713403
0.679023
0.6537201
0.6655178
0.6934997
0.6631889
0.6900971
0.6790869
0.6472437
0.6707433
0.677699
0.6588546
0.6789121
0.6782334
0.6629786
0.6852086
0.6917323
0.6894647
0.6464924
0.6783437
0.6781419
0.6754559
0.693616
0.6635611
0.6874074
0.65288
0.6880913
0.6849144
0.6786247
0.6864705
0.6645958
0.6679242
0.6738177
0.6753828
0.6720189
0.6725155
0.6887691
0.6890225
0.6875928
0.6876074
0.6889131
0.6884222
0.6905078
0.6906638
0.6877832
0.6903759
0.6576368
0.6648709
0.6633106
0.6643684
0.6635195
0.6589067
0.6583194
0.6577042
0.6578696
0.6615372
0.6599968
0.6620722
0.6596268
0.6590096
0.6883786
0.6583267
0.6630935
0.8061152
0.7949909
0.6694347
0.6397149
0.6579435
0.6635491
0.6734628
0.6649485
0.6590246
0.6861181
0.6745196
0.6696071
0.6703261
0.6927219
0.6695407
0.671975
0.6719679
0.6386679
0.8053537
0.8184136
0.8032362
0.8028715
0.8066973
0.6641755
0.6458181
0.6666131
0.6853662
0.6943532
0.6767992
0.6842844
0.6587219
0.6693088
0.659013
0.8146821
0.6687822
0.6750707
0.6958891
0.6709202
0.6765308
0.65264
0.6632669
0.6926954
0.660948
0.6916272
0.677845
0.6468027
0.6717924
0.6782225
0.6586381
0.6786024
0.6763567
0.6626583
0.6831315
0.6908197
0.68947
0.6483472
0.6772007
0.6774168
0.6718923
0.6914877
0.6629213
0.6862852
0.6522296
0.6869667
0.6817219
0.6764451
0.6855513
0.6635305
0.6680315
0.6742347
0.6758009
0.6724382
0.6729347
0.687456
0.6883249
0.6869966
0.6869089
0.6883188
0.687827
0.6899134
0.6899672
0.6871875
0.689986
0.6582006
0.665215
0.6631262
0.6648186
0.6637589
0.6561605
0.6565335
0.6552741
0.6554414
0.6591198
0.6576813
0.6598715
0.6572042
0.6566903
0.6876806
0.6565367
0.6634394
0.8060139
0.7941301
0.6699912
0.6378547
0.6574328
0.6634693
0.6725287
0.6648683
0.6574232
0.6863457
0.6742242
0.6689926
0.6698189
0.692947
0.6705305
0.6714686
0.6714596
0.6373635
0.8051658
0.8165508
0.8021875
0.800877
0.8056514
0.6617304
0.6472837
0.6662115
0.6851823
0.6939711
0.677442
0.6850222
0.6590727
0.6680679
0.6588282
0.8154958
0.6710214
0.6747821
0.6973255
0.6708399
0.6780101
0.6526711
0.6638312
0.6927132
0.6614035
0.6902229
0.6766208
0.6459627
0.6717124
0.6774117
0.65856
0.6775823
0.6771113
0.6624731
0.6844019
0.6911444
0.6884684
0.6459733
0.6790968
0.6762947
0.6733871
0.6927261
0.6616697
0.6871247
0.6520451
0.6875
0.6832916
0.6771963
0.6863924
0.6622786
0.6679509
0.6731161
0.6746799
0.6713127
0.6718098
0.6922837
0.6919243
0.6909105
0.6911272
0.6920146
0.6919365
0.6940124
0.694168
0.6913013
0.6938807
0.6625932
0.6698753
0.6671671
0.6697964
0.668221
0.6613018
0.6607171
0.6601048
0.6602681
0.6639227
0.6623881
0.6644534
0.6620187
0.6607681
0.6918944
0.6614749
0.6673787
0.8090896
0.7968542
0.6727707
0.6428922
0.6610183
0.6662913
0.6755328
0.6672561
0.6621152
0.6897827
0.6764848
0.6731692
0.6736716
0.6983289
0.6734399
0.6722387
0.6754224
0.6411851
0.807068
0.8199943
0.8046101
0.8050999
0.8089195
0.6674413
0.6504949
0.6706155
0.6890711
0.6982713
0.6811741
0.687806
0.6639057
0.6718861
0.6636486
0.8184936
0.6724138
0.6786469
0.7005816
0.6729689
0.6817648
0.6573159
0.6690912
0.6945584
0.6662164
0.6935946
0.6813092
0.6514299
0.6758095
0.6823178
0.6608369
0.6820791
0.6822327
0.6665344
0.6847388
0.6943235
0.6909388
0.648736
0.6828522
0.6793342
0.6780115
0.6963967
0.6648902
0.6892954
0.6544423
0.6904948
0.6857857
0.6806426
0.6912188
0.6667727
0.6730892
0.6770793
0.6786497
0.6753022
0.6757966
0.6701621
0.6712698
0.6698983
0.6707675
0.6753832
0.6712937
0.6710067
0.6751623
0.6710568
0.6720336
0.6397571
0.6439351
0.6435372
0.6475654
0.6429668
0.6547838
0.657626
0.6537846
0.6537385
0.6592557
0.6588826
0.6587289
0.6577625
0.6546705
0.6729276
0.6643596
0.6445987
0.7965477
0.7885516
0.6307071
0.6079206
0.6504791
0.6405363
0.6515263
0.6422116
0.6401912
0.6837512
0.6572992
0.6603223
0.6594279
0.6682311
0.6475518
0.656217
0.6457734
0.635974
0.7995504
0.8109364
0.8027132
0.8062177
0.8026468
0.6205576
0.6178408
0.6537899
0.6712286
0.6838161
0.6564813
0.6826614
0.642776
0.6550699
0.643891
0.8025623
0.6370968
0.6533227
0.6719943
0.633317
0.6614242
0.6251023
0.642787
0.6829115
0.644853
0.6665609
0.6583007
0.6210648
0.6392805
0.6525697
0.6322422
0.649337
0.6599021
0.6361489
0.6625544
0.6613342
0.6753452
0.6115737
0.6614413
0.6313168
0.6601778
0.6678319
0.6347315
0.6793893
0.6272489
0.6592112
0.6678058
0.6439308
0.6585619
0.6515249
0.6508441
0.6619383
0.6622116
0.6599474
0.6606674
0.6713242
0.6724302
0.671061
0.6719283
0.6767446
0.6724534
0.6721676
0.676317
0.6722169
0.6731928
0.6406313
0.6448048
0.6444068
0.6486486
0.6438378
0.6555334
0.6581592
0.65432
0.6544888
0.6597881
0.6594151
0.659261
0.6582955
0.6552055
0.6740852
0.6656332
0.6454685
0.7970973
0.7895222
0.6314879
0.608257
0.6513516
0.6413124
0.6526256
0.6434319
0.6406327
0.6840685
0.6579549
0.6609717
0.6594262
0.6686625
0.6489903
0.6571962
0.6466579
0.6370901
0.7994922
0.8113922
0.8025698
0.806162
0.8030226
0.622152
0.6190952
0.6530197
0.6725872
0.6851409
0.6571201
0.6832838
0.6438712
0.6564708
0.6447624
0.8036984
0.6377555
0.6539662
0.67284
0.6348714
0.6625977
0.6252047
0.6440013
0.6835344
0.6453964
0.6677235
0.6586204
0.6227565
0.6403757
0.6536511
0.6336877
0.6503152
0.6605453
0.6368078
0.6629848
0.66251
0.6763917
0.6121379
0.6624031
0.6326481
0.6614633
0.6687842
0.6358372
0.680431
0.6290336
0.6601763
0.6687584
0.6450206
0.6597394
0.6515213
0.6513904
0.6632087
0.6634868
0.6612261
0.6619449
0.6876962
0.6850629
0.6853774
0.6855998
0.686917
0.6848723
0.6888279
0.690217
0.6867054
0.6877697
0.6578968
0.6649435
0.6644402
0.666137
0.6628417
0.663434
0.6650786
0.6606375
0.6632491
0.6663758
0.6664287
0.6674323
0.663408
0.6647068
0.6847236
0.6832313
0.6614525
0.7959641
0.7939638
0.6494996
0.6411436
0.6687515
0.6557844
0.6505165
0.6605825
0.6646149
0.6860631
0.6682887
0.666586
0.6651591
0.6865314
0.6659637
0.667043
0.6723902
0.6429979
0.7993175
0.8196733
0.8037815
0.799523
0.8071681
0.6531641
0.6443771
0.6776747
0.6900031
0.7044676
0.6862928
0.6957567
0.6572623
0.6640837
0.6558363
0.8126589
0.6529938
0.6499558
0.686117
0.6460242
0.674448
0.6431864
0.6736
0.6872508
0.65681
0.6799749
0.663532
0.6507386
0.660653
0.6706706
0.6490291
0.6753711
0.684505
0.6646444
0.6844236
0.6640032
0.680667
0.6505468
0.6778428
0.6667993
0.6743097
0.6791769
0.6550253
0.6796094
0.6571108
0.6656285
0.6773811
0.6806233
0.6818754
0.6696678
0.6733563
0.6929335
0.6933188
0.6917627
0.6917387
0.6877991
0.6851663
0.6854807
0.6857031
0.6870199
0.6835274
0.6889307
0.6903195
0.6868084
0.6878726
0.6585405
0.6657924
0.6652893
0.6670901
0.6636936
0.6637527
0.6653965
0.6609575
0.6635677
0.6666931
0.666746
0.6677488
0.6637267
0.665025
0.684827
0.6835413
0.6620932
0.7957028
0.794049
0.6493897
0.6413668
0.6680039
0.6542506
0.6500738
0.659495
0.6642903
0.6860631
0.6674241
0.6658324
0.6647277
0.6859015
0.6654224
0.667043
0.6717477
0.643332
0.7994047
0.8197571
0.8035224
0.7996965
0.8071681
0.6536022
0.6442662
0.6772516
0.6891892
0.703777
0.6871108
0.6963635
0.6574781
0.6636567
0.6563753
0.8117356
0.6537532
0.6507146
0.685703
0.6460242
0.6731881
0.6416484
0.6722191
0.6879688
0.6551891
0.6799749
0.6641708
0.6507386
0.6597971
0.6713048
0.6487011
0.6742135
0.6844014
0.6646444
0.683483
0.6642167
0.6807707
0.6498906
0.6770059
0.6662685
0.6745201
0.677926
0.6552418
0.6791933
0.6561423
0.6656285
0.6772767
0.6793761
0.6819791
0.6696678
0.671757
0.6928322
0.6932172
0.6916608
0.6916368
0.6896065
0.6869797
0.6872939
0.6875147
0.6888262
0.6853438
0.6907354
0.6921211
0.6886171
0.6896795
0.6612672
0.6684916
0.6679889
0.6697844
0.6664017
0.6649722
0.6666138
0.6621815
0.6647872
0.6679087
0.6679613
0.6689617
0.664946
0.6662433
0.686641
0.6858688
0.6639573
0.796311
0.7954947
0.6520715
0.6436423
0.669766
0.6558352
0.6520029
0.6619376
0.6666127
0.6869551
0.6690992
0.6676077
0.6665052
0.687954
0.6674232
0.6701006
0.6740496
0.6461576
0.8004499
0.8203508
0.8038692
0.8003901
0.8082024
0.6557297
0.6455334
0.6777316
0.6904688
0.7060076
0.689414
0.6983426
0.6597913
0.6661613
0.6582552
0.8128312
0.6569408
0.6524948
0.6881391
0.6477162
0.6747131
0.6442199
0.6737617
0.6897682
0.6572921
0.6810683
0.6670907
0.6528539
0.6620932
0.6735747
0.6501698
0.6756371
0.6866341
0.6667198
0.6852131
0.6665071
0.6830035
0.6520155
0.6792572
0.668125
0.6766756
0.6794417
0.6580998
0.6811206
0.6585581
0.6672784
0.6799401
0.6809917
0.6831761
0.6713103
0.6739445
0.6952182
0.6956117
0.69406
0.6940362
0.6865625
0.6840283
0.684343
0.6845664
0.6858869
0.683838
0.6877991
0.6891902
0.6856739
0.6867394
0.6584333
0.6654742
0.664971
0.6667726
0.6633742
0.6630089
0.6646545
0.6602104
0.662824
0.6659524
0.6660054
0.66701
0.662983
0.6642823
0.6836887
0.6839545
0.6616661
0.7963124
0.7939638
0.6487301
0.6408086
0.6686447
0.6547988
0.6505165
0.6605825
0.6638574
0.6855421
0.6678566
0.6672312
0.6656979
0.6867412
0.6636873
0.666828
0.6723902
0.6421061
0.7992303
0.8189183
0.8043855
0.8004766
0.8081994
0.6534927
0.6436
0.67704
0.6903081
0.7046648
0.6870086
0.6961613
0.6552085
0.663977
0.6565908
0.8121555
0.6540784
0.6503895
0.686117
0.6456948
0.6741333
0.6428571
0.6731754
0.6873534
0.6550809
0.6797673
0.663319
0.6499758
0.6601182
0.6709878
0.6487011
0.6750556
0.685334
0.663364
0.6840057
0.6634692
0.6800441
0.6492338
0.6778428
0.6655247
0.6732571
0.6788644
0.6541589
0.6790892
0.6570033
0.6656285
0.676545
0.6801039
0.683015
0.6683946
0.6726104
0.6925283
0.6929122
0.6913551
0.6913311
0.6877991
0.6852696
0.685584
0.6854965
0.6871228
0.685079
0.6890335
0.6904221
0.6869115
0.6879755
0.6592906
0.6664283
0.6659253
0.6677248
0.6643318
0.6648138
0.6663494
0.6620234
0.6646288
0.6677499
0.6676969
0.6688029
0.6647876
0.6660846
0.6849304
0.6844706
0.6628398
0.7967474
0.7944751
0.6494996
0.6411436
0.6702443
0.6560033
0.6512905
0.6616682
0.6653715
0.6856463
0.6686127
0.6679832
0.6664515
0.6872655
0.6668288
0.667795
0.6733527
0.6439997
0.8005367
0.8195056
0.8036952
0.8002167
0.8077699
0.65404
0.6451534
0.6785201
0.6919321
0.7060433
0.6886418
0.6982812
0.6588793
0.6649369
0.6562675
0.8122394
0.6551613
0.6525539
0.6862205
0.646792
0.6763335
0.6439541
0.6747662
0.688993
0.6574572
0.6804934
0.6640644
0.651174
0.6623615
0.6720439
0.6500121
0.6765266
0.685748
0.6661351
0.6845281
0.6658155
0.6818075
0.6504375
0.6795135
0.6661623
0.6752557
0.6807371
0.6564309
0.6810636
0.6592581
0.6666933
0.6790503
0.6816609
0.6824972
0.6700916
0.6731433
0.6941477
0.6945373
0.6929838
0.6929599
0.6878236
0.685191
0.6855054
0.6857278
0.6870444
0.6835523
0.6889551
0.6903438
0.686833
0.6878971
0.6591036
0.6663489
0.6658459
0.6676454
0.6642522
0.6644162
0.6660584
0.6616242
0.6642313
0.6673537
0.6674065
0.6678806
0.6643901
0.6656875
0.6848518
0.6841858
0.6622268
0.7957176
0.7940636
0.6497478
0.641731
0.6686713
0.6546077
0.6504345
0.6596315
0.6649664
0.6867126
0.6678835
0.6661824
0.6650783
0.6861366
0.6657743
0.6673922
0.6724166
0.6436951
0.7997678
0.8202726
0.8039683
0.8001445
0.8076119
0.6542869
0.6449607
0.6775948
0.6898238
0.703997
0.687748
0.6969932
0.6580448
0.6643239
0.657049
0.8117489
0.6541063
0.6513923
0.6863486
0.646711
0.6737392
0.6418974
0.6725642
0.6886078
0.6558656
0.6802074
0.6647293
0.6514198
0.6598243
0.6717533
0.6493853
0.6747658
0.6844262
0.6653104
0.6841353
0.6648834
0.6808996
0.6505751
0.6776592
0.666932
0.6750714
0.6785771
0.6557021
0.6793226
0.6568156
0.6657617
0.6774066
0.6799213
0.6826258
0.6700119
0.6718901
0.6934634
0.6938506
0.6922957
0.6922718
0.6869552
0.6844217
0.6845294
0.6848561
0.686073
0.6840242
0.6881914
0.6894795
0.6859634
0.6870289
0.6582967
0.6653412
0.6648378
0.6666402
0.6632401
0.6628749
0.6645213
0.660075
0.6626899
0.6658198
0.6658728
0.666878
0.662849
0.6641488
0.6839786
0.682279
0.6617448
0.7949312
0.7932083
0.6483669
0.6392066
0.6678706
0.6541096
0.6492654
0.6599009
0.6631792
0.6868759
0.6682622
0.6654819
0.6640524
0.685881
0.664853
0.6664784
0.6717225
0.6432969
0.7990702
0.8190219
0.8031058
0.7990164
0.8067542
0.6523651
0.6428981
0.6759571
0.6890684
0.7042565
0.6858635
0.6953349
0.6564763
0.6649098
0.6546185
0.8119211
0.6519845
0.651441
0.6865107
0.6457708
0.6735842
0.6416133
0.6725132
0.6869232
0.6552668
0.6795376
0.6626516
0.6491795
0.6597683
0.6714911
0.6483401
0.6745054
0.6839656
0.6630157
0.6838802
0.6638689
0.6795023
0.6488723
0.6776108
0.6658167
0.6734435
0.6776944
0.6557522
0.6784419
0.6564353
0.6647482
0.6768355
0.6795619
0.6811275
0.6675182
0.6718386
0.6912929
0.6916725
0.6901123
0.6900881
0.6925782
0.6924253
0.6907295
0.6930421
0.6947048
0.69483
0.6939757
0.6931306
0.6934117
0.6944444
0.6881688
0.6950441
0.6930686
0.693876
0.691997
0.6732253
0.6700959
0.6698135
0.6684215
0.6721767
0.6697617
0.6762579
0.6704291
0.6676744
0.6926956
0.6806645
0.6917093
0.8013515
0.7878535
0.6914303
0.6646938
0.6989198
0.6925697
0.6915786
0.7078712
0.6950569
0.7249004
0.6898784
0.6961283
0.6987071
0.7135429
0.6967937
0.6999539
0.6876947
0.7000769
0.802774
0.8094404
0.8071891
0.8063224
0.8083099
0.6845539
0.6827334
0.6963089
0.6718738
0.6813911
0.6698797
0.6918746
0.6957252
0.7037514
0.6897079
0.8011578
0.6922665
0.6955367
0.7181914
0.687183
0.6999545
0.6806613
0.6988109
0.7095199
0.6885787
0.7064538
0.6982163
0.6898851
0.701453
0.7083806
0.693067
0.7064262
0.6998705
0.6953637
0.6990023
0.7060381
0.6911574
0.6993359
0.6954764
0.6921667
0.7042232
0.7095729
0.6888326
0.701159
0.687055
0.7008742
0.7071256
0.7046691
0.7071294
0.6951406
0.7084034
0.6903045
0.6946513
0.6915404
0.6919153
0.693915
0.693762
0.6922664
0.6943786
0.6961398
0.6961668
0.6953131
0.6944678
0.6947481
0.6957818
0.6910022
0.6978636
0.6955926
0.6966976
0.6941266
0.6747528
0.6717262
0.6706202
0.6694324
0.6737046
0.6712891
0.6777846
0.6720588
0.6692021
0.6940321
0.6817902
0.6946373
0.8010305
0.7900299
0.6911606
0.6636054
0.6979711
0.6922002
0.6918166
0.7076463
0.6948969
0.7243382
0.6888837
0.696677
0.698758
0.7133328
0.696233
0.6998073
0.6862837
0.6988277
0.8021151
0.809477
0.8069681
0.8058471
0.8079232
0.6837514
0.6811017
0.6957496
0.6722702
0.6831007
0.6714021
0.6936024
0.6971643
0.704699
0.6904397
0.8040173
0.6948037
0.6978581
0.7170309
0.6883177
0.7006006
0.6824969
0.6983614
0.7105659
0.6894114
0.7087635
0.7004405
0.6929267
0.7026904
0.7103094
0.6932045
0.705708
0.6992286
0.6974969
0.698453
0.706988
0.6928893
0.7011767
0.6956189
0.6940008
0.7056635
0.7118848
0.6896658
0.7032825
0.6882858
0.7025114
0.7095386
0.7069852
0.7087613
0.696979
0.7070908
0.6915298
0.695983
0.6928708
0.6932459
0.6947987
0.694646
0.6916539
0.6937653
0.6963211
0.6952541
0.6946991
0.6937543
0.6944338
0.6951676
0.6881885
0.6951693
0.6931922
0.6940003
0.6921199
0.6746644
0.6716418
0.6712573
0.6693511
0.6736175
0.6714109
0.6776923
0.6718714
0.6699458
0.6949153
0.6766023
0.6920318
0.8010431
0.7888812
0.6897351
0.6612022
0.6970511
0.6911742
0.6909911
0.7058282
0.6948811
0.7238002
0.6879544
0.6969603
0.6991375
0.7124033
0.6974276
0.6993841
0.6873051
0.6985056
0.8025505
0.810311
0.8068038
0.8065242
0.8085136
0.685388
0.6801809
0.6966379
0.6714693
0.682803
0.6684438
0.6912
0.6944551
0.703195
0.6870159
0.8021901
0.6940898
0.6940747
0.7168874
0.6881101
0.7001823
0.6793529
0.6991402
0.7095585
0.6866831
0.7069771
0.6982451
0.6920132
0.7013863
0.7088091
0.6942914
0.7064624
0.6989091
0.6955891
0.6964286
0.7051914
0.6907799
0.6988688
0.6960006
0.69119
0.7035687
0.709709
0.6884503
0.7004021
0.6863692
0.6996192
0.7078457
0.7056823
0.7070684
0.6945677
0.7066616
0.6901269
0.6945775
0.6914634
0.6918388
0.6918725
0.6916195
0.6901225
0.6922372
0.694002
0.694027
0.6929717
0.6923253
0.6926073
0.6936407
0.6888651
0.6957314
0.6937581
0.6945648
0.6926885
0.6739399
0.6709174
0.6705327
0.6691421
0.6728929
0.6704809
0.676968
0.6711472
0.6683966
0.6918902
0.6799508
0.6926008
0.8019976
0.7879967
0.6919285
0.6650103
0.699012
0.6934736
0.6928926
0.7084544
0.6955547
0.7252706
0.6902813
0.6972265
0.6998001
0.7143185
0.6974926
0.7008449
0.6880984
0.7005684
0.8030839
0.8102435
0.8078302
0.8068796
0.8089508
0.6851622
0.6825249
0.6966033
0.6714638
0.6814877
0.6697764
0.6914707
0.695121
0.7034483
0.6893018
0.801631
0.6927605
0.6953321
0.7180835
0.6869766
0.6995523
0.6809623
0.6997011
0.7086371
0.6882718
0.7067369
0.6980115
0.6914837
0.7012486
0.7097358
0.6944593
0.706907
0.7000609
0.6950587
0.6992943
0.7056375
0.6893523
0.7007166
0.6963646
0.6916616
0.7036251
0.7103402
0.6885258
0.6997726
0.6867488
0.7004713
0.7067261
0.7044648
0.706242
0.6955326
0.7089854
0.6895033
0.6939504
0.6908371
0.6912123
0.708459
0.7062599
0.7093882
0.7064684
0.7080792
0.7047979
0.7096264
0.7106511
0.7075102
0.709692
0.6837672
0.6866789
0.6872949
0.6866025
0.6862101
0.6864226
0.6876762
0.6860021
0.6853392
0.6870043
0.6891511
0.6920683
0.6860935
0.6850267
0.708082
0.6968065
0.688626
0.8156122
0.79484
0.6925502
0.6725934
0.7086022
0.6950015
0.7020622
0.6991157
0.7000846
0.724863
0.7230022
0.7102377
0.703888
0.7130309
0.6949822
0.6973543
0.7160682
0.7074176
0.8209589
0.8261979
0.8173398
0.8213865
0.8198593
0.6979047
0.6801991
0.7000153
0.687946
0.6930864
0.6890036
0.7001812
0.67718
0.6872557
0.6852065
0.8049288
0.6793675
0.6836711
0.7035801
0.6796049
0.7009388
0.662099
0.697216
0.7086336
0.6892988
0.6982217
0.6912762
0.6813246
0.6948432
0.6879742
0.6977541
0.7031783
0.6953071
0.6914853
0.7238425
0.6933933
0.721176
0.6888445
0.717655
0.6830429
0.6882281
0.7043944
0.695841
0.7178377
0.6793019
0.6869198
0.6998636
0.6920323
0.6865386
0.6808576
0.7119276
0.6931921
0.6997884
0.6974949
0.697472
0.7093882
0.7069968
0.710122
0.7072048
0.7088131
0.7055358
0.7102628
0.7110927
0.707661
0.7104253
0.6842226
0.6871325
0.6873474
0.6870561
0.6874666
0.686074
0.6873285
0.6856532
0.6849901
0.686656
0.6888043
0.6917236
0.6857448
0.6846771
0.7088169
0.6984392
0.6898787
0.8155043
0.7963894
0.6915974
0.6732697
0.7095379
0.6950552
0.7012167
0.6983687
0.7000385
0.7231915
0.7230571
0.7110773
0.7045368
0.7122984
0.6973562
0.6969067
0.7153407
0.7069782
0.8215081
0.8263357
0.8177261
0.821933
0.8206556
0.6972583
0.6810727
0.7006672
0.6873006
0.6933343
0.6892548
0.7017041
0.6767208
0.6853941
0.6857624
0.8063935
0.6797255
0.6833206
0.7036335
0.680879
0.6991204
0.6603774
0.6962696
0.7089776
0.688448
0.6975846
0.6895315
0.6824933
0.6953914
0.6879264
0.6979064
0.7049019
0.6955593
0.6930353
0.7241846
0.6941437
0.720563
0.6879902
0.7177087
0.6810703
0.6881803
0.7029785
0.6942029
0.7161657
0.6781344
0.6884819
0.7012948
0.6943726
0.6852831
0.6804012
0.7099208
0.6935411
0.700136
0.6978434
0.6978205
0.7086757
0.7062821
0.7094101
0.7064906
0.7081012
0.7048202
0.7095511
0.7103817
0.7069473
0.7097139
0.6837914
0.6867028
0.6873188
0.6866264
0.6870369
0.6857448
0.6869996
0.6853238
0.6846606
0.6863269
0.6884759
0.6913965
0.6854156
0.6843473
0.708104
0.6974223
0.68925
0.8153782
0.7960998
0.6904597
0.6734502
0.7082321
0.6946223
0.7001849
0.6977371
0.6986059
0.7227738
0.7223445
0.7100632
0.7038114
0.7118722
0.6963181
0.6956723
0.7151123
0.7068479
0.8212994
0.8262098
0.8174349
0.8214805
0.8201183
0.6967276
0.6810445
0.6996393
0.6872722
0.6933053
0.6881312
0.7005961
0.6776138
0.684962
0.6851299
0.8061854
0.6791885
0.6832925
0.7037009
0.6801388
0.6988929
0.6599345
0.6959392
0.7078795
0.6877155
0.6969628
0.6887023
0.6814507
0.6940729
0.6865889
0.6973804
0.7039873
0.6959274
0.6928065
0.7241509
0.6932174
0.7209112
0.6879613
0.7170998
0.6808396
0.6881514
0.7031439
0.695069
0.7165172
0.6779035
0.6877492
0.7009693
0.6933496
0.6849525
0.6801698
0.7104782
0.6940056
0.7005965
0.6983059
0.698283
0.7096798
0.7072895
0.7104134
0.7074974
0.7091046
0.7058291
0.710554
0.7113836
0.7079533
0.7107164
0.6831137
0.6860287
0.6866458
0.6859523
0.6860616
0.6864749
0.6877287
0.6860545
0.6853915
0.6870567
0.6892036
0.6921208
0.6861459
0.6850791
0.7091087
0.6984392
0.6887786
0.8157511
0.796804
0.6912953
0.673685
0.7089501
0.6954577
0.7006163
0.6982686
0.6990374
0.7235754
0.723154
0.71039
0.7041402
0.7130853
0.6972555
0.6962045
0.7151451
0.7073729
0.8218359
0.826012
0.817973
0.8218514
0.8207376
0.6973583
0.6815851
0.7000691
0.6876993
0.6937261
0.6891553
0.7010185
0.6784583
0.685495
0.6851582
0.8061451
0.6785025
0.6831191
0.704125
0.6793516
0.6994163
0.6608994
0.6964697
0.7084929
0.6883475
0.697486
0.6891314
0.6820876
0.6945985
0.6868191
0.696815
0.7047056
0.6965538
0.693135
0.7241846
0.6939445
0.7214201
0.6887967
0.7175167
0.6815771
0.6890846
0.7036645
0.6952976
0.7170291
0.6778291
0.6886829
0.701688
0.694174
0.6858871
0.6808084
0.7104121
0.6951201
0.7017054
0.699418
0.6993953
0.7096045
0.7073116
0.7103381
0.7074219
0.7090293
0.7055581
0.7104788
0.7113084
0.7074881
0.7106412
0.6840453
0.6869559
0.6875715
0.6868795
0.6872899
0.6863987
0.6876524
0.6859782
0.6853152
0.6869804
0.6891275
0.6920449
0.6860696
0.6850027
0.7088388
0.6973764
0.6895026
0.8153526
0.7964035
0.6910169
0.6736068
0.708384
0.6956823
0.7011397
0.6984921
0.6994611
0.7236921
0.7228843
0.7105103
0.7045594
0.7119266
0.6971782
0.6967295
0.7160466
0.7078883
0.8212745
0.8261049
0.8175742
0.8215374
0.8200111
0.6980814
0.6824288
0.7007898
0.688221
0.6942384
0.6888805
0.701041
0.6792992
0.6855191
0.6851823
0.8064069
0.6796483
0.6833448
0.7042456
0.6803949
0.6997347
0.6605083
0.696793
0.7087087
0.6878688
0.6982974
0.6896552
0.6820106
0.6951173
0.687246
0.6978302
0.7049242
0.6961794
0.6932581
0.7242053
0.6938682
0.7217262
0.6880141
0.7184016
0.6818042
0.6896103
0.7036869
0.6954203
0.7176251
0.6785659
0.6889076
0.7013174
0.6948921
0.6855086
0.680833
0.7110231
0.6943542
0.7009438
0.698654
0.6986312
0.6997753
0.698713
0.6987204
0.6962025
0.7008038
0.6931518
0.6996746
0.6998295
0.6971836
0.6977267
0.6545498
0.6617145
0.6554448
0.6602513
0.6584336
0.6758751
0.6769665
0.6750196
0.6749627
0.6766829
0.6795303
0.678331
0.6782329
0.6776445
0.6989847
0.6745157
0.6599252
0.8070413
0.7988635
0.6850083
0.6480411
0.6747275
0.6627119
0.6767863
0.6792348
0.6724968
0.7064862
0.6713433
0.6839933
0.6774579
0.6843154
0.6723514
0.6896279
0.669645
0.6739408
0.8105648
0.8211635
0.8159169
0.8148596
0.815288
0.6737968
0.653734
0.6688859
0.678733
0.6973764
0.6716371
0.6887144
0.6859763
0.6904167
0.6876122
0.8076352
0.6856046
0.6835819
0.7069045
0.6804692
0.6873096
0.6812627
0.6647942
0.7027942
0.686144
0.6951068
0.6832551
0.6785883
0.6771431
0.6854029
0.6809415
0.6921515
0.6819076
0.6796193
0.6898046
0.6943191
0.702536
0.673254
0.688809
0.6937903
0.7016416
0.6855892
0.6765565
0.7024296
0.6744388
0.6865894
0.7018154
0.6902834
0.6920264
0.6819541
0.6874555
0.7015189
0.7029314
0.7
0.7003777
0.6929415
0.6880949
0.6882022
0.689545
0.6938886
0.6916796
0.6910082
0.6907562
0.6882894
0.6885284
0.6615104
0.6682711
0.6684015
0.6687175
0.6677722
0.6568137
0.6586779
0.6574243
0.6567366
0.6591288
0.661413
0.6613644
0.6601949
0.6583022
0.6910265
0.6654796
0.663761
0.799957
0.7921273
0.6533527
0.6407846
0.6618567
0.6298283
0.663949
0.6591552
0.6689683
0.6800792
0.6681187
0.6672816
0.6627505
0.6836532
0.6669891
0.6713566
0.6650274
0.6380695
0.8042431
0.81614
0.8079537
0.8057065
0.8061876
0.6441893
0.6473073
0.6704782
0.6732348
0.6832872
0.6719399
0.6847961
0.6703349
0.6784311
0.6654254
0.8085736
0.6699644
0.6684007
0.6930269
0.6659782
0.6688009
0.643041
0.656187
0.6840218
0.6716725
0.6851982
0.6824008
0.6476221
0.6692963
0.6770866
0.6681476
0.6732822
0.6805315
0.6692515
0.6853152
0.6642829
0.6781627
0.6631814
0.6777315
0.6725266
0.6855243
0.675631
0.6694117
0.6777281
0.6613736
0.6819145
0.6984385
0.6718676
0.6888232
0.6863604
0.6713577
0.684533
0.6857054
0.6830124
0.6835009
0.685907
0.6861623
0.6859608
0.6861823
0.6886232
0.6850443
0.6879649
0.6875049
0.6850196
0.6868046
0.6456991
0.6502688
0.648462
0.6534305
0.6484444
0.6542579
0.6518329
0.6511013
0.6509487
0.6543348
0.6540674
0.6594831
0.6539107
0.6530678
0.6853087
0.6384996
0.6502811
0.801107
0.7901628
0.6663192
0.6185395
0.6496184
0.6520818
0.6499959
0.6624353
0.644902
0.6848816
0.6245297
0.6738486
0.6687033
0.6559517
0.6519961
0.6633847
0.6642111
0.6317224
0.8004778
0.8147911
0.8058671
0.8070389
0.8082123
0.6591772
0.6548594
0.6496333
0.6755952
0.6886582
0.6635034
0.6771635
0.6648851
0.6862945
0.671389
0.7983445
0.6804034
0.6705622
0.6951058
0.6764729
0.6816182
0.6554951
0.6638784
0.6932277
0.6704771
0.6901222
0.6779448
0.6456413
0.6728249
0.6767565
0.6568722
0.6777637
0.6837466
0.6699468
0.6783156
0.6799054
0.6711473
0.656011
0.6730038
0.6687029
0.6826409
0.6894667
0.6670381
0.6694392
0.6533622
0.6856403
0.682967
0.671938
0.6961789
0.6725123
0.6781095
0.6707825
0.6722411
0.6690647
0.6696697
0.6932701
0.6884261
0.6880218
0.689365
0.6942162
0.6920087
0.6913378
0.6906783
0.6881092
0.6889616
0.6617495
0.6685074
0.6686377
0.6688486
0.6680088
0.6568409
0.658705
0.6574515
0.6567638
0.6597938
0.6614398
0.6614971
0.6602219
0.6583294
0.6912543
0.6652948
0.6639994
0.7999713
0.7914612
0.6525109
0.6411472
0.6617765
0.6292933
0.6638683
0.6576649
0.6684604
0.6797909
0.6675006
0.6667737
0.6623471
0.683259
0.667016
0.6720198
0.663654
0.6382107
0.8035689
0.8155656
0.8071142
0.8049513
0.8053441
0.6441078
0.6470063
0.6701855
0.6723261
0.6823991
0.6715494
0.6845136
0.6702557
0.679183
0.6651347
0.8079989
0.6693587
0.6672714
0.6930508
0.6668519
0.6683008
0.6428514
0.6557813
0.6835334
0.670858
0.6858366
0.6823226
0.6486291
0.6687973
0.6765911
0.6687019
0.6734129
0.6803491
0.6685402
0.6844058
0.6632475
0.6781879
0.6627814
0.6776528
0.6717148
0.6852403
0.6752399
0.6693325
0.6774421
0.6603369
0.6806973
0.6977572
0.6722073
0.6884391
0.6865905
0.670959
0.6842514
0.685423
0.682729
0.6832177
0.6848551
0.6851111
0.6849089
0.6851314
0.6877835
0.6839915
0.686917
0.686456
0.6839667
0.6857546
0.6450105
0.6495864
0.6477775
0.6527522
0.6477593
0.655087
0.6526644
0.6519337
0.6517807
0.6551642
0.6548969
0.6603069
0.65474
0.6538984
0.684256
0.6387944
0.6495981
0.8016386
0.7901741
0.666827
0.6186109
0.6496955
0.6517202
0.6494102
0.6620824
0.6450898
0.6845483
0.6233364
0.67308
0.6673911
0.6564692
0.6524051
0.6624929
0.6643996
0.6321355
0.8014472
0.8149783
0.8067414
0.8070553
0.808229
0.6584971
0.6551556
0.6498207
0.6746374
0.6880339
0.6627355
0.6766208
0.6643251
0.6859653
0.6707327
0.7978435
0.6804855
0.670957
0.694477
0.6765543
0.6808711
0.65568
0.6627748
0.6932101
0.6705574
0.6901036
0.6772974
0.6457171
0.6728005
0.6762101
0.6554385
0.6783681
0.683311
0.6696046
0.6779769
0.6788419
0.6696492
0.6561971
0.6727691
0.668994
0.6827233
0.6887309
0.6656305
0.6681472
0.6526831
0.6860328
0.6828426
0.6725433
0.6947426
0.6721715
0.6775585
0.6711758
0.6726355
0.66946
0.6700648
0.6928938
0.6880462
0.6881536
0.6894966
0.6938411
0.6917334
0.6909601
0.690708
0.6882408
0.6884798
0.6615629
0.6683239
0.6684543
0.6686652
0.667825
0.6566524
0.6585172
0.6572632
0.6565753
0.6589683
0.6612533
0.6612048
0.6600349
0.6581414
0.6908765
0.665321
0.6637077
0.8002724
0.7919279
0.6529706
0.6403925
0.6616951
0.6290882
0.6637868
0.6581245
0.6687013
0.6794008
0.6674201
0.6668004
0.6622655
0.6833931
0.6667204
0.6713041
0.6645427
0.6378985
0.8043009
0.8161139
0.8080114
0.8056787
0.8061598
0.6433578
0.6470301
0.6697872
0.6725608
0.6826301
0.6717844
0.6845423
0.6702827
0.6777568
0.6647376
0.8085466
0.6692801
0.6677183
0.6927753
0.6659252
0.6684327
0.6426559
0.6558065
0.6835621
0.6714105
0.6853539
0.681939
0.6472388
0.6691391
0.6765146
0.6680949
0.6727057
0.680585
0.6689884
0.6852656
0.6642295
0.6775939
0.6625938
0.6770563
0.6721609
0.6853722
0.675059
0.6696754
0.6772624
0.6605752
0.6808293
0.697687
0.6712923
0.6885705
0.6857971
0.6709863
0.6839736
0.6851448
0.6824493
0.6829382
0.6856649
0.6859206
0.6857188
0.6858376
0.6883848
0.6848014
0.6877253
0.6872647
0.6847766
0.6865637
0.6450806
0.6496585
0.6478488
0.6528257
0.6478306
0.65344
0.6510099
0.6502767
0.6501243
0.6535168
0.653249
0.6586764
0.6530922
0.6522471
0.685066
0.6376471
0.6496703
0.8009929
0.7897832
0.6660512
0.6176323
0.6487805
0.6513544
0.6495944
0.6616194
0.644271
0.6843232
0.6237441
0.6731633
0.6679011
0.655009
0.6513761
0.6628959
0.6638301
0.6308431
0.8005362
0.8147752
0.8057575
0.8068451
0.8081906
0.6587912
0.6542488
0.648792
0.6750314
0.6881207
0.6627069
0.676496
0.6640837
0.6857434
0.6710245
0.7977994
0.6795297
0.6700925
0.6948742
0.6762191
0.6809565
0.6556472
0.6631765
0.6923855
0.6697933
0.6892735
0.677277
0.6452396
0.672148
0.6760842
0.6561621
0.6781391
0.6830864
0.6692626
0.6776405
0.6793435
0.6706776
0.6550806
0.6728513
0.6680172
0.6820832
0.6886143
0.6666667
0.6690722
0.6528647
0.6850877
0.6822041
0.6724152
0.695544
0.6718315
0.6773265
0.6702103
0.6716689
0.6684873
0.6690932
0.6853712
0.6856269
0.685425
0.6856471
0.6880913
0.6845079
0.6872257
0.6869708
0.6844832
0.6862699
0.6451197
0.6496948
0.6478862
0.6528601
0.6478681
0.6536893
0.6512615
0.650529
0.6503765
0.6537662
0.6534986
0.6589209
0.6533419
0.6524976
0.6847724
0.6379115
0.6497066
0.8010354
0.7898315
0.6656501
0.6180347
0.6490373
0.6513904
0.6494102
0.6618658
0.6444226
0.6844441
0.6239123
0.6733991
0.6681416
0.6553723
0.6514122
0.662925
0.6636423
0.6319094
0.8004056
0.8146407
0.8057973
0.8068842
0.8081433
0.6586056
0.6545012
0.6489396
0.6750529
0.6881348
0.6629471
0.6767248
0.6645383
0.6857591
0.6709432
0.7979293
0.6795489
0.6700119
0.694579
0.6759259
0.6811822
0.6548191
0.6634205
0.6928039
0.6696067
0.6897975
0.6771933
0.6449498
0.6718565
0.6762101
0.6563027
0.6776363
0.683311
0.6692876
0.6775556
0.6792587
0.6709121
0.6555475
0.6724534
0.6683601
0.6823085
0.6890382
0.6663746
0.6692027
0.6526831
0.6848971
0.6823252
0.6718083
0.6956556
0.6718551
0.6776642
0.6701299
0.6715876
0.6684073
0.669013
0.6934431
0.6886013
0.6881972
0.6895397
0.6943885
0.6921822
0.6915117
0.6907505
0.6882844
0.6890344
0.6620422
0.6687958
0.6689258
0.6691368
0.6682977
0.6569227
0.6587862
0.6575332
0.6568456
0.6597685
0.6615202
0.6615774
0.6603026
0.6584107
0.6914281
0.6653743
0.6642908
0.8002723
0.7919307
0.6531386
0.6411241
0.6617506
0.6288192
0.6624384
0.6583986
0.668754
0.6798669
0.6679035
0.6663189
0.6617825
0.6836491
0.6670965
0.6717801
0.6647049
0.6384111
0.8036113
0.815269
0.807241
0.8049932
0.8052144
0.6441948
0.6469824
0.6702647
0.6731295
0.6830807
0.6712103
0.6838705
0.670334
0.6789474
0.6652143
0.8087116
0.6697531
0.6675603
0.6923077
0.6671427
0.6681689
0.643265
0.6556478
0.6835048
0.6714613
0.6861144
0.6822941
0.6486052
0.6694006
0.6768758
0.6687807
0.6725461
0.6805283
0.6691456
0.6849996
0.6638589
0.6779528
0.6629689
0.6775208
0.6722113
0.6855198
0.6748997
0.6693057
0.677518
0.6611623
0.6803581
0.6972229
0.6711335
0.6884097
0.6868695
0.671569
0.6841207
0.6852918
0.6825978
0.6830865
0.6871719
0.6874266
0.6872257
0.6874462
0.6898813
0.6863099
0.6892262
0.6886645
0.6862853
0.6863191
0.6464858
0.6510509
0.6492453
0.654317
0.6492285
0.6558934
0.6534741
0.6527444
0.6525912
0.655756
0.6557037
0.6611058
0.6555467
0.6547067
0.6865742
0.639404
0.6510638
0.8006329
0.7898612
0.6668805
0.61925
0.6510666
0.6523262
0.6514557
0.6637583
0.6470347
0.6857437
0.626847
0.6737702
0.6689444
0.6572919
0.6529027
0.6638425
0.665858
0.6324222
0.8001738
0.8147515
0.8054816
0.8069974
0.8077421
0.6602859
0.6557563
0.6515263
0.6754152
0.6884855
0.664691
0.6762556
0.6667198
0.6865297
0.6717316
0.7979582
0.6804319
0.6714286
0.6965609
0.6769194
0.6824749
0.6563799
0.6648714
0.6935622
0.6709263
0.6908652
0.6785967
0.6463217
0.673376
0.6780384
0.6576519
0.678419
0.6850177
0.6710286
0.6783439
0.6805577
0.6724342
0.6571176
0.6732414
0.6690465
0.6844298
0.6903145
0.6683369
0.6707298
0.6543576
0.6856694
0.6844417
0.6725951
0.6959055
0.6732768
0.6790872
0.6720629
0.6735241
0.6703531
0.670957
0.6862991
0.6865543
0.6863529
0.6865742
0.6890139
0.6854364
0.6883564
0.6878966
0.6854118
0.6871964
0.6461018
0.6506701
0.6488635
0.6538308
0.6488464
0.6546573
0.6522331
0.6515018
0.651349
0.6547343
0.654467
0.6598807
0.6543101
0.6534677
0.6857008
0.6376906
0.6506827
0.8013802
0.7899172
0.6667201
0.6189563
0.6500244
0.65194
0.6504052
0.6628396
0.6453121
0.6847568
0.6250627
0.6742491
0.6691052
0.6555918
0.6524051
0.6637882
0.6646159
0.6321355
0.8005793
0.8147251
0.8059691
0.8070553
0.8083148
0.658931
0.6553736
0.6490498
0.6759868
0.6890427
0.6638988
0.6775561
0.6646449
0.6868924
0.6718898
0.7981009
0.6807974
0.671062
0.6956997
0.676973
0.682011
0.6560026
0.6642805
0.6927023
0.6709795
0.6902055
0.6783382
0.6460456
0.6732196
0.6763147
0.6573814
0.67795
0.6842437
0.6704491
0.6777663
0.6804034
0.6711224
0.6566299
0.6733999
0.6693107
0.6824122
0.6898571
0.6675422
0.6694136
0.6538708
0.686136
0.6833595
0.6721234
0.6957569
0.6729091
0.6785087
0.6711758
0.6726355
0.66946
0.6700648
0.6853218
0.6857838
0.6854788
0.6855977
0.6883503
0.6844584
0.6873824
0.6869218
0.6844336
0.6862207
0.6459357
0.650614
0.6488071
0.6537753
0.6487899
0.6546021
0.6521774
0.651446
0.651617
0.6546791
0.6545193
0.65972
0.6542549
0.6534123
0.6847229
0.6378527
0.6505182
0.8008344
0.7899731
0.6658106
0.617971
0.6495289
0.6517733
0.6494634
0.6621359
0.6448092
0.6849152
0.624655
0.6735593
0.6687309
0.6556454
0.6517967
0.6631944
0.6639125
0.6316224
0.8004635
0.8147832
0.8058553
0.8071132
0.8085443
0.6590927
0.6547725
0.6487721
0.6755211
0.6882887
0.6638456
0.6772977
0.6646979
0.6860191
0.6709964
0.7985868
0.6806431
0.6708001
0.6946332
0.6765032
0.6807172
0.6546561
0.6628282
0.6934669
0.669977
0.689545
0.6779754
0.645331
0.6728536
0.6768915
0.6570029
0.6783173
0.684194
0.6701857
0.6773988
0.680145
0.6712806
0.6561418
0.6731379
0.6686245
0.6821547
0.6885797
0.6669587
0.6692558
0.6535995
0.6852608
0.6827927
0.6728063
0.6956082
0.6728571
0.6780351
0.6706012
0.67206
0.6688815
0.6694868
0.6933779
0.6885335
0.6881292
0.6894725
0.6943238
0.6921163
0.6914455
0.6898675
0.6882165
0.6889669
0.6617484
0.6685079
0.6686381
0.6688491
0.6680092
0.6566251
0.6584901
0.657236
0.656548
0.6595795
0.6612264
0.6612839
0.6600079
0.6581142
0.6913619
0.6644487
0.6639987
0.800688
0.7918281
0.6530513
0.6411409
0.6610237
0.629284
0.663112
0.6584222
0.6679257
0.6803168
0.6670704
0.6668807
0.662346
0.6833679
0.6661557
0.6712778
0.664731
0.6374221
0.8042008
0.8161009
0.8075712
0.8057503
0.8060602
0.6438814
0.6470015
0.6701864
0.6730544
0.6831127
0.6716547
0.6840056
0.6696245
0.6790822
0.6651343
0.8089531
0.6689377
0.6679022
0.6927514
0.6661106
0.6684065
0.643064
0.6561039
0.68364
0.6713845
0.6863523
0.6823263
0.6482986
0.669218
0.6768019
0.6678571
0.6736243
0.6800409
0.6689622
0.6850332
0.6636718
0.6779834
0.6628873
0.67651
0.6723445
0.6847298
0.6752419
0.6692277
0.6776522
0.6608675
0.681115
0.6976636
0.6722087
0.6884442
0.6870062
0.6705346
0.6842555
0.6854274
0.6827328
0.6832216
0.6926067
0.6877584
0.6873536
0.6886984
0.6935546
0.6913446
0.6906727
0.6899104
0.6874415
0.6881922
0.6611662
0.6679293
0.6680599
0.6682707
0.6674301
0.6559345
0.6578007
0.6565456
0.6558576
0.6588907
0.6605388
0.6605969
0.6593197
0.6574243
0.6905892
0.6643966
0.6634173
0.8
0.7913203
0.6522406
0.6403172
0.6607573
0.6286753
0.6630593
0.6576118
0.6678718
0.6795278
0.6670165
0.6662921
0.6617552
0.682785
0.6661021
0.6713292
0.6639238
0.6374887
0.8035971
0.8154239
0.8073125
0.8050647
0.805372
0.6430609
0.6461839
0.6693871
0.6722735
0.6823466
0.6708722
0.6837434
0.6695707
0.6782991
0.6643412
0.8083621
0.6688841
0.6673239
0.6919779
0.6661637
0.667932
0.6422535
0.6552948
0.6828641
0.6705947
0.6855786
0.6815481
0.6474895
0.6684294
0.6760164
0.6679096
0.6728351
0.6799843
0.668171
0.6842479
0.6631947
0.6772018
0.6620877
0.6766627
0.671557
0.684672
0.6745613
0.6684361
0.6768699
0.6602844
0.680333
0.696897
0.6714218
0.6877726
0.6862285
0.67048
0.6834834
0.6846531
0.6819565
0.6824456
0.7040484
0.7028576
0.7022463
0.7013225
0.7089859
0.7003826
0.7040484
0.7063681
0.7033561
0.7069978
0.6839691
0.6911259
0.689042
0.6930329
0.6881168
0.6852833
0.6850217
0.6851569
0.6842486
0.6861062
0.6881557
0.6887147
0.6860969
0.6863469
0.7031349
0.6923508
0.6918028
0.8096741
0.8109944
0.7002412
0.6678244
0.6774616
0.685441
0.6859836
0.6734037
0.6800921
0.6936397
0.6724782
0.6869799
0.6870565
0.6890454
0.6836525
0.6985692
0.678177
0.6769926
0.8116423
0.8215898
0.8123575
0.8138836
0.8247009
0.6791155
0.6731639
0.6856793
0.697807
0.7155906
0.6845391
0.6939573
0.6910889
0.7006141
0.690438
0.8134464
0.7014592
0.6999603
0.7136979
0.6969333
0.6856982
0.6657689
0.6712194
0.7174543
0.695868
0.7078794
0.7065622
0.6831083
0.6929965
0.7002235
0.6912309
0.6978216
0.6993281
0.6994893
0.697361
0.6986739
0.7057333
0.6884597
0.7137781
0.6900787
0.7014199
0.6865696
0.6989453
0.7057285
0.6917534
0.7093475
0.7176202
0.6976559
0.7150952
0.6917323
0.695624
0.7079305
0.7092959
0.7066119
0.706793
0.8231544
0.8223269
0.8197936
0.8213664
0.8236698
0.8209053
0.8223865
0.8220191
0.820122
0.8231076
0.8243311
0.8258209
0.8223746
0.823037
0.8242083
0.8141426
0.814632
0.8135581
0.8130902
0.8152797
0.8122045
0.8163517
0.8143552
0.8131724
0.8232184
0.8196044
0.820446
0.803508
0.8109135
0.8062653
0.8142351
0.8254408
0.820209
0.8244078
0.8250513
0.8204259
0.8166176
0.8225735
0.8184831
0.8166064
0.8247681
0.8230871
0.8266686
0.8220863
0.8087428
0.8018058
0.8184347
0.8042493
0.8055535
0.8066721
0.8109747
0.8004922
0.811473
0.8237573
0.8291336
0.8169217
0.8216579
0.8184532
0.8178311
0.8095238
0.8293662
0.8303314
0.825696
0.8205968
0.8174927
0.8228187
0.8073039
0.8181751
0.8155946
0.8138515
0.8174241
0.8163918
0.8195434
0.8228241
0.8195636
0.814647
0.8268799
0.8122939
0.8170368
0.8208266
0.8192526
0.8168748
0.8150725
0.8252315
0.8169721
0.8203097
0.8262281
0.812436
0.816153
0.8159616
0.8211666
0.8168594
0.8217929
0.8257701
0.8186917
0.8227439
0.8177884
0.8185043
0.8170025
0.8174178
0.7163553
0.7140592
0.715802
0.7159028
0.7188831
0.7183254
0.7189919
0.7193523
0.7158686
0.7179447
0.6707506
0.6786265
0.6746684
0.6800454
0.673812
0.6825307
0.6861955
0.6841043
0.6852076
0.6867548
0.6871225
0.6897936
0.6875905
0.6847712
0.7163659
0.6996082
0.6731664
0.805831
0.7960727
0.6711265
0.647173
0.6919451
0.6852354
0.6977959
0.6824207
0.6891715
0.7216519
0.6903449
0.6882883
0.6906163
0.6996654
0.68615
0.6910948
0.6950123
0.6639426
0.806108
0.8167462
0.8082629
0.803448
0.8156903
0.658559
0.6658356
0.6910576
0.7101883
0.7236822
0.6955586
0.7019108
0.6654581
0.6912584
0.6730377
0.8113331
0.6901067
0.6857811
0.6983182
0.6687217
0.6921652
0.6728667
0.6749938
0.7041458
0.6669683
0.6891751
0.6808631
0.6591379
0.6749471
0.6759827
0.6672429
0.6996705
0.6853522
0.6775114
0.706034
0.6857722
0.7105597
0.6616392
0.6985389
0.6618326
0.6773351
0.6926111
0.6787607
0.7053202
0.658444
0.6823912
0.7004402
0.6904858
0.6988868
0.6676543
0.6837867
0.7071282
0.7075764
0.7054898
0.7060832
0.8189549
0.8169178
0.8186709
0.8160367
0.8203363
0.8170377
0.8178379
0.8195292
0.8185715
0.8197662
0.8100832
0.8127365
0.8125136
0.8142172
0.8129004
0.8095585
0.8111766
0.8107892
0.8104076
0.8118272
0.8106436
0.8110093
0.8118502
0.8110941
0.8204775
0.8082042
0.8113194
0.8152516
0.6662647
0.8057325
0.797905
0.8012487
0.8102233
0.8128759
0.8139191
0.8059946
0.8001192
0.8077757
0.8059069
0.8064828
0.8095132
0.8103679
0.8168018
0.8054518
0.8068807
0.815675
0.8285445
0.819761
0.8171089
0.8158166
0.8065593
0.799418
0.8066122
0.8063742
0.8125718
0.8006438
0.8091976
0.8015211
0.8111648
0.8100424
0.7260958
0.80616
0.8090723
0.8157645
0.8176586
0.8085932
0.8028345
0.8104874
0.8074534
0.8047686
0.8100029
0.8090331
0.8030069
0.8053052
0.8163726
0.8136015
0.8094714
0.8089747
0.8100154
0.8157875
0.80377
0.8170404
0.8078226
0.8251374
0.8069931
0.8081779
0.8140755
0.8091222
0.8097465
0.8058039
0.8111453
0.8140942
0.8090364
0.8179178
0.8022002
0.8106106
0.8121287
0.8119633
0.811399
0.8113853
0.7132895
0.7117017
0.7107917
0.7109983
0.7150194
0.7112944
0.7144101
0.7158902
0.7112715
0.7150882
0.6781311
0.6842105
0.6844398
0.6880483
0.683713
0.6804332
0.6816603
0.6772024
0.6776779
0.6816897
0.6830173
0.6818879
0.6793368
0.6794789
0.712281
0.6947183
0.6818035
0.8122014
0.8207171
0.7021105
0.6741824
0.6922827
0.6979768
0.6973824
0.6850484
0.6915529
0.7103575
0.6842018
0.7036857
0.6977594
0.6868313
0.6823811
0.691969
0.6872022
0.6711943
0.8087286
0.8252258
0.8141952
0.8075728
0.8190378
0.6856138
0.680673
0.6815083
0.6999524
0.7160273
0.702495
0.7127651
0.6926239
0.7176368
0.7092986
0.8234573
0.7146139
0.7025286
0.7219504
0.7017052
0.6979425
0.6690089
0.6888545
0.7227226
0.6966752
0.7165342
0.7112782
0.6894129
0.6993214
0.7077658
0.696341
0.7053935
0.7107964
0.7008239
0.7004928
0.7091054
0.7206818
0.6954908
0.7099261
0.6960148
0.7020323
0.7110706
0.7092746
0.7182677
0.7037892
0.7139686
0.718979
0.7055034
0.7232991
0.7064081
0.6948491
0.7062076
0.7073693
0.7049766
0.705056
0.7279912
0.7261401
0.7260542
0.725049
0.7281675
0.725335
0.7290852
0.7284463
0.7264114
0.7273581
0.6932073
0.7001752
0.6958224
0.699992
0.698452
0.6888336
0.6928737
0.6912295
0.6914766
0.6933227
0.6946242
0.6957978
0.6938319
0.6928309
0.7258052
0.7046953
0.6966984
0.8163594
0.8082448
0.6950894
0.6748846
0.6900779
0.6883074
0.6922888
0.6874489
0.6905093
0.7094318
0.6922194
0.7028599
0.702303
0.7065349
0.68621
0.6970877
0.7051873
0.6830108
0.8167023
0.8234008
0.8167928
0.8161349
0.8187564
0.6871481
0.6907996
0.6876838
0.7090709
0.7228609
0.6854509
0.7060407
0.7053664
0.7192499
0.7074603
0.8142961
0.7083797
0.7113443
0.732828
0.6942009
0.69744
0.6860044
0.6840644
0.7260028
0.7120888
0.7158251
0.7146349
0.6924996
0.7099351
0.7176694
0.7006405
0.7100366
0.7090562
0.7068321
0.6975653
0.710852
0.7216778
0.7010591
0.7163507
0.7072183
0.7131537
0.7042018
0.7092802
0.7189686
0.6896302
0.708446
0.7269883
0.7062326
0.7198774
0.6969648
0.7025695
0.7112997
0.7127769
0.7097946
0.7101793
0.6940353
0.6938743
0.6960855
0.6946276
0.6981495
0.6943059
0.6952955
0.6976557
0.6931251
0.6947394
0.6715346
0.6755306
0.6731803
0.6748027
0.6731866
0.6655215
0.6666667
0.6642916
0.66544
0.6682182
0.6683811
0.6677819
0.6658217
0.6632235
0.6957325
0.6651628
0.6790063
0.8104464
0.803165
0.6810585
0.6412537
0.6653958
0.6660835
0.6915068
0.6828727
0.6781315
0.689762
0.6580123
0.6843186
0.6758096
0.6935999
0.6762411
0.6933485
0.6719062
0.6660842
0.8116339
0.8205034
0.8104188
0.8153676
0.8212947
0.6751918
0.6687386
0.6774699
0.688501
0.7082095
0.6794675
0.6946467
0.689234
0.6889446
0.6905913
0.813014
0.6947597
0.6912827
0.7004175
0.6778721
0.6930191
0.6669124
0.6725006
0.7019836
0.6954143
0.6923447
0.6925426
0.674622
0.6773381
0.6983299
0.6762014
0.6844629
0.6979493
0.6953935
0.6823809
0.7012571
0.6971419
0.6803593
0.6992783
0.6936003
0.6995347
0.6992156
0.7070175
0.6933644
0.6846148
0.7072101
0.6977397
0.6853124
0.7063505
0.6914687
0.6851001
0.7045742
0.7049102
0.7037449
0.7034121
0.6987159
0.6986598
0.7003367
0.6989894
0.702381
0.6998157
0.7000722
0.7021055
0.697286
0.6991016
0.6762385
0.6799935
0.6777624
0.6795912
0.6772358
0.6703637
0.6716102
0.6691435
0.6696305
0.6721792
0.6733133
0.672498
0.6706611
0.6684099
0.7000882
0.6737074
0.6834521
0.8123206
0.8036282
0.6878976
0.6477139
0.6726058
0.6706821
0.6980901
0.6914459
0.6863438
0.6957863
0.6647084
0.6905151
0.6824052
0.6995347
0.6816678
0.6990417
0.6766998
0.6738681
0.8137814
0.8211489
0.8108068
0.8177546
0.8205562
0.6842666
0.675495
0.6862038
0.694112
0.7143191
0.6820819
0.6984672
0.6936356
0.6941849
0.6964372
0.8154662
0.7004812
0.6951229
0.7050676
0.6860852
0.6997838
0.6737057
0.680624
0.7077216
0.7021703
0.6992013
0.6954429
0.6821176
0.6856266
0.7063004
0.6822955
0.6915487
0.7035494
0.7001683
0.689112
0.7062016
0.7009585
0.685898
0.7039258
0.6981722
0.7028347
0.7050945
0.7129468
0.6979334
0.6898719
0.7096543
0.7047703
0.691831
0.7123722
0.6990034
0.6913964
0.7113824
0.7117438
0.7105888
0.7102597
0.7064768
0.7064206
0.7072531
0.7051986
0.710076
0.7095034
0.7097619
0.709511
0.705887
0.7071639
0.6756494
0.6780073
0.6778138
0.6817705
0.6767521
0.664788
0.6653874
0.6654145
0.6653608
0.6663946
0.6686217
0.6695405
0.6684583
0.6645689
0.7089552
0.6790343
0.6810387
0.7990796
0.7982621
0.6795449
0.6430561
0.6733268
0.6581919
0.6731375
0.677765
0.6690205
0.7070958
0.6731265
0.6810678
0.6814711
0.6959184
0.6666389
0.6718207
0.6771927
0.657754
0.8043155
0.8122656
0.8043494
0.803971
0.8103027
0.6625384
0.6596719
0.6727783
0.6987789
0.713975
0.690957
0.6975299
0.6910117
0.6870204
0.6850731
0.8127724
0.6785947
0.6871585
0.6938874
0.6848372
0.6904704
0.6625666
0.666032
0.6920612
0.6927595
0.6996098
0.6902065
0.6777606
0.6875603
0.6867168
0.680621
0.6907183
0.6936146
0.6867227
0.6887061
0.6789401
0.687671
0.6791745
0.7018371
0.6764754
0.6906892
0.6913372
0.6889122
0.6883953
0.6812005
0.6814418
0.7048528
0.691004
0.7019683
0.6901784
0.6787066
0.6913994
0.6918949
0.6895556
0.6901612
0.8188222
0.8180761
0.8163889
0.8181422
0.818406
0.8181092
0.8164156
0.8192246
0.8180102
0.8193759
0.8133314
0.8144195
0.812041
0.8127953
0.8123408
0.8098668
0.8102721
0.8117869
0.810801
0.8107499
0.8102583
0.8101919
0.8103411
0.8099294
0.8182016
0.8193791
0.8132683
0.7910537
0.808909
0.8007281
0.808476
0.8094395
0.8082405
0.8212286
0.807798
0.8196745
0.8034746
0.8119976
0.8123152
0.8168164
0.8170515
0.8212047
0.8208364
0.809945
0.8064899
0.7948583
0.8142197
0.7947357
0.7921184
0.7961826
0.8082019
0.803314
0.8000746
0.8130692
0.8211515
0.8105248
0.8128765
0.8094819
0.8161438
0.8023956
0.8249245
0.8213587
0.816022
0.8219964
0.8102527
0.8151407
0.8113482
0.814646
0.8190559
0.811289
0.8119546
0.8122907
0.8113759
0.815245
0.8106981
0.8081609
0.8143035
0.8110305
0.8194747
0.8123388
0.8116916
0.8089642
0.8056764
0.8178249
0.8158889
0.8143149
0.823028
0.8070742
0.8084034
0.8118581
0.815093
0.8207486
0.8135914
0.8176146
0.8066578
0.8158302
0.8064727
0.8072403
0.8058011
0.8061359
0.7191678
0.7166746
0.7178045
0.7195257
0.720877
0.7173844
0.7207869
0.721248
0.7191873
0.7190318
0.699896
0.7028968
0.7011421
0.7053998
0.7025236
0.6903958
0.6921347
0.6907979
0.6925177
0.6934254
0.6952549
0.6944467
0.6928881
0.6926167
0.7190762
0.7050474
0.7007761
0.809369
0.808992
0.7003721
0.6896693
0.6996035
0.6921503
0.7086103
0.6972687
0.6868313
0.7141483
0.7007687
0.7086563
0.7073703
0.7089994
0.6936212
0.7048012
0.6931278
0.6839421
0.8134638
0.8288315
0.8065908
0.8132566
0.8196431
0.6972604
0.6836919
0.6976971
0.7220485
0.7389875
0.7097156
0.7297129
0.6980114
0.7192469
0.6948266
0.8193689
0.719981
0.7214364
0.7397004
0.7139335
0.7233942
0.700272
0.7099445
0.7329749
0.7062915
0.7148953
0.7163412
0.6869777
0.6976912
0.7106081
0.7030648
0.7156372
0.7156824
0.7047109
0.713667
0.7107129
0.7168365
0.7058824
0.7089647
0.7151573
0.7050913
0.723215
0.7144673
0.7145007
0.6981238
0.7211637
0.7311996
0.711314
0.7211887
0.7168373
0.6967894
0.7232513
0.7251567
0.7221175
0.7222964
0.7157404
0.7119221
0.7130538
0.7131562
0.7159404
0.7134503
0.7134045
0.7159997
0.7122063
0.7160104
0.6840748
0.6878766
0.6851464
0.6886391
0.6872789
0.6782742
0.6830113
0.6812354
0.6809608
0.6847354
0.6840454
0.6840836
0.681972
0.6805197
0.7121943
0.6995537
0.6889764
0.8095868
0.8138837
0.6938511
0.6708808
0.6869155
0.691869
0.6922134
0.6941033
0.6916109
0.7061326
0.6915007
0.7000485
0.7005417
0.7051915
0.6896919
0.6945753
0.6823007
0.680673
0.8107668
0.8240087
0.8134109
0.8075873
0.8156383
0.6817028
0.6792391
0.6850368
0.7034815
0.7110402
0.6930244
0.7024669
0.6948839
0.7212702
0.7012987
0.8148282
0.7015891
0.6941693
0.71262
0.6949643
0.6950673
0.691833
0.6874237
0.7207172
0.6973484
0.7007235
0.6981328
0.6852361
0.7005016
0.6961822
0.6929267
0.706248
0.7061917
0.7002396
0.7025199
0.7069719
0.7021632
0.6857004
0.6964014
0.6961671
0.7039311
0.69624
0.7167324
0.6971803
0.6933365
0.7159109
0.7087263
0.709731
0.7196827
0.7072588
0.6908602
0.7048055
0.7054491
0.7034658
0.7036479
0.6941916
0.6892788
0.6908724
0.6904627
0.6945405
0.6936211
0.6933495
0.6925621
0.6919106
0.6933183
0.662611
0.6648068
0.6635199
0.6670216
0.6643948
0.6623718
0.6633038
0.6604735
0.6619614
0.6654108
0.6649189
0.6670481
0.6623451
0.6645627
0.691364
0.6784263
0.666694
0.8019309
0.8065772
0.668543
0.6419492
0.6647576
0.6591785
0.6731569
0.6734118
0.6707997
0.6958746
0.6731459
0.6847942
0.6832497
0.6892437
0.663955
0.6790663
0.6711644
0.6552477
0.7999401
0.8218597
0.8076466
0.8086744
0.8156086
0.6568151
0.6595389
0.6668331
0.6829524
0.6993145
0.6893484
0.6949071
0.6741463
0.6896273
0.6839546
0.8146235
0.6912264
0.6859471
0.7120669
0.6801728
0.6847051
0.6626645
0.6680209
0.6947563
0.6703053
0.690817
0.6903803
0.6673521
0.6854995
0.6865623
0.6792622
0.6891969
0.693693
0.6908107
0.6784097
0.689658
0.703429
0.666226
0.6938825
0.6808061
0.6849115
0.6931992
0.6909899
0.7017656
0.6687142
0.6892756
0.702478
0.6895968
0.6983249
0.6919408
0.6804846
0.6977226
0.6986575
0.6960211
0.6965186
0.7187179
0.7153146
0.7185723
0.7176591
0.7215319
0.7181531
0.7174016
0.7198864
0.7168142
0.7191889
0.6944778
0.6986422
0.6959443
0.6982504
0.6967029
0.69711
0.6959162
0.6945911
0.6946266
0.6974052
0.6975575
0.6982065
0.6981177
0.6954575
0.7188289
0.707503
0.6996325
0.8088637
0.8036823
0.6868069
0.6754169
0.6893409
0.6962149
0.6882189
0.6915285
0.6757741
0.7234043
0.6995999
0.6994159
0.6942997
0.7030983
0.6827415
0.6928595
0.6918605
0.6738609
0.8152278
0.822477
0.8138368
0.8154491
0.8218927
0.6846803
0.6841631
0.690688
0.7122534
0.7292019
0.7030495
0.7209813
0.7044674
0.70168
0.6885233
0.8158525
0.7048068
0.7056583
0.7275228
0.6873431
0.6942169
0.6808976
0.6793103
0.7258657
0.6905069
0.7101828
0.7041401
0.6865841
0.7036064
0.7051262
0.6914318
0.7101784
0.7086821
0.7072782
0.7041992
0.7061638
0.7149736
0.6897139
0.7067825
0.6915399
0.7141158
0.7062943
0.7001122
0.715988
0.6932156
0.7043548
0.7142631
0.71047
0.7143648
0.7020987
0.6926527
0.7218016
0.722901
0.7207624
0.7209412
0.7238283
0.7216568
0.7185349
0.7203537
0.7228081
0.7206439
0.7241298
0.7233825
0.7213283
0.7233908
0.6952335
0.7009585
0.6985765
0.6988
0.6972514
0.7057281
0.7054756
0.7047877
0.7043015
0.7076654
0.7069937
0.707114
0.7070306
0.7046142
0.7204106
0.7060041
0.6988309
0.822206
0.802664
0.7012441
0.6921695
0.707268
0.701535
0.700318
0.7010075
0.6906422
0.7112806
0.6937551
0.7157303
0.7105221
0.7057724
0.6922635
0.7010468
0.7058919
0.6915154
0.8268991
0.8296372
0.8200662
0.8243204
0.8275509
0.6993024
0.684599
0.7045785
0.7182602
0.7248628
0.7051414
0.7121512
0.6998232
0.7151015
0.7035144
0.8203549
0.7104173
0.7102115
0.7250927
0.7037571
0.7086815
0.6960289
0.6981515
0.7264402
0.7076616
0.7135968
0.7142292
0.6997752
0.7102277
0.708679
0.7050676
0.7164748
0.7239148
0.7096903
0.7179037
0.7099164
0.7287022
0.7002819
0.7158487
0.7053379
0.7138657
0.7126993
0.7134684
0.7275149
0.712395
0.7237029
0.7316082
0.7208789
0.7234193
0.7057694
0.7185298
0.7229688
0.7254718
0.7215329
0.7219125
0.8107714
0.8075797
0.8110041
0.8079988
0.8104504
0.8093604
0.8101636
0.8112643
0.8099548
0.8084655
0.8008652
0.8058252
0.8056042
0.8067104
0.804591
0.7953242
0.7952941
0.7957803
0.7958419
0.79746
0.7977545
0.7969037
0.7967844
0.7963548
0.8111006
0.7973659
0.8031634
0.8061097
0.6857075
0.7915857
0.7922944
0.8011267
0.7956418
0.8085755
0.8071646
0.8011347
0.800624
0.7998499
0.7928759
0.792198
0.7964828
0.8040021
0.8022019
0.7945442
0.7945954
0.8071825
0.8164474
0.8091445
0.8078821
0.8100583
0.7905826
0.7902984
0.7990905
0.8022426
0.8096126
0.7997372
0.8014776
0.7911623
0.7989239
0.8001029
0.7263821
0.8042728
0.8002051
0.8076133
0.8029712
0.7952616
0.7843706
0.7999108
0.7984729
0.7913327
0.8041207
0.790646
0.790525
0.801056
0.803864
0.8043798
0.8009881
0.8041912
0.8062106
0.8026257
0.8000295
0.8073836
0.7982378
0.8200188
0.7992201
0.7975628
0.8082062
0.8096769
0.8049887
0.7899297
0.8035714
0.8041184
0.8015553
0.817754
0.7916667
0.8081735
0.8071537
0.8078351
0.8063999
0.8064728
0.7248196
0.7245626
0.7237751
0.7247706
0.727493
0.7274505
0.7252196
0.7276712
0.7246354
0.7271802
0.6936504
0.7013369
0.6989641
0.7024964
0.6996173
0.690644
0.6935252
0.6911494
0.6921293
0.6944955
0.6949613
0.695406
0.6950032
0.6942136
0.7268243
0.7079008
0.6999442
0.816113
0.8107353
0.6927877
0.6762211
0.7010708
0.6909017
0.6966832
0.6887617
0.6989361
0.7192048
0.6950262
0.7123496
0.7056738
0.7082322
0.6992836
0.7113286
0.6951806
0.6893766
0.8147957
0.8331888
0.8193213
0.8120539
0.8279005
0.6817958
0.6867657
0.7161234
0.7159624
0.7285714
0.707542
0.7053465
0.6851567
0.7010548
0.7037803
0.8280858
0.7035589
0.7071858
0.7055396
0.6942255
0.7137215
0.68846
0.7015876
0.7358885
0.6970329
0.7070003
0.6950048
0.671355
0.6957217
0.70056
0.6898612
0.7038753
0.7199779
0.6963842
0.7173013
0.6936741
0.7190888
0.6927983
0.7167785
0.6873337
0.699992
0.7145564
0.7119638
0.7143421
0.6839428
0.7154156
0.7091428
0.7016174
0.7099636
0.6866553
0.7018593
0.7211696
0.7213654
0.7200282
0.7201066
0.8192561
0.8189399
0.8171715
0.8178058
0.8192675
0.8186299
0.8177132
0.8204274
0.8190449
0.8199797
0.8102344
0.8096833
0.8082471
0.8090035
0.8101063
0.7982681
0.8005274
0.7988995
0.800454
0.800044
0.7993694
0.800805
0.7995456
0.79956
0.8188936
0.8112219
0.8100823
0.7797184
0.7940664
0.7995989
0.8023801
0.8148691
0.8096719
0.8013017
0.8085248
0.8079323
0.8022565
0.8149192
0.8054504
0.8042509
0.8186314
0.8102564
0.8161554
0.8115502
0.8016234
0.7830524
0.7987379
0.7865253
0.7861753
0.785046
0.8010413
0.7932196
0.8027813
0.8111939
0.8191398
0.8032632
0.811856
0.7980641
0.8102718
0.8039144
0.8175383
0.8134568
0.8093991
0.8085216
0.8069532
0.8119583
0.7971879
0.8098503
0.8083928
0.8043191
0.8026643
0.8017608
0.8048458
0.8090379
0.8098442
0.802651
0.8124087
0.8078193
0.8137198
0.8100752
0.8077909
0.8109761
0.8113871
0.8189468
0.8063666
0.8014879
0.814131
0.8072695
0.8088568
0.8081442
0.8059734
0.8114706
0.8132587
0.8065531
0.8043095
0.8092665
0.8080522
0.8086501
0.8073896
0.8075494
0.8216948
0.8214648
0.8212424
0.823402
0.8207649
0.8227729
0.8221209
0.8245614
0.8216533
0.8221595
0.8125272
0.8135298
0.8133933
0.8143178
0.8132626
0.8099288
0.8084286
0.809167
0.8107755
0.8115879
0.8114427
0.811203
0.810316
0.8099047
0.8221001
0.8270612
0.8110804
0.7868852
0.8190409
0.8076157
0.8110044
0.818554
0.8159446
0.8165768
0.8148094
0.8178135
0.8085813
0.8184709
0.8137768
0.8130303
0.8225901
0.8174228
0.8252775
0.8187781
0.8065569
0.7921357
0.8073719
0.7931937
0.8002671
0.7952709
0.8109045
0.8033845
0.809027
0.8172267
0.8266223
0.8141919
0.818418
0.81475
0.8118797
0.8067583
0.830678
0.8220051
0.8161626
0.8219595
0.8136125
0.8212763
0.8042746
0.8211964
0.8203852
0.8142077
0.8154559
0.8062724
0.8214208
0.817188
0.8158661
0.8162091
0.8147932
0.8071644
0.8173831
0.814842
0.8144345
0.818675
0.8165499
0.817964
0.8167175
0.8165284
0.8273061
0.8119296
0.8182147
0.811399
0.8130746
0.8227565
0.8139079
0.8257521
0.8078615
0.8170185
0.8130058
0.8136196
0.8123684
0.8126996
0.8200406
0.8206652
0.8192439
0.8212424
0.8197089
0.8204404
0.8197839
0.821894
0.8203419
0.8207636
0.8115404
0.8129768
0.8129267
0.8135076
0.8119316
0.8064187
0.8067386
0.8072184
0.8083139
0.8090419
0.8090697
0.8089177
0.8079388
0.8075241
0.8201913
0.8230586
0.8112163
0.7894619
0.8173275
0.8016474
0.8099993
0.8177426
0.8153858
0.8138243
0.8117926
0.8148969
0.8110021
0.8184374
0.8124261
0.813169
0.8209098
0.8160758
0.8188629
0.8210921
0.806959
0.7879907
0.807156
0.790429
0.7970971
0.798013
0.8085799
0.8015619
0.8099571
0.8157439
0.8236797
0.8150982
0.8188118
0.8071476
0.8144397
0.8078526
0.8272994
0.8212914
0.8141542
0.823039
0.8127967
0.8151621
0.8020398
0.8139706
0.8181358
0.814777
0.8125817
0.8091937
0.8165017
0.8143199
0.8152277
0.8147067
0.8133723
0.8069492
0.8163176
0.8162861
0.8135346
0.8125409
0.8155645
0.8181026
0.8132372
0.8105202
0.8212581
0.8085855
0.8140583
0.8102355
0.8113028
0.8232363
0.8110196
0.8243691
0.8051919
0.8151533
0.8115092
0.8122912
0.8108639
0.8111959
0.8262813
0.823083
0.8257483
0.8241663
0.8234021
0.8238776
0.8240774
0.8228617
0.8233552
0.8249639
0.818195
0.8224191
0.8206663
0.8203074
0.8205443
0.8144957
0.8157552
0.8150293
0.8148202
0.8164003
0.8160845
0.816356
0.8153078
0.8156752
0.8228662
0.8124773
0.8183068
0.8010653
0.8146616
0.8012464
0.8028703
0.8164775
0.8105107
0.8232702
0.8120056
0.8201603
0.8113903
0.8171589
0.8157856
0.8136431
0.8128061
0.8264408
0.8287836
0.8063747
0.8044286
0.8043381
0.8040216
0.8005501
0.7991088
0.8116327
0.8091473
0.8036509
0.8096435
0.818502
0.8207809
0.8164986
0.820631
0.8136261
0.8133518
0.8128366
0.8217551
0.8219198
0.817446
0.8193051
0.8090077
0.8219574
0.8036617
0.8149644
0.8225086
0.8085652
0.8174259
0.8116585
0.8124772
0.8109898
0.8101507
0.8054229
0.808623
0.8165465
0.8173831
0.8218538
0.8129649
0.815591
0.8171541
0.8243663
0.8098956
0.812988
0.8254483
0.8153029
0.8098571
0.808624
0.8112532
0.8205425
0.8067982
0.8162954
0.8130841
0.8129151
0.8158293
0.8165377
0.8150348
0.8154503
0.6923573
0.6909296
0.6910412
0.6884093
0.6930255
0.688192
0.6903512
0.6918858
0.6885908
0.6956906
0.6709936
0.6747782
0.6745851
0.6780321
0.6745928
0.6778534
0.6831395
0.6801846
0.679482
0.6835944
0.6833266
0.6830469
0.680605
0.6818145
0.6892067
0.6873487
0.6740566
0.8020926
0.8057839
0.6734526
0.6588609
0.671563
0.6751366
0.6827637
0.6647481
0.6730865
0.7029863
0.6760938
0.6914155
0.6919184
0.6844408
0.6796422
0.6950574
0.6655801
0.6564674
0.8096369
0.8180285
0.804878
0.8075955
0.8133925
0.6627239
0.6600751
0.6743013
0.6814302
0.6932996
0.6776566
0.6899349
0.6863699
0.6905377
0.6670768
0.8110552
0.6856656
0.6922336
0.7117038
0.683355
0.6865804
0.6684396
0.6660028
0.7018886
0.6852648
0.6909851
0.6998641
0.6762472
0.6854604
0.6930893
0.6809481
0.6891553
0.6882496
0.6890756
0.6890503
0.6870699
0.7000639
0.6668592
0.6856865
0.6847219
0.6933559
0.6922086
0.6845736
0.6925304
0.6864249
0.6863651
0.7069734
0.6876513
0.691992
0.6866991
0.6846729
0.7001589
0.7015139
0.6988904
0.6990741
0.6931298
0.6916023
0.6912925
0.6898301
0.6911706
0.6907731
0.6938644
0.6921345
0.6922212
0.6919427
0.6706572
0.6718458
0.6708974
0.6741372
0.6714425
0.6612639
0.6654697
0.6624397
0.6629342
0.6671286
0.6676173
0.6698366
0.6625511
0.6641059
0.6920974
0.6733084
0.6754365
0.812312
0.8054536
0.6803761
0.6611157
0.649657
0.6887509
0.6798944
0.7010601
0.689345
0.7063263
0.6801191
0.7001376
0.7023098
0.6974735
0.6768747
0.6934959
0.6839033
0.6639787
0.8037946
0.8209413
0.8102761
0.8119897
0.8125969
0.6869494
0.6763932
0.6883414
0.6929385
0.7041703
0.6706635
0.6872441
0.6873788
0.7019714
0.6919001
0.8146752
0.704058
0.6999682
0.7034521
0.6956801
0.6934798
0.6798544
0.6812827
0.7059103
0.6807336
0.6983267
0.7003984
0.6791257
0.6956035
0.7034466
0.6881564
0.7059246
0.7023505
0.6876412
0.6944084
0.692926
0.6957147
0.686745
0.6953382
0.7041368
0.6924439
0.7069841
0.687394
0.6989307
0.6891175
0.6962208
0.7054288
0.7051068
0.7072822
0.707451
0.6832227
0.7033584
0.7051272
0.7017
0.7021919
0.8187871
0.8205202
0.8186754
0.8199884
0.8218635
0.8196994
0.818958
0.8195298
0.8201979
0.8215549
0.8092607
0.8112167
0.8097866
0.8103674
0.8094788
0.804313
0.8036743
0.8032823
0.8036872
0.8050255
0.8032237
0.8041215
0.8027861
0.8031519
0.8215807
0.8075606
0.8052839
0.7784796
0.7993803
0.8022628
0.807155
0.8093488
0.8070059
0.813082
0.8077122
0.8052585
0.8013638
0.8140086
0.809935
0.8071603
0.8084095
0.8197734
0.8163804
0.8142435
0.8037529
0.7878446
0.7938267
0.7822617
0.7848414
0.7904519
0.8069709
0.8003118
0.7957158
0.8127972
0.8175868
0.8088831
0.8120883
0.8130324
0.8129318
0.8044305
0.8166474
0.8159251
0.8077342
0.8087644
0.8075488
0.8071647
0.8050934
0.806404
0.8069869
0.8135273
0.8140914
0.7970897
0.8118855
0.809278
0.8128549
0.8085977
0.8128143
0.8099795
0.8064044
0.8171909
0.8128047
0.8059223
0.8111014
0.815906
0.8022421
0.8146398
0.8143582
0.8026132
0.8085773
0.807084
0.806572
0.8155797
0.8108147
0.811137
0.8007801
0.8099491
0.8074305
0.8081116
0.8066793
0.8070124
0.8223732
0.820524
0.8220069
0.8209301
0.8221244
0.8227693
0.8217772
0.8214105
0.8212246
0.8230919
0.8062915
0.8135335
0.8122778
0.8133749
0.8112823
0.8053368
0.8045239
0.8049172
0.8060169
0.8058755
0.8079889
0.8073174
0.8054665
0.8060942
0.8240514
0.8125681
0.8111725
0.8159585
0.6893319
0.8087661
0.8019927
0.8109976
0.8034372
0.8056466
0.81455
0.8065691
0.8061224
0.8132096
0.8017716
0.7992243
0.808748
0.8123378
0.8118359
0.8074493
0.8023948
0.8208037
0.82007
0.8153474
0.8162534
0.8122512
0.8082748
0.7987641
0.8030168
0.8101266
0.8189324
0.8047114
0.8068885
0.8091162
0.8124909
0.8072034
0.7221095
0.8103864
0.813935
0.8136175
0.8160326
0.8017178
0.8009534
0.8066494
0.8059244
0.8017362
0.8094268
0.8097597
0.810574
0.8107361
0.809287
0.812842
0.812979
0.8051576
0.8190973
0.8113541
0.8024111
0.810075
0.8108286
0.8238522
0.8118949
0.8109983
0.8092494
0.815822
0.8046389
0.8052347
0.8194475
0.8148874
0.8152016
0.8238853
0.8073455
0.8075556
0.8101751
0.8100015
0.8094373
0.8095965
0.7113934
0.7102106
0.7080646
0.7094031
0.7111939
0.7075442
0.7114957
0.7122679
0.707418
0.7095159
0.6777336
0.6859424
0.6840491
0.6838449
0.6833212
0.6745716
0.675272
0.6741162
0.6750264
0.6753004
0.679427
0.6809628
0.6757261
0.6758665
0.7091516
0.6819691
0.6824767
0.810355
0.8055796
0.678076
0.6702577
0.6720528
0.6678034
0.6948668
0.6916354
0.6844876
0.7027027
0.676363
0.6858759
0.6870292
0.6909628
0.696732
0.6911525
0.6716281
0.6686867
0.8121576
0.8182484
0.8123477
0.8128315
0.8210271
0.69015
0.6683517
0.6867223
0.7112405
0.7233122
0.6909178
0.6997849
0.6839584
0.7028215
0.696513
0.8041343
0.697736
0.7006055
0.7280226
0.6968406
0.6924314
0.6743467
0.6757224
0.7099327
0.6955613
0.7116099
0.7013484
0.6739148
0.6974884
0.7094541
0.6915375
0.699719
0.7018514
0.6987817
0.6976914
0.7020238
0.7055737
0.6838463
0.7055445
0.6993919
0.6977996
0.6910877
0.7031262
0.71131
0.6911138
0.7049756
0.7120216
0.7017236
0.7063877
0.6881224
0.6936115
0.7034838
0.7040216
0.7020294
0.7024188
0.8257822
0.8245335
0.826266
0.8232356
0.8265446
0.8267677
0.8245081
0.8263508
0.8260775
0.8264982
0.8191297
0.8219109
0.8210906
0.8241315
0.8212246
0.8161136
0.8161727
0.8148444
0.8163517
0.8174184
0.8173592
0.8177151
0.8162393
0.8171217
0.8276235
0.8172847
0.8232491
0.8250636
0.6985957
0.8192868
0.8144923
0.8231173
0.8247838
0.8262115
0.8297577
0.8164955
0.8170463
0.8236075
0.8236717
0.8226753
0.8172728
0.8280012
0.8263158
0.8183363
0.8167281
0.828288
0.8353892
0.830901
0.8303131
0.8287651
0.8124631
0.8060997
0.8181149
0.8173035
0.8224578
0.8110813
0.8190098
0.8187905
0.8154979
0.8190193
0.7455649
0.822604
0.8270363
0.8263105
0.8245944
0.8199942
0.8172519
0.8173006
0.8179909
0.8091502
0.8230459
0.820071
0.8154901
0.8238349
0.822638
0.8259643
0.8154723
0.8164502
0.8212343
0.8228885
0.8208739
0.8204646
0.8192165
0.8369129
0.8175676
0.820902
0.8252869
0.8202819
0.8173503
0.8185311
0.8226122
0.8181422
0.8160477
0.8282116
0.8198021
0.8171837
0.8235505
0.8232665
0.8227958
0.8225283
0.8006219
0.7974467
0.7987244
0.8001036
0.8022586
0.800074
0.7998222
0.801125
0.7972993
0.7999556
0.7898928
0.7918431
0.7920719
0.7925761
0.7915552
0.7767515
0.7781862
0.7780446
0.7784858
0.7802412
0.7789939
0.781598
0.779642
0.7798261
0.7999852
0.7949422
0.7909815
0.7933693
0.7971636
0.7805341
0.7783371
0.7899451
0.7967939
0.790085
0.7873938
0.7872066
0.8028642
0.8022905
0.786424
0.7854595
0.7946388
0.7857851
0.7885256
0.786345
0.7806977
0.7964675
0.8125277
0.7975129
0.8061596
0.809145
0.7801278
0.7791901
0.7901934
0.8005867
0.8075172
0.7985003
0.8047402
0.7918316
0.7909389
0.7917969
0.8077317
0.793607
0.7952342
0.7974552
0.7923571
0.7823966
0.7852765
0.779661
0.795796
0.7870252
0.7938626
0.7949859
0.7886586
0.79296
0.7990058
0.7880105
0.7993018
0.7937775
0.7881236
0.789819
0.7878153
0.794421
0.7923808
0.8021596
0.7942182
0.7994214
0.7912104
0.795118
0.7906024
0.7912202
0.7966543
0.7970488
0.7987277
0.7992307
0.7955764
0.7872679
0.7969233
0.7965099
0.796021
0.796362
0.8205314
0.8205574
0.8216146
0.821901
0.822413
0.8226331
0.8212141
0.8222961
0.8204906
0.8231258
0.8139417
0.8190483
0.8184838
0.8182081
0.8169055
0.8182081
0.8192893
0.8184835
0.8178474
0.8199308
0.8184245
0.8192884
0.8189289
0.8185295
0.822386
0.8132036
0.8105983
0.7825663
0.7949424
0.8044813
0.8098123
0.8172043
0.8091394
0.8184432
0.8076381
0.811019
0.812739
0.8199867
0.8099534
0.8092913
0.8147764
0.8201577
0.8178013
0.8160207
0.8116188
0.7755645
0.797221
0.7818607
0.7759873
0.788068
0.8088344
0.8042254
0.8078318
0.8195521
0.8236545
0.8203546
0.8247238
0.8140942
0.8130419
0.8101902
0.8248296
0.8224617
0.8161967
0.8159831
0.8111347
0.8156615
0.8048406
0.8195043
0.8205017
0.8151059
0.8118783
0.8014965
0.8127734
0.817307
0.817191
0.8125274
0.8183602
0.812605
0.8198146
0.8261692
0.812828
0.8133033
0.8183937
0.8194535
0.8133954
0.8197375
0.8254768
0.8209993
0.8105018
0.8061381
0.8109431
0.8243136
0.8190889
0.8188133
0.8070266
0.8154854
0.8223114
0.8226155
0.8221455
0.8218784
0.7331983
0.7292822
0.7311803
0.7273012
0.7354288
0.7287778
0.734578
0.730487
0.730046
0.7301959
0.6890959
0.6927634
0.6907853
0.6913214
0.6905984
0.6908116
0.694003
0.6919446
0.6917726
0.6957007
0.6963731
0.6960886
0.6948544
0.6953156
0.7315248
0.7184039
0.687872
0.8174713
0.8080678
0.6992748
0.6728008
0.6981938
0.6981836
0.7057016
0.688613
0.6926276
0.720162
0.7051428
0.6996844
0.696488
0.7130666
0.6975399
0.710653
0.6934313
0.6746372
0.8135468
0.8247528
0.8155632
0.8251636
0.8270984
0.6872401
0.6705737
0.6982919
0.7178106
0.7297753
0.7166875
0.7183827
0.6994317
0.7145567
0.7041425
0.8258653
0.7191365
0.7085638
0.731097
0.7004479
0.7001197
0.6773645
0.6844811
0.7210741
0.7020835
0.7199154
0.6994339
0.677485
0.7005573
0.7020682
0.692351
0.7126656
0.7139349
0.702679
0.7086071
0.7191463
0.7166116
0.7029061
0.7150984
0.6973695
0.7092368
0.696817
0.6990237
0.7094017
0.6985001
0.7199118
0.7196416
0.7140604
0.7184306
0.7044276
0.7029623
0.7114705
0.7131496
0.7101712
0.7103519
0.709208
0.7063745
0.7080315
0.7072122
0.7077803
0.7077168
0.7085919
0.711007
0.7069734
0.7105075
0.6851747
0.6852763
0.6825307
0.6890033
0.6827592
0.6901781
0.6951551
0.6916292
0.6916667
0.6932009
0.697214
0.6931755
0.6933974
0.6921844
0.7080913
0.6904207
0.682767
0.8135419
0.8066537
0.6983434
0.6581104
0.6807239
0.6853767
0.6935537
0.697561
0.691666
0.7079852
0.6846408
0.6890688
0.6928845
0.67824
0.681405
0.6951676
0.6834212
0.67624
0.8147437
0.8187212
0.813353
0.8147059
0.8182889
0.6917189
0.6692059
0.6901224
0.6955103
0.7107316
0.6959949
0.7073731
0.6817886
0.7027891
0.6891271
0.8191489
0.6941404
0.7082904
0.7146599
0.6946055
0.6952335
0.6779771
0.6822017
0.7149838
0.6965778
0.7024511
0.6843126
0.6783154
0.6972484
0.6978163
0.6868417
0.7140362
0.7007779
0.6948798
0.6906604
0.6943685
0.706672
0.6922268
0.7087046
0.6974844
0.6981859
0.6992241
0.6986202
0.7076948
0.6840999
0.7116301
0.7105576
0.7114578
0.716664
0.6936966
0.6998297
0.715451
0.7168371
0.7141731
0.7143533
0.8174223
0.8151248
0.815071
0.8145883
0.816836
0.8158488
0.8162182
0.8155022
0.81506
0.8177197
0.8120137
0.8112041
0.8132259
0.8136344
0.8117134
0.8043685
0.8046892
0.8038599
0.804789
0.8071736
0.8063316
0.8066161
0.8044113
0.8056509
0.816371
0.8183266
0.816686
0.8127519
0.6713577
0.8061202
0.8058915
0.8118703
0.8054729
0.8143048
0.8156013
0.8096616
0.8092882
0.8123281
0.8092134
0.8072244
0.8080334
0.8190877
0.818469
0.8077982
0.7995223
0.8115814
0.8232555
0.8133461
0.8133901
0.8148748
0.8134482
0.8035635
0.8003281
0.8153569
0.8165786
0.8063531
0.8171437
0.8089377
0.8154294
0.8086785
0.7098021
0.8127281
0.8116963
0.8150905
0.8156054
0.8105348
0.8034877
0.8119155
0.8125953
0.802341
0.8104627
0.8091486
0.8097015
0.8127226
0.8092833
0.8139688
0.8082765
0.815517
0.8151517
0.8180619
0.809583
0.8071162
0.8133509
0.8207971
0.8116343
0.8093425
0.816248
0.8160844
0.8055922
0.8009256
0.8164483
0.8188406
0.8114073
0.8200695
0.8103953
0.8074612
0.815237
0.8152576
0.8146108
0.8144255
0.8201554
0.8175204
0.8167783
0.8164677
0.8182808
0.8177258
0.8177519
0.8172951
0.8165078
0.8189085
0.8106906
0.8113524
0.8128591
0.8130957
0.8117759
0.8046818
0.8045657
0.8035597
0.8044035
0.8060083
0.8064728
0.8060606
0.8037623
0.8057038
0.8177322
0.8191697
0.8160686
0.8129037
0.6801655
0.8034283
0.801492
0.8064826
0.8003441
0.8135807
0.8170687
0.8096335
0.8074957
0.81071
0.799656
0.7983533
0.8060416
0.8162751
0.8172376
0.804559
0.7976788
0.8108528
0.8249636
0.8170732
0.8141534
0.8140685
0.8131641
0.7987008
0.7975896
0.8085415
0.8131679
0.8054503
0.8148981
0.8049625
0.816102
0.8101294
0.7160824
0.8184067
0.8121045
0.8131635
0.8176586
0.8117243
0.8069521
0.8107509
0.8086722
0.8009745
0.808874
0.8100767
0.8074014
0.8115752
0.8084685
0.8152476
0.8057888
0.8102854
0.8133168
0.8164841
0.8119058
0.8087408
0.8105387
0.8193314
0.807867
0.8072148
0.8126049
0.8133859
0.806695
0.802117
0.8089649
0.8158201
0.8095586
0.8212553
0.8065181
0.8074294
0.816331
0.8163561
0.8156234
0.81561
0.7128246
0.7107074
0.7084436
0.7104105
0.7115937
0.7134876
0.7116923
0.71247
0.7127456
0.7121733
0.6978093
0.7018783
0.7006344
0.7040865
0.7022319
0.6894013
0.6922083
0.6893817
0.6898448
0.6924505
0.6927113
0.6933742
0.6930709
0.6900485
0.7106737
0.7012298
0.7029782
0.8196142
0.812333
0.6992188
0.675235
0.6931252
0.6916872
0.7049689
0.7032142
0.7007449
0.7202085
0.7005673
0.7042919
0.6991744
0.7055696
0.6771121
0.698266
0.6985717
0.688638
0.81117
0.826256
0.8193653
0.8264984
0.8212568
0.7046636
0.6910703
0.6952389
0.7076446
0.7279423
0.7035974
0.7204361
0.7054469
0.7133158
0.7049667
0.8245499
0.7104525
0.7107589
0.7223724
0.7006138
0.7183479
0.6883623
0.7036135
0.7285658
0.6973301
0.7247005
0.6932783
0.6952188
0.7135466
0.7115985
0.6954088
0.7102624
0.7113427
0.7126079
0.7039233
0.7126299
0.7139674
0.692314
0.7224338
0.7073151
0.7157676
0.7236415
0.7075305
0.7232192
0.7025139
0.7048125
0.7211035
0.7098346
0.7271509
0.7108617
0.7148857
0.7299578
0.7313842
0.728558
0.728936
0.8127781
0.8134111
0.8089279
0.8121809
0.8129732
0.8124089
0.8118248
0.8137891
0.8115286
0.8116926
0.8052508
0.8074004
0.8055231
0.8071533
0.8050333
0.7954077
0.7954663
0.7959529
0.7948624
0.7960415
0.7958057
0.7959274
0.7947434
0.7952872
0.8131059
0.8075519
0.8044815
0.7770984
0.7990026
0.7999257
0.8002982
0.8030819
0.8013877
0.8060091
0.8090296
0.8057768
0.8060409
0.8065745
0.8105489
0.8081227
0.8089352
0.8123515
0.8185691
0.8023769
0.7970234
0.7822764
0.7973676
0.779325
0.7767688
0.7844574
0.7961745
0.7950807
0.7979232
0.8003212
0.8045579
0.8012264
0.8044558
0.8021954
0.8019285
0.8003678
0.8187987
0.8115275
0.8038026
0.8103297
0.8077149
0.8095933
0.7950269
0.8070098
0.8025198
0.8056962
0.8050866
0.7956323
0.8022674
0.808492
0.8033402
0.8071051
0.8085528
0.7988909
0.8046399
0.8113667
0.8070664
0.80521
0.8054082
0.8147986
0.8021308
0.8078727
0.8182345
0.8002065
0.8063926
0.8002352
0.8050698
0.8132644
0.8069893
0.8099234
0.8019021
0.8064133
0.8048177
0.8053181
0.804138
0.8044734
0.8234784
0.8210328
0.8234529
0.8220357
0.8215267
0.8221724
0.8221161
0.8216639
0.8218187
0.8226658
0.8174184
0.8219899
0.8205757
0.8207275
0.8205387
0.8135421
0.8148041
0.8139906
0.8136957
0.8153646
0.8152198
0.8151498
0.8142702
0.8143799
0.8207301
0.8108246
0.8172729
0.7996295
0.8110062
0.8046921
0.8032129
0.8129042
0.8118204
0.8195356
0.8125231
0.8176323
0.8093621
0.8151335
0.8141182
0.8120567
0.8120033
0.8242816
0.8255313
0.8067183
0.804149
0.803347
0.8015267
0.8014269
0.799896
0.8037612
0.8074617
0.8055885
0.8055679
0.8190052
0.8216977
0.8133266
0.8182409
0.8140502
0.809872
0.8111832
0.8228522
0.8238739
0.8146108
0.8154228
0.8112614
0.8227181
0.7991616
0.8139107
0.8195277
0.8104709
0.8167342
0.8102631
0.8120345
0.8128817
0.8104886
0.8045317
0.8102703
0.8155035
0.8171184
0.822107
0.8125228
0.8149815
0.8185263
0.8226612
0.8089288
0.8157454
0.8245981
0.8130473
0.8103675
0.8086131
0.8102868
0.8214751
0.808007
0.8174039
0.8105556
0.8126431
0.8159071
0.8165304
0.8150268
0.8154426
0.7116823
0.7073054
0.7063854
0.7072158
0.7116867
0.7091633
0.709937
0.7111235
0.7095515
0.7099036
0.684692
0.69136
0.6870408
0.6906469
0.6890736
0.671102
0.6751587
0.6730267
0.6729688
0.6764802
0.678145
0.678725
0.6762602
0.6744603
0.7075818
0.6900613
0.6887669
0.8100443
0.8108497
0.6775335
0.6532312
0.692996
0.6804328
0.6806395
0.6947712
0.6852645
0.7193389
0.6866474
0.7017943
0.7027093
0.6959338
0.6731988
0.6905444
0.6869386
0.6691072
0.8072451
0.82272
0.8095733
0.8174194
0.8199646
0.6878225
0.6790836
0.6910429
0.7046842
0.7172645
0.6976318
0.7110618
0.6970185
0.7012195
0.6930948
0.8213949
0.6961077
0.7015962
0.7102699
0.7038878
0.7044819
0.6722799
0.6849439
0.7164285
0.7060376
0.7067759
0.692097
0.6815774
0.689975
0.6971649
0.6935823
0.7064382
0.7083467
0.703419
0.7062525
0.7075781
0.7058495
0.6876119
0.7147622
0.7059856
0.7057694
0.7062625
0.6937672
0.7089333
0.7051364
0.7142062
0.7285703
0.7130056
0.704186
0.7019517
0.6807194
0.7162842
0.7177769
0.7148049
0.7153913
0.8142096
0.8141503
0.814442
0.8145637
0.815351
0.8140993
0.8124772
0.8148742
0.8139993
0.8144232
0.8074702
0.8074393
0.8063455
0.8077148
0.8069919
0.8063385
0.8086595
0.8066165
0.8079755
0.8084439
0.8102934
0.8100538
0.8082951
0.8058763
0.8148823
0.8190773
0.8060051
0.7993321
0.8072306
0.8085531
0.8087756
0.8126288
0.8139139
0.8119893
0.8182823
0.8122776
0.8132046
0.8110606
0.8081205
0.8103704
0.8183163
0.8190687
0.8219158
0.812718
0.8049252
0.7978604
0.8061941
0.7936793
0.801559
0.8050703
0.8008645
0.7959153
0.802608
0.8101798
0.8163032
0.8028323
0.8097145
0.8108247
0.8146285
0.7984508
0.8219178
0.8180562
0.812877
0.8173133
0.8107237
0.8177594
0.803097
0.8165124
0.8123954
0.808623
0.8113853
0.8019402
0.8134083
0.8068764
0.8099494
0.8109019
0.8152936
0.8036136
0.8190006
0.8149102
0.8152792
0.8120356
0.8133245
0.8102489
0.8142888
0.814439
0.8230703
0.8081579
0.8133828
0.8084204
0.8130527
0.8204478
0.8141464
0.8185115
0.8089681
0.8169159
0.8134134
0.8141156
0.8127771
0.8131086
0.8182677
0.8189805
0.8175538
0.8187033
0.8180235
0.8184128
0.81801
0.8200421
0.8175411
0.8172762
0.808787
0.8106651
0.8091419
0.8105056
0.8100481
0.8044305
0.8071929
0.8052328
0.8059854
0.8074117
0.8077007
0.8065928
0.8065669
0.8050154
0.81902
0.821898
0.8047047
0.7904648
0.8108302
0.8039724
0.8045353
0.8155133
0.8102298
0.8134085
0.8140978
0.8117586
0.8090029
0.8047484
0.8074239
0.8094109
0.8111144
0.8175901
0.8252796
0.8109634
0.8028012
0.7952638
0.8072636
0.7877078
0.7979159
0.7982063
0.8048853
0.79458
0.8022649
0.8097586
0.8150401
0.8038058
0.813697
0.8070794
0.8081208
0.8035832
0.8274155
0.8159965
0.8139197
0.81844
0.8100366
0.8158756
0.8053888
0.8145179
0.8095481
0.8086338
0.8132084
0.8027456
0.8120295
0.8063643
0.8039158
0.811608
0.8108742
0.7989344
0.8140128
0.8115963
0.8142503
0.8070932
0.8099331
0.8121712
0.8149873
0.810019
0.8217127
0.8024609
0.8095794
0.8066003
0.8112379
0.8159942
0.8082602
0.8187749
0.8030962
0.8094709
0.8059093
0.8066754
0.8051473
0.8055698
0.6965118
0.6909854
0.6938381
0.692692
0.6963326
0.6928963
0.6948334
0.6935224
0.6915014
0.6941716
0.6661477
0.6733214
0.6719387
0.6752909
0.6728103
0.6751158
0.6795692
0.6762748
0.6753553
0.6772414
0.6793293
0.6808665
0.6798057
0.6782355
0.6936951
0.6944623
0.6744357
0.8117638
0.8000435
0.6912004
0.6516986
0.6867912
0.6795644
0.6758237
0.6931493
0.6711566
0.705029
0.6769205
0.6876126
0.6814254
0.6940916
0.6697822
0.678324
0.6869293
0.6747436
0.8116383
0.8198198
0.8154209
0.814763
0.8215624
0.6802598
0.6703379
0.6885635
0.6942096
0.7058455
0.6865216
0.7052799
0.6888709
0.6885816
0.6876918
0.8096386
0.70141
0.7069184
0.721735
0.6858673
0.6918183
0.66893
0.6745279
0.7107804
0.6806121
0.7127618
0.6952266
0.6794297
0.6849846
0.6923015
0.6877381
0.6968111
0.6930717
0.7007849
0.6834126
0.6957851
0.6976223
0.6830004
0.7070175
0.6936625
0.7047962
0.7028106
0.6814188
0.7054936
0.6862682
0.6974033
0.714297
0.6985271
0.7105221
0.6976351
0.6852688
0.7014523
0.702707
0.7000877
0.7004785
0.7166129
0.7172631
0.7170732
0.716062
0.718522
0.7157472
0.7177229
0.7185855
0.7179447
0.7151635
0.6785887
0.6806093
0.6790323
0.6812727
0.6764801
0.6760859
0.6817816
0.6788362
0.6777106
0.6813867
0.6806953
0.6841219
0.6809554
0.681522
0.7182368
0.7040881
0.6827736
0.8117862
0.8072652
0.6990112
0.6688682
0.6949931
0.6916762
0.6926587
0.6819261
0.6840252
0.7077735
0.6919493
0.6985781
0.6915706
0.7082057
0.6798979
0.6950113
0.6885875
0.6547291
0.8069124
0.827908
0.8098394
0.8098912
0.8207547
0.679807
0.6741933
0.7014901
0.7053087
0.7225171
0.7043629
0.7041018
0.6954189
0.6959616
0.6963217
0.8208891
0.7087856
0.6832717
0.7114684
0.6884612
0.6927817
0.691748
0.6803821
0.7198687
0.6905527
0.7012369
0.7001033
0.6740421
0.6936527
0.6885312
0.6836446
0.7135968
0.6990408
0.6913759
0.7098706
0.6897051
0.7027756
0.6890234
0.7066476
0.6867412
0.7030964
0.6964571
0.6941751
0.7033865
0.6863202
0.7175915
0.707786
0.7107256
0.7068693
0.692079
0.6898178
0.7058129
0.7067645
0.704585
0.7049712
0.7134836
0.7130201
0.71354
0.7121152
0.715108
0.7137326
0.7180457
0.7133365
0.7123873
0.715684
0.6827753
0.6873242
0.6861783
0.6896662
0.6876759
0.6721325
0.6727258
0.6729692
0.6730192
0.676192
0.6750648
0.6772525
0.6752227
0.6738584
0.7152219
0.6882386
0.6852538
0.8097478
0.803875
0.6948824
0.662342
0.6791558
0.6864927
0.6913328
0.6845555
0.6881597
0.7043408
0.67011
0.6887801
0.6942887
0.7043281
0.6781847
0.6985669
0.6862745
0.6815125
0.8019817
0.8144209
0.8108587
0.812045
0.8108967
0.6860873
0.6759556
0.6901523
0.6938678
0.7085055
0.6909149
0.6997615
0.6961162
0.7118309
0.6992019
0.8135249
0.7033256
0.7062362
0.7097313
0.6997439
0.7035564
0.6815575
0.6921891
0.7130366
0.691664
0.7155098
0.6858386
0.6837206
0.6985089
0.7066359
0.6980361
0.697191
0.7012
0.6878478
0.6988292
0.7039605
0.7174409
0.6952005
0.6968993
0.7013391
0.7020444
0.7094322
0.7044386
0.7195572
0.6805241
0.7168009
0.7193617
0.6958816
0.7064519
0.6922458
0.7055981
0.7004751
0.7014143
0.6990052
0.6994988
0.7243766
0.7220077
0.7223229
0.721513
0.7244601
0.7243141
0.7240755
0.7236304
0.7213774
0.7243413
0.7042433
0.7072183
0.7060926
0.7071389
0.7075689
0.6838579
0.6857166
0.6850044
0.6846222
0.6864878
0.6863266
0.6843506
0.6847835
0.6850343
0.7214691
0.7035945
0.7067663
0.8092955
0.8036708
0.6720581
0.6743013
0.6982368
0.685719
0.6976327
0.6999188
0.6992512
0.7140227
0.6987489
0.7008921
0.7000162
0.7061546
0.6937387
0.706884
0.7056439
0.7038745
0.8182823
0.8230825
0.8115524
0.8175343
0.8121203
0.680559
0.6887709
0.7067366
0.7065655
0.7190724
0.6958151
0.7078215
0.6872518
0.6977192
0.6874546
0.8050872
0.6773299
0.6922645
0.7171517
0.6888205
0.7102819
0.6871621
0.6879184
0.7200786
0.6909223
0.7090664
0.702075
0.6721553
0.6925673
0.7041983
0.6807626
0.7001366
0.7097186
0.693751
0.7106509
0.6872065
0.7198395
0.6764995
0.70296
0.6726054
0.696226
0.7160133
0.6967674
0.7149858
0.6918436
0.70384
0.7164085
0.699856
0.7097824
0.7081072
0.6961582
0.7290663
0.7293925
0.7277695
0.7281455
0.7066603
0.7043333
0.7064074
0.705587
0.7092396
0.707123
0.7070723
0.7096979
0.7034879
0.7082737
0.6638511
0.6681105
0.6660668
0.6696596
0.6663938
0.6613088
0.6638834
0.6612797
0.6616671
0.6642384
0.6646212
0.6652231
0.6633647
0.6617454
0.7076005
0.6829249
0.6674851
0.7979317
0.8049466
0.6803473
0.640752
0.6700784
0.6663614
0.6725127
0.6775898
0.6729158
0.6959624
0.6744883
0.6812238
0.6819527
0.6935299
0.6787016
0.6790744
0.6762489
0.6678017
0.8046037
0.8214964
0.8015199
0.8059403
0.8127959
0.6816541
0.6613642
0.6668605
0.6789198
0.6929159
0.6828052
0.6959335
0.6727511
0.6949916
0.6903132
0.8200159
0.690159
0.68191
0.6994057
0.6795342
0.7028558
0.6784323
0.6852427
0.7038715
0.6850891
0.6964585
0.6875202
0.6729369
0.6816673
0.6899532
0.6760333
0.701587
0.6970404
0.6697796
0.6819933
0.6901784
0.6948786
0.6797583
0.6979543
0.6860352
0.6852302
0.7092626
0.6956102
0.6945536
0.6844444
0.6923325
0.7069912
0.6956801
0.6994483
0.6871608
0.67973
0.6996666
0.7010194
0.6980846
0.6985799
0.6938513
0.6944244
0.6936973
0.6912935
0.6938857
0.6928635
0.6959449
0.6955825
0.693573
0.6940299
0.678187
0.6819172
0.6803391
0.6835361
0.6807789
0.667264
0.6727243
0.6696218
0.6692414
0.6736134
0.6743112
0.674573
0.6673453
0.6707307
0.6929254
0.6759958
0.6823833
0.8106778
0.8085641
0.6870223
0.6635654
0.6588607
0.6910914
0.6844441
0.7005179
0.6928595
0.7060995
0.6832687
0.7034766
0.7034438
0.7033733
0.6830795
0.6995066
0.6825958
0.6703878
0.805244
0.8211317
0.8097734
0.8107889
0.811743
0.6862969
0.684709
0.6917446
0.6941728
0.7057721
0.6735617
0.6908058
0.6904359
0.706495
0.7015769
0.8165835
0.7058964
0.7021192
0.7032274
0.699736
0.7021022
0.6820861
0.6875
0.7052765
0.6852061
0.7000716
0.7147133
0.6816892
0.6998487
0.7026013
0.6974022
0.7090952
0.7071889
0.6960423
0.6955572
0.7004314
0.7014082
0.6914009
0.7046739
0.704119
0.6942169
0.7140039
0.6958056
0.7057283
0.6952906
0.6996481
0.7038657
0.7086764
0.7089009
0.7086645
0.6837537
0.6984064
0.700167
0.6967161
0.6972112
0.7230165
0.7207491
0.7208625
0.7208589
0.7254012
0.7197387
0.7243192
0.7251765
0.7194143
0.7224798
0.7066984
0.7104702
0.7085344
0.7119179
0.7079604
0.6952427
0.6987261
0.6960581
0.6969238
0.6994827
0.6984949
0.7007943
0.698846
0.6974408
0.7227241
0.7058497
0.7040776
0.8147253
0.8041363
0.7052733
0.6840252
0.7077293
0.6972797
0.7115927
0.7075646
0.6970313
0.7094551
0.6842626
0.7139997
0.7093145
0.7088587
0.70087
0.7055126
0.7005847
0.6963967
0.8143584
0.826406
0.8137565
0.8209904
0.8189433
0.7031514
0.6947531
0.6902763
0.7082809
0.7226852
0.7205492
0.7210485
0.7076568
0.7211864
0.7039866
0.8203869
0.7278208
0.7143082
0.7315604
0.7172316
0.7284866
0.7050183
0.7079391
0.7311728
0.7157762
0.7195734
0.7109987
0.6947301
0.7189758
0.7075907
0.7179082
0.7155753
0.7184612
0.7155384
0.7138179
0.7188017
0.7293696
0.698368
0.7219251
0.7148946
0.7167351
0.7257219
0.7172523
0.7327372
0.7129323
0.714704
0.7210088
0.7103514
0.7264055
0.7111658
0.7083333
0.7201717
0.7215656
0.718522
0.7191029
0.7253014
0.7195314
0.7216552
0.7212497
0.7251837
0.7225402
0.7240028
0.7222571
0.7232192
0.7240677
0.6969141
0.7013585
0.6982649
0.6990052
0.6963217
0.6937131
0.6947058
0.6939036
0.6926884
0.6968153
0.6975893
0.6951258
0.695763
0.6942472
0.7242109
0.6985417
0.7035802
0.8110051
0.802277
0.6947249
0.6730135
0.7049443
0.6937083
0.7017828
0.6896608
0.6808878
0.7201111
0.7014222
0.7073857
0.7049589
0.7094927
0.6867154
0.6995635
0.701345
0.6780051
0.8031824
0.8264906
0.8085216
0.8120776
0.8104034
0.6986677
0.6910774
0.6936125
0.7181627
0.7309812
0.7068409
0.7140052
0.6995042
0.7165379
0.7019414
0.8167293
0.7001597
0.7098478
0.7280558
0.716518
0.7036007
0.6856545
0.6879928
0.7267985
0.6968532
0.711596
0.709374
0.698
0.7091498
0.6998562
0.7022432
0.7114988
0.7021803
0.7080987
0.713203
0.7159647
0.7121117
0.6975586
0.7207073
0.7141843
0.7024009
0.7108986
0.7003434
0.7118056
0.6909572
0.7149064
0.7213989
0.7101541
0.7184824
0.7026337
0.7087581
0.7147551
0.7150263
0.7133758
0.7137579
0.7257201
0.7232516
0.7230636
0.7235619
0.7263017
0.723649
0.7245155
0.725677
0.7250334
0.7257849
0.7065191
0.7136752
0.7108205
0.7143083
0.7094289
0.707652
0.7095521
0.7062003
0.7064337
0.7057888
0.7110618
0.7104638
0.7086439
0.7080819
0.7260285
0.7123375
0.7147606
0.8105994
0.8130969
0.665282
0.6923454
0.7181717
0.6990718
0.7129929
0.7118671
0.7108112
0.7221381
0.7133949
0.7000488
0.7045436
0.7211415
0.7056288
0.7128259
0.7103666
0.6958507
0.8146063
0.827551
0.8121576
0.8170983
0.8234602
0.6967306
0.6828266
0.7124698
0.7191443
0.7382155
0.7174152
0.7260349
0.7069641
0.7058353
0.7078222
0.8286311
0.7026377
0.6904628
0.7155467
0.6924072
0.7173363
0.6797789
0.702224
0.7295101
0.69186
0.7049689
0.6987498
0.687723
0.6735527
0.7033742
0.6869466
0.7113345
0.710249
0.706573
0.7172679
0.7081405
0.7386611
0.6879831
0.7315257
0.6988687
0.7104592
0.7207982
0.7039648
0.7354316
0.6788446
0.6824143
0.7189697
0.7035942
0.7162301
0.7021037
0.709201
0.7302969
0.7293392
0.7292041
0.7292822
0.6913679
0.6915227
0.6918441
0.6893305
0.6941308
0.690168
0.6956661
0.6951992
0.6930852
0.6955303
0.670815
0.6771609
0.6729958
0.6743979
0.6766564
0.6714274
0.6737422
0.6707545
0.6714529
0.6746295
0.6752185
0.6758002
0.6738743
0.673691
0.6908609
0.6773305
0.6742978
0.8078423
0.8008802
0.6799837
0.6373794
0.6703966
0.6639228
0.6766625
0.6842709
0.6689341
0.6936594
0.6816832
0.6760784
0.676594
0.6922763
0.6655549
0.6755578
0.6837221
0.6600316
0.8093653
0.8207465
0.8142868
0.8058346
0.8200674
0.6706261
0.6564714
0.681062
0.7016352
0.7196911
0.6785197
0.6895862
0.6624722
0.6831931
0.6844355
0.806621
0.6806389
0.6769629
0.7021175
0.68121
0.6910915
0.660846
0.6696892
0.6989179
0.6907482
0.6957493
0.6787506
0.6625575
0.6792788
0.6890411
0.6624979
0.694181
0.6847175
0.6828953
0.6859215
0.693055
0.6944844
0.6704108
0.696613
0.679702
0.6787687
0.6934231
0.6818955
0.6972865
0.6684065
0.7069157
0.7062604
0.6926712
0.7008043
0.6836991
0.6843354
0.6959594
0.6973003
0.694358
0.6947503
0.8171645
0.8177064
0.8197114
0.8166558
0.8170935
0.8176539
0.8171645
0.8169659
0.8166957
0.8184919
0.8174316
0.8206424
0.8186285
0.8186944
0.8182476
0.815359
0.8168739
0.8163206
0.8162823
0.8173473
0.8178863
0.8178997
0.8166835
0.8170511
0.8161989
0.8142069
0.8184845
0.8029262
0.8158495
0.8003565
0.8065114
0.8138767
0.8160377
0.8188523
0.8178674
0.8092198
0.8187944
0.8190018
0.8169242
0.8173996
0.8143069
0.8230837
0.8239982
0.8123934
0.8002387
0.8044286
0.8021628
0.7959839
0.7968738
0.8095273
0.8087104
0.8108906
0.809471
0.8204594
0.8262163
0.8166751
0.8236055
0.8152736
0.8162048
0.8116301
0.8214234
0.8192771
0.8126452
0.8232481
0.8152602
0.8211988
0.8058501
0.8146216
0.8263211
0.8108325
0.8229662
0.8073214
0.8179176
0.8151346
0.8111111
0.810235
0.8125457
0.81422
0.8203029
0.8216896
0.8168533
0.8148229
0.8186257
0.8248845
0.8147448
0.8200551
0.8242717
0.8153947
0.8113345
0.8136492
0.8196269
0.821999
0.8127046
0.8186164
0.8110046
0.8183288
0.81737
0.8184249
0.8170114
0.8169126
0.707935
0.7051968
0.7085059
0.7051077
0.7073287
0.7064403
0.7077291
0.7114819
0.703316
0.7083134
0.6677852
0.6787048
0.6760403
0.6777651
0.6752951
0.677265
0.6795692
0.6780994
0.678146
0.6822664
0.6819982
0.6826768
0.6800194
0.6804825
0.7076396
0.6879335
0.672705
0.8128999
0.8003912
0.6595869
0.6567814
0.6917012
0.6733256
0.6818407
0.6878997
0.6883874
0.7041935
0.6795553
0.6845952
0.6816424
0.7049167
0.6789325
0.683536
0.694767
0.6645833
0.8020475
0.8190413
0.8118299
0.8063297
0.820609
0.650185
0.647376
0.6879195
0.7012534
0.7165061
0.6996742
0.7080494
0.6688306
0.6629566
0.6731178
0.8125
0.6757353
0.6686816
0.6914429
0.6721862
0.6847219
0.655067
0.6682684
0.7078144
0.6655141
0.690725
0.6683043
0.6566669
0.6686303
0.680482
0.6604897
0.6869777
0.6838253
0.6335916
0.6833046
0.6867001
0.7046739
0.667574
0.7037096
0.664227
0.6762255
0.6898387
0.6732155
0.7119544
0.6435363
0.6795697
0.6870655
0.6862222
0.6915211
0.6783936
0.677454
0.7066867
0.7071332
0.7051486
0.7055366
0.8108069
0.8103147
0.8092182
0.8101238
0.8117827
0.8112178
0.8126227
0.809305
0.8097319
0.8116269
0.8052923
0.8100319
0.8094651
0.8097866
0.8081175
0.8042528
0.8036144
0.8039201
0.8039758
0.8039201
0.8062968
0.8072735
0.8045567
0.8055313
0.812
0.8106165
0.805833
0.8115677
0.6718987
0.8005181
0.7979452
0.7995852
0.8041994
0.8163401
0.8093233
0.8001193
0.8040506
0.8096264
0.805465
0.8089473
0.8079923
0.8129853
0.8132676
0.8028746
0.800758
0.820732
0.8243606
0.8161533
0.8267255
0.8175027
0.806292
0.7943479
0.8074906
0.8061993
0.8104164
0.8060588
0.8112511
0.8004854
0.8103599
0.8090697
0.7262145
0.8109427
0.8044587
0.8034521
0.8072254
0.8096208
0.8045096
0.8101154
0.7992385
0.8015273
0.8025989
0.8075439
0.797377
0.8089561
0.8094126
0.8068789
0.8084095
0.8000147
0.8115541
0.8116506
0.8098848
0.8069051
0.8126004
0.8223328
0.7992805
0.804061
0.815839
0.8162762
0.7991638
0.8014345
0.815522
0.8142267
0.8035375
0.8193101
0.799838
0.8091828
0.8114133
0.8112456
0.8106835
0.8106698
0.6875606
0.687823
0.6875101
0.6875252
0.6903517
0.6875202
0.6893603
0.6896274
0.6880245
0.6883777
0.6584122
0.6654394
0.6596583
0.6641553
0.6604223
0.6546443
0.658895
0.6567152
0.657218
0.660351
0.6613947
0.6614541
0.659145
0.65652
0.6885338
0.6601167
0.6623984
0.8127019
0.8029877
0.6812531
0.6419816
0.6622978
0.6598412
0.6702437
0.6702878
0.6651105
0.6872707
0.6673353
0.6730881
0.6706418
0.6776545
0.6661655
0.6742093
0.6663609
0.6448046
0.8098555
0.8302174
0.8175676
0.8149971
0.8247129
0.6699198
0.6515507
0.6616949
0.676938
0.6921192
0.675715
0.6889495
0.6745345
0.6901806
0.6666394
0.8184054
0.6893462
0.6861925
0.7033837
0.6800065
0.6741344
0.6654932
0.6662249
0.7092232
0.6795674
0.697214
0.6789363
0.6500416
0.6773225
0.6893517
0.6761874
0.6764898
0.6913889
0.6751447
0.6824656
0.6867168
0.6863867
0.6594599
0.670595
0.6750529
0.6883484
0.6772857
0.670542
0.6933258
0.6708541
0.6952014
0.6945603
0.6783512
0.7063965
0.6738882
0.6715776
0.690655
0.6905182
0.6893313
0.6894116
0.7306463
0.7272159
0.7264335
0.7249315
0.7297297
0.7254166
0.7287633
0.7312968
0.7284789
0.7309071
0.6873644
0.6953225
0.6924122
0.6956591
0.6923323
0.6844516
0.6866175
0.6861203
0.6855285
0.6883315
0.6897463
0.68936
0.6876903
0.6877306
0.7283729
0.7088077
0.690877
0.8074914
0.813379
0.695438
0.6745163
0.691286
0.6790793
0.6954149
0.7034856
0.6899086
0.7101623
0.696312
0.7025653
0.7050394
0.6972806
0.6920562
0.6966948
0.6957194
0.6547659
0.810685
0.8207465
0.8114042
0.806892
0.8141573
0.6901821
0.6806613
0.6997092
0.714632
0.7304747
0.705595
0.722413
0.6950975
0.7032258
0.7012977
0.8156028
0.7129864
0.7051282
0.7258393
0.7066964
0.7064562
0.6830861
0.6948645
0.714061
0.7075921
0.7192419
0.7070003
0.6849293
0.6939559
0.713913
0.702323
0.7017978
0.7019492
0.6980574
0.7076122
0.7120817
0.7066836
0.6978481
0.715537
0.7014652
0.7029979
0.7114868
0.7127601
0.7052431
0.68883
0.717417
0.7100475
0.7018214
0.7314152
0.7007433
0.7079049
0.7078581
0.708511
0.7061289
0.7067194
0.7142181
0.7183076
0.7178155
0.7161981
0.7188604
0.7151749
0.7190693
0.7185214
0.7178802
0.7179265
0.6971242
0.703416
0.7014677
0.7028227
0.7024282
0.7012761
0.7036949
0.7021867
0.7013944
0.7007456
0.7053106
0.7041018
0.7051434
0.7031436
0.7172647
0.7146115
0.6964428
0.8145739
0.8119554
0.708077
0.6865574
0.713388
0.7046553
0.7199202
0.7166454
0.7152
0.7282609
0.6998374
0.7070683
0.7056837
0.6993177
0.7224438
0.712458
0.7113593
0.6986423
0.8128961
0.8239268
0.8174295
0.815647
0.8284863
0.7143313
0.7037037
0.7039183
0.7089939
0.7267705
0.7071406
0.7200219
0.7179427
0.7274502
0.7119754
0.8236139
0.7307512
0.7296563
0.7320022
0.7105055
0.7116811
0.6942736
0.6996216
0.7321041
0.7188926
0.7264239
0.7180734
0.7008056
0.7187524
0.7203929
0.7094471
0.7280194
0.7272656
0.7240705
0.7179956
0.7358783
0.7339478
0.7134591
0.7240974
0.716398
0.7204495
0.7209904
0.7243675
0.7310082
0.6934762
0.7234593
0.7423705
0.7192474
0.7323966
0.7167534
0.7034472
0.7309147
0.7317375
0.7296354
0.72991
0.7036536
0.7030815
0.703916
0.70227
0.7038773
0.702778
0.7046846
0.7060787
0.7047135
0.7038275
0.6808974
0.6838673
0.6825064
0.68548
0.6823093
0.6748665
0.6778101
0.676984
0.6769243
0.681247
0.6819353
0.6829288
0.6752669
0.6784013
0.7051109
0.6798933
0.6834851
0.8122664
0.8098647
0.6860976
0.6704649
0.6570289
0.6972767
0.6901823
0.7043128
0.6950159
0.713135
0.6909657
0.7068328
0.7051344
0.707896
0.6847424
0.7034083
0.6888853
0.6681288
0.8067744
0.8245678
0.8068904
0.8117699
0.8106212
0.6938908
0.6871031
0.6925201
0.6964795
0.7070014
0.6790481
0.694595
0.694567
0.7105076
0.7008758
0.8177091
0.7147031
0.7056311
0.7093263
0.7076116
0.7051119
0.6818072
0.6849695
0.7087708
0.6858804
0.7009212
0.7105637
0.685562
0.7032775
0.7027264
0.6975328
0.7084956
0.7140597
0.6989857
0.7074988
0.7020089
0.7064692
0.6921712
0.7037656
0.7084488
0.69832
0.7118831
0.6947875
0.7102457
0.6951103
0.7072144
0.7064562
0.7087947
0.7141056
0.7153129
0.6919262
0.7046906
0.706459
0.7030433
0.7035335
0.707457
0.7079153
0.7101853
0.7074142
0.7117717
0.7076103
0.7087943
0.7106978
0.7050096
0.7099928
0.6872783
0.6924374
0.6915047
0.6906752
0.6898439
0.6749513
0.6766185
0.6741728
0.6746528
0.6778273
0.6772362
0.6771736
0.6755682
0.6730143
0.7096287
0.6860719
0.6922768
0.8113221
0.8117512
0.6930508
0.6645575
0.6843696
0.6805933
0.7089703
0.6974455
0.6902597
0.7029775
0.6821192
0.700219
0.6939374
0.7147694
0.6903745
0.7075707
0.6875154
0.6811189
0.8143575
0.8237741
0.8139295
0.8159771
0.8244045
0.6923453
0.6846544
0.6954364
0.7068298
0.7243669
0.6966077
0.7088016
0.7036
0.7016407
0.7077669
0.8180039
0.7055959
0.7017041
0.7206545
0.6966943
0.7091111
0.6822377
0.6885246
0.7121404
0.7140365
0.7124911
0.7060601
0.6941536
0.7014997
0.7172812
0.6992693
0.7072586
0.7130594
0.7023829
0.708638
0.713209
0.7137212
0.6950658
0.7176852
0.7079358
0.7133672
0.7161703
0.7199811
0.7128047
0.6982959
0.722393
0.7135165
0.7079759
0.7182843
0.7064132
0.6998215
0.7166601
0.7163333
0.7158948
0.7155689
0.6688522
0.66458
0.6637323
0.6645013
0.6686124
0.6688245
0.6677998
0.6693255
0.6669039
0.6671412
0.6248679
0.6305562
0.6297166
0.635557
0.6293474
0.6294798
0.6317447
0.6264396
0.6269648
0.6328705
0.6310515
0.6346649
0.6296805
0.6273508
0.6668776
0.6224323
0.630662
0.8035663
0.7919888
0.6403837
0.5838219
0.5950281
0.6293764
0.6438849
0.6483061
0.6348698
0.680493
0.6325923
0.6590433
0.6577208
0.6570757
0.6334927
0.6396897
0.630919
0.6131047
0.8030455
0.8179572
0.8012775
0.8010887
0.8010358
0.6290058
0.6130962
0.6406722
0.6449119
0.6483014
0.600313
0.6302256
0.6327674
0.6591868
0.6392068
0.8061332
0.6356124
0.6517758
0.6833738
0.6478952
0.6584532
0.6343513
0.6451221
0.6693142
0.6449718
0.6674803
0.6678493
0.6222495
0.6473836
0.6582198
0.6410629
0.6594388
0.6712491
0.639958
0.6465105
0.6637849
0.6592892
0.6218391
0.6367535
0.6562624
0.6545193
0.6705261
0.6446966
0.6576605
0.6286016
0.6617916
0.6694528
0.6608261
0.6691629
0.6441006
0.6434506
0.6652007
0.6663252
0.6632452
0.6638516
0.6519058
0.6483905
0.6528211
0.6499399
0.6541623
0.6518886
0.6548142
0.6540061
0.6512131
0.6537139
0.6222476
0.6285204
0.6271214
0.630773
0.6254069
0.637827
0.6420318
0.6387772
0.6378631
0.6429259
0.642221
0.6447948
0.6404305
0.6385804
0.6509653
0.6407986
0.6251629
0.804878
0.783194
0.643999
0.6053271
0.628283
0.6291134
0.6489483
0.6477384
0.6345015
0.6845632
0.6333499
0.6553508
0.6540204
0.6563033
0.6263171
0.6442073
0.6406493
0.622693
0.8009219
0.8185863
0.8060246
0.8036915
0.8052805
0.6367057
0.6170689
0.6427523
0.6540168
0.6661736
0.6355673
0.6663515
0.6414607
0.6698799
0.6424662
0.7967428
0.6524107
0.6627401
0.6828733
0.6646283
0.6585521
0.6430982
0.6413512
0.689738
0.6544858
0.6792438
0.6647947
0.6462591
0.6383133
0.6596016
0.6565697
0.6683576
0.6696754
0.6493142
0.6502144
0.6657947
0.6655339
0.6387987
0.6618699
0.6542146
0.6537538
0.6660074
0.6422692
0.6735833
0.63665
0.6680393
0.6756226
0.6689541
0.6748114
0.6606104
0.6615447
0.6637287
0.664218
0.6620788
0.6624753
0.6663253
0.6639577
0.6630074
0.6656688
0.6673477
0.6661943
0.6665354
0.6688945
0.665117
0.6676633
0.6328156
0.64048
0.6381258
0.6415954
0.635911
0.6434207
0.6458466
0.6428457
0.6425895
0.6465161
0.6470027
0.6455666
0.6450175
0.6441664
0.6657213
0.647443
0.6413539
0.804172
0.7873043
0.6445681
0.6137737
0.6357439
0.6530777
0.6558065
0.6617035
0.6539547
0.6913359
0.654338
0.6755323
0.666215
0.6607947
0.6487342
0.660397
0.6429036
0.6392976
0.8068975
0.815821
0.801043
0.8017954
0.8133768
0.6460184
0.6245079
0.6348145
0.6394043
0.6500823
0.6455937
0.6549708
0.6578843
0.6816695
0.6553036
0.8044547
0.6580492
0.6683106
0.6938839
0.659878
0.6616684
0.6477707
0.6517549
0.6828078
0.6608372
0.6664314
0.6785242
0.6448591
0.6422862
0.6726816
0.6625791
0.6681381
0.6792246
0.6663254
0.6671433
0.6738483
0.6823155
0.6479076
0.6668504
0.6700133
0.6698121
0.6773514
0.6632169
0.6788105
0.6496182
0.6761622
0.6897991
0.6726889
0.6861591
0.670442
0.660181
0.680269
0.6809121
0.6786297
0.6790152
0.6626821
0.6619941
0.6610384
0.6608558
0.6654046
0.6603265
0.6651126
0.6631579
0.6624199
0.6635026
0.625922
0.6348925
0.6335079
0.6388666
0.6330349
0.6185944
0.617295
0.6182144
0.6179629
0.6210201
0.6211937
0.6238562
0.6196977
0.6180086
0.6616506
0.6361294
0.6318042
0.8064447
0.7859659
0.6394028
0.6086269
0.6285878
0.6362521
0.6416728
0.6612088
0.6386891
0.6737167
0.6440248
0.6622326
0.6568257
0.6655688
0.6380031
0.6410319
0.6641509
0.6330523
0.805776
0.8113007
0.8076759
0.8074764
0.8147255
0.63308
0.6231073
0.649802
0.6625608
0.6700449
0.6412792
0.6632557
0.6435691
0.6781438
0.6588478
0.797237
0.6606378
0.6682621
0.6824578
0.6685868
0.664562
0.6464856
0.6478566
0.6842228
0.6572565
0.6766771
0.6699906
0.6317965
0.6479177
0.6642399
0.6504241
0.6693504
0.6809576
0.6404088
0.6685755
0.6787921
0.6761213
0.6397219
0.6680599
0.6654571
0.6656653
0.6690002
0.659441
0.6759969
0.6453135
0.6672457
0.6707528
0.6653267
0.6780442
0.6699787
0.6617234
0.6732596
0.6751249
0.6715717
0.671546
0.6248161
0.6229642
0.6235169
0.6231185
0.6265384
0.6253776
0.6277325
0.6282313
0.6250102
0.6272638
0.5611897
0.5693833
0.5680142
0.57401
0.5669412
0.5763825
0.58097
0.5751243
0.5771592
0.5811026
0.5828375
0.583919
0.5784034
0.5764567
0.6246322
0.5925092
0.5696846
0.7865372
0.7787818
0.5944786
0.5324985
0.5843363
0.5939563
0.6007942
0.6056409
0.5857277
0.6365197
0.5801461
0.6218188
0.6180186
0.6223037
0.5826623
0.6035771
0.5970364
0.5779393
0.7902123
0.8059563
0.7891374
0.793778
0.7944799
0.5931931
0.5667469
0.5913978
0.6006758
0.6162922
0.5837576
0.6111841
0.5934884
0.6283734
0.5928369
0.7931478
0.6113634
0.6231164
0.6487683
0.6123865
0.6231718
0.5984886
0.602664
0.6495604
0.6105924
0.6345563
0.6266688
0.5841542
0.5975904
0.6198998
0.5995832
0.623514
0.6274013
0.60753
0.6124844
0.6304047
0.6290218
0.5780587
0.6160935
0.6145054
0.6149473
0.6284691
0.6094939
0.6339705
0.5842565
0.6191572
0.6358704
0.6253668
0.6293706
0.6072139
0.598145
0.6186096
0.6196194
0.6166626
0.6171971