0.8065057
0.8055323
0.8059785
0.8063503
0.8064539
0.8034828
0.8059222
0.8083089
0.8073062
0.8077942
0.7955774
0.8009363
0.8018144
0.8004473
0.7997481
0.7900035
0.7891214
0.7890768
0.7897367
0.7914615
0.7925098
0.7921202
0.7897923
0.7895441
0.8083194
0.7967018
0.7976157
0.8077192
0.6191796
0.8023568
0.7952991
0.8108714
0.8138391
0.8176008
0.8135057
0.8088443
0.8015839
0.8133126
0.811854
0.8115596
0.8077987
0.8173253
0.8129213
0.812284
0.7993608
0.8080772
0.8163962
0.8110269
0.8110738
0.8152273
0.7956469
0.7950341
0.8001277
0.8033571
0.8048915
0.793844
0.8038001
0.7914662
0.7991993
0.8040913
0.6888974
0.8048815
0.7957095
0.8113023
0.8050658
0.7948628
0.7921831
0.8027682
0.7974222
0.7916284
0.8055652
0.8014541
0.7900028
0.8038217
0.8081618
0.8103965
0.8081168
0.8010258
0.7973277
0.8019655
0.7960276
0.799748
0.8065443
0.8107694
0.7928798
0.795275
0.8007843
0.8077862
0.7937078
0.7947979
0.8043813
0.8040654
0.8032123
0.8104167
0.7993389
0.8100268
0.796048
0.7966648
0.7966232
0.796609
0.8052184
0.8030748
0.8033543
0.801469
0.805834
0.8014408
0.8037161
0.8041899
0.8032684
0.8046755
0.7935271
0.7971309
0.7991901
0.7982383
0.7950912
0.7921139
0.7901321
0.790598
0.7909148
0.7928035
0.7931711
0.7926975
0.791225
0.7903838
0.8050363
0.7910889
0.8012843
0.8084289
0.6200221
0.797326
0.7953641
0.812404
0.8101168
0.8106221
0.8130395
0.8063604
0.8033272
0.808809
0.8089643
0.8098418
0.800114
0.819424
0.8151984
0.8052546
0.7977991
0.8129643
0.8188064
0.8185108
0.8135156
0.8160855
0.7937411
0.7958691
0.8004391
0.8001666
0.8006608
0.7910396
0.8040986
0.7889707
0.7913755
0.7947313
0.6950258
0.7944926
0.7998047
0.810346
0.7993262
0.7971248
0.7833569
0.8091999
0.7963041
0.7933174
0.7996091
0.8054261
0.7893918
0.7998603
0.8013588
0.8096895
0.808159
0.8037651
0.7945109
0.8074896
0.7949891
0.806725
0.7975897
0.808407
0.8004616
0.7950849
0.8033484
0.8001402
0.7976607
0.7887423
0.799986
0.8039476
0.7987404
0.8046538
0.7984681
0.8139013
0.7940088
0.7957998
0.7954211
0.7952381
0.8121267
0.8090928
0.8090396
0.8089935
0.8100861
0.8099576
0.8114663
0.8108616
0.8118448
0.8130724
0.8037084
0.8055942
0.8053005
0.8062722
0.8045008
0.8045474
0.8021878
0.8018125
0.804366
0.8044794
0.8047559
0.8042813
0.8028404
0.8029395
0.8121094
0.7973636
0.8073018
0.8122776
0.6216216
0.8066353
0.8070089
0.813596
0.8160662
0.815919
0.8163151
0.8020597
0.8070509
0.8153868
0.8106663
0.8114587
0.8137518
0.8165576
0.8166422
0.8167708
0.8035942
0.8202804
0.8224454
0.8182198
0.8184157
0.8218911
0.8045596
0.8020082
0.8105752
0.8093694
0.8108385
0.8027074
0.8112294
0.7978327
0.8088041
0.8063258
0.6957808
0.8023541
0.8013254
0.8116164
0.8117001
0.8019303
0.7991881
0.8063767
0.8054396
0.7979045
0.8028856
0.8061956
0.7998455
0.8077137
0.8087272
0.8126955
0.8124957
0.8060432
0.8036226
0.8169191
0.8055187
0.8051686
0.8040991
0.816842
0.8090669
0.8023549
0.8091067
0.8094309
0.7957291
0.8035303
0.8053691
0.8117672
0.8086866
0.8165619
0.8029443
0.8154299
0.7998887
0.8011863
0.8006422
0.800712
0.810316
0.8091821
0.8101239
0.8095802
0.8114151
0.8096332
0.8095702
0.812109
0.8115227
0.8106867
0.8029594
0.8078393
0.8092826
0.8083495
0.8079116
0.7938079
0.793101
0.7910185
0.7923547
0.793227
0.7942725
0.792527
0.7918161
0.7919949
0.8104648
0.7974462
0.8057278
0.8076249
0.6301478
0.8095706
0.8008369
0.8056729
0.810487
0.8163466
0.8174876
0.8068101
0.8036017
0.8175671
0.8120956
0.8118847
0.8151829
0.8128089
0.8114097
0.8077332
0.8034273
0.8156659
0.8277433
0.8182325
0.8168641
0.8202623
0.7963161
0.7985239
0.8045262
0.8058306
0.8064383
0.7978657
0.8040376
0.7992685
0.8062308
0.8085728
0.7094229
0.8067896
0.8000699
0.8197674
0.8112945
0.8066922
0.7976716
0.8096509
0.7995943
0.8011088
0.8018848
0.8100132
0.8015294
0.8058922
0.8109726
0.8140246
0.804849
0.8067156
0.8075474
0.8149444
0.7996488
0.8076656
0.7995488
0.8125782
0.8015684
0.8054565
0.814063
0.8105153
0.8001961
0.7996778
0.8052893
0.8109498
0.8009379
0.812799
0.8042884
0.8121089
0.7981312
0.7991746
0.7985445
0.7985304
0.8032672
0.8013703
0.8032398
0.8020258
0.8033038
0.8024157
0.8028494
0.8042417
0.8032375
0.8038094
0.794773
0.7989529
0.8010865
0.7982959
0.7989385
0.7962277
0.7953576
0.7949776
0.7952893
0.796577
0.7976971
0.7976431
0.795008
0.7960296
0.8035864
0.7990919
0.7965556
0.808726
0.6273263
0.8104159
0.7925952
0.8097902
0.8040268
0.8131768
0.8142467
0.8110275
0.8052313
0.8196285
0.8029532
0.8008774
0.8087331
0.8185512
0.8158189
0.814365
0.8033748
0.813921
0.8165463
0.8097773
0.8136408
0.8109795
0.8027364
0.8049965
0.804639
0.8027964
0.8074398
0.7935511
0.8073782
0.7955968
0.804005
0.8005169
0.6969743
0.7992852
0.8008634
0.8106398
0.8007284
0.7964248
0.7912127
0.8071579
0.7944246
0.7982044
0.8044173
0.8009766
0.7993834
0.8075723
0.8064246
0.8012327
0.8103616
0.8004627
0.797447
0.8040127
0.7958969
0.7997766
0.808803
0.8100264
0.8035266
0.801134
0.8066444
0.8063819
0.7927352
0.7978738
0.8085565
0.8091439
0.8046473
0.8101704
0.8000421
0.8143587
0.7922169
0.794511
0.7933716
0.7933572
0.8022078
0.8008113
0.8011749
0.7997061
0.8018282
0.8008528
0.8027097
0.8024312
0.8005873
0.8030017
0.7937031
0.7956184
0.7971774
0.796475
0.7963611
0.7888116
0.7867352
0.7847217
0.7868403
0.7874587
0.7875739
0.7860763
0.7848431
0.7862176
0.8030292
0.7893959
0.7987703
0.8065035
0.6073761
0.80131
0.7902133
0.8020269
0.7973434
0.8074179
0.8062469
0.8004257
0.7994348
0.809305
0.7978859
0.7999717
0.8028399
0.8114165
0.8044015
0.8071055
0.7953237
0.8136981
0.812365
0.811967
0.8158114
0.8149934
0.7945186
0.7933925
0.7949829
0.7959908
0.7977667
0.786807
0.7992614
0.7817457
0.7987527
0.7954131
0.6886893
0.7954306
0.7906193
0.799986
0.8020986
0.7900078
0.7900514
0.7991806
0.7952971
0.792389
0.8033641
0.7951216
0.791793
0.797763
0.8011057
0.8046924
0.7942918
0.7979628
0.7934989
0.804461
0.7902315
0.799637
0.801053
0.8147431
0.7976049
0.7865543
0.7977316
0.798373
0.7966529
0.7957125
0.7998178
0.7988385
0.788921
0.8066421
0.791343
0.8096375
0.7919927
0.7931034
0.7931469
0.7931324
0.8056717
0.8054491
0.8054781
0.8046009
0.8060366
0.8045721
0.8061708
0.8062269
0.8059733
0.8081201
0.8051407
0.8080094
0.8082116
0.8077749
0.8073375
0.805311
0.804372
0.8031682
0.8038862
0.805492
0.8047731
0.8052938
0.8035268
0.8039583
0.8071518
0.79891
0.811108
0.8112025
0.6232968
0.807234
0.8061814
0.8114393
0.8143167
0.8223556
0.8216623
0.8156789
0.8068956
0.8217635
0.8162381
0.816442
0.8140827
0.8252874
0.8200933
0.8133521
0.8096643
0.8124124
0.8130704
0.8125087
0.8137931
0.8137111
0.8070977
0.8054872
0.81158
0.804438
0.8073451
0.800985
0.811888
0.7949891
0.8010632
0.8104738
0.6955699
0.8024605
0.802184
0.8173709
0.8108765
0.8068664
0.796107
0.8143007
0.8006272
0.8031436
0.8109284
0.8119038
0.7990327
0.8109398
0.8143431
0.815161
0.8116707
0.8019608
0.8095403
0.8150112
0.8011054
0.8036882
0.799325
0.8183009
0.8035963
0.8024614
0.812984
0.8030324
0.7987136
0.7979438
0.8073816
0.8092133
0.8078684
0.8081754
0.8053888
0.8189739
0.8057206
0.8077695
0.8069835
0.8069701
0.7962453
0.7937204
0.7945147
0.7933668
0.7939141
0.7946183
0.7943734
0.7973202
0.7955396
0.7960336
0.7883186
0.7947761
0.7960073
0.7951298
0.793315
0.788611
0.7860936
0.7867356
0.7875725
0.7899901
0.7897635
0.788433
0.7855676
0.7863466
0.7973354
0.7865352
0.793028
0.8108278
0.5861172
0.7913335
0.7944266
0.7988367
0.8029991
0.8010139
0.8114459
0.7936599
0.7945811
0.8029155
0.8012374
0.8035765
0.8035663
0.8068554
0.7996013
0.8019823
0.795414
0.8132958
0.8151125
0.8080367
0.816499
0.8098328
0.7906344
0.7945919
0.7978193
0.7970923
0.798948
0.7885618
0.8018031
0.7856736
0.7954658
0.7944829
0.670287
0.7918498
0.7915374
0.8074982
0.7981658
0.7951051
0.7815838
0.8046367
0.7933488
0.7891185
0.7989622
0.7996912
0.7867056
0.7956641
0.8010552
0.8049123
0.8011692
0.795514
0.7919558
0.8040048
0.791581
0.7973847
0.7903318
0.8083025
0.7969432
0.7938137
0.8010387
0.7978843
0.7946277
0.7826025
0.799676
0.8004635
0.7946983
0.8039476
0.7883165
0.8038033
0.7936742
0.7955568
0.794668
0.7949079
0.8007572
0.8003646
0.8031628
0.8006027
0.8005461
0.8016662
0.8025201
0.8019892
0.8022393
0.803901
0.7943387
0.7998742
0.7994968
0.7994686
0.7985158
0.7944476
0.7942496
0.7913239
0.7927428
0.7953893
0.7944889
0.7948592
0.7930526
0.7939092
0.8051812
0.7913907
0.7984871
0.8038913
0.613275
0.7980606
0.791976
0.8049536
0.8050506
0.8101024
0.8101007
0.8079423
0.7912746
0.8039579
0.801347
0.800454
0.8008553
0.8113301
0.8093495
0.805656
0.7945118
0.8067565
0.817404
0.806699
0.8074251
0.8119208
0.7923291
0.7898157
0.8000709
0.7917396
0.7965703
0.7898983
0.7990641
0.7922675
0.7953377
0.7963054
0.6754508
0.7924995
0.7943879
0.8029878
0.7998876
0.7870442
0.7843429
0.7966799
0.8022315
0.7857396
0.7968903
0.7976165
0.783926
0.7987399
0.7959284
0.8028317
0.8055556
0.7958104
0.7938813
0.8025851
0.7927432
0.7951401
0.8024596
0.8067262
0.7977402
0.7958148
0.7950774
0.7987634
0.7895666
0.7932175
0.8015567
0.7995655
0.800056
0.7987664
0.7954722
0.8024648
0.7918622
0.7924661
0.7922553
0.7925801
0.8003932
0.7992411
0.7998595
0.798552
0.7990034
0.7986087
0.7999719
0.8012069
0.8000281
0.8009402
0.79836
0.8031128
0.8031529
0.8038778
0.8005038
0.7858052
0.7857749
0.7842679
0.7857092
0.7868447
0.78756
0.7876843
0.7852496
0.7855981
0.8009681
0.7922893
0.7988784
0.7983751
0.6129905
0.7964093
0.7952099
0.7951705
0.7986472
0.8070486
0.8076461
0.8019056
0.8004816
0.8102935
0.7987623
0.8001705
0.809156
0.8085348
0.8085767
0.8047863
0.7940463
0.8045416
0.8162426
0.8151931
0.8114978
0.8072961
0.8006805
0.7956308
0.7934457
0.7926325
0.7964553
0.7919792
0.8033027
0.785699
0.7904425
0.7900615
0.6840895
0.7948483
0.7869409
0.8051447
0.8036453
0.7926485
0.7830872
0.8044598
0.7957321
0.7860392
0.7945764
0.7958954
0.7879347
0.7892915
0.7988603
0.8078267
0.7960034
0.8004361
0.7916284
0.7966885
0.7953456
0.7973893
0.7917229
0.8062893
0.7943207
0.7956117
0.7980898
0.7944935
0.7890122
0.7935211
0.7967153
0.7951408
0.7938587
0.797471
0.7862682
0.8086067
0.7888522
0.7899598
0.7890653
0.7891358
0.7979507
0.798485
0.7994392
0.7972907
0.7978276
0.7959112
0.7980351
0.8003642
0.7963197
0.7990887
0.7920298
0.7939526
0.7958555
0.794728
0.7944437
0.7951858
0.7942289
0.7922397
0.7939076
0.7946078
0.7957328
0.7936564
0.7925256
0.7932123
0.8011336
0.7888168
0.7980406
0.8098695
0.6437612
0.7925721
0.788676
0.8000282
0.8098924
0.809053
0.8085511
0.8026652
0.7907407
0.8072315
0.8019956
0.8036459
0.802956
0.810868
0.8109816
0.8027389
0.8030956
0.8094033
0.8157089
0.8182071
0.8174173
0.8181755
0.7892069
0.7951285
0.7938915
0.7932407
0.7925443
0.787249
0.7964348
0.7812366
0.794128
0.7944214
0.7044035
0.7929916
0.7901287
0.8034589
0.7958896
0.7876325
0.7877655
0.7962294
0.7950676
0.7943662
0.8008924
0.7942994
0.7883077
0.7953446
0.7988631
0.8014577
0.7956739
0.795533
0.79598
0.7989953
0.7880246
0.7972273
0.7948157
0.8014279
0.7986413
0.7880312
0.7952247
0.8003364
0.7897223
0.7877462
0.7977378
0.7968432
0.7920068
0.8028464
0.789224
0.8027721
0.7886247
0.79075
0.7901139
0.789929
0.8027805
0.8007137
0.8035053
0.8015379
0.8039858
0.8029319
0.8022784
0.8037559
0.8020819
0.8041582
0.8085637
0.8105118
0.8098893
0.8101958
0.8098436
0.7974171
0.7976407
0.79659
0.7967321
0.7988562
0.7993866
0.7990804
0.796031
0.7981434
0.8041856
0.8016177
0.8106443
0.8133825
0.622527
0.805421
0.8002123
0.8136243
0.8122675
0.8139453
0.8110994
0.810961
0.8064221
0.8141599
0.8077708
0.8088173
0.805711
0.8137489
0.8144287
0.8152151
0.8096944
0.8150168
0.8261079
0.8148587
0.8181061
0.8173003
0.8033423
0.7932897
0.80516
0.8037222
0.8029523
0.7955813
0.8078893
0.788535
0.8050209
0.8009499
0.6896211
0.801735
0.7992049
0.8034152
0.8025883
0.7977024
0.7939381
0.8067551
0.7980581
0.795683
0.8041001
0.8004887
0.7995655
0.802605
0.8100069
0.8114885
0.8122786
0.8078344
0.8042553
0.8054579
0.7993693
0.8062925
0.8082373
0.8148994
0.8051243
0.7947346
0.8060792
0.8072289
0.800754
0.8005724
0.808407
0.8024286
0.8014095
0.8092794
0.805251
0.8159513
0.8017749
0.803739
0.8029481
0.8029344
0.8071144
0.8056391
0.8048319
0.8065418
0.8069784
0.8067626
0.8065306
0.8048319
0.8067491
0.8060704
0.8005602
0.8065482
0.8067525
0.8053134
0.803786
0.802582
0.8004614
0.800755
0.8013966
0.8025131
0.8032924
0.8030673
0.8017873
0.8012162
0.8074317
0.8003364
0.8058462
0.8109999
0.6469765
0.8045718
0.7939286
0.8099853
0.8098567
0.818891
0.81396
0.8131566
0.8075134
0.8136853
0.8090364
0.8124296
0.8089258
0.8145298
0.8200126
0.8041252
0.8058307
0.8205128
0.8265892
0.810976
0.8225
0.8161806
0.8051884
0.8050883
0.8108755
0.8012111
0.8038432
0.7957884
0.8040705
0.7985343
0.799212
0.8007574
0.7096216
0.8008716
0.798669
0.8119157
0.8038308
0.80213
0.7919283
0.810695
0.796672
0.7991976
0.8017476
0.805319
0.7947015
0.8035914
0.8076896
0.8113405
0.8075604
0.8065013
0.8064178
0.8084807
0.7983241
0.8084499
0.7965178
0.8137773
0.7999158
0.8030601
0.8090694
0.8088122
0.8039147
0.7942938
0.8038996
0.8147018
0.800715
0.8094542
0.7984206
0.8112317
0.8020043
0.8036425
0.8030155
0.8031688
0.800042
0.7985561
0.797994
0.7986267
0.8000839
0.7984306
0.7995377
0.7988365
0.799678
0.799916
0.7904916
0.794534
0.7960126
0.7942104
0.793164
0.7889076
0.7873434
0.7886631
0.7886413
0.7905344
0.7898841
0.7922942
0.7872475
0.7891295
0.8004478
0.7905995
0.7922844
0.8076869
0.6234544
0.797937
0.7906562
0.803221
0.8033934
0.8037145
0.8147059
0.7940211
0.8036758
0.8141026
0.8069582
0.806831
0.797732
0.8078201
0.8054283
0.796836
0.7968761
0.8084628
0.8115538
0.8114857
0.8035137
0.8115231
0.7917853
0.7910852
0.7991783
0.799264
0.799766
0.7891123
0.8012803
0.7875354
0.7985137
0.7955948
0.696511
0.7963744
0.7986465
0.8097724
0.8013584
0.7950302
0.7873316
0.8020723
0.7951411
0.7865845
0.7971906
0.7959784
0.7926563
0.7962613
0.8021263
0.8094476
0.800561
0.7945032
0.7974888
0.8021157
0.7950918
0.7964571
0.7984518
0.8095734
0.7949168
0.7919577
0.800936
0.7977962
0.7912474
0.7946272
0.8012601
0.8021219
0.7981671
0.803081
0.7957776
0.8102395
0.7883631
0.7907418
0.789085
0.7892405
0.812244
0.8115278
0.8116405
0.8086987
0.8130886
0.811728
0.8129856
0.811558
0.8113024
0.8123656
0.80141
0.8050511
0.80509
0.8049816
0.8028729
0.8013379
0.7999721
0.8002651
0.8002371
0.8005161
0.8018809
0.8033231
0.8002092
0.7999721
0.813215
0.801355
0.8040145
0.8156157
0.6369601
0.8030581
0.8062901
0.8137132
0.8065678
0.812196
0.818417
0.8047312
0.8116023
0.8194142
0.8035512
0.8016435
0.8045177
0.812835
0.8061534
0.8078501
0.8061671
0.8190762
0.8228821
0.8197314
0.8231914
0.8181374
0.797815
0.8017954
0.8087697
0.7993881
0.8029428
0.7989142
0.810278
0.7930377
0.8060982
0.8011888
0.7018948
0.7993682
0.7940516
0.8102439
0.8034164
0.7941321
0.7951004
0.8030474
0.7980413
0.7941342
0.8071637
0.7979543
0.8009814
0.801257
0.8091789
0.808923
0.8075553
0.7954722
0.8026583
0.8102287
0.7975822
0.8070346
0.8032994
0.8092156
0.8045344
0.7997051
0.8045753
0.7985106
0.8025829
0.794661
0.8057418
0.8045905
0.800056
0.8086171
0.8000421
0.8166235
0.8012642
0.8040635
0.8026884
0.8026747
0.7849226
0.7834839
0.7843737
0.7836474
0.7841272
0.7844001
0.7850952
0.7826427
0.7848164
0.7856585
0.7813366
0.7834715
0.7840402
0.7827968
0.78129
0.7770506
0.7764965
0.7757515
0.7767819
0.7787963
0.7796947
0.7792208
0.7757921
0.7769236
0.786292
0.7855828
0.7870279
0.8031496
0.6293618
0.7859544
0.7776734
0.7898076
0.7941449
0.8000285
0.7962937
0.7873014
0.7875688
0.7963454
0.7901217
0.7921549
0.7970102
0.7987861
0.7993893
0.7968862
0.7898654
0.8080338
0.8087194
0.8027542
0.8091967
0.8133548
0.7820052
0.7785709
0.7849138
0.7826302
0.7866806
0.7799788
0.7944456
0.778985
0.7835242
0.7797721
0.6953386
0.7828812
0.7845925
0.7930108
0.7802771
0.7837819
0.7755889
0.7909447
0.7904339
0.7790714
0.7901226
0.7837282
0.7832432
0.7874611
0.7862774
0.7861662
0.7922151
0.7900184
0.7804791
0.7945946
0.7815707
0.7915023
0.7853985
0.7981864
0.779504
0.7837415
0.7927972
0.7857194
0.7879516
0.7777461
0.7868503
0.7896522
0.7882794
0.7926855
0.7832965
0.7941932
0.7756638
0.7759567
0.7759173
0.7760758
0.7964291
0.7949331
0.7955537
0.794157
0.7954625
0.7969244
0.7952435
0.7965697
0.7966566
0.7963028
0.7919421
0.7969898
0.7962756
0.7959927
0.7939339
0.7963636
0.796251
0.7970498
0.7969394
0.7971339
0.7985059
0.7997909
0.7953957
0.7968389
0.7970078
0.7952712
0.7932246
0.8022627
0.6161832
0.7992229
0.79316
0.8050049
0.8071252
0.8081301
0.8109001
0.798406
0.8081461
0.8142978
0.8065585
0.8013597
0.8051653
0.8089379
0.8034212
0.7989034
0.7955176
0.8145737
0.8230046
0.8087585
0.8119718
0.8148744
0.7969349
0.7951268
0.8054595
0.7967684
0.7974596
0.790981
0.7975267
0.7895109
0.7999579
0.7924674
0.6833486
0.7974844
0.7908056
0.8080519
0.7958034
0.7968147
0.7896406
0.8058799
0.8013665
0.7957216
0.8033129
0.7928561
0.7974141
0.7916139
0.7986096
0.8089731
0.8005756
0.7974808
0.8093715
0.8045791
0.7983152
0.8001677
0.8006609
0.8061929
0.7887115
0.7966376
0.8012023
0.8025192
0.7970141
0.7861133
0.8027016
0.801468
0.8003635
0.808419
0.7974817
0.8080011
0.7994855
0.8012825
0.8008226
0.8006415
0.6865425
0.6847322
0.6824559
0.6802904
0.6878232
0.6859881
0.6869552
0.685977
0.6847236
0.687132
0.6402464
0.6477035
0.6443565
0.6492555
0.644554
0.6619169
0.6613301
0.6597543
0.6610925
0.6643351
0.6667196
0.6687772
0.6642301
0.6622343
0.6861497
0.6668787
0.6497826
0.7981512
0.7907274
0.6516617
0.6280285
0.6642254
0.6447163
0.6350365
0.645606
0.6341564
0.6881235
0.660656
0.6613727
0.655683
0.6814536
0.6392154
0.6311299
0.6675299
0.5252543
0.7953071
0.8127769
0.8022407
0.8022216
0.8036464
0.6453065
0.6396648
0.6645125
0.6878451
0.6952155
0.6690608
0.6791356
0.6614299
0.6730693
0.6569917
0.8120051
0.6667199
0.6521983
0.6805885
0.6594686
0.6738993
0.6338682
0.6553906
0.6889739
0.671516
0.6791221
0.6835493
0.6509244
0.6645701
0.6644816
0.6515066
0.677028
0.6726593
0.6559235
0.67472
0.6719371
0.6698659
0.6487627
0.6705639
0.6551004
0.6765964
0.6878477
0.6653087
0.6714229
0.6406389
0.6717557
0.6917246
0.6739199
0.6899977
0.6606756
0.6509064
0.6808511
0.6808828
0.6792987
0.6795849
0.6765145
0.6715559
0.6744845
0.6695879
0.6740805
0.6757542
0.6770342
0.6754227
0.6738532
0.6757585
0.6426564
0.6449467
0.6459617
0.649305
0.6432241
0.6494936
0.6512665
0.648599
0.6495256
0.653222
0.6549889
0.6553722
0.6494697
0.6501316
0.6738292
0.6364517
0.6459319
0.8072983
0.7990635
0.6439289
0.6117824
0.6581608
0.6505193
0.5109115
0.6497524
0.4859149
0.6784357
0.6496857
0.6645539
0.6619515
0.6683284
0.4882278
0.5051176
0.658065
0.6174859
0.804836
0.8205327
0.8119263
0.8112122
0.8150071
0.6401957
0.6394552
0.6564769
0.6788435
0.6889484
0.6647803
0.676489
0.6495706
0.6755524
0.6570906
0.8060375
0.6583519
0.662663
0.689362
0.668039
0.6660077
0.6408462
0.6357324
0.6933951
0.6562375
0.6714835
0.6700787
0.6529045
0.6611204
0.6665346
0.6465476
0.6676443
0.6802481
0.6613698
0.6660006
0.6798369
0.6793308
0.6417065
0.6600891
0.6618277
0.6607512
0.6753553
0.6576828
0.6768278
0.6518199
0.6705901
0.6870865
0.6732673
0.6853626
0.6678549
0.6308603
0.6816947
0.6833709
0.6803649
0.6805458
0.6722113
0.6696414
0.6735192
0.6689312
0.6741591
0.6718676
0.6751357
0.6756055
0.6724695
0.6747955
0.6217076
0.626087
0.6249085
0.6280127
0.6252034
0.6346557
0.6366857
0.6352789
0.6354628
0.6392283
0.641361
0.6405648
0.6360635
0.6354108
0.6723404
0.6403735
0.6261895
0.8042222
0.7939071
0.6247121
0.6144057
0.6457439
0.6477476
0.5106001
0.6439987
0.4899982
0.6816459
0.6478908
0.6606582
0.6552226
0.6649738
0.4906606
0.505744
0.6597722
0.6197463
0.8030183
0.814841
0.8040831
0.8054266
0.8096599
0.6373887
0.6255253
0.6531899
0.6666928
0.68004
0.6469932
0.6526617
0.6462826
0.6729178
0.6508355
0.8025608
0.6422004
0.657544
0.6804868
0.6560952
0.6539536
0.6412545
0.623671
0.6846321
0.6556736
0.6555123
0.6626811
0.6456154
0.6540545
0.654246
0.6408308
0.6630608
0.669358
0.6384062
0.6684219
0.6620849
0.6601364
0.6307027
0.6544946
0.6482891
0.6643384
0.661669
0.650445
0.6676136
0.6373245
0.6628526
0.6674567
0.6578424
0.6737661
0.6603999
0.6241528
0.6757094
0.6768593
0.6738245
0.6745261
0.6750452
0.6710257
0.6735352
0.6707365
0.6718811
0.676053
0.6758772
0.6763459
0.6731132
0.6756417
0.6314981
0.6387683
0.6346417
0.6379213
0.6354914
0.6524158
0.6553529
0.6516345
0.6534095
0.6548441
0.658305
0.6575158
0.6528197
0.6529444
0.6754847
0.6496648
0.6347054
0.8066098
0.7968816
0.6431929
0.6130185
0.657958
0.6492295
0.5247868
0.651417
0.5217314
0.6827923
0.6429625
0.661662
0.6580811
0.6615558
0.5164983
0.5212841
0.6535095
0.6204186
0.8027704
0.8124823
0.8059701
0.8084062
0.8133001
0.6399023
0.6478634
0.6628457
0.6750214
0.6883167
0.6639441
0.6702478
0.6532651
0.6811322
0.6568908
0.8051875
0.6492268
0.6675053
0.6913686
0.6687737
0.6636874
0.6481585
0.6388866
0.6897192
0.6496877
0.658749
0.6768364
0.6487136
0.6654574
0.6565439
0.6529633
0.6757139
0.6704312
0.6707634
0.6741493
0.6786806
0.6708045
0.6452471
0.6574317
0.6706799
0.66985
0.67222
0.6652415
0.6820733
0.640463
0.6823299
0.6784289
0.6824593
0.6859498
0.6706922
0.6332705
0.6745871
0.6760431
0.6730092
0.6732952
0.6823612
0.6802471
0.6798373
0.6805784
0.6836449
0.6787167
0.6838
0.6831343
0.6809624
0.6825384
0.6540021
0.657632
0.6560666
0.6589344
0.6547751
0.6451845
0.645993
0.6393903
0.6428343
0.6458001
0.6488769
0.6495903
0.6447284
0.6450659
0.68125
0.6659309
0.6564782
0.7967911
0.7922543
0.6353267
0.6111666
0.6580423
0.6411678
0.6590249
0.6475649
0.6440388
0.6880295
0.6703843
0.6657065
0.6668532
0.6671219
0.6526222
0.660806
0.6664527
0.6365345
0.7950903
0.8062358
0.8023056
0.7988535
0.7995685
0.6452894
0.6209571
0.6591676
0.6660661
0.6773722
0.6649671
0.6851651
0.6438169
0.659304
0.6556934
0.8081383
0.6448658
0.6433829
0.6688805
0.6477054
0.6526903
0.6292007
0.6389815
0.6987406
0.643041
0.6574507
0.6646938
0.6281415
0.6357482
0.64996
0.6348242
0.6516134
0.6638635
0.6329473
0.6826847
0.6657968
0.6784571
0.6305499
0.6664295
0.6383047
0.6589246
0.6643224
0.6448373
0.6816304
0.6326465
0.6606292
0.6665088
0.6542287
0.66643
0.6598791
0.6555144
0.6747645
0.6752892
0.6732921
0.673578
0.6915531
0.6891523
0.6887484
0.6894778
0.690878
0.6905948
0.6917568
0.6943516
0.6902648
0.6921341
0.6624901
0.6677722
0.6638961
0.6674828
0.6634699
0.6745372
0.67407
0.6734726
0.6743529
0.6756566
0.6781942
0.6807116
0.6761711
0.6743328
0.6927922
0.6707673
0.6742961
0.8089984
0.7874973
0.6428571
0.6382404
0.6692455
0.6467134
0.6587758
0.66199
0.64914
0.6851121
0.6757342
0.6635552
0.6625604
0.6793735
0.6672311
0.6799364
0.6682758
0.6527733
0.8129419
0.8203136
0.8088803
0.8113073
0.8176387
0.6460825
0.6340062
0.6688026
0.6766794
0.6842308
0.6707183
0.692766
0.6291034
0.6494696
0.6192702
0.7978792
0.644448
0.6421967
0.6640108
0.6552111
0.6662969
0.6262527
0.6531684
0.6926176
0.6340055
0.6410917
0.6651089
0.6352263
0.6489583
0.6543269
0.6413246
0.6459998
0.6490013
0.64318
0.6789879
0.6653693
0.6844857
0.6254516
0.6700174
0.6567712
0.649618
0.6837373
0.6337238
0.6880548
0.6117792
0.6608182
0.6514423
0.6425751
0.6682221
0.6410755
0.670961
0.6854839
0.6862501
0.6836607
0.6843541
0.6700508
0.6717617
0.6690636
0.6706461
0.6755959
0.6723023
0.6729525
0.6738318
0.6731039
0.6723049
0.6397357
0.6453479
0.6443123
0.6437639
0.6427834
0.6479229
0.652126
0.6470356
0.6468869
0.6513002
0.6526291
0.6518454
0.6516261
0.6488749
0.6714241
0.6576279
0.6475014
0.8013999
0.7818921
0.628175
0.6318525
0.6617065
0.6515115
0.6640905
0.6530236
0.6549736
0.6794962
0.6583781
0.6620827
0.6610992
0.6898224
0.6646473
0.6661385
0.6588583
0.628015
0.802233
0.8074267
0.8024402
0.7956859
0.8089784
0.6257029
0.6343102
0.6645258
0.6632439
0.6743172
0.6680627
0.6787837
0.6182276
0.637571
0.6299687
0.8068047
0.6326317
0.6275768
0.6566256
0.6388733
0.6545985
0.604102
0.6399807
0.676573
0.6265935
0.6447421
0.6631175
0.5941526
0.6255833
0.6462212
0.641419
0.6421381
0.6518877
0.6207287
0.6770401
0.646259
0.677097
0.615102
0.6532194
0.6215954
0.6339917
0.6626421
0.6286359
0.6764615
0.6174399
0.644007
0.6495882
0.6426527
0.6647363
0.6423667
0.6601926
0.6711799
0.6724098
0.6699059
0.6700871
0.6718822
0.6697903
0.6724429
0.6714472
0.6749943
0.6703246
0.6720859
0.6737648
0.6709113
0.6753098
0.6404538
0.6450179
0.6438933
0.6442
0.6427065
0.6518473
0.6543993
0.6516079
0.6540662
0.6541109
0.6574867
0.6564067
0.6521369
0.6535098
0.670887
0.664539
0.6494517
0.803761
0.7790456
0.615081
0.6418265
0.6684736
0.6560585
0.6690861
0.6677831
0.6725732
0.6883167
0.6672934
0.6660692
0.6729711
0.6947126
0.6678655
0.6681705
0.6846812
0.6516261
0.810899
0.8106558
0.8095139
0.807583
0.8172718
0.6466225
0.6318686
0.6762751
0.6549122
0.6645944
0.6486068
0.6652607
0.6367434
0.6424931
0.6282619
0.7920861
0.6377804
0.6452768
0.6767004
0.6441953
0.6519238
0.6199746
0.6413482
0.673432
0.6342618
0.6493708
0.6552552
0.625913
0.6337895
0.6466171
0.6512208
0.6639091
0.6464876
0.6332071
0.6782441
0.6441103
0.6804954
0.6318503
0.6662558
0.6384265
0.6487816
0.6564412
0.6266169
0.6790715
0.6180053
0.6101382
0.6527584
0.6473385
0.6649223
0.6453812
0.6724058
0.6522847
0.6593695
0.657586
0.6577668
0.6789645
0.67274
0.6759382
0.6755476
0.6784083
0.6742071
0.6768108
0.68147
0.6747999
0.6762696
0.6328537
0.638953
0.6361753
0.6369214
0.6359285
0.6432813
0.6459058
0.6435698
0.6429929
0.6466777
0.647161
0.6442353
0.6425063
0.6431627
0.6783721
0.6594777
0.6375448
0.7952996
0.7759313
0.6284857
0.6280413
0.6562376
0.6521182
0.664996
0.6548114
0.6536367
0.6842679
0.6609071
0.6656369
0.6633875
0.6761965
0.6436372
0.6673521
0.6625508
0.6302227
0.7957565
0.8160341
0.7956376
0.8043079
0.8077358
0.634466
0.6229201
0.6606547
0.6530388
0.6651786
0.6527669
0.6584449
0.6205639
0.6318536
0.6122399
0.7987095
0.6327153
0.6275547
0.6558375
0.6354601
0.65699
0.613157
0.6358867
0.6725101
0.6275679
0.6409401
0.6441888
0.604293
0.6225731
0.6452152
0.6319936
0.6429711
0.6445418
0.6274857
0.6740717
0.6400638
0.6599247
0.613846
0.647619
0.6334961
0.6364801
0.6600738
0.6260687
0.6586323
0.6083062
0.6325383
0.6540221
0.628342
0.6552213
0.6425495
0.6648173
0.6663822
0.6702913
0.6676782
0.6680669
0.8106739
0.8089646
0.8099868
0.8097751
0.8100388
0.8081735
0.8108389
0.811555
0.8112998
0.8121968
0.8000837
0.8047255
0.8065053
0.8051542
0.8051289
0.7931204
0.7914825
0.791269
0.7926855
0.7919473
0.7948503
0.7936175
0.7935019
0.7930889
0.810657
0.7943034
0.8031896
0.8147839
0.6205699
0.7984179
0.79655
0.8113867
0.8197224
0.816275
0.8058143
0.8032996
0.7972954
0.814327
0.8136163
0.8104066
0.8068946
0.8149996
0.8124343
0.8040521
0.7951362
0.8246307
0.8209069
0.8187317
0.8156393
0.8216569
0.7934736
0.7984145
0.8022048
0.8011509
0.8047577
0.7964201
0.8009188
0.7867319
0.800168
0.8022883
0.6947855
0.8062448
0.7924674
0.8101601
0.7977946
0.8010617
0.7907991
0.8090966
0.8033243
0.7908372
0.7998466
0.8022445
0.7888708
0.7995112
0.8020148
0.8025892
0.8046411
0.8002245
0.796109
0.8020032
0.796079
0.8040498
0.801292
0.8097124
0.7947187
0.7907338
0.8069919
0.8035627
0.7973115
0.7878809
0.8056641
0.8004194
0.7981388
0.8069627
0.7951553
0.8054302
0.7991106
0.8004878
0.8003623
0.8001812
0.8053073
0.8037475
0.8037762
0.8032305
0.805174
0.8018617
0.8038037
0.8056137
0.8048593
0.805348
0.7930113
0.7976332
0.8001117
0.7983205
0.797534
0.7932075
0.7917369
0.7904179
0.7923482
0.7933043
0.793164
0.7937899
0.7910458
0.7920736
0.805792
0.7949853
0.7980102
0.8051775
0.6003209
0.8024117
0.7974135
0.8069116
0.8162965
0.8133145
0.8142195
0.8088111
0.8004527
0.8148671
0.8046798
0.8048901
0.8079348
0.8146218
0.813885
0.8035638
0.8034097
0.8134773
0.8169357
0.8163863
0.8155144
0.8136959
0.8020082
0.7934643
0.8049297
0.8065542
0.8069093
0.7914536
0.8053491
0.7923822
0.797568
0.801217
0.6819994
0.7952512
0.8005583
0.8071978
0.8033613
0.7983871
0.7972386
0.8107957
0.792153
0.7968761
0.8022867
0.8008389
0.7934806
0.8002796
0.8072146
0.8119349
0.8075849
0.7998172
0.7974701
0.8027821
0.7977789
0.80507
0.8006334
0.8104875
0.80548
0.7952495
0.8061033
0.8051712
0.7957163
0.7996641
0.8058544
0.8044525
0.8021794
0.8099701
0.794651
0.8108298
0.7923987
0.7934279
0.7927934
0.7927789
0.8121612
0.8097062
0.8106472
0.8101037
0.8100368
0.8086648
0.8109217
0.8118048
0.8110532
0.8122829
0.802151
0.8061239
0.8054976
0.8061374
0.8057799
0.801994
0.8002095
0.8
0.8014783
0.8020085
0.8032878
0.8026462
0.8002792
0.8002934
0.8128038
0.7991594
0.805422
0.8120637
0.6174954
0.8056592
0.8009502
0.8119706
0.8119369
0.8164557
0.8127725
0.8097861
0.8048953
0.8182586
0.8079311
0.8101542
0.8126148
0.8170946
0.8165966
0.8143089
0.8020132
0.8167693
0.8263092
0.8097914
0.8184538
0.8161579
0.8009492
0.8029692
0.8095205
0.8049473
0.8076106
0.8007375
0.8158511
0.7970126
0.8020746
0.8056912
0.6995003
0.8080653
0.8031084
0.8102414
0.8067515
0.8022109
0.7934698
0.8115973
0.8053873
0.8002107
0.8092265
0.8035602
0.7974238
0.8029182
0.8065959
0.8156142
0.8103773
0.8086592
0.8050741
0.8057808
0.7992552
0.8042826
0.8032049
0.8071339
0.8033555
0.8035589
0.8063167
0.8074695
0.7966006
0.7959112
0.808567
0.8113063
0.8053134
0.8117541
0.7960494
0.8143028
0.7983269
0.7993706
0.7988248
0.7988108
0.8060961
0.8024484
0.8027282
0.8018472
0.8052962
0.8027401
0.8045953
0.804568
0.8032283
0.8055536
0.7944129
0.8009492
0.8018263
0.8013813
0.8010193
0.7945215
0.7932244
0.7920792
0.7931566
0.7947874
0.7955755
0.7939199
0.7922807
0.7929679
0.8064134
0.7962976
0.8002376
0.811301
0.6109652
0.7994913
0.7942035
0.80586
0.8090743
0.8157673
0.8122541
0.8034449
0.8005797
0.8115502
0.8042126
0.8078766
0.805859
0.8141549
0.8084912
0.8102731
0.7990349
0.8140936
0.8222099
0.8158409
0.8201499
0.8220646
0.7989939
0.7961661
0.8024333
0.8055191
0.8071918
0.7947071
0.8067961
0.788407
0.8030769
0.8
0.6970913
0.7981735
0.796992
0.8067356
0.805575
0.7976716
0.7973664
0.8063155
0.7947405
0.7994527
0.8042435
0.804472
0.7939518
0.807735
0.8038324
0.8044071
0.804535
0.7988469
0.7989477
0.8079545
0.7978223
0.8049426
0.8047105
0.8094476
0.8009233
0.795549
0.8032249
0.8056273
0.7977016
0.7982776
0.8043068
0.807818
0.8019691
0.808104
0.7980025
0.8056614
0.7969893
0.7976923
0.7971461
0.7970477
0.7967188
0.7918139
0.7943978
0.7933371
0.7962585
0.7939911
0.7939163
0.7946529
0.7944017
0.7958292
0.7929894
0.7949979
0.7961417
0.7945889
0.7955743
0.7914028
0.7903521
0.7915846
0.7915612
0.7920096
0.7935661
0.7941073
0.7909366
0.7898372
0.7964515
0.7915668
0.794188
0.7965478
0.6336339
0.7864654
0.7958544
0.7990515
0.802611
0.8081037
0.7986047
0.7974169
0.7898986
0.8035498
0.8061917
0.804966
0.7986419
0.8117755
0.8079447
0.7973996
0.7928842
0.8051746
0.8075546
0.7988514
0.8012146
0.8053985
0.7887919
0.7869581
0.7967538
0.7895402
0.7899645
0.786152
0.797564
0.7772206
0.7930499
0.786246
0.7189109
0.7915664
0.7863
0.796244
0.7952428
0.7813457
0.7834788
0.7902477
0.795014
0.7879798
0.7986699
0.7895592
0.7854807
0.7974888
0.7965325
0.7999859
0.7910966
0.7883782
0.7907322
0.7957907
0.7956436
0.7995377
0.7945904
0.8008002
0.783826
0.7836432
0.7900615
0.7882077
0.793152
0.785613
0.795485
0.7954385
0.7884425
0.8023923
0.7901007
0.7990757
0.7811019
0.7821923
0.781893
0.7815317
0.8123614
0.8102443
0.8105219
0.8090707
0.8110672
0.8094544
0.8117851
0.810109
0.810102
0.8120712
0.7963468
0.8006832
0.8019768
0.7997768
0.8003349
0.7986334
0.7971794
0.7957072
0.7971106
0.7988983
0.7973331
0.797531
0.7959897
0.7969263
0.8120973
0.7929921
0.797285
0.814246
0.6380707
0.8110544
0.7990651
0.8093472
0.8185245
0.8205325
0.8128901
0.8115025
0.805456
0.8115205
0.8101559
0.8125307
0.8109747
0.8191877
0.8204914
0.8129218
0.8087305
0.8122329
0.8155333
0.8239203
0.8160072
0.8166783
0.7997454
0.7988823
0.8025851
0.805498
0.8062705
0.7969653
0.806608
0.790719
0.8065594
0.8029141
0.7101992
0.803116
0.799498
0.8167036
0.8034666
0.8022745
0.7962613
0.8070471
0.7996094
0.795218
0.8046392
0.8042026
0.7980918
0.8072147
0.8105424
0.8080513
0.805183
0.7985814
0.8009512
0.8046584
0.8014269
0.8060013
0.8051921
0.8108258
0.8060792
0.7967257
0.8071979
0.8075183
0.7974382
0.7972566
0.8072851
0.8075453
0.8004469
0.8094842
0.8011069
0.8198663
0.7988186
0.8008637
0.8000697
0.8001394
0.802184
0.8002804
0.8016529
0.7999299
0.8011332
0.8015817
0.8014289
0.8029105
0.8015679
0.8042339
0.8035814
0.8045521
0.8059204
0.8058124
0.8051225
0.7962211
0.7967821
0.7947154
0.7959555
0.7985049
0.7972727
0.7983105
0.7960112
0.7963598
0.8043448
0.8000979
0.8075052
0.8124782
0.6336517
0.8054989
0.7962739
0.813216
0.8128556
0.8180288
0.816928
0.8074341
0.805493
0.8100531
0.8119556
0.8142437
0.8121956
0.8172557
0.8112704
0.8146403
0.8060828
0.8173433
0.8239403
0.8198957
0.8240055
0.8139144
0.7986672
0.7986534
0.8016851
0.8035479
0.8047508
0.7998331
0.807639
0.7924408
0.800911
0.8026123
0.707942
0.8012196
0.7991059
0.8128911
0.8023264
0.8008816
0.788467
0.8120143
0.8063911
0.7931983
0.8078257
0.8022339
0.8001403
0.8043463
0.8063525
0.809006
0.8098822
0.8040753
0.7989615
0.8121454
0.8026316
0.8064539
0.8080688
0.8109536
0.8016922
0.7979329
0.8118675
0.8065597
0.8035851
0.798964
0.8079068
0.8074193
0.8043221
0.8142205
0.8024813
0.8120523
0.7956592
0.7966114
0.7960642
0.7963871
0.7986808
0.7985405
0.7985682
0.797599
0.79965
0.797487
0.7999439
0.7998317
0.7991588
0.801414
0.7952171
0.799483
0.7998604
0.7991614
0.7990491
0.7989392
0.7969799
0.7955898
0.7969951
0.7971055
0.7974701
0.7976681
0.796462
0.7963054
0.8002662
0.7960028
0.7977591
0.8124173
0.6229987
0.8074521
0.7960475
0.8058171
0.8137104
0.8112968
0.8121267
0.8045879
0.8040031
0.815858
0.8078766
0.8100127
0.8041193
0.8177734
0.8153695
0.8078745
0.8017132
0.8209859
0.8222468
0.8204879
0.8172335
0.8218559
0.7938247
0.7953545
0.796004
0.8022466
0.8062504
0.7944976
0.8027689
0.7901663
0.8032856
0.7980237
0.6844077
0.8007429
0.7963611
0.8115085
0.8039449
0.7979671
0.7909744
0.7999434
0.7939381
0.7869852
0.8048662
0.800922
0.7939103
0.8036224
0.8034553
0.8084483
0.8031524
0.8030123
0.8045239
0.8051408
0.797696
0.8012288
0.7990282
0.8118839
0.8023889
0.7962702
0.8026812
0.8031617
0.7978284
0.7941838
0.8049326
0.8004338
0.8007548
0.8137492
0.8038488
0.8098185
0.7962769
0.7975666
0.7966837
0.7966695
0.8003778
0.7978828
0.7985001
0.7973636
0.8007542
0.7974204
0.7993697
0.7985843
0.7995101
0.8027648
0.7931252
0.7979883
0.798786
0.798422
0.7988967
0.793743
0.7929537
0.7913861
0.7917864
0.7930793
0.7925163
0.7933954
0.7918419
0.7915965
0.7997761
0.7905177
0.7965141
0.8081006
0.6340625
0.7998026
0.7939273
0.8044807
0.8126227
0.8063353
0.8118729
0.8064516
0.7976654
0.8117547
0.8103896
0.8112639
0.8024288
0.813353
0.8044153
0.8096413
0.8024866
0.8097979
0.8141962
0.8108997
0.8097002
0.8140949
0.7995617
0.7967411
0.806111
0.7964239
0.799105
0.7910636
0.8060963
0.7983441
0.7965745
0.7930574
0.7007767
0.8020972
0.800738
0.8075288
0.8005183
0.8020928
0.7959955
0.8052706
0.7988418
0.7895889
0.8002091
0.8031885
0.7875336
0.8058738
0.8034642
0.804038
0.8063346
0.7985677
0.8057799
0.8026214
0.8045889
0.8028267
0.8047586
0.8089911
0.7995525
0.8011757
0.8078445
0.80049
0.7956552
0.7969909
0.8086793
0.8064516
0.8049374
0.8030799
0.8013444
0.8128196
0.7967989
0.7982554
0.7972907
0.7972765
0.8012749
0.7986945
0.8023378
0.7993548
0.8029054
0.8016795
0.8012749
0.8015829
0.8009943
0.8016523
0.7904487
0.7943282
0.7946272
0.7946811
0.7933797
0.7889476
0.7878083
0.7884466
0.7879983
0.7903214
0.7894144
0.7903872
0.7871995
0.7880603
0.8027696
0.7914936
0.7941962
0.8059994
0.6159093
0.7973097
0.7900079
0.8053856
0.8048091
0.8136309
0.800738
0.8022001
0.7992497
0.8096452
0.8054241
0.8055497
0.8012108
0.8100792
0.8030421
0.7976607
0.7966716
0.8092022
0.8145257
0.8064584
0.8101071
0.8087532
0.7929487
0.7899208
0.7994893
0.7985667
0.8005649
0.7896619
0.7994137
0.7801327
0.7939953
0.7941197
0.6818182
0.7926872
0.791693
0.8088461
0.8004912
0.7874071
0.7895071
0.8006079
0.7863399
0.7873954
0.8008513
0.7935738
0.7932981
0.7899485
0.8013459
0.8064403
0.8028041
0.7959961
0.7967805
0.7981859
0.7914812
0.8004613
0.7908362
0.8046531
0.7885771
0.7862568
0.7955168
0.8002946
0.7945186
0.788035
0.801318
0.8009237
0.7979678
0.8087959
0.7912274
0.807375
0.7925558
0.7940929
0.7936285
0.793614
0.8051132
0.8022963
0.8039997
0.802114
0.8053134
0.8026721
0.8045286
0.8040833
0.8021555
0.8041518
0.7916227
0.7966779
0.7976482
0.7977874
0.796156
0.7950389
0.7946723
0.7945446
0.7951107
0.7954737
0.7959241
0.7968816
0.7939836
0.7938246
0.8037612
0.793346
0.7952806
0.8050663
0.6108457
0.8012001
0.7924071
0.8025945
0.8074126
0.8085031
0.809262
0.8011654
0.8056632
0.805828
0.8006668
0.8021534
0.7928536
0.8081309
0.8055654
0.7954107
0.8004965
0.8119514
0.8239485
0.8077058
0.8084286
0.8120042
0.8012172
0.7915419
0.7958007
0.794019
0.7971525
0.7946335
0.8002372
0.7894439
0.7972013
0.7954593
0.6828596
0.7974256
0.7933722
0.8056683
0.7974381
0.788588
0.788634
0.7995754
0.7978723
0.7878917
0.7925775
0.7995521
0.7856534
0.7968027
0.8058544
0.8074291
0.8010254
0.8002951
0.7976107
0.806463
0.7952096
0.8040432
0.8001831
0.8063098
0.7968958
0.7944558
0.7993834
0.8066453
0.7960258
0.7908354
0.8034864
0.7991447
0.7961806
0.8005319
0.7958119
0.804666
0.7963299
0.7975366
0.7968214
0.7968072
0.7968354
0.7949151
0.7965529
0.7946479
0.7960374
0.797077
0.7968354
0.7968915
0.795285
0.7985677
0.7909859
0.7969735
0.7977748
0.7964819
0.7961145
0.7907614
0.7896256
0.7882162
0.7890477
0.7899219
0.7917369
0.7906683
0.7882502
0.7886838
0.7971605
0.7872491
0.7963379
0.8083677
0.6077242
0.7991232
0.7943439
0.8049947
0.8023816
0.8124075
0.8102246
0.7996728
0.7994478
0.8147129
0.7980667
0.7991338
0.800727
0.8089307
0.8085511
0.8036627
0.7988355
0.8116573
0.8176888
0.8145793
0.8205413
0.8163636
0.7921152
0.7929635
0.7927517
0.7947357
0.7966957
0.7898576
0.8027012
0.7888023
0.7962285
0.7910848
0.6828315
0.7925434
0.7940083
0.7999156
0.7975654
0.7893175
0.7858507
0.7980871
0.7955549
0.7886236
0.7948232
0.8001818
0.7973135
0.7995384
0.7985945
0.8081351
0.79523
0.7929596
0.7946045
0.7962516
0.7937236
0.7986417
0.8003097
0.8121528
0.7955855
0.7956883
0.800434
0.7977078
0.7927636
0.7907944
0.8004211
0.79767
0.7894254
0.8038381
0.7945805
0.8074889
0.7903814
0.7922553
0.7914499
0.7915202
0.8002666
0.7991996
0.7991432
0.7962285
0.8011479
0.7999158
0.7986653
0.8004069
0.7993123
0.8019053
0.7962963
0.7993005
0.800014
0.7993145
0.7992862
0.7907288
0.7919741
0.7906551
0.7909724
0.7943879
0.7939092
0.7946185
0.7917077
0.7912915
0.8028553
0.8029594
0.8001819
0.8161335
0.6254729
0.8044228
0.7987645
0.8084076
0.8076814
0.8146427
0.8177809
0.8024569
0.8048368
0.8163625
0.8025505
0.8082481
0.8119658
0.8156987
0.8108735
0.8104787
0.8071116
0.8118854
0.818245
0.8190178
0.8183083
0.8099325
0.8014014
0.8049383
0.8029724
0.8003198
0.8016392
0.8051687
0.8109566
0.7916814
0.8056991
0.8055497
0.6930565
0.805173
0.7982794
0.8081034
0.8071094
0.8040776
0.796886
0.8083626
0.796369
0.8025081
0.8099099
0.8063348
0.7984676
0.800014
0.8126737
0.8136594
0.808157
0.801657
0.804097
0.8065629
0.8024795
0.8042251
0.8047429
0.8132852
0.7973315
0.7970994
0.809494
0.8025643
0.7958696
0.8049205
0.809006
0.8123179
0.7991453
0.8089677
0.7987899
0.8120739
0.7986904
0.7993989
0.7991892
0.7991752
0.8046635
0.8037723
0.803132
0.8021678
0.8051143
0.8038956
0.8048304
0.8053869
0.8037984
0.8049546
0.7985315
0.8028561
0.8020623
0.8025362
0.8000838
0.7891664
0.7885401
0.7870436
0.7883885
0.7895181
0.7892071
0.7894145
0.7873345
0.7881947
0.8057318
0.7918807
0.8023994
0.8009145
0.6042366
0.8012554
0.7956485
0.8040802
0.8072935
0.8114072
0.8151496
0.810007
0.7989527
0.8147156
0.806811
0.8082799
0.8064356
0.8161372
0.809229
0.805707
0.7960316
0.8075623
0.8131539
0.8082567
0.8164359
0.8148744
0.8053266
0.7999009
0.8024185
0.8001111
0.8009361
0.7917425
0.8032958
0.7930134
0.7996214
0.7939956
0.6856619
0.7968926
0.7972312
0.8097129
0.8031353
0.8001819
0.7883598
0.806803
0.7973417
0.7941943
0.8026462
0.7996924
0.7928335
0.8019809
0.8063211
0.8118702
0.8067737
0.8053827
0.8012879
0.8076031
0.7928919
0.8028444
0.8029335
0.8163463
0.8011606
0.7969761
0.8032936
0.7997475
0.7958325
0.7942974
0.8002665
0.8043099
0.8017037
0.8026803
0.7928965
0.8064038
0.7987338
0.800279
0.7999023
0.7998884
0.8053752
0.8048184
0.804012
0.8029646
0.8050753
0.8026012
0.8052084
0.8065146
0.8045937
0.8066653
0.7920653
0.7966933
0.7974949
0.7963703
0.7955805
0.7918393
0.7908759
0.7893848
0.7903838
0.7922753
0.7909462
0.7907271
0.7884805
0.7897663
0.8063594
0.7918339
0.7957193
0.8094206
0.6222468
0.7981606
0.7945742
0.804461
0.8128688
0.8065727
0.8117837
0.8016048
0.8024709
0.8125044
0.807025
0.8084102
0.8109502
0.812597
0.8104479
0.7985176
0.8013602
0.8164464
0.8172462
0.8152106
0.8185419
0.8106779
0.7949228
0.7968772
0.8042388
0.7975627
0.7982468
0.790595
0.7992461
0.7950941
0.7970475
0.8012865
0.6897524
0.7994666
0.7933043
0.8112511
0.8029274
0.7957563
0.7887384
0.7998444
0.797719
0.7944037
0.8027727
0.7990622
0.7897977
0.7985863
0.8098552
0.8105117
0.8095636
0.8011511
0.7982167
0.8088215
0.7951408
0.7990344
0.8059952
0.8084825
0.7991031
0.7986228
0.8008255
0.8016396
0.7907796
0.7932344
0.7991291
0.800504
0.8027501
0.8103664
0.7950635
0.8135653
0.7910333
0.7927377
0.7921877
0.7925125
0.7931887
0.7902266
0.7920498
0.7904721
0.7918785
0.7919847
0.7933592
0.7937562
0.7917992
0.7935734
0.7886776
0.7954609
0.7966042
0.7941197
0.7942584
0.783305
0.782843
0.7816736
0.7835541
0.7846067
0.7848952
0.7831291
0.7826611
0.7830095
0.795134
0.7846601
0.7908224
0.8054658
0.6121425
0.7918626
0.7819191
0.7956821
0.8012934
0.7973253
0.8000996
0.7887243
0.7893307
0.8001716
0.7973926
0.7991465
0.794892
0.8042132
0.8032601
0.7917415
0.7903295
0.8042894
0.8118569
0.8113724
0.8080787
0.8113261
0.7920297
0.7909818
0.7937018
0.7911055
0.7959537
0.7870423
0.7961716
0.7782154
0.7827667
0.7822219
0.6776579
0.7956966
0.7815096
0.7970493
0.7909284
0.7876834
0.7822162
0.78994
0.7896965
0.7869831
0.7933024
0.7865089
0.7808327
0.7876601
0.787769
0.7926372
0.7913919
0.7899631
0.7850082
0.7857245
0.7895371
0.790852
0.7935191
0.8020205
0.7829954
0.7860141
0.7899279
0.792701
0.7853139
0.7811544
0.79314
0.7972574
0.7867621
0.7986521
0.7850527
0.8004832
0.7924145
0.7931908
0.792725
0.7927953
0.8047909
0.8017132
0.8029187
0.8021191
0.8033189
0.8036015
0.8035339
0.8032545
0.8043417
0.8042458
0.7949187
0.7976834
0.7987382
0.7987937
0.797246
0.7938405
0.7925378
0.7903647
0.7905977
0.792834
0.7947294
0.7924727
0.790227
0.7925352
0.8045244
0.7923077
0.7976391
0.8107673
0.6184806
0.8050931
0.7948883
0.8009908
0.8019197
0.8099589
0.8060791
0.8075397
0.7964136
0.8047354
0.8062712
0.8049593
0.7996567
0.8149665
0.8138096
0.8101508
0.8052546
0.8078689
0.8172815
0.8148252
0.8146154
0.8181054
0.7941197
0.798991
0.7974206
0.7952701
0.7931322
0.7937754
0.8057509
0.7804965
0.8005764
0.798158
0.6910923
0.7990282
0.7939501
0.8030793
0.8067768
0.8018087
0.7853392
0.8116308
0.8013152
0.7855312
0.8038531
0.8038311
0.7960754
0.7970485
0.8044454
0.8037633
0.8016186
0.7981794
0.7989586
0.8016582
0.7930669
0.8017084
0.7998447
0.8094906
0.7950219
0.7884451
0.8077567
0.8016302
0.7938086
0.7884152
0.8060088
0.8012488
0.795493
0.8089731
0.7934136
0.8066228
0.7937899
0.7951638
0.7944444
0.7942604
0.8002111
0.7971924
0.7985764
0.7984502
0.7986492
0.7986761
0.7994507
0.7999296
0.7985774
0.8009282
0.7961438
0.7995791
0.8007985
0.7984131
0.7986374
0.7919222
0.7927439
0.7932103
0.7937803
0.7944839
0.7947672
0.7964912
0.7930719
0.7923158
0.8008719
0.7910627
0.7990306
0.8075599
0.6090713
0.7944152
0.7918189
0.8056026
0.8083239
0.810263
0.8131961
0.8024076
0.7982506
0.8130006
0.804371
0.8077114
0.7989255
0.8053992
0.8144475
0.7994853
0.7984032
0.8156213
0.8158502
0.8114627
0.8147526
0.8132564
0.792087
0.7947474
0.8009671
0.7909053
0.7969346
0.7873466
0.7949655
0.7833107
0.7966401
0.7926769
0.6914382
0.7948228
0.7933925
0.8080723
0.8027139
0.7911652
0.7863175
0.8019984
0.7940969
0.7887554
0.7959069
0.7954481
0.7855616
0.8013036
0.8010416
0.805152
0.804273
0.7956685
0.7998452
0.801957
0.7946397
0.8076011
0.7994628
0.8071244
0.7949749
0.7878745
0.7966317
0.7947231
0.8012065
0.7850036
0.7972038
0.8026371
0.7981574
0.8016697
0.7979662
0.8157284
0.7906879
0.7912049
0.7906517
0.7906369
0.7917872
0.7881404
0.7910753
0.7889007
0.7890277
0.7888748
0.7905071
0.7901357
0.7905696
0.7920869
0.7898444
0.7944024
0.7923309
0.7939092
0.7927763
0.7855228
0.7871186
0.7861325
0.7867963
0.7875863
0.7886402
0.7886779
0.7858251
0.7876268
0.792031
0.7860172
0.793508
0.7919354
0.6178868
0.7925131
0.7803298
0.7963186
0.7955986
0.800185
0.7998723
0.7930246
0.7930029
0.7951289
0.7968295
0.7987511
0.7947617
0.8015083
0.7992056
0.7978193
0.7887394
0.8020229
0.8144201
0.8066081
0.8038954
0.8034327
0.7881949
0.7860159
0.7979418
0.7864016
0.7908107
0.7843717
0.7913917
0.783082
0.7862915
0.7860024
0.6901119
0.7849638
0.7834818
0.7937729
0.7894402
0.7824081
0.7727208
0.793177
0.7867626
0.773662
0.7820667
0.7804532
0.7825592
0.7861786
0.7890304
0.7913191
0.7957012
0.7887314
0.7905663
0.7907225
0.7850401
0.7950607
0.7898844
0.7992706
0.788399
0.7865957
0.7917723
0.7945341
0.7898336
0.7815782
0.788057
0.7905057
0.7896481
0.7932757
0.7850341
0.7982961
0.7835306
0.7853965
0.7846697
0.7846545
0.8098621
0.8098886
0.8100014
0.8081294
0.8092256
0.809842
0.8101936
0.8103328
0.8100772
0.8113089
0.8004058
0.8009648
0.8026793
0.8013139
0.7991875
0.79478
0.7939896
0.7937768
0.7947675
0.7969877
0.796679
0.7975516
0.7939773
0.7952568
0.8110872
0.7979097
0.8051876
0.8174487
0.6311366
0.8035689
0.8024936
0.8135664
0.8116197
0.8132186
0.8172834
0.8071914
0.7994046
0.8130127
0.8085362
0.8147628
0.8135545
0.8174464
0.8171953
0.8154117
0.807524
0.8116299
0.822669
0.8138086
0.8226522
0.8197305
0.797641
0.7989925
0.8072689
0.8057903
0.8059886
0.8040808
0.809055
0.7961774
0.8037665
0.8005185
0.692255
0.8019781
0.8054551
0.8100921
0.8039243
0.803816
0.79127
0.8060879
0.8036536
0.8014035
0.8022615
0.8069907
0.7939557
0.8027657
0.8134121
0.8088523
0.8155994
0.7995354
0.8029974
0.8120791
0.8007862
0.803797
0.806576
0.8155851
0.7970617
0.7990293
0.8058327
0.8088163
0.7997337
0.7992992
0.8062509
0.7983848
0.8099771
0.8081314
0.8034086
0.8067821
0.7997632
0.8008105
0.8011034
0.800922
0.7972062
0.7963054
0.796079
0.7960388
0.7977583
0.7952501
0.7966149
0.7958251
0.7975172
0.7981767
0.7876181
0.7918511
0.7912188
0.7918657
0.7900479
0.7888483
0.786429
0.7884331
0.7879854
0.7885184
0.7894848
0.7887561
0.786846
0.7875352
0.798205
0.7847242
0.7903555
0.8020226
0.5974797
0.7932747
0.7802403
0.8000423
0.7990064
0.8054376
0.80747
0.8001278
0.7934219
0.8042768
0.8013306
0.7994188
0.7999858
0.8077658
0.8042772
0.7958339
0.7915835
0.8104997
0.8090909
0.8021296
0.8082336
0.8108032
0.7898303
0.7806034
0.7969903
0.7888616
0.7930629
0.7851368
0.793246
0.776817
0.7846503
0.7871123
0.6743398
0.7867668
0.7811526
0.7999438
0.7910574
0.7886787
0.7813386
0.7982884
0.7876973
0.7804756
0.7869581
0.792027
0.7826427
0.7876287
0.7935457
0.7967508
0.797891
0.7899243
0.7920073
0.7883847
0.780625
0.7966529
0.78919
0.7991729
0.7877075
0.7808873
0.7934622
0.7918019
0.7935661
0.7835599
0.7913872
0.7928803
0.7917693
0.7999301
0.7858055
0.799135
0.7894921
0.790683
0.7900471
0.7899473
0.7983501
0.7964271
0.7978131
0.795904
0.7972097
0.7974898
0.7983501
0.7989992
0.7978146
0.7989008
0.7964814
0.8010093
0.8024769
0.8028691
0.8000702
0.788588
0.7886438
0.7875699
0.7891762
0.7911638
0.7909373
0.7917401
0.7890608
0.789068
0.8005347
0.7905463
0.8014727
0.8071434
0.6221165
0.7977544
0.7889519
0.8087997
0.8044328
0.8105196
0.8046875
0.798556
0.7983355
0.8058072
0.8015653
0.7999003
0.7990112
0.8115829
0.8055437
0.8032506
0.7895984
0.8027559
0.8156901
0.8077764
0.8120132
0.8027269
0.7961338
0.7925905
0.8013085
0.7947999
0.7965996
0.7834796
0.7973324
0.7875507
0.7984206
0.79506
0.6921961
0.7976283
0.7952579
0.8012689
0.801366
0.7958521
0.7806861
0.8025934
0.7901732
0.7912439
0.8000421
0.7940865
0.7906432
0.7915606
0.7982499
0.8017885
0.8024222
0.7975399
0.7956055
0.8055163
0.7911316
0.8016685
0.8016657
0.8091278
0.7945476
0.791912
0.8014463
0.7982079
0.7997752
0.7862926
0.8040455
0.7973221
0.7949351
0.805777
0.7972858
0.8131473
0.7911099
0.7927362
0.7924395
0.7922545
0.6753359
0.6696386
0.6730951
0.6745776
0.6749843
0.6731162
0.6765837
0.6774674
0.6727773
0.6760364
0.6434127
0.6502353
0.6484394
0.6487544
0.6480978
0.6429944
0.6446737
0.6430688
0.6435715
0.6468615
0.6482131
0.650004
0.6447074
0.6446116
0.6745264
0.6569227
0.6468988
0.7943966
0.7822701
0.6391803
0.6192763
0.6500242
0.6576889
0.659559
0.6478759
0.6469966
0.680278
0.6595142
0.6646361
0.6638602
0.6685141
0.651732
0.6635926
0.6654879
0.6368395
0.7896036
0.80627
0.794648
0.7977601
0.8034728
0.6296996
0.5454704
0.643781
0.6567977
0.6691747
0.6563142
0.6755236
0.6395217
0.6543742
0.6437003
0.8002408
0.649082
0.6430345
0.6664552
0.661021
0.6601603
0.6205546
0.6509282
0.7041488
0.6311129
0.6646423
0.6521288
0.632557
0.6466352
0.646364
0.6503368
0.6500842
0.6546734
0.653115
0.6783228
0.6665348
0.6909499
0.6381771
0.6614517
0.6476572
0.6529111
0.6663244
0.6431793
0.6905315
0.6253862
0.6594509
0.6632354
0.6454793
0.6676921
0.6570927
0.6568043
0.675185
0.6742602
0.6735061
0.673896
0.6893945
0.6871927
0.6871975
0.6860846
0.6906575
0.6886396
0.6915357
0.6894483
0.6882064
0.6891608
0.6544962
0.6597332
0.6579533
0.659973
0.6569837
0.6544919
0.6588133
0.6555317
0.6569795
0.6599017
0.6616529
0.66171
0.658523
0.6579052
0.6900257
0.6664558
0.6608178
0.8036301
0.7882768
0.6565266
0.5398929
0.6638124
0.6535312
0.6651617
0.6628553
0.6602844
0.6830213
0.6611269
0.6776991
0.6745076
0.6792588
0.6618397
0.6611098
0.670946
0.6343026
0.7988734
0.8085258
0.7970994
0.7967445
0.8080533
0.6489534
0.6398302
0.6522972
0.6749161
0.6885535
0.6774521
0.6933539
0.667724
0.6877341
0.6704016
0.7985642
0.676378
0.6652713
0.6935534
0.6766189
0.6797806
0.6561529
0.6587033
0.6935097
0.6626094
0.6845016
0.6751767
0.6595168
0.6690069
0.6667196
0.6684903
0.6793611
0.6804497
0.6715888
0.6923499
0.6773382
0.681079
0.6526739
0.67817
0.677865
0.6802796
0.6855738
0.6629812
0.6788905
0.6495035
0.6789308
0.670928
0.6766876
0.6882298
0.6717292
0.68171
0.6721979
0.6728201
0.6706003
0.6708881
0.6867405
0.6834264
0.686692
0.6868085
0.687191
0.6850747
0.6864354
0.6882153
0.6859664
0.6875242
0.6597654
0.6669015
0.6650474
0.6678661
0.6647317
0.6544651
0.6543044
0.6533723
0.6546014
0.6579299
0.6585116
0.6596246
0.6555013
0.6549901
0.687471
0.6582288
0.6609476
0.798107
0.7993478
0.6686957
0.634055
0.6597708
0.660403
0.665788
0.6750237
0.651024
0.6933955
0.6649038
0.674231
0.6714727
0.6938072
0.6590599
0.6708931
0.6716216
0.644387
0.8013288
0.8162735
0.8074878
0.808133
0.8058204
0.6573963
0.6474849
0.6456534
0.6860081
0.6936058
0.670655
0.6844338
0.682705
0.6831483
0.6661697
0.8139955
0.6845861
0.6843161
0.6952131
0.683908
0.6726293
0.666745
0.6671421
0.6876204
0.680414
0.6842227
0.6774469
0.6561534
0.6764134
0.6762708
0.67976
0.6821048
0.6781421
0.682658
0.6826765
0.6901931
0.6879482
0.6709916
0.6818464
0.6626525
0.6953744
0.6767889
0.6747948
0.6949816
0.6606834
0.692456
0.6902321
0.6742029
0.6931652
0.6780865
0.6834171
0.6896156
0.690789
0.6880388
0.6884186
0.7069971
0.7041593
0.7031707
0.7033761
0.7075038
0.7055573
0.7065009
0.7038689
0.7043411
0.705078
0.6729441
0.6789535
0.6749393
0.6786691
0.6762956
0.6864873
0.6891829
0.6870785
0.6875242
0.6892122
0.6915888
0.6928296
0.6909231
0.6874128
0.7057198
0.6960346
0.681052
0.8121504
0.7904032
0.6594005
0.659186
0.6914594
0.6832318
0.6951392
0.6853125
0.6854679
0.7026796
0.6896033
0.6934965
0.6935686
0.7007213
0.6783351
0.6845389
0.6927621
0.6769377
0.8053903
0.8197322
0.8020796
0.8102345
0.8107298
0.668555
0.6514784
0.6877165
0.6929757
0.6996967
0.6752143
0.7015635
0.6400065
0.666139
0.6828926
0.8016839
0.6704554
0.6686846
0.685482
0.6773788
0.6792896
0.6680848
0.6686056
0.7077734
0.6468793
0.6777344
0.6845956
0.6592646
0.6756227
0.6603023
0.6702229
0.6747045
0.6767367
0.6721544
0.7001868
0.6857254
0.7028624
0.6529728
0.6787171
0.6687175
0.6581128
0.6941286
0.6778397
0.7052422
0.6652713
0.6715582
0.6792925
0.6731857
0.6960383
0.6756395
0.6934181
0.6970719
0.6972682
0.6955316
0.69591
0.6854657
0.6831622
0.6856211
0.6838996
0.6881579
0.6791732
0.6849549
0.6894896
0.6815138
0.686661
0.6581588
0.6624931
0.6610463
0.6656716
0.66009
0.6660394
0.6694305
0.6668496
0.6673193
0.6716395
0.6730379
0.6719457
0.6703915
0.6677114
0.6864038
0.673104
0.662094
0.8113887
0.7978131
0.6705975
0.6490718
0.6629526
0.6742046
0.6653581
0.6646687
0.6689534
0.694786
0.6533225
0.6669589
0.6611703
0.6865577
0.6655977
0.6775239
0.6732208
0.660394
0.8098286
0.8291443
0.8097637
0.8138452
0.8191182
0.6679386
0.6462321
0.6638723
0.6742236
0.6850947
0.6773619
0.6987685
0.6734422
0.6862578
0.667636
0.8105197
0.686573
0.669536
0.700808
0.6799438
0.6924086
0.6631753
0.6747235
0.7012153
0.679316
0.6828399
0.6945684
0.6658779
0.6804508
0.6804277
0.6791745
0.6807031
0.6920932
0.667349
0.6896148
0.6825014
0.6866827
0.6705836
0.6887304
0.6870933
0.6874466
0.6901082
0.6794722
0.6905203
0.6648832
0.6967548
0.6901909
0.6861348
0.7016388
0.6836774
0.6918023
0.6796379
0.6804844
0.6779938
0.6783798
0.7019949
0.7007401
0.6995446
0.7002544
0.7008159
0.7010476
0.7010945
0.7034472
0.6998227
0.7026632
0.6743749
0.6798564
0.6780191
0.6817332
0.6774093
0.6769231
0.6782147
0.6770036
0.6763259
0.6791702
0.6781896
0.6822386
0.677102
0.6755827
0.7023095
0.6888285
0.679378
0.8032389
0.7920883
0.6344191
0.6449882
0.679141
0.6691994
0.6811099
0.6613837
0.6604321
0.7018498
0.6862496
0.6741242
0.6760989
0.6929084
0.6691826
0.6727751
0.6721338
0.6641809
0.8055476
0.8153781
0.8070276
0.8092054
0.8157016
0.6690596
0.6302011
0.6761201
0.6933538
0.7093618
0.6773541
0.70709
0.6390977
0.6648443
0.6238181
0.80942
0.6619797
0.6549094
0.6874073
0.664233
0.6852313
0.6427138
0.6680485
0.7057744
0.636555
0.6525478
0.6789149
0.6360029
0.6338586
0.6591018
0.6518708
0.6606403
0.6642046
0.6589227
0.6910958
0.6719218
0.6935147
0.6340928
0.6839556
0.6652167
0.6548694
0.6974304
0.653717
0.6897541
0.6477273
0.6681696
0.6697935
0.6578738
0.6944015
0.6533536
0.6849337
0.6905239
0.6896819
0.6889422
0.6893241
0.7936071
0.7921023
0.7911039
0.7918344
0.7943392
0.7928309
0.7947127
0.7936631
0.7934974
0.7944162
0.7905534
0.7930792
0.7932949
0.7928391
0.7912762
0.7904145
0.7896183
0.7877804
0.7886133
0.7916169
0.7906257
0.7908318
0.7879856
0.7902113
0.7945302
0.7888677
0.7959972
0.8033467
0.6063464
0.7954578
0.7930493
0.8006076
0.7996588
0.8172557
0.8088889
0.8068922
0.8018241
0.8084155
0.805204
0.8056674
0.8057528
0.8147287
0.8084731
0.7989731
0.7990907
0.8066337
0.8225348
0.8093432
0.818833
0.8132192
0.8005809
0.7940758
0.8041018
0.7922851
0.7954435
0.7978664
0.8071904
0.7928183
0.8001965
0.7963457
0.6866687
0.7928793
0.7955263
0.8057967
0.8068055
0.7979784
0.7906354
0.8039368
0.7927567
0.7911007
0.7983623
0.7992575
0.7916991
0.7980237
0.804395
0.8132777
0.8013208
0.8004218
0.7975671
0.8
0.7950797
0.8019145
0.7997181
0.8110872
0.7996354
0.7977196
0.8044541
0.7973677
0.7969956
0.7919808
0.7983116
0.7936866
0.7980783
0.8025028
0.7897909
0.8108507
0.7908836
0.79174
0.7912738
0.7913441
0.8009777
0.7981523
0.7985163
0.7986432
0.7995951
0.8006283
0.7998882
0.8001118
0.7995248
0.7998463
0.7899284
0.7939674
0.7950241
0.7945723
0.7929367
0.7873252
0.7878064
0.7874209
0.7877405
0.7889528
0.7884723
0.7885101
0.7866029
0.7871204
0.7997904
0.7884182
0.793159
0.8083519
0.5907115
0.7931889
0.7892223
0.8004503
0.7999292
0.8004966
0.8053403
0.7955903
0.801746
0.8022158
0.7918417
0.7936891
0.7981782
0.8033437
0.8018069
0.7965137
0.7910703
0.8155252
0.8162458
0.8125567
0.8204011
0.8171437
0.7912994
0.785852
0.7975786
0.795355
0.7970525
0.7856642
0.7928237
0.7849957
0.7892102
0.7950263
0.6840058
0.7921593
0.7893038
0.8012735
0.7941218
0.7930236
0.7836005
0.7956426
0.7965936
0.7870521
0.7942657
0.7881177
0.7875662
0.7970387
0.799034
0.8069589
0.7980499
0.7925738
0.7911593
0.8021259
0.7878831
0.801253
0.7945736
0.8074198
0.7848057
0.7912204
0.800781
0.7875362
0.7967701
0.7763167
0.7889163
0.7950802
0.7911779
0.8040047
0.7949529
0.8036092
0.7866153
0.7876274
0.7879278
0.7877425
0.7947924
0.7927826
0.7933197
0.7933657
0.7939108
0.792999
0.7957246
0.7956959
0.7945976
0.7936474
0.7908957
0.7953606
0.7952364
0.7963028
0.7944148
0.7932992
0.7911517
0.7925495
0.7922715
0.7928882
0.7924091
0.7938808
0.7914795
0.792082
0.7951189
0.7938904
0.7937065
0.8067609
0.6067012
0.8002964
0.7889921
0.8038829
0.8077682
0.8105382
0.8098656
0.8048401
0.8055165
0.8090619
0.8066131
0.8023486
0.8099477
0.8174352
0.8125394
0.7997297
0.8012884
0.8180994
0.825652
0.8115638
0.8165693
0.8120179
0.7969925
0.7898566
0.8027283
0.794895
0.7961863
0.7867931
0.8000139
0.7862211
0.7983299
0.7962534
0.6847535
0.7961882
0.7855731
0.804687
0.8006731
0.7906796
0.7858506
0.797394
0.8010876
0.7933174
0.8017836
0.7957924
0.7906747
0.7940475
0.794944
0.8085284
0.7979322
0.7974532
0.8
0.8021877
0.7936307
0.8031496
0.7978439
0.8049972
0.7889422
0.7920226
0.792737
0.7964278
0.7982499
0.790193
0.7977939
0.7976583
0.7962132
0.8109494
0.7961842
0.8081391
0.7981211
0.7997488
0.7993719
0.7992741
0.7986096
0.798216
0.7999298
0.7982025
0.800336
0.7981748
0.7981033
0.8009392
0.798498
0.8013449
0.7971695
0.7992448
0.8000419
0.8002655
0.8002376
0.7943218
0.7923455
0.7902624
0.7927018
0.7930647
0.7938556
0.7935506
0.7908056
0.7931059
0.8018762
0.794407
0.801467
0.8146705
0.6076131
0.8000565
0.7897748
0.8035639
0.8025514
0.8085437
0.812065
0.7997581
0.7930396
0.8073101
0.7986644
0.8004114
0.8027748
0.8118735
0.8090544
0.8056126
0.7929214
0.8168916
0.815465
0.8181311
0.8132942
0.8134595
0.7935773
0.7957081
0.8011335
0.7980923
0.8022432
0.784572
0.7990223
0.7831969
0.7923196
0.7925326
0.6900571
0.7944162
0.7949383
0.8076278
0.8027044
0.7917078
0.7888497
0.7990231
0.8016881
0.7900807
0.792027
0.7988377
0.7870771
0.8017175
0.8022979
0.8034601
0.7993812
0.7983956
0.7946045
0.8015267
0.7977086
0.7973787
0.7979406
0.8076816
0.7903989
0.7898053
0.7956286
0.801416
0.7911468
0.7918163
0.8031088
0.8002801
0.7940225
0.805422
0.7824661
0.8042003
0.7939326
0.7952187
0.7949239
0.7949095
0.800014
0.799621
0.7992275
0.7968212
0.7987937
0.7984834
0.8008555
0.8006593
0.7999018
0.8013175
0.7895034
0.7952551
0.7945388
0.794254
0.7942231
0.784573
0.7832519
0.7816532
0.7836175
0.7843248
0.7840113
0.783107
0.7825533
0.7837627
0.8009253
0.7819602
0.792919
0.8133278
0.6063609
0.7948317
0.786703
0.7939338
0.8037118
0.802929
0.8091948
0.7975045
0.7941239
0.8048242
0.8016166
0.8019984
0.7992432
0.8066255
0.8029595
0.7973156
0.7940086
0.8152143
0.8161872
0.8120664
0.8150938
0.8163437
0.7925134
0.7952493
0.7971839
0.7899719
0.7948327
0.7821328
0.7919888
0.7846318
0.7926287
0.7910521
0.6895684
0.79896
0.7894737
0.8030027
0.7974514
0.7937179
0.7829727
0.8002689
0.7919657
0.7897047
0.7954689
0.8035029
0.7841087
0.7952949
0.8002528
0.7959241
0.7989303
0.7945476
0.7955922
0.7979289
0.7912189
0.7992018
0.797572
0.8022278
0.7962325
0.7922528
0.7955137
0.7930085
0.791881
0.7847626
0.8004774
0.8036887
0.7925472
0.8049801
0.7920764
0.8019704
0.7922123
0.7933263
0.7926915
0.7926769
0.8045381
0.8031408
0.8041757
0.8015299
0.8050741
0.8016697
0.8046218
0.8049293
0.8029995
0.8044955
0.7971208
0.7995376
0.7995798
0.8003921
0.8003642
0.7948592
0.794407
0.7921566
0.794254
0.7952103
0.7954928
0.7948484
0.7925285
0.7933024
0.8058605
0.7851973
0.7997476
0.8100973
0.6309374
0.8000991
0.7910074
0.806731
0.804044
0.8051329
0.8107937
0.7976573
0.8002553
0.8101625
0.7987041
0.8009664
0.8016275
0.8084865
0.8053235
0.8087985
0.8004123
0.8182136
0.8199082
0.8168916
0.8168434
0.8156123
0.799858
0.7997587
0.7997298
0.8001393
0.8037744
0.7916608
0.8063304
0.7900227
0.794477
0.7976517
0.6915332
0.7966568
0.7902941
0.8044226
0.8012374
0.7959011
0.7917725
0.8012748
0.7962638
0.7918142
0.799916
0.8035789
0.7874352
0.8016795
0.8036052
0.8051038
0.8001831
0.7960568
0.7989589
0.8003829
0.7945186
0.7985965
0.7966174
0.8043158
0.8015283
0.7968254
0.8009818
0.7961329
0.7933004
0.7956656
0.806842
0.8033464
0.7974417
0.8068927
0.7940989
0.8082221
0.7877614
0.7888677
0.788399
0.7882128
0.8117024
0.8088215
0.8092675
0.8082221
0.8111459
0.8096069
0.8097101
0.8105146
0.809926
0.8117417
0.7987916
0.8004489
0.8029243
0.8024786
0.801024
0.7996496
0.7980209
0.7966268
0.7980358
0.7997477
0.799355
0.7983735
0.7969946
0.798189
0.8101089
0.7969586
0.802425
0.8106023
0.6039524
0.8011907
0.7918429
0.8075703
0.8116392
0.8170087
0.8115553
0.802096
0.7992179
0.8054108
0.8084625
0.809177
0.8059712
0.8143039
0.8128127
0.8034505
0.8044003
0.8134901
0.8142287
0.8153317
0.8185943
0.814794
0.7966767
0.797435
0.803125
0.7969351
0.8013689
0.7959498
0.8072423
0.7944468
0.8035953
0.801853
0.6898003
0.8004508
0.7960475
0.8141741
0.8076088
0.802722
0.7917432
0.8107138
0.7981033
0.7941801
0.8047639
0.8026491
0.792042
0.8065214
0.8076196
0.8108618
0.8051437
0.8044991
0.7983501
0.804954
0.7962832
0.8010243
0.7994059
0.8052322
0.8037855
0.800451
0.8074209
0.8093274
0.7949767
0.7938581
0.8018861
0.8051821
0.7997048
0.8040493
0.7941593
0.8125088
0.7987417
0.8007147
0.8001682
0.799986
0.8094507
0.8073965
0.8072592
0.8072971
0.8072331
0.8062666
0.8082029
0.8095072
0.8077541
0.8084096
0.8032443
0.8058869
0.8083345
0.8071483
0.806042
0.796955
0.7967577
0.7946843
0.7966886
0.7984018
0.7969967
0.7964366
0.7950537
0.7964185
0.8110933
0.798989
0.804097
0.8110076
0.6132015
0.8022919
0.8001849
0.8109114
0.8149712
0.8144854
0.8190423
0.8069367
0.8034678
0.8152051
0.8129005
0.8121037
0.8113796
0.8160457
0.8200266
0.8112353
0.8032926
0.8116371
0.8173573
0.8143188
0.8107805
0.81669
0.7981358
0.8022967
0.8094566
0.8053724
0.8065603
0.798729
0.8097188
0.7918026
0.8029197
0.8023549
0.6934218
0.8034812
0.7968125
0.8163861
0.8067657
0.8048968
0.7928602
0.8091114
0.8037298
0.7980966
0.8036737
0.8086514
0.7956344
0.807845
0.8114365
0.8133361
0.8044669
0.8019704
0.8016436
0.8089903
0.8008579
0.8047928
0.8040541
0.8140344
0.8015155
0.7981664
0.8113129
0.8069009
0.7999719
0.7978492
0.8093342
0.8082612
0.8007996
0.814992
0.7979955
0.8179906
0.7978196
0.7986116
0.7982327
0.7982185
0.7992703
0.7998878
0.7967091
0.7964148
0.7982192
0.7958796
0.7986803
0.7996633
0.797894
0.8003224
0.7923347
0.7988112
0.7999441
0.7984892
0.7972822
0.7928712
0.7922488
0.7905063
0.7927745
0.793476
0.7939279
0.7934539
0.7913886
0.7915671
0.7997616
0.797604
0.7969155
0.8086014
0.6152809
0.7970686
0.7956178
0.8063224
0.8081941
0.8088641
0.8130487
0.8041661
0.8003677
0.8187759
0.8001844
0.799631
0.8069181
0.8133634
0.812048
0.8058507
0.8047609
0.8133894
0.8207848
0.8162155
0.815509
0.8137743
0.7997167
0.7979153
0.8051811
0.7946391
0.7957673
0.7913719
0.7995115
0.7873306
0.7968926
0.7968421
0.6958368
0.8038462
0.7917077
0.8115125
0.8049497
0.7956861
0.7921621
0.8050979
0.8003351
0.7945881
0.8016177
0.7978142
0.7906681
0.7998602
0.804878
0.8027745
0.8008846
0.7932033
0.8005045
0.8057316
0.7978641
0.8033187
0.8005488
0.8108972
0.79498
0.7947417
0.7991594
0.796764
0.7965626
0.7979826
0.8046837
0.8046177
0.7920569
0.8107096
0.7976216
0.8161523
0.7927392
0.7937689
0.7931349
0.7931204
0.799888
0.7980661
0.7993559
0.7973787
0.8011863
0.7998741
0.8015651
0.8014536
0.8001119
0.8026105
0.7992046
0.8022681
0.8034734
0.8019485
0.8011704
0.7891854
0.7876231
0.7875783
0.7890044
0.7908951
0.7905002
0.7906211
0.7883791
0.7888967
0.8023037
0.7916403
0.8029786
0.8047739
0.5960026
0.8052067
0.7989807
0.8071724
0.8085391
0.8113035
0.8100457
0.8065472
0.802423
0.8087393
0.8078059
0.8096876
0.8088682
0.8170219
0.8160302
0.8065405
0.7988526
0.8021606
0.8183961
0.8065693
0.8100426
0.806093
0.7964288
0.8027762
0.8004667
0.7968576
0.7981266
0.7952915
0.8054459
0.7943846
0.800042
0.7963715
0.6903731
0.795207
0.7936152
0.8059587
0.8026279
0.7932706
0.7895737
0.8024222
0.797934
0.7962365
0.8082751
0.8011989
0.7960674
0.8040592
0.8057278
0.8106118
0.8012466
0.8036201
0.7972518
0.8097605
0.7902646
0.8002511
0.8091023
0.8101582
0.7971289
0.7992573
0.7998603
0.8092526
0.7956711
0.7932075
0.8042007
0.8097713
0.7970893
0.8096426
0.7937592
0.8157307
0.7963118
0.7970114
0.7968859
0.7967037
0.8014582
0.8016541
0.7999158
0.7997895
0.8026711
0.7997615
0.8018782
0.8025219
0.8018491
0.8026749
0.7925816
0.7980527
0.7994406
0.7990762
0.797195
0.7862137
0.7859262
0.7833015
0.7848307
0.7867382
0.7871965
0.7869789
0.7843706
0.7854921
0.8033728
0.7906468
0.7943741
0.8080263
0.6243491
0.8022443
0.7972406
0.7990661
0.8166398
0.8122354
0.8100507
0.8040009
0.7934496
0.8073864
0.8018861
0.8033704
0.8096283
0.8167171
0.8088795
0.8065339
0.8051039
0.8144019
0.8174415
0.8125832
0.8147812
0.8103679
0.7990353
0.7976571
0.8019697
0.7953911
0.7988399
0.7906846
0.8036895
0.7922914
0.7970586
0.7911491
0.7065201
0.8017532
0.7979565
0.8093676
0.8006743
0.7986389
0.7894254
0.8080439
0.7994965
0.7938166
0.8010336
0.8025148
0.7973819
0.79944
0.8028732
0.803281
0.805503
0.7988878
0.8012618
0.8054851
0.7950652
0.8051568
0.8040868
0.8108259
0.7975137
0.795501
0.8035215
0.8020753
0.800014
0.791881
0.8086902
0.8075369
0.7963756
0.8121229
0.7987191
0.8071439
0.7890005
0.7903635
0.7893846
0.7893698
0.792768
0.7911785
0.7918019
0.7901426
0.7910353
0.7902873
0.7928531
0.7941839
0.791978
0.793662
0.783292
0.7876437
0.7897403
0.7885984
0.7878809
0.7800609
0.7808937
0.7793773
0.7816059
0.7832603
0.7835489
0.7835052
0.7800213
0.7808869
0.793776
0.7820167
0.7864764
0.8056879
0.6118264
0.7878226
0.7805528
0.7925158
0.7928057
0.7968895
0.7999149
0.7903896
0.7923602
0.7943095
0.788434
0.7909019
0.7903052
0.7958119
0.7977991
0.7992314
0.7875707
0.8051069
0.8121424
0.8078219
0.804357
0.8044874
0.7831982
0.7827522
0.7893947
0.7882336
0.7900146
0.7765814
0.7904166
0.7736201
0.7868527
0.7863054
0.6849786
0.7836282
0.7861023
0.7950924
0.7884561
0.7821951
0.7711016
0.7910735
0.7838048
0.778523
0.7889734
0.7869605
0.7817393
0.7874232
0.7951281
0.7927286
0.7961685
0.7950092
0.7861546
0.7935177
0.781888
0.7912034
0.7880381
0.796528
0.7843221
0.7783251
0.7896853
0.7889486
0.7843082
0.7830924
0.7930597
0.7899527
0.7899485
0.7963664
0.7793561
0.7999575
0.7903068
0.7920938
0.7916286
0.7914442
0.8015305
0.8008007
0.8015026
0.799522
0.8003929
0.7994096
0.8016146
0.8007447
0.8017538
0.8027488
0.7967126
0.8017344
0.803281
0.8027529
0.8015534
0.7919893
0.79196
0.7923413
0.7922325
0.7939543
0.7933047
0.7927447
0.7913527
0.7908501
0.8019364
0.7930913
0.7979919
0.8082749
0.6124173
0.8026567
0.7985913
0.8052305
0.8094633
0.8043818
0.8129005
0.802887
0.7960011
0.8114411
0.8037436
0.8022571
0.8053085
0.8115357
0.8083739
0.8108337
0.7972636
0.8132424
0.8166283
0.8089105
0.8097979
0.8125439
0.7961974
0.7995173
0.7989757
0.8021558
0.8057618
0.7897216
0.8025958
0.7882319
0.7974639
0.7966507
0.694941
0.7966711
0.797012
0.8114445
0.8015884
0.7958307
0.7913608
0.7986515
0.7983877
0.7936227
0.7996779
0.8027558
0.79294
0.8047878
0.8031993
0.808042
0.8098365
0.7998873
0.8013338
0.8048884
0.7932546
0.7999579
0.7985871
0.8141329
0.8015422
0.7940324
0.7989745
0.8010541
0.7950144
0.7896337
0.8042625
0.8052003
0.8003225
0.8044876
0.7937721
0.8110908
0.7894811
0.7911879
0.7899527
0.7899379
0.8012023
0.7977008
0.799664
0.7982769
0.8000699
0.8002657
0.7985148
0.8016771
0.8002517
0.8019975
0.8033516
0.8052336
0.8061833
0.8048323
0.8053048
0.7928862
0.7917572
0.789507
0.7912666
0.7926445
0.7919966
0.793552
0.790983
0.7913306
0.8006851
0.7961783
0.8079296
0.8087497
0.6152811
0.8025742
0.7925415
0.8103954
0.818074
0.8172713
0.8165875
0.8080338
0.8036594
0.8134949
0.8086168
0.8108298
0.8101016
0.8178251
0.8129376
0.8113831
0.798143
0.8137762
0.8170588
0.811049
0.8158882
0.8077437
0.8015806
0.803423
0.8016249
0.7993339
0.8020597
0.7931612
0.8055844
0.7866704
0.8084352
0.8019664
0.6871334
0.7972072
0.7969557
0.8065146
0.802935
0.8003213
0.7918393
0.806764
0.7989119
0.7978962
0.7954959
0.8003349
0.7959542
0.8044475
0.8027805
0.8085995
0.8077325
0.8042613
0.795196
0.8026066
0.7980372
0.8099357
0.8089096
0.8116163
0.7936363
0.7955153
0.8032604
0.8045753
0.7991757
0.7950389
0.8114726
0.8064359
0.8002513
0.8092862
0.7966126
0.809467
0.7992085
0.7999164
0.799791
0.7996098
0.8060653
0.8043341
0.8042792
0.8038996
0.8044255
0.8037029
0.8052285
0.8052012
0.8046114
0.8061896
0.7925461
0.7991297
0.8000981
0.7991438
0.7970882
0.7949511
0.7935647
0.7930962
0.7937513
0.7947942
0.7962625
0.7946014
0.7928727
0.7944964
0.8073022
0.7955474
0.7940035
0.8056865
0.5818923
0.8009637
0.801748
0.8054909
0.8085498
0.8073616
0.8129187
0.8007562
0.7973665
0.8119634
0.8071368
0.8075154
0.8040377
0.8135701
0.8100685
0.8060296
0.8005978
0.8099944
0.805724
0.8110181
0.8119826
0.8117249
0.7985908
0.7899678
0.7979467
0.7991483
0.7999862
0.7931906
0.8015945
0.7884739
0.7935452
0.7967308
0.6713975
0.7936845
0.7973457
0.8066236
0.7948046
0.7966735
0.7865456
0.8056949
0.798301
0.7913031
0.7991723
0.797284
0.7912174
0.7968904
0.8003381
0.8019286
0.7997742
0.7944448
0.7915663
0.8090236
0.7965683
0.8015561
0.803579
0.8122517
0.7971535
0.7928273
0.8035176
0.8055108
0.7911715
0.7948248
0.8026714
0.8040356
0.7925235
0.8031535
0.7947029
0.8147862
0.796247
0.7982173
0.7974159
0.7974017
0.798766
0.7980358
0.798822
0.7982751
0.7993143
0.7978261
0.7980918
0.7979791
0.7981491
0.8001541
0.7903033
0.795109
0.7953225
0.7949544
0.7945859
0.7970103
0.797066
0.7969394
0.7967451
0.7981152
0.7977238
0.7989267
0.7965486
0.7968127
0.800182
0.7861382
0.7960757
0.8027378
0.6065561
0.8008038
0.7981847
0.8031241
0.8021099
0.8046344
0.8142827
0.8061895
0.8100343
0.8154301
0.8049262
0.8031095
0.8107002
0.8106697
0.8065948
0.8004975
0.802559
0.8189168
0.8301615
0.8173526
0.8231104
0.82225
0.8000566
0.7922716
0.806522
0.7975793
0.8001652
0.7969359
0.802184
0.7928188
0.802028
0.7932077
0.6965475
0.8011622
0.7923946
0.8065214
0.7977236
0.8000699
0.7917458
0.8091967
0.8008365
0.7946787
0.8007807
0.7976482
0.7918724
0.7916755
0.8026997
0.8084425
0.8082392
0.7987214
0.800084
0.8079893
0.7995514
0.7989655
0.7925716
0.804495
0.7936296
0.7990598
0.8064269
0.8003923
0.7972405
0.7959627
0.8025883
0.8014393
0.8011729
0.8091306
0.7992278
0.8143117
0.7999583
0.8005019
0.8006272
0.8004461
0.7977828
0.793834
0.7970791
0.7954322
0.7966482
0.7976858
0.7965161
0.7982604
0.7972499
0.799089
0.7982806
0.8026041
0.802811
0.8018671
0.8015895
0.7872985
0.7862429
0.7861977
0.786861
0.7888443
0.788448
0.7907809
0.7881964
0.7880324
0.7991172
0.7958655
0.8034819
0.8038569
0.6152322
0.8048763
0.7953092
0.8049175
0.8071202
0.8148226
0.8097214
0.8111721
0.8000565
0.8116924
0.8070583
0.807603
0.7997151
0.8195252
0.8115617
0.8046881
0.7981697
0.8092327
0.8215225
0.8099208
0.8169181
0.8129552
0.8025406
0.7942743
0.8030089
0.7958487
0.7962989
0.7912411
0.7993726
0.7855673
0.7948087
0.798474
0.6984655
0.796472
0.7951284
0.8037926
0.7997756
0.7882361
0.7873421
0.8013264
0.7985194
0.7930087
0.8003904
0.8032878
0.7907929
0.794163
0.805067
0.8053073
0.8056855
0.8004349
0.803463
0.8054168
0.7972195
0.7996647
0.8012501
0.8078502
0.7968728
0.793672
0.7980951
0.8000841
0.7950751
0.7926915
0.8021132
0.8050564
0.7986849
0.8118771
0.7996772
0.8045458
0.7918473
0.7928737
0.7919854
0.7924793
0.7960619
0.7934606
0.7954402
0.795146
0.7962794
0.7944405
0.7966542
0.7967102
0.7951892
0.7978798
0.7925072
0.7954434
0.7959941
0.7975649
0.7957653
0.7927043
0.7913184
0.7905097
0.7909966
0.7931397
0.7928301
0.7931179
0.7902024
0.7911455
0.7954561
0.7895516
0.7977591
0.8083485
0.6192962
0.7945954
0.7896806
0.7960904
0.8003264
0.8008963
0.8123771
0.7991465
0.7944875
0.8044081
0.7969428
0.800652
0.8019922
0.8032402
0.801105
0.8030518
0.7975421
0.8083744
0.8135416
0.8170349
0.8110319
0.8127716
0.7961372
0.7879503
0.7936022
0.7982468
0.8010738
0.7838828
0.7951411
0.7842315
0.793842
0.7907354
0.6814838
0.7921931
0.7931518
0.8091055
0.7978065
0.7979671
0.781884
0.8039174
0.7912242
0.7875868
0.7960784
0.7989085
0.7856078
0.7920945
0.795621
0.805868
0.8004634
0.7952478
0.7956112
0.7953852
0.7913283
0.7995525
0.7994509
0.8032443
0.7935402
0.7914223
0.8075104
0.791496
0.7896036
0.7868551
0.7969475
0.7963912
0.7951976
0.7992159
0.7837626
0.80747
0.7872296
0.7892699
0.7883762
0.7883613
0.8068444
0.8040261
0.805061
0.8046815
0.8063749
0.8041497
0.8066774
0.8058144
0.8058939
0.8063003
0.8001964
0.8034403
0.8052338
0.8038722
0.8024225
0.7983594
0.7959671
0.7943143
0.7959829
0.7979515
0.7980641
0.7970821
0.7962924
0.795373
0.8072458
0.7901217
0.8017241
0.8072247
0.612844
0.8020103
0.7948406
0.804928
0.8158672
0.8142131
0.8157006
0.8080113
0.8018293
0.8122429
0.8094397
0.8112436
0.8083156
0.8135965
0.8151142
0.8056326
0.801479
0.812786
0.8191512
0.8120475
0.8148355
0.8139241
0.7947601
0.7949194
0.8004553
0.7999302
0.7993494
0.7963456
0.8052147
0.7856532
0.8008722
0.7994658
0.6862204
0.7949081
0.799986
0.8081558
0.8022929
0.8016842
0.7914635
0.8077438
0.7985824
0.7961144
0.8026435
0.8027873
0.7975586
0.8042369
0.8057483
0.8060738
0.7976821
0.8013525
0.8022055
0.809554
0.7979549
0.8028425
0.8068006
0.8084586
0.8009831
0.7903707
0.8054701
0.7987169
0.7974105
0.7938333
0.803456
0.8045655
0.7921261
0.8058585
0.7964364
0.8075154
0.8008927
0.8021963
0.8012318
0.8013018
0.7957543
0.7939972
0.7963198
0.794155
0.795973
0.7933616
0.7954994
0.7949605
0.794624
0.7974086
0.7853396
0.7886627
0.7897374
0.7891056
0.788301
0.7903453
0.7900599
0.7895888
0.7903339
0.7912939
0.7915787
0.7931422
0.7888536
0.7899711
0.7976065
0.7884534
0.7954274
0.802283
0.5976808
0.7917884
0.7842079
0.7992776
0.7995159
0.7993144
0.8080865
0.7995295
0.800156
0.8030973
0.7979201
0.7954756
0.7998142
0.8058439
0.8042924
0.8029322
0.7934534
0.8078498
0.8130377
0.8107216
0.8114358
0.8126801
0.7906594
0.7860475
0.7939727
0.7939097
0.7985477
0.784484
0.7974497
0.7811048
0.7903649
0.7890415
0.6877485
0.7922151
0.7874611
0.7985896
0.7926518
0.7883812
0.7828312
0.7950324
0.7925206
0.7863035
0.7892247
0.7931909
0.791289
0.7914344
0.7960768
0.7951237
0.7984769
0.792803
0.7926622
0.7979827
0.7841168
0.7887254
0.7951551
0.8010254
0.7905792
0.7849868
0.7901959
0.7947595
0.7834246
0.7805556
0.795963
0.7925994
0.7961595
0.8014433
0.7851493
0.7997297
0.7903056
0.7913319
0.7906091
0.7905944
0.7984633
0.7967107
0.7952923
0.7959328
0.7976618
0.7979421
0.7978701
0.7981807
0.7973345
0.7974041
0.7875523
0.7930864
0.793643
0.79259
0.7914488
0.7917783
0.7910669
0.7900833
0.7919368
0.7938319
0.7938609
0.7935547
0.7907994
0.7909784
0.797263
0.793989
0.7892761
0.8023715
0.5882735
0.7939269
0.7897646
0.8014873
0.8035257
0.8044454
0.809197
0.7983271
0.7980222
0.8080456
0.7992017
0.8000997
0.7983513
0.8075528
0.8052326
0.8013136
0.7949946
0.8103874
0.8140577
0.8051902
0.8109551
0.8030948
0.7878636
0.7902844
0.7975749
0.7942372
0.7959595
0.7812677
0.7948231
0.7832488
0.7938575
0.7890221
0.6817762
0.7955317
0.7923131
0.8050032
0.7940926
0.7860343
0.7818467
0.7975953
0.7939539
0.7907587
0.7964421
0.7961541
0.7875747
0.7891942
0.8011544
0.8058518
0.8027029
0.7938174
0.7943568
0.8039368
0.7923606
0.799677
0.7881816
0.8053978
0.7939805
0.7901392
0.7950455
0.7943237
0.7898576
0.7854605
0.7971465
0.7985358
0.7965767
0.8045502
0.789013
0.8058548
0.7877292
0.7886656
0.787853
0.7880096
0.8067566
0.8061196
0.8046521
0.8029416
0.8074495
0.8059089
0.8058435
0.8063978
0.8065592
0.8054686
0.7954545
0.8002925
0.8006679
0.8004734
0.7982695
0.7980776
0.7976307
0.7963299
0.7976456
0.7990114
0.7999583
0.8000695
0.7978686
0.7965392
0.8074866
0.8007663
0.7964763
0.8060504
0.6451238
0.802712
0.8053465
0.8073613
0.8117334
0.817724
0.8140609
0.8093396
0.8058947
0.8143721
0.8098345
0.8087048
0.8125747
0.8127944
0.811651
0.8035234
0.8065673
0.8117433
0.8194714
0.815892
0.8218184
0.8164332
0.7964602
0.7993363
0.802947
0.8033716
0.8040814
0.7914543
0.8007367
0.7895666
0.8004053
0.7998465
0.7169952
0.7976875
0.7902637
0.8158058
0.7995519
0.7972718
0.7931735
0.8046348
0.7902864
0.7922855
0.8004175
0.7996374
0.7912645
0.7924264
0.8032512
0.8089778
0.8046194
0.8015529
0.7966921
0.8100301
0.7993564
0.8014481
0.7995929
0.8117427
0.7970751
0.7965055
0.8057234
0.8035428
0.7940991
0.7907826
0.8001259
0.7940083
0.797456
0.8061919
0.7989488
0.8095138
0.7875753
0.7895254
0.7887195
0.78913
0.7964434
0.7939291
0.7966685
0.793152
0.7954769
0.7946535
0.7968662
0.7966685
0.7970088
0.7958093
0.7862391
0.7911655
0.7912127
0.7912652
0.7885049
0.7920702
0.7911926
0.7914882
0.7923125
0.7919972
0.7948179
0.7951032
0.7910112
0.7909346
0.7976976
0.7901078
0.7889837
0.8035376
0.6136869
0.7930986
0.7920559
0.7974961
0.8015592
0.8043401
0.8051159
0.7973079
0.7980313
0.81163
0.7902788
0.7960882
0.7950919
0.8026868
0.8024194
0.7993451
0.7999716
0.8080794
0.8130013
0.8158354
0.8162015
0.8112281
0.7936113
0.7833011
0.7973299
0.7915647
0.7938937
0.7897245
0.8027268
0.7844503
0.7955824
0.7901827
0.7016525
0.7898458
0.7886917
0.804395
0.7982715
0.7830838
0.7861484
0.7941051
0.7812434
0.7878037
0.7925707
0.7927858
0.7878895
0.7897555
0.7978641
0.8003789
0.7982277
0.7937606
0.7899534
0.7972216
0.7920548
0.8029416
0.7964439
0.8017778
0.7912878
0.7924049
0.7962521
0.7956225
0.796944
0.7824268
0.7940223
0.7916843
0.789804
0.796647
0.793933
0.8096913
0.7832582
0.7858101
0.784225
0.7844675
0.791049
0.7879989
0.787853
0.7861849
0.7900825
0.7866752
0.7889117
0.7886248
0.7879474
0.7925419
0.7882527
0.7936697
0.7935461
0.7928371
0.7920416
0.7771859
0.7767197
0.7759761
0.7780458
0.7795348
0.7801715
0.7801303
0.7777541
0.7786216
0.791208
0.7837264
0.7900521
0.7963996
0.6124573
0.7890163
0.7853456
0.7910416
0.7988779
0.7993592
0.8038051
0.7948626
0.7827334
0.8000571
0.7941156
0.7992056
0.7964273
0.8050216
0.8018681
0.7960465
0.7915358
0.8067766
0.8118805
0.8089793
0.807695
0.8110175
0.7889175
0.7842196
0.7908487
0.7896617
0.7908397
0.7889201
0.8005156
0.7809449
0.7886397
0.7851731
0.6883622
0.7917696
0.7840283
0.7936317
0.797131
0.7794934
0.7805934
0.7916607
0.7863646
0.7782457
0.7839921
0.7915552
0.7844056
0.7914175
0.7932445
0.7984823
0.7964932
0.7873005
0.793067
0.792473
0.7836897
0.7950894
0.7904289
0.7992145
0.7878295
0.7855926
0.7883026
0.7914136
0.7866987
0.7809172
0.7911692
0.7942769
0.7901896
0.7933896
0.7863582
0.7979834
0.781931
0.7827625
0.7822917
0.7822763
0.795168
0.7942628
0.7943747
0.7939953
0.793776
0.7949025
0.7949982
0.7944597
0.7935288
0.7966519
0.79016
0.7930259
0.7945965
0.7932101
0.7925843
0.7868633
0.7864907
0.7869593
0.7878788
0.7885835
0.788784
0.7905244
0.7860521
0.7867429
0.7965112
0.796295
0.791191
0.8110599
0.6095967
0.7925763
0.7881544
0.7990241
0.8011356
0.8010251
0.8100873
0.7966186
0.8000708
0.8070861
0.797154
0.7982232
0.8099179
0.8062571
0.8057203
0.7986596
0.7924313
0.8146851
0.810773
0.8150245
0.8262762
0.814986
0.796946
0.7849408
0.7983522
0.7838066
0.788851
0.7925096
0.8013107
0.7859021
0.7940492
0.7940038
0.6935472
0.7924848
0.7943735
0.802638
0.7971698
0.7902839
0.7828616
0.8032035
0.798699
0.7861555
0.795864
0.7883433
0.7876188
0.79264
0.7944703
0.7976769
0.7954273
0.7913628
0.8012192
0.7974746
0.7940056
0.8035291
0.798138
0.8032053
0.7911933
0.7912865
0.7976842
0.7925554
0.794403
0.7883433
0.799438
0.7982881
0.7920953
0.8039503
0.796137
0.8064243
0.7949703
0.79609
0.7956266
0.7954434
0.8058327
0.8056932
0.8062221
0.8038421
0.8051161
0.8060648
0.804999
0.8071374
0.8063842
0.8078691
0.8033861
0.8073452
0.8077964
0.8058664
0.8068371
0.8008085
0.8009479
0.7991483
0.7996234
0.8016581
0.8031863
0.8024623
0.7998466
0.8012825
0.8089739
0.7988104
0.808552
0.8176393
0.6456394
0.8043769
0.7959895
0.813351
0.8069593
0.8205613
0.820282
0.813607
0.8147268
0.8147208
0.8082423
0.8116308
0.8109903
0.8179712
0.8137399
0.8174358
0.8040283
0.8164022
0.830618
0.8174786
0.8220991
0.8207396
0.8038109
0.8026975
0.812
0.8069909
0.807587
0.8019713
0.8070309
0.7885637
0.8041504
0.8024165
0.6982517
0.8037063
0.7977347
0.8143442
0.7979187
0.7975731
0.796256
0.8094002
0.8019519
0.7912103
0.8040635
0.8112489
0.7965672
0.8050665
0.8103088
0.8094741
0.8071094
0.8059691
0.7984278
0.8062632
0.79459
0.8074198
0.8078725
0.8076092
0.7961936
0.791107
0.8090309
0.8079443
0.8006292
0.7954801
0.8109442
0.8049784
0.8045432
0.8141079
0.8014448
0.8113539
0.8042258
0.8051154
0.8046576
0.804644
0.7969047
0.7944742
0.7950109
0.7961582
0.7968673
0.7935848
0.795973
0.7973838
0.7955233
0.7975395
0.788065
0.7909417
0.7919246
0.7909565
0.7901565
0.7837283
0.7835256
0.781755
0.7835467
0.785371
0.7861733
0.7849272
0.7830856
0.7833475
0.7979904
0.7925232
0.7944608
0.805766
0.5961848
0.7955303
0.7920891
0.8028765
0.8095439
0.8057447
0.807274
0.7975189
0.7926786
0.8072144
0.8054417
0.8044693
0.7983139
0.8094261
0.8087085
0.7999858
0.7898805
0.8066178
0.8176822
0.8089082
0.807371
0.8053241
0.7861239
0.7899286
0.7983945
0.7942985
0.7978444
0.7965108
0.8030219
0.7861153
0.8032053
0.7948934
0.676167
0.7920995
0.7927206
0.802008
0.799747
0.7906665
0.7841956
0.7995186
0.7887423
0.7904048
0.7957366
0.7973068
0.7876596
0.7908944
0.7991708
0.8006743
0.7993669
0.7950727
0.7953521
0.797858
0.7929403
0.799972
0.7940115
0.8033315
0.7924276
0.7891007
0.8015951
0.8009821
0.7941901
0.7873559
0.8010806
0.7990041
0.7942604
0.7982887
0.7889212
0.8013048
0.7910416
0.7924926
0.7921968
0.7922671
0.7975218
0.796449
0.7963067
0.7954177
0.7980749
0.7938603
0.7963354
0.7963067
0.795461
0.7982413
0.7950647
0.7964757
0.7987954
0.7956445
0.7949367
0.787943
0.7865423
0.7849508
0.7858759
0.7876112
0.7886678
0.7868239
0.7858456
0.7873949
0.7975084
0.7892988
0.7973599
0.7972696
0.5966001
0.7990509
0.7927117
0.8016395
0.8023999
0.8008414
0.8071429
0.7931504
0.7962173
0.8080148
0.7984198
0.7970075
0.8054331
0.8082843
0.8041076
0.8035981
0.7985913
0.8021698
0.8146777
0.8048281
0.8098345
0.8075512
0.7915119
0.7902038
0.8019999
0.7928837
0.7940319
0.7870423
0.7995385
0.7801373
0.7924061
0.7927044
0.6746969
0.7894625
0.7836688
0.8057327
0.7972363
0.7899986
0.7821297
0.7951053
0.7873002
0.7843919
0.7982063
0.7957246
0.7902494
0.7888598
0.8033235
0.8044027
0.7949806
0.7909929
0.7918818
0.7989925
0.792789
0.7909373
0.7934336
0.8002529
0.7859323
0.7854957
0.7963979
0.7950872
0.7866912
0.7886547
0.7955251
0.7963263
0.7908751
0.8027706
0.7862633
0.80903
0.7896142
0.7915757
0.7910237
0.7907534
0.7948664
0.7920848
0.7933056
0.7921582
0.793643
0.7930694
0.7952062
0.7949224
0.7930548
0.7951646
0.7869421
0.7920423
0.792344
0.7934163
0.7920248
0.7840612
0.7847188
0.7833817
0.7849972
0.785017
0.7861635
0.7859463
0.784107
0.7842832
0.7937482
0.792518
0.7922481
0.8091972
0.6141062
0.7925267
0.787231
0.8008481
0.8019451
0.8010688
0.812566
0.7975171
0.7997733
0.8107687
0.7979647
0.7957802
0.7983986
0.8057963
0.8000852
0.7975859
0.7976233
0.8164823
0.8181059
0.8123379
0.8112177
0.8142927
0.7970716
0.79139
0.8022251
0.792014
0.796095
0.7825657
0.7995947
0.7805558
0.7925528
0.790719
0.6859985
0.7948211
0.7911856
0.7971076
0.7989868
0.7817082
0.7794233
0.7932778
0.7922297
0.7833333
0.7933629
0.7956989
0.7944954
0.7949673
0.7990858
0.8062124
0.8048353
0.7974478
0.7939039
0.7940904
0.7888282
0.7970241
0.7896346
0.8023272
0.7869445
0.784784
0.7925513
0.7916519
0.7895852
0.7807898
0.7940533
0.7968926
0.8020141
0.7976124
0.7911442
0.8071464
0.7811174
0.7825532
0.7819949
0.7819794
0.7985363
0.7978034
0.7982543
0.79779
0.79934
0.7975931
0.7997188
0.7992685
0.7989314
0.8001827
0.7961636
0.7993414
0.800056
0.7988506
0.7989062
0.7930525
0.7911531
0.7908534
0.7911709
0.7938282
0.792924
0.7927884
0.7930962
0.7917459
0.7996205
0.7961049
0.7975279
0.8131415
0.6177965
0.7979433
0.7950346
0.8045977
0.8073141
0.7995573
0.8131071
0.7960818
0.7960447
0.8097942
0.802087
0.8054356
0.800914
0.8090477
0.8035157
0.8045348
0.8000426
0.814365
0.8198762
0.8199944
0.8186251
0.8214485
0.7925445
0.7987926
0.8008947
0.7935574
0.7950336
0.7917193
0.7996223
0.7851699
0.7972526
0.7985531
0.6885271
0.7924568
0.7978134
0.8074904
0.8014618
0.79341
0.7886696
0.7993759
0.7930161
0.7850787
0.7986267
0.8034666
0.7940075
0.7943971
0.8034086
0.8093309
0.8053705
0.7961144
0.8017961
0.8056889
0.7950872
0.8037723
0.7948845
0.8053748
0.7941467
0.7896268
0.7991855
0.799071
0.7966674
0.7901915
0.8022047
0.7997894
0.7983429
0.8043615
0.7911644
0.8033752
0.7887591
0.7905501
0.7899118
0.789897
0.8036776
0.8036214
0.803148
0.8030208
0.8043812
0.8025736
0.8035939
0.8048201
0.8034803
0.8062221
0.8011451
0.804039
0.8059069
0.8054667
0.805857
0.800739
0.7979452
0.7964726
0.7986315
0.7994135
0.8006137
0.7988835
0.7977638
0.7989521
0.8073305
0.798151
0.8054163
0.8097268
0.6342647
0.8022846
0.8000992
0.8063655
0.8085736
0.813354
0.8151732
0.8096918
0.7975186
0.8128134
0.8064926
0.8053535
0.8064539
0.8160782
0.8122587
0.805894
0.8032822
0.8184865
0.8149955
0.8148536
0.8142309
0.8145658
0.8035727
0.7960793
0.8074972
0.8029536
0.8031761
0.7844311
0.7977913
0.7957444
0.8003926
0.7990752
0.6977431
0.8004489
0.7980003
0.8074881
0.8062443
0.7963197
0.7865677
0.8077437
0.8023005
0.7998737
0.7988116
0.8028051
0.7919904
0.8039994
0.8044193
0.8072466
0.8085403
0.8059848
0.7970902
0.8049331
0.801863
0.8044448
0.8008442
0.8181693
0.7985697
0.8003649
0.804645
0.8017797
0.7960974
0.800042
0.806562
0.8087325
0.805807
0.8070285
0.7968167
0.808692
0.7940457
0.7950785
0.7944456
0.7943466
0.8079304
0.8083716
0.8085669
0.8056988
0.8082905
0.8088225
0.8093385
0.8088154
0.8082297
0.8093783
0.795531
0.800293
0.8019216
0.8013102
0.8005302
0.7977387
0.7967866
0.7959027
0.7973058
0.7980038
0.7981158
0.8001531
0.7979488
0.7969536
0.8099007
0.7963158
0.7987417
0.8005203
0.6230399
0.802211
0.7955095
0.8025899
0.813753
0.8157636
0.8146669
0.8075919
0.8105042
0.8131434
0.8022771
0.8032497
0.8096617
0.8109747
0.8054713
0.8069121
0.8011746
0.8107634
0.8173738
0.8111134
0.8124869
0.80856
0.7978181
0.7993351
0.8067446
0.7938612
0.7971574
0.7950631
0.8017391
0.7946623
0.8020833
0.7963963
0.6991993
0.7997898
0.8007802
0.8120484
0.8066653
0.7980251
0.797972
0.8020305
0.7973719
0.7957534
0.8029217
0.8024812
0.7982881
0.8074095
0.8072583
0.8094078
0.8032053
0.8030653
0.8034069
0.8102977
0.8011197
0.795402
0.8057227
0.8100299
0.8040282
0.7999579
0.8088827
0.8043843
0.7900113
0.7934836
0.8080618
0.8044175
0.7995527
0.8134633
0.8010512
0.8065107
0.7977598
0.7987996
0.7981709
0.7981568
0.7931205
0.7916991
0.793006
0.7904903
0.7924928
0.7917462
0.7916696
0.7931765
0.7925847
0.7942712
0.785952
0.7888418
0.7903419
0.7888567
0.7884806
0.7831539
0.7820013
0.7815227
0.7839196
0.7847134
0.7861182
0.7847851
0.7821649
0.7826858
0.7949803
0.7935793
0.7902429
0.8031241
0.6143448
0.7886016
0.7916935
0.803259
0.8036018
0.8071469
0.8032624
0.7989309
0.796062
0.8012999
0.8006534
0.8008661
0.7984413
0.8077878
0.8050506
0.7979719
0.7988624
0.8083486
0.8146028
0.8102128
0.808424
0.8117531
0.7876334
0.7911727
0.7926847
0.7933231
0.7925406
0.7866347
0.7955119
0.780683
0.7945534
0.7906747
0.6835084
0.7907668
0.7818775
0.8018835
0.7930839
0.7910427
0.7792892
0.8010049
0.7919307
0.7845858
0.7947601
0.7964173
0.7851046
0.7933972
0.7967583
0.7996201
0.795082
0.7926372
0.7914722
0.8006233
0.7874938
0.7986681
0.792252
0.7991705
0.7887025
0.7880165
0.7979351
0.7971402
0.7884275
0.7825624
0.8017967
0.7961725
0.790893
0.8038709
0.7877496
0.8048263
0.7916696
0.7927833
0.7923174
0.7921329
0.6841618
0.6826879
0.6835043
0.6811829
0.6865351
0.6818918
0.6850739
0.686442
0.6833911
0.6865626
0.6548367
0.6598889
0.6594996
0.6611719
0.6576019
0.6524026
0.6546723
0.6531125
0.6539125
0.6566977
0.6565411
0.6585956
0.6555451
0.6534537
0.6834721
0.6653675
0.6562279
0.8065445
0.7867893
0.6779
0.6605599
0.6670598
0.6797181
0.6835304
0.6900785
0.6757118
0.7041121
0.681786
0.6884813
0.6874319
0.695642
0.6799497
0.6781267
0.6798022
0.6754551
0.8150175
0.8197816
0.8101933
0.8144006
0.8175581
0.6883631
0.658523
0.6612225
0.668393
0.6749809
0.6631726
0.6815703
0.6680725
0.691901
0.6883436
0.8061374
0.6782339
0.6814513
0.7073911
0.6793929
0.682893
0.6717853
0.6812339
0.7024675
0.6829513
0.6909216
0.6981749
0.6716743
0.6772475
0.6919184
0.6855579
0.7051224
0.6881207
0.6804976
0.683166
0.6933323
0.6920021
0.6882616
0.6818287
0.685376
0.6743861
0.689679
0.6855404
0.6915902
0.6770479
0.6977632
0.6953602
0.6906656
0.7038721
0.6875577
0.7008238
0.6863508
0.6901161
0.6869785
0.6876578
0.8047337
0.8030947
0.8027894
0.8026628
0.804934
0.8033849
0.8049001
0.8071979
0.802704
0.8056889
0.7993728
0.8048408
0.8052938
0.804191
0.804829
0.7922469
0.7928092
0.7911588
0.792235
0.7945368
0.7951546
0.7956907
0.7918679
0.7917921
0.8058819
0.7948628
0.8033915
0.8064381
0.6449191
0.8033558
0.7989818
0.805577
0.8073569
0.8091146
0.8091994
0.8008781
0.8003947
0.8065384
0.8024134
0.8036369
0.8070919
0.8125967
0.8081999
0.8091383
0.7951884
0.8035928
0.8139422
0.8147065
0.8139211
0.8120979
0.7991525
0.7999012
0.7996183
0.8021849
0.8059334
0.7920184
0.8007921
0.7918428
0.803554
0.8058178
0.7050435
0.7955503
0.7940436
0.8147918
0.804878
0.7928541
0.7887334
0.7979384
0.7908543
0.8014526
0.8068646
0.7954943
0.7988522
0.7976265
0.8081278
0.8112606
0.8050073
0.7962208
0.805287
0.8060759
0.7962132
0.7979058
0.8017513
0.8102301
0.8049069
0.7950411
0.7975108
0.8003356
0.7897476
0.7936374
0.8063596
0.8072013
0.8007804
0.8001674
0.7935961
0.8108184
0.7964829
0.7976016
0.7973925
0.7977136
0.7997202
0.8001678
0.7994402
0.7971268
0.7995949
0.7979416
0.7991321
0.7997761
0.7977591
0.7998461
0.7932291
0.796744
0.7953576
0.7961694
0.7952128
0.788679
0.7889895
0.7873268
0.7891782
0.7893702
0.7896547
0.7907091
0.788213
0.7882196
0.7992864
0.794606
0.795098
0.7928622
0.7845929
0.7890658
0.7961702
0.7982506
0.805344
0.814885
0.8157803
0.8044369
0.8069585
0.8079779
0.8105625
0.8106023
0.8027809
0.8079096
0.8048471
0.8127414
0.805534
0.7914115
0.7975603
0.7953258
0.7892456
0.7942179
0.7941239
0.7969281
0.7949301
0.7959382
0.7979617
0.7859098
0.7987045
0.7996218
0.7950699
0.7894218
0.8093364
0.8057799
0.7997493
0.8056234
0.7929286
0.7973266
0.7870181
0.7939321
0.7922888
0.7947997
0.7896031
0.7939713
0.7934431
0.7962795
0.7949817
0.8022931
0.8039257
0.7997617
0.7965781
0.8112548
0.7957035
0.8043357
0.7922702
0.7966328
0.7963715
0.799762
0.7982659
0.7880416
0.8023814
0.7927865
0.8041992
0.8007957
0.7968378
0.8112033
0.792401
0.808068
0.795559
0.7968445
0.7957102
0.7956959
0.810715
0.8081743
0.8104407
0.8072449
0.8090044
0.8091231
0.8109629
0.8098616
0.8095238
0.8115801
0.806864
0.8093984
0.8105882
0.809164
0.8081488
0.8038793
0.8023531
0.8011431
0.8025327
0.8053896
0.803672
0.805357
0.8030883
0.8032707
0.8102849
0.7987963
0.8101906
0.8016599
0.6201281
0.8020025
0.8032938
0.8137522
0.8092152
0.8228555
0.8165523
0.8125923
0.8141339
0.8206118
0.8152402
0.815362
0.8128218
0.8201121
0.8189433
0.8150127
0.811991
0.8162238
0.8243832
0.8092498
0.8151916
0.8136211
0.804219
0.8019221
0.8137351
0.8053269
0.8084713
0.8002086
0.8085873
0.795123
0.8053054
0.8038231
0.6926877
0.8069466
0.8001535
0.807292
0.8094575
0.8038518
0.7985163
0.8108051
0.8001815
0.7997615
0.8055459
0.8051107
0.7987501
0.8102696
0.8065597
0.821367
0.8110817
0.8047023
0.8066225
0.8077599
0.8096696
0.8126038
0.8053531
0.824471
0.7981207
0.7986511
0.8070285
0.8014994
0.8057083
0.7963106
0.8081132
0.8108521
0.8048628
0.817122
0.7941571
0.8238198
0.803715
0.8045202
0.8042284
0.8042148
0.7999721
0.7970599
0.7974241
0.7967098
0.7988413
0.7977764
0.799469
0.7986854
0.8000279
0.7988397
0.7970276
0.8006815
0.8003059
0.800612
0.7979079
0.7930119
0.7927298
0.7922641
0.7927468
0.7936985
0.7947376
0.7947699
0.7922959
0.792136
0.8000419
0.7929247
0.7957786
0.8033441
0.6074551
0.7976174
0.7933556
0.8060746
0.8056729
0.8032114
0.8057569
0.7945654
0.7993797
0.8127462
0.8064516
0.8087524
0.8052315
0.8016447
0.8007906
0.8072017
0.801566
0.8130325
0.8230064
0.8144488
0.8171171
0.8189398
0.7924207
0.7957408
0.8030004
0.7939335
0.7929844
0.7894075
0.7986227
0.789804
0.8036348
0.7994002
0.7052118
0.7984187
0.7920224
0.8086866
0.7984317
0.7985059
0.7905263
0.8037633
0.7960081
0.7892845
0.8013061
0.7919501
0.7923493
0.7943481
0.8082049
0.8077003
0.8068332
0.797321
0.7943034
0.8048986
0.7924077
0.8012522
0.7993968
0.8020085
0.796124
0.7961431
0.8033653
0.7987408
0.7932315
0.7796274
0.792417
0.799707
0.7999443
0.8006688
0.7942789
0.804533
0.7876434
0.7897616
0.7889567
0.7887719
0.8032202
0.8004771
0.7992414
0.7999579
0.8013301
0.8002665
0.8009539
0.8025219
0.8010934
0.8022555
0.7903681
0.7945061
0.7948052
0.7939275
0.7931326
0.7878403
0.7865264
0.7859666
0.7871455
0.7892178
0.7885646
0.7891995
0.7873721
0.7866073
0.8016118
0.7909879
0.7940349
0.8061869
0.6234802
0.7945877
0.7871486
0.7979605
0.8086232
0.8107249
0.8090435
0.8028969
0.7974737
0.809922
0.8053592
0.8091883
0.8007133
0.8082483
0.8109743
0.8016935
0.7980516
0.8162279
0.8159582
0.8120006
0.8170927
0.8110369
0.7927838
0.7883666
0.8051021
0.7893038
0.7971786
0.7955847
0.7990915
0.7898094
0.7959572
0.7896968
0.6842307
0.798129
0.7964403
0.8062846
0.7976341
0.7952579
0.7879709
0.8023174
0.7919775
0.7891156
0.7966636
0.799916
0.7829927
0.7959843
0.7978184
0.8044544
0.8013068
0.7993949
0.7950109
0.8019375
0.7919141
0.7960115
0.7924702
0.8060911
0.7918284
0.7959256
0.8005884
0.7974381
0.7943577
0.7901757
0.8024259
0.7950306
0.799916
0.8029911
0.7929425
0.8087416
0.794167
0.79537
0.794483
0.7944686
0.7950563
0.7949996
0.7953704
0.7952442
0.7961344
0.793069
0.7961711
0.7964847
0.7968295
0.7986935
0.7912839
0.7965693
0.7968695
0.7961571
0.7969802
0.7889902
0.7906828
0.7884835
0.790271
0.7916696
0.7927288
0.7925921
0.7915305
0.7907655
0.7976977
0.7867258
0.7947279
0.808604
0.6038194
0.7971056
0.79216
0.8045134
0.8078515
0.8039934
0.8093812
0.7997265
0.8015584
0.8133305
0.7981018
0.8005596
0.7998413
0.8086645
0.8036775
0.8055635
0.8014622
0.8099879
0.8197711
0.8111883
0.8140881
0.8116477
0.7934736
0.7926785
0.8010321
0.7980424
0.7988975
0.7882512
0.7964326
0.7870782
0.7961566
0.7925039
0.6826565
0.7887082
0.7954497
0.8053235
0.7949358
0.7906346
0.7843531
0.7973467
0.7916192
0.7819164
0.7954191
0.7962385
0.7878549
0.7976334
0.7962396
0.8063467
0.8024972
0.8013348
0.7941701
0.7956603
0.7886971
0.8021606
0.7949653
0.8055516
0.793705
0.7934604
0.7990502
0.7920686
0.793854
0.7839834
0.7947511
0.7991492
0.7954675
0.8021628
0.7916428
0.8089063
0.7916135
0.7929957
0.7922678
0.792253
0.8003236
0.7985769
0.7995353
0.7986478
0.799522
0.8003094
0.7995635
0.8015605
0.7985211
0.8008719
0.7907273
0.7944491
0.7950883
0.7948032
0.7940078
0.7882794
0.7878209
0.7859724
0.7871543
0.7882902
0.7887483
0.7912615
0.7869525
0.7879024
0.8009842
0.78127
0.792955
0.8075032
0.611466
0.8019536
0.7861975
0.8025888
0.7979726
0.8094461
0.805392
0.8043942
0.7996449
0.8060031
0.8003132
0.8024016
0.7991263
0.8130352
0.8071752
0.7986553
0.796287
0.8116412
0.8109739
0.8123243
0.816683
0.8121963
0.7883028
0.7900279
0.7938778
0.7928857
0.7947061
0.7899367
0.80014
0.7855106
0.7958189
0.7915104
0.6867719
0.7885982
0.7924861
0.8074308
0.8015622
0.7870739
0.7862617
0.8001561
0.7915726
0.7901611
0.8009943
0.7967485
0.7816856
0.8016674
0.799126
0.8084406
0.8017745
0.8023084
0.7858617
0.8041894
0.7927909
0.796467
0.8054012
0.8080688
0.787302
0.7910871
0.7962363
0.7997605
0.7945553
0.7920729
0.7986743
0.7982827
0.7945408
0.7994237
0.7914241
0.8008396
0.7924157
0.7948068
0.793577
0.7935625
0.8059054
0.8047619
0.8042046
0.8029028
0.8050196
0.8047176
0.8037291
0.8073805
0.8046202
0.8060297
0.7959643
0.7994814
0.800448
0.7997478
0.8005604
0.7902123
0.7888159
0.7868006
0.7885783
0.7907354
0.7899972
0.7895219
0.7873498
0.7888975
0.8061403
0.7964981
0.802044
0.8049381
0.6282314
0.8037707
0.7940567
0.8069286
0.8016071
0.8130122
0.805006
0.8060443
0.7965282
0.8129736
0.7937496
0.7954302
0.8071921
0.8151599
0.8095675
0.8045936
0.7958179
0.8085692
0.8180488
0.8116879
0.8132307
0.8095473
0.7986067
0.7951678
0.8021432
0.8000836
0.8023176
0.7931276
0.8001818
0.7941572
0.7940782
0.7932665
0.6928354
0.7950692
0.7938942
0.810299
0.8014344
0.7912453
0.7873486
0.8054497
0.7950214
0.7926104
0.7964888
0.8038585
0.7854753
0.7985965
0.8019531
0.8077246
0.8055127
0.7993092
0.7983105
0.7994747
0.7950565
0.7990457
0.8046826
0.8134084
0.7912158
0.7947268
0.7981439
0.7995495
0.7907684
0.7899017
0.8012514
0.8012767
0.801933
0.7995507
0.7945525
0.8046205
0.7897476
0.7911995
0.7909027
0.7908879
0.6480552
0.6431101
0.644385
0.644743
0.6484815
0.6470865
0.6475249
0.6459822
0.6458906
0.648032
0.6134178
0.6214946
0.6189071
0.623389
0.6183096
0.6165882
0.6192829
0.6155506
0.6151941
0.6205112
0.6189224
0.622637
0.6186643
0.6139073
0.6460705
0.6167693
0.6249901
0.7981934
0.772759
0.6294843
0.6079008
0.6032963
0.6471476
0.647251
0.6502576
0.6440191
0.6682771
0.6392415
0.6723023
0.6644727
0.6540202
0.6337495
0.6434824
0.643479
0.6399394
0.7962871
0.8118846
0.796677
0.7993691
0.8033534
0.6454582
0.6212158
0.6294004
0.6185371
0.6343249
0.5865518
0.6156734
0.6257282
0.6522555
0.643177
0.7989462
0.6428009
0.6441209
0.6768462
0.6407767
0.6419976
0.6298233
0.6354857
0.6683591
0.6425083
0.6545426
0.6573981
0.6191201
0.6385893
0.6573923
0.647655
0.6570135
0.6740387
0.6280531
0.6577376
0.6486868
0.6529022
0.6394962
0.6437957
0.6342062
0.6450877
0.648509
0.6455467
0.6481264
0.6241643
0.6563963
0.6659196
0.6512644
0.6689273
0.654183
0.6582159
0.6390324
0.6463415
0.6437745
0.6442774
0.6548977
0.6501019
0.650627
0.6507675
0.6544703
0.6529862
0.6539514
0.6527387
0.6524323
0.6538221
0.6285419
0.6334309
0.6321785
0.6363708
0.6317123
0.6201674
0.6194464
0.6179219
0.6166813
0.6228712
0.6212857
0.6267343
0.6210275
0.6151753
0.6521909
0.6277018
0.6346169
0.8056156
0.7744975
0.6379571
0.6229084
0.6176732
0.6521636
0.6579343
0.6608661
0.6564354
0.6713885
0.6452026
0.6722053
0.6681271
0.6645116
0.6493941
0.6531129
0.654319
0.6528206
0.8087978
0.8211186
0.8044818
0.8102789
0.8109296
0.6510046
0.6346246
0.6393194
0.6210017
0.6381093
0.601144
0.6315914
0.6340824
0.6585385
0.654683
0.8009978
0.6504352
0.654848
0.6883732
0.6489671
0.6539452
0.6315164
0.6483021
0.672043
0.6503568
0.6662553
0.6642426
0.6291813
0.6541488
0.6659172
0.6599641
0.66275
0.6765997
0.6355066
0.668513
0.6562598
0.6578068
0.6515485
0.6545796
0.6457515
0.6488927
0.6626347
0.6590307
0.6551617
0.6329375
0.660464
0.6730029
0.6552396
0.6701611
0.6638949
0.6722309
0.6463205
0.6547406
0.6513604
0.6518588
0.6259328
0.6232315
0.6226673
0.6220542
0.6270712
0.625381
0.6254916
0.62499
0.6252407
0.6276741
0.5867259
0.5943736
0.592832
0.5946366
0.5891772
0.5964126
0.5978332
0.5984201
0.5987468
0.6022903
0.6047341
0.6066489
0.6001626
0.5985503
0.6256418
0.5863857
0.5927231
0.7939158
0.7711793
0.616086
0.582936
0.6012669
0.617623
0.6315533
0.6323791
0.6255697
0.6550194
0.6301002
0.638404
0.6345378
0.6359734
0.6173984
0.6327223
0.6311263
0.6072222
0.7953915
0.8071208
0.7913285
0.8003667
0.8018388
0.6197607
0.5945319
0.6073014
0.5952033
0.6051557
0.5591156
0.5958072
0.6068898
0.6421378
0.6212328
0.7947191
0.6231196
0.6253595
0.6651562
0.6308333
0.6363492
0.6094066
0.6193186
0.6464893
0.6240354
0.6390472
0.6353811
0.5955858
0.6173843
0.63104
0.6302171
0.6416024
0.6519442
0.6043347
0.6344839
0.6318523
0.6437934
0.6112016
0.6184943
0.619385
0.6299944
0.6423144
0.6150672
0.6397781
0.5989719
0.6378473
0.6444269
0.6339037
0.6423202
0.6323788
0.637666
0.6225873
0.6300573
0.6279608
0.6279311
0.6184784
0.6151854
0.6138261
0.615901
0.6211975
0.6165845
0.6183669
0.6180819
0.6175592
0.6202419
0.5801142
0.588772
0.5864055
0.5893855
0.584694
0.5906073
0.5922712
0.5906706
0.5906596
0.5950474
0.5956873
0.5985503
0.5927835
0.5910321
0.6193012
0.5848045
0.5868688
0.7908116
0.7622393
0.6058292
0.5673891
0.5950864
0.604461
0.6288668
0.6204165
0.6193633
0.6540721
0.6219962
0.6290139
0.622291
0.6261636
0.6074148
0.6213418
0.6206925
0.6048833
0.7897711
0.806361
0.7857654
0.7961034
0.8002977
0.6142016
0.590618
0.6026594
0.5794239
0.5925926
0.5550343
0.5893018
0.5994262
0.6365086
0.6068612
0.7881565
0.6134944
0.613585
0.6606764
0.6218745
0.6238554
0.6018903
0.6099
0.6447846
0.6103706
0.6190208
0.629156
0.5878758
0.608611
0.6215323
0.6215802
0.6410603
0.6352518
0.5978858
0.62862
0.6215846
0.6306968
0.6055969
0.6097065
0.6097224
0.6223601
0.6301567
0.6110976
0.6279107
0.5841175
0.6293207
0.6316504
0.6304018
0.6417816
0.6242146
0.6295996
0.6232243
0.6318974
0.6289293
0.6288997