0.6510141
0.6737226
0.671069
0.671069
0.671069
0.671069
0.671069
0.676507
0.6659094
0.6730307
0.671069
0.6714308
0.6695021
0.792096
0.7921519
0.7919814
0.7933296
0.7908917
0.7914699
0.7901069
0.7921582
0.7917961
0.7920276
0.7923413
0.6582269
0.6810605
0.6564669
0.6618925
0.6769005
0.6584022
0.6357827
0.6358118
0.6360805
0.6353609
0.6352226
0.6351643
0.6275518
0.6794783
0.6789344
0.6820648
0.6765342
0.7998321
0.7972651
0.6740153
0.6667695
0.6321656
0.6312565
0.7937115
0.7910384
0.8008942
0.7996211
0.7932591
0.7608506
0.8037828
0.7922426
0.7528213
0.7650895
0.8024371
0.801305
0.7957994
0.6820209
0.684709
0.6611518
0.6891965
0.6747016
0.7904782
0.7992387
0.742659
0.7502382
0.74752
0.8145654
0.8146499
0.8138576
0.8042638
0.8023191
0.8055901
0.8109578
0.8026343
0.8059806
0.6743505
0.6691671
0.6673376
0.7153099
0.6228659
0.642119
0.6506871
0.6284987
0.6318182
0.6590121
0.626265
0.6429531
0.6419853
0.6281969
0.6489547
0.6463549
0.6369472
0.6296828
0.6448569
0.6366376
0.642745
0.6558523
0.6704713
0.6678077
0.6678077
0.6678077
0.6678077
0.6678077
0.6729623
0.6627186
0.6667705
0.6678077
0.6681705
0.6671613
0.7929553
0.7930962
0.7929261
0.794695
0.7927775
0.7934332
0.7922518
0.7922518
0.7924861
0.7944109
0.7929435
0.6597575
0.6823211
0.6564248
0.6620544
0.6780642
0.6575138
0.6333626
0.6333919
0.6332241
0.6317348
0.6311574
0.6310983
0.626657
0.6796176
0.683125
0.6823038
0.676575
0.8014234
0.7990347
0.6687283
0.662182
0.6284393
0.6269835
0.7955075
0.7942027
0.7987136
0.8052319
0.7961493
0.7614339
0.8043646
0.7939501
0.7541499
0.7657527
0.8030208
0.7981871
0.7955503
0.6742137
0.6820039
0.6629991
0.6864994
0.676077
0.7963747
0.7957627
0.7461414
0.7552137
0.7474859
0.8194122
0.8198051
0.8187103
0.8044242
0.8058783
0.8105046
0.8109463
0.8041381
0.8065574
0.6690636
0.6640558
0.6616962
0.7100157
0.621967
0.6354354
0.642979
0.6238942
0.6257801
0.6527456
0.6220856
0.6399177
0.6375567
0.6212486
0.6432316
0.6430148
0.6366012
0.6203303
0.6390533
0.6331507
0.6390877
0.65086
0.6754142
0.6727682
0.6727682
0.6727682
0.6727682
0.6727682
0.6771678
0.6672143
0.6732858
0.6727682
0.6731291
0.6723494
0.792695
0.7927509
0.7925806
0.7933319
0.7888401
0.7895108
0.7880527
0.7913928
0.7900912
0.7897298
0.7905567
0.661115
0.6799814
0.6570528
0.6623651
0.6785825
0.6569786
0.6367191
0.6358774
0.6371251
0.6358626
0.6352885
0.6352302
0.6264072
0.6774842
0.6770464
0.6830288
0.6734046
0.7993285
0.7954083
0.6720173
0.6652771
0.631361
0.6299068
0.7961
0.7936878
0.7998043
0.8006307
0.7936016
0.7595103
0.8058721
0.7919047
0.75739
0.7647442
0.800589
0.7970861
0.7946159
0.6801386
0.6800803
0.6582478
0.6883317
0.6753659
0.7934767
0.7950785
0.7471155
0.7545448
0.7467108
0.8155366
0.8156184
0.8148301
0.8026934
0.8056344
0.8084652
0.808879
0.8010379
0.8052275
0.6704027
0.6641577
0.663666
0.7125542
0.6179073
0.639749
0.6428513
0.6249602
0.6289343
0.657101
0.6250199
0.6391442
0.6417199
0.6271688
0.6442926
0.6441747
0.6350655
0.6273446
0.6447048
0.6402593
0.6388539
0.6411704
0.6754957
0.673672
0.673672
0.673672
0.673672
0.673672
0.6766365
0.6628975
0.669132
0.673672
0.6740327
0.6729467
0.7869143
0.7870561
0.7868841
0.788501
0.7861251
0.7868063
0.7858513
0.7880893
0.7878144
0.7877995
0.7883732
0.647756
0.6760585
0.6490324
0.6569767
0.6722037
0.6513137
0.6311022
0.6276117
0.6307433
0.6295761
0.628996
0.6289364
0.6202521
0.6721261
0.6740609
0.6753156
0.6677043
0.7957465
0.7924794
0.6630131
0.6609066
0.6260598
0.6243801
0.7864472
0.7841071
0.8012713
0.7983984
0.7930451
0.7562687
0.8039092
0.7933902
0.7510276
0.7634253
0.8005472
0.7969575
0.7944011
0.6700815
0.6784277
0.6544979
0.6844705
0.6673942
0.7911199
0.7962256
0.7399053
0.7470606
0.7418236
0.8098655
0.8100447
0.8092346
0.797752
0.8011123
0.8025742
0.8028218
0.7936317
0.805272
0.6586565
0.6547303
0.6523373
0.7070365
0.6132345
0.6304384
0.6393804
0.6186318
0.6245991
0.6495654
0.6199055
0.6333599
0.6332791
0.6162716
0.6393874
0.6417793
0.6311097
0.6174696
0.6384542
0.6302494
0.6340789
0.6495659
0.6743574
0.672121
0.672121
0.672121
0.672121
0.672121
0.6774418
0.6651006
0.6705764
0.672121
0.672482
0.6713896
0.7926855
0.7928264
0.7926563
0.7952739
0.7925926
0.7932489
0.7919814
0.793174
0.7927268
0.7943118
0.7931834
0.6582616
0.6822965
0.6562919
0.665471
0.6806872
0.6585423
0.6321306
0.6315031
0.6329762
0.631267
0.6306891
0.6306299
0.6213099
0.6775539
0.6780326
0.6815647
0.6751179
0.7986432
0.794636
0.6721931
0.6670005
0.633532
0.6307753
0.7919087
0.7857955
0.8008794
0.8048015
0.7961349
0.7590704
0.8104252
0.7972357
0.7544052
0.7605347
0.8032581
0.8018775
0.8028464
0.6739836
0.6824871
0.6576975
0.6932149
0.6708084
0.7963603
0.8020936
0.7414976
0.74688
0.7467313
0.8141307
0.8142975
0.8134231
0.7993633
0.8007224
0.8037564
0.806111
0.7973144
0.8082898
0.6673893
0.6614345
0.6615659
0.7123093
0.6166775
0.6365195
0.6444913
0.6247411
0.6281652
0.6570812
0.6251295
0.6390275
0.6405012
0.6280444
0.6483577
0.6475719
0.6362484
0.6247103
0.636766
0.6365869
0.6388452
0.655784
0.6673923
0.665343
0.6662776
0.665343
0.665343
0.665343
0.6673138
0.6526133
0.6659659
0.665343
0.6657065
0.6663544
0.7773738
0.7777778
0.7777778
0.7808901
0.7769132
0.7750998
0.7771592
0.7836706
0.7817562
0.7762905
0.7798282
0.6536892
0.6738234
0.6540251
0.6507049
0.6702862
0.6568103
0.618867
0.6224547
0.6171622
0.6193205
0.6185092
0.6186708
0.6153908
0.6629494
0.6647251
0.6809878
0.6744438
0.7897663
0.7866422
0.6687519
0.6686909
0.6275213
0.6229927
0.7972802
0.793174
0.7964311
0.7880673
0.7895963
0.7556739
0.8095868
0.7919043
0.7570877
0.7610273
0.7950918
0.7941114
0.7889171
0.6804456
0.6728175
0.6565951
0.6996041
0.6745571
0.7940699
0.7973649
0.7478369
0.7460189
0.7430085
0.8075729
0.8082503
0.8069413
0.7966184
0.8023006
0.8063872
0.8032626
0.792909
0.805038
0.6630975
0.6541793
0.6580831
0.6917881
0.6116086
0.6418129
0.6417086
0.6206704
0.6303378
0.6544486
0.6085065
0.6335981
0.6359585
0.6192197
0.6402609
0.6473267
0.6311358
0.6163052
0.6376045
0.626236
0.6285827
0.6531142
0.6646669
0.6625049
0.6634435
0.6625049
0.6625049
0.6625049
0.6649031
0.6515211
0.6637548
0.6625049
0.6628696
0.6635112
0.7752624
0.7756676
0.7756676
0.7786167
0.7736578
0.7718433
0.7736416
0.7818389
0.7800071
0.7730421
0.777991
0.6499528
0.6704882
0.6499525
0.6466266
0.666122
0.6537128
0.6161559
0.6195354
0.6139953
0.6160505
0.6152352
0.6153971
0.6123277
0.6622971
0.6621012
0.6788151
0.6714418
0.78796
0.7849113
0.665841
0.6657935
0.6250799
0.6205379
0.7954834
0.7917961
0.7948987
0.7857345
0.7868412
0.7528345
0.8079147
0.7895034
0.754801
0.757946
0.7932103
0.7912872
0.788646
0.6777795
0.6698011
0.6530612
0.6965049
0.6695916
0.7905544
0.7946328
0.7422847
0.7434181
0.7417858
0.8048393
0.8055268
0.8040396
0.7945158
0.8010406
0.8048108
0.8006456
0.7905071
0.8026849
0.6608892
0.6518374
0.6558603
0.6883799
0.6089723
0.639463
0.6396909
0.6184347
0.6287788
0.6515081
0.6055542
0.6322652
0.634269
0.6179685
0.6381741
0.6459168
0.6276181
0.6143822
0.6360692
0.6237916
0.6267047
0.6576223
0.6687908
0.6666407
0.6675741
0.6666407
0.6666407
0.6666407
0.6674695
0.6552078
0.6661214
0.6666407
0.6670039
0.6676551
0.778435
0.7788386
0.7788386
0.781601
0.7764916
0.774677
0.7765631
0.7837761
0.7824666
0.7759567
0.7804514
0.6551075
0.6751166
0.6541769
0.6522355
0.669927
0.6584407
0.6192283
0.6237026
0.6172999
0.6204615
0.6196512
0.6198127
0.6172071
0.6652905
0.6656053
0.6837997
0.6760346
0.7885944
0.7855476
0.6672598
0.6652529
0.6273337
0.622471
0.794417
0.7909804
0.7960356
0.7878316
0.789875
0.7556773
0.8081266
0.7895405
0.7553673
0.7591421
0.7952019
0.7925194
0.7894514
0.6763322
0.6713265
0.6564301
0.6968934
0.6747156
0.791876
0.7940761
0.7466402
0.7439876
0.744299
0.8049658
0.8056532
0.8041658
0.7951406
0.8006665
0.8044423
0.801193
0.7916549
0.802812
0.6649093
0.6559039
0.6594868
0.691554
0.6140023
0.6415217
0.6420796
0.6219084
0.6310254
0.6532457
0.6087517
0.6339584
0.6369896
0.6200225
0.6402992
0.6489604
0.6308426
0.6194371
0.6372108
0.6252795
0.6272006
0.653961
0.6661219
0.6639645
0.6649011
0.6639645
0.6639645
0.6639645
0.6665631
0.6534364
0.6659399
0.6639645
0.6643286
0.6649734
0.7767475
0.7771518
0.7771518
0.7806144
0.7749732
0.7731591
0.7749571
0.782618
0.7811345
0.774442
0.7791193
0.6516509
0.6736949
0.6519782
0.6481218
0.6686083
0.6556203
0.6181671
0.6213146
0.6154531
0.617281
0.6164672
0.6166289
0.6150235
0.6612525
0.6614762
0.6800434
0.6725725
0.78796
0.7849113
0.6665635
0.6652794
0.62497
0.6199856
0.7954834
0.7927337
0.7955739
0.7872807
0.7881272
0.7525607
0.8075824
0.7901008
0.753709
0.7610998
0.7943991
0.793587
0.7897555
0.6782883
0.6711435
0.6517815
0.6988879
0.6718605
0.7911536
0.7950582
0.7460714
0.7428634
0.7433596
0.8055824
0.8062672
0.8047836
0.7949341
0.8005413
0.8043163
0.8012344
0.790678
0.8036051
0.6624486
0.6536269
0.6575342
0.6866809
0.6088588
0.6411215
0.6419001
0.6208603
0.629544
0.6508821
0.6058918
0.633786
0.635929
0.6186345
0.6394747
0.6453845
0.6288192
0.6153846
0.6371458
0.6248902
0.6281188
0.6554431
0.6674699
0.6653172
0.6662518
0.6653172
0.6653172
0.6653172
0.6685284
0.6542889
0.6659401
0.6653172
0.6656807
0.6658078
0.7782051
0.7786086
0.7786086
0.7818027
0.7740735
0.7726104
0.7740574
0.7840619
0.7824945
0.773807
0.7808268
0.652925
0.6729707
0.65081
0.6505749
0.670466
0.6569969
0.6216282
0.6252008
0.6192627
0.6199694
0.6191591
0.6193205
0.6183902
0.6617762
0.6627265
0.6802447
0.674212
0.7886173
0.785573
0.6649113
0.6669232
0.6251996
0.62088
0.7959659
0.7925367
0.7972312
0.7872551
0.7897262
0.7518115
0.8088808
0.7905862
0.7556901
0.758197
0.796066
0.7928798
0.7898147
0.6781839
0.6706266
0.6554038
0.6965975
0.6719622
0.7913837
0.7954561
0.745317
0.7422916
0.7422324
0.8064605
0.8071419
0.805663
0.794991
0.801262
0.8051116
0.802885
0.7918459
0.80366
0.6636942
0.6563571
0.6587888
0.6908649
0.6101198
0.6385836
0.6385905
0.6192188
0.6274745
0.6522411
0.6062439
0.632056
0.6343877
0.6192005
0.639373
0.6465598
0.6294824
0.6163977
0.6357532
0.6239118
0.6269319
0.652215
0.665343
0.6631833
0.6641209
0.6631833
0.6631833
0.6631833
0.6655781
0.6517892
0.664328
0.6631833
0.6635478
0.6641908
0.775819
0.7762238
0.7762238
0.7793437
0.7740412
0.772227
0.7741128
0.7816967
0.7806456
0.7735122
0.7786303
0.6506451
0.6717825
0.6510746
0.6478573
0.6672108
0.6538734
0.6156584
0.6188171
0.613721
0.6152165
0.6144003
0.6145622
0.6121655
0.6618278
0.6619455
0.6806039
0.673239
0.7883315
0.7851993
0.6645491
0.6636834
0.6245906
0.6193833
0.794917
0.7913989
0.7954339
0.7874823
0.7879002
0.7518665
0.8081075
0.7888497
0.7542001
0.7575295
0.7933244
0.7924249
0.7888466
0.6781344
0.6699557
0.6514096
0.6967501
0.6713964
0.7901558
0.7935543
0.7441724
0.7417906
0.7409892
0.8060217
0.8067048
0.8052235
0.7953805
0.8012345
0.8050024
0.8012623
0.7905367
0.8033818
0.661462
0.6523132
0.6558092
0.6870287
0.6071049
0.6406275
0.6407444
0.6197093
0.6292753
0.6507273
0.6064053
0.6327585
0.6342176
0.6179188
0.6384487
0.6441612
0.6283327
0.6146671
0.6356957
0.6252793
0.627743
0.6559359
0.6653681
0.6632072
0.6641454
0.6632072
0.6632072
0.6632072
0.6632112
0.6499921
0.6617429
0.6632072
0.6635718
0.6642153
0.7764294
0.7768341
0.7768341
0.7798662
0.7732483
0.7714327
0.77332
0.7811788
0.7811678
0.7726331
0.7791516
0.6508736
0.6719152
0.651411
0.6478718
0.6671334
0.6549523
0.6193397
0.6224835
0.6168527
0.6195705
0.6187591
0.6189207
0.6144061
0.6634165
0.6636335
0.6804339
0.6737819
0.7867984
0.7834832
0.6669504
0.6665896
0.6265666
0.62192
0.7951833
0.7916637
0.7946003
0.7855118
0.7875637
0.7523063
0.8070457
0.7880008
0.7554582
0.7585103
0.7900092
0.7902998
0.7863707
0.6795907
0.671636
0.6544118
0.6968934
0.6718374
0.7886185
0.7924542
0.7444273
0.7427856
0.7417072
0.8050484
0.8057356
0.8042485
0.7963939
0.8003334
0.8041123
0.7997611
0.7890901
0.8014706
0.663251
0.6542246
0.6582347
0.6898623
0.6102731
0.6408588
0.6411966
0.6214685
0.630589
0.6550127
0.6072927
0.6346093
0.6348884
0.6200225
0.6400828
0.6474747
0.6296444
0.6156629
0.6368878
0.6253892
0.6289403
0.653565
0.664589
0.6624268
0.6633656
0.6624268
0.6624268
0.6624268
0.6657596
0.6527197
0.6648223
0.6624268
0.6627916
0.663433
0.7771123
0.7775164
0.7775164
0.7804566
0.775952
0.7741383
0.775936
0.7828929
0.7818427
0.7753313
0.7798282
0.6510421
0.6724809
0.6515798
0.647616
0.6675993
0.6550122
0.6164107
0.619232
0.6148118
0.6167529
0.6159385
0.6161003
0.613034
0.6607561
0.6611898
0.6798636
0.6729059
0.7877186
0.7847546
0.6659701
0.6652023
0.6264262
0.6206786
0.7949876
0.7912988
0.7941527
0.7862655
0.7871137
0.753035
0.8071802
0.7890057
0.7534537
0.7574214
0.7927998
0.7917284
0.7891732
0.6799385
0.6687923
0.6525558
0.695931
0.6729146
0.7902266
0.7930279
0.7438764
0.7414936
0.7417121
0.8051006
0.8057871
0.8043012
0.7952827
0.8010544
0.8044947
0.8015005
0.7916314
0.8029498
0.6588309
0.6505986
0.6537891
0.6885034
0.6084367
0.6397137
0.6398309
0.6196789
0.6291364
0.6513265
0.6054735
0.6327293
0.6345202
0.6193305
0.638203
0.6461575
0.6268823
0.6153042
0.6356669
0.6233818
0.626952
0.6548881
0.6676512
0.665499
0.6664333
0.665499
0.665499
0.665499
0.6674689
0.6546859
0.6658102
0.665499
0.6658624
0.6666146
0.7775798
0.7779836
0.7779836
0.7808346
0.7761588
0.7743454
0.7761429
0.783183
0.7821332
0.7755378
0.7801192
0.6525803
0.6734614
0.653124
0.6502285
0.6680649
0.656336
0.6185941
0.6221829
0.6163298
0.6180438
0.6172311
0.6173927
0.6139953
0.6637313
0.6632201
0.6806287
0.6733668
0.7893699
0.7864153
0.6670533
0.666795
0.6272524
0.6212909
0.7965456
0.7932031
0.7969646
0.7893808
0.7897114
0.7549828
0.8087017
0.7909975
0.7570325
0.7601626
0.7957133
0.7935457
0.7901408
0.6818112
0.6722507
0.655058
0.6993529
0.6737869
0.7927355
0.7956117
0.7453904
0.7440288
0.7429539
0.8071059
0.8076209
0.8063091
0.7968966
0.8027428
0.8055919
0.8028711
0.7919165
0.8058151
0.662631
0.6551778
0.6581363
0.6916363
0.6075918
0.641871
0.6420976
0.620841
0.6301785
0.6539827
0.6066618
0.6324616
0.6335822
0.6200562
0.638369
0.6461067
0.6291259
0.6151435
0.6365861
0.6237719
0.6284244
0.6794902
0.7013362
0.6999772
0.6992853
0.6999772
0.6999772
0.6999772
0.7008268
0.6976602
0.7006839
0.6999772
0.6999316
0.6988706
0.7992283
0.7993686
0.7992002
0.799523
0.7975387
0.7981774
0.7972707
0.8003087
0.7963145
0.7985571
0.7963379
0.6638045
0.6825151
0.6550091
0.6551833
0.6834411
0.6616943
0.6614685
0.6606555
0.6611272
0.6537885
0.6537612
0.6536004
0.6519577
0.6937171
0.6972136
0.7001223
0.7033167
0.8062743
0.8027363
0.6943685
0.6920166
0.6682428
0.6630916
0.8038059
0.8014876
0.8080689
0.8079978
0.805319
0.7764596
0.8233308
0.8034791
0.768095
0.7823105
0.8072121
0.8037527
0.7982616
0.7107935
0.6909815
0.6820473
0.7178099
0.6961494
0.8090814
0.8133881
0.7590651
0.7707943
0.7564926
0.8185553
0.819435
0.8176088
0.8015489
0.8150845
0.8144393
0.8068126
0.8049923
0.8140309
0.7013065
0.6958169
0.6960309
0.7141789
0.6452563
0.6713376
0.6747122
0.6528429
0.6525836
0.6733496
0.6538612
0.6695854
0.6732212
0.659508
0.6694221
0.6681899
0.6586602
0.6595197
0.6734662
0.667106
0.671355
0.674263
0.701705
0.7007388
0.7002438
0.7007388
0.7007388
0.7007388
0.7010952
0.6942181
0.6996644
0.7007388
0.7006932
0.6995334
0.7977742
0.7979151
0.7977457
0.7985779
0.7982802
0.798918
0.7979271
0.8002111
0.7956951
0.7994666
0.7957201
0.6659633
0.6844758
0.6597239
0.6616689
0.6863017
0.6662743
0.6597419
0.6574446
0.6600315
0.6521257
0.6520982
0.6519363
0.6524217
0.6875385
0.6899931
0.6937832
0.6970622
0.8031893
0.7998737
0.6908342
0.6893772
0.6692559
0.6608635
0.8016086
0.7991962
0.8084099
0.8073401
0.802722
0.7749621
0.8202854
0.8063186
0.7679855
0.7790948
0.8040398
0.8032453
0.8008558
0.7058155
0.6923313
0.6785714
0.7191832
0.6932097
0.8096772
0.8151507
0.7545621
0.7699819
0.7537943
0.8150954
0.8163167
0.8143861
0.800791
0.8145417
0.812917
0.80489
0.8028941
0.8139745
0.700788
0.6948817
0.6941042
0.7077966
0.6452746
0.6673875
0.6724894
0.6530932
0.6491117
0.6712098
0.6506279
0.667808
0.6687858
0.6564095
0.6644949
0.6700279
0.656299
0.658319
0.6658385
0.6615661
0.6673367
0.6825152
0.7037654
0.7028052
0.7022148
0.7028052
0.7028052
0.7028052
0.7048238
0.6994198
0.7064519
0.7028052
0.7027601
0.7016141
0.7985965
0.7987368
0.7985682
0.7983854
0.7996912
0.8003218
0.7994243
0.8011917
0.7955953
0.8012019
0.7956204
0.6706266
0.690194
0.6633197
0.6642974
0.6907658
0.6691905
0.6719527
0.670428
0.6720305
0.6642941
0.6641633
0.6640063
0.6642684
0.6916902
0.6957976
0.7032632
0.7093444
0.8086347
0.8056116
0.6968113
0.6972118
0.670072
0.6645191
0.8025021
0.7992549
0.810174
0.8114321
0.8131457
0.7773867
0.8194636
0.8056059
0.7720551
0.7771162
0.8109837
0.8055497
0.8035864
0.708236
0.6964449
0.6854845
0.7228672
0.7003799
0.8143384
0.8150775
0.7533094
0.7681808
0.7582666
0.8200465
0.8213215
0.8194254
0.8021697
0.8164231
0.8171507
0.8075203
0.8051167
0.8166147
0.7041139
0.6985483
0.6963961
0.7164491
0.6482452
0.673844
0.6790885
0.6542902
0.6532999
0.6725137
0.6572964
0.6697653
0.672565
0.660738
0.6677336
0.6709428
0.6605155
0.658763
0.671804
0.6660461
0.6734694
0.6724433
0.6960336
0.695161
0.6944635
0.695161
0.695161
0.695161
0.693036
0.6922013
0.694576
0.695161
0.6951145
0.6938291
0.7945032
0.7946441
0.7944742
0.7943747
0.7932203
0.7938754
0.7926941
0.7958421
0.7914782
0.7945148
0.7916843
0.6637244
0.6824487
0.6548155
0.6581593
0.6819548
0.6641311
0.6610715
0.6616229
0.6619895
0.654974
0.6549468
0.6547863
0.6538886
0.6870393
0.6886901
0.6891392
0.6937638
0.798178
0.7952629
0.6932198
0.6911653
0.6647484
0.6586298
0.7974004
0.796517
0.8035154
0.8044329
0.8030791
0.7714203
0.8210832
0.7997195
0.7641503
0.7740751
0.8013747
0.7996485
0.7950629
0.7036252
0.6894143
0.673125
0.7152553
0.6903977
0.8074339
0.8115881
0.7480153
0.763028
0.7499083
0.8133774
0.8141975
0.8123407
0.7951447
0.8128228
0.8129161
0.8028931
0.7993814
0.8104193
0.6960316
0.6893004
0.6888194
0.7064931
0.6374559
0.6664801
0.6708367
0.6476818
0.6453626
0.6714537
0.6480697
0.6647471
0.6680946
0.651203
0.6635053
0.6648019
0.6511026
0.6528148
0.6637182
0.657866
0.6641924
0.6748428
0.6984611
0.6973925
0.6966969
0.6973925
0.6973925
0.6973925
0.6986458
0.6943506
0.6997868
0.6973925
0.6973463
0.6962713
0.7943437
0.7944848
0.7943147
0.7957444
0.7949333
0.7955824
0.7944935
0.797126
0.791487
0.7961349
0.7915227
0.6633307
0.6841168
0.6570639
0.6588124
0.6827012
0.6645748
0.6659107
0.6649973
0.6647358
0.6584848
0.6583523
0.658193
0.6585654
0.6908993
0.6939258
0.6927103
0.6980816
0.7984436
0.7952739
0.6953451
0.6927912
0.6685031
0.6576028
0.7962216
0.795339
0.8064471
0.802103
0.8017525
0.7717713
0.8193146
0.799986
0.7659358
0.7778576
0.8039916
0.8
0.7987933
0.7041635
0.6897558
0.6802737
0.7151158
0.6894329
0.8069512
0.8108618
0.7527662
0.7644541
0.7506238
0.8127454
0.813813
0.8118709
0.7985007
0.8121897
0.8109781
0.8037495
0.7992262
0.8102739
0.6998259
0.6931265
0.6934418
0.7138045
0.6464687
0.6679987
0.672665
0.6494983
0.6498582
0.6666922
0.6510498
0.6694343
0.6691783
0.6561888
0.6670839
0.6687597
0.6559737
0.6568367
0.6695269
0.6636314
0.6676185
0.6779307
0.7044525
0.7032967
0.7028052
0.7032967
0.7032967
0.7032967
0.704138
0.6982271
0.7048845
0.7032967
0.7032517
0.702207
0.7957231
0.7958638
0.7956944
0.7969497
0.7956338
0.7962794
0.7949405
0.797398
0.7927922
0.7968301
0.7928245
0.669697
0.6877699
0.6619552
0.6625215
0.6878546
0.6701248
0.6697812
0.6686667
0.6687188
0.6628298
0.6626987
0.6625411
0.6618615
0.6901883
0.6919207
0.6963054
0.7001366
0.8045689
0.801523
0.698684
0.6965242
0.6683199
0.6624427
0.803175
0.7995081
0.8109156
0.8052084
0.8039407
0.7702312
0.8203605
0.8046057
0.7599796
0.7751832
0.8070861
0.8037939
0.8019982
0.7069694
0.696246
0.6815079
0.7197027
0.6955228
0.8111971
0.8140878
0.7542206
0.7688032
0.7544565
0.8194815
0.8206788
0.8188599
0.8000138
0.8169101
0.81618
0.8051821
0.8027735
0.8170242
0.7035278
0.6959848
0.6952107
0.7146272
0.6518847
0.6708871
0.6761557
0.6539752
0.6507587
0.6727162
0.6526801
0.6686308
0.6729843
0.6593784
0.6687729
0.6705318
0.6637409
0.6619981
0.673031
0.6668734
0.6713287
0.6749166
0.6938479
0.6928724
0.6921723
0.6928724
0.6928724
0.6928724
0.6949359
0.689185
0.6945824
0.6928724
0.6928255
0.6917287
0.7913781
0.7915194
0.7913486
0.7918463
0.7923088
0.7929674
0.7919525
0.7935734
0.7881644
0.7937782
0.7882087
0.6634104
0.6834727
0.6534293
0.6575246
0.6836837
0.6606637
0.6614902
0.6604662
0.6617785
0.6544408
0.6543074
0.6541466
0.6522907
0.6856308
0.6861828
0.690054
0.6936703
0.7977
0.7954593
0.6934246
0.6915675
0.6662005
0.6584185
0.7961522
0.7930547
0.8038778
0.8032064
0.8040285
0.7685064
0.8171104
0.7992422
0.7619221
0.7751564
0.8013189
0.7990855
0.7960216
0.7070593
0.6898219
0.6776731
0.7139082
0.6888957
0.8066279
0.8097902
0.7473886
0.763049
0.7513014
0.8110345
0.8122724
0.8104043
0.7955905
0.8094909
0.8104148
0.8014065
0.7986492
0.8106979
0.6970272
0.6912011
0.6898233
0.7087371
0.6435351
0.6662667
0.6727417
0.6483137
0.6458926
0.6693197
0.6481714
0.6660964
0.6671431
0.6522593
0.6655969
0.6671839
0.6536352
0.6546053
0.6668215
0.6581784
0.6611891
0.679381
0.7010646
0.7000989
0.6996041
0.7000989
0.7000989
0.7000989
0.7024279
0.6969813
0.7025836
0.7000989
0.7000533
0.6989913
0.7957444
0.7958853
0.7957156
0.7959558
0.7976903
0.7983294
0.7970831
0.7976761
0.7921261
0.7991306
0.7921602
0.6651308
0.6838395
0.6590999
0.6599953
0.6842511
0.6665883
0.6649969
0.6639774
0.6653885
0.6579817
0.6578492
0.6576896
0.6579569
0.6910289
0.693557
0.6991496
0.6997947
0.8042705
0.8022239
0.6933901
0.6939084
0.669149
0.6575225
0.800846
0.7986899
0.8083154
0.8084943
0.8063142
0.7742913
0.8218061
0.8008694
0.7655263
0.7784238
0.8057906
0.8036603
0.8025322
0.7112199
0.6949969
0.6800964
0.714372
0.6929731
0.8103292
0.8135593
0.7546286
0.7684241
0.753223
0.8139327
0.8145886
0.8128961
0.797958
0.8147664
0.8147716
0.8048832
0.8022179
0.8158479
0.7026067
0.6962294
0.6965423
0.7139328
0.6472461
0.6706821
0.6759612
0.6519527
0.6487105
0.6716098
0.6536055
0.6691508
0.6725748
0.6570556
0.6698157
0.6715667
0.6589365
0.660529
0.6680084
0.6637609
0.6663061
0.6716673
0.6887747
0.6876918
0.6871881
0.6876918
0.6876918
0.6876918
0.6880699
0.6845643
0.6902153
0.6876918
0.6876439
0.6865223
0.791184
0.7913252
0.7911544
0.7913105
0.7909181
0.7915815
0.7902187
0.7915017
0.7877135
0.791969
0.7877589
0.6556952
0.6731414
0.6456743
0.6483473
0.6728994
0.6542683
0.6529936
0.6516384
0.6542402
0.6463918
0.6462563
0.6460928
0.6438955
0.6826338
0.6855172
0.6865487
0.6894044
0.799104
0.7957722
0.6899756
0.6883255
0.6617842
0.6551185
0.7954449
0.7908936
0.8043478
0.8050995
0.7999719
0.767425
0.8198534
0.8026573
0.7607429
0.773555
0.8025496
0.8014174
0.7974319
0.6999241
0.6830904
0.6729673
0.709841
0.685
0.8083485
0.8100894
0.7484942
0.7591703
0.7467088
0.8090307
0.8099498
0.8079873
0.7941402
0.8072347
0.8069365
0.8002814
0.7978611
0.8107469
0.6904091
0.683828
0.6831433
0.7055547
0.6347882
0.6634353
0.667811
0.6429527
0.6426367
0.6638507
0.6443011
0.6619894
0.6629518
0.6511555
0.6584081
0.6626731
0.6492537
0.6496975
0.661175
0.6573973
0.6619697
0.6791022
0.6957385
0.6950642
0.6945655
0.6950642
0.6950642
0.6950642
0.6962257
0.6916981
0.7003426
0.6950642
0.6950176
0.6939308
0.7963798
0.7965206
0.7963511
0.7972688
0.7951867
0.7958351
0.7945767
0.798395
0.7940429
0.7963874
0.7943267
0.6699354
0.6845814
0.6588078
0.6623305
0.6862021
0.6683881
0.6637674
0.6634796
0.6644737
0.655254
0.6551207
0.6549601
0.6558657
0.6909579
0.6925895
0.6934739
0.6964544
0.8009658
0.7979784
0.6953054
0.6977815
0.6696913
0.6641257
0.800127
0.7955926
0.8061168
0.8092018
0.804436
0.7699826
0.8164526
0.7993962
0.7670875
0.7775862
0.804328
0.8007593
0.7968508
0.7125122
0.6903171
0.6773464
0.7152778
0.6894911
0.8092073
0.8121944
0.7506425
0.7647102
0.7528946
0.8140576
0.8149571
0.813021
0.7979994
0.8141569
0.8134313
0.8037508
0.8040233
0.8133389
0.6973215
0.6895973
0.690614
0.7091319
0.6481305
0.6709214
0.6759892
0.653768
0.6535136
0.6775004
0.6553125
0.6705189
0.6751185
0.6586569
0.6710875
0.6712848
0.6604259
0.6613897
0.6727609
0.6688639
0.6733031
0.6472079
0.674397
0.6717439
0.6717439
0.6717439
0.6717439
0.6717439
0.6748238
0.6622907
0.6693668
0.6717439
0.6721057
0.6706984
0.7917197
0.791861
0.7916902
0.792614
0.787681
0.7883568
0.7868911
0.7903271
0.7896227
0.7890907
0.7900903
0.6574299
0.6810211
0.6514023
0.6563631
0.6753196
0.6542078
0.6313257
0.6294869
0.6312961
0.6301293
0.6296594
0.6295999
0.6238103
0.6737005
0.673065
0.6745202
0.6686639
0.7975314
0.7942728
0.6630367
0.6549844
0.6245192
0.6234983
0.7901621
0.7905741
0.7974195
0.8006034
0.7916902
0.751597
0.8013208
0.7920373
0.7519266
0.7583668
0.8018233
0.7957816
0.7945813
0.6727893
0.6734281
0.6579197
0.6850151
0.6698069
0.7895821
0.7957263
0.7413704
0.7454719
0.7393782
0.8156087
0.8157714
0.8149014
0.7975976
0.8017104
0.8048241
0.8060245
0.80059
0.8009269
0.6596193
0.6552749
0.6534095
0.7097065
0.6160482
0.6298792
0.6375
0.6172978
0.6219453
0.6537628
0.6161324
0.6345618
0.6342852
0.6158192
0.6371122
0.6355333
0.6231071
0.6171309
0.6307753
0.6329779
0.6281176
0.6440893
0.6729608
0.6707232
0.6707232
0.6707232
0.6707232
0.6707232
0.6740037
0.6625411
0.6673146
0.6707232
0.6710842
0.6731874
0.7887195
0.7887752
0.7886041
0.7891877
0.7889643
0.787156
0.788093
0.7882644
0.7902976
0.7881457
0.7883762
0.6529555
0.6787513
0.6503082
0.6532569
0.6744977
0.6511958
0.6280747
0.6284341
0.6267244
0.627976
0.6273959
0.6273362
0.6203256
0.6707223
0.6711218
0.6759612
0.6694055
0.7982536
0.7942496
0.6661768
0.6577582
0.6224906
0.6232335
0.79118
0.7929503
0.7991486
0.8003078
0.7921859
0.7568139
0.8059566
0.7916813
0.7549621
0.7629597
0.8023613
0.795584
0.7934569
0.6752506
0.6789571
0.6539464
0.6876056
0.6708537
0.7923115
0.7932302
0.74375
0.75157
0.7438989
0.8131604
0.8134109
0.8124528
0.7994748
0.8000833
0.8021265
0.8083757
0.8002941
0.8053967
0.6607101
0.6554438
0.6536901
0.7095929
0.6092591
0.6282388
0.6371854
0.6157233
0.6202471
0.6521672
0.6130016
0.6310054
0.6386195
0.6156879
0.6375657
0.637499
0.625807
0.6138813
0.6289683
0.6314912
0.6294685
0.6420802
0.6677824
0.6652109
0.6652109
0.6652109
0.6652109
0.6652109
0.6679104
0.6556485
0.6645851
0.6652109
0.665575
0.6673697
0.7870246
0.787338
0.7871662
0.7884384
0.7873547
0.7855423
0.7865655
0.7857903
0.7887812
0.7862801
0.7867694
0.6506736
0.6773116
0.6506768
0.6524616
0.6719162
0.6469655
0.6254323
0.623913
0.6249598
0.6234488
0.6229746
0.6229138
0.6177494
0.6672894
0.6661487
0.6715078
0.6652384
0.794834
0.7916491
0.6579337
0.6501717
0.6192771
0.618589
0.7892307
0.7874122
0.7962431
0.7981606
0.7887962
0.753952
0.799466
0.7911111
0.7513565
0.7577943
0.8006449
0.7952784
0.7936564
0.6714441
0.6716661
0.6533618
0.6809218
0.6674196
0.7910554
0.7940282
0.7395964
0.7452754
0.7399335
0.8117558
0.8116847
0.8110453
0.794927
0.7975336
0.8007618
0.8042595
0.79806
0.8005892
0.6537559
0.6488544
0.6471882
0.7061565
0.6096824
0.627343
0.6352047
0.6123663
0.6173486
0.649395
0.6107442
0.6304712
0.6336666
0.6110797
0.6327887
0.6319975
0.6191928
0.6111739
0.6262449
0.6272444
0.6228203
0.6441805
0.6726569
0.6704166
0.6704166
0.6704166
0.6704166
0.6704166
0.6723671
0.6619089
0.6674187
0.6704166
0.6707781
0.6725732
0.7893957
0.7895369
0.7893659
0.7898638
0.7887852
0.7869756
0.7879989
0.7874841
0.7906321
0.7877099
0.7887096
0.6538975
0.6787597
0.6511499
0.6546226
0.6738878
0.6507585
0.6279368
0.6279666
0.628237
0.6280581
0.6275879
0.6275281
0.6227357
0.6704158
0.6705082
0.6708021
0.6657852
0.7975799
0.7943302
0.6624495
0.6536817
0.6221279
0.6221014
0.7887714
0.7895295
0.7988124
0.799888
0.7902202
0.7540564
0.8052937
0.7921008
0.7522869
0.7583448
0.8037847
0.797527
0.7956522
0.6744384
0.6752845
0.6562747
0.6854988
0.6735326
0.7915369
0.7932254
0.7407435
0.7457602
0.7412649
0.8124356
0.8126071
0.8117267
0.7938868
0.7992495
0.8017968
0.8066341
0.7988635
0.8037311
0.6579931
0.6536509
0.6514701
0.7091386
0.611369
0.6259555
0.6347159
0.6143545
0.6203243
0.6524697
0.6138534
0.6325038
0.6388192
0.6143122
0.6341697
0.6340206
0.6212691
0.6135083
0.6279606
0.6298329
0.6270515
0.6423016
0.6685074
0.6660433
0.6660433
0.6660433
0.6660433
0.6660433
0.6687379
0.6567105
0.6637514
0.6660433
0.666407
0.6682017
0.7884575
0.7885989
0.7884275
0.7890979
0.7886167
0.7868053
0.7878294
0.7869701
0.7896968
0.7871123
0.7876862
0.6521637
0.6771036
0.6501465
0.6515092
0.6712967
0.6487921
0.6263259
0.6262456
0.6262959
0.6254525
0.6249799
0.6249195
0.6193246
0.6684292
0.6670806
0.6684923
0.6628433
0.7973389
0.7938304
0.6582496
0.6500702
0.6178457
0.6183788
0.7904931
0.7899618
0.7968903
0.8004063
0.791505
0.7533856
0.8000281
0.7921071
0.7518869
0.7601221
0.8019601
0.7950814
0.7934599
0.6717516
0.6744457
0.6543239
0.6825483
0.668767
0.7907718
0.7951092
0.7401389
0.7441501
0.7398242
0.8134405
0.8136093
0.812732
0.7956534
0.7985942
0.8021438
0.8049839
0.800561
0.8018214
0.6559669
0.6517144
0.6497374
0.7054666
0.6100367
0.6254321
0.6340965
0.6121563
0.6160232
0.6497131
0.6099742
0.6293874
0.6331193
0.6109808
0.6331252
0.6311352
0.6183175
0.6109631
0.6258167
0.6262675
0.6220629
0.6438476
0.6690497
0.6665888
0.6665888
0.6665888
0.6665888
0.6665888
0.6694856
0.6582219
0.6647169
0.6665888
0.6669521
0.6687461
0.7880781
0.7882195
0.7880481
0.7887185
0.7879796
0.7861689
0.7871918
0.7866761
0.7890608
0.7869049
0.7870508
0.6515616
0.67661
0.649327
0.6505872
0.6707014
0.6484004
0.6264857
0.6264054
0.6257935
0.625613
0.6251407
0.6250804
0.6187091
0.6684542
0.6674164
0.6696617
0.6645377
0.7956967
0.7927738
0.6597417
0.6511574
0.619785
0.6185435
0.7891673
0.788896
0.7974391
0.7988502
0.7912111
0.7513557
0.8024233
0.7914729
0.7523245
0.7596482
0.8016656
0.7952113
0.7933361
0.6719802
0.6740563
0.6559513
0.6831752
0.6695159
0.7909909
0.7948138
0.7404975
0.7449655
0.7406478
0.8128221
0.8129925
0.8121133
0.7947774
0.798386
0.8019357
0.8046886
0.7990877
0.8006868
0.6543181
0.6500588
0.6479724
0.7055685
0.6098695
0.6262743
0.6348117
0.6124367
0.6180824
0.6510026
0.6103687
0.6308538
0.6337205
0.6116003
0.6331707
0.6324861
0.6189254
0.6114696
0.6248805
0.6270835
0.6226625
0.6429364
0.6687908
0.6663293
0.6663293
0.6663293
0.6663293
0.6663293
0.6671588
0.6569021
0.6633099
0.6663293
0.6666926
0.6684863
0.7882794
0.7884208
0.7882494
0.7891762
0.7884384
0.786628
0.7876513
0.787222
0.7895183
0.7873632
0.7875088
0.6529939
0.6775846
0.6510911
0.6524477
0.67168
0.6495253
0.6285279
0.6283377
0.6281681
0.6276587
0.6270778
0.6270179
0.6211095
0.6704687
0.6692224
0.6708554
0.66459
0.7958941
0.7925483
0.6596903
0.651947
0.618738
0.6184939
0.7892832
0.7890116
0.7965413
0.7994675
0.7902167
0.7533104
0.8017797
0.7918428
0.7506231
0.7582394
0.8014418
0.7948158
0.7927713
0.6727498
0.674415
0.655581
0.6824111
0.6685328
0.7905922
0.7947577
0.7387674
0.7451874
0.7417072
0.8130925
0.8133434
0.8124656
0.7956422
0.7986647
0.8019631
0.8051339
0.7993686
0.8005466
0.6571005
0.652857
0.6508843
0.7062932
0.6103864
0.6254318
0.6339789
0.6122761
0.6171429
0.6492792
0.6093121
0.630149
0.6330029
0.6113265
0.6320256
0.6317839
0.6176565
0.6109722
0.6254879
0.6265954
0.6211868
0.6489748
0.6741686
0.6718314
0.6718314
0.6718314
0.6718314
0.6718314
0.6741851
0.6649198
0.6701847
0.6718314
0.6721921
0.6742959
0.7894997
0.7895554
0.7893845
0.7903089
0.7895741
0.7877655
0.7889604
0.7887035
0.7926082
0.7884981
0.7906879
0.6515485
0.676781
0.6521945
0.654918
0.6721134
0.6488175
0.6260535
0.6243169
0.6244777
0.6241859
0.6236023
0.6235417
0.6183902
0.6733715
0.6732505
0.6768634
0.6695868
0.7979311
0.7932463
0.6646011
0.6582494
0.6227804
0.6237426
0.7911061
0.7921106
0.7994137
0.8007414
0.793557
0.7590773
0.8042202
0.7928828
0.753781
0.762067
0.800196
0.7972888
0.7955836
0.6748187
0.6757677
0.6564645
0.6867794
0.6709322
0.7955587
0.7945205
0.7401342
0.7491034
0.7427878
0.811383
0.8118018
0.8106733
0.7979099
0.7995139
0.800567
0.8072281
0.7992148
0.80691
0.6623457
0.6569849
0.6557581
0.7137208
0.6138469
0.6292107
0.6372597
0.616788
0.6206482
0.6524494
0.6122892
0.6308586
0.6379227
0.6156446
0.6376384
0.6371401
0.6272995
0.612498
0.6272951
0.6297121
0.6322438
0.6456699
0.6750581
0.6727188
0.6727188
0.6727188
0.6727188
0.6727188
0.6764047
0.6650729
0.6698304
0.6727188
0.6730799
0.671679
0.7929478
0.7930037
0.7928335
0.7929891
0.7898648
0.790532
0.7890785
0.7915606
0.7923077
0.7910059
0.7928511
0.6535829
0.67932
0.6502931
0.6562132
0.6748509
0.6510763
0.6275613
0.6267085
0.626538
0.6270205
0.6264382
0.626378
0.6176637
0.6708615
0.6719814
0.6787879
0.6735611
0.7992443
0.7943058
0.666098
0.6607779
0.6256
0.6258987
0.7903707
0.7912951
0.796944
0.7975119
0.7919814
0.7590432
0.8045365
0.791987
0.7504405
0.7617698
0.7984823
0.7953039
0.7922362
0.6726301
0.6764546
0.6554316
0.6863682
0.6674719
0.7921921
0.7926855
0.74108
0.7484955
0.741695
0.8133425
0.813593
0.812715
0.7997091
0.8010704
0.8023666
0.8059639
0.7983406
0.8050622
0.6639472
0.6588996
0.657359
0.712136
0.6123115
0.6317645
0.6396903
0.6194974
0.6233652
0.6548659
0.6157861
0.6351856
0.6370274
0.6190361
0.6418564
0.6405756
0.6307619
0.6162267
0.6312947
0.6324079
0.6345972
0.6486444
0.6726666
0.6703194
0.6703194
0.6703194
0.6703194
0.6703194
0.6740207
0.6647331
0.6690793
0.6703194
0.6706815
0.6695795
0.79214
0.7921959
0.7920254
0.792522
0.7891383
0.789808
0.7883512
0.7910068
0.7914136
0.7902828
0.7920451
0.6560955
0.6802141
0.6535757
0.659139
0.6761566
0.6541407
0.6300722
0.6292225
0.6278416
0.6282134
0.6276322
0.6275723
0.6219945
0.6765911
0.6770737
0.6781439
0.6738423
0.7978567
0.7938405
0.6660723
0.6595068
0.6230467
0.6268657
0.7894699
0.7920232
0.7987545
0.7998317
0.7941529
0.7584622
0.8029018
0.7939023
0.7517783
0.7597497
0.7998737
0.7967892
0.7938094
0.6720892
0.6764273
0.6572128
0.686137
0.6699331
0.7925784
0.7941822
0.7393684
0.7491016
0.7425874
0.8126462
0.8128988
0.8119364
0.7995014
0.8008619
0.8020761
0.8071733
0.7977915
0.806188
0.6647516
0.6596059
0.6582762
0.7144138
0.6181508
0.6288202
0.6378916
0.6184832
0.6221294
0.6542179
0.616656
0.6349471
0.6382203
0.6176826
0.6424821
0.6413052
0.6311769
0.6169871
0.6306213
0.6336909
0.6346837
0.6504701
0.6768076
0.6744727
0.6744727
0.6744727
0.6744727
0.6744727
0.6767185
0.6663271
0.6727259
0.6744727
0.6748333
0.6734408
0.7923463
0.7924875
0.7923169
0.7926433
0.7894289
0.7900982
0.7887274
0.7900999
0.7906796
0.7907436
0.7911437
0.6594828
0.6834198
0.6552923
0.6598949
0.6775217
0.6573388
0.6347784
0.6340429
0.633875
0.6335896
0.6331223
0.6330635
0.6270818
0.676523
0.674859
0.6737434
0.6693367
0.7968004
0.7931981
0.6672352
0.6591103
0.628973
0.6294849
0.7912228
0.7899178
0.7992159
0.8010519
0.7919757
0.7535552
0.8017695
0.7951281
0.7545222
0.7619221
0.8037802
0.7966591
0.7935915
0.676532
0.6775893
0.6593511
0.6843528
0.6718228
0.7925291
0.7968617
0.7415016
0.7484577
0.7432303
0.8150643
0.8153909
0.8143564
0.7971246
0.8022375
0.8055939
0.8046283
0.7993532
0.8038103
0.6635296
0.6596259
0.6576668
0.7099437
0.6199286
0.6374408
0.6445347
0.6242018
0.6280707
0.6605561
0.6212885
0.6414317
0.6391051
0.6217758
0.6430277
0.6421685
0.6286603
0.6217409
0.6361476
0.6370488
0.6330616
0.6523659
0.6768802
0.67506
0.67506
0.67506
0.67506
0.67506
0.6776087
0.6676579
0.6738304
0.67506
0.6754202
0.6743408
0.7936407
0.7936967
0.7935265
0.7945321
0.7923555
0.7930136
0.7915724
0.7930231
0.7947869
0.7933995
0.795322
0.6581981
0.6827757
0.6559072
0.6619696
0.6791258
0.6566811
0.6350919
0.6327168
0.6332053
0.6335762
0.6329996
0.6329408
0.6255233
0.6793545
0.6812486
0.6823502
0.6780446
0.800014
0.7954194
0.6731734
0.6650958
0.6268788
0.6302374
0.7924408
0.7942942
0.8001538
0.8032466
0.7965816
0.760944
0.8061403
0.7956528
0.7541008
0.764467
0.8014443
0.7983678
0.7957276
0.6762979
0.6747885
0.6604904
0.6887743
0.6724138
0.7939137
0.7954304
0.7401464
0.7519766
0.7461369
0.8138495
0.8140986
0.813304
0.8013836
0.8022505
0.8036233
0.8094806
0.8011368
0.807746
0.6687834
0.6640783
0.6627555
0.7158751
0.6220441
0.632735
0.6390996
0.6223234
0.6243183
0.6548365
0.6194024
0.6374246
0.6419504
0.6213241
0.6431185
0.6435448
0.6320312
0.6212899
0.6297327
0.6355192
0.6363923
0.6528828
0.6768458
0.6745141
0.6745141
0.6745141
0.6745141
0.6745141
0.6785935
0.6691917
0.6737984
0.6745141
0.6745663
0.673793
0.7930937
0.7932347
0.7929795
0.7933051
0.7907831
0.7914465
0.7899986
0.7924755
0.7933051
0.7917488
0.7938449
0.6568112
0.6815119
0.6551479
0.660166
0.6772524
0.6552866
0.633128
0.6320634
0.6315663
0.6317181
0.6311403
0.6310812
0.6246478
0.6774817
0.6784697
0.6815963
0.6766819
0.7979558
0.7933483
0.6722209
0.6647622
0.629733
0.6300247
0.7892307
0.7912717
0.7984328
0.7998458
0.7952723
0.75949
0.8055925
0.7945976
0.7536412
0.7643649
0.7998036
0.7964658
0.79425
0.6759574
0.6795674
0.6578262
0.6894353
0.6731038
0.7958348
0.7941135
0.7432193
0.7516096
0.7444788
0.8137969
0.8140459
0.8130886
0.8000138
0.8000417
0.8015917
0.8081006
0.7995788
0.8076145
0.6644155
0.6594784
0.6580444
0.7159057
0.6192638
0.6360889
0.6440692
0.6242028
0.6275184
0.6584483
0.6185328
0.6388273
0.6415064
0.6232163
0.6436517
0.6446073
0.6342063
0.6198652
0.6333228
0.6363853
0.6364998
0.6475105
0.6732366
0.67089
0.67089
0.67089
0.67089
0.67089
0.6730486
0.6640509
0.6688216
0.67089
0.671252
0.6701522
0.7913959
0.7914518
0.791281
0.7918638
0.7885597
0.789232
0.7877713
0.7906878
0.7918638
0.7895369
0.792409
0.652862
0.6787351
0.650527
0.6566578
0.6749826
0.6510965
0.6298852
0.6289248
0.6280939
0.628576
0.6279949
0.627935
0.6213553
0.6734662
0.6741651
0.6784076
0.6741033
0.797715
0.7930161
0.6668476
0.6602823
0.6241788
0.6243699
0.7901805
0.790078
0.7976032
0.7994384
0.792305
0.7564702
0.804357
0.79214
0.7501286
0.7627279
0.7990585
0.7957975
0.7928144
0.6727611
0.6751494
0.6557727
0.6868064
0.6690547
0.7943112
0.7927538
0.7415041
0.7475386
0.7414685
0.8123537
0.8126073
0.8118068
0.7984464
0.8002227
0.801441
0.8071219
0.7995081
0.8049668
0.6636604
0.658818
0.6572766
0.7138155
0.6133344
0.6297544
0.638152
0.6178451
0.6218258
0.653742
0.614791
0.6329164
0.6346044
0.61782
0.6399234
0.6386535
0.6292457
0.6148948
0.6295648
0.6320942
0.6339632
0.6449183
0.6709402
0.6685866
0.6685866
0.6685866
0.6685866
0.6685866
0.671167
0.6618213
0.6666147
0.6685866
0.6689494
0.6678387
0.7906451
0.790701
0.79053
0.7916255
0.788407
0.7890796
0.7876188
0.7901069
0.7906862
0.7895554
0.7912351
0.6524169
0.6773692
0.6491159
0.6553677
0.6733096
0.649901
0.6259051
0.6243859
0.6236602
0.6238111
0.6232258
0.623165
0.617216
0.6708615
0.671673
0.677452
0.671812
0.7969714
0.7922682
0.6643373
0.6580745
0.6215197
0.6225977
0.7897691
0.7900963
0.7973655
0.797681
0.7918961
0.7558675
0.8016001
0.7919018
0.7491548
0.7600582
0.7976375
0.7955587
0.7933413
0.6708802
0.6728558
0.6531939
0.6823066
0.6672642
0.7922777
0.7903707
0.7381904
0.7469322
0.7406723
0.8127709
0.8130232
0.8120611
0.7988773
0.8008204
0.8016203
0.806966
0.799438
0.8053128
0.6596773
0.6551266
0.6538943
0.7112676
0.6127639
0.6278267
0.6359104
0.6165076
0.6187102
0.6517394
0.6117732
0.6325767
0.6349232
0.6151364
0.6382792
0.6376674
0.6270456
0.6143306
0.6272604
0.6294643
0.6311372
0.6545455
0.6782568
0.676441
0.676441
0.676441
0.676441
0.676441
0.6792875
0.6708288
0.6759331
0.676441
0.6768005
0.6757282
0.7925367
0.7926778
0.7925074
0.7926631
0.7903933
0.7910585
0.7896078
0.7928551
0.7926631
0.7914465
0.7932053
0.6632828
0.6858732
0.6606132
0.6659905
0.6823258
0.6602216
0.6364652
0.6362765
0.6338186
0.6360441
0.6354699
0.6354117
0.6265884
0.6757217
0.6789591
0.6836198
0.680638
0.8006849
0.7958439
0.6707619
0.6632898
0.6280444
0.6274635
0.7924435
0.7953167
0.7997343
0.8019885
0.7983571
0.761319
0.8037128
0.7948916
0.755666
0.7649275
0.8014438
0.7995503
0.7980931
0.6783869
0.6811796
0.6613894
0.6885145
0.6732873
0.7963002
0.797303
0.7440678
0.7530891
0.7457877
0.8162047
0.8164466
0.8154987
0.8020459
0.8034129
0.8051912
0.8079799
0.8016407
0.8094044
0.6682156
0.6630933
0.6616652
0.716194
0.626009
0.6357096
0.6443596
0.6223944
0.6252704
0.6569687
0.6208
0.6398637
0.6404758
0.6219493
0.6460879
0.6441413
0.6341618
0.620698
0.6369533
0.6389329
0.6375315
0.6461782
0.6720497
0.6699067
0.6699067
0.6699067
0.6699067
0.6699067
0.6720689
0.6648373
0.6681468
0.6699067
0.670269
0.6691647
0.7910574
0.7911133
0.7909425
0.7916961
0.7885637
0.7892358
0.7877757
0.79052
0.7909277
0.7897114
0.7914759
0.6554595
0.6803196
0.6529337
0.658506
0.6771824
0.6526482
0.6300634
0.6266785
0.6280527
0.6289753
0.6283947
0.6283349
0.62165
0.6752613
0.6768721
0.6798913
0.6758951
0.796282
0.7916579
0.6672091
0.6599209
0.626559
0.6270754
0.7876005
0.7895669
0.797604
0.7992701
0.7921372
0.7576665
0.8028465
0.7919723
0.7520716
0.760131
0.7984681
0.7952045
0.7927319
0.6727076
0.676327
0.6538065
0.6857363
0.669002
0.7923486
0.793013
0.7401301
0.7495784
0.742697
0.8111218
0.8113791
0.8104102
0.7974464
0.7991367
0.7993617
0.8050301
0.7969729
0.804547
0.6638172
0.6583502
0.657018
0.7125964
0.6148775
0.6329674
0.6403259
0.6205711
0.6237767
0.6554628
0.6171988
0.6366741
0.6382134
0.6203376
0.6425843
0.6428008
0.6305144
0.6177535
0.6324603
0.6328137
0.6351074
0.6519581
0.6781964
0.6757677
0.6757677
0.6757677
0.6757677
0.6757677
0.6766772
0.6686973
0.6728965
0.6757677
0.6761271
0.6750524
0.7949494
0.7950053
0.7948357
0.7948213
0.7905152
0.7911794
0.7895593
0.7939953
0.7954993
0.791652
0.7960314
0.658208
0.6830626
0.6550718
0.6613471
0.6789076
0.6554224
0.6326188
0.6310058
0.6299591
0.6306595
0.630081
0.6300217
0.6238022
0.6770954
0.6778813
0.6827399
0.6760912
0.7983628
0.7940143
0.6703993
0.6615861
0.6272553
0.6296267
0.791194
0.7936486
0.8001816
0.8024337
0.79509
0.7606607
0.8054934
0.7964471
0.753184
0.7613999
0.8007988
0.7991573
0.7982911
0.6765931
0.6787729
0.6589135
0.6906607
0.6709637
0.7954818
0.7969092
0.7430361
0.7519743
0.7409594
0.8158941
0.8161368
0.8151883
0.800166
0.8026909
0.8043073
0.8085834
0.8023386
0.8085121
0.6675441
0.6629405
0.6616173
0.7162988
0.6202009
0.6342301
0.6421198
0.6221566
0.6251401
0.656614
0.6183536
0.6384311
0.6402232
0.6207146
0.6446543
0.6446405
0.6351094
0.6200176
0.632276
0.6347985
0.6364281
0.6441216
0.6725691
0.6701159
0.6703228
0.6701159
0.6701159
0.6701159
0.6727935
0.6603165
0.6675246
0.6701159
0.6704784
0.6690625
0.7908802
0.7910216
0.7908506
0.7917756
0.787868
0.7885431
0.7873367
0.7888842
0.7894662
0.7892766
0.7899344
0.6553459
0.6802267
0.6496113
0.6545913
0.6743176
0.651785
0.6292667
0.6291864
0.6292369
0.6283968
0.6279257
0.6278658
0.6212831
0.6707355
0.6702086
0.6719556
0.6672379
0.7966173
0.7937782
0.6608757
0.6535433
0.621346
0.619992
0.7905209
0.7911029
0.7964211
0.7989321
0.7914488
0.752165
0.8026805
0.7917108
0.7524941
0.7590177
0.8016691
0.7943503
0.7928118
0.6717853
0.6727315
0.6549703
0.6807621
0.6703502
0.7890808
0.7956556
0.7395263
0.7461369
0.7409817
0.8148072
0.8149722
0.814099
0.7981957
0.802307
0.805498
0.8052849
0.7991702
0.7984943
0.6594367
0.6551967
0.6522761
0.7080797
0.6122399
0.6276543
0.6361927
0.6141042
0.6204233
0.6534768
0.6120377
0.6324139
0.6326464
0.6133883
0.6351773
0.6345863
0.6205956
0.6143733
0.6280774
0.628861
0.6231168
0.6513096
0.6787149
0.6763887
0.6763887
0.6763887
0.6763887
0.6763887
0.6794387
0.6680741
0.6748547
0.6763887
0.6767481
0.6756757
0.793927
0.7939829
0.793813
0.7944781
0.7918757
0.7925352
0.7912632
0.79314
0.7936284
0.7930064
0.7941673
0.6603021
0.6838889
0.6576066
0.6631225
0.6797315
0.6577435
0.6343433
0.6321857
0.6314693
0.6317308
0.6311528
0.6310936
0.6251006
0.6765911
0.6786017
0.6829552
0.6777332
0.7983617
0.7939253
0.6681375
0.6604417
0.6290889
0.6302548
0.7916164
0.7922794
0.7992586
0.7987364
0.7942378
0.76
0.8042428
0.7931375
0.753241
0.7619117
0.8006311
0.7956868
0.7949114
0.6774169
0.6780658
0.6607044
0.6894696
0.672205
0.793689
0.7948645
0.7408584
0.7498351
0.7431436
0.8124828
0.8128173
0.8118546
0.8008302
0.8013618
0.8025733
0.8078401
0.800912
0.8071045
0.6667184
0.6626263
0.6620298
0.7148939
0.6212845
0.6358807
0.6439769
0.6231144
0.6268704
0.6578501
0.6195356
0.6377628
0.6415232
0.6222311
0.642806
0.6423778
0.6342199
0.6215328
0.6346352
0.6373722
0.6385542
0.648794
0.6764205
0.6739822
0.6739822
0.6739822
0.6739822
0.6739822
0.6758199
0.6659353
0.672028
0.6739822
0.6743429
0.6732581
0.7924195
0.7924755
0.792305
0.7931424
0.7902746
0.7909405
0.7894886
0.7918846
0.7929721
0.7914993
0.7935134
0.6555084
0.6796584
0.6522359
0.65708
0.6765207
0.6519503
0.6299952
0.627492
0.6273217
0.6270314
0.6264488
0.6263887
0.6218006
0.6759309
0.6776407
0.6784076
0.6751297
0.7997341
0.7953907
0.6682931
0.6608015
0.6256102
0.6276638
0.7918973
0.7939244
0.7987818
0.8007013
0.7948573
0.7596441
0.8044407
0.793757
0.7521455
0.7630872
0.7987209
0.796646
0.7931544
0.6725554
0.6774069
0.6559854
0.6878176
0.6710209
0.7931157
0.7951458
0.7414112
0.7492846
0.7437882
0.8141502
0.8145609
0.8134416
0.8017706
0.8038848
0.8036789
0.8086221
0.801193
0.8073029
0.6658387
0.660489
0.6587419
0.715257
0.6184018
0.633011
0.6411468
0.6200576
0.6239268
0.6555109
0.6162371
0.6365009
0.6383686
0.6190438
0.6438171
0.6422026
0.631646
0.617569
0.6322852
0.6330735
0.6355812
0.6426641
0.6724151
0.6699611
0.6699611
0.6699611
0.6699611
0.6699611
0.6705773
0.6585731
0.6659118
0.6699611
0.6703237
0.6689068
0.7906796
0.790821
0.79065
0.79149
0.7873216
0.7879989
0.7865312
0.7889401
0.7894364
0.7887334
0.7899047
0.6529616
0.6783298
0.6478392
0.6523077
0.6724138
0.6498058
0.6285462
0.6283556
0.6285163
0.6273437
0.6268717
0.6268116
0.6203299
0.6714075
0.6710853
0.6712811
0.6663548
0.7967577
0.7935793
0.6617613
0.6529641
0.6200659
0.6193766
0.7885108
0.7895297
0.7974897
0.7984818
0.791163
0.7525864
0.8020643
0.7920226
0.7516335
0.7588017
0.8023973
0.7955123
0.7942274
0.6739972
0.6741241
0.6543826
0.6827533
0.6685371
0.7905127
0.7954562
0.7391143
0.745176
0.7410364
0.8148632
0.8151093
0.814155
0.7972494
0.800529
0.8041494
0.8054251
0.8001546
0.8009129
0.656448
0.6525078
0.6505296
0.70755
0.6118367
0.6260096
0.6345697
0.6127033
0.6185833
0.6527971
0.6114157
0.6313732
0.6311368
0.611979
0.6364291
0.6349623
0.6218622
0.6129683
0.6283461
0.6277063
0.6251393
0.642624
0.6833861
0.6819867
0.6819867
0.6819867
0.6819867
0.6819867
0.6821723
0.6785937
0.6806684
0.6819867
0.6823448
0.6802732
0.7872567
0.7874849
0.7871403
0.7879864
0.7764546
0.7771739
0.7767896
0.7841152
0.7830612
0.7773172
0.7836378
0.6445979
0.6626212
0.6367429
0.6414403
0.6647367
0.645259
0.6122831
0.6098238
0.6110069
0.6038695
0.603608
0.6033139
0.6083013
0.64773
0.6507686
0.6888528
0.6832164
0.7867168
0.7858917
0.6674691
0.6575566
0.6188749
0.619963
0.7895562
0.7886803
0.793276
0.7893878
0.7905774
0.7625401
0.8092974
0.794595
0.7502945
0.7610232
0.7937911
0.7968938
0.7941612
0.6779058
0.670412
0.6397849
0.6984078
0.6773168
0.7902675
0.8001554
0.7456464
0.7452051
0.7522384
0.8078548
0.8086987
0.8071379
0.7966031
0.8046408
0.8059206
0.7987151
0.7893616
0.7931327
0.6622992
0.6586967
0.6569417
0.6893523
0.5947355
0.6304616
0.6359689
0.6125
0.613128
0.6448868
0.5994462
0.6355669
0.6131755
0.6079356
0.6195652
0.6433318
0.6113
0.6126527
0.6217928
0.6183532
0.6206703
0.647647
0.6851966
0.6836987
0.6836987
0.6836987
0.6836987
0.6836987
0.681137
0.680115
0.6821801
0.6836987
0.6840562
0.6821988
0.7860852
0.7863138
0.7859684
0.7869027
0.7769247
0.7774678
0.7772597
0.7834559
0.7818792
0.777611
0.7822868
0.6413217
0.6597392
0.6336283
0.640858
0.6609358
0.6440313
0.6144833
0.6119172
0.6130977
0.6063211
0.6060606
0.6057677
0.6109661
0.6499406
0.653495
0.6919753
0.6851267
0.7876125
0.7867887
0.6711607
0.6605519
0.6245885
0.6227915
0.7904558
0.7869915
0.7934001
0.7871871
0.7898433
0.7620229
0.8103424
0.7934422
0.7516922
0.7614987
0.793489
0.7950623
0.7932641
0.6778861
0.6711142
0.6411614
0.6988976
0.6779122
0.7897885
0.798925
0.7437149
0.7455914
0.7515245
0.8094678
0.8102235
0.8086698
0.7971458
0.8043524
0.8062128
0.7991809
0.7892268
0.7909452
0.6645634
0.6620136
0.6600562
0.6938309
0.59641
0.6316525
0.6370413
0.6149013
0.6168836
0.6489643
0.6029101
0.6404003
0.6138057
0.612503
0.6177164
0.6450083
0.6134875
0.6162913
0.6258199
0.6195232
0.6232625
0.6450896
0.6831035
0.6815026
0.6815026
0.6815026
0.6815026
0.6815026
0.6821962
0.6779055
0.6803893
0.6815026
0.6818602
0.6797892
0.7859019
0.78613
0.7857853
0.7877499
0.7762338
0.7769527
0.7764807
0.7827574
0.7825716
0.7769214
0.7830624
0.6449057
0.6621547
0.6335688
0.6407829
0.6639575
0.6417863
0.6126646
0.6108896
0.6112784
0.6040422
0.6037813
0.6034878
0.6109573
0.6526125
0.6574002
0.6903808
0.6868764
0.786225
0.7849699
0.6704053
0.6598122
0.6244391
0.6235285
0.791208
0.7872371
0.792098
0.7894923
0.7902518
0.7609852
0.8103605
0.7953682
0.7502021
0.7602824
0.7936317
0.796984
0.7953586
0.67967
0.6691096
0.6419546
0.6988007
0.6774518
0.7888225
0.7985459
0.7440814
0.7450287
0.7515942
0.8061903
0.8070393
0.8053901
0.7946826
0.8037202
0.8057455
0.7978701
0.7886075
0.7922914
0.6628794
0.6613732
0.6591051
0.6903619
0.5957394
0.6327183
0.6380859
0.6147725
0.6175308
0.6479278
0.6017857
0.6414033
0.614248
0.6146204
0.6200421
0.646206
0.6142558
0.6164935
0.6253393
0.6214893
0.6226776
0.6279702
0.6620147
0.6613105
0.6606836
0.6613105
0.6613105
0.6613105
0.6620464
0.6480734
0.6584813
0.6613105
0.6616752
0.6626271
0.7816092
0.7814917
0.7814917
0.7808706
0.7798563
0.7780462
0.7798407
0.7830436
0.7850977
0.7791415
0.7830882
0.6505579
0.6638748
0.6392803
0.637353
0.6636824
0.6450361
0.6093167
0.609574
0.6093978
0.6070586
0.6070267
0.6068494
0.6000981
0.6660968
0.6667183
0.6610156
0.6564211
0.7924528
0.7897735
0.6694935
0.6634808
0.6146922
0.6109948
0.798594
0.790072
0.7989957
0.8059961
0.7977874
0.7564103
0.8126689
0.8041481
0.7597153
0.7508949
0.8058746
0.7970384
0.7924595
0.6673642
0.6590251
0.6447818
0.6882191
0.6770263
0.7959873
0.8056468
0.7392715
0.7435558
0.7432204
0.802739
0.8032685
0.8020206
0.7883624
0.8024221
0.8075682
0.8011208
0.7951655
0.8111219
0.6587622
0.6563157
0.6530962
0.6823943
0.5988348
0.616624
0.6254924
0.605753
0.6029543
0.6362003
0.5921856
0.6301893
0.6229883
0.6027264
0.6131097
0.6335551
0.6
0.6006815
0.6122973
0.6139505
0.6106393
0.6255514
0.6601562
0.6594497
0.6587159
0.6594497
0.6594497
0.6594497
0.6606084
0.6444392
0.6549235
0.6594497
0.6598156
0.6607647
0.7824761
0.7823588
0.7823588
0.7809591
0.7795102
0.7776988
0.7793207
0.7831334
0.7838968
0.7794024
0.7818851
0.6501494
0.6636898
0.6379874
0.6379023
0.6637065
0.6447264
0.6085155
0.6079818
0.6076917
0.6054582
0.6054261
0.6052481
0.5980183
0.6634203
0.6641559
0.6586153
0.6558096
0.7925468
0.7899514
0.6703415
0.6652546
0.6130123
0.6109858
0.7983536
0.7884534
0.7990928
0.8053486
0.7976316
0.7567587
0.8135957
0.8046641
0.7602441
0.7516072
0.8059753
0.7973884
0.7932318
0.6655277
0.6600954
0.6431757
0.6881572
0.6751159
0.7956595
0.806499
0.7406397
0.7451009
0.7430127
0.8026717
0.8032843
0.8019528
0.787185
0.8019397
0.8063562
0.8007993
0.794668
0.811967
0.6585745
0.6553928
0.6520619
0.6798071
0.5977814
0.6150153
0.6239105
0.6054032
0.602486
0.6359941
0.5906719
0.6285555
0.6214093
0.601008
0.6119766
0.6338854
0.6000974
0.5993012
0.6117316
0.6109276
0.6109642
0.6344712
0.6739164
0.6718859
0.6718859
0.6718859
0.6718859
0.6718859
0.6715713
0.6605685
0.6695152
0.6718859
0.6726582
0.6700156
0.7902907
0.7901757
0.7901757
0.788365
0.7827138
0.7834065
0.7833037
0.7912902
0.7856181
0.7842332
0.7861835
0.6502126
0.6671099
0.6462515
0.6415199
0.6654466
0.6472546
0.6082005
0.6130837
0.6071487
0.6042279
0.6038537
0.603675
0.604097
0.6606752
0.6681649
0.6797923
0.6837299
0.7803009
0.7762502
0.647779
0.6448532
0.6209328
0.6159222
0.7889843
0.7858765
0.7963313
0.7940183
0.7914552
0.7597147
0.8074188
0.7969703
0.7509525
0.7535777
0.799299
0.7984975
0.7923905
0.6838151
0.6706805
0.6384578
0.681569
0.6699542
0.7974505
0.8027507
0.7380794
0.7375462
0.7480384
0.800694
0.8015631
0.800888
0.7914085
0.805352
0.8093276
0.7904573
0.7890492
0.7978088
0.6521365
0.6417934
0.6446034
0.690829
0.6094617
0.6228063
0.6307125
0.6067742
0.6078257
0.6441074
0.5883748
0.6196821
0.6194109
0.6070329
0.6045239
0.62904
0.6136327
0.5995446
0.618758
0.6070215
0.6133269
0.6338715
0.6765957
0.67457
0.67457
0.67457
0.67457
0.67457
0.6732259
0.6622418
0.6693128
0.67457
0.6753408
0.6727131
0.7949025
0.7947887
0.7947887
0.7934997
0.7867736
0.7874523
0.7875328
0.7949676
0.7901732
0.7881871
0.7907239
0.6507173
0.6680498
0.6482584
0.6436335
0.6655487
0.6476515
0.6081004
0.612767
0.6063647
0.603664
0.6032889
0.6031097
0.6044459
0.6640119
0.6714673
0.6800186
0.68315
0.7822878
0.7784188
0.6443376
0.6426889
0.6152978
0.6129344
0.7909717
0.7887234
0.8008105
0.7965816
0.7935143
0.7594955
0.8075419
0.798597
0.7545554
0.7541667
0.7995788
0.7984387
0.7939356
0.6835394
0.6741948
0.6392826
0.680777
0.6710966
0.7982376
0.8035401
0.7397767
0.7407325
0.7505498
0.8028863
0.8039134
0.8030797
0.7940296
0.8061323
0.8101884
0.7918408
0.790431
0.8025504
0.6506317
0.6413232
0.6444602
0.6903692
0.6128769
0.6180538
0.6258027
0.602269
0.6010274
0.64015
0.5865038
0.6145901
0.6167147
0.6022801
0.6046455
0.622386
0.6106309
0.596113
0.6152363
0.6035253
0.6089965
0.6370948
0.67967
0.677656
0.677656
0.677656
0.677656
0.677656
0.676214
0.6652055
0.6732543
0.677656
0.6784226
0.6758203
0.79529
0.7951765
0.7951765
0.7942294
0.7883785
0.7890504
0.7887065
0.7957791
0.7907403
0.7898668
0.7912884
0.6519311
0.6697384
0.6496992
0.6435816
0.6677555
0.6498418
0.6087699
0.6127515
0.6064705
0.6037736
0.603399
0.60322
0.6039846
0.6599656
0.6666408
0.6794136
0.6826495
0.7847645
0.7810903
0.6510808
0.6469898
0.6217147
0.6184823
0.7875018
0.7906648
0.8022721
0.8003362
0.7994815
0.7612157
0.8076574
0.8013282
0.7524709
0.7541797
0.8032294
0.8005049
0.7966066
0.6846543
0.6731828
0.6424924
0.682313
0.6729711
0.799212
0.8050865
0.7382238
0.7404839
0.752303
0.8028413
0.8038674
0.8030345
0.7934919
0.8040994
0.807515
0.7913807
0.7927044
0.8028406
0.6526843
0.6432003
0.6447275
0.6922551
0.6137639
0.6241765
0.6274639
0.6079
0.6074903
0.6447573
0.5906753
0.61969
0.6208904
0.6069228
0.6095238
0.6306872
0.6170896
0.6017059
0.6189866
0.6102858
0.6129989
0.6254116
0.6468357
0.6444005
0.6453654
0.6444005
0.6444005
0.6444005
0.6459255
0.6318196
0.6399746
0.6444005
0.6447733
0.6438672
0.7822071
0.7823492
0.7821761
0.783803
0.7776667
0.7783788
0.7771269
0.782519
0.7809476
0.7793888
0.7814429
0.6316168
0.6570753
0.6240219
0.6334318
0.6549152
0.6297069
0.5933542
0.5921139
0.5943613
0.5925408
0.5919275
0.5918603
0.5853053
0.6480429
0.6455377
0.6466895
0.6392857
0.7871815
0.7837819
0.6459119
0.6367861
0.5913855
0.5892038
0.7782235
0.779459
0.7879258
0.7909521
0.7851978
0.7418402
0.7986228
0.7850361
0.7376102
0.7445744
0.7924395
0.7890564
0.7832282
0.6472489
0.6467563
0.6323742
0.6627233
0.6453833
0.7826118
0.7906977
0.7306405
0.7331206
0.7299449
0.8016924
0.802061
0.8011379
0.7899728
0.7913926
0.7951749
0.7976065
0.7905859
0.798399
0.6383265
0.6341947
0.6313031
0.6878952
0.5890048
0.6007035
0.6096831
0.5829162
0.58795
0.6274911
0.5841194
0.6031204
0.6032879
0.584699
0.6105734
0.6079081
0.5983233
0.5869315
0.6047226
0.6051373
0.6053183
0.6326759
0.650256
0.6477273
0.648687
0.6477273
0.6477273
0.6477273
0.6509397
0.6377355
0.6460079
0.6477273
0.6480985
0.6472079
0.7842303
0.7843721
0.7841997
0.7862504
0.7810988
0.7817975
0.7805625
0.7846296
0.7832351
0.7827997
0.7837226
0.6389109
0.6619298
0.6302271
0.6407143
0.6601782
0.6369442
0.5992632
0.5995253
0.6006053
0.5988039
0.5981967
0.5981308
0.5911711
0.6525157
0.6507575
0.65248
0.6454237
0.7897775
0.7863097
0.6498472
0.639692
0.5987624
0.5959094
0.7799228
0.7812366
0.7922169
0.7935379
0.789009
0.743569
0.8014294
0.7874761
0.7391658
0.748222
0.7953586
0.7901173
0.7849006
0.6537285
0.6489026
0.6378621
0.6664845
0.6507286
0.7858514
0.7925276
0.7321203
0.737025
0.734529
0.80462
0.8048141
0.8039026
0.7916899
0.7934502
0.7967937
0.7997471
0.7927509
0.8007845
0.6445546
0.6395991
0.6361911
0.6911742
0.5952047
0.6061036
0.6146645
0.5904715
0.5952595
0.6326771
0.5878649
0.6103749
0.606442
0.5925016
0.6140934
0.6109677
0.6017692
0.5917082
0.6092491
0.611465
0.6098266
0.624538
0.6465197
0.6439766
0.6449419
0.6439766
0.6439766
0.6439766
0.6453957
0.6313889
0.6401969
0.6439766
0.6443495
0.6434416
0.7820959
0.782238
0.7820649
0.7836917
0.7779047
0.7786156
0.7776271
0.7822345
0.7805763
0.7796249
0.7810726
0.6330436
0.6583465
0.6261374
0.6355088
0.6562892
0.631254
0.5936036
0.5934057
0.5946101
0.5933695
0.5927572
0.5926902
0.5850914
0.6487936
0.6457562
0.6466942
0.6391843
0.7881822
0.7848755
0.645491
0.634535
0.5920956
0.5887605
0.7794233
0.7800442
0.7879856
0.7901575
0.7850004
0.741173
0.7981729
0.7842359
0.7398344
0.7462171
0.7911343
0.7878294
0.7815627
0.649276
0.6485782
0.6320527
0.6614661
0.6447452
0.7817183
0.7898993
0.7312867
0.7345139
0.7284171
0.8039039
0.8042653
0.8033513
0.7907058
0.792127
0.7959014
0.7968167
0.7907305
0.797189
0.6406978
0.6361478
0.6329395
0.6864898
0.5893744
0.60072
0.6096973
0.5835178
0.5883174
0.6275004
0.5821631
0.6051756
0.6017949
0.5859998
0.6097958
0.6088221
0.5971985
0.5864872
0.604512
0.6053783
0.6040961
0.6273959
0.6484375
0.6460079
0.6469705
0.6460079
0.6460079
0.6460079
0.6482737
0.6343397
0.6427779
0.6460079
0.64638
0.6454812
0.781601
0.7817432
0.78157
0.7839756
0.777754
0.7784657
0.7772143
0.7823458
0.7808609
0.7794755
0.7813564
0.6311796
0.6581331
0.6247985
0.6344129
0.6547039
0.6301469
0.5961254
0.5950053
0.5968986
0.5948545
0.5942434
0.5941767
0.5876425
0.6486828
0.6464981
0.6495876
0.6426253
0.7876949
0.7842124
0.6459119
0.6352811
0.5938036
0.5907045
0.778486
0.7797203
0.7903146
0.792401
0.7871753
0.7405381
0.7992134
0.7867553
0.7377037
0.7446668
0.7932055
0.7901697
0.7850368
0.6509708
0.650706
0.6338017
0.6649198
0.6465613
0.7846921
0.7913832
0.7310181
0.733966
0.7305118
0.8045118
0.8048713
0.8039596
0.7898884
0.7924067
0.796012
0.7983678
0.7912693
0.8004206
0.6431555
0.6384038
0.6346641
0.6898912
0.5894719
0.6030432
0.6116465
0.5858172
0.5901518
0.630404
0.5834222
0.6074206
0.6028239
0.5872585
0.6102343
0.610268
0.5994632
0.5876272
0.605512
0.6070562
0.6050935
0.6296029
0.6542812
0.6517667
0.652721
0.6517667
0.6517667
0.6517667
0.6518903
0.6391415
0.6471796
0.6517667
0.6521363
0.650411
0.7854612
0.7856029
0.7854308
0.7874779
0.7832019
0.7838929
0.782754
0.7865495
0.784899
0.7846328
0.785381
0.6372814
0.6608771
0.6295582
0.6388712
0.6589184
0.6348661
0.597524
0.5968668
0.5978359
0.5971778
0.596569
0.5965028
0.5889439
0.6513458
0.6487379
0.6540741
0.6460603
0.7897183
0.7861635
0.6500549
0.6377587
0.5990881
0.5955487
0.7836874
0.7836877
0.790629
0.792119
0.7878359
0.7417307
0.8020454
0.7867299
0.7426232
0.7492489
0.7936038
0.7920226
0.7853555
0.6523514
0.6518793
0.6359994
0.6682527
0.6501931
0.7844938
0.7922979
0.7351415
0.7368538
0.7334174
0.8069594
0.807311
0.8064093
0.7939828
0.7952437
0.7979055
0.8007862
0.7941384
0.8008967
0.6445494
0.6405584
0.6371542
0.6898859
0.5928678
0.6067856
0.6146515
0.5909128
0.5957012
0.6312731
0.588769
0.61238
0.6079259
0.5930594
0.614193
0.6127447
0.6011856
0.5930708
0.608338
0.6110035
0.6086957
0.6491865
0.6720459
0.6694909
0.6694909
0.6694909
0.6694909
0.6694909
0.6712414
0.6612726
0.6674196
0.6694909
0.6698531
0.6687476
0.7919165
0.7914608
0.7912902
0.7917019
0.789429
0.7900973
0.7886426
0.7908686
0.7916167
0.7910826
0.7920771
0.6572593
0.6799007
0.6520914
0.6587221
0.6752302
0.6559496
0.6288809
0.6272589
0.6279705
0.6267985
0.6266581
0.6265981
0.6200129
0.680259
0.678291
0.6782413
0.6704431
0.7953557
0.792259
0.6589014
0.6531423
0.626039
0.6248003
0.7898474
0.7895743
0.7992869
0.7982592
0.789068
0.7576974
0.8041013
0.793084
0.7448408
0.7600698
0.8004907
0.7977496
0.7933315
0.6708517
0.68
0.6549869
0.6894591
0.6726144
0.7878917
0.7959169
0.7399882
0.7458474
0.7428319
0.812586
0.8128386
0.8118764
0.798448
0.8007226
0.8049134
0.8065306
0.7986653
0.8029539
0.6610117
0.6582515
0.6554523
0.7067618
0.6204131
0.6344455
0.641893
0.6218159
0.6236973
0.6542237
0.6156809
0.6358294
0.6362456
0.6210357
0.6406561
0.6398134
0.6286853
0.6172333
0.634326
0.6298981
0.6343755
0.6450948
0.6739063
0.6714585
0.6714585
0.6714585
0.6714585
0.6714585
0.6739231
0.6618976
0.6705306
0.6714585
0.6718204
0.6707231
0.7922197
0.7922756
0.7921904
0.7927724
0.7893022
0.7899718
0.7884288
0.7919406
0.7916637
0.7908732
0.7921245
0.6537614
0.6760103
0.6484363
0.6542763
0.6720509
0.6515751
0.6283947
0.6295256
0.6280341
0.6289571
0.6283762
0.6283164
0.6197331
0.669597
0.6706202
0.6730949
0.6657831
0.7962521
0.7919662
0.6657613
0.6581482
0.6238981
0.6258493
0.791782
0.7897909
0.7947025
0.8021855
0.7915077
0.7526038
0.8034913
0.7916843
0.7483444
0.7555523
0.8000421
0.7934713
0.7902281
0.6692045
0.6729364
0.6546535
0.6807588
0.6645307
0.7906878
0.7957986
0.7382963
0.7467647
0.7404998
0.8157533
0.8159156
0.8150464
0.7969998
0.8013627
0.8033207
0.8085954
0.7979592
0.8044376
0.6626722
0.6576134
0.6562793
0.707196
0.6094172
0.6305936
0.6385375
0.6160083
0.6205454
0.6512872
0.6147291
0.6355757
0.6336561
0.6164207
0.6386716
0.6352446
0.6257894
0.6141624
0.6325526
0.6327976
0.6288095
0.6423694
0.6679642
0.6653927
0.6653927
0.6653927
0.6653927
0.6653927
0.6708821
0.6582657
0.6663288
0.6653927
0.6657568
0.6644216
0.7898643
0.7899201
0.789749
0.7913578
0.7878809
0.7885553
0.7870062
0.7892389
0.7881062
0.7895442
0.7885783
0.6522355
0.675642
0.6482906
0.6564538
0.673539
0.6508941
0.6280414
0.6279611
0.6294424
0.6272808
0.6266988
0.6266388
0.6174828
0.6726384
0.6743647
0.6772688
0.6686358
0.79603
0.7924263
0.6694247
0.6600791
0.6281632
0.6239603
0.7899297
0.7895706
0.8009638
0.7979209
0.7922252
0.756502
0.8068595
0.7947798
0.7509905
0.7581585
0.7985531
0.7975797
0.7962092
0.6635485
0.6720547
0.6563118
0.6855777
0.6711211
0.7884902
0.7985475
0.7424757
0.7455508
0.7476128
0.8121817
0.8124357
0.8114715
0.7998615
0.8013061
0.8034283
0.8051957
0.7957027
0.8062151
0.6648036
0.6597633
0.658643
0.7093459
0.6100906
0.6347129
0.6432634
0.6210838
0.622743
0.6545834
0.6177154
0.6392235
0.6324056
0.6228443
0.6395089
0.6414692
0.6264271
0.6164924
0.6369603
0.6327715
0.6332306
0.6429706
0.6701151
0.6676537
0.6676537
0.6676537
0.6676537
0.6676537
0.6716846
0.6587614
0.6652609
0.6676537
0.6680171
0.6667971
0.7914665
0.7915224
0.7913517
0.7923609
0.7880292
0.7887035
0.7874982
0.7905874
0.789198
0.7896075
0.7896669
0.6492184
0.6755199
0.6459924
0.6519681
0.6715606
0.6479644
0.6226704
0.6234782
0.6251913
0.6235683
0.6230937
0.6230328
0.6152848
0.6695192
0.6684783
0.6743624
0.6700598
0.7941507
0.7902759
0.6638172
0.6550409
0.6224932
0.6227972
0.7913679
0.7887754
0.7949709
0.8006873
0.7889558
0.7517064
0.8052639
0.7902473
0.7513946
0.7597379
0.800393
0.7915222
0.7933948
0.6757112
0.6776892
0.6525464
0.6849579
0.6676801
0.7876912
0.7945341
0.7396226
0.7487153
0.7417282
0.8147894
0.8149544
0.8140814
0.8004293
0.802126
0.8056476
0.806106
0.7983962
0.8002528
0.6616571
0.6573257
0.6549406
0.709934
0.6095627
0.6298365
0.6373438
0.6162613
0.6207978
0.6520459
0.6130876
0.6281877
0.6297838
0.6141045
0.6382656
0.639487
0.626039
0.6148638
0.6285532
0.6303204
0.6305778
0.6480354
0.6761816
0.6736418
0.6736418
0.6736418
0.6736418
0.6736418
0.6750696
0.6655964
0.6702425
0.6736418
0.6740023
0.6728136
0.7903363
0.7903921
0.7902212
0.7893509
0.7885269
0.7891987
0.7879969
0.7883403
0.7869491
0.7901008
0.7875106
0.6551751
0.6831967
0.6516889
0.6603227
0.6777134
0.6566094
0.6303302
0.6291513
0.631836
0.6290232
0.6285531
0.6284934
0.6201438
0.6699301
0.669921
0.6736317
0.6624766
0.7932804
0.7906829
0.667441
0.657766
0.6264983
0.6223983
0.7877365
0.7870377
0.7997484
0.8007427
0.7942254
0.7542807
0.8070665
0.7898008
0.7528748
0.7613686
0.7993543
0.8003229
0.7955758
0.6702598
0.678599
0.6587251
0.6904945
0.6705782
0.7923954
0.7981664
0.7416045
0.7506591
0.7435161
0.813282
0.8134513
0.8124914
0.7969054
0.7969186
0.8008172
0.8013766
0.794982
0.805672
0.6637409
0.6583807
0.6563158
0.7085397
0.6149341
0.6341324
0.6434606
0.6211746
0.6251502
0.6519551
0.6214531
0.6345496
0.6385874
0.6177252
0.6428401
0.6403731
0.6330632
0.620579
0.6390906
0.6341618
0.6383749
0.6338376
0.6665372
0.6658379
0.6651119
0.6658379
0.6658379
0.6658379
0.6679064
0.6522939
0.6623022
0.6658379
0.6662006
0.6672637
0.7859818
0.7858657
0.7858657
0.7856789
0.7842471
0.7824395
0.7839734
0.7875812
0.7888466
0.7835241
0.7868414
0.6564235
0.6696526
0.6449568
0.6432411
0.670151
0.6508712
0.6161421
0.6147197
0.6165577
0.6133495
0.6133182
0.6131434
0.6062281
0.670794
0.6700641
0.6657808
0.6618139
0.7979065
0.7951714
0.6766802
0.6711091
0.6199888
0.6168696
0.8036102
0.7952358
0.8039706
0.8097713
0.8016183
0.7630702
0.8177116
0.8092534
0.7659805
0.7574261
0.8101476
0.7997901
0.795647
0.6746013
0.6666926
0.6503165
0.6955561
0.6827565
0.7980756
0.8096067
0.7458397
0.7493425
0.7482809
0.8074089
0.807922
0.8066961
0.7938852
0.8070961
0.8107202
0.8053579
0.7985994
0.8146203
0.6661773
0.6622009
0.6593219
0.6864445
0.6039709
0.6203574
0.6293964
0.6123267
0.6099274
0.6422075
0.5988989
0.6363349
0.6317839
0.6089133
0.6204591
0.6407308
0.607549
0.6080013
0.6191427
0.6185864
0.6173705
0.6346414
0.6674171
0.6675464
0.666822
0.6675464
0.6675464
0.6675464
0.6668218
0.652873
0.6629783
0.6675464
0.6679084
0.6688711
0.7853759
0.7852596
0.7852596
0.7855021
0.7844137
0.7826056
0.7843123
0.7882619
0.7897815
0.7838621
0.7877764
0.6573126
0.6709482
0.6461831
0.6450008
0.6709243
0.6505996
0.6171843
0.6163222
0.6173766
0.6134984
0.6134671
0.6132923
0.6076217
0.6719777
0.6717581
0.6666667
0.6648796
0.7980736
0.7956756
0.6767344
0.6707541
0.6221228
0.6198929
0.8017664
0.7919222
0.8037227
0.8095271
0.8021204
0.7585605
0.816084
0.8077697
0.7634666
0.7530621
0.8092429
0.801049
0.7985893
0.672097
0.6649794
0.6520708
0.6939227
0.6828126
0.800603
0.811431
0.7451757
0.7483177
0.7475287
0.8056015
0.8060389
0.8048865
0.790612
0.8039663
0.8086843
0.8049428
0.799524
0.8143795
0.6655066
0.6624584
0.6591632
0.6873004
0.6076465
0.6214192
0.631566
0.6143623
0.6114203
0.6456217
0.5996114
0.6384257
0.6332685
0.6104074
0.6233818
0.6420589
0.608594
0.6105026
0.6205026
0.6195087
0.6174079
0.6286194
0.6611783
0.6616225
0.6608913
0.6616225
0.6616225
0.6616225
0.6622537
0.6469983
0.6569034
0.6616225
0.6619872
0.6629398
0.7834467
0.7833298
0.7833298
0.7824514
0.7813544
0.7795443
0.7813388
0.7840176
0.7868401
0.7808093
0.7848316
0.6510842
0.6650239
0.6393821
0.6376708
0.6656559
0.6456749
0.608851
0.6085438
0.6084802
0.6056831
0.605651
0.6054732
0.5983633
0.6645397
0.6645457
0.6600676
0.657154
0.7945935
0.792009
0.6707242
0.6646125
0.6150137
0.6129914
0.7993816
0.7896708
0.8007802
0.8067724
0.7990765
0.7567016
0.8138504
0.8067519
0.760456
0.7516431
0.8066514
0.7981626
0.7946022
0.6670544
0.6610143
0.6427263
0.6884253
0.6761096
0.7966925
0.8073433
0.7417004
0.746611
0.7446215
0.8035122
0.8040392
0.8027945
0.789906
0.8016208
0.8062031
0.801485
0.7954466
0.8121405
0.6624011
0.6596521
0.6563424
0.6797766
0.6015727
0.6163829
0.625708
0.6075338
0.6049773
0.6388521
0.5928548
0.6293083
0.6245511
0.6029376
0.6161249
0.6356013
0.6038362
0.6019134
0.6143979
0.6138264
0.61296
0.6314361
0.6672881
0.6666926
0.6659669
0.6666926
0.6666926
0.6666926
0.6681399
0.652095
0.6630545
0.6666926
0.6670552
0.6680168
0.7842929
0.7841762
0.7841762
0.7827814
0.7814254
0.7796153
0.7813233
0.7848639
0.7873393
0.781312
0.7853311
0.6535958
0.6672915
0.6423804
0.6402347
0.6671845
0.6475754
0.6108498
0.6102052
0.6112687
0.6078049
0.607773
0.607596
0.6013067
0.666589
0.6665892
0.6620381
0.6582813
0.7952541
0.7930115
0.6729482
0.6683822
0.6182037
0.6160757
0.8012209
0.7927268
0.8034337
0.8078366
0.8011594
0.7584024
0.8145764
0.8072356
0.7585455
0.7521717
0.8094544
0.7984012
0.7954323
0.6691956
0.6619289
0.6470075
0.6917132
0.6799569
0.7990447
0.8095736
0.7384309
0.7453972
0.743126
0.8054808
0.806001
0.8047652
0.7895543
0.8036789
0.8080753
0.8022263
0.7956861
0.8141819
0.6642398
0.6607697
0.6586124
0.6826754
0.6030278
0.6200016
0.6286042
0.6101872
0.6073163
0.6403085
0.5957931
0.6343881
0.6270979
0.6065242
0.6149737
0.6388034
0.603352
0.605161
0.615588
0.6147976
0.6162503
0.6293097
0.6666407
0.6660443
0.6653176
0.6660443
0.6660443
0.6660443
0.6671842
0.6518478
0.6634435
0.6660443
0.6664074
0.6673684
0.7843276
0.7842109
0.7842109
0.7842818
0.783189
0.7813785
0.7830872
0.7877352
0.788232
0.7830703
0.7862234
0.6572502
0.669968
0.6451408
0.6441737
0.6686074
0.6514876
0.614949
0.61341
0.6144695
0.6115843
0.6109894
0.6113771
0.604435
0.6675989
0.6659428
0.6644206
0.6606586
0.7952094
0.7926264
0.6748636
0.6702993
0.6181497
0.6139068
0.8014319
0.7900353
0.800892
0.8075506
0.8001958
0.76122
0.8156912
0.8062856
0.7616317
0.7533747
0.8084249
0.7994532
0.7946272
0.6726669
0.6658616
0.6470775
0.6905984
0.68288
0.7974808
0.8085403
0.7441006
0.7472519
0.7448028
0.8056073
0.8060452
0.8047264
0.7900968
0.8041358
0.8089386
0.8039449
0.7978387
0.8149685
0.6646266
0.6600124
0.6577474
0.6849691
0.6029641
0.6186937
0.6275427
0.6109103
0.607932
0.6415388
0.5975491
0.6355348
0.6291714
0.6062373
0.620392
0.6404796
0.6058866
0.6071284
0.6179694
0.6166319
0.6181818
0.640568
0.6752414
0.6752665
0.6745498
0.6752665
0.6752665
0.6752665
0.674336
0.6589963
0.6698223
0.6752665
0.6756256
0.6766027
0.7900155
0.7899006
0.7899006
0.7891171
0.787523
0.7857143
0.7872506
0.7915257
0.7932902
0.7868783
0.7908612
0.6623275
0.6743608
0.6498024
0.6455156
0.6730873
0.6551507
0.6224761
0.6206202
0.6223349
0.6174784
0.6174475
0.617274
0.6107279
0.6771034
0.6770745
0.6702028
0.6708733
0.8002789
0.7978887
0.6830088
0.6771509
0.6297534
0.6289553
0.8048149
0.7946642
0.8044188
0.8118723
0.804737
0.7636785
0.8166989
0.811518
0.7687256
0.7586633
0.8106833
0.8029212
0.7999581
0.6752756
0.6721197
0.6571564
0.6982253
0.6861588
0.8023965
0.8124609
0.751206
0.753863
0.751443
0.8095795
0.810249
0.8089501
0.7956609
0.8068033
0.8115753
0.8063931
0.8014829
0.8186707
0.6693169
0.6662801
0.6635174
0.6905087
0.616395
0.6304028
0.6377696
0.6228098
0.6186155
0.6500039
0.6050847
0.6440838
0.6377679
0.6174982
0.6268765
0.6467263
0.6177956
0.6152487
0.6270365
0.627707
0.622745
0.6305824
0.6640966
0.6634982
0.6627689
0.6634982
0.6634982
0.6634982
0.6636059
0.6488133
0.6601547
0.6634982
0.6638623
0.6648184
0.783644
0.7835271
0.7835271
0.782044
0.7814654
0.779655
0.7813633
0.7848182
0.786694
0.7810064
0.7847708
0.6543587
0.6685656
0.6419714
0.6412268
0.6683483
0.6480266
0.6125557
0.6119125
0.6125243
0.6073694
0.6074508
0.6071603
0.6029208
0.668684
0.6687814
0.661013
0.6577816
0.7936063
0.7907614
0.6725664
0.6654347
0.618001
0.6165383
0.8024397
0.7916608
0.8017265
0.8069675
0.7999441
0.7574456
0.8156857
0.8071954
0.7602964
0.7502011
0.8077592
0.7988643
0.7958112
0.6694279
0.6637285
0.6450946
0.688229
0.6784586
0.7986648
0.8077889
0.7403258
0.7466286
0.741774
0.8041194
0.8046444
0.8034023
0.7890886
0.804465
0.8089356
0.8021008
0.7969956
0.8129935
0.662815
0.6587129
0.6559215
0.6825021
0.6038446
0.6184265
0.6286253
0.6100932
0.6067698
0.6433958
0.5934093
0.6332169
0.6281247
0.6057513
0.6185709
0.6380727
0.6038209
0.605178
0.6147186
0.6139251
0.6167106
0.6270318
0.6619619
0.661362
0.6606307
0.661362
0.661362
0.661362
0.6633471
0.6471613
0.6573777
0.661362
0.6617269
0.6626789
0.7825285
0.7824113
0.7824113
0.7817046
0.7795645
0.7777541
0.779462
0.7831855
0.785497
0.7789369
0.7834877
0.6509271
0.6638221
0.6381385
0.6377284
0.6640461
0.6453019
0.6074447
0.6064574
0.6060532
0.6042702
0.6041242
0.6040597
0.5968218
0.6685284
0.668008
0.6631661
0.6593038
0.7941156
0.7915291
0.668724
0.6629135
0.6108335
0.6104848
0.8
0.7886736
0.7993864
0.8073796
0.7991886
0.7571897
0.8131366
0.8066129
0.7612103
0.751041
0.8075907
0.7981909
0.794462
0.6685511
0.6582368
0.6414854
0.6875672
0.6757508
0.7966364
0.8070371
0.7406262
0.7469235
0.7421657
0.8037047
0.804231
0.8029873
0.7879105
0.8027263
0.8078693
0.8016807
0.796152
0.8118373
0.6631791
0.659705
0.6570229
0.6794214
0.6000328
0.6138114
0.6204482
0.6040019
0.6020955
0.6349703
0.5893629
0.6281663
0.6206727
0.6003902
0.6102314
0.6323051
0.5983427
0.6010707
0.6110084
0.6108739
0.6090165
0.6329588
0.6674688
0.6667702
0.6660451
0.6667702
0.6667702
0.6667702
0.6684227
0.6532461
0.6639676
0.6667702
0.6671325
0.6680937
0.7866073
0.7864915
0.7864915
0.7864764
0.7850467
0.783239
0.7849455
0.7901713
0.7909187
0.7849227
0.7889147
0.6582051
0.673065
0.6467748
0.6454847
0.6727217
0.6528861
0.6146759
0.614819
0.6155399
0.6119887
0.6119572
0.6117819
0.6061
0.6691467
0.6669763
0.6634819
0.6604568
0.7960853
0.7935941
0.6749559
0.6709064
0.6185402
0.6184074
0.7996911
0.7915257
0.80375
0.8098011
0.802148
0.7597676
0.8154548
0.8098601
0.7627843
0.7524615
0.8091042
0.8009091
0.7975259
0.6749095
0.6644076
0.6496714
0.6929717
0.6839724
0.7991156
0.8100508
0.7443841
0.7491778
0.7441639
0.8048865
0.8054084
0.8041707
0.7898838
0.8039934
0.8087106
0.8024622
0.7959284
0.8151423
0.6663833
0.6631318
0.6602559
0.6859492
0.6079374
0.620346
0.6288263
0.6126473
0.6082283
0.644941
0.6008087
0.6385904
0.6303306
0.6066489
0.6224457
0.6425425
0.6093297
0.6100056
0.6218822
0.6170247
0.6201082
0.6341327
0.6705673
0.6698713
0.669149
0.6698713
0.6698713
0.6698713
0.6697646
0.6564147
0.6650058
0.6698713
0.6702326
0.6702698
0.784966
0.7848496
0.7848496
0.7828523
0.7818427
0.7808112
0.7815675
0.7864827
0.7866384
0.7825041
0.7854017
0.6581992
0.670381
0.6448287
0.6438627
0.6714927
0.6521328
0.6172102
0.6164594
0.6160621
0.6136345
0.6136032
0.6134284
0.607076
0.6690452
0.6684206
0.6673439
0.6645151
0.7946491
0.7921494
0.6743507
0.6688681
0.6212691
0.6182619
0.8008704
0.7912638
0.80117
0.8093123
0.800978
0.7573904
0.8162842
0.8081327
0.7631159
0.7518802
0.8084486
0.799986
0.7965983
0.6710221
0.6648223
0.6453664
0.691289
0.6791188
0.7995366
0.8098091
0.7432353
0.7462982
0.7457814
0.8049724
0.8054121
0.8042562
0.7906346
0.8064716
0.8109201
0.8044724
0.7970241
0.8142511
0.6667955
0.6638538
0.6601475
0.6845597
0.6058478
0.6220155
0.6322712
0.6143864
0.6112187
0.6446101
0.5978102
0.636306
0.6298585
0.6091945
0.6199694
0.6410277
0.6069294
0.6092918
0.6185452
0.6187615
0.6193055
0.6347902
0.6693855
0.6687908
0.6680662
0.6687908
0.6687908
0.6687908
0.6709547
0.6536943
0.6657835
0.6687908
0.6691531
0.6671091
0.788093
0.7879774
0.7879774
0.7865893
0.7829116
0.7836038
0.7830692
0.7896932
0.7894179
0.7849462
0.7898852
0.6599171
0.6725105
0.6437714
0.6469891
0.672992
0.6542889
0.6185284
0.6177778
0.6179394
0.6157396
0.6157085
0.6155341
0.6077186
0.6721947
0.6731022
0.6682309
0.6663296
0.7963858
0.7938904
0.6766536
0.6717827
0.6218057
0.6205654
0.8019385
0.7924169
0.8040635
0.809216
0.8007837
0.7632458
0.8163633
0.8071225
0.7637458
0.7574081
0.8101723
0.801639
0.7978291
0.6706684
0.6637244
0.6513987
0.6929791
0.6838586
0.7990855
0.8075498
0.7466216
0.7504025
0.7474132
0.8070975
0.8081871
0.8069594
0.7936188
0.8076073
0.8112353
0.8041165
0.7979209
0.814163
0.6707581
0.6674142
0.6651696
0.68944
0.6086531
0.6257401
0.633949
0.6156929
0.6125333
0.6456828
0.6004864
0.6403037
0.6297443
0.610397
0.6225107
0.6435043
0.6082424
0.6108287
0.6222754
0.6210653
0.6203873
0.6460086
0.6836019
0.6821023
0.6821023
0.6821023
0.6821023
0.6821023
0.6822877
0.679534
0.6810911
0.6821023
0.6824601
0.6804931
0.7862471
0.7864754
0.7861305
0.7877519
0.776312
0.776944
0.7765591
0.7840553
0.7825684
0.7770874
0.7829733
0.6459307
0.6652782
0.636575
0.6446156
0.66612
0.6468109
0.6164083
0.614866
0.6154783
0.607598
0.6073384
0.6070465
0.613921
0.6514015
0.655784
0.6912876
0.687879
0.7876858
0.7865192
0.6719258
0.6609236
0.6256912
0.6247798
0.7923295
0.7879283
0.7936351
0.7882077
0.7906845
0.7633054
0.8107995
0.7952079
0.7520018
0.7623309
0.7937248
0.7977584
0.7960462
0.6771051
0.6735376
0.6424456
0.7008932
0.6780514
0.7911487
0.7976241
0.744965
0.747019
0.7514676
0.8083575
0.8091166
0.8075592
0.7965359
0.8045682
0.8063424
0.8008451
0.7915279
0.7923834
0.6650334
0.66228
0.6606391
0.6917568
0.5942413
0.6313065
0.6368025
0.6170281
0.6168941
0.6501943
0.6048642
0.642212
0.6169072
0.613193
0.6200778
0.6477586
0.6168533
0.6180852
0.6282297
0.6216368
0.6273168
0.6541128
0.6921194
0.6907406
0.6907406
0.6907406
0.6907406
0.6907406
0.6923136
0.6890549
0.6893457
0.6907406
0.6910943
0.689183
0.7903967
0.7906237
0.7902815
0.7910363
0.7808063
0.7814212
0.7810516
0.7871087
0.7869201
0.781561
0.7873108
0.6554001
0.673377
0.6449379
0.6522048
0.6747791
0.6514132
0.6207983
0.6204946
0.6194289
0.6134092
0.6131523
0.6128639
0.6183305
0.6574278
0.663523
0.6974552
0.6899403
0.7894254
0.788607
0.682581
0.6711032
0.636407
0.6335453
0.7937217
0.7895035
0.7954354
0.7934514
0.7960721
0.7640817
0.8143542
0.7984414
0.7548137
0.7652603
0.7970576
0.8010673
0.7994394
0.6863016
0.6793533
0.6521429
0.7027109
0.6838173
0.7963826
0.8033882
0.7483648
0.749211
0.7553705
0.8120565
0.8128004
0.8112635
0.8013011
0.8090369
0.8112715
0.8032154
0.7936003
0.7984382
0.6754028
0.6712509
0.6691165
0.6969605
0.6074177
0.6440072
0.6482982
0.6281735
0.6313857
0.6555083
0.6156689
0.6556182
0.6294694
0.6263314
0.6326089
0.6583119
0.6260592
0.6304504
0.6387637
0.6312141
0.6346032
0.6463909
0.6847097
0.6831095
0.6831095
0.6831095
0.6831095
0.6831095
0.6825825
0.6804444
0.6814878
0.6831095
0.6834671
0.6814022
0.786679
0.7869074
0.7865624
0.7879261
0.7757754
0.7764975
0.7758472
0.7831858
0.7833464
0.7767289
0.7838357
0.6471707
0.6659852
0.6370638
0.6435959
0.6659891
0.6457935
0.6130608
0.6128664
0.6125774
0.60614
0.6058795
0.6055865
0.6116909
0.6503994
0.6552185
0.6908824
0.6869666
0.784329
0.7835858
0.6700519
0.6581815
0.6246287
0.6221687
0.7897549
0.7855106
0.7929624
0.7892421
0.7883714
0.7617484
0.8097435
0.7951323
0.7499448
0.7601401
0.791767
0.7935991
0.7935925
0.6764751
0.6712425
0.64424
0.6996099
0.6766007
0.7872735
0.7968695
0.7437167
0.7457777
0.7504227
0.8080493
0.8088926
0.8073325
0.7965464
0.8015884
0.8039637
0.7988278
0.7894737
0.7917051
0.6634451
0.6592188
0.6577795
0.6913571
0.5949503
0.6301144
0.6362966
0.6152793
0.6170385
0.6478379
0.6034119
0.6429138
0.6167121
0.6115347
0.6193297
0.6473929
0.6120732
0.6165577
0.62498
0.6202318
0.6248405
0.6462305
0.6855235
0.6841337
0.6841337
0.6841337
0.6841337
0.6841337
0.6838105
0.6790363
0.6820142
0.6841337
0.6844895
0.6855845
0.7871753
0.7874027
0.7870593
0.7893584
0.7818104
0.7799972
0.7818816
0.7860284
0.7866147
0.7801378
0.7846023
0.6444392
0.6610329
0.6381348
0.6404289
0.6636761
0.6431581
0.6178468
0.6162
0.6155777
0.6093076
0.6090495
0.6087594
0.6151478
0.6517119
0.6549213
0.6903608
0.6868633
0.7903112
0.7904339
0.6694994
0.6604738
0.6265272
0.6224302
0.7916962
0.7902222
0.7964701
0.7916902
0.79253
0.7633566
0.813437
0.7985425
0.7529093
0.7619359
0.7959772
0.8019192
0.7994544
0.6808887
0.6750077
0.6479657
0.7048869
0.6842672
0.7919734
0.8007876
0.7459022
0.7470277
0.7521024
0.8091003
0.8098543
0.8083052
0.7964068
0.8053269
0.8067626
0.8015439
0.7924342
0.7943063
0.6681881
0.6647291
0.6627871
0.6922318
0.5979924
0.6330388
0.6381713
0.6160135
0.6171001
0.6484096
0.6031887
0.6424453
0.6177993
0.6137464
0.6234991
0.648186
0.6133838
0.618065
0.6257766
0.6234805
0.6250894
0.6416448
0.6799257
0.6784165
0.6784165
0.6784165
0.6784165
0.6784165
0.679833
0.6749883
0.6781146
0.6784165
0.6787761
0.6798664
0.7826986
0.782928
0.7825808
0.7843864
0.776917
0.7750949
0.776901
0.7817948
0.7826521
0.7752399
0.7806286
0.6434078
0.6601911
0.6381563
0.6389399
0.661594
0.6426575
0.6118174
0.6081059
0.6105401
0.6027082
0.6024462
0.6021514
0.6072626
0.6451485
0.6501262
0.6864203
0.6821023
0.7876877
0.7864339
0.665396
0.6557748
0.6209755
0.6176162
0.7919067
0.7872401
0.7931326
0.787349
0.7880273
0.7601198
0.809993
0.7948772
0.7491156
0.7595971
0.7934767
0.7959011
0.7944433
0.674936
0.6711388
0.6425024
0.6988136
0.6769088
0.787533
0.7966138
0.7425083
0.7429036
0.7500552
0.8049865
0.8057594
0.8041832
0.7937749
0.8016719
0.803715
0.7994213
0.7888715
0.7892157
0.6606264
0.6573306
0.6551508
0.6887564
0.5921533
0.6261559
0.6318126
0.6103571
0.6112013
0.6445642
0.596915
0.6383808
0.6152257
0.607355
0.6160729
0.639127
0.6080182
0.6103907
0.6179025
0.615105
0.6183377
0.6478962
0.6850115
0.683518
0.683518
0.683518
0.683518
0.683518
0.6837009
0.6815789
0.6825116
0.683518
0.6838744
0.6849695
0.7845935
0.7848218
0.7844766
0.7866156
0.7773647
0.7755481
0.777611
0.781791
0.7841159
0.7756049
0.7820995
0.6451409
0.6639447
0.6404692
0.6428571
0.6637514
0.646017
0.6173209
0.6142116
0.6149355
0.6087665
0.6085079
0.6082172
0.6159643
0.651139
0.6547778
0.6916686
0.6862535
0.7878381
0.7864167
0.6716337
0.6616862
0.6259096
0.6241203
0.7902436
0.7886825
0.79496
0.7912693
0.7911723
0.7656658
0.8121436
0.7964446
0.7523272
0.7638869
0.7954786
0.7962806
0.7956732
0.6805727
0.6755039
0.6457653
0.7026328
0.6824345
0.7914658
0.7999577
0.7458612
0.7481835
0.7544385
0.8057439
0.8065117
0.8049439
0.7945758
0.8002782
0.8026562
0.7986057
0.7897047
0.7933785
0.6659944
0.6623144
0.6609893
0.6922317
0.596157
0.6294958
0.6355537
0.6164889
0.6164638
0.6490997
0.6054675
0.6417497
0.6203301
0.6125434
0.6203105
0.6482471
0.6118464
0.6150934
0.6247207
0.6204268
0.6241445
0.6502412
0.6869906
0.6855999
0.6855999
0.6855999
0.6855999
0.6855999
0.6846681
0.6796863
0.6834799
0.6855999
0.6859561
0.6870565
0.7896303
0.7898576
0.7895147
0.7910416
0.7829745
0.7811565
0.7831325
0.7874547
0.7884697
0.78121
0.7864532
0.6502646
0.6683653
0.6453206
0.6481071
0.6669008
0.6515848
0.6199417
0.6180713
0.6172249
0.6103864
0.610128
0.6098377
0.6181406
0.6530516
0.6571025
0.6917386
0.6858087
0.792075
0.7909194
0.6715656
0.6618069
0.6253106
0.6240686
0.7950117
0.792251
0.7967137
0.7935443
0.7949785
0.7680035
0.8147942
0.7991291
0.7579678
0.7671183
0.7968144
0.8007453
0.7992002
0.683668
0.6783168
0.6474809
0.7033143
0.6860376
0.7914359
0.8029844
0.7507159
0.7501835
0.7543372
0.8111801
0.8120099
0.8103853
0.7976513
0.8048442
0.8068637
0.8046606
0.794716
0.7961617
0.6666408
0.6639969
0.6618391
0.6942903
0.5998682
0.6328272
0.6385326
0.6157556
0.6156146
0.6459356
0.6045889
0.6434507
0.6199292
0.614377
0.6221485
0.6496224
0.6147951
0.6174789
0.625
0.6174789
0.6255177
0.6567023
0.6921782
0.6907991
0.6907991
0.6907991
0.6907991
0.6907991
0.6929717
0.6877989
0.6901074
0.6907991
0.6911528
0.6891403
0.7926993
0.7928405
0.7924995
0.7929963
0.7823638
0.7830598
0.7826087
0.789511
0.7880335
0.7829391
0.7885064
0.6533312
0.6705257
0.6437963
0.6504425
0.6723629
0.6519949
0.6217286
0.6218705
0.622032
0.6159214
0.6156656
0.6153784
0.6206032
0.6596879
0.6640948
0.7001071
0.6963877
0.7918106
0.7904843
0.6800061
0.6695176
0.6350406
0.6311932
0.795086
0.7939492
0.7946717
0.7923408
0.7944578
0.7660424
0.8144416
0.7985253
0.7567093
0.767036
0.7984104
0.8007307
0.7998598
0.6860563
0.6743825
0.6541145
0.7030691
0.6816393
0.7926267
0.8001833
0.7510087
0.7478133
0.7568081
0.8132057
0.8139455
0.8124957
0.7987234
0.8070613
0.8091466
0.8036366
0.7964047
0.7938538
0.6730012
0.6699675
0.6678286
0.6990916
0.6037937
0.6410695
0.6467008
0.6256979
0.6261622
0.6571142
0.6150382
0.6512268
0.6250205
0.6229521
0.6296832
0.6551049
0.6230165
0.6283044
0.6335133
0.6292897
0.6349696
0.6521327
0.685855
0.6843606
0.6843606
0.6843606
0.6843606
0.6843606
0.6869672
0.6827303
0.686798
0.6843606
0.6847173
0.6826625
0.7903009
0.7906137
0.7901855
0.7919672
0.779478
0.7801853
0.7800729
0.7875258
0.7872507
0.7804131
0.7877265
0.6457442
0.6627825
0.6350722
0.6437823
0.6644773
0.6451151
0.6193522
0.6174801
0.6182024
0.611713
0.6114551
0.6111654
0.6163149
0.6560976
0.6610646
0.6941303
0.6888088
0.7890719
0.7879946
0.6748206
0.6643703
0.634257
0.6310587
0.7943991
0.7912945
0.7970373
0.7927622
0.7920673
0.7643122
0.8105638
0.7967485
0.7536678
0.7662969
0.7960364
0.7986194
0.7962299
0.6790705
0.67624
0.6482072
0.7036868
0.685305
0.7895298
0.7993363
0.747755
0.7474064
0.7517606
0.811085
0.8117518
0.8102901
0.799306
0.8056596
0.8075091
0.8007746
0.7922271
0.7945312
0.6691992
0.6658383
0.6642052
0.6968432
0.6008729
0.6380509
0.6441533
0.6239111
0.6243675
0.6534646
0.6148893
0.648557
0.624877
0.6198147
0.6266731
0.6516104
0.6181087
0.6238775
0.6308794
0.6289343
0.6320254
0.6482567
0.6839103
0.6825127
0.6825127
0.6825127
0.6825127
0.6825127
0.682799
0.6798447
0.6821131
0.6825127
0.6828704
0.6808032
0.7873065
0.7875346
0.7871902
0.7881218
0.7762478
0.7769676
0.7764073
0.783647
0.7832003
0.7770236
0.7836897
0.6468911
0.6663263
0.6367864
0.643425
0.6658072
0.6447578
0.6162838
0.6147408
0.6151284
0.6086069
0.6083476
0.6080562
0.6135698
0.6517173
0.6571518
0.6902832
0.6875816
0.7861649
0.7855116
0.6731587
0.6627907
0.6270019
0.6236671
0.79124
0.7876094
0.7937469
0.790294
0.7911388
0.7660224
0.8099993
0.796338
0.7522956
0.7635214
0.7948591
0.7957483
0.7953953
0.6781298
0.6709542
0.6449345
0.7013968
0.6795884
0.7895411
0.7992654
0.7495956
0.7474056
0.7542292
0.809211
0.8099669
0.8084135
0.7973997
0.8045139
0.8068661
0.7997744
0.789582
0.7930937
0.6651369
0.6617578
0.6600109
0.6909645
0.5964303
0.6335439
0.6393563
0.6175715
0.6178868
0.6485098
0.6089101
0.6439256
0.6196279
0.6163166
0.6240808
0.649882
0.6155025
0.6217367
0.6267966
0.6251603
0.6278533
0.6512731
0.6837356
0.6822358
0.6822358
0.6822358
0.6822358
0.6822358
0.681099
0.6783326
0.681632
0.6822358
0.6825936
0.680422
0.7872612
0.7874893
0.7871449
0.7893655
0.7767262
0.7774443
0.7768856
0.7848137
0.7848858
0.7774127
0.7853697
0.6468072
0.6675039
0.6373547
0.6446334
0.6664584
0.6466141
0.6124725
0.6120521
0.6117628
0.6046359
0.6043749
0.6040813
0.6107623
0.6476832
0.6524203
0.6889971
0.6853889
0.7859472
0.7850348
0.6711311
0.6628159
0.6277916
0.6231349
0.7915393
0.788426
0.7937883
0.7889622
0.7898951
0.7613802
0.8074608
0.7952767
0.752516
0.7664297
0.7949859
0.7965551
0.7944182
0.6794842
0.6737727
0.6433315
0.7008325
0.6754134
0.7882026
0.7985439
0.7476987
0.7473498
0.750606
0.8088418
0.8095993
0.8080437
0.79274
0.8012258
0.8033537
0.797952
0.7896231
0.7919382
0.6671328
0.6638655
0.6618105
0.6916921
0.5969101
0.6333415
0.6390455
0.6182563
0.6199113
0.6513669
0.6054317
0.6420135
0.6175985
0.6151047
0.6218732
0.6494805
0.6146271
0.6213132
0.6269265
0.6233047
0.6276553
0.6439532
0.6812703
0.6797649
0.6797649
0.6797649
0.6797649
0.6797649
0.6801576
0.6767637
0.678339
0.6797649
0.6801237
0.6780385
0.7848299
0.7850587
0.7847128
0.7860799
0.7746894
0.7754152
0.7749372
0.7817611
0.7807055
0.7755598
0.7811165
0.641937
0.6616998
0.6336013
0.6386561
0.6618327
0.6423725
0.6102911
0.6077118
0.6094655
0.6032306
0.6029689
0.6026745
0.6081203
0.6462612
0.6512251
0.689783
0.6822214
0.7835169
0.7827726
0.6680118
0.6577944
0.6240167
0.6222204
0.7875589
0.7852153
0.7918166
0.7881735
0.7894513
0.7593716
0.8087814
0.7937315
0.7476215
0.758306
0.7918997
0.794413
0.7933832
0.6777237
0.667839
0.6415639
0.6985232
0.674462
0.7863717
0.7961468
0.7428656
0.7425172
0.7496692
0.806351
0.8071182
0.8056326
0.7941566
0.8022131
0.8041687
0.797683
0.7877151
0.7902951
0.6622222
0.6580963
0.6569708
0.6876673
0.5950194
0.6327503
0.6377914
0.6148893
0.6169817
0.6486108
0.6012035
0.6417697
0.6142526
0.6130547
0.6205024
0.6459353
0.6122432
0.6158315
0.6251399
0.6188406
0.6226942
0.6426297
0.6827725
0.681474
0.681474
0.681474
0.681474
0.681474
0.6820671
0.6774595
0.680461
0.681474
0.6818322
0.6797578
0.7865416
0.7867699
0.786425
0.7880466
0.7766942
0.7774124
0.7768536
0.7832228
0.7821683
0.7775555
0.7826613
0.6436343
0.6620951
0.6348888
0.6391703
0.6637965
0.6425607
0.6115049
0.6092704
0.6101142
0.6035416
0.6033946
0.6031004
0.6072918
0.6470915
0.6522595
0.6892529
0.6838213
0.7872928
0.7865551
0.6683994
0.6594372
0.6226597
0.6216368
0.7915956
0.7887404
0.7944386
0.79159
0.7914927
0.7621582
0.8120904
0.7958421
0.7487104
0.7613636
0.7947015
0.7988162
0.796764
0.6769826
0.6690614
0.6399005
0.6997936
0.6781342
0.7913587
0.8022412
0.7453512
0.7453728
0.7524941
0.8084031
0.8091624
0.8076044
0.7978309
0.8065187
0.8079525
0.7991109
0.7913093
0.7934475
0.6638629
0.6605819
0.6586223
0.6880446
0.5935895
0.6326078
0.6379846
0.6147468
0.6166155
0.64732
0.6011711
0.6407713
0.6154799
0.6118992
0.6215888
0.6455866
0.6129971
0.6143469
0.6232383
0.620698
0.6227741
0.6420802
0.6789904
0.6774842
0.6774842
0.6774842
0.6774842
0.6774842
0.6787972
0.6738521
0.6772847
0.6774842
0.677843
0.6789282
0.7832327
0.7834612
0.7831154
0.785172
0.7756387
0.7738223
0.7757103
0.7805973
0.7823211
0.7739677
0.7803041
0.6407143
0.65855
0.6352282
0.6364578
0.6606947
0.6391925
0.6075124
0.6036765
0.6062311
0.5994097
0.5991471
0.5988515
0.604541
0.6461052
0.6505266
0.6864819
0.6816713
0.7851988
0.7846317
0.6655295
0.6557326
0.6202745
0.6209135
0.7906053
0.7875842
0.7923493
0.7862309
0.7893955
0.7619255
0.8096698
0.794428
0.749339
0.759872
0.7922637
0.7950236
0.7924674
0.6788136
0.6686658
0.64055
0.6989321
0.6771051
0.7871871
0.7979406
0.7439599
0.7441672
0.7503664
0.8061683
0.8068519
0.8052865
0.7926617
0.8015416
0.8035788
0.7981974
0.7886945
0.7910923
0.6590023
0.6556059
0.654375
0.6870089
0.5912813
0.63072
0.6353162
0.6131469
0.6153412
0.6451914
0.5998052
0.6400127
0.6168024
0.610855
0.6197445
0.6428966
0.6109452
0.6145296
0.622073
0.6194222
0.6201835
0.6390151
0.6797219
0.6782151
0.6782151
0.6782151
0.6782151
0.6782151
0.6783039
0.6751012
0.6768897
0.6782151
0.6786764
0.6796621
0.7827758
0.7830048
0.7826582
0.7840279
0.7759547
0.7741358
0.7762017
0.7810047
0.7816018
0.7742812
0.7795814
0.642188
0.6616014
0.6367131
0.6380451
0.6608961
0.6424073
0.6098078
0.6080254
0.6095494
0.601492
0.60123
0.6009351
0.6080927
0.648217
0.6517773
0.6874227
0.6816921
0.785952
0.7846961
0.6643873
0.6541459
0.6198746
0.6190744
0.7914507
0.786532
0.7930185
0.7898202
0.7910923
0.7600642
0.8091848
0.7966245
0.7511934
0.7617074
0.7950635
0.7973087
0.7955137
0.679238
0.6699135
0.6425773
0.6968862
0.6752733
0.7905276
0.7993792
0.7446181
0.74427
0.7521249
0.8034425
0.80422
0.8026389
0.7929881
0.8014604
0.8034182
0.7960726
0.7870436
0.7954289
0.6631653
0.6595728
0.6580323
0.687438
0.5883622
0.6310042
0.6367203
0.6121759
0.6147071
0.6446333
0.5998212
0.6377065
0.6177536
0.6067105
0.6159779
0.6407152
0.6098528
0.6116544
0.6217882
0.6195757
0.6198961
0.6440745
0.679855
0.6783508
0.6783508
0.6783508
0.6783508
0.6783508
0.679254
0.6755518
0.6780499
0.6783508
0.6787093
0.6788756
0.7843861
0.7846143
0.7842692
0.785461
0.7753203
0.7742927
0.7754795
0.7808893
0.7827848
0.7744377
0.7815472
0.6416336
0.6611356
0.6349588
0.6383605
0.6613761
0.6420667
0.6117609
0.6094208
0.6107137
0.6022253
0.6032213
0.6029279
0.6084691
0.6475513
0.6513235
0.687037
0.6814159
0.7860879
0.7852643
0.6679564
0.661093
0.6243098
0.6222987
0.7890026
0.7871842
0.7928878
0.7885799
0.7889117
0.7624101
0.8107732
0.7946265
0.7520334
0.761078
0.792293
0.795477
0.793855
0.6791683
0.6742924
0.6428856
0.698581
0.6786873
0.7878206
0.7975451
0.7448296
0.7468791
0.7501282
0.8058649
0.8066317
0.8050654
0.7950393
0.8009031
0.8031926
0.797972
0.7890675
0.7924875
0.6588465
0.6557646
0.6542188
0.6872569
0.5948354
0.6324625
0.6378242
0.6142112
0.6168533
0.6472462
0.6028185
0.6427556
0.6187972
0.6129371
0.6230341
0.6464758
0.6123519
0.6170418
0.6264139
0.6202582
0.6241947
0.6708535
0.6937634
0.6934866
0.6929858
0.6934866
0.6934866
0.6934866
0.696449
0.6910086
0.6967959
0.6934866
0.6934396
0.6923432
0.7904998
0.7906416
0.7904701
0.7920827
0.7891147
0.7897868
0.7884971
0.7923606
0.7883932
0.7899207
0.788437
0.6541769
0.676785
0.6471198
0.6507522
0.6758037
0.6539101
0.6610036
0.6616618
0.6615034
0.6545699
0.6544362
0.6542751
0.653694
0.6840034
0.6894015
0.6917792
0.6927849
0.7984545
0.7951935
0.6933394
0.6899856
0.6636491
0.6596044
0.798443
0.7909801
0.8054741
0.804808
0.801686
0.7636682
0.817645
0.8005902
0.7617344
0.7769458
0.803342
0.8017872
0.7976216
0.7052448
0.6904322
0.6776485
0.7181441
0.6912149
0.808151
0.810648
0.7485449
0.7607
0.7492454
0.8125388
0.8138543
0.8119085
0.7951597
0.8116533
0.8114235
0.7991242
0.7988153
0.8101425
0.6925776
0.6855939
0.685815
0.7080099
0.6387418
0.6689876
0.6722803
0.6491711
0.6427778
0.6689687
0.6461551
0.66396
0.6647528
0.6514268
0.6584885
0.6686864
0.6533386
0.6516642
0.6655272
0.660308
0.6674401
0.6705947
0.6948166
0.6944402
0.6939401
0.6944402
0.6944402
0.6944402
0.6967013
0.6921714
0.697845
0.6944402
0.6943934
0.6933015
0.7922685
0.7922391
0.7922391
0.7932498
0.7906317
0.7912982
0.7898438
0.7936991
0.7897389
0.791431
0.7897792
0.6582507
0.6806474
0.6521118
0.6548512
0.6789339
0.6585327
0.6604234
0.6619242
0.6611343
0.6539831
0.6538492
0.6536879
0.6540652
0.6867925
0.6911596
0.6924383
0.6936385
0.8007013
0.7971994
0.6937905
0.6914312
0.6657835
0.6601798
0.7996889
0.7918944
0.8045286
0.8042777
0.8014897
0.7685716
0.8188506
0.8004779
0.7628738
0.7784091
0.8039862
0.8000705
0.7956436
0.7079425
0.6897799
0.6793512
0.7153875
0.6894563
0.8077058
0.8115374
0.7510846
0.7626502
0.752332
0.8130867
0.8143997
0.8124568
0.7967259
0.8131041
0.8129516
0.8011283
0.7998873
0.810116
0.6925307
0.6875574
0.6864712
0.7104927
0.6390115
0.6702119
0.6730754
0.6486911
0.6468028
0.6699387
0.6476978
0.6654707
0.6661887
0.6532829
0.6611811
0.6693586
0.6529666
0.6517155
0.6656825
0.6603597
0.6667698
0.6699203
0.6931687
0.6928916
0.6923903
0.6928916
0.6928916
0.6928916
0.6953597
0.690105
0.696404
0.6928916
0.6928445
0.691745
0.7903546
0.7904965
0.7903249
0.7920238
0.7886242
0.7892984
0.788006
0.7915307
0.788247
0.7894327
0.7882912
0.6549168
0.6779225
0.6487304
0.6513892
0.6765254
0.6548666
0.6553958
0.6569084
0.6551561
0.6484747
0.6483394
0.6481761
0.649095
0.6829909
0.6873944
0.6913809
0.6916884
0.7989886
0.7949658
0.6919496
0.688894
0.6619773
0.6572928
0.7976199
0.7902332
0.8036651
0.804418
0.8021353
0.7653997
0.8164429
0.8004498
0.7617553
0.7774098
0.8042105
0.7998731
0.79536
0.7082892
0.6858885
0.6765143
0.7132035
0.6868835
0.8049107
0.8110115
0.7496687
0.7609916
0.7496319
0.8102685
0.8115952
0.8096359
0.7943455
0.8102852
0.809813
0.7977933
0.7975711
0.8084243
0.6907855
0.6846909
0.6841056
0.706557
0.6347903
0.6669606
0.670371
0.6457611
0.642341
0.6663078
0.644334
0.6629152
0.6638998
0.6502525
0.6582748
0.6664072
0.6504724
0.6479362
0.662721
0.6577875
0.6640298
0.6686455
0.6908198
0.690542
0.6900392
0.690542
0.690542
0.690542
0.6932201
0.6879394
0.6940636
0.690542
0.6904945
0.689384
0.789832
0.7899738
0.7898021
0.7914158
0.7880145
0.7886905
0.787396
0.7910935
0.7872068
0.7888252
0.7872537
0.6564861
0.6789191
0.6502185
0.6536092
0.6775194
0.6570796
0.6584482
0.6595309
0.6588439
0.6515644
0.6514299
0.6512678
0.6522875
0.683971
0.6886641
0.6916429
0.6924491
0.7980472
0.7945302
0.6932043
0.6904491
0.6642495
0.6595811
0.797437
0.7897953
0.8039832
0.8036466
0.8016152
0.7654078
0.8167477
0.7995923
0.7620368
0.776706
0.8025142
0.8010416
0.7967056
0.7056952
0.6877744
0.6792673
0.7157752
0.6886633
0.8067392
0.8100743
0.749043
0.7592849
0.7490063
0.8115632
0.8128828
0.8109322
0.7943351
0.8096886
0.8092182
0.7993082
0.7986606
0.8074878
0.6914447
0.6861649
0.6847751
0.7052385
0.6374147
0.6695986
0.6733099
0.647452
0.6436217
0.6673067
0.6451765
0.6645604
0.6655779
0.6529986
0.658677
0.6689698
0.6514115
0.6500512
0.6645683
0.6594464
0.665557
0.6723049
0.6935694
0.6932924
0.6927914
0.6932924
0.6932924
0.6932924
0.6961571
0.6912162
0.697301
0.6932924
0.6932454
0.6921478
0.7918113
0.791953
0.7917818
0.7931352
0.7911168
0.7917816
0.7902436
0.7936699
0.7890214
0.7918287
0.7891494
0.6585136
0.6796729
0.6521636
0.655858
0.6788842
0.6590084
0.6606862
0.6612396
0.6611863
0.6542477
0.6541139
0.6539527
0.6543298
0.6878559
0.6910121
0.692088
0.6919893
0.8004209
0.7971708
0.6964259
0.6925763
0.6653154
0.660964
0.800424
0.7922078
0.8062535
0.8054232
0.8026399
0.7661185
0.8201359
0.8021338
0.7621168
0.778992
0.8059701
0.8019001
0.7971412
0.7087775
0.6914444
0.6801247
0.718059
0.691522
0.8086822
0.811511
0.7490239
0.7630659
0.7525705
0.8130609
0.8140479
0.8124309
0.797619
0.8119298
0.8110437
0.8005081
0.802054
0.8103388
0.6929825
0.6878109
0.6865237
0.7092839
0.6408078
0.6693077
0.6724936
0.6503337
0.6457822
0.670296
0.6479616
0.6648978
0.6687873
0.6536524
0.6619707
0.6702367
0.6530179
0.6532505
0.6645929
0.6610395
0.6669246
0.6758835
0.6973122
0.6970368
0.6965391
0.6970368
0.6970368
0.6970368
0.698987
0.693887
0.7004268
0.6970368
0.6969905
0.6960123
0.79092
0.7910617
0.7908904
0.7942922
0.7903958
0.7910627
0.7898659
0.7944005
0.789761
0.7911956
0.7898868
0.6610196
0.6840391
0.6540716
0.6583792
0.6827235
0.6618388
0.6647594
0.6664579
0.6649424
0.6590014
0.6588689
0.6587095
0.6578139
0.6878124
0.6923665
0.6946583
0.6950409
0.8012187
0.7977228
0.6971676
0.6954975
0.6650826
0.6620916
0.7980048
0.7918292
0.80529
0.8075472
0.8044407
0.7669113
0.8191777
0.8025098
0.7647187
0.7783527
0.8079262
0.802614
0.7970168
0.7111513
0.6927031
0.6824471
0.7177979
0.6914755
0.8087998
0.8132029
0.7520558
0.7632344
0.7515605
0.8135815
0.8148097
0.8129526
0.7983316
0.8115502
0.8110751
0.8017326
0.8003238
0.8086251
0.6962141
0.6905706
0.6893893
0.7109692
0.642
0.6707668
0.6739425
0.6515912
0.6464167
0.6725048
0.6509219
0.668507
0.6715033
0.6543782
0.6627898
0.6730888
0.657116
0.6545041
0.6699427
0.6612274
0.6686486
0.6743933
0.6935805
0.6932036
0.6927027
0.6932036
0.6932036
0.6932036
0.6970622
0.6937457
0.6982054
0.6932036
0.693557
0.6920591
0.7909168
0.7910585
0.7908872
0.7941197
0.7897054
0.7903751
0.7893466
0.7925197
0.7894139
0.7905085
0.7895407
0.6586497
0.6802054
0.6526257
0.655254
0.6791079
0.6598849
0.6638682
0.6630554
0.6640515
0.6552378
0.6551043
0.6549435
0.6548945
0.6851395
0.6903231
0.6941149
0.6942022
0.7999579
0.7964527
0.6965344
0.6955567
0.6683511
0.6630808
0.7985143
0.7920834
0.8040394
0.8065487
0.8024284
0.7668993
0.8191844
0.8009971
0.7633554
0.7792226
0.8050046
0.8014354
0.7970158
0.7087804
0.6898462
0.6826063
0.7193128
0.6929387
0.8071308
0.8102977
0.7518548
0.7635808
0.7527339
0.8139134
0.8151405
0.8132846
0.7973274
0.8115541
0.811079
0.8013954
0.8015052
0.8097101
0.6970664
0.6915275
0.6904471
0.7111295
0.643782
0.6730478
0.6756864
0.6530117
0.6483881
0.6718463
0.6516043
0.6695943
0.6715577
0.6566449
0.6627358
0.6742711
0.6550588
0.6562402
0.6697894
0.664303
0.6710618
0.6738961
0.6935792
0.6933027
0.6928025
0.6933027
0.6933027
0.6933027
0.6956654
0.6923373
0.6967082
0.6933027
0.6932558
0.6921599
0.7926209
0.7927622
0.7925915
0.7942817
0.7896155
0.7902849
0.7891712
0.7925984
0.7891528
0.7904183
0.7892802
0.6601569
0.6822662
0.6543728
0.6568797
0.680856
0.6600236
0.661379
0.6620359
0.6621929
0.6546388
0.6545053
0.6543444
0.6545081
0.6856527
0.6913259
0.6925033
0.6953966
0.7997757
0.796696
0.6972226
0.6941711
0.6668222
0.6619641
0.7985866
0.7915633
0.8059389
0.8065283
0.8035864
0.7664705
0.8181692
0.8035002
0.7604904
0.7772985
0.8059889
0.8024301
0.7971738
0.7063228
0.6884376
0.6828208
0.7158062
0.6882159
0.8083631
0.8118535
0.7493198
0.7628843
0.750661
0.8130687
0.8143799
0.8124397
0.7968141
0.8116932
0.8113818
0.8003664
0.7986194
0.8101019
0.6947825
0.6888312
0.6882492
0.7108208
0.6398142
0.6706314
0.6739113
0.6509404
0.6464032
0.6704432
0.6507999
0.6663034
0.6692595
0.6564706
0.6621356
0.6717238
0.6544642
0.654802
0.6680607
0.6640193
0.6697509
0.6742448
0.6952527
0.6950762
0.6943763
0.6950762
0.6950762
0.6950762
0.6995198
0.696327
0.7003662
0.6950762
0.6954291
0.6939403
0.7911379
0.791194
0.7910225
0.7926346
0.7897542
0.7904243
0.7893951
0.7919711
0.7885162
0.7905578
0.7886455
0.6584848
0.6811921
0.6522395
0.6547666
0.6800898
0.6591914
0.6610796
0.663105
0.662211
0.6542174
0.6541901
0.6540288
0.6548316
0.6863198
0.68979
0.6928775
0.6947739
0.7990024
0.7954882
0.6966078
0.6941453
0.6669523
0.6632343
0.7983146
0.7891253
0.8046837
0.8061082
0.8027388
0.7686329
0.8185165
0.8018961
0.7618491
0.7785612
0.8038059
0.8005638
0.7957126
0.7109098
0.6885018
0.6827731
0.7183396
0.6932106
0.8091164
0.8129416
0.7507726
0.7637898
0.7530293
0.811108
0.8124311
0.8104761
0.7948628
0.8104666
0.8100759
0.7991661
0.7976695
0.8107712
0.6964462
0.690698
0.6898159
0.7080066
0.6410996
0.6728942
0.6756412
0.6534754
0.6505606
0.671596
0.6512212
0.6691308
0.6716145
0.6579546
0.6607832
0.6723764
0.6531992
0.6545954
0.6686056
0.6637279
0.6690625