0.6937177
0.6983006
0.7037325
0.6967098
0.7056911
0.7030936
0.7018947
0.7062921
0.7046149
0.7037238
0.6983568
0.7000156
0.7076019
0.7053275
0.7031371
0.6944423
0.7002489
0.7052998
0.7089587
0.7025912
0.6990618
0.6942226
0.7058188
0.7060369
0.6920553
0.6989449
0.7047722
0.6976599
0.6980984
0.6953399
0.6983494
0.7027926
0.7046192
0.7038726
0.7148073
0.7144855
0.7155614
0.7053544
0.7054318
0.7018098
0.6969625
0.7014196
0.6969625
0.7014666
0.6982295
0.6970656
0.702272
0.7021612
0.7023659
0.702594
0.7000635
0.7181171
0.7148673
0.7138726
0.7112191
0.7108708
0.7136602
0.7094091
0.6892527
0.6896902
0.6846346
0.6844497
0.6893287
0.6887967
0.6948636
0.6893098
0.6905654
0.6877102
0.7150821
0.7139256
0.7153981
0.7152889
0.7161925
0.6857704
0.6868861
0.6856177
0.6858244
0.685903
0.7001658
0.6969409
0.6981147
0.6984316
0.6987027
0.6992404
0.7001503
0.6997556
0.6957729
0.699438
0.691132
0.7082514
0.7081957
0.7075812
0.707392
0.7075161
0.7071754
0.707941
0.7069764
0.707866
0.7080229
0.7065482
0.6919738
0.6656263
0.6701983
0.6759643
0.6754365
0.6658929
0.6726053
0.6791223
0.6897129
0.6769439
0.6713011
0.6707219
0.6818506
0.6868145
0.6785288
0.6776551
0.6717063
0.6849055
0.6658267
0.6713438
0.6731124
0.6924836
0.6677324
0.6885789
0.675396
0.6712978
0.6847886
0.672393
0.6721009
0.6733749
0.6727929
0.66664
0.6675194
0.6668267
0.6689605
0.668071
0.6719179
0.6729971
0.6721233
0.6588893
0.6617347
0.660226
0.6617347
0.6606105
0.6634003
0.6626093
0.6589007
0.659782
0.6582424
0.6586006
0.6630818
0.6666667
0.6654941
0.6609351
0.6593407
0.6597245
0.6615637
0.6599984
0.6748207
0.6738091
0.6730983
0.6744759
0.6756542
0.6755251
0.6781389
0.6744705
0.675463
0.676851
0.696391
0.6951029
0.6946851
0.6965093
0.6976491
0.6756735
0.6778636
0.6763604
0.6765713
0.6760182
0.6595396
0.660985
0.6611198
0.663748
0.6632052
0.6610114
0.6625174
0.6603727
0.6568869
0.6665578
0.6549226
0.6586669
0.6581717
0.666069
0.6571758
0.6635102
0.6670468
0.6684026
0.6635926
0.6666124
0.6676432
0.667753
0.6937825
0.6694895
0.6724691
0.6782159
0.6770568
0.6701813
0.6741232
0.6797932
0.6916454
0.6774039
0.6729347
0.6733045
0.6824174
0.6921322
0.6794106
0.6796887
0.6753454
0.6897232
0.6696421
0.6737179
0.6751684
0.6941882
0.6721168
0.6930639
0.6777504
0.6731433
0.6896035
0.6741312
0.6737332
0.6757382
0.6747433
0.6708184
0.671481
0.6707921
0.6746832
0.6738007
0.6775129
0.6787305
0.6778636
0.6647285
0.6685123
0.666041
0.6685123
0.6664219
0.6701643
0.6693791
0.6638573
0.6641858
0.662983
0.6633388
0.6672675
0.6719171
0.6694431
0.6628193
0.6606791
0.6613921
0.6634474
0.6610072
0.6770725
0.6769035
0.6760787
0.6770354
0.6788466
0.6779836
0.6813335
0.6771422
0.678129
0.6797209
0.6981764
0.6967878
0.6966765
0.6980912
0.6992294
0.6761327
0.6775865
0.6765034
0.6769255
0.676372
0.6614251
0.6630898
0.6638821
0.6653028
0.6659587
0.6627878
0.6645108
0.6610502
0.6593298
0.668979
0.6558228
0.6618782
0.6613844
0.6729177
0.6603929
0.6700553
0.6744243
0.675231
0.6705682
0.67313
0.6743677
0.6748073
0.8068109
0.8008559
0.8046791
0.8086332
0.7957878
0.8051191
0.8048224
0.7956147
0.8055075
0.7953385
0.8049602
0.804042
0.7978036
0.8079136
0.7948736
0.80705
0.8051948
0.8087932
0.8025754
0.8040366
0.8051017
0.8066957
0.8071682
0.8076048
0.8062038
0.80547
0.8065847
0.8050301
0.8042169
0.807758
0.8055297
0.8055437
0.8053028
0.8045102
0.7975051
0.7972287
0.7979988
0.799728
0.7999714
0.7897523
0.7937459
0.79028
0.7937459
0.7898673
0.7948456
0.7943625
0.7903001
0.7905391
0.789207
0.7904657
0.788165
0.7996055
0.8092929
0.8002473
0.7986739
0.7996942
0.7997379
0.799665
0.8084411
0.8093617
0.8080079
0.8090015
0.8078671
0.8083913
0.8111277
0.8085605
0.8083824
0.8089267
0.8087737
0.8087405
0.8081136
0.8091776
0.810031
0.8032857
0.8036429
0.8027444
0.8033431
0.8025592
0.7944185
0.7921278
0.7935252
0.7976051
0.7950011
0.794733
0.7971226
0.7948961
0.7911105
0.7953914
0.7897327
0.806021
0.805356
0.7944635
0.8046052
0.7952572
0.7947276
0.7972451
0.7957413
0.795902
0.7961356
0.7962774
0.8095679
0.8017407
0.8065923
0.8114614
0.7964188
0.8071048
0.8067299
0.7965054
0.8081215
0.7963163
0.8064493
0.805952
0.7986934
0.8098112
0.7954185
0.8100475
0.8062513
0.8106899
0.8036464
0.8059509
0.8065903
0.8093676
0.8091489
0.8095035
0.8090367
0.8069573
0.8085696
0.8065186
0.8058781
0.8105899
0.8070175
0.8075284
0.807288
0.8064975
0.7986655
0.7983894
0.7991589
0.8008732
0.8011164
0.7914615
0.7957947
0.7919842
0.7957947
0.7916606
0.7967165
0.7964098
0.7924487
0.7926865
0.7913579
0.7924362
0.7898813
0.8007744
0.8106231
0.8009751
0.7994898
0.8005098
0.8005534
0.8004808
0.8097471
0.8102433
0.8095609
0.8104705
0.8092568
0.8096962
0.8126021
0.8101185
0.809939
0.8101445
0.8097358
0.8094498
0.809581
0.8103911
0.8107402
0.8051114
0.8054683
0.8045714
0.8051688
0.8043867
0.7966423
0.7942727
0.796108
0.8000875
0.7970496
0.7967836
0.7993433
0.7972028
0.7935229
0.7972657
0.792061
0.8070086
0.8064305
0.7952802
0.8056807
0.7958975
0.7954562
0.7984112
0.7963814
0.7968055
0.7969514
0.797094
0.6898744
0.6757631
0.6868409
0.6877647
0.6712992
0.6795689
0.6860374
0.6741422
0.6877082
0.6700596
0.6801427
0.6872057
0.6784388
0.6873189
0.6708015
0.6888785
0.6878531
0.6869708
0.6818182
0.6873279
0.6803487
0.6897661
0.680943
0.6878377
0.6881165
0.6785629
0.6858241
0.6792228
0.6788321
0.6865824
0.6794069
0.6798804
0.6796979
0.6798553
0.6613307
0.6603285
0.6617088
0.6652586
0.6643803
0.6513822
0.6530512
0.6526324
0.6530512
0.6523588
0.6541759
0.6540408
0.6666937
0.6666937
0.6657215
0.6659647
0.6748
0.6941748
0.6825435
0.6739393
0.6698174
0.669979
0.6718826
0.6690653
0.6891046
0.6892346
0.6882844
0.6877976
0.6870253
0.6870056
0.6924642
0.6883412
0.6879593
0.6894075
0.6987328
0.6985635
0.699359
0.6986481
0.7004782
0.6702694
0.6714059
0.6688415
0.6694767
0.6693446
0.6622291
0.6597443
0.6556064
0.6610763
0.6596663
0.656597
0.6605049
0.6618565
0.6565459
0.662138
0.6559131
0.6752901
0.6738464
0.6524689
0.6739551
0.6532996
0.6552174
0.6566957
0.6531646
0.6556615
0.6540691
0.655921
0.692368
0.6806703
0.6918125
0.6904631
0.6768804
0.6857949
0.6908977
0.6793899
0.690229
0.6754421
0.6842313
0.6923679
0.683659
0.6896039
0.6761814
0.6916706
0.6922956
0.6880245
0.6864508
0.6922956
0.6845393
0.6922594
0.6878767
0.6898145
0.6907071
0.6827608
0.687598
0.6834191
0.6830311
0.6892846
0.6834982
0.6861039
0.6863344
0.6864911
0.6657523
0.6649713
0.6663441
0.6697153
0.668842
0.6585246
0.6580834
0.659746
0.6580834
0.659474
0.659202
0.6590669
0.6710037
0.670573
0.6700356
0.6702773
0.678871
0.6956626
0.6881445
0.6781037
0.6741111
0.6742724
0.6761652
0.673364
0.6934312
0.6935559
0.6924932
0.6922178
0.6909489
0.6913397
0.696681
0.6926681
0.6922837
0.69362
0.7013819
0.7012115
0.701906
0.7012967
0.7030214
0.6760675
0.6769876
0.674651
0.6752814
0.6750456
0.6647197
0.6647441
0.6589944
0.6648785
0.664447
0.6611813
0.6638744
0.6671518
0.6605833
0.6652852
0.6606095
0.6799871
0.6785513
0.6547639
0.6786605
0.657017
0.6575063
0.6605094
0.6568819
0.6602408
0.6565788
0.6587573
0.6928571
0.6754171
0.689419
0.6898203
0.6766291
0.684318
0.6885066
0.6792468
0.6906178
0.6752937
0.6826328
0.6900856
0.6835213
0.6905004
0.6758237
0.6910315
0.6893951
0.6908735
0.6831683
0.6899048
0.682629
0.6927484
0.6856851
0.6904034
0.6899632
0.6810536
0.6883922
0.6815044
0.6811146
0.6887422
0.6814791
0.6846281
0.6845495
0.6847066
0.6663437
0.665347
0.6666129
0.670195
0.6693214
0.657912
0.6563751
0.6591372
0.6563751
0.6593021
0.6574973
0.6573621
0.669232
0.6692314
0.6682607
0.6685034
0.676266
0.6969914
0.6872748
0.6792316
0.6752419
0.6754032
0.6774012
0.6744956
0.6895145
0.689747
0.6893052
0.6893318
0.6887687
0.6877207
0.6939047
0.6896741
0.6884694
0.6887915
0.7018696
0.7014983
0.7022936
0.7016839
0.7036094
0.6735002
0.6747399
0.672182
0.6727099
0.6725783
0.6641209
0.662839
0.658054
0.6638436
0.6626506
0.6599184
0.663055
0.6658025
0.6589907
0.6640339
0.6592357
0.6786721
0.6774454
0.6556854
0.6773413
0.6567323
0.6588648
0.6611025
0.6567067
0.6598518
0.6567323
0.6612075
0.6818648
0.6800942
0.6674112
0.6890506
0.677562
0.6828408
0.6690768
0.6794387
0.6798151
0.6775926
0.6745388
0.6683633
0.6816249
0.6771269
0.6809332
0.6898517
0.6525274
0.6799969
0.64652
0.6661078
0.6745369
0.6809249
0.6850301
0.6789005
0.6889896
0.6741118
0.6779073
0.6726636
0.673747
0.6872551
0.6740099
0.6836663
0.6836911
0.683332
0.6630373
0.6620389
0.6656738
0.6654462
0.6646754
0.6505985
0.6599286
0.6515201
0.6599286
0.6520176
0.6599545
0.6607983
0.6601642
0.6597301
0.6587489
0.6600845
0.6591818
0.68576
0.6692824
0.6749699
0.6728927
0.6738011
0.6752652
0.6728942
0.6850443
0.6855912
0.6848556
0.6845685
0.6862576
0.6846932
0.6918987
0.6836615
0.6864738
0.6888456
0.6980695
0.6986037
0.7004008
0.7020933
0.7011167
0.6800883
0.6812096
0.6794134
0.6797257
0.6794922
0.6654534
0.6646134
0.6651807
0.6653968
0.6636673
0.6650729
0.6665587
0.6649701
0.6604617
0.6684998
0.6624452
0.6625488
0.66206
0.6595727
0.661079
0.6579953
0.6672589
0.6640758
0.6597126
0.6625081
0.6625618
0.6611449
0.6920176
0.6899006
0.6815085
0.7007163
0.6869148
0.6933344
0.68269
0.6877408
0.6884139
0.6871557
0.6858432
0.6824106
0.6904239
0.6893524
0.6901563
0.7009789
0.6671728
0.6921873
0.6598114
0.6802252
0.6861504
0.6910863
0.6954963
0.6910002
0.7004354
0.6852057
0.6901199
0.683781
0.6848523
0.6985415
0.6850063
0.6941498
0.693868
0.6938202
0.6745586
0.6735743
0.6766309
0.6783765
0.6776186
0.6628068
0.6694984
0.6635772
0.6694984
0.6637406
0.6689873
0.670359
0.6678024
0.6679101
0.666396
0.667721
0.6670741
0.6927071
0.6771876
0.6863905
0.6840292
0.6858743
0.6865803
0.6840333
0.6932885
0.6934135
0.6929606
0.6929913
0.6941755
0.6927287
0.7001014
0.6919105
0.6948928
0.6970357
0.7100292
0.7105485
0.7123256
0.7134982
0.7121398
0.6898257
0.6909376
0.6891595
0.6894683
0.689238
0.6742216
0.6720065
0.672358
0.6727891
0.6708482
0.672464
0.6740483
0.6727668
0.6690717
0.675656
0.6706082
0.6710441
0.6702352
0.668071
0.6695885
0.6669369
0.6757954
0.6724277
0.6687439
0.6709761
0.6706006
0.6702825
0.6903986
0.689429
0.6785658
0.700898
0.6897353
0.6930182
0.6794352
0.6903435
0.6884694
0.689364
0.6832643
0.6787443
0.6926761
0.6930311
0.6922125
0.701753
0.667743
0.6954111
0.662107
0.6765697
0.6839803
0.6894786
0.6947498
0.6941448
0.7010191
0.6831498
0.6930785
0.6817399
0.6827991
0.6994544
0.6827457
0.6934205
0.6933436
0.6930952
0.67628
0.6756265
0.6787348
0.6784711
0.6782398
0.6750558
0.677946
0.674193
0.677946
0.6747716
0.67745
0.6787836
0.6784071
0.6779849
0.6770403
0.678325
0.6768973
0.7017983
0.68712
0.6903976
0.6884988
0.6897908
0.6903789
0.6881941
0.6925689
0.6920882
0.6919471
0.6909693
0.6935459
0.6915123
0.6990919
0.6915123
0.6928467
0.6956689
0.7061593
0.7069711
0.7085355
0.7101877
0.7093305
0.6922899
0.6934836
0.6916357
0.6919391
0.6918142
0.683899
0.6819693
0.6825233
0.6840898
0.6824041
0.6837695
0.6843728
0.6843391
0.6800602
0.6854163
0.6820736
0.6805236
0.6805743
0.6758237
0.6791104
0.674716
0.6822061
0.6792333
0.6761603
0.6777082
0.6787044
0.6768302
0.6986729
0.6829249
0.6764098
0.6922836
0.6838374
0.6862853
0.6779272
0.685494
0.6955801
0.6835593
0.677404
0.6757571
0.6869449
0.6813204
0.6862606
0.6924639
0.6675443
0.6824197
0.6602013
0.6759612
0.6777168
0.6979541
0.6881603
0.6824659
0.6913995
0.6765548
0.6823048
0.675426
0.676192
0.689363
0.6761382
0.687314
0.6873385
0.6865695
0.6654023
0.6644051
0.6686795
0.6692657
0.6683917
0.6529943
0.6662077
0.6539091
0.6662077
0.6540757
0.6651532
0.6670714
0.6682864
0.6680703
0.6670989
0.6676656
0.6705892
0.692725
0.6623461
0.6676926
0.6658012
0.6672611
0.6690677
0.6654761
0.6927946
0.6900571
0.6900234
0.6901529
0.6909247
0.6902918
0.6958425
0.6902918
0.6919535
0.6933926
0.6984446
0.6996832
0.6988707
0.7006719
0.7016975
0.6829288
0.6836341
0.6821516
0.6821516
0.6818146
0.6700873
0.6714089
0.6684228
0.6716539
0.669606
0.6699312
0.6662337
0.6694915
0.6645816
0.6710899
0.6643914
0.6559686
0.6554746
0.6649907
0.6545902
0.6629861
0.6682307
0.6664506
0.6643691
0.6670444
0.6669904
0.6600407
0.7018953
0.6849423
0.6768729
0.693681
0.6867916
0.6884013
0.6783904
0.6890618
0.6988408
0.6870325
0.6785004
0.6762184
0.690508
0.6860355
0.6897257
0.6939605
0.6696984
0.6867186
0.6623925
0.6764238
0.6789181
0.7013808
0.6901706
0.6868663
0.6928974
0.6777557
0.6870139
0.6766276
0.6773937
0.6908649
0.6773397
0.6894283
0.6890421
0.6881712
0.6660742
0.6650764
0.6693535
0.6699323
0.6690579
0.656972
0.6708707
0.6578732
0.6708707
0.6579291
0.6698228
0.6717298
0.6699344
0.6696103
0.6687475
0.6693137
0.6718103
0.694358
0.6708316
0.6677213
0.6659353
0.6676136
0.6692065
0.6655013
0.6980588
0.6961472
0.6961927
0.6960243
0.6966012
0.6961778
0.7010992
0.6964829
0.6976183
0.6994485
0.7014383
0.7025712
0.7019632
0.703658
0.7047803
0.6843309
0.6850363
0.6835543
0.6835543
0.6832176
0.675266
0.6740202
0.6729773
0.6752302
0.6720052
0.6731905
0.6709076
0.6716707
0.6686136
0.6744543
0.6668021
0.6645209
0.6640313
0.6681524
0.6631588
0.6655032
0.6711675
0.6689616
0.6667748
0.6696602
0.6699296
0.6625672
0.7020711
0.6890057
0.6852776
0.697112
0.691685
0.6922475
0.6867555
0.6939432
0.6988066
0.6912065
0.6870096
0.6846099
0.6953829
0.6918491
0.694198
0.6972821
0.678475
0.6928387
0.6712451
0.6848317
0.6872128
0.7015555
0.6941121
0.6926757
0.696631
0.6859543
0.6930251
0.6848413
0.6854967
0.6945098
0.6852337
0.6932707
0.693397
0.6921209
0.6719871
0.6709964
0.6752453
0.6758582
0.6749901
0.6641895
0.67421
0.6650655
0.67421
0.6652287
0.6731656
0.6750666
0.6760689
0.6753173
0.6743528
0.6749151
0.6773122
0.6982697
0.6748277
0.67301
0.6712362
0.6722601
0.6744882
0.6708059
0.7021807
0.6999688
0.6997981
0.6994323
0.7002181
0.6991889
0.7058228
0.6998987
0.701532
0.7026481
0.7074205
0.7081439
0.7079414
0.7097221
0.7100423
0.6899591
0.6907646
0.6892913
0.6891881
0.6889572
0.6787009
0.6776773
0.6761042
0.6781386
0.6754528
0.6758877
0.6724264
0.676499
0.6714263
0.6785397
0.6713463
0.6684309
0.6681596
0.6721457
0.6672915
0.6695053
0.6756844
0.6730598
0.6708789
0.6741818
0.6739148
0.6656079
0.698735
0.6870056
0.6863812
0.696324
0.6747064
0.6865496
0.6884667
0.6757571
0.696568
0.6733672
0.683848
0.6863347
0.6793199
0.6888175
0.6763166
0.6961907
0.6728935
0.6879561
0.6667475
0.6876969
0.6836355
0.6985242
0.6892452
0.6885143
0.6930948
0.6825849
0.686293
0.6826177
0.6824378
0.692398
0.683427
0.6877839
0.6876028
0.6877594
0.6728484
0.6721825
0.6746051
0.6766917
0.6761422
0.6694228
0.6689577
0.6704913
0.6689577
0.6716177
0.6693079
0.6699257
0.6727493
0.6730692
0.6713535
0.6715948
0.6712918
0.6943492
0.68755
0.691077
0.688841
0.6898366
0.6925157
0.6890555
0.6973356
0.6992773
0.7006187
0.6988447
0.6991219
0.6982966
0.7066212
0.6996115
0.7016429
0.7031564
0.7029237
0.7036523
0.7054431
0.7040376
0.7041602
0.6902148
0.6914277
0.6897553
0.689858
0.6896281
0.6743212
0.6754273
0.6734249
0.6770607
0.6784307
0.6780138
0.6785226
0.6771293
0.6708994
0.6792696
0.6700664
0.6778924
0.6776247
0.6621138
0.6776273
0.6640156
0.665369
0.6690933
0.6610555
0.6703279
0.6596645
0.6665045
0.700297
0.6892824
0.6842105
0.696254
0.675959
0.6877991
0.6860025
0.6769048
0.6981445
0.674831
0.6845861
0.684169
0.6803642
0.6953906
0.6774655
0.696324
0.6781436
0.6949484
0.6718813
0.6852218
0.6852072
0.7001875
0.6901872
0.6951934
0.6926088
0.6835303
0.6932947
0.6835634
0.6835925
0.6925249
0.6844776
0.6890335
0.6888523
0.6890091
0.675923
0.675259
0.6779933
0.679617
0.679069
0.6720979
0.6719483
0.6733721
0.6719483
0.6741745
0.6722981
0.6729138
0.6789338
0.6792498
0.6775467
0.6777858
0.6765468
0.6952115
0.6919696
0.6914122
0.6892777
0.6902747
0.6929573
0.6894926
0.6987914
0.7005289
0.7009606
0.7000931
0.7006766
0.6998521
0.7073758
0.7011664
0.7028935
0.7050081
0.707364
0.7078876
0.709474
0.708173
0.7090895
0.694031
0.6948316
0.6929591
0.693676
0.6934472
0.6825002
0.6849787
0.6816281
0.6850173
0.6869948
0.6860624
0.6863578
0.6856869
0.6801867
0.6886755
0.679578
0.6824618
0.6821949
0.6662064
0.6825167
0.6672345
0.6704177
0.6733721
0.6644993
0.6737428
0.6631134
0.6709056
0.7025825
0.6886171
0.6867594
0.6991572
0.6819799
0.6840324
0.6888469
0.6830213
0.700662
0.6808645
0.6894209
0.6866083
0.6866577
0.694527
0.6837904
0.6997275
0.6809184
0.6947986
0.6747143
0.6878699
0.6914826
0.7024729
0.686641
0.6944314
0.6952173
0.6889907
0.6924282
0.6900608
0.6899874
0.6956488
0.6909665
0.685274
0.6851954
0.6852493
0.6784169
0.6777555
0.6800576
0.6822777
0.681732
0.6765514
0.6732897
0.6778064
0.6732897
0.678603
0.6736392
0.6742534
0.676537
0.6768548
0.6751453
0.6753855
0.6773515
0.6990052
0.6927562
0.690632
0.6884944
0.6895973
0.6921789
0.6887094
0.6983384
0.7007856
0.7022215
0.7007526
0.7010341
0.7005135
0.7072299
0.7014229
0.7042548
0.7056639
0.709407
0.7100269
0.7113125
0.7101137
0.7112254
0.6911118
0.6922232
0.6907549
0.6908577
0.690319
0.6806493
0.6789944
0.6782805
0.6821107
0.6826213
0.6813611
0.6818694
0.6819493
0.6761928
0.6824031
0.6738656
0.6827287
0.6825678
0.6700413
0.6827836
0.6684769
0.6735864
0.6752461
0.6665043
0.6749738
0.6671805
0.6710676
0.6929146
0.6647362
0.6712742
0.6861977
0.6597411
0.6697502
0.6728122
0.6633726
0.69079
0.6589073
0.6660006
0.6710526
0.6611306
0.6828695
0.6602974
0.6845401
0.676013
0.6824139
0.6695303
0.671247
0.6650408
0.6928064
0.6725049
0.6838022
0.6807759
0.665788
0.6809546
0.6661341
0.6659474
0.6820182
0.6651475
0.6710111
0.670617
0.6707751
0.6750479
0.6740693
0.6766863
0.6787345
0.6778767
0.6670441
0.6658326
0.6681177
0.6658326
0.6676343
0.6675804
0.6668011
0.6541096
0.6553185
0.6531245
0.6539214
0.6605572
0.680834
0.6683645
0.6523017
0.6477142
0.6496482
0.6517193
0.6472662
0.6728063
0.6734807
0.6732993
0.6730981
0.6725894
0.6709902
0.6774576
0.672565
0.6731346
0.6757671
0.6917235
0.6918609
0.6920514
0.6926531
0.6943951
0.6749091
0.6781238
0.6751718
0.6752765
0.6749368
0.6428161
0.6423634
0.6418218
0.641256
0.6416228
0.6407087
0.6421278
0.6415729
0.6389805
0.6517828
0.6394524
0.6606519
0.6602715
0.6517624
0.6592888
0.6528117
0.6512121
0.6524753
0.6511381
0.6541843
0.6507224
0.6532344
0.6970028
0.6725951
0.6775497
0.6894823
0.666826
0.6756863
0.6789548
0.6695818
0.6949219
0.6660021
0.6749682
0.6773148
0.6682057
0.6894449
0.6665337
0.6878228
0.6834855
0.6897145
0.6772542
0.6775216
0.6737001
0.696894
0.6776938
0.6908835
0.68407
0.6747515
0.6877495
0.6750974
0.6749145
0.6852114
0.6741224
0.6769388
0.6765471
0.6767048
0.6821835
0.6812137
0.6839135
0.685656
0.6848057
0.6756866
0.6715805
0.6767279
0.6715805
0.676886
0.6733183
0.6725429
0.6570986
0.6583041
0.6561149
0.6569099
0.6629992
0.6824021
0.6736885
0.6617384
0.657427
0.6593389
0.6613834
0.6569867
0.6794639
0.6797103
0.6795073
0.6795224
0.6787206
0.6774473
0.6826423
0.6791145
0.6795689
0.6817647
0.6978973
0.6978289
0.6982226
0.6989189
0.7004473
0.6809332
0.6842312
0.6811948
0.6812988
0.6810657
0.6476042
0.6487152
0.6477357
0.6469524
0.6469767
0.6455144
0.6470395
0.6473576
0.6442395
0.6568675
0.6442632
0.6659093
0.6656387
0.6604371
0.6646629
0.6622323
0.6619593
0.6621216
0.6598148
0.6638043
0.6598407
0.6621183
0.8107559
0.7946019
0.8052287
0.807784
0.794939
0.8001126
0.8048643
0.7951099
0.8098507
0.795179
0.8029713
0.8037587
0.7968429
0.813062
0.7946353
0.8076438
0.7966006
0.813759
0.7939698
0.8037528
0.8033656
0.8108089
0.8005486
0.8135062
0.8080638
0.8028
0.8123431
0.8035487
0.8020671
0.8060823
0.8025189
0.8007876
0.8005486
0.8012793
0.7972268
0.7960074
0.7971978
0.798489
0.7979655
0.79543
0.7980204
0.7953254
0.7980204
0.7950949
0.7988386
0.7984513
0.7947425
0.7940202
0.7944544
0.794035
0.7926714
0.804287
0.8031248
0.8060904
0.8043867
0.8058945
0.8055952
0.8052699
0.8073446
0.8090877
0.8076709
0.8081513
0.8087814
0.8073799
0.8093268
0.8109599
0.807539
0.8076601
0.8112408
0.8117018
0.811419
0.8116365
0.8137085
0.8009873
0.8018469
0.8007901
0.8008747
0.8002682
0.7977318
0.799555
0.7994543
0.8032646
0.798478
0.7974401
0.7984045
0.7975056
0.7979595
0.801878
0.7977431
0.8009043
0.7999856
0.7995844
0.7999282
0.8010445
0.8009591
0.8017026
0.8017728
0.8019299
0.7994126
0.7997275
0.8064152
0.7944216
0.8052379
0.8089691
0.7962122
0.8007045
0.8046204
0.7968096
0.8053796
0.7957691
0.8027221
0.803259
0.796752
0.8070877
0.79454
0.807908
0.7984699
0.8075384
0.7959506
0.8035058
0.8028628
0.806638
0.8020687
0.8082048
0.8081615
0.8016166
0.806361
0.8021129
0.8009654
0.8081056
0.801504
0.80138
0.8008874
0.8004369
0.7946326
0.7940121
0.7963308
0.7962727
0.7958316
0.7958565
0.796893
0.7957508
0.796893
0.7949993
0.7978869
0.797239
0.797942
0.796875
0.7971348
0.7967164
0.7962387
0.802747
0.8070703
0.8042218
0.8022514
0.8042809
0.8036379
0.8023664
0.8056805
0.808102
0.8059326
0.8069144
0.8062048
0.8057175
0.8094268
0.8083123
0.8059628
0.8057504
0.8146426
0.8150998
0.8147377
0.8148713
0.8170174
0.7958851
0.7969226
0.7961978
0.7959415
0.7954997
0.796343
0.7983447
0.7973771
0.8024975
0.797697
0.7982147
0.7977957
0.7968963
0.7984747
0.8008481
0.7983447
0.804259
0.8040298
0.7941304
0.8035445
0.7969076
0.7956935
0.7991238
0.7979021
0.7983193
0.7941325
0.796355
0.8130564
0.8006388
0.8106232
0.8136668
0.8036374
0.8031881
0.8112515
0.8032123
0.812081
0.8036247
0.8091381
0.8102339
0.8050252
0.8160314
0.8027467
0.8135152
0.8040219
0.8167333
0.8012248
0.8099894
0.8091923
0.813193
0.804557
0.8167275
0.8134365
0.8088778
0.8152258
0.8095441
0.8088267
0.811631
0.8091923
0.803866
0.8036258
0.8031742
0.7978217
0.7974601
0.7987458
0.7998576
0.7994159
0.7941712
0.7955733
0.7945942
0.7955733
0.7940984
0.7964024
0.7955733
0.7934775
0.7924831
0.7930984
0.7929378
0.7908458
0.8032169
0.8041215
0.8058196
0.804271
0.8057938
0.8056636
0.8052491
0.8091134
0.8132911
0.8096844
0.8118416
0.8121481
0.8107422
0.813545
0.8116636
0.810982
0.8111854
0.8135237
0.8141519
0.8137028
0.8144186
0.8159218
0.8043308
0.8055339
0.8042182
0.8042182
0.8037795
0.8002459
0.8023424
0.8030215
0.8062446
0.8022979
0.8009122
0.8015345
0.801486
0.8009119
0.8058
0.8001738
0.8011882
0.8006088
0.7992474
0.799942
0.8015019
0.8017621
0.803462
0.8019773
0.8026544
0.8000289
0.8000869
0.8105795
0.795522
0.8075705
0.8098606
0.7954352
0.7983223
0.8070336
0.7946663
0.8097564
0.7945643
0.8004965
0.8060163
0.7962307
0.8119765
0.7939338
0.8093007
0.7948773
0.8126745
0.7923049
0.8059312
0.801148
0.810716
0.8001971
0.8130841
0.8093872
0.8003261
0.8114222
0.8008222
0.7997587
0.8080808
0.7996168
0.7990842
0.7984212
0.7993238
0.7930688
0.7918403
0.7931257
0.7943011
0.793859
0.7944573
0.7966236
0.7943548
0.7966236
0.7934289
0.7974438
0.7969693
0.7962003
0.7956525
0.7959125
0.7954938
0.7957075
0.8010931
0.8019951
0.8071851
0.8054841
0.8070751
0.8068611
0.8063664
0.8038113
0.8061554
0.8044908
0.8044681
0.8045904
0.804018
0.8076437
0.8068676
0.8042655
0.8048917
0.8099082
0.8104539
0.8101697
0.8102225
0.812218
0.8009736
0.8011572
0.8008609
0.8007763
0.8001695
0.8008165
0.8016055
0.8020214
0.804878
0.8010464
0.8002727
0.8013198
0.7995562
0.8000144
0.8052059
0.7998852
0.7989068
0.7977253
0.8
0.7979267
0.8013738
0.8003439
0.8028028
0.8024444
0.8019165
0.79957
0.8002295
0.8091625
0.7956055
0.8007362
0.8069387
0.7989253
0.7949226
0.8001271
0.7983306
0.8083251
0.7981457
0.8020265
0.798925
0.7996325
0.8098202
0.7977759
0.8075522
0.7938481
0.8106029
0.7909975
0.7990787
0.8016582
0.8093833
0.7952778
0.8112641
0.8073041
0.8009213
0.8095138
0.8015873
0.8005249
0.8055692
0.8008084
0.7955188
0.7947666
0.7952489
0.7924596
0.7912293
0.7921695
0.7937859
0.7933433
0.7919259
0.7967088
0.7917419
0.7967088
0.7915103
0.7975293
0.7970546
0.7941155
0.793392
0.793914
0.7934939
0.791074
0.8011797
0.8025117
0.8074428
0.8055714
0.8073329
0.8071189
0.8066243
0.8021274
0.8041447
0.8022294
0.8026242
0.8030793
0.8018303
0.8041164
0.805027
0.8029228
0.8024587
0.8082526
0.8089669
0.8084321
0.8086514
0.8110663
0.7985998
0.7996325
0.7985713
0.7986563
0.7979619
0.7951191
0.7973809
0.7986625
0.8019653
0.7974256
0.7960375
0.7973508
0.7970578
0.7964723
0.7997988
0.7968615
0.799511
0.7985032
0.7975866
0.7986181
0.7984502
0.7987945
0.7991103
0.7994409
0.7983929
0.7975011
0.7964309
0.8064993
0.7948736
0.8074246
0.8081289
0.7946992
0.7980132
0.8064697
0.7937589
0.8056364
0.7938276
0.8042526
0.8057038
0.7954948
0.8066685
0.7931108
0.8080716
0.7956784
0.8070348
0.792774
0.8058703
0.805236
0.8066376
0.8004781
0.8076169
0.8072399
0.8040808
0.8058593
0.8049125
0.8034351
0.8066802
0.803801
0.7986903
0.7983661
0.7980837
0.7946588
0.7934346
0.7945431
0.7960396
0.7955993
0.7914408
0.7919729
0.7913451
0.7919729
0.7906775
0.792798
0.7920599
0.7949327
0.7951651
0.7948183
0.794486
0.7929512
0.8007762
0.8027089
0.8049094
0.8033736
0.8048833
0.8048397
0.8040014
0.8064358
0.8082652
0.8072659
0.8074131
0.8081253
0.8063047
0.810754
0.8099728
0.8083828
0.8074209
0.8128988
0.8131929
0.812994
0.8131282
0.815276
0.7962491
0.7971138
0.7955382
0.7961351
0.7954384
0.7976609
0.7969806
0.7972244
0.802249
0.796939
0.7958978
0.797815
0.795709
0.7965919
0.7994831
0.7962883
0.8000574
0.7996553
0.7992549
0.7989939
0.8008869
0.8001145
0.8019731
0.801872
0.8008296
0.7989111
0.7994838
0.6685065
0.6567813
0.6696091
0.663561
0.6549587
0.6539559
0.6712458
0.65592
0.6646196
0.6525167
0.64492
0.6697067
0.6549559
0.6759859
0.6550819
0.6643302
0.6513871
0.6753186
0.6453102
0.6702111
0.6464492
0.6672453
0.6569643
0.6751602
0.6640662
0.6451535
0.6751055
0.6448448
0.6454129
0.6640354
0.644271
0.6555547
0.655156
0.6544619
0.661901
0.6614463
0.6621676
0.6659843
0.6657478
0.6584953
0.6611829
0.6587308
0.6611829
0.6591092
0.6620679
0.6611829
0.6569931
0.6584011
0.6562374
0.6562651
0.6614243
0.6751775
0.6706381
0.6473501
0.6437642
0.6429328
0.6456674
0.6412139
0.6653801
0.6653289
0.6660136
0.6653846
0.66685
0.6646193
0.6723217
0.6646193
0.6662476
0.6682609
0.6764043
0.6779898
0.6785853
0.6779674
0.6793242
0.6628486
0.6630323
0.6620553
0.6624783
0.6620286
0.6461801
0.6432005
0.6393362
0.6454212
0.6424672
0.644439
0.6461689
0.6443994
0.6430666
0.6480338
0.6422048
0.6620545
0.6611397
0.6553253
0.6614617
0.6536475
0.6574901
0.6602394
0.6513376
0.6588973
0.652669
0.6558038
0.6853626
0.6687319
0.6743674
0.6705439
0.6678217
0.6663785
0.6760839
0.6679266
0.6839953
0.6661671
0.668749
0.675284
0.6694989
0.6808875
0.6672187
0.6728526
0.6712512
0.6835108
0.6656821
0.67434
0.6675898
0.6852559
0.6682885
0.6845784
0.669781
0.6694835
0.6799096
0.6701414
0.6692223
0.6705966
0.6683274
0.6673211
0.6673473
0.6667714
0.6691837
0.6680986
0.6692369
0.6727287
0.6722867
0.6519095
0.6495221
0.6506356
0.6495221
0.6510197
0.6494369
0.6503966
0.6612527
0.663081
0.6602848
0.661066
0.6666399
0.6956453
0.6658905
0.6601239
0.6581238
0.6591495
0.6606338
0.6571475
0.670044
0.6733192
0.671897
0.6714878
0.6731627
0.6693884
0.6776769
0.6724111
0.6733912
0.6732062
0.6839298
0.6841739
0.6834454
0.6846617
0.6878274
0.6636385
0.6657199
0.6629515
0.6635854
0.6634532
0.6616608
0.6555179
0.6552142
0.6579245
0.660957
0.6544558
0.6584402
0.6561192
0.6528812
0.6640424
0.6566032
0.6573506
0.6564293
0.671555
0.657729
0.6717119
0.6746183
0.6758303
0.6680776
0.6747199
0.6716061
0.6718239
0.673359
0.6610796
0.6597448
0.6659323
0.643737
0.6588078
0.661536
0.6431944
0.6704978
0.6413627
0.6605017
0.6608201
0.6429715
0.6619397
0.6423305
0.6670067
0.6652753
0.6651463
0.6596
0.659507
0.6601842
0.6717953
0.6603135
0.666143
0.6659073
0.6605061
0.6625197
0.6609551
0.6604492
0.6654597
0.6595457
0.659442
0.6593632
0.6587809
0.6509927
0.6506392
0.651912
0.6554702
0.6552298
0.6448203
0.6434253
0.6437733
0.6434253
0.6441613
0.6436688
0.6440857
0.65164
0.6522968
0.6507718
0.6521072
0.6599774
0.682977
0.6588017
0.6441449
0.6414326
0.6396022
0.643339
0.6388776
0.6655397
0.6674771
0.6651272
0.6650208
0.6673202
0.6645704
0.6708006
0.6664573
0.6664053
0.6673716
0.6690064
0.6692643
0.6705873
0.6705864
0.6728856
0.6527094
0.6542828
0.6521186
0.6526542
0.6523052
0.6571543
0.6495588
0.6496882
0.6544794
0.6516681
0.6505663
0.6534765
0.6496368
0.6495346
0.6546687
0.6476978
0.6494285
0.6487188
0.6616469
0.6498095
0.662773
0.6660279
0.6651219
0.6595301
0.662399
0.6612735
0.6624469
0.8075025
0.7951696
0.8010779
0.8128852
0.8018094
0.7973833
0.800467
0.8012163
0.8063069
0.8012027
0.8033903
0.7993482
0.8032764
0.8095906
0.8010052
0.8128189
0.7977719
0.8101248
0.7950655
0.7994178
0.8039549
0.8074727
0.7986719
0.8104548
0.8124082
0.802709
0.8086151
0.8037145
0.802484
0.8121934
0.8029368
0.7980633
0.7978227
0.7983039
0.7922695
0.7912104
0.7924134
0.7936869
0.7933291
0.794792
0.796355
0.7946016
0.796355
0.7940221
0.7971776
0.7967017
0.7963644
0.7960759
0.7962495
0.79583
0.7922842
0.8029943
0.8036356
0.8078846
0.8060107
0.8074339
0.8071342
0.8067239
0.8053365
0.8082643
0.8055906
0.8066573
0.8074547
0.8053738
0.8091721
0.8083076
0.8058716
0.8059942
0.8110933
0.8113904
0.8110236
0.8113247
0.8132388
0.800467
0.8012449
0.800269
0.8003539
0.7995751
0.797451
0.7975487
0.7975332
0.801625
0.7956842
0.7956811
0.7970847
0.7960124
0.7964646
0.7991065
0.7958123
0.8003745
0.8000576
0.7979275
0.7996541
0.7987923
0.7986191
0.8008329
0.7995259
0.7985622
0.7975822
0.7981565
0.8053833
0.7968816
0.8056378
0.8071037
0.7976511
0.8063161
0.8047683
0.7960326
0.8039983
0.796358
0.8071796
0.8041673
0.7974236
0.8060602
0.7953884
0.805877
0.7947062
0.8065105
0.7920443
0.8041623
0.8079904
0.8052698
0.8070814
0.8071774
0.8067162
0.8069223
0.8054172
0.807836
0.8063651
0.8074116
0.8068134
0.8069844
0.8066639
0.8062189
0.7935882
0.7924474
0.7938181
0.7949844
0.7945429
0.7942832
0.795845
0.7940943
0.795845
0.7936028
0.7966662
0.7961912
0.7973255
0.7971244
0.7966053
0.7964468
0.7937898
0.7987607
0.8072169
0.8052263
0.8036046
0.8052857
0.8052421
0.8044892
0.8028853
0.8047308
0.8031513
0.8040493
0.8047582
0.803934
0.8057139
0.8051091
0.8045171
0.8032143
0.8155945
0.8153122
0.8149508
0.8163138
0.8168995
0.7990248
0.7990387
0.7990813
0.7989115
0.7981327
0.7963336
0.798678
0.7988357
0.8022222
0.7986355
0.7976841
0.7978708
0.7975764
0.7969065
0.8009186
0.7980735
0.8037249
0.8036674
0.7979327
0.8030108
0.8006873
0.7982777
0.8010025
0.801845
0.7996848
0.7977609
0.7993685
0.8072052
0.7950675
0.8042619
0.8119975
0.7952354
0.7949806
0.8037311
0.7941239
0.8050757
0.7946207
0.8052985
0.8026223
0.7957751
0.806619
0.7935617
0.8113524
0.799109
0.8070692
0.7965166
0.8026985
0.8055222
0.8073433
0.7966963
0.8069831
0.8110242
0.805126
0.8056413
0.8059575
0.804397
0.8111399
0.8046781
0.7956617
0.7952505
0.7950513
0.7871205
0.7858793
0.7873522
0.788604
0.7881573
0.7911992
0.7935605
0.7911913
0.7935605
0.790523
0.7943844
0.7939948
0.7972963
0.7968357
0.7971817
0.7964175
0.794894
0.8045037
0.8000719
0.8027191
0.8006597
0.8025204
0.8024771
0.8019774
0.8020144
0.8043677
0.802956
0.8030994
0.804563
0.8020547
0.8056865
0.8053333
0.8025576
0.8031866
0.8130205
0.8131502
0.8131983
0.8135793
0.8153175
0.7997599
0.8005366
0.7997316
0.7996468
0.7991236
0.8000143
0.7981308
0.8002728
0.8033949
0.7992965
0.7981737
0.7984468
0.7985813
0.7971369
0.8016642
0.7981308
0.7969741
0.7966566
0.7994551
0.7959905
0.8015169
0.8009166
0.8029458
0.8027585
0.801631
0.7998854
0.7994259
0.6770538
0.648573
0.6670011
0.6582739
0.6719577
0.6715608
0.6652281
0.6714483
0.6851838
0.6709658
0.6744079
0.6637079
0.6758183
0.6824396
0.6719877
0.6559256
0.675593
0.6824987
0.6856572
0.6665638
0.6739983
0.6771527
0.6722965
0.6831435
0.6570146
0.6749117
0.6817871
0.6752459
0.675171
0.657701
0.674508
0.6726773
0.671789
0.6715356
0.6778223
0.6771854
0.6797074
0.6687913
0.6683568
0.6740637
0.6668749
0.6737374
0.6668749
0.674406
0.6683566
0.667291
0.6786766
0.6789808
0.6783667
0.6781867
0.6743134
0.6987444
0.6900162
0.6927969
0.6893398
0.6891913
0.6922782
0.6883367
0.6567488
0.6580575
0.6518037
0.6539771
0.6560322
0.6555865
0.6655609
0.6599475
0.6575205
0.6569287
0.6788205
0.6780625
0.6815431
0.6808414
0.6814641
0.6708618
0.6735866
0.6707092
0.6708113
0.6701736
0.6641622
0.6604055
0.6628473
0.6691148
0.6619066
0.6602201
0.6598757
0.6616035
0.6567917
0.6570212
0.655545
0.6822755
0.6827325
0.66445
0.68294
0.6651294
0.6713107
0.6676294
0.6653122
0.6647643
0.665025
0.6642913
0.6772303
0.654449
0.6526556
0.6600951
0.6574797
0.6601414
0.6516114
0.6606169
0.6849103
0.6571875
0.6375289
0.6505731
0.6613456
0.6672599
0.6603244
0.661175
0.6485806
0.6684459
0.6553252
0.6518903
0.6391605
0.6772279
0.6625572
0.6684968
0.6593492
0.6376581
0.6655562
0.6381066
0.6379118
0.6591015
0.6384028
0.6608696
0.6604799
0.6609472
0.6538553
0.6532954
0.6538005
0.646934
0.6466934
0.6550243
0.6584362
0.6547317
0.6584362
0.65596
0.6601581
0.6588608
0.6700448
0.6705661
0.6684753
0.6692338
0.6703981
0.6774573
0.6674554
0.670409
0.6666929
0.6678996
0.6701752
0.6663777
0.6634571
0.6630975
0.658599
0.6605661
0.6597184
0.6608364
0.6699969
0.6611487
0.6635927
0.6595712
0.6716051
0.6708375
0.6724455
0.6731565
0.6724693
0.6570871
0.6585252
0.6568237
0.6567188
0.656377
0.6497729
0.6465366
0.6441683
0.6470918
0.6461415
0.6453679
0.6490135
0.6439188
0.6397685
0.6487934
0.6406652
0.6581183
0.6577464
0.6396693
0.6579574
0.64017
0.6455403
0.6436404
0.6391653
0.6450092
0.6415865
0.6429716
0.6747434
0.6586161
0.6574914
0.6648569
0.6600763
0.6597066
0.6554983
0.6631979
0.6810966
0.6596822
0.6451842
0.6535211
0.6639236
0.6718533
0.6629091
0.6641623
0.6536505
0.6713955
0.6598661
0.6563111
0.6474349
0.6741278
0.6618103
0.6724682
0.6623477
0.6459485
0.6700602
0.6463944
0.6462037
0.6633533
0.6463665
0.6598106
0.659629
0.6606159
0.6547995
0.6541347
0.6568658
0.6480973
0.6478575
0.6596975
0.660431
0.6586542
0.660431
0.6604027
0.6621462
0.6608538
0.6768678
0.6772784
0.6758319
0.6762708
0.6768278
0.6853452
0.6690013
0.6705873
0.6670861
0.6681861
0.6704581
0.6669814
0.6684955
0.6676193
0.6628302
0.6643751
0.6649899
0.6652736
0.6740706
0.6658931
0.6671813
0.6639078
0.6728972
0.6727412
0.674141
0.6755579
0.6745698
0.6589546
0.6608046
0.6586924
0.6585879
0.6582476
0.6550111
0.6538462
0.6514017
0.6531148
0.653345
0.6522639
0.655657
0.6522015
0.6466171
0.6557611
0.647505
0.6584206
0.6584747
0.6484506
0.6585791
0.6484033
0.6543464
0.6503302
0.647949
0.6515729
0.6505526
0.6501035
0.6679351
0.649867
0.6465388
0.6535359
0.6508945
0.6503365
0.6446476
0.6545896
0.6751305
0.6510204
0.6385552
0.6431673
0.6557441
0.6641067
0.6543945
0.6529559
0.6494813
0.6637422
0.6566527
0.6457675
0.6400763
0.6670033
0.6523676
0.6637951
0.6509988
0.6386835
0.6622913
0.6391318
0.6389375
0.6516863
0.6394277
0.6504421
0.650047
0.650626
0.6458748
0.6453076
0.6479701
0.6382053
0.6379611
0.6573199
0.6576384
0.6557442
0.6576384
0.6569708
0.6593624
0.6580635
0.669261
0.6695741
0.6682136
0.6686586
0.6689818
0.6790636
0.6632903
0.6676371
0.6647472
0.6655365
0.6679257
0.6641143
0.6608046
0.6598211
0.6556255
0.6559265
0.6580997
0.6577573
0.6670548
0.6574435
0.6591757
0.656177
0.6655098
0.6646356
0.6661528
0.6675905
0.6665896
0.6512394
0.6531108
0.6508671
0.6508671
0.650522
0.649071
0.6481023
0.6457399
0.64736
0.6481393
0.6462868
0.6492812
0.6465662
0.640694
0.6501397
0.6419168
0.6545382
0.654379
0.6412477
0.6546975
0.6430516
0.6466736
0.6455352
0.6425941
0.6470072
0.6455453
0.6436754
0.6891066
0.6633302
0.6646702
0.6736018
0.6654728
0.6583712
0.6665606
0.6687574
0.6865199
0.6654988
0.6515274
0.6662688
0.6700254
0.6741138
0.667833
0.6739285
0.6642755
0.6744847
0.6587321
0.6649637
0.6521844
0.6883819
0.6612813
0.6753708
0.6724111
0.651865
0.6719639
0.6519948
0.6520194
0.6708158
0.6518578
0.6596542
0.6592539
0.6597338
0.6511136
0.6506465
0.6534653
0.6557469
0.6555039
0.6435334
0.6505512
0.6444809
0.6505512
0.6450951
0.6523371
0.6505512
0.6599805
0.6611778
0.6588933
0.6593567
0.6627075
0.6729342
0.6592297
0.6611242
0.6570359
0.6575264
0.6610953
0.6569242
0.672572
0.673247
0.6726486
0.6730739
0.6727747
0.6705445
0.6773302
0.6692807
0.6740519
0.6727144
0.682205
0.6825558
0.6824356
0.6846903
0.6844074
0.6635849
0.6653662
0.6633182
0.6634247
0.6630781
0.637968
0.632988
0.6342474
0.6366118
0.6347315
0.6345947
0.6400759
0.6349233
0.6295589
0.6351139
0.6298081
0.6526256
0.652462
0.6381698
0.6511342
0.6355379
0.6436489
0.6413589
0.6360786
0.6419885
0.6357632
0.6383137
0.688943
0.6659782
0.662526
0.6721416
0.673615
0.6584625
0.664219
0.6756094
0.6863492
0.6717485
0.6477753
0.6632841
0.6762402
0.6726582
0.6750139
0.6733128
0.662027
0.6730297
0.6570825
0.6626072
0.6486574
0.6881138
0.6614845
0.6741297
0.671475
0.6478988
0.6707104
0.6484667
0.6478324
0.6702956
0.6486574
0.6597477
0.6589184
0.6596135
0.6487721
0.6484126
0.6511363
0.6534566
0.6532122
0.6422556
0.6473097
0.6433215
0.6473097
0.6440497
0.649107
0.6477534
0.6597493
0.6606228
0.6586597
0.6591242
0.6621544
0.6775441
0.6568043
0.6627435
0.6585485
0.6591483
0.6627152
0.6584372
0.6713198
0.6723141
0.6720316
0.6725622
0.6709984
0.6701301
0.6770363
0.6692857
0.6733323
0.6722011
0.6827495
0.6832031
0.6828772
0.6851346
0.6850566
0.6654972
0.6672774
0.6652309
0.6653374
0.6649912
0.6427336
0.6404856
0.6409515
0.6438582
0.6428807
0.6434224
0.646512
0.6438311
0.6374245
0.6438288
0.6367702
0.6479441
0.6475572
0.6376632
0.6479974
0.6360404
0.6440497
0.6410848
0.6370321
0.6426103
0.6362659
0.638595
0.6865648
0.6665872
0.6603455
0.6742268
0.6703253
0.6627063
0.6620519
0.6725425
0.6833094
0.6683401
0.6527654
0.6612193
0.6731762
0.6798581
0.6709898
0.6759149
0.6547782
0.6803343
0.6499101
0.660535
0.6548379
0.6858358
0.6653935
0.6789237
0.6728224
0.6533204
0.678033
0.6536688
0.6527126
0.6731227
0.6533139
0.6639847
0.663053
0.6638515
0.6457395
0.6453779
0.6478954
0.6504839
0.650238
0.6438831
0.6503645
0.6447206
0.6503645
0.6462272
0.6521561
0.6508066
0.6625478
0.6635264
0.6614609
0.6619237
0.6656082
0.6776353
0.6568764
0.6624949
0.6585127
0.6598778
0.6619226
0.6584013
0.6761332
0.6764892
0.6751497
0.6753687
0.6748655
0.6734775
0.6805753
0.6732673
0.6761408
0.6756394
0.682224
0.6827818
0.6842064
0.6851273
0.6844326
0.6677026
0.6690556
0.667331
0.6675434
0.6670919
0.6431279
0.6409917
0.6392085
0.6433584
0.6445049
0.6446002
0.6472428
0.6431098
0.6371395
0.6457887
0.6377268
0.6470055
0.6466178
0.6405283
0.6470588
0.6387971
0.6461159
0.6421504
0.6400099
0.643786
0.6407062
0.6397752
0.6829673
0.6673554
0.6630566
0.6760418
0.6747819
0.6646487
0.6646424
0.6771946
0.6801885
0.6733381
0.654313
0.6637069
0.6773019
0.6825909
0.6762864
0.6774092
0.6608403
0.6837923
0.6549898
0.6630304
0.6563813
0.682339
0.6672231
0.6841485
0.6754768
0.6546483
0.6809801
0.6547792
0.6549131
0.6743097
0.6551864
0.6659239
0.6651007
0.6657911
0.653038
0.6526805
0.6556098
0.6575441
0.6573011
0.6486998
0.6544652
0.6496308
0.6544652
0.6503525
0.6561378
0.6549048
0.6652869
0.6668018
0.6648539
0.6653144
0.6686713
0.6790521
0.6628096
0.662194
0.6583177
0.6608844
0.6635787
0.6594097
0.6764776
0.6759962
0.6755969
0.6764428
0.6745806
0.6737167
0.6816494
0.6728757
0.6775288
0.6758784
0.6843176
0.6845643
0.686397
0.6867
0.6864169
0.6635746
0.6649353
0.6628791
0.663093
0.6627451
0.6487152
0.645823
0.641812
0.6467293
0.6463083
0.6485197
0.6510387
0.6468029
0.6409854
0.6483706
0.6408963
0.6534613
0.6532972
0.6422268
0.6537358
0.6431867
0.6491343
0.6470782
0.6423803
0.6485888
0.6425157
0.6461728
0.6890249
0.6706208
0.6692424
0.6752867
0.6757056
0.6683572
0.6707927
0.6782135
0.6862263
0.675002
0.6557536
0.6696592
0.6792587
0.6777778
0.6781455
0.6781129
0.6697918
0.6776279
0.6649996
0.6687913
0.6579202
0.6882995
0.6714365
0.6783013
0.676083
0.6560864
0.6756373
0.6564338
0.6557007
0.674816
0.6567308
0.6696224
0.6690163
0.6697015
0.6556925
0.6553374
0.6582483
0.6601406
0.6598993
0.646522
0.6510868
0.6477915
0.6510868
0.6484029
0.652873
0.6515275
0.6650741
0.6659385
0.6639929
0.6644529
0.6685585
0.6775336
0.668124
0.6678245
0.663559
0.6650198
0.6673672
0.6634498
0.6757226
0.6758697
0.6755758
0.6763156
0.6747711
0.6737
0.6809903
0.672861
0.6772949
0.6757523
0.6908145
0.6911559
0.6909401
0.6933685
0.6931897
0.6718465
0.6737151
0.6715838
0.6716891
0.6714524
0.6466535
0.6444262
0.643663
0.6470008
0.6482453
0.6466771
0.6520707
0.6476268
0.641609
0.6480828
0.643645
0.6579956
0.6576136
0.6418402
0.6580493
0.6439133
0.648735
0.6475699
0.6444463
0.6492965
0.6440246
0.6464456
0.6843642
0.6630539
0.6606411
0.6731487
0.6696642
0.6619325
0.662346
0.6722002
0.6818146
0.6683137
0.6431776
0.6618354
0.6716738
0.676703
0.6717035
0.6746321
0.6618613
0.6770751
0.6566897
0.6608305
0.6452821
0.6837371
0.6649419
0.677855
0.6727964
0.6435264
0.6750791
0.6439863
0.6437887
0.6715149
0.6440678
0.6632124
0.6623863
0.663079
0.6479242
0.6475638
0.6504039
0.652629
0.652384
0.6414985
0.646121
0.6423448
0.646121
0.6432985
0.6479232
0.6465659
0.6593595
0.6603436
0.6582681
0.6587334
0.6620949
0.6704241
0.6584947
0.6602898
0.6565129
0.6578819
0.6605878
0.6564006
0.6690527
0.6692088
0.6687253
0.6692552
0.6686268
0.6666932
0.6739476
0.6654183
0.670341
0.668994
0.6799247
0.680279
0.6799498
0.6826329
0.6820388
0.6632017
0.6646692
0.6629339
0.6630409
0.662693
0.637259
0.6331671
0.6331809
0.6365748
0.6345755
0.6364767
0.6401622
0.6378128
0.6298425
0.6377881
0.6307769
0.6485352
0.6482594
0.6348641
0.6484774
0.6349325
0.6411716
0.6399901
0.6343444
0.6410722
0.6348194
0.6377184
0.6845923
0.6689141
0.6622814
0.6739096
0.6711697
0.6623874
0.6646171
0.673594
0.6818363
0.6697175
0.6504744
0.6636821
0.6735957
0.6822437
0.6729944
0.6752846
0.6676499
0.6823048
0.6620505
0.663006
0.6522267
0.6839656
0.6661366
0.6835941
0.6734516
0.6512513
0.6804254
0.6510535
0.651078
0.6719619
0.6512438
0.6636661
0.6628407
0.6642778
0.6523616
0.6520039
0.6541684
0.6570924
0.6568494
0.6438888
0.6534564
0.6448375
0.6534564
0.6454531
0.65524
0.6538964
0.659389
0.6604818
0.658626
0.6590909
0.6617959
0.6783786
0.6619133
0.6669366
0.6629834
0.6643396
0.6670177
0.6621127
0.676131
0.6765914
0.6759821
0.676306
0.675492
0.6742107
0.6819258
0.6731607
0.6777042
0.6764729
0.6853081
0.6856563
0.6874854
0.6874805
0.6875049
0.6675962
0.6695846
0.6673308
0.667437
0.6670918
0.6425746
0.6411104
0.6380881
0.6416825
0.6427216
0.6406844
0.6442355
0.6441193
0.63613
0.6426625
0.6350207
0.651785
0.6513995
0.6371608
0.6516171
0.6361003
0.643892
0.6410362
0.6356262
0.6418919
0.6357616
0.6397818
0.6904052
0.6722064
0.6675458
0.6802179
0.6721468
0.6674082
0.6681536
0.6739372
0.6878273
0.6702737
0.6554065
0.6686051
0.6740441
0.6858914
0.6734435
0.6804254
0.6682075
0.6846118
0.6626184
0.6678383
0.6566032
0.6897825
0.6695487
0.6869265
0.6788166
0.6556318
0.6836687
0.6555457
0.6554622
0.6773479
0.6556265
0.6686776
0.667858
0.6685456
0.6546874
0.654331
0.6570339
0.6592693
0.6590272
0.6510387
0.6575409
0.65185
0.6575409
0.65345
0.6593147
0.6579783
0.6626839
0.6636622
0.6615973
0.6610804
0.6667209
0.6770211
0.6681269
0.6699798
0.6660451
0.6678274
0.6704913
0.6661531
0.6773097
0.6781854
0.6778835
0.6785208
0.6770883
0.6760196
0.6818505
0.6748675
0.6795023
0.6779608
0.6836918
0.683939
0.6856697
0.6858704
0.6857923
0.6708005
0.6722536
0.670431
0.670431
0.6701933
0.6479475
0.6458333
0.6438413
0.6471847
0.6465411
0.6465262
0.6504926
0.6480328
0.6405488
0.6481573
0.6401224
0.6575398
0.6578152
0.6445853
0.6580324
0.6446492
0.6484779
0.6465319
0.6441794
0.6477105
0.6439799
0.6448452
0.6879522
0.6676987
0.6714991
0.6847031
0.6711164
0.6634003
0.6732508
0.6740664
0.6853441
0.671039
0.6509686
0.671382
0.6749089
0.6731089
0.6742046
0.6849003
0.6670654
0.674321
0.6615634
0.6717892
0.6511911
0.6872247
0.6672492
0.6754192
0.6827868
0.6511986
0.6710558
0.65111
0.6514624
0.6812303
0.6511911
0.6646769
0.664172
0.6650752
0.6552649
0.654909
0.6580441
0.6598351
0.6595932
0.6447303
0.6556
0.6455644
0.6556
0.646624
0.657378
0.6560385
0.6671526
0.6671525
0.6660724
0.6665317
0.665011
0.6772581
0.6587995
0.6698982
0.6667207
0.6683929
0.6704096
0.6668287
0.6846075
0.6842271
0.6829784
0.683823
0.682622
0.6827044
0.689011
0.6810453
0.685011
0.6842023
0.6826825
0.6829306
0.6845601
0.6845559
0.6846833
0.6677553
0.6695313
0.6672777
0.6673839
0.6670387
0.650086
0.6498687
0.6484465
0.6502176
0.6502378
0.6498933
0.6519636
0.6493942
0.6434991
0.6532853
0.64397
0.649737
0.6499055
0.6364313
0.6500123
0.6392008
0.6424981
0.6431101
0.6389531
0.6428454
0.6379638
0.6398414
0.6893143
0.6672218
0.6680491
0.6798581
0.6692626
0.6620739
0.6692888
0.6729535
0.6866228
0.6695016
0.6590763
0.6681518
0.6737959
0.6809782
0.6727749
0.6800661
0.6652046
0.6815572
0.6592382
0.6683409
0.6606942
0.6885889
0.6657136
0.6828464
0.677938
0.6587582
0.6788471
0.6596446
0.6594547
0.676259
0.6598328
0.6633514
0.6628462
0.6632182
0.6508466
0.6504886
0.6538587
0.6554905
0.6552471
0.6493762
0.655341
0.6501923
0.655341
0.6513529
0.65668
0.6557791
0.6683904
0.6693574
0.6673134
0.6677711
0.6678838
0.675377
0.6591928
0.6701621
0.6669902
0.6680139
0.6705655
0.6663429
0.6885464
0.6885746
0.6885463
0.6885719
0.6870844
0.6866536
0.6934375
0.6860365
0.6895529
0.6888507
0.6907961
0.6913408
0.6927491
0.6925403
0.6926655
0.6677009
0.6694747
0.6673299
0.6673299
0.6669851
0.6500532
0.6497254
0.6485266
0.6500738
0.6509781
0.6501926
0.6546821
0.6491415
0.6453708
0.6521454
0.6443914
0.649372
0.6492078
0.6441486
0.6494253
0.643321
0.6491444
0.6479797
0.6438547
0.6492635
0.6434325
0.6463004
0.6705673
0.6447255
0.6509597
0.6524295
0.6464893
0.6500744
0.6490691
0.6497841
0.6776525
0.6461878
0.6318651
0.6471746
0.6506279
0.6580178
0.6494772
0.6500549
0.6476235
0.6582742
0.654793
0.6498741
0.6335116
0.6699481
0.6527376
0.6585385
0.6495726
0.6319994
0.6559769
0.6324493
0.6320332
0.6506828
0.6325292
0.6506024
0.6501017
0.6512083
0.6500119
0.6494485
0.6504916
0.6425586
0.6423162
0.649005
0.6548167
0.6482929
0.6548167
0.6496414
0.6565472
0.6552435
0.6640625
0.6653267
0.6631138
0.6635625
0.6643966
0.6790104
0.6652445
0.6654846
0.6618449
0.6626373
0.6652476
0.6613146
0.654787
0.6525377
0.6493791
0.6492531
0.651221
0.6509789
0.6601389
0.6488627
0.6524185
0.6489703
0.6618466
0.6610733
0.6625966
0.6635269
0.6627269
0.647156
0.6487188
0.646781
0.646781
0.6462205
0.6433947
0.6411018
0.6376158
0.6420943
0.6434295
0.64167
0.6444658
0.6438104
0.6352713
0.6426106
0.6357333
0.6547003
0.6545411
0.6379199
0.6547524
0.636232
0.6429372
0.6405937
0.6359907
0.6417528
0.6389692
0.6390452
0.6725937
0.6523334
0.6536983
0.6577757
0.6532593
0.651012
0.6518095
0.6550485
0.6798728
0.6513797
0.6388271
0.6498195
0.655256
0.6657895
0.6546436
0.6561453
0.6474011
0.6659439
0.6549897
0.6526175
0.640346
0.6718738
0.6534592
0.6662023
0.6543056
0.6390631
0.6637731
0.6396189
0.6391007
0.65552
0.6395903
0.6512228
0.650512
0.6519328
0.6502139
0.6498653
0.6522943
0.6425532
0.642311
0.657569
0.6613807
0.6566337
0.6613807
0.6580696
0.663094
0.661803
0.6716839
0.672099
0.6706408
0.6710836
0.6707874
0.6820665
0.6652195
0.6710052
0.6683433
0.6698595
0.6724381
0.668553
0.6607323
0.6600622
0.6550357
0.65659
0.6572986
0.6575833
0.6674936
0.6586277
0.6595216
0.6560044
0.6694323
0.6688686
0.6703769
0.6712938
0.6706054
0.6568597
0.6585062
0.6564915
0.6564915
0.65594
0.6494386
0.6470682
0.6444871
0.6476229
0.6492627
0.6459016
0.6495413
0.6470448
0.640966
0.6502911
0.6416426
0.6546843
0.6545252
0.6441247
0.6548433
0.6459181
0.6496298
0.6469884
0.6450299
0.6487778
0.6466741
0.6469743
0.6759216
0.6483757
0.6488742
0.6547842
0.6478076
0.6490569
0.6477291
0.6504588
0.6824795
0.6468691
0.6366025
0.6458317
0.6509841
0.662009
0.6494108
0.6544135
0.6515876
0.6611223
0.6587539
0.6478929
0.6372604
0.675
0.6506683
0.6627348
0.6530947
0.636407
0.6601896
0.6368555
0.6363347
0.6531507
0.6380188
0.6490569
0.6488729
0.6492409
0.6482304
0.6476659
0.6506377
0.6418546
0.6416121
0.652167
0.6566632
0.6508075
0.6566632
0.6537546
0.658388
0.6570886
0.6699639
0.6699631
0.6693365
0.6697802
0.6670615
0.6823254
0.6644285
0.6667716
0.6628256
0.6641432
0.6666404
0.6626135
0.6571295
0.6577145
0.6534122
0.6545497
0.6548362
0.6551213
0.6650614
0.6589919
0.6574874
0.65291
0.6676412
0.667282
0.6686909
0.6698149
0.6689205
0.6547061
0.6566721
0.6544417
0.6545469
0.6542041
0.6477671
0.6451716
0.643235
0.6462683
0.6475894
0.64552
0.6486228
0.6458018
0.6395984
0.6506658
0.6427827
0.6555918
0.655219
0.6453674
0.6557507
0.6476965
0.649789
0.647903
0.6476729
0.6510851
0.6499562
0.6476738
0.6766975
0.6605839
0.6529426
0.6667184
0.6669252
0.6587586
0.6514747
0.6688865
0.6836687
0.6661233
0.6461185
0.6494813
0.6697113
0.6732933
0.6691205
0.6666409
0.6526819
0.6731437
0.6601735
0.6517534
0.6477282
0.675878
0.6606602
0.6740102
0.6647278
0.6462402
0.6713988
0.6465797
0.6457459
0.6646986
0.6469798
0.6589672
0.6583677
0.6595662
0.6558452
0.6552869
0.6588634
0.6488142
0.6485743
0.6580912
0.6574507
0.6570477
0.6574507
0.658803
0.6587509
0.657876
0.6718983
0.6736661
0.6716886
0.6721311
0.6728847
0.6855762
0.6704715
0.6805393
0.6775025
0.6781753
0.6805177
0.6759527
0.6620792
0.662032
0.6575289
0.6592903
0.6598989
0.6602878
0.6692504
0.6612251
0.6621139
0.6596472
0.676763
0.6763019
0.6779
0.6789068
0.67772
0.663635
0.6655796
0.6633748
0.6634787
0.6630367
0.6576591
0.656714
0.6558824
0.6588655
0.6603609
0.6569523
0.6607525
0.6588933
0.6519799
0.6580932
0.6530775
0.6606421
0.6602711
0.6502549
0.6608006
0.6489158
0.6560368
0.6554488
0.6494303
0.6568938
0.6522465
0.6528728
0.6750713
0.6554112
0.6529956
0.6629144
0.6547684
0.6551456
0.6518472
0.6571807
0.6822365
0.6540536
0.6414646
0.649753
0.658434
0.6700332
0.6567793
0.6627402
0.6483982
0.6694706
0.6554502
0.6518088
0.6430833
0.674354
0.6567408
0.6688021
0.6605063
0.6419128
0.6681334
0.6417142
0.642167
0.6611988
0.6423311
0.6554596
0.654963
0.6553281
0.649505
0.6491562
0.6521189
0.6424915
0.6422495
0.6554709
0.6597206
0.6536845
0.6597206
0.6552325
0.6605917
0.6601436
0.6702478
0.6705596
0.6692036
0.6696471
0.669659
0.6796094
0.6671393
0.6719643
0.6688908
0.6696744
0.6720439
0.6683685
0.6610749
0.6629997
0.6576765
0.6594343
0.6602499
0.6592852
0.6689623
0.6608459
0.6626665
0.6586464
0.6663846
0.667051
0.6683568
0.6683564
0.6687908
0.6546903
0.6566547
0.6545312
0.6545312
0.6541888
0.6505526
0.6457052
0.6452903
0.6473407
0.6485496
0.6467018
0.6505496
0.6487002
0.6418843
0.6494697
0.643103
0.6570681
0.6569094
0.6456837
0.6572267
0.6456373
0.6506359
0.648216
0.6450738
0.65
0.6471479
0.6483105
0.6722852
0.6536142
0.6560485
0.6634683
0.6543355
0.6536624
0.6541513
0.6574988
0.6789806
0.6540396
0.6473108
0.6530083
0.6583379
0.662536
0.6572011
0.6621464
0.6522903
0.6657072
0.6593824
0.6543307
0.6489227
0.671665
0.6555851
0.666278
0.6607352
0.6473246
0.6623802
0.6477723
0.647903
0.6617452
0.6479588
0.6537678
0.653162
0.6541624
0.6540751
0.6534064
0.6567921
0.6462741
0.6460324
0.6473659
0.6513893
0.6463278
0.6513893
0.6477937
0.6522745
0.6518199
0.6676935
0.6675881
0.6666403
0.667088
0.6690955
0.6858193
0.664445
0.6671143
0.6636825
0.6650044
0.6671934
0.6629401
0.6667185
0.6663559
0.6618515
0.6626778
0.6635012
0.6640984
0.6726398
0.6637864
0.6652944
0.661997
0.6668471
0.6662801
0.6681084
0.6691358
0.6683394
0.6561569
0.6581277
0.655892
0.6559975
0.6551264
0.653748
0.6542944
0.6529177
0.6546355
0.6555077
0.6523825
0.6553623
0.6544644
0.6482283
0.6548227
0.6486855
0.6544946
0.6545498
0.646493
0.6545469
0.64872
0.6510346
0.6520559
0.6491284
0.653193
0.6502317
0.6496718
0.6635762
0.6369598
0.6353363
0.6497291
0.6428008
0.6368954
0.6338789
0.6455806
0.6711976
0.6421743
0.6259836
0.6317172
0.646642
0.6602614
0.6452681
0.6461804
0.6395376
0.6603098
0.6451922
0.6336839
0.627756
0.6634728
0.6382156
0.6605726
0.6472899
0.6256822
0.6581223
0.6264645
0.626595
0.6481875
0.6266549
0.6372185
0.6368163
0.6370821
0.6401406
0.6395683
0.6424697
0.6338811
0.6336351
0.6403636
0.6434574
0.6387885
0.6434574
0.6400482
0.6452154
0.6438915
0.6503747
0.6527413
0.6499482
0.6501913
0.6485014
0.6683243
0.657127
0.6541885
0.6506975
0.6513944
0.654479
0.6502632
0.6545227
0.6551132
0.6502732
0.6522553
0.6524323
0.6516634
0.6614437
0.654402
0.6543624
0.6508172
0.6621047
0.6609173
0.6624411
0.6636813
0.6635009
0.6456085
0.6469616
0.6451257
0.6452325
0.6448841
0.6337097
0.6351242
0.6344772
0.6360116
0.635389
0.6337129
0.6362097
0.6344761
0.6301303
0.6388375
0.6293746
0.6462389
0.6465124
0.6314812
0.6468327
0.6311072
0.6375332
0.63506
0.6297583
0.6354636
0.6335349
0.6285136
0.6667444
0.6400252
0.6398319
0.6541171
0.6470218
0.6397476
0.6379406
0.6497841
0.6743552
0.646401
0.6303321
0.6362266
0.6506279
0.6633295
0.6493711
0.6506892
0.6413155
0.6625486
0.6469745
0.6381898
0.6323106
0.6666408
0.6409549
0.6632249
0.6517927
0.6300296
0.6612001
0.6308086
0.630939
0.6526918
0.631217
0.6399622
0.6396688
0.6398265
0.6442055
0.6436369
0.6465209
0.6379392
0.6376949
0.6438026
0.6473029
0.6422276
0.6473029
0.6434803
0.6490515
0.6477345
0.6549341
0.6573898
0.6545093
0.6547506
0.6540579
0.6716265
0.6600571
0.6574441
0.6542925
0.6551998
0.6578405
0.6536473
0.6580384
0.6585176
0.6530612
0.6550382
0.6561647
0.6554012
0.665138
0.6582288
0.6580811
0.6536091
0.6650467
0.663863
0.6653814
0.6663071
0.6664356
0.6493874
0.6507339
0.6489077
0.6490139
0.6486678
0.6362978
0.6388062
0.6382739
0.6387055
0.6390675
0.6368544
0.6398874
0.639243
0.6338392
0.6420655
0.6349629
0.6495406
0.6498123
0.6358368
0.6501318
0.6353538
0.641523
0.6391744
0.6340127
0.639464
0.6377662
0.6324503
0.6623518
0.6348315
0.6320996
0.6497566
0.6426147
0.6356301
0.6302079
0.6456085
0.6699765
0.6422026
0.6249096
0.6284711
0.6464567
0.6580957
0.6451893
0.6462083
0.6363276
0.6583522
0.6419723
0.63044
0.6263542
0.6622486
0.6369527
0.6586164
0.6473176
0.6246085
0.6561598
0.6253915
0.625522
0.6476835
0.6255821
0.6359538
0.635551
0.6358171
0.6385378
0.6379641
0.6408721
0.6322816
0.632035
0.6387502
0.6410935
0.6371753
0.6410935
0.6384381
0.6428571
0.6415291
0.6497567
0.6521255
0.6493299
0.6495733
0.6487461
0.664556
0.6550159
0.6528242
0.6493258
0.6505621
0.6531148
0.6488903
0.6524428
0.652932
0.6474499
0.6493314
0.6503486
0.6497884
0.6593801
0.6523236
0.652286
0.647778
0.6624411
0.6612542
0.6627772
0.6640167
0.6638364
0.6446757
0.6460302
0.6441921
0.644299
0.6439501
0.6314216
0.6327273
0.6315236
0.6330639
0.6328838
0.6310892
0.6335946
0.6330756
0.6274939
0.6363416
0.6285158
0.6446387
0.644913
0.629408
0.6452337
0.6287009
0.6354779
0.6327766
0.6273478
0.6331828
0.631137
0.6262069
0.6643313
0.6383936
0.635047
0.6524056
0.6436909
0.6366079
0.6331558
0.6464662
0.6719482
0.6430658
0.6271254
0.6314281
0.6472069
0.6609142
0.6461551
0.6490788
0.6378477
0.6609629
0.6436039
0.6333944
0.6291136
0.6642279
0.6379283
0.6612251
0.6499726
0.6268238
0.6587777
0.627605
0.6277355
0.6508709
0.6277951
0.6369311
0.6365289
0.6367947
0.6401757
0.6396036
0.6427205
0.6339179
0.633672
0.6445406
0.6458749
0.6429658
0.6458749
0.6442169
0.646979
0.6463074
0.6518035
0.6543779
0.6515924
0.6518348
0.6510196
0.6694
0.6587554
0.6562475
0.6527689
0.653999
0.6565376
0.6523366
0.6547628
0.6550379
0.6495666
0.6515494
0.6525682
0.6519052
0.6616799
0.654642
0.6546022
0.6501095
0.6651242
0.6639407
0.6653558
0.6657676
0.6665126
0.6459613
0.6473134
0.6454789
0.6455856
0.6452375
0.6353974
0.636371
0.6356158
0.6372573
0.6369637
0.635073
0.6382225
0.6375823
0.6316087
0.6402959
0.6328459
0.6478963
0.6481689
0.6319613
0.6484887
0.632029
0.6380072
0.6363051
0.6306823
0.6363783
0.6341228
0.6293299
0.6741833
0.6473169
0.6383688
0.6538371
0.650882
0.6404379
0.6365869
0.654153
0.6815612
0.6511136
0.638986
0.6368175
0.6552021
0.6649109
0.6530085
0.6529416
0.6480899
0.6659955
0.6563167
0.6369412
0.640181
0.6740792
0.6431379
0.6662539
0.6509862
0.638357
0.6633065
0.6396697
0.6390434
0.6529398
0.6393169
0.641401
0.6415362
0.6413728
0.6431701
0.6419517
0.6440853
0.6349659
0.6347206
0.6586855
0.6604816
0.6581738
0.6604816
0.6587584
0.6621973
0.6614329
0.662192
0.6641968
0.6617705
0.6623254
0.663473
0.682531
0.6615738
0.6683429
0.6648278
0.6654061
0.6685265
0.6641956
0.6643145
0.6632297
0.658943
0.659454
0.6604785
0.6614907
0.6712541
0.6639802
0.6625852
0.6594985
0.6688701
0.6683062
0.6691001
0.6702234
0.6704528
0.6527049
0.65415
0.652334
0.652545
0.65199
0.6473357
0.6470118
0.6486508
0.6503708
0.6521082
0.6461698
0.653032
0.6505364
0.6468802
0.6468895
0.6444124
0.6522709
0.6517893
0.6352297
0.6522155
0.6338675
0.6421137
0.6363783
0.6315323
0.6355741
0.6346371
0.6315109
0.6661487
0.6410357
0.6295616
0.6469571
0.6414022
0.6275741
0.6274525
0.6447192
0.6732388
0.6410965
0.6290723
0.627573
0.6455676
0.6574233
0.6439782
0.6455338
0.6358661
0.6583067
0.6430224
0.627788
0.630287
0.6661488
0.6303261
0.6586752
0.6443011
0.6285509
0.6551724
0.6297689
0.6291317
0.6460497
0.6293007
0.6285555
0.6288029
0.628526
0.6347972
0.6335633
0.6368147
0.6268038
0.626555
0.6510923
0.6545325
0.6505928
0.6545325
0.6515067
0.6562624
0.6554922
0.6553968
0.6574235
0.6549726
0.6551067
0.6564515
0.6727973
0.6521843
0.6596014
0.6560368
0.6567283
0.6597848
0.6555009
0.6567106
0.6548873
0.651103
0.6514005
0.6529449
0.6534406
0.6635042
0.6564838
0.6544519
0.6519635
0.6608413
0.6603788
0.6609711
0.6622133
0.6625492
0.6477291
0.6490773
0.6473548
0.6475674
0.6470079
0.6382107
0.6389648
0.6391993
0.6421407
0.6438005
0.6378922
0.6449444
0.6407075
0.6369709
0.6402571
0.6353453
0.6422092
0.6420486
0.6259418
0.6424787
0.6240065
0.6325889
0.6267714
0.6217511
0.6255164
0.6248987
0.6217161
0.6689436
0.644743
0.6332323
0.6510752
0.6454409
0.6337269
0.6313401
0.6484234
0.6765507
0.6452452
0.6319872
0.6315706
0.6497996
0.6618996
0.6476888
0.6497569
0.6395027
0.6631963
0.6475318
0.631684
0.6331975
0.668943
0.6363493
0.6635608
0.6484258
0.6314653
0.6596606
0.6325715
0.6320461
0.6501728
0.6322142
0.6347007
0.6349458
0.6344554
0.6411915
0.639968
0.6431932
0.6329758
0.6327293
0.6533312
0.6557988
0.6531489
0.6557988
0.653204
0.6575277
0.6567578
0.6596436
0.662082
0.6596452
0.6602026
0.6595373
0.6783167
0.6544223
0.664036
0.6604924
0.6610746
0.6641143
0.6598542
0.6600467
0.6589582
0.653921
0.6550596
0.6565011
0.6571005
0.667029
0.6601307
0.6581037
0.6555192
0.6672317
0.6667694
0.6672573
0.6685903
0.6688207
0.6512084
0.6525523
0.6509419
0.6510478
0.6504908
0.6428686
0.642754
0.6433157
0.6452673
0.64616
0.6415776
0.6474118
0.6457768
0.6418593
0.6428457
0.6390409
0.6449025
0.6443071
0.6315534
0.6447368
0.6296296
0.6380447
0.6310515
0.6273891
0.6315704
0.6305156
0.6275845
0.6735088
0.6456995
0.6410439
0.6582042
0.6458661
0.6418075
0.6393714
0.6490513
0.6810832
0.6463098
0.6356114
0.6396019
0.6510572
0.6687751
0.6488502
0.6558437
0.6506034
0.6700594
0.6574424
0.6397309
0.6367032
0.6734048
0.6446048
0.6699044
0.6541101
0.6349825
0.6667697
0.6361902
0.6355609
0.6563719
0.6359443
0.6427674
0.6431151
0.6428459
0.650447
0.6492437
0.6524178
0.6435426
0.6433011
0.6553421
0.6572603
0.6547298
0.6572603
0.6556365
0.6589814
0.6582148
0.6619341
0.6640422
0.661513
0.6620673
0.6639526
0.677823
0.6662727
0.669124
0.6658278
0.6662997
0.6693074
0.6650925
0.6645761
0.6639065
0.6590047
0.6600341
0.6620951
0.6612378
0.6715047
0.6648619
0.6627457
0.6595596
0.6682028
0.6670252
0.668126
0.6692497
0.6695812
0.6563475
0.6576794
0.6557697
0.6559794
0.655533
0.6484916
0.65
0.6486206
0.650446
0.652716
0.6479783
0.6528893
0.6493249
0.6453391
0.6526718
0.6451458
0.656193
0.6560343
0.6389356
0.6563517
0.6375812
0.6448009
0.6407301
0.6353707
0.639385
0.6390002
0.6350253
0.6695027
0.6402861
0.6327423
0.6522317
0.6424691
0.6422515
0.630421
0.6441771
0.6763656
0.6408801
0.6306256
0.630977
0.6457695
0.6566584
0.6424744
0.651023
0.6422156
0.6569139
0.649362
0.6317422
0.6329245
0.6698106
0.6448327
0.6574916
0.6495934
0.6305423
0.65399
0.6311005
0.6303567
0.6504892
0.630525
0.6433166
0.6431317
0.6413701
0.6462844
0.6450742
0.645046
0.6379923
0.6377487
0.6524642
0.6570548
0.6517496
0.6570548
0.65266
0.6585635
0.658009
0.6600363
0.6616221
0.6589796
0.6600647
0.659507
0.6757455
0.6655376
0.6624134
0.6587659
0.6589239
0.6620695
0.6581278
0.6551079
0.6546488
0.6489793
0.6505376
0.6520789
0.6519432
0.6612765
0.6546729
0.6540048
0.6512045
0.6679972
0.667025
0.6675113
0.6692479
0.669987
0.6488795
0.6506458
0.6486126
0.6485067
0.6480552
0.6390869
0.6379836
0.6369043
0.6393035
0.6431426
0.636254
0.6405899
0.6402717
0.6361006
0.6431944
0.6357935
0.6557741
0.6557221
0.6393915
0.6556129
0.635415
0.6458964
0.6402049
0.6333092
0.6374419
0.638366
0.6344994
0.6708391
0.6447595
0.6391263
0.65528
0.6490637
0.6446987
0.6371325
0.6495927
0.6772893
0.6469618
0.6356336
0.6371471
0.6512792
0.6696965
0.6487568
0.6536513
0.647968
0.670057
0.6534176
0.6378109
0.6380227
0.6709408
0.646953
0.6705167
0.6534893
0.635439
0.6673868
0.6361036
0.6361252
0.6545965
0.6360747
0.6457599
0.6455756
0.6440332
0.6485352
0.6479721
0.64773
0.6422783
0.6420365
0.6532136
0.6639157
0.6526049
0.6639157
0.653834
0.6654103
0.6643357
0.6600363
0.6627815
0.6596148
0.6606988
0.6609928
0.6689742
0.6726475
0.6625187
0.6587659
0.6608284
0.6625965
0.6596114
0.6597033
0.6597626
0.6545356
0.6561918
0.657003
0.6564517
0.6650128
0.6594754
0.659327
0.6546656
0.6781443
0.6769793
0.6779674
0.6793731
0.6798996
0.659801
0.6613342
0.6593313
0.6594355
0.6590962
0.6435414
0.6408202
0.6419249
0.6435485
0.6435762
0.6410606
0.6447179
0.6437395
0.6377428
0.6457951
0.6392943
0.6624576
0.6628274
0.643735
0.6626154
0.6435809
0.650413
0.6490698
0.6414989
0.6481673
0.646389
0.6412739
0.6242858
0.5990712
0.6188783
0.6098807
0.6173955
0.6256496
0.6178724
0.6195118
0.6323814
0.616956
0.6137527
0.6160931
0.623051
0.6246795
0.6183828
0.6101352
0.6207924
0.6258111
0.630076
0.617854
0.6155657
0.6242961
0.6272161
0.623787
0.6068994
0.6132282
0.6240782
0.6139097
0.6135902
0.6089145
0.6138783
0.6259792
0.62469
0.6246299
0.6289201
0.6287793
0.6284166
0.621111
0.6207479
0.6023397
0.5942415
0.6004144
0.5942415
0.6005966
0.5961267
0.5952935
0.6235313
0.6233173
0.6216305
0.6228986
0.617959
0.641732
0.6311895
0.6179674
0.6144875
0.613627
0.616791
0.6124229
0.5986111
0.595649
0.5936837
0.5943982
0.5990374
0.5963535
0.6060112
0.5987594
0.5990055
0.5972426
0.6425817
0.6415807
0.6397192
0.6433627
0.6442436
0.6003757
0.6024961
0.6001961
0.6003104
0.5990188
0.5954916
0.5913116
0.5936587
0.5977365
0.5973562
0.5901489
0.5938595
0.5950818
0.5891752
0.5959503
0.5855213
0.6221059
0.6228436
0.6260983
0.6229455
0.6230337
0.6299992
0.6299391
0.6236866
0.628126
0.6266157
0.6246638
0.6229257
0.5959497
0.6195169
0.6074766
0.6083814
0.6229771
0.6185102
0.6106381
0.6315789
0.6080455
0.6128193
0.6166209
0.6137725
0.6191166
0.6097125
0.6077366
0.6171982
0.6203652
0.6255986
0.6184934
0.6147474
0.6229363
0.6242196
0.618438
0.604602
0.6139852
0.6185111
0.6139909
0.6136715
0.6065067
0.6139595
0.6236387
0.6215718
0.6216216
0.624554
0.6245236
0.6240467
0.6169664
0.6166008
0.6005649
0.5952599
0.5989877
0.5952599
0.5983566
0.5971426
0.5963105
0.6237252
0.6237357
0.6218247
0.6230926
0.623249
0.6423611
0.6266928
0.6124815
0.6093157
0.6084481
0.6117512
0.6073493
0.600408
0.5987105
0.5967427
0.5973433
0.6016287
0.5983834
0.6079069
0.6021497
0.6013673
0.5983533
0.641163
0.6403751
0.6385095
0.6421599
0.642829
0.5993134
0.6005228
0.5990188
0.5992479
0.5978394
0.5974414
0.5921009
0.5942114
0.5989856
0.5996514
0.5928214
0.5958174
0.5990058
0.5918504
0.5966184
0.5882107
0.6165284
0.6172728
0.6230431
0.6173742
0.6218796
0.6272964
0.6287965
0.6209598
0.6257524
0.6227784
0.6249694
0.6203338
0.5930679
0.6191476
0.6024607
0.6089213
0.6294113
0.6181423
0.6106116
0.6291
0.6084733
0.6133539
0.6163654
0.6147508
0.6166358
0.6101379
0.6022773
0.6144831
0.6181087
0.6229894
0.6181245
0.6149416
0.6202338
0.6308586
0.6167351
0.5984335
0.6126046
0.616029
0.6130604
0.612628
0.6006854
0.6128036
0.6300661
0.6284576
0.6283983
0.6291781
0.6285945
0.628786
0.6213764
0.6207922
0.5975214
0.5944306
0.5959462
0.5944306
0.5964796
0.5963135
0.5954814
0.618958
0.6184049
0.6170474
0.6183231
0.6161882
0.64
0.6297772
0.6118827
0.6088318
0.6079644
0.6112664
0.6068658
0.5987921
0.5960627
0.5947862
0.5964155
0.5988751
0.5961931
0.605957
0.5989401
0.5986151
0.5974248
0.6383214
0.6374251
0.6361985
0.6391078
0.6395651
0.5936706
0.595002
0.5933732
0.5936039
0.5923007
0.596379
0.5912695
0.5919713
0.5967554
0.5997512
0.58999
0.5944009
0.5945699
0.5884271
0.5939141
0.58856
0.6196676
0.6199558
0.6207572
0.620509
0.6183512
0.624349
0.6238398
0.6179931
0.6208921
0.6213925
0.6216746
0.6868374
0.6667968
0.6771678
0.6647304
0.6699507
0.6799474
0.678244
0.6692223
0.6858013
0.6676853
0.667847
0.6752883
0.6718213
0.6791224
0.6693548
0.6648649
0.6706545
0.6787709
0.6662699
0.6772433
0.6666929
0.687442
0.6814002
0.6796372
0.6642885
0.6676366
0.6778399
0.6681872
0.6675848
0.6639434
0.6678467
0.6811717
0.6817058
0.680331
0.6655306
0.6644455
0.6663234
0.668179
0.6675276
0.6605784
0.6658975
0.660807
0.6658975
0.6601119
0.6676204
0.6662159
0.6683633
0.6675153
0.6666667
0.6683893
0.6746385
0.6772353
0.6804865
0.6767262
0.6729016
0.675789
0.676703
0.6739544
0.6538857
0.656181
0.6534162
0.654143
0.651665
0.6531257
0.6626781
0.6536578
0.6546802
0.6567246
0.6885246
0.6859466
0.688247
0.6890454
0.6895707
0.6808065
0.6808874
0.6808593
0.6810639
0.6807322
0.6568085
0.6548786
0.6526256
0.6553304
0.6546959
0.6512172
0.6498789
0.6536456
0.6483366
0.6572461
0.6491242
0.6718576
0.671382
0.6514883
0.6709606
0.6568408
0.6536546
0.6570513
0.6549844
0.6581853
0.6553328
0.6523978
0.6866126
0.6581616
0.6748819
0.6775078
0.6730361
0.6793572
0.6750412
0.6738703
0.6858762
0.6726472
0.6724111
0.6734036
0.6769918
0.6833619
0.6759856
0.6802997
0.6591939
0.6854719
0.6539114
0.6741237
0.6734581
0.6873246
0.68185
0.6836735
0.6771543
0.6723021
0.6815629
0.6730648
0.6730921
0.6774573
0.6730389
0.6805924
0.6810284
0.6803617
0.6786392
0.6769389
0.678902
0.6813178
0.6804688
0.6576285
0.6632374
0.6577588
0.6632374
0.6573805
0.6649807
0.6642037
0.6548149
0.6564497
0.6528544
0.6549547
0.6590485
0.6683025
0.6723806
0.6826039
0.6809879
0.6839686
0.6822689
0.6820383
0.6637133
0.6632411
0.6630957
0.6633023
0.66435
0.6635839
0.6706894
0.6646394
0.662584
0.6661941
0.6915492
0.6923906
0.6928819
0.6924734
0.6951079
0.6732704
0.6739763
0.673532
0.6733234
0.673089
0.6540361
0.6540457
0.6537401
0.6560272
0.6560401
0.6496909
0.6552395
0.6546542
0.6492027
0.6589329
0.6499959
0.6633615
0.6627691
0.6638541
0.6622287
0.6669071
0.6689882
0.6691483
0.6667735
0.6705826
0.668721
0.667442
0.6620352
0.6427548
0.6593337
0.6469136
0.6543093
0.6635558
0.6603848
0.6580299
0.661596
0.654544
0.6580681
0.6576555
0.6583458
0.656985
0.6567743
0.646549
0.6628603
0.6577743
0.6588639
0.6582469
0.6582831
0.6619307
0.6655704
0.6590999
0.6419507
0.6561557
0.6566151
0.6571383
0.6566299
0.643724
0.6575375
0.6632413
0.6635822
0.6633197
0.6511311
0.6520763
0.6538831
0.6554914
0.6564204
0.6373429
0.6420404
0.6363044
0.6420404
0.6360303
0.6438234
0.6430308
0.6391602
0.6391669
0.6382806
0.6393069
0.64108
0.6681052
0.6606469
0.6492248
0.6457726
0.6456055
0.6491922
0.6447795
0.6378565
0.6367422
0.6367989
0.6357822
0.637455
0.6347959
0.6429371
0.6359994
0.6381584
0.6400479
0.6692092
0.66957
0.6706834
0.6698553
0.6722559
0.649845
0.6507785
0.6492525
0.6492525
0.6490098
0.6398212
0.6372605
0.634826
0.6390451
0.6385248
0.6322639
0.6349077
0.6330425
0.6318848
0.6364601
0.6266228
0.6517525
0.6516999
0.6463977
0.6523494
0.6480988
0.6516311
0.6532024
0.6465455
0.6529398
0.6454744
0.647311
0.6473418
0.644187
0.6577251
0.6459801
0.6507341
0.6561559
0.6588944
0.6517024
0.6451195
0.6484887
0.6511702
0.6562525
0.6550243
0.6456901
0.6500999
0.64864
0.6562773
0.6468143
0.6507308
0.6566308
0.6505251
0.6473465
0.6574594
0.6467674
0.6456617
0.6498837
0.64488
0.6507695
0.6504691
0.6444035
0.6508496
0.6564752
0.6554375
0.6559157
0.6515188
0.6505121
0.654174
0.6547174
0.654048
0.6177327
0.6147452
0.6167068
0.6147452
0.6176885
0.6166044
0.6152057
0.6340282
0.6351562
0.6325776
0.6342904
0.6358401
0.659203
0.6434697
0.6265468
0.625
0.6240284
0.6269592
0.62408
0.6380753
0.641001
0.6390845
0.6403586
0.6412765
0.6375261
0.6456813
0.6408055
0.6440393
0.6419081
0.6687265
0.6685692
0.6667711
0.6680228
0.6719969
0.641003
0.6420596
0.6402895
0.6405082
0.6401512
0.6277288
0.6254338
0.623282
0.6296266
0.626846
0.6229508
0.6248449
0.6230915
0.6200547
0.6310632
0.6152501
0.6363263
0.6369453
0.6422459
0.6357067
0.6399837
0.6475363
0.6482473
0.6410695
0.6483133
0.6389842
0.6457045
0.6545599
0.6374499
0.6630245
0.6456567
0.644464
0.6585847
0.6636414
0.6450064
0.6531843
0.6429602
0.658253
0.6612355
0.6471669
0.6570591
0.6443625
0.6446433
0.6431206
0.6563615
0.6377626
0.6621515
0.6586822
0.6544557
0.6594586
0.6582258
0.643497
0.6584726
0.6567944
0.6582823
0.6584143
0.6422327
0.6581482
0.6577367
0.6590353
0.6586637
0.6472677
0.6476759
0.6496092
0.6502071
0.649749
0.631752
0.6231334
0.6304901
0.6231334
0.6293132
0.6248558
0.624155
0.6232135
0.623338
0.6212886
0.6218897
0.6256932
0.6602678
0.651832
0.6280448
0.6255979
0.6251959
0.6271005
0.623885
0.6379781
0.6365317
0.6372439
0.6361158
0.6389958
0.6366632
0.6469835
0.6379767
0.6404611
0.641698
0.6628482
0.6631125
0.6625598
0.6651789
0.6663538
0.6299053
0.6320808
0.6294018
0.6297345
0.6289278
0.6162588
0.6175934
0.616452
0.6220512
0.6219926
0.618301
0.6204325
0.615939
0.611699
0.6242975
0.6121803
0.645114
0.6457231
0.6510349
0.6445042
0.6559833
0.6567909
0.6639436
0.6555251
0.6606756
0.6561997
0.6562953
0.6706789
0.6318925
0.654318
0.6363124
0.6481762
0.6458914
0.6546465
0.6472045
0.667144
0.6470071
0.6441441
0.6546683
0.6524749
0.6550658
0.6467813
0.6356327
0.6531944
0.655752
0.647596
0.6524687
0.6445856
0.6705734
0.6499007
0.6553829
0.6372108
0.6430697
0.6542671
0.6429779
0.6433285
0.6371318
0.6440405
0.6464308
0.6469979
0.6461869
0.6480645
0.647818
0.6511628
0.6520633
0.6518212
0.6223932
0.6215837
0.6215926
0.6215837
0.6222241
0.6222864
0.6226073
0.6302687
0.6309524
0.6296022
0.6308703
0.6366771
0.6581328
0.6475896
0.634376
0.6309436
0.6311078
0.6334426
0.6284562
0.6361516
0.6376625
0.6354242
0.6347296
0.6381579
0.6343956
0.6432181
0.6369186
0.6378799
0.6393403
0.667995
0.667526
0.6664581
0.6691641
0.6706423
0.6322674
0.6343253
0.6319871
0.6319871
0.6318468
0.6201935
0.622551
0.6233573
0.6264126
0.6269148
0.6190318
0.6191029
0.6216907
0.6181909
0.6279664
0.6169489
0.6373833
0.6381116
0.637855
0.638216
0.6350258
0.6398533
0.638796
0.6334397
0.6384245
0.6398077
0.6342043
0.6675588
0.6363636
0.66171
0.6511369
0.6539194
0.6658043
0.6621195
0.6546666
0.666852
0.6523363
0.6425758
0.6602417
0.6574323
0.6630478
0.6561757
0.6514082
0.6554868
0.6634139
0.6502697
0.6610491
0.6431269
0.6677683
0.6675018
0.6630469
0.6492051
0.6402993
0.6615215
0.6427194
0.6413227
0.6493631
0.6418175
0.6664316
0.6659351
0.6659873
0.6457258
0.6450416
0.6452316
0.6490056
0.6499443
0.6391382
0.6347457
0.6377638
0.6347457
0.6367121
0.6356589
0.6351914
0.6498504
0.6498545
0.6489809
0.6495554
0.6457468
0.6543779
0.6552893
0.6438834
0.6400651
0.6397849
0.6424159
0.638395
0.6529981
0.6510355
0.6537005
0.6525142
0.6525874
0.6528768
0.6585385
0.6514875
0.654649
0.6563807
0.6654162
0.6655733
0.6638761
0.6666927
0.6689005
0.6345566
0.6359469
0.633948
0.633948
0.6336985
0.6271047
0.6247013
0.6227817
0.6248145
0.6289303
0.6233606
0.6241135
0.6276744
0.6192209
0.6247836
0.6169525
0.6456539
0.6458215
0.6460965
0.6457064
0.6455009
0.6503592
0.6489938
0.6447091
0.6486224
0.6460492
0.6441558
0.8156596
0.8061189
0.8111996
0.812052
0.7990996
0.7984143
0.8069182
0.7983388
0.8217525
0.7983241
0.7993923
0.8073241
0.799212
0.810352
0.7992256
0.8101697
0.7987187
0.8108823
0.8047467
0.8083275
0.7997034
0.81604
0.800028
0.8106303
0.8104216
0.7984595
0.8093017
0.7992087
0.7995903
0.8121086
0.7995338
0.7988357
0.7985127
0.7994952
0.8085031
0.8084896
0.8073828
0.8018511
0.8025929
0.8130702
0.808482
0.8132628
0.808482
0.8132891
0.8097899
0.8086507
0.8074085
0.8079705
0.8071246
0.8067149
0.8075636
0.8179252
0.807438
0.8158062
0.8149767
0.8157023
0.8154909
0.8143391
0.8013607
0.8033716
0.7986145
0.8001819
0.8018908
0.8024086
0.8061896
0.8024086
0.8017356
0.8005181
0.8044809
0.8058623
0.8050765
0.8056289
0.806306
0.8057499
0.8055983
0.8058898
0.8056391
0.8052075
0.8061746
0.8048381
0.8060158
0.8057057
0.8037722
0.8054765
0.8062567
0.8051773
0.8033476
0.8050968
0.8015126
0.8044748
0.8045027
0.8127867
0.8038503
0.8118602
0.8100156
0.8135976
0.8110609
0.8133108
0.8127822
0.814193
0.7961598
0.799438
0.7900698
0.7963107
0.7854086
0.7913689
0.7907703
0.7875703
0.7986309
0.7852148
0.7863383
0.7893764
0.7878551
0.7963734
0.7871703
0.7965301
0.7832738
0.7977576
0.7839595
0.7887344
0.785182
0.7961323
0.791811
0.7979278
0.7972925
0.7866953
0.7962323
0.7865016
0.7858473
0.7953452
0.7868336
0.7911124
0.7918965
0.7922087
0.7932713
0.7928244
0.7942775
0.7911644
0.7911496
0.792397
0.8017131
0.7923863
0.8017131
0.7920685
0.8027817
0.8024823
0.7849688
0.7835328
0.7843265
0.784254
0.7838054
0.791305
0.7941473
0.7929322
0.7913633
0.7924651
0.7932921
0.7907799
0.7916076
0.7936665
0.792357
0.7923196
0.7927571
0.7913154
0.7925747
0.7926838
0.7944809
0.7926528
0.7890498
0.7902236
0.7897487
0.7894663
0.7918692
0.7919711
0.7927538
0.7921986
0.7921129
0.7918411
0.7837054
0.7914172
0.7857039
0.7882779
0.7910297
0.7878744
0.7897247
0.7873584
0.7892798
0.7914983
0.7893216
0.7894547
0.788872
0.7848972
0.7883724
0.7863081
0.7829587
0.789337
0.7857401
0.7898378
0.7841987
0.7868769
0.7784951
0.7728022
0.7733823
0.7839128
0.7725442
0.7763007
0.7708813
0.7748349
0.7856167
0.7726946
0.7702331
0.7707658
0.7754736
0.7792217
0.7731818
0.7831222
0.7649316
0.7831505
0.7714494
0.7721044
0.7687849
0.7782082
0.7772779
0.7815084
0.7801641
0.7702546
0.7809069
0.7706721
0.7702664
0.7816248
0.7697654
0.7763882
0.7762293
0.7768967
0.7820069
0.7816399
0.783116
0.7750054
0.7750771
0.7781095
0.7878395
0.7782217
0.7878395
0.7784314
0.7891024
0.7878395
0.78027
0.7798025
0.7796253
0.7805267
0.7782805
0.7874158
0.7835171
0.7846866
0.7838894
0.7839461
0.7859259
0.7840029
0.7844337
0.7861756
0.7822941
0.7837991
0.7854303
0.7857853
0.790049
0.7849226
0.7859726
0.7839546
0.7743293
0.7748396
0.773558
0.775894
0.77652
0.7760809
0.777316
0.7761365
0.775961
0.7761205
0.7741983
0.7831474
0.776474
0.7793455
0.7787791
0.7797398
0.7772598
0.7777375
0.7765477
0.7839287
0.7794331
0.7800887
0.7795883
0.7647059
0.7789022
0.7646281
0.761249
0.7652155
0.7639542
0.7679186
0.7638113
0.7641912
0.7798769
0.7727923
0.779258
0.7879433
0.772711
0.7799445
0.7762423
0.7755248
0.7862015
0.7725966
0.772002
0.775867
0.7752849
0.7891349
0.7740523
0.7865495
0.7694691
0.7905267
0.7770456
0.7772916
0.7708258
0.7799399
0.7809145
0.7894178
0.7870607
0.7726421
0.7889078
0.7721729
0.771769
0.7870528
0.7718906
0.7797708
0.7808278
0.7807966
0.7837371
0.7834592
0.7835311
0.7762198
0.7762038
0.7813724
0.7830829
0.7817406
0.7830829
0.7812432
0.7840023
0.7834344
0.7783909
0.7773903
0.7774791
0.7773176
0.7713678
0.7910598
0.7915497
0.7875513
0.7867599
0.7869916
0.7886969
0.7872233
0.7806842
0.7809653
0.7759419
0.7772792
0.7794327
0.7803106
0.7845036
0.7797891
0.7805919
0.7777778
0.7795359
0.7817654
0.7799844
0.7819469
0.7834264
0.7763299
0.7776506
0.7768234
0.7765607
0.7768074
0.7754345
0.780654
0.7771715
0.7785289
0.781327
0.7770585
0.778222
0.7761248
0.7769779
0.7810823
0.7795921
0.787555
0.7873231
0.7715536
0.786736
0.7712056
0.7681393
0.7728631
0.7708972
0.774278
0.7692308
0.7728433
0.7094235
0.6808381
0.6988507
0.6996006
0.6960629
0.6950162
0.6953958
0.6939903
0.7166804
0.6945201
0.6896078
0.6957278
0.6987252
0.6978829
0.6958166
0.6978005
0.6913037
0.6995181
0.6975714
0.6967517
0.6867976
0.709704
0.6967096
0.6999473
0.6979583
0.6895921
0.6982226
0.6895263
0.6891552
0.6986725
0.6894026
0.695508
0.6958258
0.695485
0.7021729
0.7026432
0.7040971
0.6952482
0.6955208
0.6888477
0.6878519
0.686974
0.6878519
0.6874276
0.6879821
0.6878519
0.7028327
0.7030224
0.7016351
0.701261
0.7141229
0.7125152
0.6941385
0.6992959
0.6963628
0.696016
0.6980843
0.6948671
0.6868395
0.6905483
0.6863502
0.6860738
0.690496
0.6875949
0.6977254
0.6907755
0.6915923
0.6896239
0.7055535
0.7032614
0.7023836
0.7056632
0.7037535
0.6883551
0.6898306
0.6881083
0.6883077
0.6880846
0.6887724
0.6888271
0.6881521
0.692604
0.6898519
0.6869296
0.6890399
0.6914093
0.6873792
0.6931844
0.6855794
0.6852957
0.6861591
0.7059047
0.6856545
0.7041663
0.7046234
0.706549
0.7030488
0.705493
0.7066292
0.7029234
0.7853462
0.7700235
0.7942805
0.7818349
0.7655311
0.7771416
0.7912404
0.7645584
0.7899738
0.7642632
0.7817046
0.7913921
0.7681097
0.7855185
0.7657212
0.7814836
0.7755522
0.7851967
0.7827919
0.7924621
0.7802955
0.7854068
0.7774166
0.7852873
0.7803587
0.7811125
0.7852071
0.7809172
0.7813897
0.7810291
0.7811613
0.7774009
0.7769845
0.7773852
0.7868561
0.786151
0.7873429
0.7790665
0.7789645
0.7805264
0.7823129
0.7801062
0.7823129
0.7796123
0.7825277
0.7823129
0.7768655
0.7768417
0.7762248
0.7764172
0.7729185
0.7926386
0.7854225
0.7896837
0.7870866
0.7880951
0.7894362
0.7868524
0.7924885
0.7927494
0.7900244
0.7906603
0.7931155
0.7935488
0.798996
0.7939698
0.7911105
0.790904
0.7738062
0.7733597
0.7739087
0.7752698
0.7759763
0.7741454
0.7765006
0.775245
0.774897
0.774794
0.7808779
0.7859238
0.7841634
0.7857552
0.7864085
0.7858778
0.7852796
0.7875356
0.7829235
0.7846959
0.7820908
0.7835259
0.7830331
0.7713212
0.7824463
0.771154
0.7720312
0.7715545
0.7718247
0.7729601
0.7685735
0.7700217
0.7809632
0.7691923
0.7881146
0.7751551
0.7611973
0.7745217
0.7856486
0.7607504
0.785173
0.7600924
0.7775315
0.7850269
0.7637149
0.7842555
0.7616539
0.7744623
0.7740484
0.7833286
0.7797426
0.7861849
0.7749678
0.7811122
0.7754087
0.7839367
0.7734046
0.7772854
0.7837704
0.776999
0.7770386
0.7746861
0.7768081
0.7748702
0.7752346
0.7754638
0.7835885
0.7830506
0.782948
0.7770664
0.7769636
0.7742451
0.7776655
0.7738337
0.7776655
0.7738664
0.7784111
0.7776655
0.7700924
0.7704274
0.7694434
0.7694602
0.7656971
0.7890502
0.7812365
0.7855553
0.7829279
0.7838596
0.7854783
0.7826901
0.7845175
0.7858201
0.7841053
0.7851711
0.7867061
0.787315
0.792312
0.7860317
0.785019
0.7846414
0.7705548
0.7704557
0.7706585
0.7724691
0.773704
0.7699083
0.772113
0.7712834
0.7705798
0.7715308
0.7787719
0.7836788
0.7837449
0.7846453
0.7851293
0.7840697
0.7847792
0.7853099
0.7821483
0.7835794
0.7800794
0.7787022
0.7782039
0.7659109
0.7775203
0.7651134
0.7670794
0.7653366
0.7650747
0.7676635
0.7619535
0.7638676
0.7799801
0.7746009
0.790886
0.7783534
0.7669771
0.7752004
0.7878318
0.7669771
0.7842661
0.7664181
0.7823738
0.787898
0.7703466
0.7911233
0.7681398
0.7778329
0.778125
0.7906373
0.7842493
0.7900782
0.7798348
0.7800426
0.776258
0.7911494
0.7768712
0.7817807
0.790559
0.7813256
0.7812789
0.7774542
0.7811366
0.775461
0.775911
0.7760527
0.7847668
0.7842312
0.7843893
0.7778251
0.777896
0.7801485
0.7825526
0.7796403
0.7825526
0.780023
0.7832915
0.7825526
0.7741772
0.7738879
0.773533
0.7734607
0.7675912
0.7899563
0.7896658
0.7914023
0.7882883
0.7895564
0.7913279
0.7883144
0.7861068
0.7863777
0.7842394
0.7857293
0.787261
0.7885494
0.7927669
0.7867595
0.7865176
0.78486
0.7731586
0.7729718
0.7733484
0.7750601
0.7763734
0.7700772
0.7721889
0.7711858
0.7708348
0.7713449
0.7769846
0.78338
0.7834459
0.7825086
0.7831706
0.7839449
0.7852633
0.7846616
0.7814141
0.7808269
0.7809284
0.7864725
0.7861549
0.7720759
0.7853963
0.7700391
0.7724313
0.771954
0.7714244
0.773184
0.7673591
0.7714886
0.7875424
0.7769111
0.7935112
0.7901035
0.7721266
0.7793274
0.7902885
0.7717756
0.7921017
0.7709585
0.780613
0.7903555
0.7746007
0.7914502
0.7725843
0.7896549
0.7799162
0.7908791
0.7864847
0.7914288
0.7784123
0.7876025
0.7799476
0.7918158
0.7887998
0.7803662
0.7910553
0.7794736
0.7806442
0.7895626
0.7805886
0.779673
0.7791702
0.779571
0.7931059
0.792406
0.7931622
0.7850434
0.7850282
0.787907
0.7889659
0.7874732
0.7889659
0.7859395
0.7896993
0.7889659
0.7799726
0.780036
0.7793322
0.7791721
0.7750654
0.7974476
0.7905178
0.7918213
0.7890519
0.7904067
0.7915744
0.7889915
0.7901842
0.7904494
0.7872027
0.7889458
0.7901391
0.7913391
0.7963119
0.7906601
0.7890559
0.7881683
0.7773694
0.7775267
0.7773852
0.7787423
0.7804792
0.7777304
0.7799077
0.7785674
0.7784806
0.7781174
0.7878051
0.7922171
0.7943525
0.793261
0.7927812
0.7931207
0.7950253
0.7948281
0.793037
0.7928153
0.7904033
0.7880201
0.7875287
0.7760277
0.7866839
0.7742659
0.7765581
0.77573
0.7753775
0.7765105
0.7732011
0.7750036
0.6900176
0.6550752
0.6638221
0.6699052
0.6736165
0.6569126
0.6612954
0.674233
0.6979928
0.6725128
0.6607957
0.661005
0.678025
0.6669
0.6750872
0.6693054
0.6702946
0.6693335
0.6782337
0.6625402
0.659849
0.6904141
0.6597705
0.6705198
0.6658364
0.661536
0.6677805
0.6604026
0.6609543
0.6693367
0.6611129
0.6581724
0.6579894
0.657516
0.6715809
0.6712425
0.6738177
0.6634675
0.6637541
0.6735788
0.6671407
0.6734581
0.6671407
0.6733008
0.6688501
0.6671407
0.6817684
0.6822803
0.6810426
0.6807578
0.6856695
0.6819217
0.6615715
0.6746618
0.6712675
0.6718442
0.6743253
0.6707442
0.6553105
0.6590554
0.6530484
0.6546138
0.6577444
0.656348
0.6677839
0.6586606
0.6595595
0.6565483
0.6770873
0.6780454
0.6769089
0.680049
0.6803768
0.6712733
0.6728979
0.6709126
0.6713254
0.6711967
0.6611085
0.6614467
0.6630659
0.6663497
0.6671941
0.6617916
0.6659004
0.6598953
0.65993
0.6663232
0.6579262
0.6537261
0.6534582
0.6605512
0.6538862
0.6545179
0.662145
0.6583658
0.6570633
0.6567152
0.6607129
0.6504085
0.653698
0.6242913
0.6444744
0.6495989
0.6424448
0.6377156
0.6415064
0.6440531
0.6622037
0.6412794
0.6211571
0.6406621
0.6456525
0.6413052
0.6432018
0.6493405
0.6229035
0.6417734
0.6307295
0.6424098
0.6229455
0.6538069
0.6375287
0.643015
0.6469431
0.6216347
0.6400727
0.6214211
0.6208844
0.648906
0.6208343
0.6372844
0.6370974
0.63704
0.6395582
0.6398559
0.6409149
0.6311136
0.6303204
0.6420756
0.6436413
0.6398424
0.6436413
0.6401189
0.6449676
0.6436413
0.6515357
0.650463
0.6497085
0.6499521
0.6496672
0.6692733
0.649912
0.6347194
0.6308926
0.6312763
0.6332471
0.629218
0.6272066
0.6291633
0.6232358
0.6247209
0.6263771
0.6271051
0.6360961
0.6301664
0.6291697
0.6261563
0.6484943
0.6477122
0.6492613
0.649793
0.6521366
0.6300168
0.6327067
0.6296296
0.629739
0.6286148
0.6295666
0.6238495
0.6259865
0.6267588
0.6283674
0.626555
0.6232676
0.6285714
0.6202335
0.6308491
0.6207037
0.6413043
0.6425641
0.6294346
0.6408088
0.63028
0.6356233
0.6362244
0.6299264
0.6347581
0.6313875
0.6296807
0.6539126
0.6257277
0.646087
0.6504519
0.6421286
0.6363205
0.6440865
0.6437372
0.6629417
0.6409627
0.620723
0.6424957
0.6453369
0.6422764
0.6428854
0.6501922
0.6241283
0.6427444
0.631511
0.6440275
0.6225123
0.6540214
0.6375356
0.6439836
0.6477987
0.6212011
0.6409385
0.6209873
0.6204503
0.649654
0.6202889
0.6358885
0.6365651
0.6365076
0.6350863
0.6353857
0.6364511
0.6271863
0.6263886
0.6423
0.6429945
0.6400675
0.6429945
0.6403438
0.6443216
0.6429945
0.6490611
0.6490653
0.6480934
0.6483376
0.6480456
0.6689573
0.6481852
0.6374768
0.6337778
0.6341601
0.6361216
0.6321114
0.6258993
0.62797
0.6230266
0.6241825
0.6253994
0.6262376
0.6353437
0.6285373
0.6278681
0.6260565
0.6486043
0.6482451
0.649582
0.649586
0.6525602
0.6280556
0.6307521
0.6276672
0.6277769
0.6276375
0.6270183
0.6222893
0.6233089
0.6239713
0.6260361
0.6244403
0.6210303
0.6259121
0.6184404
0.6294132
0.6185727
0.6395583
0.6408213
0.6297766
0.6390614
0.6305104
0.6359607
0.6378783
0.6301569
0.6363051
0.6319489
0.6301337
0.6539368
0.623112
0.6472865
0.6495202
0.6437599
0.6368817
0.6443234
0.6453649
0.6629673
0.6425973
0.6202971
0.6434838
0.6469615
0.6417628
0.6445164
0.649474
0.6224916
0.6422308
0.6298748
0.6452302
0.6220879
0.6540456
0.638096
0.6434714
0.6480346
0.6207759
0.6404237
0.6205617
0.6200242
0.6495713
0.6197513
0.63645
0.6371261
0.6370687
0.6387154
0.6390135
0.6400736
0.6308158
0.6300223
0.639697
0.6441045
0.6374617
0.6441045
0.6377395
0.6454298
0.6441045
0.6480045
0.6471435
0.6461686
0.6464137
0.6464395
0.6694045
0.6475587
0.6356301
0.6319197
0.632303
0.6342705
0.630248
0.6292072
0.6317003
0.6255671
0.6267219
0.6289243
0.6295411
0.6386154
0.6318301
0.6314869
0.6285919
0.6478873
0.6475282
0.6489719
0.6489761
0.6519535
0.6291713
0.6318642
0.6287836
0.6288931
0.628754
0.6291525
0.6243283
0.6250102
0.6261188
0.628175
0.6265854
0.623186
0.6281574
0.6206024
0.6315448
0.6207347
0.6388127
0.6400774
0.6280201
0.638315
0.6285344
0.6340006
0.6353738
0.6281802
0.633796
0.6299773
0.627486
0.652191
0.6246009
0.644666
0.6492567
0.6413482
0.6371548
0.641699
0.6429587
0.6612293
0.6401806
0.6211376
0.6408551
0.6445602
0.642141
0.6421053
0.649211
0.6224416
0.642609
0.629824
0.6426024
0.6229257
0.6523004
0.6383685
0.6438486
0.647452
0.621504
0.6409102
0.6214015
0.6208649
0.6493077
0.6207036
0.6367234
0.6373991
0.6373418
0.6381189
0.6384172
0.6394781
0.63022
0.6294258
0.6401933
0.6429659
0.6379588
0.6429659
0.6382362
0.6442932
0.6429659
0.6471953
0.6465503
0.6455747
0.64582
0.6456256
0.6687209
0.6473984
0.6348079
0.6310931
0.6314767
0.6334465
0.6294194
0.6265282
0.6290335
0.6228868
0.6240428
0.6260279
0.6268657
0.635966
0.6291633
0.6288217
0.6259171
0.6482597
0.6476891
0.6490268
0.6495586
0.6520078
0.6279163
0.6306134
0.6275278
0.6276375
0.627498
0.628546
0.6237172
0.6246234
0.6257324
0.6275672
0.6259759
0.6227984
0.627551
0.6199886
0.6309389
0.6201209
0.6387612
0.6400258
0.628414
0.6382635
0.6289278
0.6346107
0.6363124
0.6285737
0.6347363
0.6303697
0.6285483
0.7260295
0.7215913
0.7267797
0.7178799
0.7053675
0.7269967
0.726303
0.7050666
0.7258574
0.7034997
0.7228194
0.7252823
0.7097746
0.7145489
0.704623
0.7188863
0.7114539
0.7158097
0.708835
0.7249924
0.7228065
0.7259186
0.7276935
0.7139674
0.7172847
0.7239555
0.7138029
0.7243944
0.7237438
0.7163594
0.7239819
0.7272865
0.7278865
0.7276521
0.7145854
0.7145633
0.7163368
0.7165542
0.7163355
0.7033236
0.7030942
0.703237
0.7030942
0.7034879
0.7034325
0.7038086
0.7050071
0.7060165
0.7045902
0.7031841
0.7040494
0.7253713
0.7081694
0.7073841
0.7054148
0.7057759
0.7084871
0.704404
0.716379
0.7173597
0.717033
0.7169927
0.7190702
0.7170982
0.723484
0.7187667
0.720229
0.720909
0.7226693
0.721619
0.7232719
0.7237431
0.724151
0.7145494
0.7165131
0.7143077
0.7146043
0.7145824
0.702396
0.7024702
0.6990184
0.7050757
0.7038058
0.70373
0.7072845
0.7017792
0.6991535
0.7036219
0.6977426
0.7006647
0.7010203
0.7148209
0.7014394
0.7145533
0.7167238
0.7142746
0.7122088
0.7157
0.715255
0.717015
0.7094465
0.6954974
0.7038212
0.708852
0.7025712
0.6914059
0.7029948
0.7051707
0.7121271
0.7020093
0.7000933
0.7026338
0.7045805
0.7027131
0.7035292
0.7089947
0.7051658
0.7019832
0.7033739
0.7035891
0.7023043
0.7097345
0.6941669
0.701019
0.707671
0.7003728
0.7011574
0.7005127
0.7007458
0.7059231
0.7003885
0.6925225
0.6925463
0.6922958
0.689829
0.6891849
0.6906056
0.6894966
0.688655
0.6954495
0.6905986
0.6955871
0.6905986
0.6955323
0.6921801
0.6914263
0.6928306
0.6929277
0.691894
0.691608
0.7016078
0.716433
0.6911485
0.6974016
0.6948939
0.6957722
0.6971798
0.6940758
0.6984446
0.6994671
0.6978966
0.6984347
0.6970986
0.6973847
0.7037695
0.6987942
0.7004164
0.6998227
0.7203601
0.7200877
0.7203813
0.7205627
0.7203903
0.6912773
0.693803
0.6915349
0.6911272
0.6910012
0.6877032
0.6913942
0.6880013
0.6900872
0.6910962
0.6877878
0.6914059
0.6895898
0.6882488
0.6925513
0.6837872
0.6850657
0.6846969
0.6945036
0.6847012
0.6957789
0.6998351
0.6959981
0.6943087
0.6947991
0.6921741
0.694269
0.6692696
0.652426
0.6589536
0.6608331
0.6497126
0.6755153
0.6597987
0.6524026
0.6722756
0.648761
0.6553212
0.6574809
0.6530433
0.6613719
0.6506948
0.6600237
0.6512927
0.6621622
0.6523107
0.6577544
0.6555387
0.6688491
0.6763673
0.6624279
0.6583762
0.6545774
0.660155
0.6558882
0.6555911
0.6581224
0.6545716
0.6758255
0.6752304
0.67549
0.6524434
0.6516555
0.6542297
0.6498365
0.6490542
0.6539521
0.6566731
0.6519136
0.6566731
0.6532773
0.6584286
0.6574305
0.6558185
0.6563635
0.6557126
0.6572581
0.6601487
0.6756347
0.6710937
0.6514133
0.6476276
0.6469106
0.6496309
0.6442073
0.6497567
0.6481053
0.6489793
0.6484207
0.6494541
0.6488836
0.6556555
0.6502828
0.6493868
0.6522119
0.6850278
0.6845601
0.6852553
0.6861641
0.686391
0.6579908
0.6598763
0.6568705
0.6577234
0.6572699
0.6255259
0.6295717
0.6296968
0.6293487
0.6298461
0.6281237
0.6318085
0.625875
0.6233143
0.6317999
0.6244729
0.6620773
0.6611617
0.6487999
0.6621306
0.6497367
0.6495664
0.6534389
0.6497125
0.6541535
0.6524656
0.6500446
0.6317091
0.6130847
0.6450466
0.6147092
0.6145976
0.6303001
0.6424061
0.6161584
0.6410543
0.613486
0.6383453
0.6427444
0.619258
0.6280366
0.6168089
0.6133913
0.6241895
0.629379
0.6337621
0.6430944
0.6386768
0.6310625
0.6320672
0.63021
0.6127577
0.6379324
0.62744
0.6375139
0.6388359
0.6149819
0.6387851
0.6306263
0.6298944
0.630162
0.6397123
0.6400096
0.6405239
0.6298655
0.6289629
0.6302358
0.6263166
0.6285506
0.6263166
0.6289435
0.6281159
0.6273176
0.6259536
0.6269661
0.6241774
0.6238726
0.6244801
0.6608206
0.6322351
0.630911
0.6274017
0.6267846
0.6300971
0.6254974
0.6203414
0.6219912
0.6159264
0.6154216
0.6194024
0.6185856
0.6319101
0.6214594
0.6199088
0.6173077
0.647785
0.6461575
0.6479181
0.6483448
0.6498479
0.6045115
0.6062743
0.6044473
0.6044473
0.6037353
0.6110975
0.6108192
0.6149185
0.617736
0.6166667
0.6094675
0.6115899
0.6147568
0.6045016
0.6137388
0.6037129
0.6211763
0.6218001
0.6393995
0.6219015
0.6373865
0.6375402
0.640215
0.63572
0.6417014
0.639464
0.6377896
0.6323928
0.611777
0.6474253
0.6134
0.6129527
0.6311989
0.6448944
0.6146286
0.6417339
0.6119499
0.6356608
0.6452325
0.6176234
0.6277384
0.6152792
0.6120822
0.6222347
0.6288627
0.631812
0.6455866
0.6362116
0.6316377
0.6328552
0.6299125
0.6113351
0.6352482
0.6275791
0.634827
0.6361536
0.6135612
0.6361029
0.6315247
0.630685
0.630735
0.6415862
0.6418827
0.6422874
0.6317463
0.6308463
0.6321495
0.6277922
0.6304646
0.6277922
0.6307456
0.6295877
0.6287909
0.6268754
0.6275527
0.6251015
0.624797
0.6271973
0.6614848
0.6345859
0.6314939
0.627988
0.6273715
0.6307916
0.6260855
0.6205929
0.6222418
0.6160679
0.6155634
0.6195435
0.618727
0.6320484
0.6216
0.6200496
0.6174491
0.6468611
0.64502
0.6468887
0.6474219
0.6487161
0.6060139
0.6076605
0.6059501
0.6059501
0.6052397
0.6113569
0.6111932
0.6147232
0.6187832
0.6170369
0.609728
0.6118497
0.6155791
0.6049942
0.6137705
0.6043213
0.6233407
0.6239622
0.6400834
0.6240638
0.6384004
0.6385542
0.6407892
0.6367363
0.6427085
0.6404747
0.6383663
0.614369
0.5940513
0.6079772
0.5984143
0.6062749
0.6210214
0.6049463
0.6081981
0.6242803
0.6053702
0.6013768
0.6049483
0.6120152
0.5988742
0.6077204
0.5964052
0.6106202
0.6012875
0.6228362
0.6065988
0.6011636
0.6150546
0.6228183
0.5997717
0.594944
0.600852
0.598711
0.600623
0.5994913
0.5947873
0.6008197
0.6216844
0.6209412
0.6205486
0.6186523
0.6183964
0.6197137
0.6076904
0.6070936
0.5979373
0.5817602
0.5964781
0.5817602
0.597477
0.5836755
0.5828303
0.6094728
0.6086849
0.6075375
0.6086025
0.6124907
0.6291045
0.61714
0.6032258
0.5992034
0.5998341
0.6013256
0.5980229
0.5766647
0.5755264
0.5686063
0.5700291
0.5755968
0.5736466
0.5862297
0.5758932
0.5742829
0.5722347
0.6390379
0.6368517
0.6367012
0.640145
0.6391013
0.5882934
0.5910249
0.5882256
0.5883418
0.5874938
0.587291
0.5877971
0.5908597
0.5935441
0.5951569
0.5863918
0.5872843
0.5919454
0.5824444
0.5926884
0.5798333
0.6053459
0.6057573
0.608334
0.6060882
0.612069
0.6141545
0.6159076
0.610111
0.6136121
0.611613
0.6099448
0.6816747
0.6507949
0.6694382
0.6642029
0.6741061
0.6789906
0.6672359
0.6747202
0.6903624
0.6729044
0.6681216
0.6668479
0.6762551
0.6616079
0.6746504
0.664441
0.6662521
0.6641536
0.6734423
0.6688948
0.6691583
0.6817727
0.678407
0.6627518
0.661894
0.6674979
0.6619729
0.667628
0.6673425
0.6632145
0.6678098
0.6795983
0.6795216
0.6792699
0.6769422
0.6779463
0.6791544
0.6698916
0.6690419
0.6563445
0.6562401
0.6547666
0.6562401
0.6564237
0.6572245
0.6571995
0.6597685
0.6594513
0.6579616
0.6585211
0.6573114
0.6814589
0.6714972
0.6724503
0.6703115
0.6714095
0.6731554
0.6692653
0.6565041
0.657406
0.6520415
0.6520244
0.6556762
0.6561719
0.6644598
0.6578496
0.6559207
0.6549032
0.6741099
0.6732407
0.6716888
0.6759614
0.6747681
0.654705
0.657201
0.6546509
0.6546509
0.6554668
0.6549531
0.6549638
0.6531621
0.6597873
0.6567069
0.6519831
0.6524896
0.6534213
0.6492406
0.6586955
0.6474261
0.6624128
0.6625723
0.679182
0.6632071
0.6781977
0.6822677
0.6844724
0.6782731
0.6843087
0.6823136
0.6790374
0.6806271
0.6494603
0.6676758
0.661195
0.6713249
0.676227
0.6654777
0.6719401
0.6902069
0.6701198
0.6662514
0.6650888
0.6734773
0.6584948
0.6718678
0.6614393
0.6630393
0.6610446
0.6705229
0.6671325
0.667289
0.6807252
0.6756425
0.6596407
0.6588858
0.6656286
0.6588611
0.6657581
0.6654721
0.660204
0.6659399
0.6768358
0.6766577
0.6765067
0.6739317
0.6749378
0.6761483
0.6665893
0.6657371
0.6557286
0.6551997
0.6541544
0.6551997
0.6558092
0.6561832
0.6561584
0.6575549
0.6572379
0.6557468
0.656307
0.6566927
0.6794651
0.6699182
0.6716044
0.6694676
0.6705642
0.6723084
0.6684223
0.6553743
0.6561721
0.6508147
0.6507961
0.6548631
0.6549384
0.6632185
0.6566152
0.655527
0.6537772
0.6736866
0.6728192
0.6713716
0.6755352
0.6743439
0.6514653
0.6539665
0.6514107
0.6514107
0.6526505
0.6538065
0.6521012
0.650295
0.6570386
0.6538492
0.6499761
0.6504823
0.6506713
0.6472326
0.6566915
0.6455251
0.6608345
0.6609941
0.6765762
0.6616286
0.6765211
0.6796668
0.6818747
0.6756672
0.6817122
0.6797136
0.6773589
0.6610911
0.6490238
0.6606179
0.6520647
0.6522763
0.6685993
0.6578865
0.6532277
0.6702935
0.650177
0.6709442
0.6565435
0.6560714
0.6554609
0.649319
0.6503217
0.6598204
0.6554017
0.6694111
0.659964
0.6691841
0.6613017
0.6710902
0.6567188
0.6485658
0.6699074
0.6545682
0.6707621
0.6696505
0.6499961
0.6705297
0.6695249
0.6703721
0.6696022
0.6720056
0.6712532
0.6717468
0.6639198
0.6648279
0.654444
0.6594599
0.6545802
0.6594599
0.6544211
0.6611819
0.6604147
0.6665615
0.6655091
0.664455
0.6651141
0.6647903
0.6888716
0.6709998
0.6638748
0.6611754
0.662499
0.6645865
0.6597938
0.6511537
0.6504824
0.6458317
0.6450625
0.6502196
0.6478541
0.6551643
0.6499765
0.6498353
0.6487059
0.6782928
0.6771232
0.6765967
0.6802321
0.6802565
0.6473137
0.6503656
0.6469383
0.6480038
0.6479761
0.6436588
0.6433274
0.6432359
0.6468184
0.6448898
0.6418234
0.6430982
0.6468897
0.640576
0.6511145
0.6439807
0.6614848
0.6614323
0.6723678
0.6619618
0.6732503
0.677142
0.6776084
0.6736389
0.673925
0.6744969
0.6705457
0.8078507
0.7944383
0.7962847
0.8073973
0.7874652
0.805567
0.7922735
0.7879716
0.8122027
0.7864315
0.7936939
0.7925916
0.7881657
0.8102872
0.7872429
0.804318
0.7927997
0.8112127
0.7987856
0.7938194
0.7929114
0.8077398
0.8060701
0.8103166
0.8058751
0.7926906
0.8100696
0.7934298
0.7933867
0.8077792
0.7930794
0.8054853
0.8054169
0.8057987
0.8057499
0.8057365
0.8053919
0.7993938
0.7987179
0.8046635
0.8105992
0.8046249
0.8105992
0.8039024
0.8119593
0.8113403
0.8008952
0.8016211
0.800028
0.8001259
0.7978184
0.8112958
0.8043463
0.8125995
0.8104621
0.8106833
0.8117941
0.8095007
0.8090878
0.808265
0.804928
0.8066189
0.8078027
0.8080629
0.813779
0.8089581
0.8066699
0.8063811
0.8066471
0.8051523
0.8051957
0.806144
0.8064011
0.793027
0.7927041
0.7929983
0.7928309
0.7927328
0.8021917
0.8085373
0.8058692
0.8076441
0.80758
0.8064224
0.8076013
0.8074521
0.8068356
0.8102813
0.8064628
0.8007566
0.8013723
0.7984599
0.8005606
0.797619
0.7989644
0.7996923
0.797072
0.8012565
0.7961015
0.8001119
0.6665356
0.6482332
0.6597376
0.6504484
0.6598093
0.6665624
0.6618399
0.6624449
0.6753819
0.65941
0.645915
0.6609155
0.6644406
0.6721503
0.6628886
0.6556187
0.6451407
0.6714799
0.6502249
0.66003
0.6463532
0.6659066
0.6681502
0.6749416
0.6518366
0.6451716
0.6719944
0.6450812
0.6453214
0.6511425
0.64592
0.6678122
0.6661714
0.6664321
0.6620558
0.6616033
0.6623211
0.6577017
0.6569332
0.6285081
0.6289267
0.6292751
0.6289267
0.6297841
0.6307403
0.6299354
0.6462024
0.6471919
0.6441241
0.6448114
0.6494411
0.6729515
0.6609476
0.6457171
0.6407049
0.6415293
0.6441474
0.6401463
0.6500635
0.6475631
0.6479007
0.6480924
0.6481555
0.6464044
0.6556092
0.6488737
0.6496951
0.6504785
0.667938
0.6663292
0.6677565
0.6671338
0.6693354
0.6482232
0.6502303
0.6482748
0.6482748
0.6463094
0.6352749
0.6359263
0.6381627
0.6407025
0.6385229
0.6343893
0.6361338
0.6383704
0.6354591
0.6411153
0.6342559
0.650868
0.6501616
0.6524851
0.6509205
0.6540593
0.6582045
0.6576122
0.6530612
0.6596034
0.6499396
0.6520934
0.6765796
0.6585056
0.6858643
0.6711181
0.667327
0.6724898
0.6866068
0.6694359
0.684019
0.6672481
0.6842767
0.6837614
0.6702784
0.6801692
0.6675654
0.6719735
0.6703584
0.6828104
0.6761214
0.6853202
0.6861314
0.676786
0.6751217
0.680586
0.6702455
0.6838507
0.6790811
0.6851241
0.683602
0.6692783
0.6853059
0.6737421
0.6741847
0.6741335
0.6777884
0.6777628
0.6797303
0.6750885
0.6756884
0.6621064
0.6504356
0.6634127
0.6504356
0.6632513
0.6501303
0.6514239
0.6688917
0.6695331
0.6674984
0.6690248
0.6675287
0.6919112
0.663754
0.6583745
0.6555926
0.657064
0.6578008
0.6546061
0.6621632
0.6639182
0.6611256
0.6619674
0.6630176
0.6618219
0.6670635
0.6607583
0.6641058
0.6639221
0.6916834
0.6895938
0.689479
0.6920046
0.6920284
0.6632223
0.6648932
0.6621052
0.6629562
0.6628231
0.668863
0.6663173
0.6656984
0.6742582
0.6712692
0.6681697
0.6727404
0.6662379
0.6651069
0.6665322
0.6607027
0.653492
0.653329
0.665942
0.6538744
0.6651365
0.6668008
0.6668544
0.6633879
0.665835
0.669316
0.6667472
0.6830259
0.6789027
0.6980447
0.6826796
0.6787642
0.6886705
0.6999384
0.6806217
0.6904146
0.6778639
0.6838644
0.6969674
0.6842228
0.683883
0.6780763
0.6816482
0.6843049
0.6857853
0.6886392
0.6989189
0.6855066
0.6820954
0.6902149
0.6835798
0.6789256
0.6832342
0.6827028
0.6825447
0.6838109
0.6796435
0.6848897
0.6898871
0.6888975
0.6882403
0.6904519
0.6899146
0.6908137
0.6853277
0.6844849
0.6661846
0.6677603
0.6668269
0.6677603
0.666987
0.6694908
0.668719
0.6809996
0.6806823
0.6793202
0.678926
0.6795025
0.69136
0.6950606
0.6860483
0.6839231
0.6830389
0.6845728
0.6824667
0.6869856
0.6856899
0.6872972
0.6872196
0.6864525
0.6859228
0.691538
0.688062
0.6880904
0.6878
0.684463
0.6838929
0.684182
0.6861094
0.6871478
0.6627879
0.6654022
0.6629463
0.6629463
0.66133
0.6506933
0.6512458
0.6498415
0.6482989
0.6500771
0.6486377
0.6488245
0.6462801
0.6427405
0.6551668
0.6451981
0.6845776
0.6845233
0.6884161
0.6853612
0.6875296
0.6932559
0.695359
0.6877069
0.6921144
0.6915521
0.6890028
0.7004909
0.6827949
0.6788612
0.6966232
0.691804
0.683055
0.6801368
0.6945192
0.7052023
0.6909315
0.6851809
0.6783184
0.6944252
0.6952753
0.6935633
0.696092
0.6687059
0.6961423
0.6704167
0.6796571
0.6855854
0.7002838
0.6850108
0.6960822
0.6933477
0.6849635
0.6948216
0.6865289
0.6838991
0.6943718
0.6857898
0.6837673
0.6840967
0.6840479
0.6760652
0.6759354
0.6780967
0.6743352
0.6752397
0.683725
0.6813706
0.6842022
0.6813706
0.6848723
0.6824372
0.6823048
0.6773479
0.6781818
0.676822
0.6777892
0.6770991
0.7008967
0.6922233
0.6770825
0.6747265
0.6759347
0.676431
0.6740976
0.6949179
0.6961385
0.6945888
0.6950203
0.6947853
0.6944679
0.6981118
0.6933651
0.6953891
0.698289
0.7076214
0.7097918
0.7100815
0.7080248
0.7103854
0.6860591
0.6870554
0.6859088
0.6858072
0.6853759
0.6657097
0.6677563
0.6699052
0.671599
0.6657622
0.6669327
0.6655214
0.6693664
0.6659216
0.6701975
0.664562
0.6843516
0.6831558
0.6685496
0.6833675
0.6678603
0.6743504
0.6696613
0.6683633
0.6761287
0.6686019
0.6683921
0.6896257
0.6755618
0.6766298
0.680783
0.6755148
0.6821994
0.6770939
0.6766547
0.6966817
0.6739864
0.6808244
0.6770206
0.6797564
0.6607383
0.6762748
0.6816025
0.6750784
0.6616345
0.6800916
0.6762906
0.6813376
0.6889079
0.6836553
0.6627457
0.6813512
0.6805044
0.6607919
0.6800188
0.6801505
0.6786719
0.6803041
0.6831199
0.6820194
0.6817652
0.6766264
0.6762869
0.6781428
0.6710361
0.6713232
0.6721246
0.6717655
0.6729575
0.6717655
0.673432
0.672216
0.6727171
0.6780213
0.6785431
0.6773886
0.6764683
0.678617
0.6795321
0.6800667
0.683191
0.6805357
0.6805897
0.6820233
0.6783389
0.6617136
0.6605026
0.6607888
0.6604651
0.6635131
0.6596805
0.6667982
0.6627476
0.6613272
0.6651463
0.6812548
0.6795597
0.680973
0.6804587
0.6822191
0.6679266
0.669054
0.668189
0.6677694
0.6659568
0.6529787
0.6434336
0.6498377
0.6544219
0.650073
0.6525753
0.650357
0.6479261
0.645618
0.6482686
0.6424376
0.6732918
0.6728144
0.6771172
0.6717551
0.6746423
0.6810952
0.6779056
0.675141
0.6789987
0.6779002
0.6753898