0.3686702
0.3612961
0.3648923
0.3628778
0.3599356
0.3622936
0.3618283
0.3630035
0.3624657
0.3674553
0.3602489
0.3617552
0.3640652
0.3647963
0.3636865
0.3596063
0.3615491
0.3653608
0.3655453
0.3647651
0.361478
0.362174
0.3644976
0.3644954
0.3644954
0.3628542
0.3645389
0.3664791
0.3621468
0.3622101
0.3542725
0.3643222
0.3624843
0.3649952
0.3669961
0.3585242
0.3634817
0.3628968
0.3661986
0.3661091
0.3646024
0.3597361
0.3606171
0.3650733
0.3530419
0.3624987
0.3627248
0.3624039
0.3609463
0.3573149
0.3621579
0.3644342
0.361538
0.3633518
0.3684243
0.3627162
0.3658153
0.3634168
0.363899
0.3613978
0.3638333
0.3649266
0.3638939
0.3622078
0.3653917
0.3608665
0.3608878
0.3632186
0.36436
0.3585044
0.3666486
0.3642865
0.3633733
0.3641723
0.3489589
0.3646107
0.366509
0.3648676
0.3632846
0.3609446
0.3526159
0.3670509
0.3554096
0.3635418
0.3629633
0.3624145
0.3643153
0.3742042
0.3642614
0.3561597
0.3550653
0.3620063
0.3616144
0.3613682
0.3629723
0.3610007
0.3586132
0.3562476
0.3641488
0.3597484
0.3580256
0.3384157
0.3410177
0.3416106
0.339853
0.3391203
0.3425516
0.3395717
0.3410999
0.3475457
0.3393135
0.3454585
0.3437395
0.3443299
0.3444834
0.3547442
0.3482506
0.3556071
0.3455073
0.3460798
0.342546
0.340642
0.3444098
0.3438743
0.3444902
0.3452015
0.341888
0.3438326
0.3404987
0.3413491
0.3482447
0.3432698
0.3432237
0.3438017
0.3452424
0.3599519
0.3448854
0.3424403
0.3458932
0.3475866
0.3469552
0.3416742
0.3411144
0.3454755
0.3465807
0.3392191
0.3461224
0.342083
0.3460252
0.3393728
0.3458519
0.3443896
0.3427189
0.3439595
0.3513921
0.3432173
0.3484799
0.34224
0.3417105
0.3380086
0.3440413
0.3459642
0.3433938
0.3391009
0.3455741
0.3392299
0.3377177
0.3414792
0.3446211
0.3432401
0.3456079
0.3429343
0.3450581
0.3442228
0.3406777
0.347085
0.3478688
0.3489615
0.3473503
0.3446021
0.3430291
0.3505223
0.3496918
0.3438036
0.3490801
0.3428315
0.3427083
0.357552
0.349283
0.3520714
0.3428327
0.342513
0.3384975
0.3408123
0.3427565
0.3398294
0.3497574
0.341646
0.3437651
0.3439705
0.3637717
0.3422266
0.3454197
0.3442445
0.3425847
0.3433954
0.3476469
0.3432374
0.3451341
0.350402
0.3434271
0.3498333
0.3449471
0.3462795
0.3478705
0.3695502
0.3502925
0.362104
0.3493196
0.3489641
0.3464466
0.3426336
0.3491261
0.3475007
0.3475005
0.347327
0.3452147
0.3490044
0.3452874
0.3453348
0.3563166
0.3460746
0.3463138
0.346902
0.3474363
0.3674327
0.3480997
0.3457969
0.3497612
0.3508849
0.3508604
0.3480458
0.3428945
0.348114
0.3598324
0.3450564
0.3595165
0.3442225
0.3512314
0.3422128
0.3515422
0.3476759
0.3470028
0.347417
0.3531677
0.3453249
0.3521656
0.346275
0.3443707
0.3410299
0.3474142
0.3493519
0.3443598
0.3428592
0.3472907
0.343434
0.3417552
0.345412
0.3458947
0.3508004
0.3493974
0.3463157
0.3480198
0.3456796
0.3498906
0.3482795
0.3506324
0.3492792
0.3486359
0.3477006
0.3511977
0.3519323
0.3622691
0.3474087
0.3501934
0.3505084
0.3473861
0.3596437
0.3520658
0.360413
0.3502737
0.3489383
0.3429723
0.3439496
0.3482842
0.342689
0.3591083
0.3471308
0.3453646
0.3515906
0.3595206
0.3369395
0.3396076
0.3384063
0.3305174
0.3395886
0.3399001
0.3373611
0.3368002
0.3452559
0.3363097
0.3447566
0.3407878
0.3419704
0.3418517
0.364396
0.3450721
0.3620459
0.3443296
0.3456187
0.3402914
0.3371153
0.3415204
0.3391634
0.3434913
0.3466473
0.3408042
0.342334
0.336566
0.3383129
0.3506091
0.3416483
0.3434315
0.3396504
0.3409772
0.3671881
0.3434297
0.3358532
0.3461233
0.344241
0.3472036
0.3415914
0.338436
0.3440153
0.3557557
0.3366524
0.3559842
0.3386757
0.3490329
0.3370264
0.3428541
0.3425946
0.3395924
0.3416728
0.3493773
0.3388627
0.3474026
0.3397261
0.3371159
0.3375908
0.3410757
0.3434986
0.3391197
0.3380409
0.3329026
0.3366515
0.3350789
0.338823
0.3395814
0.343581
0.3457788
0.3413512
0.3420895
0.3398388
0.3444113
0.3453259
0.3462031
0.3454497
0.343729
0.3415155
0.34291
0.3479861
0.3585007
0.3380399
0.3467895
0.3399043
0.340527
0.3590193
0.3493251
0.3559775
0.3477424
0.3427485
0.3357038
0.3395971
0.3402242
0.3375066
0.3543706
0.3413035
0.3380732
0.3464998
0.3615904
0.3380412
0.3420506
0.340465
0.3364113
0.3403746
0.346876
0.3406837
0.3402475
0.3498646
0.3397922
0.3483359
0.3431611
0.3451018
0.345479
0.3618454
0.346542
0.3607579
0.349079
0.3467864
0.3409218
0.3405143
0.3445727
0.3437889
0.345891
0.3440345
0.3454582
0.3469611
0.3430222
0.3420048
0.3468153
0.3433886
0.3452628
0.344817
0.3480928
0.3609171
0.3462466
0.3443625
0.3489895
0.3516999
0.3490292
0.3414992
0.3439389
0.3485041
0.356631
0.343417
0.3597215
0.3409565
0.3513181
0.3387805
0.3461789
0.3456107
0.3425571
0.3435688
0.3521218
0.3417292
0.3501264
0.3447051
0.343728
0.3366686
0.3462886
0.3467606
0.3441578
0.3395698
0.3468585
0.3398464
0.3396579
0.3427
0.3423673
0.3449959
0.3501477
0.3433095
0.34567
0.3456317
0.3447932
0.3474499
0.34915
0.3511062
0.3457076
0.3448056
0.345202
0.3490893
0.3551553
0.3433094
0.3485201
0.3455293
0.3406852
0.3627171
0.3542072
0.35563
0.3532957
0.346632
0.3396277
0.3423155
0.3458999
0.3395462
0.353209
0.3433879
0.3423669
0.3442157
0.3587843
0.3330353
0.3361123
0.3376327
0.3347962
0.3376774
0.3371853
0.3368987
0.3364993
0.3446207
0.3340812
0.3446801
0.3375345
0.3393142
0.3405829
0.361808
0.3451945
0.3573142
0.3420592
0.3428127
0.3387028
0.3351737
0.3407181
0.338602
0.3409197
0.3420011
0.3395452
0.342724
0.3371367
0.3355007
0.3510163
0.338595
0.3394082
0.3377621
0.3409359
0.364236
0.3414929
0.3375177
0.3417492
0.3463771
0.3442898
0.3404745
0.3372846
0.3421158
0.3510404
0.337945
0.3537625
0.3392727
0.3447147
0.3355087
0.3416444
0.3416449
0.338159
0.3415217
0.3487866
0.3380466
0.3464193
0.339811
0.3359938
0.3329203
0.3403954
0.3427933
0.3368766
0.3336469
0.3417469
0.3342485
0.3348713
0.3387223
0.3402675
0.3424534
0.3434271
0.3394981
0.340681
0.3387235
0.3429597
0.3432541
0.3442591
0.3438269
0.3395261
0.339916
0.3442822
0.3456795
0.3557972
0.3376609
0.3471426
0.3407046
0.3403343
0.358691
0.3462985
0.3564842
0.345688
0.3390482
0.3343781
0.334721
0.3392974
0.3339817
0.353639
0.34049
0.3363433
0.3431414
0.3611165
0.3399615
0.3431716
0.3404887
0.3351283
0.3412399
0.3442282
0.3400391
0.3413181
0.3496327
0.3383102
0.3452329
0.341782
0.3430064
0.3458014
0.3577468
0.3436541
0.3606851
0.3469537
0.3485572
0.3425991
0.3395819
0.3440981
0.343192
0.3472546
0.3454681
0.3426913
0.3457412
0.3406151
0.3392132
0.3427408
0.3430734
0.343573
0.3440055
0.3470812
0.3583179
0.3454757
0.337329
0.3454169
0.348674
0.3481605
0.3434169
0.3408236
0.3477252
0.3526324
0.3420039
0.3492429
0.3392999
0.3499558
0.3340476
0.3444597
0.3448461
0.3440656
0.3454055
0.3530352
0.3425211
0.3506742
0.3429966
0.3410118
0.3389981
0.3452465
0.3475591
0.3419109
0.3401741
0.3459138
0.3419873
0.3379784
0.3429325
0.3429701
0.3406547
0.3462322
0.3445386
0.3457525
0.3444375
0.3435566
0.3479686
0.3492177
0.3483047
0.3457996
0.3425855
0.3459142
0.3510301
0.3486947
0.3427307
0.342461
0.343905
0.3418776
0.3601116
0.3487601
0.3554331
0.3433161
0.3451725
0.3390532
0.3405564
0.3443113
0.3365874
0.3496827
0.3412648
0.3428351
0.3412908
0.3607971
0.3403489
0.3400225
0.339906
0.3393676
0.341166
0.3428001
0.3411462
0.341714
0.3465446
0.3397255
0.3456795
0.3438898
0.3418367
0.3459927
0.3644741
0.3461445
0.3619803
0.343594
0.3473317
0.3367145
0.3398172
0.3451216
0.3440916
0.3464711
0.3432081
0.341901
0.3456375
0.3409359
0.3398747
0.342868
0.3428217
0.3316724
0.3436332
0.3469907
0.3645898
0.3449415
0.3409394
0.3469359
0.3479373
0.3488683
0.3438708
0.3398823
0.3445119
0.3550922
0.3421559
0.3547825
0.3416724
0.3488256
0.3374336
0.347904
0.3453313
0.3419107
0.3455014
0.3515973
0.3400392
0.3486459
0.3447169
0.3411188
0.3394835
0.3459721
0.3461748
0.3414867
0.3406226
0.3456889
0.3410506
0.3362247
0.3418428
0.3418995
0.3447447
0.3457395
0.34443
0.3454305
0.3418815
0.3465094
0.34638
0.3474506
0.3479014
0.3460503
0.3420245
0.3472293
0.3503027
0.3589222
0.3421077
0.3467947
0.3424639
0.34338
0.3588153
0.3485075
0.3575265
0.3470539
0.347299
0.3387188
0.3406268
0.3438871
0.3394931
0.3516369
0.3416297
0.3425434
0.3473077
0.3586316
0.3334753
0.3365502
0.3355265
0.3332623
0.3352173
0.338651
0.3358218
0.3369172
0.3429172
0.3342032
0.3416456
0.3371904
0.3376749
0.3408311
0.3640961
0.3447125
0.3570101
0.3407268
0.3385369
0.3384071
0.3347575
0.3393679
0.3406489
0.3353891
0.3395949
0.3380008
0.34009
0.334564
0.3352053
0.3502011
0.3385495
0.3401016
0.3368825
0.3414704
0.3636223
0.3373146
0.336885
0.3418271
0.3434972
0.343455
0.3369235
0.3370673
0.3398814
0.35415
0.3378583
0.3554113
0.337623
0.3474354
0.3376214
0.34443
0.3386602
0.3362348
0.3393353
0.3481839
0.3345999
0.3447837
0.3384557
0.3364183
0.333772
0.3394421
0.3416919
0.3359301
0.3338414
0.3404073
0.3362909
0.33218
0.3358084
0.3364814
0.3435506
0.3420343
0.3369403
0.3395748
0.3419371
0.3430509
0.3423883
0.3426987
0.3436139
0.3417387
0.3397434
0.3414253
0.3419359
0.3586819
0.3366962
0.3450651
0.3436112
0.3381135
0.3561544
0.3471454
0.3542184
0.3488598
0.3434069
0.3321077
0.3333108
0.3383988
0.3342372
0.3545214
0.3415427
0.3388573
0.3444196
0.3623862
0.3412436
0.3441273
0.3411679
0.3427435
0.3461769
0.3461194
0.3421034
0.3415393
0.3492745
0.3429721
0.3477379
0.3446251
0.3458474
0.3454012
0.3649663
0.3481315
0.3631216
0.3493828
0.3481402
0.3451138
0.3431472
0.3467639
0.3484495
0.3497
0.3503044
0.3437584
0.3489507
0.3448683
0.3459735
0.35357
0.3453905
0.3461973
0.3453108
0.3474096
0.3659172
0.3468033
0.342506
0.3496512
0.3498692
0.3501547
0.3465638
0.3440525
0.3467618
0.3596522
0.3422795
0.3595265
0.3451121
0.3528111
0.334013
0.3510373
0.347303
0.345116
0.3480577
0.3533788
0.3434991
0.3489259
0.3464853
0.3440825
0.3360757
0.347505
0.3496981
0.3447142
0.3444099
0.3480047
0.3419949
0.3405853
0.3444972
0.3456643
0.3466328
0.3497786
0.3474591
0.3471273
0.3469271
0.3439021
0.3489885
0.3505521
0.3499471
0.3471444
0.34826
0.3476808
0.3518925
0.3626955
0.3443459
0.3504419
0.3471355
0.3461732
0.3631556
0.3534888
0.3598526
0.3485567
0.3499732
0.341106
0.3451253
0.3454208
0.3342035
0.3585421
0.3380086
0.3447157
0.3485644
0.3593888
0.3360114
0.3362028
0.3394758
0.3363653
0.3397987
0.3393209
0.3388254
0.3369106
0.3450243
0.3382796
0.3428237
0.3404603
0.3398677
0.3413101
0.3664106
0.344346
0.3540929
0.3432184
0.3428227
0.3427971
0.3371247
0.3427138
0.3422175
0.3438299
0.3442218
0.3397186
0.3423098
0.3385859
0.3378963
0.3514888
0.3425553
0.3425582
0.3393791
0.3430657
0.3665489
0.3425758
0.3376216
0.3442453
0.3434243
0.3479945
0.3401539
0.3366112
0.342385
0.3550972
0.3379265
0.3573433
0.3382277
0.3448237
0.3357233
0.3464383
0.3411197
0.3413993
0.3427679
0.3483462
0.3376561
0.3466391
0.3428077
0.3403997
0.3366922
0.3433545
0.3433456
0.3388673
0.3380497
0.3424414
0.3380523
0.3348867
0.3395952
0.339315
0.3448946
0.3447696
0.3397723
0.3417168
0.3405716
0.3462172
0.3446276
0.3450188
0.3449584
0.3424908
0.3341753
0.3447222
0.3478199
0.3588044
0.3415748
0.3469578
0.3431664
0.3388558
0.3569759
0.3480828
0.3568672
0.3494282
0.3430783
0.334964
0.339312
0.3384937
0.3365495
0.3532815
0.3410501
0.3412889
0.3467378
0.3594118
0.3315308
0.3372749
0.3362164
0.332271
0.337135
0.3386842
0.3341782
0.336386
0.3415035
0.3336182
0.3436621
0.3347095
0.3386416
0.3382151
0.3642586
0.3446287
0.3584885
0.3421659
0.3411657
0.3387839
0.3340651
0.3404454
0.3397762
0.3412248
0.3422882
0.3376647
0.3414129
0.336556
0.3366507
0.3499928
0.3392796
0.339317
0.3365469
0.3415592
0.3661095
0.3420274
0.3365979
0.3417869
0.344034
0.3440567
0.3390914
0.3350474
0.3420251
0.3534653
0.3320907
0.3552112
0.3360807
0.3416849
0.3352529
0.3449872
0.3390667
0.3369412
0.3386767
0.3468269
0.3351653
0.3437802
0.3384084
0.3361126
0.3364099
0.3398942
0.3422069
0.3360276
0.3364758
0.3412329
0.3349374
0.3324476
0.3375577
0.3371423
0.3433264
0.343455
0.3379207
0.3391756
0.3398112
0.3389068
0.3425759
0.3439318
0.3437962
0.3375161
0.3394566
0.3416549
0.344724
0.3571805
0.3362842
0.3462191
0.3413572
0.3363368
0.3588048
0.3455437
0.3546471
0.3468437
0.3421783
0.3337437
0.3357685
0.3372566
0.3330254
0.3540178
0.3351183
0.335792
0.3422786
0.3625301
0.3390242
0.3403669
0.3422758
0.3382872
0.3436127
0.344244
0.3398638
0.3411408
0.3486911
0.3408201
0.3467061
0.3428846
0.3441941
0.3445259
0.3647667
0.3450119
0.3588637
0.3480723
0.3456068
0.3430914
0.3425454
0.3379752
0.3364067
0.3457177
0.3492789
0.3432053
0.3457435
0.3429597
0.3414307
0.3537424
0.3437713
0.3444273
0.3432003
0.3420771
0.3660269
0.3459406
0.3350411
0.3481218
0.3498044
0.3477681
0.3445027
0.3397263
0.3451452
0.3575734
0.3443948
0.3573585
0.3414923
0.3492688
0.3362908
0.3408701
0.3437944
0.3412368
0.3450874
0.352522
0.3398924
0.3485439
0.3437189
0.3412344
0.3387884
0.345092
0.3479491
0.3431971
0.3397931
0.3449806
0.3372573
0.3374736
0.3432916
0.3417561
0.3439417
0.3476117
0.3444348
0.3460618
0.3411062
0.3364561
0.3467939
0.3498265
0.3488705
0.3458909
0.344969
0.3391089
0.351069
0.3566304
0.3424587
0.3460634
0.3401112
0.3446256
0.3615785
0.3516703
0.3576409
0.350178
0.3426031
0.337224
0.3396544
0.3446345
0.3337396
0.355256
0.3371757
0.3426537
0.349032
0.3568551
0.3287332
0.3337409
0.331517
0.3279179
0.3326205
0.3358107
0.3309435
0.3311485
0.3403209
0.3301358
0.3394215
0.3324062
0.3362069
0.3363498
0.3605752
0.3386755
0.3551197
0.3388442
0.339981
0.3354165
0.3306057
0.335966
0.3334068
0.3383996
0.3364005
0.3344572
0.3365492
0.3331052
0.3320669
0.3477662
0.3347595
0.3364605
0.335875
0.3370944
0.3603814
0.3370796
0.3322709
0.3391439
0.3422642
0.3388755
0.3344159
0.3327839
0.3383214
0.3535357
0.3356018
0.3500112
0.333089
0.3441262
0.3316805
0.3383735
0.3373936
0.3336637
0.3370675
0.3458311
0.3330062
0.3415438
0.3337987
0.3331503
0.3298844
0.336949
0.3389921
0.3332599
0.3313185
0.3371116
0.3280058
0.327811
0.3328064
0.3327928
0.3391308
0.3410404
0.335829
0.3369234
0.3315281
0.3394074
0.3392497
0.3409829
0.3420346
0.3381367
0.3382699
0.3393583
0.3400385
0.3579066
0.3351062
0.3432847
0.334385
0.3339973
0.3570158
0.3458717
0.3553302
0.3471619
0.3349091
0.3260847
0.3302819
0.3299917
0.3284086
0.3520206
0.3371781
0.3321949
0.3423866
0.357878
0.3271621
0.3344351
0.3340616
0.3292557
0.3339732
0.3385793
0.333858
0.3339885
0.3410838
0.3323364
0.3416922
0.334462
0.3370865
0.3389544
0.3653621
0.3428362
0.3575116
0.3390063
0.3421791
0.3369668
0.3320602
0.3375896
0.3365427
0.3389725
0.3395059
0.3350301
0.3399727
0.3327597
0.3338816
0.3482741
0.3369643
0.3388952
0.3367553
0.339393
0.3648212
0.3395114
0.3357736
0.3409261
0.3442086
0.3412979
0.3380746
0.3331919
0.3397139
0.3538793
0.335312
0.3554162
0.3360858
0.3451664
0.3344487
0.3424141
0.3389524
0.3347271
0.3386721
0.3452939
0.3330094
0.3431603
0.3371776
0.334409
0.3325396
0.3384079
0.338035
0.3347144
0.3344368
0.3390155
0.3337133
0.33142
0.3349942
0.3367102
0.3405517
0.3422785
0.3372572
0.3360338
0.3391391
0.3409143
0.3406456
0.3426985
0.3438905
0.3410827
0.3388855
0.3413411
0.3461307
0.3588423
0.3347844
0.3435402
0.3387934
0.3368153
0.356969
0.3476378
0.3538994
0.3453555
0.3423269
0.3326831
0.3345138
0.3379831
0.3329354
0.3513525
0.3365087
0.3350393
0.3434116
0.3594978
0.3378469
0.3416118
0.3397645
0.3382257
0.3387746
0.3441514
0.3402924
0.3402241
0.3464966
0.3394119
0.346501
0.342471
0.3430538
0.3433338
0.3657867
0.3467337
0.3605711
0.3437892
0.3455103
0.3411545
0.3395462
0.343525
0.3419771
0.3421278
0.3445389
0.3411398
0.3426522
0.3394801
0.3399546
0.3499077
0.3422432
0.3416693
0.3419925
0.3436898
0.365741
0.3440285
0.3403708
0.34586
0.3462598
0.3466203
0.3413779
0.3394061
0.3419602
0.3553346
0.3422055
0.354175
0.3409825
0.3480219
0.3399716
0.34809
0.3432741
0.3402382
0.3438785
0.3485663
0.3389395
0.3465063
0.3418006
0.3401056
0.3376861
0.3433986
0.3453426
0.3403018
0.3380001
0.3448359
0.3387361
0.3387063
0.3406128
0.3428069
0.3462368
0.3431467
0.3394001
0.3426889
0.3449707
0.3462823
0.3452883
0.345302
0.3433994
0.3451518
0.3446689
0.3461945
0.3487736
0.358993
0.3424088
0.3454704
0.3439583
0.3431928
0.3575186
0.3505972
0.3569647
0.3508381
0.3447297
0.3360966
0.3394502
0.3424802
0.3409973
0.3554677
0.3439154
0.3431042
0.3480021
0.3564751
0.3330824
0.3362411
0.3321302
0.3322267
0.3343436
0.3382239
0.3335131
0.3336852
0.3406243
0.3348761
0.3429124
0.3345132
0.3361926
0.3389476
0.3633002
0.3437977
0.3575252
0.3351449
0.3400303
0.335959
0.3331482
0.3384544
0.3373414
0.3365904
0.3383276
0.3364322
0.3381295
0.3338881
0.3313236
0.3505177
0.3373596
0.3379518
0.3364958
0.3402594
0.362969
0.3403686
0.3336232
0.3405481
0.3412435
0.3425251
0.3366953
0.3328643
0.3388296
0.3532955
0.3362684
0.3529006
0.3373676
0.3432116
0.3356578
0.3441417
0.3374112
0.3359152
0.3393376
0.3440475
0.3331669
0.3416708
0.3362201
0.3350743
0.333622
0.3388338
0.3388188
0.3359155
0.3334984
0.341324
0.3341533
0.3309597
0.3363922
0.3358413
0.3402868
0.3397434
0.3370154
0.3375881
0.3414784
0.3423773
0.3382233
0.3404197
0.3405705
0.3406975
0.3396458
0.3395824
0.3453821
0.3560555
0.3350281
0.3426198
0.3406631
0.3385466
0.3539046
0.342819
0.3544005
0.3466403
0.341714
0.332158
0.3351049
0.3380805
0.332941
0.3514082
0.3365817
0.3358214
0.3424282
0.3569352
0.3325115
0.3335701
0.3341559
0.3309716
0.3348282
0.3387616
0.3330504
0.3330618
0.3421067
0.3323592
0.3414849
0.3367968
0.3366145
0.3384926
0.3657549
0.3429771
0.3550688
0.3395138
0.3395074
0.3368539
0.3322975
0.3378746
0.3382031
0.3396312
0.3401388
0.3350521
0.3373238
0.332895
0.3343863
0.3497681
0.3361428
0.3376562
0.3376733
0.3390351
0.3630637
0.3383729
0.3275592
0.3413127
0.3434315
0.3411472
0.3368784
0.3317485
0.3384282
0.3521183
0.337472
0.3536723
0.3357767
0.3438272
0.3251521
0.3431093
0.3385693
0.3353312
0.3377029
0.3456465
0.3338668
0.3433207
0.3376594
0.3344717
0.3314293
0.3371016
0.3406538
0.3330914
0.3321185
0.3366257
0.3332863
0.3292075
0.3352102
0.3335107
0.3391147
0.341176
0.3356222
0.3380658
0.3380962
0.3367874
0.3396446
0.3408812
0.3430588
0.3392429
0.3330877
0.341212
0.3441859
0.3572406
0.3360464
0.3432943
0.3380448
0.3375001
0.3533191
0.3445255
0.3539584
0.3412962
0.3400314
0.3305384
0.3343212
0.3374399
0.3246902
0.353948
0.3258348
0.3348878
0.3432441
0.361059
0.3342053
0.3396838
0.3352683
0.3358127
0.3392183
0.3410122
0.3366912
0.3356453
0.3438205
0.3364498
0.3446665
0.3378454
0.338917
0.3406541
0.3688601
0.3468
0.3602265
0.2561655
0.3426611
0.3415585
0.3363865
0.3419815
0.3411532
0.3398719
0.3418316
0.3384203
0.3418707
0.3368886
0.3365671
0.3520541
0.3406838
0.3417237
0.3391367
0.341006
0.3678223
0.3449574
0.3376032
0.3426222
0.3443951
0.3458842
0.3409386
0.3371798
0.3416996
0.3556268
0.3387839
0.3568519
0.3377735
0.3459843
0.3370762
0.3485561
0.340329
0.3372728
0.3416838
0.3488555
0.3364881
0.3458616
0.3411897
0.3381282
0.3356739
0.3416231
0.3423365
0.3406487
0.3365251
0.3423785
0.3370545
0.3347471
0.3367859
0.3399333
0.3456807
0.3434053
0.3388094
0.3382076
0.3429516
0.3431082
0.3435401
0.3445515
0.3461111
0.342648
0.3418133
0.344896
0.3475078
0.3611511
0.3373303
0.3484472
0.3421526
0.340505
0.3585945
0.3483027
0.3584696
0.3505103
0.344734
0.3349672
0.3375757
0.3414315
0.3370785
0.3566739
0.3383522
0.3384804
0.3468472
0.3592569
0.3375769
0.3401944
0.3362393
0.3368759
0.3392958
0.3417665
0.3383505
0.3384613
0.3460618
0.3365664
0.3459472
0.3396545
0.3392032
0.3440462
0.3678501
0.3484884
0.3600912
0.3428339
0.3437311
0.3397477
0.3383427
0.3437709
0.341281
0.3428447
0.3447602
0.3395341
0.3435037
0.339538
0.3373246
0.3534801
0.3383925
0.3420291
0.3391728
0.3446947
0.3665706
0.3444139
0.3373261
0.3449921
0.3466269
0.3457948
0.3424241
0.3379746
0.3415491
0.3550548
0.3419517
0.3564968
0.3410202
0.3480884
0.340265
0.3501837
0.3411304
0.3408968
0.3408303
0.3488875
0.33853
0.3463852
0.3409241
0.3388756
0.3350791
0.3459066
0.3422358
0.3394818
0.3374636
0.3439104
0.3410789
0.3354536
0.3391558
0.3393185
0.3469222
0.3432576
0.3393768
0.3410796
0.3456908
0.3460482
0.3440859
0.3425276
0.3421937
0.3446315
0.34405
0.3460304
0.3490933
0.3592328
0.3409797
0.3484401
0.3459199
0.3441884
0.3575819
0.3520996
0.3583253
0.3526568
0.3478625
0.3361306
0.3377636
0.3433173
0.338797
0.3575162
0.3434842
0.3399754
0.3485307
0.3668172
0.3585116
0.3612748
0.3619551
0.3579838
0.3596685
0.3589997
0.3591836
0.3614596
0.365154
0.3592064
0.3546719
0.3602818
0.3630941
0.3624723
0.3616599
0.3591147
0.3650483
0.3627414
0.3616264
0.3627291
0.3607336
0.3649922
0.3635207
0.362392
0.3613463
0.3607859
0.361643
0.3594947
0.3599289
0.3591224
0.3619515
0.3609892
0.3618204
0.3630871
0.353395
0.3601208
0.360899
0.3616224
0.3640244
0.3625707
0.3587486
0.3588321
0.3622977
0.3555304
0.356761
0.3604264
0.3606434
0.3578025
0.3527734
0.3623957
0.3628819
0.3607193
0.3636562
0.3665707
0.3605906
0.3647232
0.3612499
0.3596879
0.3549221
0.3612799
0.3623643
0.3622285
0.3566965
0.3611417
0.3594965
0.3591435
0.3603007
0.3612457
0.3550244
0.3632895
0.3618915
0.3642742
0.361699
0.360964
0.3618259
0.3631498
0.3637959
0.3628794
0.3600792
0.3609979
0.3622124
0.3504302
0.359767
0.3601288
0.3615433
0.3612671
0.3676408
0.3643812
0.3575434
0.3557506
0.3597647
0.359895
0.3574475
0.360904
0.3576431
0.35269
0.3587265
0.3625575
0.3627091
0.3561767
0.33183
0.336446
0.3338044
0.3241203
0.332873
0.3364434
0.3355224
0.3342012
0.3423083
0.3312264
0.3412515
0.3365738
0.3347631
0.3399397
0.361636
0.342233
0.3540758
0.3402441
0.3394953
0.3367834
0.3337858
0.3398822
0.3374666
0.3388736
0.3385642
0.3373679
0.3374554
0.3345286
0.3337269
0.346043
0.3371711
0.3364867
0.336488
0.3380962
0.3615687
0.340289
0.3344417
0.3390773
0.3421822
0.3420338
0.3374586
0.3334039
0.3384778
0.3512885
0.3341025
0.3507338
0.3345379
0.3397412
0.3294388
0.3432796
0.3359664
0.3365573
0.3396922
0.3482712
0.3345444
0.3426772
0.3355068
0.3343768
0.3318748
0.3389512
0.339564
0.3356536
0.3296293
0.3369728
0.334701
0.3304779
0.3353373
0.3349075
0.3379889
0.339318
0.3386301
0.3379856
0.3347992
0.3415462
0.3404632
0.342663
0.3426106
0.3403167
0.3389161
0.3413477
0.341859
0.3549032
0.3357435
0.3409528
0.3358145
0.3367292
0.3517519
0.3456543
0.3528069
0.3438681
0.3385162
0.3296163
0.3324135
0.3366548
0.330648
0.3501762
0.3334024
0.3351998
0.3431667
0.3538187
0.338777
0.340711
0.3410204
0.3362234
0.3417492
0.3417625
0.3390937
0.3415932
0.3466161
0.3389348
0.3458973
0.3413615
0.3420243
0.3442454
0.3550688
0.3419737
0.3543256
0.3439753
0.346256
0.3441544
0.3396043
0.3444491
0.3413598
0.3441667
0.3403605
0.3421277
0.3451886
0.3415062
0.3398118
0.3508594
0.3446358
0.3417278
0.3412789
0.3427568
0.3634496
0.3458171
0.3407484
0.3469395
0.3473596
0.3471712
0.3421064
0.3410683
0.3444546
0.3471891
0.3414088
0.355869
0.3428531
0.3440841
0.334608
0.3443639
0.3446876
0.3411489
0.3440098
0.3511061
0.3421924
0.3488268
0.3433359
0.3416536
0.3365168
0.3403293
0.3443432
0.3428681
0.3360698
0.3457213
0.3371158
0.3362393
0.3403913
0.3439963
0.3447564
0.3454315
0.3426976
0.3438986
0.3378438
0.3446961
0.3484081
0.3467904
0.3467285
0.3440547
0.3408999
0.3406773
0.3478041
0.3495978
0.344195
0.3470807
0.3433813
0.3430749
0.3554445
0.3493064
0.3478299
0.3455774
0.3397309
0.3395208
0.3409266
0.3438188
0.3378804
0.3533301
0.3383857
0.3415
0.3440884
0.3577907
0.3363467
0.3402851
0.3387361
0.335671
0.3405344
0.3362216
0.3412116
0.3385194
0.345871
0.3387338
0.3433118
0.3407409
0.3407804
0.3439803
0.3621257
0.3476286
0.3528599
0.3439481
0.3453585
0.3436958
0.3373347
0.3436861
0.3417355
0.3443164
0.3425955
0.3406392
0.3437067
0.3384325
0.3379451
0.3493294
0.3407494
0.3414389
0.3411464
0.344666
0.3635885
0.3427103
0.3405939
0.3429919
0.3448166
0.3450302
0.3402214
0.3380144
0.3447721
0.3489159
0.3373833
0.3501613
0.3387015
0.3418058
0.3375586
0.3442198
0.3430057
0.3401305
0.3437506
0.3499011
0.3391994
0.3491715
0.3410321
0.3417504
0.3351549
0.3432515
0.3436963
0.338715
0.3348982
0.3432663
0.337426
0.3367217
0.339442
0.3413906
0.3424414
0.3449987
0.3404278
0.3416438
0.3418291
0.3344088
0.3440695
0.3450241
0.3466975
0.3443547
0.3414195
0.3367078
0.3449401
0.3497288
0.3412388
0.345585
0.3415223
0.3418585
0.3526587
0.3454408
0.3522841
0.346032
0.3432122
0.33625
0.3389967
0.3417329
0.3376055
0.3499014
0.3356867
0.34204
0.3450739
0.3505084
0.3445091
0.3465697
0.3476557
0.3438037
0.3469531
0.3483714
0.348028
0.3461974
0.3508153
0.3442217
0.3467321
0.3488022
0.3469262
0.349845
0.3505719
0.3451336
0.3626747
0.3496516
0.3516505
0.3500168
0.3445929
0.3506278
0.3493748
0.3516913
0.3497932
0.3474545
0.3506854
0.3460564
0.3459669
0.3484832
0.3493321
0.3483829
0.3476614
0.3508571
0.3605554
0.3483831
0.345546
0.3514781
0.3509299
0.3510247
0.3436835
0.3458361
0.3486192
0.3490233
0.3469405
0.3556918
0.3447806
0.3470647
0.3421476
0.3493787
0.3488579
0.3478191
0.350656
0.3548114
0.3462961
0.35285
0.3461582
0.3459308
0.3452091
0.3475272
0.3501987
0.346611
0.342147
0.3516564
0.3476852
0.3456667
0.346661
0.3507843
0.3465134
0.3504074
0.3477847
0.3496723
0.3480444
0.3516238
0.3512442
0.3507369
0.3508962
0.3498744
0.3450131
0.3515434
0.3522634
0.3551809
0.3489277
0.3482007
0.3485558
0.3455807
0.3585424
0.3508987
0.3520211
0.3479359
0.3469823
0.3442329
0.3443611
0.3471807
0.3461592
0.3505189
0.3474028
0.3478635
0.3517093
0.3576138
0.3313557
0.3361149
0.3334584
0.3304596
0.3355448
0.3334968
0.3341665
0.3340816
0.3424453
0.3336561
0.3378046
0.3359832
0.337417
0.3386691
0.3561653
0.3421117
0.35351
0.3406764
0.3403493
0.3379025
0.3319205
0.3406848
0.3383803
0.3422664
0.337948
0.3348391
0.3390299
0.3358074
0.3347951
0.3456376
0.3387675
0.3394311
0.3376392
0.3406149
0.3568914
0.3384983
0.3347896
0.343394
0.3441903
0.3406429
0.3378287
0.3352098
0.341322
0.3438834
0.3344197
0.346879
0.3363456
0.3414987
0.3323873
0.3411285
0.3393028
0.3380869
0.3384648
0.3458599
0.3357961
0.343679
0.3374003
0.3360263
0.3312722
0.3388067
0.3419515
0.3358193
0.3340347
0.3394667
0.3334701
0.3317014
0.3346076
0.3358565
0.3328558
0.3421342
0.3388674
0.3390687
0.3379413
0.3380501
0.3424403
0.3428005
0.3446649
0.3371719
0.3396011
0.3398891
0.3408956
0.3495737
0.3375664
0.3396214
0.3369048
0.3325971
0.3564493
0.3456846
0.3463194
0.3364265
0.3409004
0.3326141
0.3321072
0.3365381
0.3345226
0.3439556
0.3349169
0.3363671
0.3431558
0.3609661
0.344718
0.3452582
0.3469435
0.345686
0.3482226
0.347564
0.3465556
0.3482252
0.3519412
0.3454351
0.3471293
0.3497839
0.3492669
0.3501382
0.3572106
0.3496152
0.3603652
0.3509199
0.3512514
0.3470236
0.3468116
0.3495831
0.349698
0.3513846
0.3462514
0.3478927
0.3501642
0.3477059
0.3471954
0.3496377
0.3494506
0.3498751
0.3494928
0.3511092
0.3615011
0.3509403
0.3474606
0.3512018
0.3525778
0.3548429
0.3473012
0.3468499
0.3509775
0.3445402
0.3469503
0.3529984
0.3465886
0.346843
0.3440876
0.3493601
0.3505439
0.3489912
0.3519393
0.3549746
0.3452234
0.3533238
0.3505068
0.3467916
0.3455253
0.3493686
0.3517262
0.349216
0.3455048
0.3486127
0.3459604
0.3438199
0.3472126
0.3485145
0.3445696
0.3519286
0.3490645
0.3509307
0.3431509
0.3428132
0.3505272
0.3503714
0.3530861
0.3510156
0.3482677
0.351243
0.355461
0.3541923
0.3474445
0.3523954
0.3496654
0.3477618
0.3624798
0.3556567
0.3504724
0.3415308
0.34736
0.3451443
0.3460949
0.3501891
0.3456215
0.3535575
0.34755
0.3481403
0.3502144
0.3603858
0.3349583
0.3357119
0.3380716
0.3341509
0.3374838
0.3364209
0.3359892
0.3381709
0.344977
0.3368602
0.3427898
0.3391104
0.3397011
0.3423574
0.3643546
0.3458621
0.3583542
0.343779
0.3463294
0.3399428
0.3361839
0.3418244
0.3402983
0.3438528
0.3452131
0.3395313
0.3436039
0.3373088
0.3383649
0.3493595
0.3412073
0.3416368
0.3405522
0.3434999
0.3644598
0.3440605
0.3396083
0.3443301
0.3471482
0.3455616
0.3401701
0.3379464
0.3451332
0.3552884
0.3370671
0.3548585
0.3408631
0.3486339
0.3390692
0.3452671
0.3404874
0.3390645
0.3431184
0.3498963
0.3365601
0.3480955
0.3402858
0.3389107
0.3358716
0.3415053
0.3446648
0.3400832
0.3378857
0.3403884
0.3356548
0.3325682
0.3365037
0.339591
0.3436073
0.3458285
0.3402077
0.3422259
0.3434781
0.3432374
0.3454331
0.346177
0.3484311
0.3425142
0.3430198
0.3451017
0.3502138
0.3588971
0.3386203
0.3457732
0.3377904
0.3414514
0.3587704
0.3499059
0.3560061
0.3476874
0.3423126
0.3356565
0.3382638
0.3419848
0.3307043
0.3527082
0.3402069
0.3378791
0.3483121
0.3567157
0.3314136
0.3359845
0.3338257
0.3319014
0.3343411
0.3365481
0.3341435
0.3341605
0.3416569
0.3330504
0.3397971
0.3344184
0.3362296
0.3386824
0.3639366
0.3445346
0.3572779
0.3387481
0.3397036
0.3371092
0.3328411
0.3370197
0.3367734
0.3388523
0.3408194
0.3375002
0.3366989
0.3353114
0.3331247
0.349899
0.3367792
0.3382468
0.3374953
0.3394398
0.3634315
0.3412979
0.3345119
0.3421851
0.342458
0.3430942
0.3382186
0.335254
0.3400373
0.3530042
0.3324315
0.3538424
0.3356869
0.3439426
0.334883
0.3453858
0.3386689
0.3358511
0.3396176
0.3458117
0.3333475
0.3412685
0.3384445
0.3359776
0.3326505
0.3390196
0.3405945
0.3345592
0.3346299
0.3393567
0.3329202
0.3302921
0.3339941
0.3350287
0.342819
0.3414198
0.3374441
0.3385487
0.3397967
0.3414578
0.3398189
0.3410688
0.341877
0.3407424
0.3391336
0.3415702
0.3442914
0.3549902
0.3363308
0.341134
0.3387122
0.3375132
0.3555548
0.3472304
0.3539252
0.346378
0.3418273
0.332647
0.3355402
0.3376444
0.3336678
0.3514085
0.3381809
0.3371098
0.3455853
0.3617253
0.3466171
0.348666
0.3473997
0.344797
0.3469908
0.3486838
0.3456229
0.3471023
0.3530199
0.3455515
0.3519243
0.3495633
0.3500466
0.3509445
0.3596804
0.3483226
0.361884
0.3511881
0.3506706
0.3453408
0.3459245
0.351303
0.3496274
0.3511917
0.3481969
0.3496111
0.3528905
0.3476594
0.3463764
0.3543179
0.3494866
0.3492505
0.3492543
0.3508748
0.3602501
0.3519602
0.3484991
0.3526463
0.3533194
0.353478
0.349143
0.3486315
0.351306
0.3503212
0.3500358
0.357038
0.3466814
0.3525117
0.3434755
0.3508898
0.3500257
0.3479724
0.3499165
0.3562785
0.3474172
0.355684
0.3483333
0.3468472
0.3441828
0.3492469
0.350036
0.3486097
0.3450174
0.3520546
0.345543
0.3416084
0.3481741
0.348914
0.3510426
0.3521068
0.3494022
0.3512816
0.3507441
0.3428695
0.3507371
0.3505885
0.3523142
0.3507686
0.3464756
0.3471832
0.3541765
0.3540975
0.3482335
0.3503812
0.3493176
0.3515292
0.3647745
0.3546137
0.3469086
0.3505486
0.3489975
0.3456574
0.3468339
0.3496999
0.3454787
0.3555728
0.3450691
0.3475398
0.3498076
0.3605127
0.3393613
0.3447009
0.342586
0.34232
0.3413818
0.345622
0.3435349
0.3421836
0.3478332
0.3430954
0.3484033
0.34242
0.3441024
0.3451794
0.3693068
0.352256
0.3623419
0.3444515
0.3457117
0.3469449
0.3425839
0.3459461
0.3435403
0.3462478
0.3464764
0.3441706
0.3455439
0.3420292
0.3416377
0.3555162
0.3450783
0.3455257
0.3442458
0.3436147
0.3707304
0.3457395
0.3425207
0.3468953
0.3476798
0.350892
0.3446655
0.3406618
0.3456808
0.3598916
0.3424929
0.3582458
0.3422727
0.3499813
0.3429692
0.3495819
0.3467484
0.3439604
0.3463325
0.3512213
0.341519
0.350538
0.3439982
0.3411835
0.340848
0.3472572
0.3463225
0.343043
0.3431909
0.3457914
0.3426775
0.341857
0.3444949
0.3448778
0.3503993
0.3457816
0.3440656
0.3452191
0.3424736
0.3499438
0.3470752
0.3474559
0.3460034
0.3473093
0.3463457
0.3484022
0.3498264
0.3611564
0.3449021
0.3493955
0.3474394
0.3447075
0.3594483
0.3514606
0.3590463
0.3521543
0.345925
0.3403866
0.3431199
0.3430022
0.3425185
0.356815
0.3460874
0.3447822
0.3510007
0.3566139
0.3330349
0.3389716
0.3365684
0.331728
0.3367737
0.3422073
0.3355585
0.3372228
0.3441511
0.3348712
0.3446935
0.3379484
0.339642
0.3421537
0.3617354
0.3456643
0.3584407
0.3429955
0.3431853
0.3398813
0.3370935
0.3433159
0.3408508
0.3422158
0.3419018
0.3388027
0.3425565
0.3365312
0.3364832
0.3499251
0.3400862
0.3403117
0.3397914
0.3433557
0.3612696
0.3404878
0.3380575
0.344176
0.3467253
0.3434052
0.3399685
0.33764
0.3419973
0.3563464
0.3380412
0.3533531
0.3391303
0.3379702
0.3324871
0.3478362
0.3402149
0.3393097
0.3377781
0.3499478
0.3389404
0.3467408
0.3406409
0.3387223
0.3344168
0.3423118
0.3433697
0.3379699
0.3367284
0.3413044
0.3352361
0.3326535
0.33883
0.3401025
0.3431287
0.3427422
0.3397363
0.3393751
0.3412494
0.3427604
0.3434949
0.3457626
0.3461606
0.34205
0.3418237
0.3437462
0.3471448
0.3586415
0.3380939
0.3462062
0.3405319
0.3402429
0.3583567
0.3463431
0.3555926
0.3483702
0.3433086
0.3350018
0.3347125
0.3397262
0.334311
0.3535555
0.3348086
0.3380053
0.3461098
0.3582001
0.3309346
0.3353355
0.3319476
0.3314828
0.3352919
0.3395721
0.3334239
0.3324597
0.3427312
0.3324318
0.3426173
0.3352162
0.3377541
0.3393257
0.3649189
0.344158
0.3567398
0.341371
0.3401744
0.335688
0.332954
0.3373378
0.3391892
0.3354327
0.3428198
0.3362657
0.339011
0.3331442
0.3336013
0.3506976
0.33676
0.3402662
0.3372901
0.3398328
0.3632702
0.3381955
0.3335662
0.3428225
0.3421075
0.3417729
0.3376916
0.3350913
0.338943
0.3527119
0.336547
0.3553879
0.3355082
0.345207
0.3347358
0.3438269
0.3366294
0.3330972
0.3377346
0.3474293
0.3329018
0.3431537
0.3371166
0.3321605
0.3320217
0.3379892
0.3397846
0.3329517
0.3347278
0.3376812
0.3344587
0.3303129
0.3341367
0.3336916
0.3421998
0.3428123
0.3369743
0.3366186
0.3412604
0.3393572
0.3393811
0.3417428
0.3425288
0.3421772
0.3397955
0.3402276
0.3422741
0.356698
0.3352593
0.3432273
0.3419481
0.3376009
0.3565703
0.3466537
0.3536601
0.3479255
0.3438309
0.3313674
0.3337121
0.3370951
0.3317178
0.3546488
0.338234
0.3365808
0.3460438
0.358022
0.3268442
0.3324226
0.3305341
0.3288308
0.3332256
0.3362899
0.3310773
0.330324
0.338796
0.3296751
0.338632
0.3320671
0.3334046
0.3351029
0.361141
0.3417853
0.3570016
0.3357142
0.3368906
0.3333966
0.3293042
0.3351529
0.3355986
0.3362204
0.3382561
0.3341316
0.3358577
0.3309122
0.3288649
0.3452981
0.3333436
0.3351322
0.3325431
0.3380875
0.3616463
0.3375299
0.3304267
0.3402012
0.3392402
0.3400849
0.3335428
0.3325749
0.3347962
0.3499389
0.3353286
0.3534393
0.3338637
0.3432987
0.331517
0.3429429
0.3338624
0.3301141
0.3358579
0.3461954
0.3302282
0.3410616
0.332794
0.3315732
0.3284359
0.3374111
0.3378669
0.3303148
0.3326659
0.3377611
0.3295164
0.3282587
0.3304941
0.33079
0.3395106
0.3395577
0.3325389
0.336065
0.3382395
0.3360761
0.3379282
0.3410405
0.34163
0.3379331
0.3383403
0.3380228
0.3444372
0.3564756
0.3322763
0.3420736
0.3362887
0.3334978
0.3579755
0.3460707
0.3524818
0.3479778
0.3389825
0.3305225
0.3313455
0.3353828
0.3305574
0.3498373
0.3342458
0.3330857
0.3405348
0.3597764
0.3326272
0.336595
0.3360121
0.3332251
0.3361848
0.3390679
0.3356658
0.3338731
0.3432076
0.3351751
0.3416248
0.3368664
0.3376958
0.3399328
0.3645634
0.3463319
0.359289
0.3405118
0.3421781
0.3378777
0.3329516
0.3392231
0.3386653
0.3394552
0.342227
0.3372616
0.3396963
0.3344829
0.3353055
0.3499583
0.3376197
0.3388932
0.3379166
0.3409251
0.3656312
0.3413523
0.3370696
0.34159
0.3420878
0.343237
0.3380168
0.3355794
0.3395981
0.3541698
0.3384116
0.3553123
0.3362096
0.3466843
0.3356083
0.345924
0.3380739
0.3354393
0.338651
0.3473214
0.3353883
0.3440526
0.338657
0.3347147
0.3344156
0.3385686
0.3413836
0.3361377
0.3353451
0.3408216
0.3343403
0.3316562
0.337332
0.3379661
0.3448962
0.3418262
0.3380571
0.3400704
0.3403721
0.3419035
0.3413106
0.3432076
0.3430905
0.3419869
0.3402643
0.3427418
0.3459086
0.3587077
0.3369543
0.3444844
0.3414275
0.3385718
0.3566463
0.3485702
0.3554355
0.3481929
0.341604
0.3336961
0.3354125
0.3403801
0.3358539
0.3545986
0.3390752
0.3364113
0.3451594
0.3610683
0.3376443
0.3421474
0.3413399
0.3416716
0.343053
0.3441952
0.3407218
0.3400922
0.3468884
0.3406606
0.3473716
0.3424167
0.3424266
0.3441203
0.3674839
0.3492793
0.3621666
0.3447386
0.3461771
0.3466652
0.3394547
0.3450663
0.3453438
0.3442875
0.3480979
0.3408702
0.3449062
0.3411032
0.3414906
0.3545858
0.3423092
0.3455055
0.343441
0.3456247
0.3684452
0.3467091
0.3414241
0.3468128
0.3463788
0.3482739
0.3416942
0.3398107
0.3437914
0.3576081
0.3445137
0.3566533
0.3426816
0.350124
0.3420498
0.3494031
0.3422146
0.3421068
0.344945
0.3507448
0.3405355
0.3475349
0.3438712
0.3405801
0.3395124
0.3449419
0.3451697
0.3422482
0.3403967
0.3454845
0.3414473
0.3387962
0.341929
0.3442917
0.3509613
0.3449385
0.3411271
0.3444464
0.3479515
0.346275
0.3443467
0.3474434
0.3445751
0.3471187
0.3456433
0.3474289
0.3500389
0.3612175
0.3423145
0.3490707
0.3460588
0.3446642
0.3592462
0.3527449
0.3589077
0.3521412
0.3486069
0.3384859
0.3402023
0.342278
0.3418713
0.356753
0.3451686
0.3437896
0.3494262
0.359775
0.3367801
0.3411323
0.3376395
0.3385481
0.339528
0.3421016
0.3389799
0.3383639
0.3436525
0.3377253
0.3469261
0.3406548
0.3409046
0.3423065
0.3656776
0.3473772
0.3598144
0.3430429
0.3432822
0.3420898
0.3370481
0.3402399
0.3427267
0.3425337
0.3463333
0.3401084
0.340681
0.3382664
0.3382439
0.3492939
0.3422263
0.3408705
0.3403068
0.3427117
0.3659969
0.3453355
0.3390083
0.3435235
0.3463119
0.346265
0.3413087
0.3375917
0.3417456
0.3545236
0.3405817
0.354972
0.3403794
0.3465793
0.3398381
0.3475123
0.3438085
0.3388581
0.3427688
0.3493366
0.3391745
0.3471872
0.342024
0.3399337
0.3380313
0.3412031
0.3412944
0.3402499
0.3385021
0.3444871
0.3379249
0.3351254
0.3390855
0.3416081
0.3461406
0.3443507
0.3414984
0.3420964
0.3444175
0.3452616
0.3437179
0.3442529
0.3443664
0.3426907
0.343792
0.3448311
0.3493347
0.3611824
0.3417778
0.3472589
0.3445345
0.3415761
0.3575502
0.3498658
0.356563
0.3508143
0.3448666
0.3362354
0.3386184
0.3420959
0.3383725
0.3554655
0.3420698
0.3404653
0.3466385
0.3562322
0.3297907
0.3364225
0.3358583
0.3322195
0.3347128
0.338461
0.3330354
0.3333923
0.3413997
0.3330444
0.3416497
0.3352511
0.3379472
0.3380916
0.362853
0.3444731
0.3566712
0.3380078
0.3381946
0.3371631
0.3325607
0.3390246
0.3370475
0.3401117
0.3398922
0.3351585
0.3381767
0.3345921
0.3330369
0.3498055
0.3368117
0.3349248
0.3364746
0.3395
0.3638664
0.3392102
0.3365554
0.3404448
0.3408935
0.342508
0.3358845
0.3340025
0.3386077
0.3529879
0.3362978
0.3532014
0.3348303
0.3422407
0.3337584
0.3447339
0.3380954
0.3357625
0.3366376
0.3457993
0.3334833
0.3426952
0.3381513
0.333533
0.3337817
0.3395103
0.3388056
0.335128
0.3341597
0.3389747
0.3321713
0.3333272
0.3333577
0.3364446
0.3435811
0.3390406
0.3357465
0.3372745
0.3379283
0.3424407
0.3414051
0.3420977
0.3393116
0.3407624
0.3405263
0.3424687
0.3448261
0.3562502
0.3350693
0.3436763
0.3404466
0.3384238
0.3536568
0.3448902
0.3547307
0.3456005
0.3396182
0.3308114
0.3334844
0.3368319
0.3326972
0.3509243
0.3389267
0.3379035
0.3429854
0.3617045
0.3358262
0.3416061
0.3397743
0.3372826
0.3405324
0.345159
0.3387007
0.3391711
0.3465615
0.339026
0.3475348
0.3418815
0.3420597
0.3431736
0.3662185
0.3486454
0.360495
0.3438574
0.345395
0.3430368
0.3381587
0.3424385
0.3434161
0.34345
0.3461878
0.34248
0.3423335
0.3403146
0.3389752
0.3535257
0.3416888
0.343193
0.3422556
0.344486
0.3683382
0.3468708
0.3393019
0.3446963
0.3466743
0.3481941
0.3404
0.3398221
0.3409102
0.3572835
0.3410541
0.3583934
0.3408568
0.3493729
0.3421189
0.3492509
0.3423041
0.3387506
0.3435767
0.3499256
0.3381651
0.3449216
0.3413826
0.3394685
0.3387326
0.342803
0.3453461
0.3387736
0.3398201
0.3457735
0.3373947
0.3381374
0.3401532
0.3396254
0.3480633
0.3461527
0.3426151
0.3434311
0.3441631
0.3460794
0.3456471
0.3456486
0.3460552
0.3446989
0.3433512
0.3462496
0.3499464
0.3623294
0.3396123
0.3458456
0.3467975
0.3425684
0.3601738
0.3507101
0.3592964
0.3528897
0.3464567
0.3382104
0.33844
0.3443239
0.3399271
0.3581505
0.3454562
0.3416154
0.3497426
0.363892
0.3414539
0.34264
0.3421976
0.3394397
0.344637
0.3401194
0.3420406
0.3426023
0.3479488
0.3415033
0.3482189
0.344877
0.3441947
0.3431537
0.3681323
0.3467979
0.3631612
0.3471704
0.3482033
0.3460596
0.3434204
0.3438484
0.3449658
0.346906
0.3496894
0.3448417
0.346975
0.3430971
0.3435481
0.356608
0.3458065
0.3469471
0.3449967
0.3480966
0.369808
0.3465563
0.3423536
0.3490836
0.3492332
0.3508957
0.345433
0.3419217
0.3467394
0.3593086
0.344829
0.3582313
0.3433517
0.3491633
0.3434288
0.3484401
0.3475259
0.3433372
0.3491652
0.350824
0.342601
0.3505508
0.3471891
0.3426946
0.3430524
0.3462458
0.3473435
0.3440439
0.3405381
0.3474074
0.3415938
0.3380366
0.345253
0.3456137
0.3484097
0.3452752
0.3457539
0.3453525
0.3471198
0.3481247
0.3489027
0.3487955
0.3489022
0.3450052
0.3485072
0.347568
0.3520639
0.3650481
0.3447474
0.3489907
0.3459748
0.3450257
0.3603792
0.3525891
0.3598986
0.3539587
0.3474687
0.3410753
0.3404029
0.3412343
0.3407716
0.357326
0.3419005
0.3446475
0.3513728
0.3593323
0.3495762
0.3518783
0.3533331
0.3464653
0.3516477
0.3509619
0.3519257
0.3512474
0.359432
0.3510423
0.3494321
0.351787
0.3548537
0.355659
0.3567211
0.3505867
0.3641746
0.3565356
0.3559046
0.35316
0.3514295
0.3560396
0.352362
0.3568398
0.3555259
0.3550707
0.3570999
0.3510915
0.3523588
0.3468369
0.3539692
0.3533525
0.3543437
0.3569846
0.3491023
0.3551055
0.3523709
0.3568637
0.3574819
0.3556985
0.3440049
0.3522888
0.3563258
0.3394213
0.3510285
0.358326
0.3550421
0.3507233
0.3459313
0.3555514
0.3549536
0.3504673
0.3540831
0.3604981
0.3544088
0.3582703
0.3525273
0.3513858
0.3475576
0.354854
0.357539
0.3537648
0.3478078
0.3550496
0.3523894
0.3494963
0.353217
0.3540646
0.336803
0.3561196
0.355219
0.3548429
0.3556782
0.3562831
0.3559636
0.3584003
0.3584405
0.3565126
0.3504675
0.3556639
0.3538115
0.3552504
0.3519333
0.3566778
0.3484096
0.3539602
0.3620292
0.3518915
0.3496706
0.3433254
0.3464307
0.3500422
0.3506699
0.3553899
0.350087
0.3429208
0.3529018
0.3555047
0.3578375
0.3521276
0.3419323
0.3462221
0.3474598
0.340196
0.3432619
0.3449722
0.3451662
0.3466362
0.3525778
0.3420626
0.3442562
0.3455882
0.3501476
0.349596
0.3403134
0.3475805
0.354825
0.351047
0.3495727
0.3452732
0.3438923
0.3489982
0.3487966
0.3519136
0.3481961
0.347357
0.3509382
0.3434847
0.3456048
0.3380015
0.3476282
0.347315
0.3472695
0.3515852
0.3448528
0.3519653
0.3485619
0.3515194
0.3510094
0.351048
0.3391228
0.3465416
0.3499451
0.3328288
0.3459911
0.3523426
0.3487391
0.3451208
0.33882
0.3473116
0.3476666
0.345977
0.3468983
0.3555344
0.3466556
0.3527615
0.3475476
0.3480955
0.3392194
0.3472122
0.3518304
0.3473458
0.342348
0.3481269
0.3457715
0.3423493
0.346888
0.3456456
0.3363034
0.3513539
0.3487194
0.3496685
0.3497838
0.3488844
0.3515089
0.3521392
0.353815
0.3493574
0.3468306
0.3485454
0.3499432
0.3472288
0.3457377
0.3506909
0.3459314
0.3462509
0.359726
0.3446755
0.3473827
0.3331573
0.3412973
0.3442304
0.3447456
0.347576
0.3431561
0.3334616
0.3470835
0.347269
0.3476553
0.3577462
0.3362158
0.3382917
0.336086
0.3352775
0.3374695
0.339097
0.3369876
0.3366295
0.3405535
0.3367682
0.3444098
0.3392491
0.338736
0.3420063
0.3630929
0.3459677
0.3562368
0.3429451
0.3437722
0.3384471
0.3332218
0.3421149
0.3409381
0.3412908
0.3420736
0.3391869
0.3414885
0.337073
0.3369658
0.3499545
0.3407699
0.3398552
0.3403411
0.3412585
0.3641271
0.3441569
0.3386789
0.3444923
0.3460163
0.3457208
0.3399494
0.3373111
0.3418419
0.3526539
0.3394748
0.3554172
0.336003
0.3473577
0.3359456
0.3437943
0.3413784
0.3397669
0.3412229
0.3492049
0.3380813
0.3471075
0.3398407
0.3356529
0.3338645
0.3407317
0.3433075
0.3378386
0.334466
0.3427416
0.3344769
0.3342949
0.3378378
0.3377629
0.3443383
0.3423017
0.3403277
0.3404581
0.3407976
0.3435696
0.3434022
0.3448262
0.3450691
0.3423614
0.3400341
0.3424677
0.3468002
0.3565485
0.3391566
0.3458394
0.3409723
0.3397258
0.3558132
0.3481887
0.3559745
0.3460717
0.3430991
0.3357748
0.3375462
0.3422836
0.3350302
0.3518392
0.337689
0.3406114
0.3457516
0.3662348
0.3630662
0.3647204
0.3647036
0.3623858
0.3611905
0.3621065
0.3624189
0.3616377
0.3671167
0.3606657
0.3607177
0.3651522
0.3660014
0.3643152
0.3558761
0.3626758
0.3652163
0.3649927
0.3655416
0.3626477
0.3621006
0.3658613
0.3640894
0.3647861
0.3631742
0.363674
0.3654878
0.361949
0.3623278
0.3542565
0.3647802
0.3632561
0.364523
0.3655082
0.3546953
0.363187
0.3657204
0.3644006
0.3648858
0.3666704
0.3607441
0.3619118
0.3639856
0.3528719
0.3619587
0.3580283
0.363664
0.3577421
0.3573896
0.3567949
0.3639799
0.3636152
0.3642205
0.3679197
0.3628875
0.3677447
0.3651819
0.362021
0.3606736
0.3635358
0.3646257
0.3647121
0.3614658
0.365919
0.3626417
0.3617796
0.3637686
0.365149
0.355022
0.3661581
0.3661855
0.366864
0.3635154
0.3613361
0.3651383
0.3660337
0.3652919
0.364483
0.3557854
0.3629595
0.3642905
0.3597663
0.3629251
0.3648569
0.3587224
0.3653225
0.3696562
0.3614791
0.356257
0.3456995
0.3550103
0.3608726
0.3607903
0.3645318
0.3632703
0.3470583
0.3602402
0.3650867
0.3593012
0.3606986
0.3464493
0.3507111
0.350198
0.3461275
0.3493861
0.3474821
0.3485864
0.3467553
0.3542171
0.3476062
0.3487599
0.3529109
0.3503904
0.35133
0.360281
0.3532072
0.3628298
0.3534419
0.3533712
0.3511579
0.3476247
0.353352
0.351332
0.3518018
0.3506619
0.3484622
0.3519362
0.3481455
0.3496819
0.3532278
0.3508176
0.350189
0.351566
0.3529443
0.357361
0.3497933
0.3473489
0.3524003
0.3526381
0.3562524
0.345693
0.3494912
0.351685
0.3477427
0.3476523
0.3491188
0.3484857
0.3458945
0.3468002
0.3549277
0.3496181
0.3488684
0.3528386
0.3559503
0.3486381
0.3552111
0.3504617
0.349384
0.3453794
0.3522181
0.3533103
0.3489081
0.344351
0.3525691
0.347947
0.3460398
0.3502544
0.3510963
0.3490177
0.3528288
0.3511834
0.3532193
0.349198
0.3523608
0.3524894
0.3553557
0.3543985
0.3529446
0.3482246
0.3524327
0.3528498
0.3574592
0.3501769
0.3537209
0.3471469
0.3520046
0.3610156
0.350693
0.3530571
0.3433921
0.3443802
0.3461117
0.3480981
0.350661
0.3472388
0.3493489
0.348545
0.352103
0.3546585
0.3632676
0.3571192
0.3595268
0.3608624
0.356908
0.3590526
0.3568917
0.3589477
0.3586258
0.3629071
0.3554657
0.358003
0.3603413
0.3595314
0.3615148
0.354185
0.3575907
0.364493
0.3605584
0.3598445
0.3599018
0.3578515
0.3611763
0.3612431
0.3617367
0.3571325
0.3605862
0.3612899
0.3569425
0.3597577
0.3535789
0.3606635
0.3593792
0.3606291
0.3626828
0.3450714
0.3603309
0.3584677
0.3626758
0.3622079
0.3629574
0.3588418
0.3580774
0.3601782
0.35666
0.3562564
0.3621457
0.359792
0.3554537
0.3499083
0.3599133
0.3611536
0.3604693
0.3608512
0.3627973
0.3611552
0.3634569
0.3608142
0.3585943
0.3548234
0.3593857
0.3609229
0.3595121
0.3558504
0.3619335
0.3569308
0.3557523
0.3595915
0.3610015
0.3535948
0.3597461
0.3608208
0.3631978
0.3605184
0.3623392
0.3631768
0.3631223
0.359435
0.3610254
0.3538386
0.3621292
0.3608768
0.3597788
0.3622288
0.3548328
0.3549572
0.3587885
0.3648002
0.3526948
0.3520913
0.3592114
0.3563516
0.357282
0.357952
0.3603122
0.3579648
0.3549406
0.3575737
0.3613588
0.3620985
0.3629941
0.3429324
0.3461587
0.3457467
0.3419555
0.3410931
0.3450863
0.34507
0.3445176
0.3447316
0.3429778
0.3489501
0.3457044
0.3482239
0.3494496
0.3632471
0.3505817
0.3632242
0.3502155
0.3507117
0.3463199
0.3436186
0.348851
0.3450032
0.3481726
0.3488629
0.3470318
0.3484795
0.3458505
0.3449137
0.3535986
0.3477196
0.3457435
0.3470724
0.3482853
0.3666041
0.3475757
0.3443622
0.3511244
0.3530323
0.3511924
0.3464487
0.3426998
0.349872
0.3594135
0.3448469
0.358705
0.3452179
0.351641
0.3438656
0.3493054
0.3492046
0.3456697
0.3500108
0.354159
0.3453123
0.3516081
0.345435
0.3449894
0.3458132
0.3493036
0.3480782
0.3441121
0.3463085
0.3496561
0.3431865
0.3408892
0.3471597
0.3474384
0.3478017
0.3504821
0.3484792
0.3479335
0.3441463
0.3508511
0.3489546
0.3520603
0.3517843
0.3500465
0.343888
0.3484745
0.350299
0.361259
0.3483351
0.350693
0.3425844
0.3464712
0.3616114
0.3532588
0.3596513
0.35031
0.3465408
0.3432232
0.3453723
0.3477071
0.3441433
0.3560918
0.34544
0.3454512
0.3517503
0.3572553
0.3287478
0.3348053
0.3323729
0.3309961
0.3354657
0.3387406
0.3333087
0.333778
0.3392563
0.3320424
0.3384267
0.3350618
0.3354854
0.3379881
0.3589609
0.33534
0.3518678
0.3410571
0.3390313
0.3290614
0.3321059
0.3382986
0.33614
0.3382162
0.3376806
0.3346503
0.3376741
0.3326515
0.3325406
0.3463086
0.3362754
0.3370852
0.3356592
0.3398721
0.3626493
0.3378919
0.334711
0.3401651
0.3426001
0.3408811
0.3360861
0.3315491
0.3393153
0.3476478
0.3316974
0.3519648
0.3346737
0.3414147
0.3320105
0.341044
0.338528
0.3363307
0.3368334
0.3445977
0.3324025
0.3427111
0.3369649
0.3344832
0.3291512
0.337162
0.3394749
0.334383
0.3295358
0.3387126
0.3336457
0.3296962
0.3342738
0.335366
0.3394884
0.341233
0.3387506
0.3356723
0.3295346
0.3363819
0.3407554
0.3421708
0.3421046
0.337468
0.3371956
0.3379706
0.3410308
0.3513159
0.3352793
0.341807
0.3389663
0.3303754
0.3555844
0.3436458
0.3499074
0.3391036
0.3400498
0.3308298
0.3341692
0.3361372
0.332445
0.3505612
0.3326337
0.3340092
0.3352501
0.3553537
0.3339901
0.3339709
0.3360121
0.332441
0.3356031
0.3394195
0.3358995
0.3353319
0.3413593
0.3350212
0.3407285
0.337306
0.3381779
0.3395152
0.3594891
0.3431438
0.3552037
0.3382849
0.3406481
0.337309
0.333904
0.3378077
0.3400928
0.3383377
0.3399717
0.3372525
0.3402357
0.3347666
0.3351623
0.3481488
0.3387817
0.3375811
0.3364855
0.3411964
0.3602745
0.3391205
0.3356281
0.3418985
0.3439864
0.3439272
0.3404174
0.3312286
0.3401166
0.3524114
0.3373366
0.3513499
0.3361
0.3449003
0.3347456
0.3453023
0.3398079
0.3355911
0.339425
0.3467964
0.336277
0.3444044
0.3378774
0.3358907
0.3338572
0.3384805
0.3405245
0.3351092
0.3317592
0.340172
0.3330995
0.3336355
0.335288
0.3362819
0.3418316
0.3390898
0.3396125
0.3389913
0.3389881
0.341336
0.3412947
0.3423635
0.3424516
0.3387384
0.3404661
0.341199
0.3426757
0.3559129
0.3363138
0.3439599
0.3387134
0.3352648
0.3549662
0.3462768
0.3538549
0.3475175
0.3404503
0.3331538
0.3350761
0.3378674
0.3330277
0.3521592
0.3395296
0.3354661
0.345738
0.3570045
0.3365653
0.3407589
0.3384623
0.3365961
0.3405173
0.340652
0.339475
0.3374149
0.3453514
0.3381155
0.3463306
0.3397033
0.340128
0.3415955
0.3652863
0.3449332
0.3577309
0.3416081
0.344544
0.3424928
0.336252
0.3423589
0.3413571
0.3426439
0.3444364
0.3398997
0.3413982
0.3380695
0.3373703
0.3511024
0.3409217
0.3383895
0.3410783
0.3415631
0.3656464
0.3420277
0.33629
0.3415159
0.343152
0.3461673
0.3407551
0.3393138
0.3402545
0.3548873
0.3410775
0.3555122
0.3391444
0.3457735
0.3379923
0.3471017
0.3432304
0.3392421
0.3425094
0.3477344
0.3370649
0.3449837
0.339827
0.3382226
0.3384313
0.3443818
0.3429827
0.3389129
0.3360716
0.3447324
0.3389437
0.332889
0.3383356
0.3410277
0.346441
0.3439013
0.341722
0.3422389
0.343616
0.3449587
0.3439045
0.3452392
0.3424845
0.3419092
0.3420798
0.3447184
0.3470781
0.3559528
0.3395996
0.34609
0.3434964
0.3426271
0.3528089
0.3495293
0.3570446
0.3492056
0.344011
0.3364776
0.3402211
0.3404511
0.3363804
0.3537721
0.3392043
0.3401421
0.3447404
0.3572794
0.3346261
0.3388455
0.3370638
0.3337423
0.3375662
0.3387376
0.3368381
0.3365704
0.3424967
0.3384747
0.3451398
0.3356531
0.3405075
0.3420673
0.3643451
0.3466456
0.3555617
0.3427526
0.3425566
0.3337529
0.3365729
0.3425876
0.3413066
0.3412794
0.3387113
0.338308
0.3419048
0.3367817
0.3379974
0.3493537
0.3396268
0.3365074
0.3402862
0.3417035
0.3637299
0.1280874
0.3339496
0.3428832
0.3454437
0.3443157
0.3402153
0.3360222
0.3421694
0.354844
0.3310437
0.3555992
0.3383483
0.3437183
0.337568
0.3437623
0.3410351
0.3391326
0.3407237
0.3489018
0.3392783
0.3453597
0.340615
0.3390688
0.3354767
0.3414173
0.3423119
0.3390528
0.3341814
0.3430866
0.3383359
0.3317812
0.3392902
0.3402296
0.3438456
0.3420289
0.3413945
0.3403533
0.3402251
0.3403713
0.3448501
0.344778
0.3441152
0.3418035
0.3346065
0.3428802
0.344403
0.3564353
0.3395639
0.3453626
0.3420066
0.3384204
0.3557184
0.3462271
0.3554348
0.3493293
0.3436872
0.3342441
0.3370937
0.3394099
0.3337646
0.3516796
0.33517
0.3393508
0.3437401
0.3573984
0.3299171
0.3355324
0.3343222
0.3316184
0.3350685
0.3406429
0.3356767
0.3347176
0.3418884
0.3316542
0.3423502
0.3342088
0.3365818
0.3382218
0.3633277
0.3444264
0.3572226
0.3394783
0.3380013
0.3368101
0.3344746
0.3309734
0.33231
0.3387475
0.3413285
0.3368721
0.3391385
0.3342894
0.3324332
0.3499841
0.3360984
0.3369433
0.3369367
0.3377561
0.3641306
0.3391466
0.1240203
0.3417465
0.3442643
0.342802
0.3385043
0.3357509
0.3374283
0.3540923
0.3387586
0.3539309
0.3369278
0.3464473
0.3314298
0.3390008
0.3391904
0.3331345
0.337744
0.346398
0.3345309
0.3433736
0.3368197
0.3329716
0.3326247
0.3391768
0.3406407
0.3336613
0.3339332
0.3391724
0.3293753
0.3280183
0.3350001
0.3352564
0.3386708
0.3390162
0.3367419
0.3402882
0.3388322
0.3404883
0.3402222
0.344153
0.3425305
0.3413944
0.3401718
0.3414317
0.3438806
0.3568935
0.333113
0.3428115
0.3337034
0.3341824
0.3553547
0.347357
0.3547356
0.3479484
0.3390783
0.3310677
0.3350213
0.3378137
0.3339694
0.3534463
0.3386478
0.3343581
0.3449975
0.358983
0.3344036
0.3376739
0.3375133
0.3348922
0.3381795
0.3414032
0.3381913
0.3365625
0.3447521
0.3357102
0.3448118
0.3403611
0.339297
0.3416765
0.3612764
0.3441183
0.3558772
0.3409192
0.3446484
0.3398658
0.3367371
0.3425563
0.3420677
0.3423666
0.3444796
0.3402864
0.3426876
0.33719
0.3358804
0.3507455
0.3401818
0.3406245
0.3412948
0.342664
0.3628799
0.3433116
0.3362488
0.3429211
0.3458424
0.3436081
0.339792
0.3380676
0.3390927
0.3532479
0.3393365
0.3547947
0.3393749
0.3470803
0.3368907
0.3439773
0.3407028
0.3377059
0.3416668
0.3498262
0.3368683
0.3471624
0.3402094
0.3400215
0.3353641
0.3427228
0.3434502
0.33843
0.336583
0.3443379
0.3368184
0.3340262
0.3366711
0.3408613
0.3435624
0.3452999
0.3403228
0.341605
0.343971
0.3429229
0.3439535
0.3456038
0.3439376
0.343741
0.3407143
0.3410594
0.3479846
0.3540734
0.3379993
0.343914
0.3423274
0.3393001
0.3552113
0.3468693
0.3520847
0.3480239
0.3447018
0.3358271
0.3375225
0.3406836
0.336411
0.3520053
0.3395685
0.3395643
0.3474285
0.3578013
0.3265365
0.3321854
0.33161
0.3249911
0.3329975
0.3341506
0.3293353
0.329228
0.3388292
0.3285166
0.3393579
0.3314737
0.3349828
0.335491
0.361215
0.3398084
0.3545337
0.3391685
0.3378821
0.3319818
0.3310046
0.3325957
0.3322664
0.3365642
0.3389057
0.3318334
0.33594
0.3304142
0.3314781
0.3456349
0.3333642
0.3362348
0.3328994
0.3355395
0.3613866
0.3368864
0.331555
0.3376833
0.3410172
0.3394029
0.3349386
0.3315765
0.3364819
0.3511966
0.3305558
0.3536936
0.3334286
0.3376508
0.3299261
0.3379451
0.3351846
0.3322081
0.3338239
0.3445417
0.3310392
0.3400921
0.3327523
0.332727
0.32677
0.3359325
0.3378494
0.332211
0.3331977
0.3374779
0.3307327
0.3264547
0.3319357
0.3321108
0.3378695
0.3387649
0.3354771
0.3347929
0.3366728
0.3376404
0.3392153
0.3399425
0.3420795
0.3375802
0.3350626
0.3383301
0.3407143
0.3548712
0.3301916
0.3412406
0.3344768
0.3329695
0.3559189
0.3401037
0.3512957
0.3438712
0.3385742
0.3290591
0.331841
0.334599
0.3299621
0.3491739
0.3351256
0.3326002
0.3355773
0.3618259
0.3367246
0.340273
0.3387455
0.3369747
0.3391168
0.3424891
0.3370965
0.3362153
0.3471432
0.337426
0.344897
0.3411125
0.3412944
0.342139
0.3650833
0.3460683
0.3607837
0.3444606
0.3438704
0.3424505
0.3375565
0.3446155
0.3400668
0.3426135
0.34273
0.3403395
0.3438395
0.337928
0.3384202
0.3517629
0.3413376
0.3410804
0.3428684
0.3442475
0.3624243
0.3434552
0.3393223
0.3449953
0.3451323
0.3469824
0.3414309
0.3359932
0.3438529
0.3571775
0.3408638
0.3540957
0.3405699
0.3453694
0.3295865
0.3482709
0.3420831
0.3395056
0.3428906
0.3487169
0.3383767
0.3472341
0.3421362
0.3394987
0.3351679
0.3431875
0.3445569
0.3376938
0.334604
0.342334
0.3386235
0.3346047
0.3399023
0.3415797
0.3427674
0.34326
0.3406746
0.3411331
0.341231
0.341324
0.3432634
0.3460174
0.3444827
0.3421851
0.341683
0.3459195
0.3473622
0.3585157
0.3394107
0.3471983
0.3415992
0.3417166
0.3572649
0.3493969
0.3576573
0.3454396
0.3439932
0.3363526
0.3385722
0.3411327
0.3305001
0.3556314
0.333426
0.3367366
0.3469698
0.3598555
0.3386043
0.3430566
0.3404875
0.3401781
0.3399972
0.344419
0.3410719
0.3396959
0.3450421
0.3404703
0.3463769
0.3415681
0.3403194
0.3458899
0.3671497
0.3489582
0.3604552
0.342462
0.34529
0.3434948
0.3372824
0.3451403
0.3447265
0.3431251
0.3435095
0.3424934
0.3443546
0.338152
0.3391033
0.3540262
0.3423139
0.3415748
0.341502
0.344603
0.3683033
0.3444719
0.341402
0.3448786
0.3475484
0.347257
0.3414723
0.338452
0.342442
0.3549842
0.3413846
0.3578298
0.3418914
0.346093
0.3403019
0.3492286
0.3438948
0.3417337
0.3426632
0.3487513
0.3410032
0.3462942
0.3432519
0.3403732
0.3390006
0.3424007
0.3435226
0.3401923
0.3392757
0.3442421
0.3410765
0.3395954
0.340362
0.3400818
0.3479401
0.3416702
0.3400673
0.3425696
0.3432514
0.3471931
0.3451979
0.3435542
0.3432316
0.3457799
0.3444446
0.3462473
0.347445
0.3600075
0.3412388
0.3484623
0.3455461
0.3438962
0.3541394
0.3499568
0.3571516
0.3504556
0.3455092
0.3376615
0.3388423
0.3432107
0.3391432
0.3551725
0.3428611
0.3435002
0.3476966
0.3590891
0.3339847
0.3358429
0.3359272
0.3317445
0.3362021
0.3393097
0.3328268
0.3330934
0.3427631
0.3339522
0.3439642
0.3353507
0.3379762
0.3396958
0.3642931
0.3440996
0.3593553
0.340822
0.3398852
0.3366109
0.3329123
0.3380378
0.3371869
0.3404686
0.3413483
0.3381908
0.3403359
0.3360336
0.3332474
0.3499988
0.3372247
0.3378087
0.3374957
0.3396888
0.3647176
0.3392298
0.3356748
0.3423921
0.3440007
0.3422373
0.3384311
0.3360967
0.3398294
0.3544589
0.3362755
0.3531809
0.3342768
0.3449547
0.334934
0.3454853
0.3374684
0.3367952
0.339994
0.3461627
0.3348272
0.3429448
0.3372555
0.3343058
0.334083
0.3397202
0.3390042
0.3357814
0.3361325
0.3405853
0.3345169
0.3324742
0.3358316
0.3369439
0.3427696
0.3407131
0.3386899
0.3372327
0.3391177
0.33992
0.3409275
0.3427126
0.3408894
0.3400618
0.3401093
0.3413109
0.3436055
0.358928
0.3358417
0.3429499
0.3396812
0.3378935
0.3572332
0.3483739
0.3541207
0.3480051
0.3416004
0.3329841
0.3338785
0.3371018
0.3339551
0.3525424
0.3382317
0.3352177
0.3449053
0.3557797
0.3275162
0.3319419
0.330014
0.3263361
0.3318079
0.3367902
0.3308498
0.3315622
0.3401387
0.3295785
0.3394049
0.3318307
0.333462
0.3358376
0.3614546
0.3419323
0.3544285
0.3381537
0.335196
0.3323667
0.3300765
0.3350099
0.3361519
0.3354165
0.3379904
0.3338547
0.3365174
0.3309332
0.3322904
0.3475535
0.3344711
0.3381461
0.335178
0.3386795
0.3593756
0.3372529
0.3333046
0.3389363
0.3417546
0.3382085
0.3364052
0.3320081
0.3363523
0.3523845
0.3346126
0.3530344
0.3360792
0.3435373
0.3327475
0.3425719
0.3348043
0.3338119
0.3351359
0.3439069
0.3314428
0.3406738
0.3351579
0.3310115
0.3278069
0.3362179
0.33748
0.3320508
0.3297787
0.338626
0.3304549
0.3295537
0.3341241
0.3319688
0.3395521
0.3373627
0.3348951
0.3361389
0.3363904
0.3389007
0.3392624
0.3403321
0.3406742
0.338581
0.3382574
0.3404374
0.3398224
0.3549948
0.333151
0.3412408
0.3384116
0.337666
0.352785
0.3461066
0.3528665
0.3458653
0.3415222
0.3284335
0.3323624
0.3351489
0.3297637
0.349228
0.3369145
0.3335567
0.3429771
0.3614909
0.3384015
0.3427518
0.3417912
0.3381388
0.3417459
0.3454191
0.3409164
0.339839
0.3465687
0.3382256
0.3490058
0.3406965
0.3405273
0.3440261
0.366488
0.3500259
0.3625717
0.3449437
0.3446003
0.3428266
0.337371
0.3447289
0.3436527
0.3433486
0.3463817
0.3416594
0.3461394
0.3399176
0.3383589
0.3558008
0.342774
0.3423484
0.3431834
0.345817
0.3678557
0.3464949
0.3408804
0.3438466
0.3462424
0.3475163
0.3417636
0.3408228
0.3417796
0.3562557
0.3428142
0.3588004
0.3424994
0.3499832
0.3419206
0.3514343
0.3431589
0.340034
0.3439375
0.3498953
0.3408982
0.3482897
0.3426147
0.3405819
0.3382432
0.3450616
0.3458226
0.3418812
0.3402747
0.3459578
0.3425001
0.3385123
0.341779
0.3415004
0.3487534
0.3458466
0.3420509
0.3440358
0.3458073
0.348813
0.3454831
0.346567
0.3457305
0.3464591
0.3466833
0.3491492
0.3491457
0.3597169
0.3417218
0.3488738
0.3456675
0.3446235
0.3591288
0.3533578
0.3583643
0.3534317
0.3475925
0.3404764
0.3401005
0.3437564
0.3396075
0.3567433
0.3460376
0.3428766
0.3523526
0.3592814
0.3322766
0.3371146
0.335727
0.3337385
0.3371061
0.3403082
0.3348901
0.3366604
0.342688
0.3363092
0.3435645
0.3371871
0.3381638
0.3402471
0.3647493
0.3453851
0.3575017
0.3398547
0.3419576
0.3370529
0.3349062
0.3393248
0.3400533
0.3404196
0.3429052
0.338218
0.340416
0.3366178
0.3349768
0.3497474
0.3393249
0.3388931
0.3367989
0.3396484
0.3645203
0.3402054
0.3343212
0.3422972
0.3440359
0.3444823
0.3382466
0.3353274
0.3406243
0.3555646
0.3384301
0.3537293
0.3364908
0.3458163
0.3368877
0.3450595
0.3390107
0.3365566
0.3391492
0.3472896
0.3353261
0.3434051
0.3382593
0.3339639
0.3351902
0.3402102
0.3345148
0.3359771
0.3372789
0.3412709
0.335007
0.3321142
0.3363835
0.3360986
0.3436895
0.3428279
0.3395317
0.3390496
0.3398968
0.3430388
0.3430242
0.3413389
0.3431428
0.3401822
0.3421385
0.3421639
0.3456129
0.3585565
0.3379774
0.3422729
0.3392362
0.3406384
0.3581295
0.3486302
0.3559425
0.349319
0.3411663
0.3340161
0.3359517
0.3402544
0.3344797
0.3533905
0.3391059
0.3386309
0.3460193
0.3563817
0.3312541
0.3334113
0.3313155
0.3306043
0.3322859
0.3383594
0.3327025
0.3338236
0.3403999
0.3321718
0.3428078
0.3351358
0.3352966
0.3380063
0.36289
0.3446806
0.3545276
0.3389607
0.3375197
0.3342301
0.330074
0.3390904
0.3391556
0.3378245
0.3404592
0.3345077
0.3389072
0.3329689
0.3314836
0.3478669
0.3358035
0.3355963
0.3354411
0.3392085
0.3606887
0.3402311
0.3327175
0.3412376
0.3422269
0.3402727
0.3370436
0.3333597
0.3361764
0.3534288
0.3357563
0.3533012
0.3347438
0.3439234
0.3332902
0.3437795
0.3345494
0.3342374
0.3368555
0.3447302
0.3325837
0.3417152
0.3350544
0.3338913
0.3280912
0.3385506
0.3392201
0.3345032
0.3311251
0.3389181
0.334296
0.3310441
0.3331424
0.3322086
0.3407164
0.338638
0.3342339
0.3382663
0.3397692
0.3405934
0.3388233
0.3399627
0.3398831
0.3392771
0.3407562
0.3414884
0.342657
0.3554262
0.332662
0.3424831
0.3391123
0.3394905
0.353276
0.3476254
0.3538302
0.3481992
0.339829
0.3305797
0.3332488
0.3381039
0.3331261
0.3522452
0.3391438
0.335414
0.3440265
0.3589121
0.3285584
0.3324453
0.331174
0.3290188
0.3335642
0.3379966
0.3305398
0.3322937
0.3409593
0.3296176
0.3405922
0.3331454
0.3352455
0.3357614
0.3630984
0.3422646
0.3558568
0.3372069
0.3388498
0.334621
0.331681
0.3367064
0.3358806
0.3380653
0.3404916
0.3335295
0.3368489
0.3312505
0.330196
0.3492815
0.3349141
0.3354138
0.3344593
0.3389849
0.363271
0.3382712
0.3322156
0.3393362
0.3411843
0.339675
0.3338054
0.3318775
0.3364036
0.3520133
0.3336491
0.353774
0.3333656
0.3423815
0.3330302
0.3427984
0.3349285
0.3330321
0.3366446
0.34465
0.3321634
0.3409348
0.3358239
0.3325858
0.3311177
0.3375619
0.3385958
0.333539
0.3322618
0.3365399
0.3325081
0.3290969
0.3325862
0.3323945
0.3395309
0.3408237
0.3350181
0.3358175
0.3381044
0.3393097
0.3402984
0.3408941
0.3400056
0.3370607
0.3388366
0.3394124
0.3432734
0.3541412
0.3319185
0.3404036
0.3384086
0.3356447
0.3553516
0.3441304
0.3545091
0.345229
0.3398135
0.3296263
0.3305182
0.3361111
0.3298119
0.3513839
0.3338222
0.3337316
0.3423551
0.3566565
0.3292766
0.3334887
0.3313394
0.3245912
0.3319245
0.3345078
0.3324233
0.3309521
0.340102
0.3309635
0.337975
0.3340121
0.3342937
0.3354873
0.3626471
0.3418025
0.3548922
0.3364786
0.3369017
0.3349348
0.3320298
0.3361271
0.3341125
0.339032
0.3381096
0.3338933
0.336386
0.3328328
0.3321354
0.3490393
0.3353725
0.3354836
0.3346106
0.3362785
0.3627143
0.3357901
0.3326953
0.3380353
0.3408356
0.3394898
0.3333354
0.3302047
0.3370441
0.3505038
0.3346968
0.3513787
0.3341913
0.3372872
0.32984
0.3421106
0.3352641
0.3302718
0.3373508
0.3421872
0.3312031
0.3408228
0.3365504
0.3331851
0.3297364
0.336633
0.338364
0.3335694
0.3308587
0.3376867
0.3314836
0.3281369
0.3316955
0.3342853
0.3403913
0.3384466
0.3340135
0.3351378
0.3368643
0.338477
0.3375918
0.3399548
0.3391558
0.3386157
0.3372814
0.3377353
0.3405215
0.3562163
0.3306507
0.3422778
0.3368624
0.3344441
0.3524475
0.3404221
0.3546879
0.3446529
0.3372343
0.3298233
0.3307869
0.335087
0.3305691
0.3494516
0.3353577
0.3323453
0.3366067
0.3626979
0.3355926
0.3408903
0.3423086
0.3391361
0.3432364
0.3427411
0.3397425
0.3404143
0.3458015
0.3405114
0.3470301
0.3414587
0.3442925
0.3427889
0.3663435
0.3460236
0.3621164
0.3439986
0.3452322
0.3444423
0.3400085
0.3414133
0.3434937
0.3455717
0.3460113
0.3407823
0.3442875
0.3404139
0.3392244
0.3519075
0.3436452
0.3402405
0.3430789
0.3456877
0.3677338
0.3415536
0.3402022
0.3460696
0.3462551
0.3485765
0.3444809
0.3384625
0.3428735
0.3564959
0.3421485
0.3568018
0.340067
0.3479037
0.3410107
0.3486688
0.3437674
0.3429594
0.3437639
0.3492222
0.3416297
0.3481656
0.3450876
0.3378876
0.3407563
0.3447523
0.3439836
0.3427983
0.3386893
0.3460625
0.3413464
0.3387236
0.3418763
0.341471
0.3467266
0.3452642
0.3426189
0.3430644
0.3434493
0.3478847
0.3461698
0.3474224
0.3452475
0.3460766
0.3433795
0.345423
0.3478287
0.3597997
0.3433096
0.3424726
0.3446271
0.3420321
0.3581205
0.348726
0.3570019
0.3503324
0.3442536
0.3390358
0.3406655
0.3444839
0.3384992
0.356126
0.3435151
0.3420154
0.3475914
0.3604044
0.3348106
0.3387778
0.3387553
0.3351995
0.338671
0.3414255
0.3399331
0.3372083
0.3439282
0.3369856
0.3454992
0.3395356
0.3424728
0.3444231
0.3658707
0.3455219
0.3598965
0.3434544
0.3432426
0.3423865
0.3386416
0.3431432
0.3412889
0.3432216
0.3448762
0.3406208
0.3430705
0.33738
0.336797
0.3510762
0.3428659
0.3411148
0.3406611
0.3452827
0.3653718
0.3435342
0.3390124
0.3437489
0.3459946
0.3443653
0.3426488
0.3383313
0.3424443
0.3552433
0.3393666
0.3546729
0.3392757
0.3473742
0.3393603
0.3467553
0.34211
0.3414387
0.3431918
0.3492682
0.3388476
0.3404
0.2931723
0.340767
0.3374705
0.3427601
0.3445493
0.3387039
0.3387201
0.3422915
0.3374434
0.3361396
0.339281
0.3405208
0.342375
0.3444793
0.3407483
0.3429812
0.3429136
0.3448162
0.3438377
0.3450409
0.3470456
0.3436453
0.3446311
0.3442974
0.3478544
0.3579952
0.3400186
0.3479191
0.3419758
0.34083
0.3562155
0.3495259
0.3564664
0.3493079
0.3443876
0.3371778
0.3393194
0.3401096
0.3389854
0.3525626
0.3417387
0.3404716
0.3471932
0.3573923
0.3380838
0.3424793
0.3384795
0.3390532
0.3390117
0.338221
0.3401679
0.3401702
0.3464904
0.339225
0.3463481
0.3405818
0.3432513
0.3434725
0.361515
0.3498438
0.3587754
0.3447557
0.3442611
0.3444815
0.3403433
0.3441015
0.3427514
0.3442351
0.3454962
0.3413054
0.3446978
0.3407517
0.3377701
0.3512631
0.3398208
0.3444241
0.3427136
0.3456437
0.3620857
0.3450714
0.340936
0.3470282
0.3481667
0.3468236
0.34432
0.3407297
0.343954
0.3562413
0.3423235
0.3551126
0.3416207
0.346569
0.3415111
0.3497507
0.3436923
0.3413175
0.3440397
0.351004
0.3403844
0.3481448
0.343536
0.3409766
0.3399762
0.3444067
0.3454038
0.3374007
0.3388593
0.3443203
0.3372023
0.3381959
0.3418706
0.3421601
0.3473834
0.3455
0.3426073
0.344265
0.345357
0.3439502
0.3451229
0.3476418
0.3450953
0.3456585
0.3444148
0.3460693
0.3472938
0.3593684
0.3417036
0.3462827
0.3442877
0.342699
0.3595382
0.3495123
0.3575074
0.3529467
0.3465714
0.3390044
0.3410755
0.3461449
0.337542
0.3540124
0.3438364
0.3436549
0.3477728
0.3557161
0.3346672
0.3383144
0.3362466
0.333077
0.3378166
0.3307742
0.3357066
0.3377204
0.3450643
0.3365328
0.3408584
0.339274
0.3396396
0.3421064
0.3560654
0.3369453
0.3580983
0.3416195
0.3435361
0.3277005
0.3356688
0.3415946
0.3402644
0.3424157
0.3409693
0.3383027
0.3429842
0.3373264
0.336538
0.3372448
0.3416024
0.338518
0.3411659
0.3422676
0.3535069
0.3412385
0.3371315
0.3430086
0.3470707
0.3452568
0.3388365
0.336521
0.3405045
0.3470361
0.3388064
0.3490963
0.3396359
0.3460484
0.3355476
0.3432169
0.3411161
0.3382868
0.3411708
0.3499353
0.3373271
0.3467836
0.3410515
0.337147
0.3330049
0.3411083
0.3412302
0.3377696
0.3343984
0.3422721
0.3359927
0.3306593
0.3380313
0.3391313
0.3347425
0.3431746
0.3404845
0.3415754
0.3328121
0.3410361
0.3436538
0.3440238
0.3449588
0.340803
0.3365248
0.3419398
0.3464735
0.3524002
0.3388767
0.3431449
0.3380383
0.339183
0.3559757
0.3473531
0.3484994
0.3365098
0.341916
0.3358939
0.3375268
0.3391624
0.3345446
0.3435957
0.3345632
0.3387056
0.3428965
0.3622337
0.3381846
0.3427401
0.3403094
0.3393384
0.3417205
0.3274073
0.3394905
0.3400559
0.3472345
0.3397774
0.3469772
0.3436986
0.3442685
0.3443129
0.3654703
0.3506715
0.3606671
0.3457358
0.346123
0.3446223
0.3399386
0.3449723
0.343199
0.3452401
0.3450891
0.3422076
0.3457149
0.3425588
0.3423681
0.3546029
0.3449019
0.3446183
0.3453091
0.3446602
0.3639258
0.3471255
0.3429197
0.3472929
0.3497449
0.3485978
0.3423865
0.340408
0.3444722
0.3585337
0.3428419
0.3571453
0.3406785
0.3503042
0.3416244
0.3497102
0.3445959
0.3428804
0.344299
0.3519004
0.341566
0.3491022
0.3438259
0.3409808
0.3413904
0.3446019
0.3457821
0.3416266
0.3397816
0.346243
0.3401412
0.3392728
0.3430007
0.3406791
0.3480105
0.3456804
0.3462268
0.3429171
0.3455502
0.3478836
0.3465361
0.3485209
0.3472926
0.3452395
0.3461577
0.3448401
0.3497217
0.3619087
0.3428706
0.3468031
0.3452004
0.3438525
0.3589704
0.3517115
0.3593169
0.3507077
0.3461557
0.3386804
0.3412902
0.3446484
0.3406859
0.3563083
0.3452232
0.3434243
0.3501722
0.362275
0.3456355
0.3476682
0.3458446
0.3437972
0.3476235
0.343683
0.3464986
0.3463173
0.3514579
0.3450852
0.353635
0.3486825
0.3498924
0.3489187
0.3626261
0.3529841
0.3597513
0.3527224
0.3525891
0.3450398
0.3454108
0.3520427
0.3485818
0.3500097
0.3501758
0.3484942
0.3519701
0.3485526
0.3469416
0.3528983
0.3491662
0.3473402
0.3475108
0.351628
0.3637874
0.3495383
0.347869
0.3508047
0.3532205
0.3536708
0.3480653
0.3477616
0.3509345
0.3610221
0.3491256
0.3606886
0.3497607
0.353683
0.3455402
0.3488675
0.3499687
0.3476872
0.3516511
0.3553329
0.3473522
0.353278
0.3499472
0.348206
0.3468864
0.3495841
0.3507942
0.3462987
0.3452634
0.3501544
0.3421524
0.340589
0.3463574
0.3486124
0.3515018
0.3535157
0.3496906
0.3504474
0.3482078
0.3509757
0.3534186
0.3522502
0.3532022
0.3505327
0.3479541
0.3498326
0.3556926
0.3641484
0.3477772
0.3546344
0.3486828
0.3481969
0.3632121
0.3553696
0.3620836
0.3551602
0.3514713
0.3442279
0.3484957
0.349987
0.3434518
0.3601544
0.348548
0.3491964
0.3499753
0.3591017
0.3348529
0.3373646
0.3368876
0.3350042
0.3378977
0.3401471
0.3366828
0.3355965
0.3438905
0.3359925
0.3448448
0.3408182
0.3400579
0.3397853
0.3635058
0.3459717
0.358205
0.3441419
0.3435428
0.339122
0.3357203
0.3405301
0.3397515
0.3424427
0.3423597
0.3385516
0.3416242
0.3398565
0.3360396
0.3493458
0.3401418
0.340892
0.3398173
0.3430068
0.364907
0.3440987
0.3371013
0.3435054
0.3448172
0.3453128
0.3396317
0.3386
0.342591
0.353704
0.3405221
0.3557134
0.3383424
0.3463179
0.3340873
0.3456539
0.3414856
0.3325335
0.3416952
0.3503151
0.3376395
0.3474381
0.3422117
0.3367657
0.336284
0.3414152
0.3442166
0.3387742
0.3373372
0.3405836
0.3350407
0.3335252
0.3380207
0.3381312
0.3428753
0.3437782
0.3394421
0.341723
0.3372189
0.3400799
0.3432731
0.3435568
0.3455191
0.3430382
0.3422407
0.3417376
0.3474295
0.357785
0.3384901
0.3461864
0.3428362
0.340387
0.3567796
0.3506094
0.3498748
0.3493507
0.3427532
0.3351218
0.3362674
0.3417126
0.3337678
0.3555197
0.3383538
0.3374885
0.3475168
0.3589075
0.3386821
0.3429558
0.3385493
0.3388884
0.3423886
0.3440625
0.3411671
0.3397005
0.3470214
0.3393166
0.3436621
0.3418697
0.3422369
0.3442348
0.3607321
0.3463577
0.3596373
0.3436023
0.3450967
0.3398588
0.3384669
0.3448069
0.3429573
0.3444406
0.3455866
0.3427459
0.3439988
0.3417402
0.340457
0.3511477
0.3445561
0.3439313
0.3419564
0.343846
0.3655046
0.3464786
0.3412492
0.3466824
0.3475994
0.3481457
0.3426909
0.340177
0.3442676
0.3551553
0.3401525
0.3571337
0.3411413
0.3490738
0.3391748
0.3472028
0.3450864
0.3417031
0.3434249
0.3505631
0.3415174
0.3490029
0.3438958
0.3418358
0.3382291
0.3427324
0.3452184
0.3403703
0.339858
0.3446586
0.3388306
0.3378404
0.3421162
0.3414472
0.3466914
0.3447326
0.3447487
0.3444233
0.3431234
0.3466663
0.3452424
0.3468641
0.346656
0.3473432
0.3427387
0.3462402
0.3493682
0.3580975
0.3411338
0.3482861
0.347037
0.3432988
0.3574237
0.351071
0.3571842
0.348622
0.3442503
0.336852
0.3404445
0.3438767
0.3414432
0.3559262
0.343855
0.343312
0.3502039
0.358287
0.3366388
0.3370965
0.3366794
0.334367
0.3382577
0.3404578
0.3373877
0.3369168
0.3427485
0.3357741
0.3429121
0.339103
0.3393813
0.3405973
0.3585366
0.343429
0.3565
0.3425907
0.3430023
0.3381737
0.3360095
0.3406421
0.3408456
0.3413874
0.340919
0.3362484
0.3421598
0.3372196
0.3362082
0.350047
0.3401641
0.3366
0.3397599
0.3412959
0.3648202
0.3427727
0.3383834
0.3431229
0.3448643
0.3432002
0.3402479
0.3373959
0.3418994
0.3511875
0.3392305
0.3530869
0.3387932
0.3461193
0.3351899
0.3419719
0.3416069
0.3386839
0.3407449
0.3485127
0.33711
0.3465194
0.3403533
0.3362892
0.3333523
0.3410877
0.3422588
0.3389582
0.3342838
0.3408764
0.3347129
0.3340735
0.3384081
0.3390621
0.3426143
0.3428092
0.3389344
0.3405652
0.3404665
0.3429289
0.3434711
0.3441177
0.3446904
0.341971
0.341647
0.3403005
0.3456829
0.3539467
0.3391528
0.3432299
0.3387673
0.3397523
0.3552281
0.347383
0.3530573
0.3392137
0.3406593
0.3351283
0.3374703
0.3406748
0.3359222
0.3540335
0.3398832
0.3388601
0.3436733
0.3581313
0.3341509
0.3365983
0.3370415
0.3320967
0.336942
0.3387901
0.3365833
0.3354784
0.3437166
0.3359852
0.3417226
0.3400437
0.3389477
0.3394635
0.3637906
0.3418685
0.3579756
0.3424774
0.3411957
0.3409889
0.3322677
0.3395151
0.3377034
0.3402766
0.3392323
0.3379928
0.3411051
0.3349755
0.3346482
0.3487037
0.3388817
0.3368657
0.3401244
0.3400136
0.3642059
0.3396557
0.3299995
0.3424124
0.3463039
0.3404138
0.3375855
0.3383403
0.3429608
0.3526413
0.338574
0.3520508
0.3356751
0.3445084
0.3350656
0.3422625
0.3389916
0.3374981
0.3407401
0.3471417
0.3376402
0.3444049
0.3388916
0.3378296
0.3353962
0.3396779
0.3431629
0.3365438
0.3360677
0.3387024
0.335642
0.3320212
0.3362538
0.3367242
0.3428997
0.3412375
0.3382295
0.3418884
0.338678
0.3418524
0.3408822
0.3436489
0.3429521
0.342863
0.3399174
0.3407753
0.340279
0.3580623
0.3358393
0.343018
0.339357
0.3382147
0.355821
0.3483302
0.3542753
0.3445683
0.3404669
0.3314902
0.3337081
0.3340808
0.3234376
0.3518749
0.3417111
0.3386537
0.3456478
0.3679032
0.3620482
0.3629224
0.363488
0.361881
0.3632071
0.3618267
0.3635263
0.3627631
0.3657212
0.3608069
0.3636234
0.3638831
0.3637373
0.3657602
0.3566171
0.3643453
0.3703716
0.363529
0.366232
0.3645453
0.3615991
0.3656168
0.3637744
0.3631305
0.3614712
0.3633526
0.3660683
0.3626096
0.3622819
0.3581018
0.3640261
0.3626838
0.3652694
0.3653514
0.3584252
0.3629614
0.3643337
0.3649889
0.3659266
0.365558
0.3604176
0.3622065
0.3654755
0.3595904
0.3613078
0.3671254
0.3622292
0.356793
0.3574254
0.3620044
0.3654808
0.3637367
0.3660852
0.3667401
0.362755
0.3682422
0.3642608
0.3618161
0.3594678
0.3628189
0.3654799
0.3636495
0.3610264
0.3669575
0.3620434
0.3604342
0.3627501
0.3658116
0.360446
0.3639574
0.3645859
0.3649619
0.3635043
0.364241
0.3660598
0.3654565
0.3652758
0.3650246
0.3602829
0.3631292
0.3630632
0.3622356
0.3634312
0.3602467
0.3623513
0.3615056
0.3667271
0.3541869
0.3634849
0.3532534
0.3576426
0.3624734
0.3618097
0.3627258
0.3617929
0.3501717
0.3604855
0.364205
0.3635766
0.357892
0.3390101
0.3404628
0.3399249
0.3366119
0.3410365
0.3368993
0.3405442
0.3396726
0.3469096
0.3385802
0.3466899
0.3408896
0.3423359
0.3440247
0.3624518
0.3475523
0.3559591
0.3449
0.3428046
0.3418755
0.3405479
0.3468086
0.3435731
0.3446737
0.3424231
0.3428244
0.3457375
0.3403741
0.3396716
0.3490367
0.3422175
0.3403387
0.3420755
0.344847
0.3631541
0.3424989
0.3348877
0.3455795
0.3467973
0.3461341
0.3396071
0.3377049
0.3432138
0.3540659
0.3410928
0.3544224
0.2920009
0.3423701
0.3366407
0.3457322
0.3423224
0.3411418
0.3438359
0.3495458
0.3406685
0.3493584
0.3422968
0.3395676
0.3355318
0.3417108
0.3469037
0.3418379
0.3364539
0.3424935
0.3404002
0.3359618
0.3392692
0.3419231
0.3448143
0.3446622
0.3421264
0.3422468
0.3442101
0.3427113
0.3460287
0.3467717
0.3469517
0.3452115
0.3418406
0.3400521
0.3477276
0.3523352
0.3410037
0.3452856
0.3434273
0.3432385
0.3533655
0.3469718
0.3517812
0.3465715
0.3443367
0.3377763
0.3416333
0.3435575
0.3380715
0.3526322
0.3354661
0.3426587
0.339848
0.3593792
0.3481289
0.351356
0.3508581
0.3471799
0.3512424
0.3473282
0.3512243
0.3499224
0.3557419
0.3479233
0.3491134
0.3524127
0.351312
0.3525008
0.355666
0.3542763
0.3611664
0.3515639
0.3539939
0.3514973
0.3496133
0.3535574
0.352321
0.3508975
0.3491633
0.3512073
0.3522791
0.3495584
0.3495482
0.3514305
0.3531084
0.3498732
0.3531383
0.3543952
0.3520339
0.3503176
0.3486202
0.3534518
0.3540796
0.3556896
0.3470837
0.348324
0.351404
0.3476666
0.3502077
0.3509718
0.3511346
0.348129
0.3453979
0.3502438
0.3525751
0.3516255
0.3535283
0.3572525
0.3512883
0.3566801
0.3530712
0.3492335
0.3467606
0.3520592
0.3524479
0.3507252
0.345121
0.3537202
0.3481528
0.3471115
0.3514677
0.3522388
0.350393
0.3519381
0.3509303
0.3534247
0.3515836
0.3534447
0.3543736
0.3561342
0.3553795
0.3527154
0.3465891
0.3543235
0.3542334
0.3487567
0.3517114
0.3519634
0.3508262
0.3515383
0.3617035
0.3486578
0.3524507
0.3478744
0.3479846
0.3478906
0.350014
0.3529495
0.348586
0.3460421
0.3496056
0.3517075
0.3533433
0.3596779
0.3375756
0.339026
0.3384293
0.3343137
0.3418618
0.3428329
0.3380021
0.3396002
0.3458428
0.3368443
0.3478611
0.3414535
0.3415697
0.3425637
0.3652936
0.3466366
0.3585784
0.3441655
0.347226
0.3431863
0.3382973
0.3414677
0.3437697
0.3453864
0.3453249
0.3409414
0.3451752
0.3392248
0.3379822
0.3508733
0.3424752
0.3428932
0.3419742
0.3443535
0.3662816
0.343039
0.3383082
0.3444187
0.3472618
0.345302
0.343547
0.3398888
0.3437229
0.3542175
0.3398924
0.35688
0.3364569
0.3464006
0.3368503
0.3458766
0.3431785
0.3412199
0.3457113
0.350976
0.3387945
0.3473696
0.3427871
0.3389775
0.3390423
0.3420854
0.3455276
0.3400902
0.3383707
0.3443952
0.3389018
0.335605
0.3406717
0.3412331
0.3432347
0.3454088
0.3432962
0.3426322
0.3414068
0.3449803
0.3446745
0.3466324
0.3458466
0.3434541
0.3427458
0.341573
0.3480799
0.3597334
0.3418173
0.3469138
0.3434151
0.3415062
0.358026
0.3484551
0.3555552
0.3485847
0.3442952
0.3360456
0.3375492
0.3399945
0.3373283
0.3547126
0.3389832
0.3411192
0.3462332
0.3553193
0.3329697
0.335661
0.3360396
0.329468
0.3357633
0.3376794
0.3340024
0.3335426
0.3440498
0.3319144
0.3408263
0.3359549
0.3362401
0.3381901
0.363139
0.3429849
0.3571109
0.3388658
0.3407473
0.338478
0.3351585
0.3365661
0.338585
0.3383554
0.34005
0.3368398
0.3401151
0.3367042
0.3347304
0.3483672
0.3366479
0.339003
0.3357201
0.340253
0.3628442
0.3401036
0.33514
0.3410528
0.3428187
0.3425769
0.3389447
0.3348337
0.3389437
0.3533159
0.3364976
0.3518246
0.3366758
0.3453125
0.3350366
0.3422186
0.3377202
0.3345722
0.3377763
0.3461085
0.3337245
0.3420099
0.3365227
0.3352639
0.3309867
0.3393386
0.3412081
0.3348635
0.3324978
0.3395569
0.3332581
0.332487
0.3361158
0.3361766
0.3408947
0.340003
0.3375545
0.3377448
0.339306
0.341305
0.3419611
0.3410272
0.3404757
0.3394685
0.3405642
0.3427665
0.3425756
0.3558103
0.3337197
0.3419015
0.3394375
0.3365632
0.3551046
0.3467761
0.3543232
0.3466868
0.3413501
0.332435
0.3348486
0.3373829
0.331411
0.3506102
0.3387237
0.3332517
0.3437647
0.3583681
0.3410115
0.3444257
0.3419674
0.3420556
0.3433752
0.3450272
0.3417607
0.3418262
0.3468003
0.3431566
0.3484278
0.3424508
0.3436813
0.3462343
0.3664663
0.3497574
0.3621837
0.3442013
0.3473124
0.3465535
0.3410231
0.3456733
0.3463531
0.3448698
0.3458045
0.3437898
0.3439536
0.3424384
0.3419979
0.353825
0.3450215
0.3447667
0.3437366
0.3462422
0.3672939
0.3426312
0.3431254
0.3475651
0.3470274
0.3478822
0.3441427
0.3422461
0.3452744
0.357106
0.3441848
0.354014
0.3426749
0.350556
0.3429007
0.3511444
0.3456559
0.343674
0.3463162
0.3489724
0.3425706
0.3483591
0.3471453
0.3404121
0.3419604
0.3461543
0.3453796
0.3415696
0.3431922
0.3457946
0.3423502
0.3427067
0.3432168
0.3448003
0.350268
0.3459392
0.343259
0.3462942
0.3469985
0.3483072
0.3467465
0.3468283
0.3460163
0.3475492
0.3447184
0.348858
0.3488062
0.3604038
0.3426488
0.3464287
0.3480161
0.3461293
0.3589608
0.3529939
0.3592966
0.3514881
0.3491534
0.3402457
0.33836
0.3440687
0.3426998
0.3572479
0.3472139
0.3450533
0.3521209
0.3616596
0.3374731
0.3422651
0.3398579
0.3376416
0.3406179
0.3464386
0.3392569
0.3395247
0.3478901
0.3398082
0.349053
0.3416257
0.3423361
0.344089
0.3683687
0.3486777
0.3596188
0.3443
0.3453706
0.3427593
0.3395878
0.3430563
0.3454288
0.3438051
0.3457405
0.3415658
0.3447021
0.3376015
0.3382363
0.3540667
0.3420769
0.3417499
0.3422936
0.3445583
0.368067
0.3468205
0.3386913
0.3471087
0.3476572
0.3484658
0.3435427
0.3416042
0.3402228
0.358478
0.3427788
0.358694
0.3419208
0.3500486
0.3421872
0.3492258
0.3425928
0.341531
0.3431544
0.3510781
0.3409448
0.3492106
0.3420851
0.3394904
0.3390146
0.3437356
0.3445631
0.3405469
0.3398739
0.3443033
0.341983
0.3381363
0.3397442
0.3414759
0.3475468
0.3452536
0.3419565
0.3430338
0.345146
0.3501607
0.3447327
0.3466659
0.3464015
0.3441957
0.3455025
0.3464552
0.3482754
0.361233
0.3409598
0.3486673
0.345729
0.3444779
0.3608388
0.3522101
0.3594188
0.3520189
0.3471315
0.3377944
0.3408953
0.3415083
0.3397169
0.3568114
0.3441767
0.3416122
0.3497675
0.3558038
0.3305315
0.3390487
0.3386786
0.3349231
0.3386135
0.3447111
0.3377727
0.3378361
0.3469921
0.3370282
0.3459838
0.3380377
0.3405325
0.3421878
0.3614151
0.3475257
0.3549232
0.3454466
0.3389979
0.3346394
0.3385433
0.3417618
0.3416227
0.3447913
0.3433502
0.3407825
0.3429143
0.3368946
0.3360237
0.3500969
0.3386751
0.3419343
0.3398448
0.344818
0.360407
0.3443146
0.3390722
0.3457894
0.3472135
0.3435832
0.3416618
0.3382803
0.3430294
0.3533282
0.3382929
0.3559255
0.3412355
0.3498728
0.3389248
0.3485932
0.3416847
0.3391754
0.3393661
0.3480639
0.339597
0.3446215
0.3382426
0.3386752
0.3317926
0.3430314
0.3421733
0.3389219
0.334479
0.3420413
0.3383507
0.3360263
0.3398749
0.3384491
0.3445918
0.3441562
0.3401032
0.3433874
0.3429254
0.3445814
0.3435107
0.3461663
0.3439069
0.3433043
0.3439768
0.3461688
0.3461608
0.3561546
0.3397443
0.3486313
0.3438619
0.3432042
0.3566843
0.3514347
0.3548347
0.3503919
0.3475323
0.3367813
0.3380308
0.343276
0.3369009
0.3530787
0.3428074
0.3393856
0.3493092
0.3623047
0.3410683
0.3442318
0.3410042
0.3420855
0.3416349
0.3458435
0.3407898
0.3414618
0.3466619
0.3408591
0.3465121
0.342079
0.3417911
0.3454828
0.365864
0.3494535
0.3619997
0.3448129
0.3447771
0.3464812
0.3402285
0.3445307
0.3461179
0.3451985
0.3468286
0.3422358
0.342608
0.3412961
0.3421767
0.3526006
0.3432877
0.34331
0.3422879
0.3468135
0.3669336
0.3460954
0.3398381
0.3448114
0.3459371
0.3493754
0.3456131
0.3404451
0.3419137
0.3564272
0.3425689
0.3570513
0.3418819
0.3475077
0.3421831
0.3501997
0.3440883
0.3421309
0.3437901
0.3471175
0.3402595
0.3482968
0.3446495
0.3413949
0.3427987
0.3428769
0.3441728
0.3421232
0.3419326
0.344944
0.3410328
0.3386649
0.3417077
0.3437062
0.3481747
0.3439249
0.3425838
0.344476
0.3464005
0.3471189
0.3457607
0.3452584
0.3447462
0.3466041
0.3450397
0.3487432
0.3505163
0.3602326
0.3432892
0.3487368
0.3474653
0.3456348
0.3584172
0.3514998
0.3576969
0.3525144
0.3469741
0.3393531
0.3418743
0.3430847
0.3431628
0.3552867
0.3457298
0.3429453
0.3483252
0.3544801
0.3453802
0.3486001
0.3477604
0.3382073
0.3475622
0.3462795
0.3464904
0.3484434
0.3537851
0.3457405
0.3459361
0.3473555
0.3506707
0.3462917
0.353872
0.3469525
0.3573935
0.353177
0.3487316
0.3481634
0.3467092
0.342559
0.3425511
0.3510341
0.3495926
0.3507129
0.354194
0.346884
0.3476955
0.3514086
0.3507878
0.3473176
0.3493471
0.3452305
0.3511271
0.347964
0.3374753
0.3522416
0.3538316
0.3519939
0.3373945
0.348527
0.3521502
0.3518434
0.3471465
0.356322
0.3497432
0.3411787
0.339193
0.3421861
0.3491513
0.3475172
0.3508588
0.3565611
0.3494772
0.3548553
0.3489843
0.3478634
0.3421104
0.350272
0.3524683
0.3485735
0.3439833
0.3500701
0.3430369
0.3435185
0.3469549
0.3492084
0.3404386
0.3539924
0.3500662
0.3504833
0.3424224
0.3446055
0.3525737
0.3538201
0.3544799
0.3479985
0.3477983
0.3422044
0.3537493
0.3509953
0.3491641
0.3514446
0.3373736
0.351801
0.3605332
0.3493758
0.3491191
0.3393116
0.3396578
0.3437547
0.3479019
0.346292
0.3456477
0.34802
0.343527
0.3493144
0.3462744
0.3519782
0.3189808
0.3266641
0.3250068
0.3157031
0.3242127
0.3322974
0.3239537
0.3263312
0.3330033
0.3231945
0.3344554
0.3249134
0.3274432
0.3320268
0.3567876
0.3357613
0.3469642
0.3349872
0.3309053
0.3231218
0.3244875
0.3309388
0.3281663
0.332409
0.3332881
0.3282601
0.3313392
0.3263594
0.3248039
0.3410369
0.3288359
0.3284329
0.3280007
0.3337524
0.3549308
0.3292791
0.3285435
0.3375725
0.3358373
0.3325534
0.3291221
0.3225248
0.3339829
0.3442077
0.327886
0.3484863
0.3278542
0.3372666
0.3230669
0.3343519
0.3292229
0.3265828
0.3283434
0.3405955
0.3248634
0.335599
0.3282295
0.3254886
0.3189047
0.3318859
0.3319695
0.3269546
0.323452
0.3312252
0.3248888
0.3227539
0.3273817
0.3267616
0.3326601
0.3337624
0.3301921
0.3308721
0.330962
0.3300303
0.3346459
0.3348449
0.336345
0.3317802
0.3327149
0.3350394
0.3358945
0.3484536
0.3275004
0.3360582
0.3308626
0.3269167
0.3510717
0.3390406
0.3473931
0.3382413
0.3337721
0.3220995
0.326257
0.3303236
0.3230241
0.3411695
0.3275522
0.3258118
0.3335868
0.3506513
0.3234795
0.3283034
0.3279643
0.3245004
0.327627
0.3334679
0.3267949
0.3278182
0.3383267
0.3269041
0.3353163
0.3287635
0.3315726
0.3315449
0.3560936
0.3342504
0.3506021
0.3372348
0.3343681
0.3262059
0.3274358
0.3318523
0.3299382
0.3348033
0.3334414
0.330173
0.3334897
0.3279132
0.3265654
0.3416425
0.3320534
0.3297058
0.3317621
0.3352689
0.354497
0.3345212
0.3301693
0.3365592
0.3390141
0.3361536
0.3301995
0.3277943
0.3352736
0.3450978
0.3302388
0.3480497
0.3309462
0.3389302
0.3241074
0.3393096
0.3321848
0.3298959
0.3318714
0.3425396
0.3284827
0.3377351
0.3305902
0.3289079
0.3214085
0.3312527
0.3349439
0.3304794
0.3265397
0.3330331
0.3264947
0.3256958
0.3272621
0.3300182
0.3345195
0.3380454
0.330966
0.3334644
0.333013
0.3356204
0.3357551
0.3385362
0.339686
0.3353742
0.3322825
0.335016
0.3383354
0.3466913
0.3292979
0.3391721
0.3333972
0.3318966
0.3513006
0.3416715
0.34607
0.3402875
0.3354575
0.3265588
0.3274077
0.3320609
0.3268139
0.3470993
0.3326454
0.3292041
0.3373686
0.3498511
0.3279593
0.3312348
0.3313671
0.3251143
0.3313636
0.331599
0.3293573
0.3319993
0.3386401
0.3300911
0.3345417
0.3328519
0.3342985
0.333289
0.3530192
0.3384911
0.3491415
0.3375048
0.3372088
0.3346126
0.3304042
0.3344745
0.3337453
0.3362148
0.3386542
0.3325161
0.3357268
0.3309426
0.3308581
0.3409647
0.3347416
0.3331212
0.3338699
0.3357602
0.3539864
0.3362724
0.332854
0.337263
0.3389021
0.3380587
0.3302595
0.3316094
0.3359338
0.3392994
0.3337294
0.3478363
0.3332273
0.3342403
0.328828
0.3380246
0.3354433
0.3332093
0.3359382
0.3429999
0.3308561
0.3410657
0.3355416
0.3325937
0.3276641
0.3351167
0.3374131
0.3320132
0.327394
0.3364762
0.3307873
0.3282407
0.3324825
0.3328863
0.3354857
0.3383318
0.3338593
0.3353977
0.3323262
0.3321278
0.3378714
0.3373887
0.3386052
0.3330893
0.3333613
0.3334724
0.3323106
0.3461692
0.332259
0.339729
0.3342695
0.3328238
0.3520593
0.337723
0.3453178
0.3303207
0.3304673
0.3295966
0.3317585
0.3341899
0.3286588
0.3408282
0.3322431
0.3321815
0.3368825
0.3532067
0.3270242
0.3296801
0.3281123
0.3241307
0.329156
0.3357578
0.326994
0.3274833
0.3360014
0.3283889
0.3354505
0.3301073
0.3307237
0.3341184
0.3583061
0.3350185
0.3519304
0.336377
0.3346038
0.3273127
0.3275053
0.3332804
0.333919
0.3337788
0.3267739
0.330939
0.3335388
0.3287418
0.3293422
0.3431312
0.3326468
0.3344165
0.3288999
0.3349319
0.3578674
0.3330209
0.3296638
0.3377348
0.3370419
0.3309632
0.3319353
0.3295775
0.3347059
0.3491635
0.3300702
0.3485162
0.3309757
0.3395403
0.3278677
0.3401573
0.3313053
0.331013
0.3333457
0.3407487
0.3285638
0.3383
0.3320442
0.3286587
0.3268203
0.333894
0.3348203
0.3295226
0.3291221
0.3338104
0.3255613
0.3265573
0.3280327
0.3288012
0.3367007
0.3374426
0.3320331
0.3331993
0.3302892
0.334513
0.3360984
0.3381845
0.3374944
0.3353574
0.3336717
0.3369751
0.3332543
0.35251
0.3304668
0.3379902
0.3352321
0.3332323
0.3509066
0.3426218
0.3502402
0.3409953
0.3348589
0.3242954
0.3218783
0.3308299
0.3275854
0.3483097
0.3335674
0.3292281
0.3388264
0.3597755
0.3490453
0.3521501
0.3490168
0.3466844
0.3516635
0.3534778
0.350344
0.3509575
0.3544764
0.349474
0.3568761
0.3500871
0.3511591
0.3539872
0.3601217
0.353917
0.3600088
0.3545419
0.3542559
0.3481235
0.3511492
0.3547943
0.354534
0.3550706
0.3532076
0.3540681
0.3565447
0.3503746
0.3507644
0.3500503
0.3525526
0.355238
0.3534374
0.3550558
0.3586803
0.3540182
0.3534168
0.3578755
0.3546068
0.350117
0.3526632
0.3501925
0.3528077
0.3558893
0.3526086
0.348613
0.3539459
0.3488517
0.3486102
0.3531922
0.3531355
0.3523548
0.3532814
0.3593693
0.350227
0.3553346
0.3511125
0.350136
0.3457501
0.3536546
0.3537379
0.3516366
0.3486653
0.3552162
0.3495163
0.3491078
0.3521646
0.3516258
0.3505144
0.354948
0.3535174
0.3528467
0.3541092
0.3528154
0.3553003
0.3560503
0.3539203
0.3547718
0.3554427
0.3525725
0.3563192
0.3534451
0.350816
0.3559046
0.3543815
0.3525301
0.3636783
0.3580179
0.3584086
0.3550163
0.3560817
0.3500707
0.3497835
0.3521105
0.3499358
0.3497524
0.3529938
0.3527761
0.3465703
0.3515085
0.3219479
0.3207858
0.3251097
0.3214805
0.3270562
0.3300393
0.3273412
0.3257887
0.3351249
0.3243528
0.3350018
0.3276899
0.3296795
0.3306543
0.3580205
0.3370575
0.3490178
0.3331016
0.3323145
0.3275316
0.3245736
0.329106
0.3292921
0.3304202
0.3338688
0.3274318
0.3322507
0.32594
0.3256197
0.3421193
0.3283775
0.3316022
0.3285793
0.3332117
0.3571368
0.3346725
0.3274898
0.3353448
0.3374098
0.3338829
0.3288271
0.3284438
0.3331368
0.3481553
0.3277465
0.3496245
0.3292981
0.338496
0.3269645
0.3378289
0.330063
0.3268172
0.3306981
0.3412384
0.3270802
0.3369143
0.3283253
0.3261017
0.3227045
0.3301492
0.3333617
0.3285047
0.3240344
0.3310886
0.3243364
0.324154
0.327142
0.3271224
0.3335722
0.3353226
0.3292327
0.330975
0.3319727
0.3333313
0.3331478
0.3343369
0.3356622
0.3318651
0.331897
0.3326438
0.3373877
0.3507462
0.3294361
0.337091
0.332615
0.3287732
0.3499115
0.3396123
0.3476429
0.3417809
0.3316415
0.3247275
0.3272141
0.3304723
0.3233551
0.3453085
0.3304054
0.3280012
0.3369521
0.35607
0.3321713
0.3382973
0.3358247
0.3319811
0.3363231
0.339223
0.3338712
0.3349636
0.3407785
0.3350994
0.3422029
0.3367192
0.3383719
0.3396781
0.3615176
0.3452112
0.3557033
0.3437111
0.339576
0.3378007
0.3347227
0.3414742
0.3374955
0.3407957
0.3388976
0.3386748
0.3387776
0.3352713
0.3357187
0.3494324
0.3381903
0.3393856
0.3361102
0.3400284
0.3617893
0.3369834
0.33635
0.3421739
0.3418475
0.342638
0.338456
0.3352747
0.3391175
0.3537582
0.3355787
0.3531112
0.3365841
0.3439284
0.3359789
0.3445337
0.3377571
0.3379462
0.3395193
0.3446877
0.3359092
0.3429313
0.3380947
0.335756
0.3321402
0.3392834
0.3403678
0.3359219
0.3326555
0.3392999
0.3365143
0.3336842
0.3383172
0.3369106
0.3427864
0.3397121
0.336658
0.3384735
0.3393805
0.3420491
0.3406388
0.3418009
0.3411632
0.3380402
0.3401307
0.3429463
0.3412716
0.356126
0.3372853
0.3447151
0.3415835
0.3361414
0.3541513
0.3461177
0.3540295
0.3475332
0.341372
0.3351677
0.3355505
0.3399654
0.335819
0.3497712
0.3401344
0.3374824
0.345381
0.3500139
0.3287047
0.3324421
0.3328543
0.3223839
0.3324056
0.336228
0.3312214
0.3313964
0.3420086
0.3294939
0.3394794
0.3328166
0.3375288
0.3338804
0.357212
0.3415858
0.3460496
0.3409362
0.3381176
0.330208
0.3306192
0.3375485
0.3370819
0.3386688
0.3398282
0.3359228
0.3388512
0.3326161
0.3316791
0.3406012
0.33486
0.3372082
0.3351475
0.3360909
0.3577267
0.3378948
0.3346968
0.3436935
0.3433928
0.3384637
0.3357934
0.3351752
0.3407954
0.347347
0.3319476
0.347444
0.335535
0.3461221
0.3328686
0.3430457
0.3358545
0.3336694
0.3351463
0.3464409
0.3331597
0.3408263
0.3343887
0.3348659
0.3255009
0.3371234
0.3411612
0.3341784
0.3228466
0.3367436
0.3306984
0.3289981
0.3329996
0.3323488
0.3384352
0.3428141
0.3351709
0.3368623
0.3360705
0.3349502
0.3392755
0.3415822
0.3459631
0.3358449
0.3381226
0.3343143
0.3403378
0.3480045
0.3335251
0.3415866
0.3379261
0.3360087
0.3481865
0.3450811
0.3478747
0.3441751
0.3416084
0.3293464
0.3331689
0.3361547
0.3302994
0.3491768
0.334146
0.3331107
0.3439679
0.3532019
0.3218322
0.3273679
0.3271587
0.3216089
0.3270592
0.332649
0.3252024
0.3251426
0.3349151
0.3244856
0.3365922
0.3291198
0.3293908
0.3309232
0.360703
0.3356432
0.3520829
0.3343605
0.3338744
0.3262228
0.3249353
0.3326402
0.3293832
0.3330515
0.335336
0.3279083
0.3314816
0.3230526
0.3240353
0.3411406
0.3297938
0.3327369
0.3301988
0.3347327
0.3593198
0.3354254
0.3270484
0.3351165
0.3362227
0.33441
0.3294772
0.3287581
0.3329514
0.3465549
0.329839
0.3487303
0.3284783
0.3387875
0.3272899
0.3368599
0.3309418
0.3270071
0.3311688
0.3416223
0.3266059
0.3362931
0.3300313
0.3271866
0.3226855
0.3333763
0.3344472
0.3272393
0.3242309
0.3324842
0.325574
0.3216491
0.3258337
0.3277977
0.3334675
0.3367798
0.3310214
0.3316456
0.3315988
0.3321751
0.334942
0.3364228
0.3375332
0.3341165
0.3327674
0.3345769
0.3401302
0.3513842
0.3273142
0.3379034
0.3315061
0.3327293
0.3546182
0.3414843
0.348922
0.3404178
0.3350441
0.3232994
0.3267578
0.3320874
0.3241707
0.3482462
0.3321481
0.3278814
0.3360682
0.3620267
0.346021
0.349398
0.3489238
0.3449073
0.3482017
0.3500819
0.3463364
0.3485703
0.3565074
0.3457185
0.3528386
0.3485557
0.3502603
0.351411
0.3560924
0.3523667
0.3603439
0.3528415
0.3516798
0.3476656
0.3486036
0.3517798
0.3498919
0.3540582
0.3465044
0.3499033
0.3520203
0.3494171
0.3477661
0.3441502
0.3501667
0.3520213
0.3491172
0.3522979
0.358157
0.3473685
0.3497801
0.3547314
0.3537249
0.3442181
0.3492715
0.3482023
0.3543514
0.3550543
0.3476129
0.3496441
0.3489194
0.3525441
0.3449684
0.351593
0.3504968
0.3499539
0.3520979
0.3568262
0.3479043
0.352847
0.3508754
0.3482173
0.3437397
0.3504008
0.3503748
0.35038
0.348111
0.3533448
0.3469187
0.3466276
0.3478891
0.3480357
0.3442701
0.352639
0.3514789
0.3503568
0.3511609
0.3496855
0.3533461
0.3530652
0.3557539
0.3517741
0.3507498
0.3518556
0.3480899
0.3509944
0.3489412
0.3521857
0.3492976
0.3508821
0.3649999
0.3561365
0.3544897
0.3471193
0.3519654
0.344139
0.3389321
0.3480395
0.3466665
0.350822
0.3476243
0.3506865
0.3445702
0.3566658
0.3574012
0.3618817
0.3610874
0.3531172
0.3590389
0.3609233
0.3593475
0.3623659
0.3664817
0.357319
0.3606792
0.357822
0.363777
0.3633469
0.3391838
0.358455
0.3509394
0.3678649
0.3613075
0.3560669
0.3605791
0.3625156
0.364265
0.3669626
0.3581232
0.3646507
0.365
0.3599925
0.3591383
0.3524722
0.3610098
0.3663043
0.3622395
0.3654657
0.3432813
0.3597104
0.3620641
0.3674506
0.3664711
0.3565366
0.3552706
0.3614922
0.3661821
0.3472253
0.3603108
0.3534697
0.3642309
0.3611459
0.3544448
0.3543346
0.3613359
0.361551
0.360193
0.3692405
0.3616419
0.3664427
0.3590845
0.3623556
0.3496937
0.3643642
0.3641202
0.361817
0.3549813
0.3626083
0.3542082
0.3593266
0.3608556
0.3599069
0.3541148
0.366833
0.3626651
0.3629763
0.3633122
0.3445002
0.3634808
0.3662677
0.36801
0.3631195
0.3605627
0.3490199
0.357497
0.3358725
0.3606992
0.358695
0.3523363
0.3636644
0.3703371
0.3662317
0.3458853
0.356228
0.3610537
0.357805
0.3548426
0.3555084
0.3585791
0.3552727
0.3499343
0.3608259
0.3517955
0.3522005
0.320812
0.3307164
0.3282267
0.3227361
0.3296922
0.3346462
0.3264558
0.3277351
0.3360461
0.3261013
0.3372619
0.3278326
0.3313928
0.3319823
0.3580195
0.3373721
0.350181
0.3362749
0.3326627
0.3264028
0.3268925
0.3327561
0.3331768
0.3348213
0.3369559
0.3305318
0.3341243
0.3278929
0.3267912
0.3419408
0.3309208
0.3341161
0.3323325
0.3338038
0.3555541
0.3366951
0.3300343
0.3374286
0.3384362
0.336012
0.3320442
0.3296051
0.3334026
0.3493463
0.3298972
0.3482965
0.3322971
0.3382608
0.3278118
0.3406955
0.3320064
0.3300919
0.3331708
0.3410884
0.3276964
0.336639
0.3303827
0.3304079
0.3157494
0.3337595
0.3360301
0.3300564
0.3244683
0.3328687
0.3279286
0.3268306
0.3291757
0.3286829
0.3359509
0.3380362
0.3338079
0.3335903
0.3347637
0.3348595
0.3352461
0.3345571
0.3358455
0.3345638
0.3334027
0.3352813
0.3366434
0.3503609
0.329095
0.3392881
0.3331307
0.3332127
0.3511184
0.3409963
0.3499412
0.3420833
0.3370387
0.3247192
0.3283266
0.3214388
0.3266415
0.348234
0.3322424
0.3288237
0.3384301
0.3570892
0.342821
0.3460742
0.3444994
0.3434098
0.3438338
0.3480614
0.3435057
0.3438412
0.3518913
0.3435759
0.3492604
0.3449112
0.3463085
0.3466109
0.3660764
0.3525278
0.3614374
0.346164
0.3477371
0.3462836
0.3447254
0.3471928
0.3478103
0.346905
0.3467179
0.3452764
0.3463606
0.3437817
0.3435757
0.3478532
0.3469234
0.3459821
0.346792
0.349053
0.3664662
0.3451819
0.3457094
0.3495864
0.3499668
0.3493851
0.3471726
0.3437873
0.3465251
0.3573378
0.3454539
0.3562571
0.3463241
0.3490121
0.3441903
0.3538732
0.3457004
0.3444365
0.3464791
0.3504987
0.3446962
0.3506181
0.3470187
0.3432457
0.3413764
0.3486014
0.3483713
0.3445036
0.3428903
0.3473756
0.3444437
0.3422785
0.3439498
0.3444271
0.3495467
0.3461171
0.347031
0.3460134
0.3404986
0.3476485
0.3484774
0.3484798
0.3475363
0.3473842
0.3476762
0.3500592
0.3509114
0.3593668
0.34512
0.3513845
0.3474653
0.3468946
0.3585649
0.351443
0.359723
0.3540359
0.3499259
0.3414385
0.3438872
0.3414157
0.3427505
0.3451145
0.3464689
0.3455855
0.3514572
0.3577403
0.3505393
0.3556476
0.3557218
0.3474813
0.3525697
0.3509348
0.3548387
0.3521618
0.3603351
0.351954
0.3537004
0.3521109
0.3568963
0.3567955
0.3548568
0.3576228
0.3575215
0.3602797
0.355326
0.3514805
0.3536402
0.357699
0.3564567
0.3585631
0.3536708
0.3569523
0.357967
0.3550726
0.3541345
0.3515013
0.3554965
0.3562499
0.3561704
0.356668
0.329526
0.355164
0.3557923
0.3588549
0.3583706
0.3549077
0.3496126
0.3544749
0.3585365
0.3454203
0.3515543
0.3549733
0.355606
0.3489272
0.3485373
0.3582499
0.3559479
0.3544747
0.3547475
0.3617626
0.3557071
0.3591185
0.353537
0.3551883
0.3417568
0.3574413
0.3564955
0.354962
0.3458427
0.35365
0.354571
0.352437
0.3535202
0.3553395
0.3445121
0.3576679
0.3573337
0.3546562
0.3553961
0.3572778
0.3566385
0.358503
0.3577586
0.3571514
0.3557943
0.3584618
0.3515031
0.3490802
0.3534806
0.3516923
0.3538759
0.3581764
0.3574977
0.3566054
0.350388
0.3365404
0.3479139
0.35083
0.3522247
0.32923
0.3517795
0.3316028
0.3557023
0.3542569
0.3587912
0.3525946
0.3218417
0.3258426
0.3252141
0.3209489
0.3251296
0.3327202
0.3235215
0.325646
0.3353998
0.3247061
0.3358556
0.327137
0.3315009
0.330823
0.3579078
0.3363577
0.3480368
0.3356915
0.3326699
0.3250263
0.3242657
0.3305506
0.3308607
0.3331033
0.3340258
0.3290539
0.3331025
0.3257454
0.3251909
0.3422859
0.3283665
0.331888
0.3280637
0.3336802
0.3563567
0.3342728
0.3252555
0.3363454
0.3376871
0.332503
0.3303479
0.3287012
0.334847
0.3472833
0.3285207
0.3485142
0.3300416
0.3406406
0.3219753
0.3389994
0.330177
0.3255609
0.3242823
0.3414864
0.3249964
0.337069
0.3294554
0.3279932
0.3224919
0.3314056
0.333964
0.3266252
0.3250361
0.3325554
0.3244251
0.3225553
0.3261514
0.3278517
0.3303353
0.3359696
0.3312002
0.3304952
0.3312549
0.330774
0.334684
0.3370048
0.337471
0.3335042
0.3325935
0.3328042
0.3380163
0.3497546
0.3254636
0.3374784
0.3330041
0.3317756
0.3520755
0.3434287
0.3504401
0.3375247
0.3350629
0.3230934
0.3266396
0.3302267
0.3217748
0.3467053
0.3284267
0.3274326
0.3383853
0.3559853
0.3454777
0.3494741
0.3487187
0.3449842
0.3460268
0.3504253
0.3468682
0.3486128
0.3539954
0.3457376
0.3522101
0.3471539
0.3502317
0.3508175
0.3531368
0.347786
0.3594497
0.3512866
0.3492571
0.3453148
0.347931
0.3505552
0.3489924
0.352719
0.3489563
0.3506378
0.3523415
0.3476408
0.3448
0.3514029
0.3490767
0.350674
0.3489751
0.3510609
0.3530938
0.3522664
0.3472646
0.3532405
0.3518875
0.3505184
0.3479675
0.3471706
0.3511617
0.3469165
0.3453796
0.3583215
0.3509077
0.3523719
0.3443145
0.350151
0.350123
0.3489596
0.3494051
0.3543729
0.3471896
0.3533177
0.3469573
0.3471919
0.3406189
0.3477569
0.3510402
0.3484259
0.3421222
0.3482502
0.3468937
0.3446974
0.3465852
0.3482467
0.3492494
0.3510878
0.3500292
0.3487711
0.3505581
0.3522033
0.351698
0.3513871
0.3533656
0.351202
0.3459825
0.3538271
0.3528359
0.3504128
0.3473365
0.3469725
0.3456672
0.3506314
0.35863
0.357385
0.3413896
0.3531164
0.3518868
0.3461732
0.3482611
0.3508791
0.347343
0.3540092
0.3494233
0.3491067
0.351571
0.3540021
0.3273722
0.332035
0.3310166
0.3269377
0.3286053
0.3371004
0.3273915
0.3297658
0.3371429
0.3274192
0.3390794
0.3301203
0.33137
0.3341025
0.3602026
0.3412633
0.352961
0.3353083
0.3362811
0.3308266
0.3277374
0.3326593
0.3362133
0.3359524
0.3380423
0.3304356
0.3359622
0.3291639
0.3284513
0.3462249
0.3318981
0.3334626
0.3316605
0.3359856
0.3596774
0.338645
0.3298087
0.3378492
0.3392952
0.3399454
0.3304134
0.3297516
0.3343091
0.349918
0.3329065
0.3524505
0.331902
0.3424515
0.3314496
0.3428098
0.3340042
0.3312653
0.3324186
0.3435462
0.3282635
0.3381762
0.3330427
0.3307311
0.3280961
0.3353271
0.3372728
0.331223
0.3293203
0.3352538
0.329052
0.3260608
0.3289467
0.3274034
0.3376719
0.3364715
0.3327855
0.3342697
0.3365008
0.3366499
0.3351677
0.3365761
0.3390625
0.3356194
0.3361657
0.3389923
0.3417383
0.3535548
0.3323719
0.3401012
0.3368932
0.3345903
0.3532783
0.3452701
0.3510458
0.3444831
0.3373257
0.3269184
0.3292327
0.3335573
0.3282675
0.3505362
0.3351302
0.330726
0.340767