0.9878289
0.8345171
0.9867797
0.9871035
0.8896671
0.8406746
0.838827
0.9932867
0.9927742
0.9149109
0.8690829
0.9905676
0.9913418
0.9938204
0.9945832
0.9955153
0.9946401
0.9958985
0.9960238
0.9857454
0.992122
0.9830466
0.9868538
0.9905928
0.9912289
0.9935003
0.9816366
0.9776259
0.9773595
0.9804676
0.9845167
0.985281
0.9918529
0.9924183
0.9935942
0.9937715
0.9946417
0.9949897
0.9962032
0.9775822
0.9808643
0.9806491
0.9820024
0.9895398
0.9902373
0.991912
0.9915466
0.9925032
0.9922441
0.9953739
0.9911518
0.9929357
0.9850724
0.9959884
0.985169
0.6565775
0.987367
0.9875486
0.9884279
0.995466
0.9929489
0.9951942
0.9954663
0.9965514
0.9968866
0.997529
0.9927652
0.8400087
0.7259284
0.8549616
0.9884033
0.9934689
0.9932781
0.9931378
0.9779319
0.9847633
0.9849745
0.9899547
0.988991
0.9911499
0.9923507
0.9943108
0.9950823
0.9960079
0.9769424
0.9763776
0.9779369
0.9790032
0.9804167
0.9891834
0.9933176
0.9926321
0.9926096
0.8792543
0.9174673
0.9937448
0.9921956
0.9877133
0.9871154
0.9955627
0.9356358
0.9894323
0.9919294
0.961568
0.9908514
0.9850955
0.9847403
0.991996
0.993997
0.9923826
0.9884489
0.9951289
0.996383
0.9964218
0.9949609
0.9961617
0.9971473
0.9962008
0.9986249
0.9896373
0.995165
0.9937778
0.9939475
0.9932466
0.9956831
0.9948746
0.99121
0.9911384
0.9909895
0.9935588
0.9910226
0.9876878
0.9957222
0.9926545
0.9959206
0.9952896
0.9968643
0.9938453
0.997599
0.9918264
0.9916745
0.9938838
0.9944862
0.9930541
0.9934768
0.9936886
0.9950611
0.9962112
0.995934
0.9967751
0.990267
0.9967949
0.9926859
0.9978807
0.98952
0.9848895
0.9929685
0.9938376
0.9925266
0.9950048
0.9942904
0.9968098
0.9957425
0.9989496
0.9989122
0.997985
0.9949109
0.9898012
0.9889951
0.9884839
0.9252373
0.9920239
0.9938027
0.9912478
0.9911787
0.9896627
0.9909553
0.9915948
0.9919757
0.994012
0.9947318
0.994561
0.9957413
0.9965773
0.9885274
0.9924051
0.9893023
0.9921233
0.9882333
0.9945922
0.9950585
0.9971294
0.9958027
0.9899579
0.9924164
0.9945096
0.9837316
0.9153524
0.8932734
0.994941
0.9876636
0.9874492
0.9888763
0.9891345
0.9902389
0.9818346
0.9817092
0.9942486
0.9909502
0.9920415
0.9881223
0.9938938
0.9946627
0.9976128
0.9949508
0.9964112
0.9953137
0.9948257
0.9961315
0.9924753
0.9951569
0.9903259
0.9912221
0.9904499
0.9918263
0.9929577
0.9879744
0.9897471
0.9863217
0.9908372
0.9884382
0.9897789
0.9916456
0.9928952
0.9926169
0.993042
0.995422
0.9950117
0.9972916
0.9909159
0.9921396
0.9904592
0.9934684
0.9919797
0.9932462
0.9901293
0.9955252
0.9940561
0.9947217
0.9964727
0.9927663
0.9949048
0.991237
0.9972669
0.9914082
0.9833409
0.9943451
0.9936748
0.9949174
0.9961914
0.9969444
0.9982814
0.9972438
0.999474
0.9975437
0.9982694
0.9972452
0.9877916
0.9895456
0.9874577
0.9884415
0.9922597
0.9897756
0.9929965
0.9891669
0.9911135
0.9911321
0.9950516
0.992837
0.9933041
0.9968877
0.9955924
0.9970698
0.9957082
0.9872381
0.9909567
0.9915457
0.9904186
0.9868124
0.9923077
0.9966172
0.996336
0.9934124
0.9894833
0.9941545
0.9922306
0.9911504
0.9810293
0.9866892
0.9940795
0.986211
0.9061533
0.9865512
0.9859917
0.9177144
0.8664278
0.8661947
0.9923627
0.9913977
0.9551154
0.8902413
0.9908507
0.9911822
0.993329
0.9954814
0.995967
0.9951233
0.9954719
0.9960564
0.9864085
0.990834
0.983877
0.9869697
0.9874652
0.9896942
0.9908474
0.9782974
0.9732712
0.9729451
0.9784162
0.9802741
0.983452
0.9909846
0.9920392
0.9916861
0.9927376
0.9937832
0.994837
0.9949481
0.9784599
0.9795379
0.9792287
0.9822895
0.9882118
0.9905475
0.9915645
0.9910933
0.9912076
0.9928648
0.9938904
0.990502
0.9919846
0.9835976
0.9955112
0.9821711
0.8299099
0.9905285
0.9883965
0.9896152
0.9972276
0.9943168
0.9949715
0.9959161
0.9970376
0.9963725
0.9973509
0.9928903
0.891508
0.8864003
0.8922947
0.9875386
0.9916831
0.9938863
0.9927668
0.9767974
0.9827494
0.9846103
0.9883277
0.9879481
0.988588
0.9921241
0.9944741
0.9940816
0.9950388
0.9731642
0.9743425
0.9759036
0.976102
0.9802468
0.9876943
0.9926664
0.9926304
0.9906884
0.9244806
0.9498814
0.9928897
0.9916402
0.9862147
0.9872301
0.9945154
0.9868794
0.8967818
0.986639
0.9857927
0.9154532
0.8601416
0.8596198
0.9923894
0.9913355
0.9531639
0.8886716
0.9908075
0.9913347
0.9934999
0.994905
0.9950656
0.9955684
0.9960598
0.9965376
0.985508
0.9910988
0.9831802
0.9860416
0.9871918
0.989204
0.9908317
0.9788961
0.9727332
0.9726035
0.9775478
0.9802333
0.9824698
0.9906722
0.9924918
0.9918285
0.9924741
0.9933147
0.9946515
0.9945796
0.9777772
0.9792564
0.9788607
0.9816214
0.989088
0.9893221
0.9917994
0.9913965
0.9911619
0.9933573
0.9942757
0.9901166
0.9916714
0.9834807
0.9946326
0.9808089
0.8121727
0.9912569
0.9885495
0.9901008
0.9970421
0.9932976
0.9952012
0.9960942
0.997319
0.9967691
0.997779
0.9939011
0.8836063
0.8762129
0.8878798
0.9880696
0.9923073
0.993218
0.9928728
0.9763233
0.9820922
0.9841618
0.9885505
0.9869909
0.9882805
0.9914633
0.9942365
0.993848
0.9950372
0.9728908
0.9740585
0.9747231
0.9761201
0.9776278
0.9877452
0.992211
0.9921206
0.9914595
0.9197143
0.9501622
0.9927299
0.9917283
0.9863851
0.9875661
0.9945587
0.9345905
0.9892152
0.9898439
0.9451493
0.9910731
0.9855365
0.9853932
0.9950125
0.9950025
0.9923304
0.9880367
0.9943124
0.994886
0.9942625
0.9967304
0.9961617
0.9932309
0.9967453
0.9955862
0.9921691
0.9932603
0.9936287
0.9936091
0.9940015
0.9956831
0.9940605
0.9930931
0.9888984
0.9903279
0.9926576
0.993576
0.9916857
0.9952165
0.9954534
0.9948271
0.9969571
0.9957192
0.9941401
0.998801
0.9922757
0.9908819
0.9924242
0.9929719
0.9966443
0.994133
0.9929825
0.9950611
0.9964489
0.9954535
0.9970692
0.9965278
0.9941082
0.9943205
0.9945322
0.992687
0.9862473
0.9955786
0.9960031
0.9936468
0.9940476
0.9942904
0.9977936
0.9964965
0.9973698
0.9972759
0.997985
0.9955499
0.9882486
0.9893067
0.9894309
0.9468992
0.9925262
0.995297
0.9950174
0.9917921
0.9944043
0.9900038
0.9933305
0.9948097
0.9928522
0.9940091
0.9958614
0.9954739
0.9988617
0.9910644
0.9900079
0.9920382
0.9919544
0.994324
0.9961755
0.995581
0.9973911
0.9952756
0.9896595
0.992715
0.99275
0.9860512
0.9092552
0.9077885
0.9935266
0.98636
0.8930467
0.9864482
0.9861115
0.9210298
0.8489192
0.8479918
0.9916498
0.9908492
0.9571456
0.8843618
0.9921228
0.9921275
0.9934667
0.9949901
0.9953647
0.9953302
0.9958321
0.9962665
0.9871323
0.9926524
0.9834907
0.9882457
0.9878366
0.9873407
0.9892716
0.9760829
0.970118
0.9707401
0.9747048
0.9801339
0.9818873
0.988075
0.9901752
0.9914888
0.9911671
0.9937873
0.9938839
0.9947328
0.975884
0.9784477
0.9782733
0.9796132
0.9883559
0.9895323
0.9909468
0.9904185
0.9907387
0.9917975
0.9941605
0.989172
0.99081
0.9816657
0.994561
0.9802772
0.7891378
0.9907788
0.9901971
0.99116
0.9961356
0.9946618
0.9959578
0.9960584
0.9973798
0.9971231
0.9978527
0.9924828
0.8837648
0.8764542
0.8856252
0.9886621
0.9920654
0.9917939
0.9912654
0.9727842
0.9836563
0.9825629
0.9879418
0.9860744
0.9885263
0.9913866
0.9943438
0.9938305
0.995119
0.9711672
0.9711966
0.9733476
0.975611
0.9772871
0.9866363
0.992606
0.9918006
0.9904401
0.9155254
0.9539049
0.9917872
0.9907329
0.9859345
0.9854171
0.9938525
0.9896192
0.8889643
0.9897051
0.9890952
0.9002086
0.9017696
0.9011729
0.9944713
0.9936671
0.897023
0.8948032
0.9906695
0.9916774
0.9937484
0.9948977
0.9950087
0.995415
0.9956162
0.9965156
0.9853024
0.9913964
0.9838276
0.9867498
0.994079
0.993914
0.9949698
0.9883022
0.9872896
0.98421
0.98664
0.9893947
0.9916989
0.9941143
0.9944656
0.9958121
0.9953146
0.9965466
0.9970533
0.9975017
0.9827612
0.983867
0.9866639
0.986088
0.9915911
0.9914103
0.9939163
0.9930731
0.9938694
0.9944503
0.9960269
0.9949229
0.9957389
0.9909806
0.9974805
0.9902185
0.8655348
0.9861225
0.9859938
0.9859997
0.994063
0.9923884
0.993871
0.9944495
0.996586
0.996106
0.9970561
0.9918946
0.8823675
0.8207425
0.8918213
0.9888703
0.9941008
0.9943374
0.994413
0.9826552
0.9885339
0.9887763
0.9918074
0.9923855
0.9925004
0.9931608
0.9958864
0.9956814
0.9959358
0.9848835
0.9852839
0.984987
0.9864701
0.9874446
0.9924751
0.9955323
0.9951186
0.9948031
0.8893329
0.9023676
0.9936287
0.9948398
0.9892168
0.989848
0.9959798
0.9890731
0.8863762
0.9892343
0.9888395
0.9004358
0.8980427
0.897376
0.9938761
0.9933889
0.898505
0.8947565
0.9905727
0.991919
0.9940712
0.994707
0.9954191
0.9955308
0.9956722
0.9966031
0.985382
0.9919095
0.9840314
0.9867614
0.9937199
0.9938672
0.9947385
0.987343
0.9860031
0.9837657
0.9863655
0.9886554
0.9914784
0.9944546
0.9940254
0.9953986
0.9953341
0.9965364
0.9968826
0.9972292
0.9818975
0.9839582
0.9855782
0.9858196
0.9912942
0.9916159
0.9935022
0.9931884
0.9940749
0.99438
0.9956684
0.9944993
0.9955212
0.9901701
0.9975212
0.9895268
0.8591395
0.9857249
0.9862561
0.9869615
0.9943055
0.9925079
0.9940188
0.9944373
0.996459
0.9962553
0.9970417
0.992115
0.8811307
0.8213999
0.8912264
0.9888458
0.9939554
0.9945783
0.9940708
0.981676
0.9875956
0.9885227
0.9917589
0.9917347
0.9925816
0.9934695
0.9954544
0.9954448
0.9958134
0.9838496
0.9844359
0.9842162
0.9859517
0.9866892
0.9927496
0.9950444
0.9947504
0.9945151
0.8902702
0.9028035
0.9935843
0.9945914
0.9887691
0.9900829
0.9958376
0.9903211
0.9163604
0.9890472
0.988578
0.9221695
0.9188804
0.9185705
0.9942516
0.9936314
0.9090469
0.9143326
0.9909713
0.9916385
0.9938213
0.9953267
0.9947907
0.9955571
0.9964676
0.9962432
0.985119
0.9917455
0.9857931
0.9867025
0.9936629
0.9937733
0.9950394
0.9880341
0.9857273
0.984822
0.9880261
0.9883168
0.9920358
0.9949871
0.9943351
0.9955329
0.995555
0.9970104
0.9970337
0.9972448
0.9861667
0.9843782
0.9865704
0.9867453
0.9910779
0.9909443
0.9939011
0.9943863
0.9934583
0.9951109
0.9959036
0.9957355
0.9950129
0.9900645
0.9974622
0.9896885
0.9110587
0.9857098
0.9869117
0.9859285
0.9935786
0.9905723
0.9942927
0.994279
0.9956426
0.9958119
0.9966314
0.9902432
0.9086162
0.8792163
0.9186678
0.9892473
0.9933262
0.9939478
0.9948702
0.9836268
0.9885746
0.9895221
0.9923597
0.9920174
0.9920722
0.9937272
0.9948151
0.9955441
0.9958532
0.9864081
0.9861469
0.9860729
0.9885453
0.9895251
0.9927074
0.9954327
0.9947468
0.9947443
0.912874
0.9126039
0.9936637
0.9946481
0.9895164
0.9890608
0.9955794
0.9878442
0.9064662
0.98873
0.9880705
0.9287568
0.8972129
0.8966661
0.9934976
0.9927448
0.9320506
0.909503
0.9910647
0.9922143
0.9940988
0.9944806
0.9954307
0.9962637
0.9958527
0.9969326
0.9844075
0.9908429
0.9841102
0.9872046
0.9905454
0.9922478
0.9937713
0.9839965
0.9805459
0.9790825
0.9835184
0.986166
0.9884698
0.9930089
0.9939982
0.9940073
0.9938436
0.9951926
0.9953019
0.9964478
0.982237
0.9818535
0.9834365
0.9835581
0.9901054
0.9921941
0.9931335
0.992052
0.9921636
0.9933507
0.9954222
0.9924493
0.9940491
0.9888597
0.9969322
0.9865896
0.8668041
0.9875331
0.9873718
0.9892051
0.9954715
0.9931708
0.995244
0.995622
0.9963177
0.9969965
0.9974025
0.9920721
0.9011715
0.8819243
0.9174791
0.9890704
0.9929298
0.9932332
0.9936784
0.9819623
0.9867038
0.9864744
0.9908453
0.9900658
0.990761
0.9923038
0.9956052
0.9949277
0.9963456
0.9809151
0.9808784
0.979675
0.9820213
0.9842036
0.9904587
0.9946105
0.9942756
0.9929142
0.9200134
0.9329045
0.9926861
0.9924686
0.9875558
0.9881028
0.9945332
0.9887908
0.9169369
0.9898663
0.9894003
0.8707723
0.9291493
0.9285714
0.9953975
0.9952241
0.9256576
0.9145879
0.9906236
0.9919818
0.9934166
0.9948455
0.9960167
0.9959239
0.9955275
0.9963902
0.9849144
0.9910325
0.9828525
0.9882725
0.995684
0.9960204
0.9966592
0.9909895
0.9894392
0.9870635
0.9888806
0.99127
0.9918423
0.9948746
0.9948437
0.9968005
0.9965626
0.9968717
0.9966599
0.9979641
0.9835582
0.9850177
0.9874251
0.9877869
0.9906363
0.9917344
0.9936065
0.9944301
0.9929351
0.9937591
0.997358
0.9953996
0.9964022
0.9928801
0.9972325
0.992881
0.9090455
0.9875117
0.984844
0.987235
0.9945369
0.9914941
0.9955198
0.9936101
0.9948482
0.995177
0.9977692
0.9910224
0.9012489
0.8658749
0.8900362
0.9891295
0.9952271
0.9949707
0.9957138
0.9856494
0.9893377
0.9902534
0.9921719
0.9927044
0.9925606
0.9936157
0.9957527
0.9955948
0.9957662
0.9877881
0.9876016
0.9886554
0.989026
0.9895287
0.9933216
0.9962117
0.9955748
0.9955441
0.9148568
0.9226216
0.9952825
0.9963123
0.9888216
0.9893749
0.9973118
0.9903354
0.9285838
0.9928942
0.991173
0.9133237
0.9622407
0.9620487
0.9960002
0.9970503
0.8497491
0.9378187
0.9911502
0.9922165
0.9942525
0.995733
0.9952465
0.9953363
0.9959202
0.9968066
0.9851096
0.9912095
0.9858023
0.9870291
0.9977657
0.9989537
0.9987085
0.9962649
0.9954629
0.9946212
0.99534
0.9963618
0.9979021
0.9976685
0.9969755
0.9984437
0.9986814
0.9987261
0.9990369
0.9992521
0.9887903
0.989248
0.9924646
0.9913198
0.9939766
0.9950184
0.9952895
0.9966882
0.9952583
0.9957303
0.9982405
0.9979096
0.9983264
0.99611
0.9989615
0.9976903
0.9562007
0.9804887
0.981068
0.9818931
0.9916456
0.9879699
0.993061
0.9930481
0.9941257
0.9958461
0.9961652
0.9897514
0.9280937
0.8524872
0.9323758
0.9896118
0.9960254
0.9954054
0.996359
0.9917126
0.9925555
0.9931713
0.9952601
0.9953038
0.9950827
0.994514
0.9962738
0.9973206
0.9976661
0.9947682
0.9946693
0.9948465
0.9957697
0.9948126
0.996372
0.9977332
0.9979952
0.9981858
0.9087915
0.8555873
0.9958806
0.997645
0.9899863
0.9903095
0.9982951
0.9958948
0.989349
0.9933875
0.9922932
0.9904796
0.9882842
0.9884137
0.9954649
0.9954557
0.9907773
0.9876086
0.9952917
0.9948387
0.9956585
0.9982229
0.9963787
0.996852
0.9969822
0.9980507
0.9954424
0.9938403
0.9919343
0.9932215
0.9959657
0.9969231
0.9970044
0.9924685
0.9943532
0.9907591
0.9951395
0.9935218
0.9947732
0.9966963
0.9964286
0.9936569
0.9960773
0.9971148
0.9985229
0.9972628
0.9937304
0.9959055
0.9933517
0.992921
0.995338
0.9973765
0.9940996
0.9966793
0.9980898
0.9968614
0.9976268
0.9972445
0.994312
0.9963243
0.9987741
0.9953743
0.9884347
0.9941601
0.9953546
0.9940857
0.993986
0.9938259
0.9972732
0.9979793
0.996806
0.9961369
0.9976676
0.996153
0.9894804
0.9890313
0.9896689
0.993841
0.9947236
0.9952464
0.9959748
0.9928168
0.993445
0.9935582
0.9956672
0.994761
0.9958208
0.9954062
0.9973884
0.9970422
0.9985591
0.9929112
0.9944356
0.9921449
0.9937647
0.9921861
0.9952251
0.9960589
0.996037
0.9962875
0.9888012
0.9910361
0.9931801
0.9949174
0.994403
0.9955107
0.9954507
0.9633314
0.9894772
0.9894373
0.9722438
0.9897939
0.9862451
0.9861853
0.9974431
0.9938287
0.9925443
0.9881168
0.9952272
0.9945451
0.9973085
0.9963787
0.9984244
0.9967966
0.9955232
0.9980142
0.9933164
0.9969938
0.9939786
0.9940068
0.994092
0.9926663
0.9930401
0.9939082
0.9906201
0.9930093
0.9930632
0.993837
0.991493
0.9963806
0.9953247
0.995796
0.9971486
0.9967638
0.9978897
0.9950233
0.9900136
0.9945825
0.9926193
0.9926696
0.9944074
0.9966704
0.9935236
0.9939599
0.9936647
0.9945906
0.9954518
0.9956633
0.9922631
0.9939834
0.9981221
0.9918699
0.9862014
0.9953481
0.9949922
0.9953211
0.9963424
0.9966715
0.9972278
0.99614
0.9972922
0.9966292
0.9994065
0.9967504
0.9896793
0.9896012
0.9878272
0.9702185
0.9938635
0.9928608
0.9956499
0.9914979
0.9941068
0.9925101
0.9913926
0.994016
0.9940954
0.9963181
0.9978752
0.9922992
0.997058
0.9896199
0.9908094
0.9907528
0.9928364
0.9910322
0.9932932
0.9959893
0.9967759
0.9973039
0.9898062
0.9918965
0.9959016
0.9843301
0.9627898
0.9674908
0.9965268
0.9896492
0.9887398
0.9869928
0.9890258
0.991119
0.9853409
0.9853244
0.9948146
0.9929724
0.9937657
0.9886337
0.99413
0.994935
0.994793
0.9944954
0.9965398
0.9970294
0.9963204
0.9959701
0.9956835
0.9943491
0.9919526
0.9916998
0.9900887
0.9944459
0.9929538
0.9903679
0.9887778
0.9892292
0.9889135
0.9915578
0.9885899
0.9950249
0.9942136
0.9954584
0.9927494
0.997319
0.9947901
0.9981138
0.9924024
0.9921184
0.9918995
0.991575
0.9936984
0.9950606
0.9949165
0.9929113
0.9938439
0.9930296
0.9966237
0.9919731
0.9941374
0.985859
0.9968224
0.9904844
0.9843962
0.9967259
0.9947991
0.9944706
0.9970443
0.997693
0.9954046
0.998442
0.9975342
0.9977273
0.9978922
0.997377
0.988638
0.9898134
0.9881899
0.9921756
0.9948334
0.9922601
0.9956004
0.9933199
0.9914371
0.9914696
0.9944457
0.9910213
0.9933126
0.9962779
0.9954203
0.9966741
0.9958221
0.9882448
0.9882793
0.987211
0.9901792
0.989709
0.9943991
0.997298
0.9942764
0.9948031
0.98992
0.9929869
0.9950739
0.9886902
0.9900536
0.9919509
0.9953038
0.9737944
0.9866
0.9902386
0.9798475
0.9881415
0.9808562
0.9808068
0.9933602
0.9914306
0.9928919
0.9857346
0.9953326
0.9953147
0.995
0.99546
0.9973346
0.9963118
0.9953799
0.9963561
0.993187
0.9945652
0.9936809
0.9918686
0.9945459
0.9929969
0.9933589
0.990824
0.9877908
0.9887355
0.9906671
0.9919506
0.9904344
0.9964209
0.9923077
0.9948546
0.9929208
0.9938022
0.9964237
0.996613
0.9906259
0.9917933
0.9933053
0.9909341
0.9931521
0.992722
0.9935426
0.9925926
0.9939011
0.9940734
0.9980716
0.9898056
0.9946835
0.9904372
0.9954403
0.9873316
0.9811662
0.9934902
0.9946349
0.9943199
0.9975164
0.9959032
0.9974371
0.9976275
0.9990057
0.9971686
0.998374
0.9975723
0.9864722
0.9884629
0.9864313
0.9781114
0.9926679
0.9934056
0.9919336
0.9889266
0.9909313
0.989844
0.9903033
0.9914973
0.9923043
0.993385
0.9977984
0.9939455
0.9986588
0.986128
0.9866071
0.9899691
0.9855049
0.987811
0.9939772
0.9940814
0.9947981
0.9932769
0.9880783
0.9931244
0.9947892
0.9860409
0.979953
0.9769133
0.9954955
0.9894684
0.8949796
0.9901442
0.9895325
0.909423
0.9070631
0.9067008
0.9943337
0.9932055
0.9016393
0.9052969
0.9913675
0.9919475
0.9942168
0.9946099
0.9952121
0.9952293
0.9963651
0.9962894
0.9859923
0.991936
0.9843525
0.9878312
0.9932295
0.9936185
0.9951428
0.9873452
0.9855556
0.984153
0.9865624
0.9890612
0.9909308
0.9944928
0.9939979
0.9951625
0.9954858
0.9961369
0.9967447
0.997188
0.9840349
0.9848113
0.9855264
0.987636
0.991682
0.9914429
0.993577
0.9938057
0.9933567
0.9946827
0.9961281
0.9937259
0.9952404
0.9893327
0.9972097
0.9899731
0.8765187
0.9856797
0.9871701
0.9859161
0.993752
0.9920564
0.9945989
0.9945656
0.9962808
0.9960574
0.9972446
0.9918591
0.8923427
0.8502603
0.9047723
0.9892873
0.9935144
0.9941969
0.9940058
0.9828062
0.9870516
0.9880947
0.9918012
0.9909349
0.9921629
0.9934206
0.9962165
0.9951717
0.9962314
0.9842283
0.9840454
0.9840773
0.9861105
0.9872234
0.9921799
0.9949939
0.9954382
0.994189
0.9006187
0.9048024
0.9930891
0.9939069
0.9883227
0.9906574
0.9957877
0.9859236
0.9887366
0.9877503
0.9895853
0.9914499
0.9830826
0.9830341
0.9940135
0.9911065
0.9929264
0.9877717
0.9945378
0.9962514
0.9942772
0.9984285
0.9951872
0.997563
0.9968777
0.995666
0.9906632
0.9934569
0.9956047
0.9932526
0.9953149
0.9898721
0.9966188
0.9889791
0.9846507
0.98424
0.9873887
0.9917405
0.9896507
0.9950092
0.9928666
0.9908441
0.994772
0.9964093
0.991358
0.9942984
0.9869911
0.9921031
0.9881962
0.9901656
0.9923647
0.9911864
0.9927007
0.9938771
0.9943224
0.9927572
0.9972291
0.9940384
0.9918585
0.9883917
0.9977693
0.9904597
0.9828953
0.9946784
0.9935178
0.9964222
0.9977783
0.9972655
0.9977006
0.9963456
0.9994513
0.9974337
0.9996983
0.9945055
0.9884427
0.990068
0.9898126
0.989839
0.9929907
0.9927574
0.9958474
0.9901639
0.9889658
0.9886984
0.9915103
0.9923578
0.9949785
0.9960169
0.9959481
0.9949861
0.9982073
0.9847823
0.985775
0.9868529
0.9892863
0.9904051
0.9927332
0.9956557
0.9945325
0.9931281
0.9911137
0.9929099
0.9942738
0.9813978
0.9880907
0.9903809
0.9949912
0.9479311
0.9881702
0.9917593
0.9714397
0.990768
0.986497
0.9864027
0.9959016
0.9938272
0.992387
0.9870813
0.9952262
0.9958588
0.9970624
0.995338
0.9973705
0.9967957
0.995522
0.9960193
0.9925135
0.9933175
0.9924608
0.992971
0.9935733
0.9926644
0.9930382
0.9917955
0.987099
0.9896442
0.9895566
0.9942357
0.9889102
0.9906372
0.9955844
0.9946674
0.9962889
0.9967628
0.9930303
0.998139
0.9904704
0.9907215
0.9919567
0.9895673
0.9911504
0.9964468
0.9932805
0.9966257
0.9961099
0.9931034
0.9966677
0.9933504
0.9944843
0.994608
0.9974937
0.9892727
0.9858979
0.9930048
0.9946767
0.9943466
0.9960966
0.996462
0.9967213
0.9971715
0.9986476
0.9980359
0.998812
0.9958794
0.9889131
0.9884572
0.9880773
0.9650078
0.9923156
0.9946538
0.9956488
0.9921199
0.9928071
0.9954032
0.9913907
0.9928984
0.9950437
0.9953305
0.9954727
0.9950617
0.9976471
0.9901022
0.991621
0.9866406
0.9899059
0.9924482
0.9925926
0.994105
0.9965054
0.9962203
0.9893071
0.9920712
0.9930627
0.980865
0.961771
0.9680872
0.9959444
0.9944584
0.9945961
0.9933555
0.9944304
0.995361
0.9949511
0.9949272
0.9969112
0.99729
0.9945511
0.994874
0.9982921
0.9963336
0.9967462
0.997648
0.9967781
0.9983546
0.9955693
0.9990938
0.9959864
0.9982047
0.995314
0.9949216
0.9961285
0.9972178
0.9960613
0.9956907
0.9957485
0.9927552
0.9940019
0.9975865
0.9964778
0.9964706
0.9944686
0.996893
0.9986308
0.9990408
0.9984985
1.
0.9954955
0.9967813
0.9966687
0.9967184
0.9982068
0.9974914
0.9979072
0.9961131
0.9971418
0.9981891
0.99647
0.9973149
0.9987075
0.997726
0.9989339
0.9961493
0.9948318
0.9980567
0.9948748
0.9944638
0.9989247
0.9968472
0.9969789
0.999612
0.9987379
0.9986643
0.9960804
0.9972719
0.9948476
0.9946492
0.9954068
0.996741
0.9965425
0.9965623
0.996142
0.9953641
0.9944121
0.9941026
0.9966007
0.9981308
0.9986357
0.9970993
0.9995917
0.9978596
0.9975973
0.9959872
0.9973593
0.9956941
0.992967
0.9959063
0.9950249
0.9995886
0.9979219
0.9958089
0.9954598
0.9947897
0.9984574
0.9964803
0.9952285
0.994697
0.9981308
0.990538
0.9900145
0.9936496
0.9931278
0.9882719
0.9906167
0.9906218
0.9962798
0.9947735
0.9892448
0.9908904
0.9963636
0.9944775
0.9964362
0.9969955
0.996434
0.9989691
0.9967603
0.9983571
0.9942323
0.9962335
0.9933471
0.9929518
0.9987615
0.997729
0.9967837
0.9961039
0.9938993
0.9944643
0.9959067
0.9970998
0.9971158
0.9974987
0.9977415
0.9964827
0.9969714
0.9965948
0.9979669
0.9973118
0.9939349
0.9932739
0.9963171
0.9946693
0.9981219
0.9928463
0.9974484
0.9978977
0.9957527
0.9942734
0.9991269
0.9967901
0.9957413
0.997178
0.9984949
0.9933417
0.9908493
0.99559
0.991374
0.9946194
0.9940716
0.9949228
0.9955958
0.9957606
0.9979063
0.9975603
0.9988552
0.9953537
0.9894953
0.9887807
0.9904795
0.9926077
0.994055
0.9953167
0.997029
0.9937963
0.9956866
0.993442
0.9946478
0.9967742
0.9961081
0.9957112
0.9994868
0.9976197
0.9980159
0.9951728
0.9963848
0.9954099
0.9931553
0.9948577
0.9957399
0.9992264
0.9968815
0.9963456
0.9883443
0.9899255
0.9985149
0.9944904
0.9922337
0.9922049
0.9986065
0.9512336
0.9899905
0.9925206
0.9638761
0.9898293
0.9865187
0.9866104
0.995283
0.9947735
0.9924121
0.9876892
0.9941284
0.9957573
0.9969128
0.9967443
0.9946415
0.9971598
0.9989224
0.9961581
0.9907712
0.9947611
0.9942393
0.9919368
0.9950273
0.9959555
0.9962456
0.9914259
0.9935582
0.9887015
0.9930394
0.9937924
0.9921325
0.9964947
0.9939547
0.9953954
0.9972475
0.9948835
0.9938758
0.9955117
0.9905002
0.9921704
0.9903351
0.9926557
0.9939229
0.9926279
0.9939479
0.9939024
0.9940912
0.9949928
0.9973761
0.9940579
0.9965426
0.9927111
0.9993985
0.9925031
0.9862372
0.9946728
0.9949348
0.9920673
0.9983471
0.9959424
0.9970682
0.9970112
0.9992159
0.9989172
0.997133
0.9940791
0.9887314
0.9885168
0.9870406
0.9583413
0.9918073
0.9923362
0.9940402
0.9910484
0.9946024
0.9947605
0.992923
0.993093
0.9940353
0.9959505
0.9969128
0.9970892
0.9985836
0.9921912
0.989875
0.9898138
0.9902896
0.9934775
0.9943871
0.99612
0.9958377
0.9973924
0.9875959
0.9917972
0.9960298
0.9881552
0.939276
0.9523442
0.9960883
0.9891751
0.986771
0.9873489
0.9881868
0.9907385
0.9837661
0.9838957
0.9934935
0.994237
0.9947777
0.9880044
0.9959374
0.9955205
0.997852
0.9979864
0.9961538
0.9984428
0.9983718
0.996963
0.996095
0.997479
0.9924254
0.9910518
0.9922228
0.9923411
0.9915921
0.9898725
0.9883641
0.9906465
0.9930082
0.9904166
0.9931393
0.9929204
0.9931507
0.9953641
0.9958368
0.9951345
0.9956012
0.998196
0.9901639
0.9913468
0.9909488
0.9932998
0.9926176
0.9941228
0.9962626
0.9938665
0.996918
0.9973678
0.9958824
0.9910045
0.9954436
0.9906199
0.9969623
0.9884405
0.982864
0.9958797
0.9959982
0.9949174
0.9973847
0.9936644
0.997543
0.9984985
0.9978925
0.9961738
1.
0.9957555
0.9889159
0.9901999
0.9875577
0.9884415
0.9904952
0.9922886
0.9950075
0.991168
0.9923927
0.9939793
0.9935359
0.9919618
0.9921405
0.993756
0.9963731
0.9962677
0.9968562
0.9862798
0.98435
0.9881562
0.9856443
0.9918854
0.9929912
0.9968783
0.9915856
0.9944722
0.9888358
0.9943777
0.996005
0.9901291
0.9921977
0.9906629
0.9971894
0.993453
0.9887211
0.9933875
0.9936174
0.9881688
0.9879077
0.9879805
0.9964762
0.9959627
0.9899376
0.9895236
0.9932308
0.9939733
0.9937168
0.9972046
0.9971569
0.9984285
0.9983562
0.9983296
0.9946524
0.9959729
0.9946373
0.9933921
0.9946983
0.9951194
0.9975504
0.9958716
0.9948692
0.9939135
0.9933273
0.9941142
0.9964517
0.9961861
0.9959163
0.997252
0.9960773
0.9976932
0.9988187
0.9975676
0.9926778
0.9946389
0.9936781
0.9934299
0.9968261
0.9947391
0.9959953
0.993576
0.9961722
0.9961343
0.996734
0.9944738
0.9954004
0.9963243
0.9972376
0.9926207
0.9894697
0.995241
0.9950434
0.9910213
0.9959184
0.9956861
0.9962779
0.9962045
0.9957367
0.9955826
0.9985435
0.9948641
0.9895521
0.9889913
0.988172
0.992713
0.9977455
0.9929789
0.9949635
0.9946606
0.9939945
0.9935582
0.9965368
0.9907955
0.994186
0.9961343
0.9981733
0.9970422
0.9968245
0.9938621
0.9942757
0.9929521
0.9946119
0.9928856
0.9963661
0.9963226
0.9955062
0.9962875
0.9882521
0.9913358
0.9939425
0.9956831
0.9927116
0.9923062
0.9948791
0.9532338
0.9889065
0.9922586
0.9664694
0.9904757
0.9867269
0.9867851
0.9955833
0.9940026
0.9913791
0.9905479
0.9962256
0.9947008
0.9967742
0.9965897
0.9970651
0.9972922
0.9965938
0.9979827
0.9901771
0.9947735
0.9928582
0.991684
0.9950547
0.9925591
0.993501
0.9895672
0.9901754
0.9922676
0.9913188
0.9937688
0.990958
0.9928947
0.9936659
0.9963016
0.9976838
0.9930972
0.9960074
0.9981073
0.9908537
0.9912917
0.9925521
0.9912114
0.9967427
0.9966292
0.9949029
0.9956001
0.9982793
0.994767
0.9963031
0.9935183
0.9938375
0.9943361
0.9964912
0.9935163
0.9865081
0.9945218
0.9944725
0.9962596
0.994802
0.996633
0.9977011
0.9966084
0.9975268
0.9977201
0.9972793
0.9964912
0.9894981
0.9895087
0.989338
0.9628026
0.996119
0.9943196
0.9958485
0.991425
0.9931099
0.9953551
0.993311
0.991453
0.9957
0.9970164
0.9948635
0.9955469
0.9979086
0.9898534
0.99253
0.9908347
0.9924216
0.9911237
0.9927349
0.9948384
0.9980937
0.9967141
0.9902915
0.9927353
0.9932274
0.9891906
0.947463
0.9583251
0.9932133
0.9888759
0.9892009
0.9905512
0.9870461
0.9909574
0.9860291
0.9860657
0.9973524
0.9946794
0.993358
0.9885148
0.9948762
0.9955097
0.9972173
0.9975917
0.9970019
0.9944506
0.997389
0.9985264
0.9931707
0.9969047
0.9926165
0.992807
0.9928096
0.9923996
0.9959643
0.9876179
0.9918309
0.9909603
0.9908119
0.9901619
0.9908016
0.9943654
0.9943442
0.993874
0.994352
0.9954002
0.9959081
0.9964355
0.9919864
0.9913441
0.9870174
0.9900315
0.9957983
0.9917241
0.9953005
0.9937578
0.9952225
0.9949174
0.9968444
0.9939153
0.9925437
0.9910122
0.9967288
0.9873922
0.984974
0.9909351
0.9934368
0.995052
0.9979869
0.9974343
0.9963456
0.9962697
0.9980348
0.9976676
1.
0.9964294
0.9889982
0.9907646
0.9897929
0.9906669
0.9955074
0.994996
0.996559
0.9906808
0.9922451
0.9921136
0.9945603
0.9919908
0.9951279
0.9951728
0.995029
0.9948747
0.9944734
0.9860838
0.9886063
0.9895418
0.9884312
0.9904522
0.9923573
0.995283
0.993007
0.9915612
0.9909968
0.9935212
0.9933528
0.9897767
0.989486
0.9900371
0.9942667
0.9983356
0.9988974
1.
0.9993304
0.9986285
0.9989086
0.9988919
0.9975171
1.
0.9988747
0.9989169
0.9996055
0.9986951
0.9988827
0.9987277
0.9980066
0.9979296
0.9984399
1.
0.9982557
0.9991536
0.9997715
0.9997197
1.
1.
1.
0.9979818
0.9991433
0.9991981
1.
0.9992735
0.9979432
0.9987294
0.9993594
1.
1.
1.
1.
0.9978332
0.9977059
0.997998
1.
0.9997224
0.999155
1.
0.9989407
0.9989224
0.9994515
0.998877
1.
0.9993865
0.9992537
0.9996066
1.
0.9983347
0.9990738
0.9995205
0.9987838
0.9997449
0.9977852
0.9992048
1.
0.9993726
0.9985663
1.
0.9981203
0.9995697
0.9989338
0.9989069
0.9988589
0.9983411
0.9987707
0.9993914
0.999382
0.9995256
0.9993659
0.9996597
0.9991158
1.
0.9989749
1.
0.9993179
1.
1.
0.9995024
0.9982261
0.9987212
0.9991657
0.9994169
0.9980421
0.9993094
1.
0.9978723
0.9991708
0.9990088
1.
0.9981013
0.999005
0.9996663
1.
0.9892349
0.9146368
0.9905518
0.9906711
0.8700023
0.924527
0.9240327
0.9952902
0.9944902
0.9371569
0.914717
0.9902451
0.9919578
0.9935807
0.995142
0.9949613
0.9948099
0.9957058
0.9960729
0.9853505
0.991494
0.9841667
0.9875359
0.9942336
0.9953945
0.9956804
0.9890037
0.9875143
0.986392
0.9876351
0.9906666
0.9927444
0.9958269
0.9944546
0.9956474
0.9965029
0.9974434
0.9970327
0.9973723
0.9837035
0.9852081
0.9865076
0.9867794
0.9918885
0.9916839
0.9938538
0.9931948
0.9932167
0.9936929
0.996974
0.9946366
0.9954831
0.9918717
0.997399
0.9916722
0.8970896
0.9863043
0.9858496
0.9878167
0.9930147
0.9918938
0.9953264
0.9940024
0.995433
0.9965084
0.9971522
0.9904416
0.9038675
0.8685011
0.8886518
0.9885714
0.9942938
0.9945245
0.9945492
0.9845336
0.9897756
0.9897982
0.99147
0.9936597
0.9923617
0.9936929
0.9954421
0.994566
0.995134
0.9858951
0.9854332
0.9864273
0.9866132
0.9872416
0.9930895
0.9959549
0.9953224
0.9955784
0.9158832
0.9321289
0.994634
0.9954001
0.9892931
0.9901471
0.9968722
0.9918931
0.9583479
0.9888219
0.9918075
0.9676408
0.9567868
0.9566441
0.9946528
0.9956265
0.9571098
0.9595843
0.9919843
0.9936218
0.9939249
0.9939808
0.9964924
0.9951588
0.9953419
0.997247
0.9899086
0.9921109
0.98752
0.9902988
0.9935903
0.9947021
0.9952689
0.9888408
0.9837965
0.9855558
0.9869792
0.9888051
0.989845
0.993081
0.9941387
0.9953392
0.9952293
0.9965421
0.9958344
0.9964032
0.9872429
0.9869241
0.9883833
0.9911002
0.9941927
0.9933447
0.9936528
0.9945963
0.994902
0.9933568
0.995232
0.9952289
0.9956133
0.9901567
0.9967385
0.9877301
0.9562661
0.9878956
0.9892896
0.990048
0.9952168
0.9934211
0.9946778
0.9956222
0.9945567
0.9966722
0.9972946
0.993633
0.9575218
0.9577947
0.9649884
0.9898347
0.9944148
0.9932006
0.994736
0.9854015
0.9908124
0.989404
0.9916602
0.9922643
0.9924117
0.9946443
0.9955763
0.9953704
0.9964572
0.9858297
0.9865301
0.9894889
0.9880475
0.9904911
0.9929417
0.9954049
0.9963045
0.9963825
0.959466
0.9603535
0.9964413
0.9958624
0.9893905
0.9905584
0.997232
0.9854404
0.9230433
0.986518
0.9855662
0.9525962
0.9048462
0.9040753
0.9930405
0.9911843
0.9704034
0.9299956
0.9911431
0.9918021
0.9949297
0.9951677
0.9954931
0.9965049
0.9959356
0.9949862
0.9875844
0.9922969
0.9872098
0.9883695
0.9886877
0.9878602
0.9913535
0.9833295
0.9751049
0.9759187
0.9786905
0.9808932
0.9821395
0.9908284
0.9935103
0.9925289
0.9924549
0.9928143
0.9946349
0.9950112
0.9801115
0.9821178
0.9818053
0.9829323
0.990555
0.9896771
0.9918816
0.9906623
0.9932546
0.9923719
0.9940319
0.9887482
0.9911187
0.9855498
0.9956561
0.9847425
0.8710879
0.990114
0.9905265
0.9916336
0.9959897
0.993098
0.9951424
0.9959965
0.9977151
0.9978966
0.9973805
0.9942582
0.9293799
0.9288945
0.9347678
0.9871567
0.9914377
0.992126
0.9924576
0.9782021
0.9862728
0.985348
0.9907929
0.9865363
0.9909931
0.9934825
0.9942632
0.9938884
0.9950054
0.9760321
0.976322
0.9774134
0.9779639
0.9823899
0.9873339
0.9940624
0.9917476
0.9923817
0.9473129
0.9682378
0.9916755
0.989557
0.9861865
0.9863126
0.9938787
0.9921466
0.9895202
0.9956718
0.9940052
0.9892307
0.9903834
0.9904532
0.9964842
0.9936916
0.9885201
0.9908475
0.9955056
0.99528
0.9966338
0.9977192
0.9940507
0.9958082
0.996715
0.9972199
0.9943441
0.9949174
0.9938961
0.9951022
0.996732
0.9987232
0.9975563
0.9964426
0.9950487
0.9973809
0.994786
0.9974624
0.9964583
0.9972124
0.9969473
0.9972588
0.9960872
0.9982754
0.996457
0.9987886
0.9955357
0.994963
0.9959625
0.9952989
0.9970439
0.9973816
0.9938751
0.994306
0.99642
0.9975927
0.9997048
0.9964982
0.9991933
0.9971487
0.9984714
0.9979066
0.9913781
0.9924673
0.9931815
0.9942547
0.9956866
0.9977491
0.9965347
0.9964664
0.9965471
0.9953168
0.9965066
0.9972299
0.9899362
0.9896393
0.9893722
0.9959093
0.9972493
0.9965096
0.9967394
0.9952801
0.9961929
0.9954691
0.9967603
0.9954278
0.995131
0.9956585
0.9958246
0.9967803
0.9988506
0.9927627
0.9954005
0.9958533
0.9952957
0.9967207
0.996601
0.9973822
0.9973677
0.9965618
0.9882797
0.9902631
0.9959789
0.9967097
0.9923479
0.9917526
0.9974526
0.9877205
0.914036
0.9871247
0.9862607
0.9387604
0.8860994
0.8855615
0.9928519
0.9909938
0.9450609
0.9031459
0.9910037
0.9915145
0.9944561
0.9950766
0.9957982
0.9955453
0.9962219
0.9970229
0.9867174
0.9915668
0.9850246
0.9883417
0.9891319
0.9898814
0.9928111
0.9804744
0.9768666
0.9747589
0.9804548
0.9810154
0.9843463
0.9911246
0.9920328
0.993368
0.9932817
0.9939668
0.993984
0.9949276
0.9800366
0.9821799
0.9802219
0.9838467
0.9894462
0.9901139
0.9922614
0.991871
0.9915833
0.992511
0.9945868
0.9910714
0.9925716
0.9848849
0.9966324
0.9828057
0.8581448
0.9901519
0.9890653
0.9899091
0.9960833
0.9945574
0.9960994
0.9963321
0.9969009
0.9972375
0.9978532
0.993501
0.9042901
0.9018318
0.9172353
0.9885993
0.992506
0.9929988
0.9913131
0.9764733
0.9837417
0.9843044
0.9894429
0.9875333
0.9893994
0.991432
0.9947084
0.9942314
0.9953136
0.9763223
0.9758352
0.9775769
0.9787914
0.9816081
0.9872099
0.992916
0.9924182
0.991815
0.9306039
0.9414093
0.9924321
0.9901076
0.9857671
0.9878844
0.9938726
0.9866534
0.928993
0.9867132
0.987833
0.9481168
0.9018598
0.9016681
0.9918403
0.9910135
0.969964
0.9263555
0.9915831
0.9912101
0.9951134
0.9948696
0.9952882
0.9959048
0.9963101
0.9952235
0.9884625
0.9923105
0.9869133
0.9880994
0.9894124
0.9889372
0.9925046
0.9783036
0.975339
0.9720494
0.9786224
0.9832407
0.9812351
0.9890539
0.9921589
0.9931794
0.9915308
0.9932203
0.9926946
0.9943066
0.9806059
0.9809636
0.981449
0.9830149
0.9893632
0.9894752
0.9918033
0.9899216
0.9930219
0.9935349
0.9944784
0.9901998
0.9906515
0.9816122
0.9948962
0.9817324
0.8736474
0.9883646
0.9907252
0.9912148
0.9969244
0.9931054
0.9963785
0.996605
0.9975887
0.9974274
0.9983841
0.9940702
0.9252239
0.9268251
0.9318316
0.9876209
0.9913619
0.9917066
0.9922287
0.9757463
0.9844137
0.9845377
0.9895469
0.9876867
0.9899669
0.9916655
0.9942615
0.9942311
0.9944551
0.9748642
0.9754192
0.9763683
0.9774476
0.9819325
0.9899637
0.992311
0.9921569
0.989311
0.9477417
0.9665987
0.9927102
0.9898854
0.9859251
0.9864632
0.9939786
0.9894689
0.9387473
0.989184
0.9894582
0.9453839
0.911229
0.911068
0.9919092
0.99037
0.967553
0.9293331
0.9930236
0.9925693
0.9946358
0.9945723
0.995483
0.996291
0.9952612
0.9967988
0.9884714
0.9928564
0.9859255
0.9884644
0.9885007
0.9897831
0.9913279
0.9797266
0.974995
0.9744784
0.9808917
0.9836497
0.9832162
0.991453
0.9927635
0.9927608
0.9917277
0.9937577
0.9944034
0.9955608
0.9813656
0.9815796
0.9853559
0.9842847
0.9903313
0.9903056
0.9921361
0.9925005
0.9941063
0.9927412
0.9940056
0.9903825
0.9928973
0.9835749
0.9944213
0.9826018
0.897077
0.9901516
0.9904634
0.9923233
0.997006
0.9945251
0.9960106
0.9952866
0.9979792
0.9966953
0.9985548
0.9930519
0.9323164
0.9359473
0.9333973
0.9892185
0.9924074
0.9926319
0.9925673
0.9766003
0.9855701
0.9840637
0.990278
0.9868491
0.9903862
0.9919824
0.9941562
0.9941765
0.995493
0.9754751
0.9756946
0.9758001
0.9782717
0.9826295
0.9884452
0.9910063
0.9921579
0.9936979
0.951709
0.9659065
0.9939847
0.9911818
0.9871671
0.9879249
0.9949501
0.9418838
0.9888633
0.9924827
0.9686275
0.9905645
0.9878383
0.9877259
0.9919585
0.9958571
0.9924327
0.9898171
0.9956122
0.9945031
0.9960465
0.997915
0.995214
0.9986552
0.9974619
0.9974197
0.9898844
0.9961022
0.9936421
0.9950095
0.9945596
0.9965771
0.9941028
0.9955998
0.9923238
0.9924623
0.9946809
0.9935923
0.9929397
0.995299
0.9968595
0.9957543
0.9976972
0.9967301
0.9957252
0.9984331
0.9914945
0.9939073
0.9922442
0.9917611
0.9976237
0.9961952
0.9934688
0.9943984
0.997061
0.995789
0.9981663
0.9904269
0.9952712
0.9951993
0.9974668
0.9918086
0.9879596
0.993125
0.9954388
0.993498
0.9965577
0.9976973
0.9959267
0.9958442
0.998088
0.998017
0.9991002
0.9956294
0.9889761
0.9894784
0.989693
0.9551649
0.9953632
0.9935733
0.9927499
0.9898817
0.9940686
0.995373
0.9906521
0.9955397
0.9950036
0.9950421
0.9951613
0.9972368
0.9973254
0.9927965
0.9928803
0.9882237
0.9931389
0.9922248
0.9951129
0.9951378
0.998104
0.9978237
0.990022
0.9929885
0.995605
0.986323
0.9487179
0.9480934
0.9964912
0.9863727
0.9082444
0.9862695
0.985336
0.9413589
0.8815611
0.8810915
0.9930204
0.9915943
0.9648103
0.9150577
0.9924248
0.9930113
0.9937738
0.9961632
0.9961532
0.9961448
0.9959203
0.9960703
0.9888393
0.9921449
0.9853382
0.9883959
0.9874196
0.9876651
0.9923364
0.9759949
0.9737205
0.9727773
0.9777378
0.9813521
0.9821017
0.9909094
0.990666
0.9909619
0.9926271
0.9935221
0.9937823
0.9932726
0.9795076
0.9807183
0.9800409
0.9801703
0.990414
0.9900077
0.9918825
0.9911663
0.9917439
0.9924381
0.993618
0.9876295
0.9915056
0.9814347
0.9951288
0.9798058
0.8368678
0.9913562
0.9908329
0.9924398
0.9957698
0.9945155
0.997273
0.9970295
0.9976775
0.9971893
0.9981663
0.9943987
0.9077241
0.9142554
0.9166998
0.9881575
0.992511
0.9924364
0.9921522
0.9766634
0.9843674
0.983093
0.9889798
0.9870585
0.9894357
0.9915734
0.9944867
0.9948604
0.9956905
0.9723767
0.9744519
0.9749047
0.9759014
0.9786428
0.9879074
0.9918208
0.9923718
0.9897304
0.9376176
0.9656086
0.9915966
0.9892816
0.9870596
0.9852649
0.9934163
0.9927116
0.9892306
0.9952937
0.9926843
0.989175
0.9900711
0.9900836
0.9964842
0.995466
0.9898612
0.9903488
0.9934493
0.9935525
0.9942155
0.9967022
0.9979387
0.9973843
0.996715
0.9972199
0.994028
0.9949174
0.9931466
0.9906701
0.9974881
0.9953882
0.9972841
0.9962547
0.9974451
0.996724
0.9946053
0.996483
0.9966674
0.9979742
0.9961813
0.9950549
0.9974881
0.9976992
0.9970493
0.9972702
0.9943385
0.9954374
0.9933614
0.9946237
0.9972556
0.9954088
0.9971824
0.9938286
0.9976162
0.9961427
0.9979296
0.9964982
0.997306
0.9965356
0.9993891
0.9958045
0.9911955
0.9960172
0.9934934
0.9936123
0.9966483
0.9971335
0.9942942
0.9934177
0.9965471
0.9980769
0.9985474
0.9944444
0.989793
0.9894556
0.9885991
0.9938513
0.9975
0.9980085
0.9967394
0.9929803
0.9950998
0.9967949
0.9950238
0.9934555
0.9976873
0.9966265
0.9971332
0.9957024
0.9965438
0.9948187
0.9942839
0.9950519
0.9964759
0.9977586
0.996601
0.9973822
0.9963109
0.9952331
0.9875802
0.9908132
0.9962312
0.9962016
0.9945996
0.9942034
0.9983032
0.9858645
0.8452454
0.9863649
0.9862006
0.8927764
0.8229771
0.8209959
0.9922309
0.9920475
0.9306975
0.8641018
0.9905191
0.9915698
0.9934974
0.9953846
0.9953325
0.9953293
0.9957085
0.9957298
0.9865363
0.9916366
0.9830286
0.9868491
0.9900949
0.9901477
0.9923611
0.9793513
0.9760387
0.975445
0.9794331
0.9826974
0.9832816
0.9910686
0.9916286
0.9924435
0.9932319
0.9942491
0.9942553
0.9952506
0.9769046
0.9806577
0.9802063
0.9808328
0.9889478
0.9897782
0.9911632
0.9913058
0.9920318
0.992113
0.9947918
0.9902197
0.9922173
0.9844907
0.9955784
0.983472
0.6469779
0.9892297
0.9891274
0.9896148
0.9963023
0.994334
0.995801
0.9959543
0.9970099
0.9967265
0.9979562
0.9925022
0.8403152
0.7503889
0.8542662
0.986799
0.9925852
0.9929756
0.9924991
0.9759739
0.9840214
0.9840653
0.9886905
0.987992
0.9905863
0.9915414
0.9944079
0.9937921
0.9957599
0.9745223
0.9739494
0.9761071
0.97739
0.9793777
0.9887463
0.9930078
0.9927256
0.9920898
0.8801614
0.9310787
0.9930582
0.9914233
0.98606
0.9863112
0.9950938
0.9877293
0.914681
0.9892301
0.988482
0.9245898
0.9220655
0.9214147
0.9943125
0.9930999
0.9158786
0.9214709
0.9922199
0.9920334
0.993597
0.9950571
0.9957991
0.9946763
0.9965912
0.9966176
0.9860136
0.99253
0.9850036
0.9873176
0.9931005
0.9938068
0.9939915
0.9880982
0.9841594
0.9830889
0.9875541
0.9895758
0.9895343
0.9932569
0.9951859
0.9949759
0.9954939
0.9964386
0.9957975
0.9973155
0.9844494
0.9844312
0.9856247
0.9863334
0.9916977
0.9916565
0.9932278
0.9936106
0.9930506
0.9950904
0.9958624
0.9942174
0.9955788
0.9905619
0.9966471
0.9897816
0.9039997
0.9860783
0.9859005
0.9858785
0.9936332
0.992279
0.9947145
0.995811
0.9952256
0.9953701
0.9963347
0.9913005
0.9151973
0.8904936
0.9201386
0.9880498
0.9936612
0.9943831
0.9942151
0.9833934
0.9882269
0.9885911
0.9913479
0.9916616
0.9923335
0.9926502
0.995466
0.9960414
0.9963061
0.984068
0.9839729
0.984792
0.9867684
0.9880772
0.9930034
0.9953321
0.9946393
0.9944065
0.9194746
0.9138847
0.9934617
0.9930617
0.9873842
0.9883586
0.9952878
0.9908393
0.9337143
0.9926951
0.99076
0.9155787
0.9665848
0.9663898
0.996007
0.9967718
0.8451046
0.9410434
0.9915121
0.9923731
0.9944209
0.995875
0.9948939
0.9951949
0.9965651
0.9968947
0.9851459
0.9911722
0.9854683
0.9868929
0.9978928
0.9991872
0.9986452
0.9966588
0.9965311
0.9945383
0.9954998
0.9966899
0.9977616
0.9981964
0.997457
0.9986184
0.9986417
0.9992552
0.9992535
0.9989676
0.9891083
0.9895491
0.9927531
0.9916833
0.9936714
0.9951607
0.9945365
0.9964121
0.9957741
0.9958969
0.9985829
0.9979956
0.99816
0.9967721
0.9990185
0.9979594
0.9623644
0.9796582
0.9809182
0.9825647
0.9910476
0.9889829
0.9937642
0.9929813
0.9937974
0.9957393
0.9957433
0.9894382
0.9352024
0.8598942
0.937189
0.9904927
0.996085
0.9954994
0.9961861
0.9920715
0.9933243
0.9934129
0.9962728
0.9958174
0.9954584
0.9945982
0.9968115
0.9977768
0.9978653
0.9953946
0.9953146
0.9950687
0.9965147
0.9954263
0.9965553
0.9978075
0.9972692
0.9984444
0.9135783
0.856858
0.9956749
0.9968974
0.9903428
0.9902881
0.9977655
0.9898579
0.9012021
0.9892304
0.9888839
0.9123729
0.915351
0.9147198
0.9942538
0.9943495
0.8986573
0.9063508
0.9906747
0.9935617
0.9943745
0.9957708
0.9950384
0.9946438
0.9957411
0.9965618
0.9842717
0.9917363
0.9832418
0.9866698
0.9943257
0.9944614
0.9954523
0.9884078
0.986697
0.9846641
0.9884701
0.9890368
0.991631
0.995264
0.9953107
0.9956674
0.9962202
0.9972091
0.9971301
0.9974658
0.9839338
0.9857569
0.9867749
0.9869848
0.9914506
0.9917546
0.9936907
0.9943834
0.9937771
0.9938674
0.9964214
0.9943769
0.9953585
0.9916759
0.9972438
0.9906699
0.8903935
0.984164
0.9855613
0.9863819
0.9941603
0.9924316
0.9947928
0.9944929
0.995389
0.9958365
0.9970604
0.9912025
0.8970425
0.8546018
0.9096857
0.9892699
0.9934574
0.9948857
0.9938916
0.9837157
0.9891393
0.9888001
0.9929355
0.9915906
0.9930755
0.9935057
0.9957115
0.9952147
0.9961859
0.9869702
0.9862058
0.9864499
0.9873816
0.9879431
0.9941693
0.9954917
0.9957801
0.9959965
0.9036892
0.9012094
0.9937456
0.9945881
0.9888678
0.9898317
0.9960208
0.9872604
0.9370693
0.9889707
0.987803
0.9342348
0.921026
0.9205226
0.9919689
0.9915529
0.9537961
0.9331804
0.9926984
0.9913446
0.9937051
0.9952545
0.9951592
0.9954785
0.9961949
0.9966433
0.9881224
0.9927689
0.9844115
0.9891511
0.9931226
0.992441
0.994704
0.986059
0.9829539
0.9826832
0.9824425
0.9864551
0.9885817
0.992824
0.9931917
0.9940713
0.9946402
0.9951614
0.9961526
0.9961375
0.9823667
0.9846895
0.9865105
0.9847652
0.9912473
0.9917177
0.990504
0.9934773
0.9930598
0.9925977
0.9952259
0.992428
0.9941286
0.987788
0.9955838
0.9866709
0.902126
0.9876244
0.9848298
0.9866682
0.9943219
0.9928918
0.9946592
0.995587
0.9961713
0.9955268
0.9976663
0.9921959
0.9259755
0.9064068
0.9272651
0.9889191
0.9924686
0.9930087
0.9918463
0.9818481
0.9874898
0.9877401
0.9920964
0.9909171
0.992974
0.9929663
0.9944899
0.9938417
0.9954127
0.9817517
0.9820896
0.9809069
0.9840257
0.9848601
0.9912963
0.9950234
0.99535
0.9936897
0.9339148
0.9563383
0.9919272
0.9936924
0.9893117
0.989382
0.9942103
0.9861646
0.9020389
0.9868729
0.9866786
0.9366907
0.8795362
0.8787047
0.9933281
0.9905735
0.9625917
0.9112522
0.9918261
0.991759
0.9933343
0.9958793
0.9966624
0.9962225
0.9964538
0.9965191
0.9883122
0.9927288
0.9851523
0.9879981
0.9889742
0.9870069
0.9913524
0.9760612
0.972947
0.9723631
0.9763228
0.9811255
0.9807692
0.9906357
0.990631
0.9914884
0.9926433
0.9943059
0.9942512
0.9942685
0.9788602
0.9795597
0.9798909
0.9809081
0.9906483
0.9894228
0.9921044
0.9897573
0.9916185
0.9916783
0.9938434
0.9872687
0.9911055
0.9808416
0.9958134
0.9811807
0.8235077
0.9894396
0.9911209
0.9931373
0.9960922
0.9942012
0.996861
0.9965291
0.9980209
0.9974679
0.9977781
0.993529
0.903536
0.9069133
0.9118478
0.988501
0.9922113
0.9932268
0.9926787
0.9774599
0.9835542
0.9830092
0.9889077
0.9858209
0.9896122
0.9925418
0.9947787
0.9949035
0.9950027
0.9729329
0.9724541
0.9741199
0.9749957
0.9800314
0.9880322
0.9924519
0.9920819
0.9895187
0.9345025
0.9630145
0.9917727
0.9900562
0.9855756
0.9865083
0.9935846
0.9905715
0.9894598
0.9900817
0.9918981
0.9891319
0.9862787
0.9862807
0.9918869
0.9958203
0.9930812
0.9889506
0.9921875
0.9942389
0.9945096
0.9965771
0.997591
0.9970092
0.9954351
0.9968134
0.9919446
0.9947575
0.992843
0.9934119
0.9950366
0.9946766
0.994616
0.9903213
0.9915701
0.9896959
0.9922294
0.9925328
0.98984
0.9965789
0.9941753
0.9931232
0.9962154
0.995792
0.9953704
0.9968274
0.9903714
0.9909458
0.9891811
0.9929298
0.9945427
0.9954863
0.9965962
0.9931153
0.9955479
0.9957532
0.9978375
0.9932327
0.9955081
0.9924115
0.9971182
0.9917481
0.9857269
0.9927718
0.9939826
0.9947764
0.9960308
0.9947135
0.9966641
0.9955439
0.99807
0.9968499
0.9984839
0.9958177
0.9893509
0.9898912
0.9891092
0.9894251
0.9934913
0.9924714
0.9924223
0.9896697
0.990642
0.9928016
0.9959848
0.9936965
0.9925463
0.9912171
0.9972929
0.9980491
0.998801
0.9890145
0.9893878
0.9894875
0.9937931
0.9921778
0.9962512
0.9956403
0.9964403
0.9908764
0.9914346
0.9930075
0.9926759
0.9870061
0.9870856
0.9903568
0.9934834
0.949032
0.9881235
0.9942715
0.9686709
0.9902688
0.9888585
0.9888256
0.9964213
0.9966709
0.9910252
0.9905056
0.9958566
0.9954268
0.9955936
0.9953452
0.9955287
0.9986695
0.9974902
0.9977331
0.9925207
0.9957045
0.9926194
0.9950436
0.9953882
0.9950418
0.9950055
0.9952517
0.9934233
0.9920093
0.9923344
0.9946418
0.9947056
0.9950879
0.9953307
0.9960828
0.9977234
0.9973576
0.9939559
0.9981424
0.9920024
0.9945868
0.9942736
0.9909572
0.9967846
0.9966741
0.9971354
0.9939672
0.9961156
0.9982873
0.9978858
0.9951568
0.9975295
0.9950311
0.9987508
0.993814
0.9884649
0.992542
0.9942097
0.9935401
0.994878
0.9933278
0.9967263
0.9989749
0.9964817
0.9977585
0.9991108
0.9950141
0.990039
0.98921
0.9903265
0.9505808
0.994898
0.9933825
0.9959121
0.9921272
0.992815
0.9946391
0.9933993
0.996688
0.9941024
0.9965686
0.9968136
0.9950698
0.9979454
0.9944418
0.9904915
0.9932083
0.9921555
0.9933392
0.9960839
0.9951897
0.9975871
0.9964969
0.990281
0.9918725
0.9964204
0.9872562
0.9482929
0.9512051
0.9965318
0.9888504
0.9896085
0.9908915
0.9901715
0.9900853
0.9878622
0.9878738
0.9942768
0.994789
0.9910375
0.9892505
0.994539
0.9938122
0.9957774
0.9976415
0.9959936
0.9975636
0.9960239
0.9988483
0.9947098
0.9941164
0.9930112
0.992731
0.9950547
0.9930943
0.9974669
0.9942308
0.9933543
0.9949707
0.9920635
0.9945772
0.9931257
0.9955381
0.9973705
0.9974425
0.9959397
0.9967105
0.9960074
0.9939816
0.9914686
0.9922668
0.9940506
0.9926002
0.9947781
0.9945958
0.9941705
0.9938786
0.9945719
0.9930105
0.9969212
0.9953416
0.9938375
0.993914
0.9968112
0.9937338
0.9880617
0.994207
0.9925633
0.9919974
0.9975315
0.996633
0.9969325
0.9963466
0.9955947
0.9977201
0.9975824
0.9947276
0.9898813
0.9891728
0.9900126
0.9908081
0.995079
0.9943196
0.9929742
0.9925245
0.9908548
0.9918431
0.994656
0.9934905
0.9940177
0.9962677
0.9978437
0.9955469
0.9967095
0.9929351
0.993674
0.990339
0.9931153
0.9916608
0.9946199
0.9983757
0.994534
0.9961644
0.9904411
0.9922606
0.9958431
0.9905213
0.9909996
0.990965
0.9976498
0.9900269
0.9901177
0.9910973
0.9923166
0.9897522
0.9870449
0.9870054
0.9935014
0.995842
0.991643
0.9887798
0.9953888
0.9962572
0.9965304
0.9934314
0.9973369
0.9981091
0.9971679
0.994515
0.9932638
0.9932477
0.9948485
0.9955172
0.9945398
0.9909647
0.994363
0.9917196
0.9910699
0.9926137
0.993186
0.9941802
0.9927023
0.9955451
0.9952644
0.9948805
0.9959467
0.9967164
0.9975513
0.9955808
0.9927029
0.9917874
0.9903894
0.9906993
0.9930344
0.9977584
0.9956406
0.994625
0.9948276
0.9955246
0.99631
0.9943094
0.9966537
0.9945538
0.9977742
0.993959
0.9867992
0.9935827
0.9957454
0.9949569
0.997288
0.9964263
0.997449
0.9955671
0.9986298
0.997724
0.9987948
0.996276
0.9894278
0.9894613
0.9895395
0.9912046
0.9924812
0.9956231
0.9950739
0.9923747
0.9944269
0.9914613
0.9946631
0.9923698
0.9966635
0.9952748
0.9975774
0.9980599
0.9967154
0.9879091
0.9912281
0.9934768
0.9892993
0.9932755
0.9953315
0.9981076
0.9956391
0.9934174
0.9897939
0.9923867
0.9937614
0.9902708
0.9898506
0.9901998
0.9955921
0.947776
0.9889894
0.9907657
0.9618486
0.9902631
0.9868691
0.9868942
0.9932972
0.9969112
0.9922793
0.9897343
0.9970906
0.9936445
0.9963118
0.9961029
0.9947062
0.9975891
0.9957853
0.9965753
0.9947427
0.9952515
0.994571
0.9920867
0.9953632
0.9958049
0.9949763
0.9935053
0.9921739
0.9921497
0.9924895
0.994419
0.9955367
0.9963655
0.9960907
0.9966245
0.9945434
0.9955608
0.9957498
0.9965668
0.9904488
0.993765
0.9922685
0.9895405
0.9950388
0.9939692
0.9900942
0.9963707
0.994132
0.9940726
0.9957356
0.9966735
0.995018
0.9958446
0.9981126
0.989673
0.9870813
0.9922033
0.9956099
0.9933549
0.9968192
0.9930876
0.9969628
0.9979365
0.9956415
0.9977452
0.997311
0.9949913
0.9896036
0.9894081
0.9883983
0.949337
0.9933213
0.9930893
0.9938224
0.9925697
0.9946465
0.9946175
0.9922549
0.9948889
0.9957396
0.9958087
0.9970635
0.9933775
0.9967475
0.9931398
0.9912748
0.9882602
0.9903995
0.992783
0.9949015
0.9967803
0.9951351
0.9951153
0.989902
0.992293
0.996143
0.9823962
0.9474519
0.9574132
0.9976764
0.9077417
0.989245
0.991397
0.9514976
0.9901915
0.9871485
0.9872006
0.9940417
0.9945301
0.9914206
0.9907746
0.995962
0.995336
0.9959639
0.9969992
0.9966938
0.9948307
0.9989239
0.9978112
0.9914089
0.9937133
0.9920118
0.9943068
0.9945342
0.9949457
0.9954436
0.9923721
0.9904859
0.9933225
0.9934046
0.9949671
0.9960857
0.9942356
0.9954785
0.9970294
0.9972512
0.9971679
0.9944703
0.9979136
0.9921516
0.9924918
0.9921272
0.9926618
0.9958211
0.9948131
0.996754
0.9962608
0.9969397
0.9969099
0.9970879
0.9945625
0.9925333
0.9904723
0.9966877
0.9939759
0.9871323
0.9943709
0.9946303
0.9920736
0.9971665
0.99452
0.9958466
0.9952654
0.9973849
0.9989186
0.9968499
0.9962057
0.9890193
0.9887172
0.9880412
0.9264069
0.9938134
0.9938363
0.994297
0.9945611
0.992978
0.9923163
0.9903351
0.9939681
0.992426
0.9961941
0.9974319
0.9936356
0.9963141
0.9921973
0.9935423
0.988535
0.9916472
0.992965
0.9937163
0.996125
0.9981856
0.9960887
0.9890432
0.9921966
0.9960347
0.993994
0.9096542
0.9294859
0.9974923
0.9869281
0.9893207
0.9852169
0.9899962
0.9906176
0.9865101
0.9864778
0.990625
0.9945412
0.9925094
0.9906684
0.9966534
0.9951553
0.9947917
0.9973856
0.9973397
0.9978408
0.9985876
0.9977005
0.9918138
0.9930344
0.9921045
0.9955203
0.9914018
0.9920446
0.9909605
0.9923077
0.9898388
0.991773
0.9928203
0.9953936
0.9944337
0.9947603
0.9976403
0.994029
0.9962417
0.9958221
0.9975543
0.9974827
0.9897913
0.9929272
0.9930636
0.9924399
0.9952257
0.9952851
0.9946718
0.9948755
0.9973
0.9940299
0.997546
0.9930142
0.9932923
0.9926609
0.9971401
0.9893893
0.9860878
0.9934293
0.9930523
0.9931596
0.9987703
0.9924083
0.9966845
0.9981813
0.9989053
0.9985804
0.9969852
0.9945187
0.9896204
0.9897414
0.9897404
0.9865643
0.9943123
0.9930376
0.9903721
0.9930059
0.9936838
0.9910766
0.9926536
0.9921507
0.9937918
0.9950298
0.9965007
0.9972291
0.9958209
0.9880799
0.9874532
0.9915088
0.9903515
0.9929241
0.9955701
0.9983801
0.9945489
0.9928728
0.9900694
0.9934108
0.9953332
0.9886872
0.9838306
0.98807
0.9950073
0.9517953
0.9884768
0.990739
0.9621451
0.9889758
0.9873674
0.9873235
0.9943123
0.9929961
0.991437
0.989494
0.9958255
0.9960518
0.9962981
0.9960876
0.9968178
0.9973097
0.9971823
0.9985698
0.9919936
0.9945829
0.9927317
0.9944942
0.9969016
0.9941998
0.9946734
0.9929078
0.9919777
0.9917923
0.9945005
0.9927913
0.9931609
0.9950418
0.9931776
0.996043
0.9976998
0.9961378
0.9960366
0.9993746
0.9895057
0.9942335
0.9920831
0.9915938
0.9971928
0.9955247
0.9959016
0.9951374
0.9968184
0.9952959
0.995716
0.9943357
0.9949972
0.9952033
0.99747
0.9924666
0.9874474
0.9948558
0.9959152
0.9949716
0.9948327
0.9949664
0.9977152
0.9979285
0.9961728
0.9974519
0.995792
0.9949749
0.9897674
0.9895427
0.9892194
0.9533412
0.9943328
0.9935799
0.9924968
0.9894163
0.9935137
0.9959569
0.9953519
0.9933006
0.9954859
0.9960416
0.9943564
0.9952987
0.9955397
0.9921562
0.991417
0.9885621
0.99228
0.9920523
0.9962843
0.9973075
0.9975636
0.9972811
0.9910446
0.9915401
0.9930088
0.9881983
0.9512582
0.9510643
0.9944396
0.9848925
0.990136
0.9881022
0.9875897
0.9909723
0.9866559
0.9867462
0.9934589
0.9944997
0.993316
0.9896874
0.9955762
0.9971245
0.9955067
0.9976297
0.9965119
0.9970052
0.9945668
0.9973905
0.9917755
0.9938717
0.9940639
0.9949757
0.9897449
0.9925214
0.9954636
0.9938212
0.9913854
0.9913924
0.9918488
0.9927287
0.9926629
0.9965744
0.9920298
0.9954194
0.9956243
0.9954833
0.9959839
0.9974595
0.9912897
0.9891392
0.9890037
0.991357
0.9932166
0.9952542
0.9929147
0.995086
0.994297
0.9937343
0.9987635
0.9947957
0.9960663
0.9915523
0.9964698
0.9913006
0.9859241
0.9956092
0.992221
0.9926326
0.9955268
0.9976783
0.9979471
0.9968545
0.9986203
0.9988552
0.9996967
0.9984615
0.9890139
0.9901385
0.989383
0.987271
0.9911158
0.9927235
0.9937288
0.9937598
0.9919551
0.9931867
0.9946333
0.9961781
0.9959213
0.9944904
0.9983753
0.9977666
0.9984985
0.9906376
0.9898742
0.9891465
0.9901282
0.9900143
0.9953041
0.994537
0.9933993
0.9955911
0.9912344
0.9930316
0.9921384
0.9875265
0.986095
0.9852542
0.9940706
0.9682047
0.9884873
0.9929281
0.9694849
0.9904641
0.986721
0.9864371
0.9956533
0.9943561
0.9914979
0.9878533
0.9941921
0.9956474
0.9968231
0.9953476
0.9968496
0.9986702
0.9974916
0.9977344
0.9918816
0.9946271
0.9930765
0.994358
0.9938446
0.9942574
0.9924937
0.993725
0.9906315
0.9933522
0.9921533
0.991242
0.9940691
0.9932695
0.9974127
0.9966462
0.995439
0.9973592
0.9957793
0.9987631
0.9918527
0.98928
0.9942754
0.9916482
0.9967859
0.9955625
0.9947381
0.9959076
0.9946537
0.991133
0.9945488
0.994647
0.995878
0.9931578
0.9978132
0.9931726
0.9870194
0.9948861
0.9967228
0.9945161
0.9961042
0.9924906
0.9974849
0.9982056
0.9959405
0.996917
0.9982212
0.993708
0.9892982
0.9898574
0.9881797
0.9775647
0.9949006
0.99492
0.9941161
0.993062
0.9955923
0.9934853
0.9958315
0.9940252
0.9929178
0.9973072
0.9949482
0.9920373
0.9979466
0.9896315
0.9922805
0.9883041
0.9921582
0.9919284
0.9965478
0.9949239
0.9946251
0.9954166
0.9904558
0.9922475
0.9956522
0.9953584
0.9648544
0.9725285
0.9971132
0.9894878
0.9899294
0.9866409
0.9900288
0.9897303
0.9878724
0.9878528
0.9945764
0.9963834
0.9925651
0.9891409
0.9951993
0.9964943
0.9970429
0.995829
0.9952229
0.9973118
0.9957711
0.9959885
0.9929645
0.9948041
0.994713
0.9958784
0.996127
0.9955275
0.9932679
0.9902036
0.9916303
0.9914587
0.9915472
0.9919888
0.9925198
0.9934709
0.9960784
0.9949109
0.9968373
0.9961413
0.9960402
0.9968681
0.9921152
0.9931079
0.9922532
0.9931519
0.9941558
0.9944034
0.9939657
0.9941634
0.9943614
0.9957962
0.9969466
0.9930448
0.9977845
0.993318
0.997789
0.9905172
0.9871452
0.9948582
0.9913236
0.9931785
0.9960707
0.9953907
0.9956787
0.9953307
0.9956272
0.9963183
0.9985025
0.9916758
0.9896963
0.9902538
0.9903435
0.9908554
0.9948546
0.9951319
0.9953596
0.9889494
0.9923976
0.9951858
0.9951327
0.9939786
0.9950119
0.9943041
0.997591
0.9955801
0.9982222
0.9908683
0.9917476
0.9920247
0.9896854
0.9943642
0.9955876
0.9975793
0.9951193
0.9934551
0.991095
0.9921408
0.9948347
0.9908521
0.9900839
0.9915902
0.9964984
0.9416234
0.9885765
0.9934703
0.9620154
0.9906795
0.9880323
0.9879795
0.9945862
0.9950942
0.991413
0.9895855
0.995625
0.9945199
0.9958128
0.9966199
0.9946992
0.9991966
0.9974719
0.9962836
0.991684
0.9945946
0.9939595
0.9948489
0.9935401
0.9947438
0.9946883
0.993499
0.9912892
0.9928166
0.9919281
0.9893724
0.994248
0.9963608
0.9955614
0.9954879
0.9988545
0.9970405
0.9945205
0.9993766
0.9933434
0.993921
0.9950747
0.9903978
0.9935121
0.995983
0.9951865
0.9936847
0.9965812
0.9935675
0.9966474
0.9964121
0.9955679
0.9943762
0.9984252
0.9929154
0.987199
0.9934539
0.9935535
0.992696
0.9965695
0.9964472
0.9974671
0.9955993
0.9967302
0.9980248
0.9985057
0.9954238
0.9891953
0.9892877
0.9894469
0.9532268
0.9948639
0.9966803
0.9951094
0.9920955
0.9948273
0.9932563
0.9902331
0.9955536
0.9962103
0.994314
0.9957173
0.9950345
0.9973365
0.9915241
0.9904515
0.991706
0.9917752
0.9936631
0.9946623
0.9973147
0.9964865
0.9972885
0.9902996
0.9921422
0.9945848
0.9845104
0.9471908
0.9484475
0.9956281
0.9893822
0.9887543
0.9867032
0.9920758
0.9908873
0.9854195
0.9854019
0.990804
0.9929059
0.9931316
0.9898037
0.9957824
0.9946714
0.996002
0.994709
0.9975839
0.9964529
0.9948454
0.9968033
0.9937168
0.9947449
0.9932917
0.9933993
0.9913226
0.9949293
0.9945992
0.9885348
0.9926173
0.9920648
0.9916528
0.9921085
0.9924357
0.9952431
0.9938911
0.9954115
0.995323
0.99729
0.9944203
0.9964968
0.9909731
0.9904392
0.9903398
0.9899497
0.9932077
0.9977427
0.9948718
0.9960669
0.9952865
0.9891578
0.9962744
0.9937386
0.995777
0.9911149
0.9974301
0.9917283
0.9856456
0.9938679
0.9926938
0.9967358
0.9967686
0.9961905
0.9958795
0.9984273
0.9975097
0.9959747
0.9987835
0.9958076
0.9885082
0.9898025
0.9881041
0.9895974
0.9932097
0.991925
0.9908136
0.9918648
0.9911903
0.992
0.9932735
0.9909482
0.9934971
0.9964956
0.9970125
0.9966405
0.9954737
0.9899757
0.9898643
0.9879697
0.9909926
0.9909042
0.993404
0.9972715
0.994773
0.9939176
0.9899859
0.9940535
0.992919
0.9883134
0.9880355
0.9889685
0.9967417
0.9924629
0.9450859
0.9922275
0.9926807
0.9250416
0.9675676
0.9674617
0.9960572
0.9970779
0.8756832
0.9438049
0.9913478
0.9935571
0.9939108
0.9954239
0.9954802
0.9953058
0.9964805
0.997141
0.9865945
0.9919822
0.9846402
0.9887078
0.9975061
0.9985543
0.9984771
0.9973614
0.9957285
0.9941528
0.9952811
0.9962313
0.9973476
0.9977008
0.9972714
0.9984754
0.9977063
0.9983664
0.9993654
0.9989945
0.9888899
0.9892308
0.9915387
0.9904138
0.9941207
0.9938313
0.995471
0.9950729
0.9947391
0.9968328
0.9984281
0.997705
0.9981472
0.9974525
0.9989599
0.9968638
0.9652433
0.9811698
0.9828923
0.9846748
0.9915057
0.988976
0.9938209
0.9933074
0.9947646
0.9955774
0.9964884
0.9905724
0.9391968
0.8927421
0.941781
0.9916706
0.9956302
0.996917
0.9959587
0.991361
0.9933509
0.9934327
0.9963655
0.9951325
0.9957415
0.9953237
0.9969652
0.9972862
0.9974304
0.9939566
0.9945591
0.994522
0.9949654
0.9952512
0.9967949
0.9977904
0.9976234
0.9982508
0.9341516
0.8785859
0.9958591
0.9982935
0.9927191
0.9914422
0.9971014
0.9596154
0.9890669
0.9913387
0.9752852
0.9898206
0.986034
0.9860703
0.9947434
0.9964947
0.9910724
0.987737
0.9953195
0.9937955
0.9973697
0.996972
0.9956321
0.9942574
0.9967329
0.9950125
0.9912019
0.9943026
0.9946603
0.9949495
0.9934755
0.9943863
0.9948551
0.9908085
0.9862685
0.9908031
0.9942642
0.9929688
0.9929211
0.9944374
0.9949277
0.9945325
0.9961089
0.9965646
0.9958884
0.9969843
0.9904563
0.9905437
0.9948429
0.9921101
0.9940953
0.9956474
0.9955524
0.996702
0.9940476
0.9961612
0.9970571
0.9917479
0.9978575
0.9940997
0.9957343
0.990974
0.9857969
0.9944937
0.9946004
0.995232
0.9957071
0.9924196
0.9950666
0.9977427
0.9968304
0.9978136
0.9965268
0.9951095
0.9887949
0.988626
0.9889538
0.975619
0.997263
0.9927789
0.995
0.9922351
0.9954808
0.9922642
0.9911332
0.9923896
0.9960802
0.9954382
0.9948025
0.995457
0.9977117
0.9915201
0.992548
0.9881448
0.989048
0.9880291
0.9948023
0.9937271
0.9958038
0.9960516
0.989855
0.9920651
0.99625
0.9896018
0.9576842
0.9698531
0.9980309
0.9903701
0.988349
0.9933447
0.9933862
0.9918867
0.9842694
0.9842362
0.9928662
0.9907905
0.9941431
0.9883049
0.9969129
0.9923996
0.9961108
0.9976941
0.9958225
0.9973545
0.9963979
0.996904
0.9920736
0.9953001
0.9947605
0.9964322
0.992343
0.9916797
0.9936569
0.987431
0.9861183
0.9859953
0.9920058
0.9902855
0.9911243
0.9912371
0.9935484
0.9972261
0.9971743
0.995623
0.9964115
0.9969259
0.9879282
0.9920534
0.992
0.9916836
0.9955186
0.9962514
0.995963
0.9952107
0.9958987
0.9941421
0.9963996
0.9946809
0.9948087
0.9948517
0.9972084
0.9895634
0.9838029
0.9930405
0.9932928
0.9929204
0.9987931
0.9939909
0.9964974
0.9964277
0.9975845
0.9988889
0.9988235
0.9969886
0.9884429
0.9899392
0.9891363
0.9920978
0.9910987
0.9926638
0.9944091
0.9916949
0.9943255
0.9939001
0.9936584
0.9947218
0.9941397
0.9953681
0.9952469
0.9945593
0.996793
0.9872591
0.9872827
0.9872044
0.9878964
0.9896691
0.9921857
0.9962894
0.9933173
0.99437
0.990586
0.9934482
0.9918367
0.9907336
0.991527
0.9920665
0.9916427
0.9409543
0.9889001
0.9944709
0.9663031
0.9896859
0.989206
0.9891374
0.9946319
0.9982134
0.9917873
0.9908014
0.995447
0.9939024
0.9928939
0.9963899
0.9952731
0.9970737
0.9983315
0.997454
0.9922086
0.9946329
0.9921722
0.994191
0.9948823
0.9950508
0.9939007
0.9939221
0.9943005
0.992856
0.9932617
0.9936521
0.994926
0.9950968
0.9953392
0.9966509
0.9974432
0.997363
0.9936652
0.9978368
0.99277
0.9947527
0.9936222
0.990968
0.9970041
0.9960124
0.9964226
0.9925211
0.9970944
0.9978006
0.9966807
0.9964422
0.9950563
0.9946225
0.9968779
0.9938232
0.9882296
0.9927064
0.9939015
0.9943585
0.9956204
0.993547
0.9947103
0.9979513
0.9964884
0.9977629
0.9976303
0.9967589
0.9889883
0.9890346
0.9892558
0.952708
0.9941386
0.99365
0.9951506
0.9910466
0.9955963
0.9954146
0.9918592
0.9958076
0.9948223
0.9970653
0.9954883
0.9948045
0.998243
0.9936498
0.9918006
0.9922393
0.9952454
0.9947552
0.9940078
0.996537
0.9973233
0.9965035
0.9900086
0.9920987
0.9969388
0.9867532
0.9493995
0.9590758
0.9974063
0.9853508
0.9904796
0.9920696
0.9903735
0.9894725
0.9884303
0.9884031
0.9950662
0.9958398
0.9911172
0.9889269
0.9947545
0.9933731
0.9932836
0.9963303
0.9970682
0.9989198
0.9937447
0.9988496
0.994391
0.9952153
0.993474
0.9946487
0.9961039
0.9965627
0.9943598
0.9928805
0.9963408
0.9953107
0.9916974
0.9941779
0.9952881
0.994752
0.9957906
0.995735
0.9988446
0.9973134
0.9950875
0.9968454
0.993007
0.9911348
0.990888
0.9898258
0.9967455
0.9943744
0.9941762
0.9921588
0.9943294
0.9937702
0.9975415
0.9966434
0.9974909
0.9953936
0.9971347
0.9935219
0.9886929
0.9945253
0.9936819
0.9952823
0.9965441
0.9955799
0.9969356
0.9973958
0.9972543
0.996008
1.
0.9958342
0.9895949
0.9889331
0.9899886
0.990622
0.9922159
0.9930269
0.9945497
0.9929994
0.9910498
0.9934121
0.9939893
0.9925926
0.9945042
0.9945219
0.9989242
0.9980588
0.9973126
0.9922929
0.991553
0.9911707
0.9910376
0.9952297
0.9936842
0.9972929
0.9961842
0.9945175
0.9898433
0.9917362
0.9953259
0.9902657
0.9875192
0.9900019
0.999121
0.9514911
0.9890313
0.9922795
0.9685905
0.9901449
0.9865749
0.9865417
0.9966382
0.9948079
0.9919596
0.9886643
0.994555
0.9951595
0.9945477
0.9968644
0.9968094
0.9978431
0.9966073
1.
0.992304
0.9943527
0.9921093
0.9948312
0.9940291
0.996307
0.994941
0.9954023
0.9933706
0.9927925
0.9924549
0.9917654
0.9918507
0.9945026
0.9963284
0.9957471
0.9979821
0.9970229
0.9957173
0.9993726
0.9893358
0.9959962
0.9943959
0.9938272
0.996318
0.9937093
0.994677
0.9936539
0.9943433
0.9960317
0.9953945
0.99224
0.9944228
0.993089
0.9980977
0.9928849
0.9874984
0.9931185
0.9946431
0.9961052
0.9955632
0.9955892
0.9971989
0.9966207
0.9969871
0.9980136
0.9978941
0.9958434
0.9891423
0.98911
0.9896166
0.9635151
0.9943182
0.9940813
0.9943035
0.9912868
0.9936885
0.9953677
0.9933319
0.9914798
0.9937977
0.9955335
0.9924406
0.9952856
0.9964243
0.9916586
0.9918936
0.9893704
0.9938229
0.9925729
0.9953402
0.9954017
0.9964674
0.9967267
0.9903946
0.9918633
0.9940353
0.9873684
0.9459298
0.9635683
0.9953079
0.986227
0.9897453
0.9870766
0.9889299
0.9912472
0.9862385
0.9863659
0.9926393
0.993949
0.993392
0.9892989
0.993435
0.9973375
0.9952381
0.9984148
0.9951443
0.997267
0.9977097
0.9965025
0.9902865
0.9936306
0.9925134
0.9942639
0.9881015
0.994379
0.9945854
0.9932184
0.985461
0.9877738
0.9922006
0.9908667
0.9911101
0.9917597
0.9944119
0.995977
0.9958992
0.9978877
0.994092
0.9961661
0.9934281
0.9923874
0.9888072
0.991684
0.9953998
0.9943259
0.9916523
0.9938272
0.9955257
0.9929507
0.9978241
0.9942499
0.9966159
0.9893843
0.9977456
0.9888451
0.9858025
0.9929078
0.9931638
0.992945
0.9970112
0.9959703
0.997681
0.9976334
0.9975035
0.9982744
0.9993904
0.9957992
0.9891539
0.9897458
0.9889536
0.9886034
0.9910808
0.992695
0.99344
0.9918534
0.9919325
0.9913945
0.9930337
0.9938955
0.9927536
0.996991
0.9978237
0.9966321
0.9981895
0.9907782
0.98703
0.9926072
0.9913285
0.9903485
0.99339
0.9961665
0.9950372
0.9964059
0.9919034
0.9931289
0.9931669
0.9904357
0.9889919
0.9905149
0.9943436
0.9867205
0.9101948
0.9881352
0.9863685
0.9196399
0.875444
0.8750812
0.9922885
0.9910917
0.9536373
0.8954151
0.9914434
0.9918862
0.9928126
0.9949832
0.9960656
0.9958333
0.995649
0.9963538
0.9859096
0.9901973
0.9838025
0.9878041
0.9878821
0.9890598
0.9913328
0.9784224
0.9747551
0.9741884
0.9787339
0.9815872
0.983005
0.9907268
0.992566
0.9925301
0.9925794
0.9940256
0.9946635
0.9948114
0.97959
0.9796115
0.981327
0.982062
0.9896607
0.9901825
0.9919081
0.9919319
0.991089
0.9930348
0.9939739
0.9896428
0.9918949
0.9853852
0.9956265
0.9841729
0.8432574
0.9899143
0.988063
0.9898081
0.9963894
0.9931624
0.9956389
0.9959484
0.9973069
0.9964232
0.9980248
0.994222
0.8962608
0.8883673
0.8977628
0.9882516
0.9920985
0.9931325
0.9919347
0.9771098
0.9818148
0.9846544
0.9892135
0.9877372
0.9900051
0.9910131
0.995256
0.9936856
0.9945804
0.9756134
0.9754081
0.9761869
0.9774893
0.9795356
0.9883386
0.9932836
0.9929553
0.9915238
0.926551
0.9496784
0.9918366
0.9916346
0.9873168
0.9875585
0.9934821
0.9897925
0.901794
0.9889936
0.9893168
0.9142002
0.9146124
0.9139638
0.9946932
0.9945311
0.9090171
0.9070495
0.9904321
0.9919905
0.993917
0.9947142
0.9951349
0.994993
0.9955378
0.9966923
0.9862484
0.9920038
0.9849218
0.9871775
0.9943706
0.9945482
0.9947309
0.9879262
0.9852093
0.9843937
0.9867193
0.988936
0.9901953
0.9947682
0.9947125
0.9948884
0.9958806
0.9964106
0.996945
0.9972906
0.9845876
0.984162
0.9861584
0.9858946
0.9918725
0.9913879
0.9939062
0.9939277
0.9939756
0.9940492
0.9962926
0.9947223
0.9953558
0.9901699
0.9972612
0.9898696
0.8900699
0.9848955
0.986026
0.9856226
0.9949073
0.992325
0.9951562
0.9939656
0.9958473
0.9952384
0.9975985
0.9911746
0.8949719
0.8655825
0.9110301
0.9894035
0.9942662
0.9939735
0.9950421
0.9819638
0.9891285
0.9875464
0.9919825
0.9909141
0.99205
0.992872
0.9954521
0.9953579
0.9958685
0.9850686
0.9845537
0.9849254
0.9865407
0.9890242
0.9930546
0.9942925
0.9952052
0.9946105
0.908731
0.9120041
0.9938881
0.9956001
0.9891942
0.9895023
0.9960104
0.9894296
0.9037246
0.9891466
0.9889953
0.9138309
0.9151449
0.9143587
0.9950232
0.9938939
0.9085866
0.9082791
0.9908657
0.9931422
0.9937602
0.9949901
0.9959999
0.9947801
0.9959198
0.9970488
0.9866201
0.9919359
0.9851551
0.9871781
0.9946926
0.9949029
0.9947875
0.9873808
0.9854547
0.9839814
0.9867621
0.9889805
0.990787
0.99455
0.9948509
0.9949768
0.9958006
0.9966501
0.997143
0.9976095
0.9837685
0.9843795
0.9863188
0.9864476
0.991259
0.9919303
0.9930654
0.994783
0.9942585
0.9941973
0.9964182
0.9938153
0.995041
0.9912187
0.9972449
0.990128
0.8937751
0.9851817
0.9849762
0.9859016
0.9933795
0.9914017
0.994537
0.9944978
0.9957945
0.9954468
0.9971746
0.99209
0.898648
0.8689133
0.9088501
0.9897268
0.993815
0.9944502
0.9945564
0.9819701
0.9894706
0.988175
0.9924842
0.9909
0.9925029
0.9922481
0.9954719
0.9951817
0.9965388
0.9864368
0.9850971
0.9847394
0.9875059
0.9883541
0.9941571
0.9951386
0.9945555
0.9948298
0.9080021
0.9114803
0.993592
0.9944685
0.9883604
0.9905501
0.9958782
0.9862993
0.9098017
0.9872807
0.9861339
0.9201645
0.8729068
0.8723293
0.9919699
0.9918059
0.9554378
0.8955444
0.9918547
0.9915094
0.9934941
0.9959314
0.9954068
0.9958832
0.9960556
0.9958856
0.9868362
0.9910196
0.9836588
0.9870868
0.9882307
0.9883349
0.9917599
0.9780295
0.9747011
0.9734416
0.9796411
0.9821294
0.984165
0.9899133
0.9917292
0.9923726
0.9928476
0.9939714
0.9945787
0.9948256
0.9793703
0.9789884
0.9790363
0.9824984
0.9891164
0.9895103
0.992329
0.9908743
0.9903161
0.9927532
0.9948723
0.9901261
0.9926821
0.9843779
0.9959725
0.9835403
0.8385558
0.9894
0.98899
0.9891683
0.9966319
0.9930447
0.9962328
0.9962234
0.9970392
0.996378
0.9975291
0.993066
0.8956641
0.8919851
0.8953729
0.9876181
0.9921353
0.9916862
0.9919062
0.9763561
0.9840153
0.9842236
0.9885057
0.9878546
0.9900344
0.9914653
0.9948835
0.9939884
0.994921
0.9752214
0.9756683
0.9768537
0.9772254
0.9799367
0.9884586
0.9924475
0.99254
0.9925038
0.9241611
0.9515002
0.9923904
0.9914428
0.9863031
0.9872659
0.9942443
0.9857772
0.8996743
0.9860394
0.9866741
0.9125384
0.8688781
0.8684773
0.9934381
0.9914042
0.9523381
0.88979
0.9905509
0.9921431
0.9927503
0.9949074
0.9953321
0.9956724
0.9954474
0.996227
0.9858096
0.9924413
0.9835968
0.9866359
0.9885752
0.990191
0.9920047
0.9792123
0.9737765
0.9728705
0.9788048
0.9805217
0.983241
0.9905805
0.9914221
0.9923193
0.9925688
0.9933401
0.994854
0.9936893
0.9769788
0.9795991
0.9804561
0.9819874
0.9902496
0.9891737
0.9912429
0.9909747
0.9917178
0.9924308
0.9934686
0.9896336
0.9921873
0.9825715
0.9954544
0.9812573
0.8256448
0.9894181
0.9884198
0.9901398
0.9966335
0.993717
0.9957862
0.9962381
0.9967092
0.9970164
0.9973496
0.9932856
0.8886276
0.8797864
0.890453
0.9884885
0.9926003
0.9930671
0.9925111
0.9757686
0.983492
0.9839613
0.9882704
0.987166
0.9893821
0.991187
0.9950656
0.9937101
0.994192
0.9738663
0.9750014
0.9756232
0.976176
0.9796433
0.9886601
0.9921825
0.9923529
0.9908875
0.9196098
0.9470849
0.992539
0.9916602
0.9860635
0.9879749
0.9945533
0.9860772
0.9011001
0.9860273
0.9847704
0.9278535
0.8402366
0.8392962
0.9921227
0.9907263
0.958349
0.8895075
0.9898732
0.9911742
0.9937817
0.9950411
0.9958581
0.9964123
0.9955633
0.9954366
0.986438
0.9917127
0.9827307
0.9889534
0.9846596
0.9869126
0.9907347
0.9746053
0.9683196
0.9676862
0.9742454
0.9755674
0.9786188
0.9876452
0.9902079
0.991325
0.9905267
0.992153
0.9928258
0.9932886
0.9763175
0.9768759
0.9782846
0.9805828
0.9886
0.9897788
0.9899772
0.9897019
0.9906671
0.991542
0.9927933
0.988501
0.9898438
0.9802525
0.9940669
0.9779752
0.7899552
0.9916261
0.9913918
0.9915401
0.9965957
0.9944281
0.9965234
0.9965155
0.9970859
0.9973709
0.9977722
0.9939349
0.8866366
0.8864329
0.8925125
0.9877776
0.9921852
0.9916853
0.9915309
0.9739404
0.9817267
0.9802726
0.9870405
0.9852916
0.988934
0.9912763
0.9935145
0.9941778
0.9949417
0.9681701
0.9694156
0.9699051
0.9717088
0.973854
0.986071
0.9920246
0.990707
0.9893863
0.9277518
0.9557146
0.9908173
0.9901247
0.9848696
0.9855827
0.9933657
0.9885635
0.8939359
0.9887021
0.989455
0.90999
0.9080901
0.9072377
0.9945932
0.993856
0.9184471
0.903423
0.9904974
0.991817
0.9934404
0.9945348
0.9952097
0.994781
0.996265
0.9967615
0.9862175
0.9926842
0.9843419
0.9872549
0.9934355
0.9932388
0.9948675
0.9860846
0.9835381
0.9816235
0.9838787
0.9884119
0.991043
0.9937721
0.9941911
0.993776
0.9949335
0.9967775
0.9962387
0.9964426
0.9821332
0.9831356
0.9847385
0.9858195
0.9901709
0.9919804
0.993248
0.9943402
0.9929744
0.9940674
0.995945
0.9939125
0.9941573
0.9895676
0.9972124
0.9882295
0.871872
0.9858689
0.9860998
0.9865362
0.9936268
0.991733
0.9957276
0.9947217
0.995644
0.9965273
0.9973045
0.992107
0.8908224
0.8632875
0.9020945
0.988874
0.9933598
0.9944136
0.9940946
0.9818141
0.9862497
0.9872056
0.9928985
0.9904752
0.9903534
0.9914695
0.9956519
0.9954284
0.9959022
0.9841025
0.9829622
0.9831235
0.9851824
0.986549
0.9916062
0.9947015
0.9939857
0.9954086
0.9083588
0.9218128
0.9942515
0.9941153
0.9877448
0.9895598
0.9958024
0.9904159
0.9087497
0.9910866
0.9912575
0.907437
0.9401836
0.9396194
0.9954806
0.995753
0.856445
0.916583
0.9909262
0.992594
0.9937563
0.9945714
0.9950279
0.9955495
0.9963795
0.9961635
0.9851645
0.9907687
0.9841333
0.9873531
0.9961313
0.9977419
0.9977521
0.9933945
0.9926518
0.9904154
0.9916248
0.9947642
0.9952262
0.9971779
0.9958121
0.9972867
0.997684
0.9981016
0.9985637
0.9985397
0.9872721
0.9881141
0.9886647
0.9896741
0.993249
0.9932064
0.9952765
0.9955244
0.994411
0.9954755
0.9977376
0.9967831
0.9974798
0.9949066
0.9983267
0.9951198
0.9196094
0.9820436
0.9837434
0.9824668
0.9926652
0.99011
0.99353
0.9939836
0.9947415
0.9952356
0.9961717
0.9908238
0.9076741
0.837009
0.9154279
0.990624
0.9951667
0.9946845
0.996153
0.9888321
0.9892914
0.9914549
0.993734
0.9933967
0.9943214
0.9937761
0.9965196
0.9962163
0.9964929
0.99061
0.9913657
0.9909747
0.9920158
0.9928242
0.9950627
0.9964341
0.9969167
0.997063
0.8967285
0.8660879
0.9955225
0.9969057
0.9905826
0.9902279
0.9971955
0.9875975
0.8953657
0.9874211
0.986689
0.926545
0.837894
0.8368659
0.9920277
0.9904978
0.9564853
0.8873698
0.9900108
0.9916914
0.9939597
0.9950639
0.9957607
0.9964327
0.9955165
0.9947708
0.9865738
0.9920793
0.9835583
0.9880114
0.9854729
0.9875425
0.9908342
0.9754611
0.9703085
0.9684467
0.9752325
0.977087
0.9792743
0.9880222
0.9901578
0.9911287
0.9908643
0.9927993
0.9932796
0.9934008
0.9760188
0.97677
0.97889
0.9800613
0.9885705
0.9892247
0.9897287
0.9898558
0.9914762
0.9920095
0.9931394
0.9885886
0.9900434
0.981292
0.9949442
0.9789019
0.7740202
0.991115
0.990488
0.9914434
0.9965743
0.994922
0.9960224
0.9963654
0.9971602
0.9972862
0.9978457
0.9938319
0.8815
0.8782534
0.890477
0.9876272
0.9923846
0.9914892
0.9909925
0.9737661
0.9823132
0.98052
0.9879181
0.9863658
0.9889319
0.9912224
0.9930885
0.9944348
0.9952749
0.9686737
0.9702528
0.9696071
0.9726436
0.9745707
0.9863522
0.9919096
0.9911651
0.9895952
0.9233656
0.9541301
0.991155
0.9893966
0.9862745
0.9864266
0.9932508
0.9210944
0.9874086
0.9934628
0.9705715
0.9895796
0.9867076
0.9867967
0.9940358
0.9915127
0.9905824
0.989953
0.9951466
0.9949055
0.9961986
0.9954876
0.9961793
0.9943049
0.9954054
0.9947802
0.9929775
0.9943408
0.9930504
0.9922767
0.9965252
0.9957027
0.9970533
0.9947994
0.993218
0.9921684
0.9905188
0.9926214
0.9933843
0.9937249
0.9964833
0.9962121
0.9989011
0.9965957
0.9956345
0.9970131
0.9940846
0.9935897
0.990174
0.9921523
0.9947666
0.9913176
0.9923077
0.9953173
0.9962273
0.995473
0.997669
0.9940594
0.9941365
0.9939345
0.9972883
0.9954328
0.9859609
0.9916043
0.993236
0.994302
0.9962148
0.9955357
0.9958425
0.9955112
0.9960682
0.9972892
0.9974212
0.9923761
0.98866
0.9888608
0.9886137
0.937232
0.9905567
0.9880864
0.9932919
0.9913558
0.993517
0.9943852
0.9937875
0.9952627
0.9965683
0.9937947
0.993808
0.9954955
0.9965948
0.9914049
0.9890771
0.9925409
0.992652
0.9908809
0.9941626
0.9963806
0.9974033
0.9963466
0.9896641
0.9923949
0.9920299
0.9861146
0.9320141
0.9365577
0.9932773
0.9819408
0.9517301
0.9866827
0.9824026
0.9751666
0.9135638
0.9133488
0.9912437
0.9858876
0.9857812
0.9515517
0.9924917
0.9932756
0.9957085
0.9955353
0.9958696
0.996935
0.997255
0.9955773
0.9927184
0.994656
0.9895736
0.9912408
0.9805781
0.9800837
0.9852208
0.9687882
0.9623681
0.966338
0.9685399
0.9723876
0.9722505
0.9859396
0.9895693
0.9866765
0.9905415
0.991297
0.9901785
0.9899952
0.9772793
0.9805485
0.9810709
0.980967
0.9892581
0.989632
0.9918054
0.9904587
0.9923764
0.9921717
0.9912173
0.9850987
0.9877791
0.9773165
0.9926618
0.9734897
0.9057354
0.993312
0.9936515
0.9948248
0.9973811
0.9967084
0.9970835
0.9984003
0.9983716
0.997618
0.9978541
0.9952273
0.9499633
0.9649048
0.9581571
0.9856972
0.9874597
0.9885622
0.9878114
0.977102
0.9823935
0.9814291
0.9865886
0.9811773
0.9887816
0.9905735
0.9935868
0.9935231
0.995152
0.9704578
0.9673411
0.9689705
0.9707684
0.9759356
0.9837885
0.9916606
0.9901774
0.9883212
0.9710908
0.9859015
0.9881689
0.9820056
0.9816271
0.9842097
0.9890848
0.9878264
0.9038947
0.9910961
0.9896835
0.9074587
0.9199579
0.9192436
0.9943756
0.9954989
0.9401338
0.9181392
0.9920422
0.9920742
0.9934784
0.9958319
0.9948947
0.9947737
0.9959961
0.9966129
0.9866268
0.9919771
0.9837719
0.9867636
0.993417
0.994702
0.9961971
0.9882557
0.9870937
0.9860427
0.9873462
0.9895626
0.9913289
0.9941158
0.9947898
0.995797
0.9960445
0.996516
0.9969347
0.9972975
0.9822983
0.9853603
0.9865346
0.9861798
0.9899802
0.991582
0.9930764
0.9930422
0.9934843
0.9945419
0.9962783
0.9948841
0.994899
0.9919335
0.9974665
0.9926773
0.8756314
0.9868407
0.9873014
0.9875576
0.9941542
0.9920381
0.9946655
0.9953007
0.9965447
0.9959374
0.9971378
0.9928271
0.9052832
0.8697507
0.8942077
0.988241
0.9939838
0.9950545
0.9950229
0.9850153
0.9887486
0.9899436
0.9910653
0.9927257
0.9924733
0.9936171
0.9945217
0.9951562
0.9965727
0.9843187
0.9851253
0.98476
0.9854731
0.9862252
0.9923812
0.9944624
0.9947984
0.9953896
0.9063226
0.9430196
0.9939813
0.9949898
0.9898555
0.9893303
0.9963797
0.9852191
0.9867129
0.9901025
0.9894496
0.9890107
0.9819684
0.9819044
0.9926284
0.9893494
0.9915692
0.9858752
0.9960174
0.9928344
0.9953632
0.9923238
0.9974148
0.997619
0.9965243
0.9974836
0.9924186
0.9927251
0.9906635
0.9941176
0.9944751
0.996732
0.9935691
0.9901426
0.9883702
0.9859638
0.9915512
0.9923232
0.985745
0.995131
0.9946474
0.9940165
0.9951899
0.9934845
0.9941396
0.9956368
0.9896513
0.9902942
0.9925134
0.9901572
0.9937193
0.9906618
0.9943747
0.9952111
0.9945139
0.9946867
0.9981373
0.98614
0.9928747
0.991822
0.9939411
0.9892347
0.9807472
0.9917079
0.9919343
0.994278
0.9967055
0.9961941
0.9970575
0.9979282
0.9985539
0.9975087
0.9973781
0.995653
0.986489
0.9875481
0.9846328
0.9838171
0.9894034
0.9942883
0.9912422
0.9913245
0.9906127
0.9904323
0.9917687
0.9913096
0.9942357
0.9964641
0.9971517
0.9933969
0.9976636
0.9889635
0.9864069
0.9897048
0.9866093
0.9903768
0.9932956
0.9942625
0.994958
0.9927554
0.9885855
0.991665
0.9898336
0.9937413
0.9859551
0.9873329
0.991508
0.9497229
0.9888945
0.9905842
0.9631228
0.9912943
0.9867459
0.9867726
0.9943445
0.9956264
0.9917828
0.989707
0.9948003
0.9969466
0.9960717
0.9968904
0.9949815
0.9970572
0.9960751
0.997724
0.9921825
0.9952586
0.9926038
0.9945149
0.9953716
0.9958126
0.9941455
0.9940896
0.9884937
0.9936698
0.9906525
0.988791
0.9927644
0.996112
0.9924282
0.9963493
0.9942661
0.9958665
0.996063
0.9975109
0.9919855
0.9926459
0.9919461
0.9930022
0.9930945
0.9946512
0.9939933
0.9929714
0.9931591
0.9955687
0.9948281
0.9935947
0.9953052
0.9916667
0.9971725
0.9940107
0.9871878
0.9923688
0.9949851
0.9956388
0.9958435
0.9930977
0.9972215
0.996131
0.9967409
0.9966207
0.9973166
0.9945617
0.9900118
0.9898242
0.9895249
0.9549833
0.9941071
0.9900051
0.9933162
0.9908612
0.991679
0.9930783
0.9933789
0.9937805
0.9933681
0.9958159
0.992775
0.9953271
0.9961618
0.9910572
0.992423
0.9886031
0.9921368
0.9942065
0.9932793
0.9970549
0.9973082
0.9959405
0.9898539
0.9922444
0.994343
0.9818945
0.9514697
0.9570613
0.9950596
0.9892225
0.9873512
0.9900932
0.9915189
0.9912813
0.9842862
0.984284
0.9937402
0.9916186
0.993187
0.9881837
0.9936829
0.9960239
0.9960189
0.9960547
0.9967906
0.9972863
0.9982959
0.9976885
0.9934105
0.9952028
0.9934621
0.9934188
0.990304
0.9901228
0.9963287
0.9907228
0.9882063
0.9881697
0.992238
0.9923387
0.9907248
0.995
0.9939186
0.9925587
0.9953461
0.994593
0.9963066
0.9942857
0.9886816
0.990139
0.9928761
0.9887563
0.9941112
0.9945861
0.9970881
0.991392
0.9960504
0.9947566
0.9944307
0.9929815
0.9977629
0.9896559
0.9974441
0.9902259
0.9838889
0.9956168
0.9951011
0.992975
0.9980222
0.9957806
0.9964121
0.9960764
0.9977974
0.9965685
0.9993952
0.9920565
0.9888488
0.9901553
0.9888105
0.9900192
0.991404
0.9950879
0.9919081
0.9915717
0.9936626
0.9910454
0.9944221
0.9905277
0.992073
0.9922403
0.9959405
0.9969359
0.9979036
0.9898403
0.9879124
0.9886681
0.986995
0.9909317
0.9927213
0.9981004
0.9961717
0.9944994
0.9921075
0.994056
0.9918975
0.9851459
0.9871005
0.9921154
0.9923031
0.992916
0.9799024
0.9906556
0.9901134
0.9850168
0.9693767
0.9690798
0.9947682
0.9923941
0.9916704
0.9795677
0.9927087
0.9927583
0.9935224
0.9958243
0.9970637
0.996475
0.9942429
0.9959318
0.9939463
0.995232
0.9893282
0.9910176
0.9880022
0.9915612
0.9900307
0.9832894
0.9807403
0.9822915
0.9841247
0.983954
0.9849158
0.9888523
0.9921476
0.9921048
0.9927889
0.9936369
0.9908722
0.9958865
0.9868581
0.9826198
0.9868695
0.9840075
0.9909076
0.9910072
0.9920703
0.991327
0.9909234
0.9928058
0.9945311
0.9873142
0.9910493
0.9861176
0.9931521
0.9824084
0.967844
0.9945585
0.9958955
0.9964331
0.998089
0.9950326
0.99715
0.997291
0.9977537
0.9973123
0.9980052
0.9953622
0.9791134
0.9842086
0.9779555
0.9930716
0.9922425
0.9911744
0.9925926
0.9856062
0.9855961
0.9864805
0.9918976
0.9874039
0.9923274
0.9913899
0.9961133
0.9952741
0.9954338
0.9810983
0.9788278
0.9822883
0.9841355
0.9777255
0.9890554
0.9938582
0.9927048
0.9926843
0.9854171
0.9913506
0.9956733
0.9910763
0.9904472
0.9902729
0.9964706
0.9897672
0.9822035
0.9925473
0.9936287
0.9843875
0.9701687
0.9701065
0.9921875
0.9908599
0.9894879
0.9806586
0.9947669
0.9937366
0.9927993
0.9973895
0.9965993
0.995604
0.996449
0.9976081
0.9925306
0.9941292
0.9901235
0.99207
0.9889802
0.9916965
0.9897274
0.9854899
0.9769005
0.9808238
0.9859746
0.9868685
0.9865172
0.9943915
0.9934334
0.9930624
0.9939807
0.9924025
0.9905779
0.994898
0.9844663
0.9874189
0.9840404
0.9870059
0.9929842
0.9914516
0.995412
0.9916281
0.9926602
0.9947814
0.9949854
0.9912753
0.992163
0.9821973
0.9950802
0.9837971
0.9713213
0.9949597
0.9941572
0.9941399
0.9969621
0.9944312
0.9974368
0.9975859
0.998652
0.9952428
0.9987662
0.9957391
0.9787323
0.9840697
0.9793251
0.9924679
0.9951905
0.9939047
0.9931291
0.9840405
0.9855685
0.9873855
0.9901798
0.9916472
0.9921205
0.9955044
0.9954251
0.9935647
0.9940537
0.9797888
0.9779945
0.9838051
0.9847758
0.980124
0.9884143
0.9923254
0.9934578
0.992272
0.9852178
0.9901595
0.9936838
0.9928945
0.992913
0.9921458
0.9937158
0.9908328
0.9835482
0.9909148
0.9906469
0.9853995
0.9729516
0.9730687
0.991698
0.9896846
0.9918258
0.9814404
0.994154
0.9940911
0.9940919
0.9970268
0.9963826
0.995116
0.99832
0.99702
0.9924832
0.9946735
0.9893316
0.9937241
0.9910909
0.9909657
0.9907427
0.9857233
0.9848991
0.9814032
0.9831435
0.9827221
0.9864795
0.9946375
0.993219
0.9934489
0.9883696
0.996502
0.9921683
0.9970441
0.9872357
0.9870165
0.9871352
0.989163
0.9922547
0.9906145
0.9936353
0.9937865
0.9948893
0.9923504
0.993729
0.9885353
0.9918546
0.9862115
0.9944916
0.9883242
0.9721652
0.9942219
0.9963031
0.995661
0.9967797
0.9949774
0.9978632
0.9974349
0.9971247
0.9974684
0.9966939
0.9934176
0.9793596
0.9860909
0.9801556
0.9933457
0.9941003
0.994709
0.9936921
0.9856485
0.9884252
0.9886686
0.9890999
0.9908241
0.9935233
0.9919648
0.9961492
0.9946036
0.994302
0.9800272
0.9810985
0.9811399
0.9813084
0.9815987
0.9890371
0.9934734
0.9924134
0.991145
0.9877641
0.9919083
0.9940828
0.9908421
0.9908456
0.9942609
0.9956775
0.9928571
0.9896246
0.9936096
0.9920016
0.9907549
0.9814293
0.9814982
0.9928896
0.9914359
0.9946066
0.9882822
0.9943656
0.9947694
0.9937754
0.9959839
0.9964933
0.9937444
0.9975016
0.994898
0.9925449
0.995082
0.9934526
0.993774
0.9905795
0.9918557
0.9925303
0.987825
0.9880753
0.9885837
0.985782
0.985479
0.9895761
0.9913594
0.9933622
0.9937166
0.9932606
0.9946914
0.9952218
0.9961268
0.9885925
0.9890897
0.9907164
0.9884742
0.9932021
0.9941691
0.9931398
0.9928134
0.9930183
0.9948509
0.9965789
0.988339
0.9932203
0.9893713
0.9925
0.9902098
0.9839417
0.9958841
0.9956782
0.997428
0.997047
0.9975181
0.9980512
0.996008
0.9990964
0.9984311
0.9986613
0.996222
0.9872633
0.9918169
0.9884191
0.9934867
0.9940577
0.9937993
0.9963194
0.9884755
0.9936634
0.9900374
0.9915764
0.9924903
0.9958581
0.9937602
0.9937722
0.9963325
0.9970199
0.9822009
0.9872524
0.9841739
0.9849348
0.9877196
0.986221
0.9949375
0.9943028
0.9930639
0.992371
0.9942349
0.9920273
0.9942677
0.9930754
0.995102
0.993807
0.9940384
0.9905121
0.9928428
0.9953488
0.992754
0.9878801
0.987987
0.9955527
0.9958612
0.9957476
0.991161
0.9948301
0.9958257
0.9969961
0.995494
0.9973745
0.9959826
0.9978761
0.998917
0.995489
0.9961509
0.9959322
0.9950894
0.9933036
0.991506
0.9961363
0.9908584
0.9902059
0.9879495
0.9923745
0.9896665
0.9880589
0.990627
0.9931995
0.992508
0.99563
0.9939279
0.9929329
0.9955303
0.9914763
0.991644
0.9925136
0.9939441
0.9966692
0.9946538
0.9938525
0.9961675
0.9955304
0.995172
0.9925049
0.9923906
0.994779
0.9896245
0.9921585
0.9918388
0.987168
0.9975464
0.9968113
0.9981678
0.9973118
0.9995076
0.9987562
0.9987253
0.9976166
0.9982194
0.9996172
0.9989659
0.9909012
0.993119
0.9906737
0.9929422
0.99589
0.9962252
0.9946015
0.98966
0.9933647
0.9887311
0.9893927
0.9938781
0.9939638
0.9966857
0.9943277
0.9955048
0.996972
0.9863463
0.9880405
0.988893
0.9893951
0.9914928
0.994404
0.9949681
0.9966273
0.9914821
0.9932834
0.9964555
0.995232
0.9935691
0.9949362
0.9953581
0.9966654
0.9937022
0.9902716
0.9947704
0.9941283
0.9930208
0.9869114
0.9868409
0.9954338
0.9947644
0.9952064
0.9908985
0.9891359
0.9895386
0.9950633
0.9947072
0.9979778
0.9958692
0.9974471
0.9970183
0.9937626
0.9976446
0.995184
0.9944067
0.992464
0.989916
0.9942029
0.9858512
0.9867482
0.9865759
0.9891892
0.9894636
0.9862266
0.9957067
0.9953535
0.9970739
0.9973773
0.9964844
0.9971729
0.9928361
0.9925747
0.9904006
0.9925884
0.991242
0.9963351
0.9942592
0.9943046
0.9948578
0.9969503
0.9938042
0.9959383
0.9908735
0.9910104
0.9922052
0.9940324
0.9845226
0.9872872
0.995725
0.9960425
0.9975805
0.9975513
0.9967246
0.9984041
0.9973788
0.9968454
0.9974302
0.9992092
0.9922893
0.9905424
0.9926511
0.9907816
0.9970924
0.9954545
0.9977434
0.9944571
0.9886101
0.9919284
0.9908362
0.9940653
0.9907205
0.9938181
0.995671
0.9958904
0.9968017
0.9972667
0.9872623
0.9916248
0.9879609
0.9874025
0.9869673
0.9873126
0.9951724
0.9937391
0.9933543
0.9933201
0.9951319
0.9941196
0.9960474
0.9955187
0.9964021
0.9950249
0.9961774
0.9939457
0.9950866
0.9956433
0.9958692
0.9913032
0.991331
0.9984258
0.9952475
0.9960006
0.9937413
0.9953623
0.9978295
0.9963127
0.9984
0.9971205
0.9978965
0.9990958
0.9958081
0.9963504
0.996039
0.9950767
0.9955347
0.9968404
0.9942997
0.9955177
0.9938224
0.9927322
0.9931064
0.9934354
0.9934444
0.9922156
0.9971989
0.995971
0.9986388
0.9957786
0.9930693
0.9958763
0.997839
0.9937334
0.9949073
0.9955743
0.9937847
0.9957382
0.9968092
0.9942939
0.9949531
0.9941563
0.9970425
0.9942887
0.9964734
0.9969081
0.9927494
0.9978034
0.9900091
0.991718
0.9982332
0.9972178
0.9968983
0.9992695
0.9962143
0.9976896
0.9976181
0.9995701
0.9990884
0.9984947
0.9969183
0.9942536
0.9953821
0.9933029
0.9979701
0.9980423
0.9968823
0.9960614
0.9929577
0.9926036
0.9950662
0.9936988
0.9939567
0.9961699
0.9925733
0.9953898
0.9986871
0.9980286
0.9893856
0.9862985
0.9910454
0.991314
0.990044
0.9928958
0.9940803
0.9948849
0.9896507
0.9958618
0.9966302
0.9972408
0.9956035
0.9946524
0.994625
0.9985632
0.9945213
0.9944042
0.9973622
0.9944925
0.9947396
0.9930095
0.9929809
0.9983713
0.995082
0.9969899
0.9941216
0.9943486
0.9964923
0.9946626
0.9945968
0.9982971
0.996505
0.9985889
0.9970944
0.9960792
0.9965614
0.9951895
0.9970461
0.9942646
0.9936709
0.9962756
0.9979036
0.9944521
0.9958425
0.994545
0.9969351
0.9935583
0.9954357
0.9979184
0.9962157
0.9965837
0.994324
0.9983871
0.9943182
0.9940189
0.9937746
0.9935498
0.9957101
0.9975047
0.9950723
0.9970664
0.9947936
0.9988747
0.9965636
0.996206
0.9947219
0.9972477
0.9928656
1.
0.9966049
0.9925719
0.9970018
0.9979802
0.9978974
0.9969777
0.9982122
0.9980103
0.998769
0.9995538
0.9981016
0.9994764
0.9987366
0.9937015
0.9954988
0.9936736
0.9942738
0.9951259
0.9979871
0.997151
0.9950377
0.9949761
0.9946879
0.9945019
0.992801
0.9953321
0.9950287
0.9960921
0.9986364
0.99484
0.9935884
0.991805
0.9923793
0.9876993
0.9964805
0.9965302
0.9956217
0.9995599
0.9946572
0.995674
0.9964175
0.9971452
0.9954489
0.9945341
0.9960815
0.998002
0.9969385
0.9964107
0.9951896
0.9977629
0.9968681
0.9955742
0.9955734
0.9977324
0.9977242
0.9971595
0.9958549
0.9971172
0.9986174
0.9983214
0.9990771
0.9976168
1.
0.9984009
0.9983498
0.9947724
0.9966102
0.9965691
0.9942029
0.9986376
0.9985929
0.9989496
0.9943725
0.9953443
0.996763
0.9968363
0.9991037
0.9986786
0.9990779
0.9972106
0.9973219
0.9983361
0.9970484
0.9962663
0.9973615
0.9943274
0.9980392
0.9988703
0.9954535
0.9986486
0.9957097
0.9963651
0.996728
0.9975135
0.9936521
0.9993754
0.9977488
0.9974107
0.9961612
0.9993284
0.997662
0.9955205
0.9957877
0.9989375
0.9944333
0.9962437
0.9980683
0.9986755
0.9963336
0.998995
0.997306
0.9993976
0.9982847
0.9958087
0.9964575
0.9957729
0.9966685
0.9986493
0.9964142
0.9940936
0.9970827
0.9981303
0.9951677
0.99649
0.9968074
0.9992145
0.9970477
0.9975693
0.9974333
0.9988208
0.9967398
0.9962481
0.9973321
0.9949676
0.9962612
0.9992424
0.9975478
0.9955313
0.994995
0.996982
0.9968595
0.9963653
0.9967757
0.9935933
0.997209
0.9959977
0.9989677
0.999322
0.9996497
0.9993072
0.9991517
0.9993698
0.9993791
0.9986781
1.
0.9993398
0.9994105
1.
1.
0.9982238
0.9993211
1.
0.9992598
1.
1.
0.9997448
1.
0.9978913
0.9973988
0.9993373
1.
0.996686
1.
1.
0.9997255
0.9993565
0.9992461
0.9995717
1.
0.9993155
0.9982979
1.
0.998004
1.
1.
1.
0.9989744
1.
0.9997144
0.9995591
1.
0.9983212
0.9982906
0.9994196
1.
1.
1.
1.
0.9995905
1.
0.9991319
0.9991256
0.9997544
0.9995017
0.9994763
0.9982425
1.
0.9987269
0.9993307
0.9992284
1.
0.9989637
0.9986499
0.9993043
0.9992976
0.9994023
0.9989712
0.9993455
0.998703
0.9993412
1.
0.9993451
0.9992953
1.
0.9990615
0.9989195
0.9982143
1.
1.
0.998002
0.9984674
0.9994807
0.999213
0.9994281
0.9993994
1.
1.
0.9992464
1.
0.9991686
0.9992941
0.9986772
1.
1.
0.9989637
0.9990566
0.9907345
0.9852023
0.9904794
0.9913851
0.9872933
0.9773335
0.9773003
0.9927695
0.9918717
0.993187
0.9844213
0.9943503
0.9952462
0.9934641
0.9978003
0.9975441
0.9961512
0.9971791
0.9949845
0.994399
0.9941685
0.9927457
0.9924639
0.9889916
0.9928731
0.9943781
0.9905165
0.9814728
0.9852142
0.9890612
0.9880049
0.9867215
0.9906997
0.9955791
0.9945703
0.9925517
0.9945866
0.9959839
0.9961459
0.9862088
0.9908999
0.9896266
0.9904952
0.9905678
0.992242
0.9902591
0.9910361
0.9922416
0.9938767
0.9949609
0.9921346
0.9890084
0.9901298
0.995856
0.9841629
0.9772103
0.9964937
0.9951869
0.9976768
0.9985371
0.9974476
0.9974155
0.9975909
0.9988569
0.9981132
0.9992583
0.9962171
0.9834232
0.9878971
0.9846672
0.9919368
0.9945486
0.9960938
0.9934369
0.9863438
0.9881306
0.9859589
0.9930902
0.9920758
0.9940889
0.9955734
0.9961643
0.9965318
0.9955741
0.9835994
0.9871477
0.9852876
0.9841
0.984966
0.9901606
0.9918089
0.9913083
0.9926656
0.9885493
0.9921037
0.9943107
0.9913831
0.9917661
0.9896942
0.9958798
0.9990138
0.9991239
0.9989963
0.9996693
0.9984548
0.9989761
0.9988932
0.9981796
0.9963348
0.999013
0.9987944
0.9992218
0.9991438
0.9994527
1.
0.9993519
0.9993275
0.9992418
0.9984127
0.9987657
0.998749
0.9986385
0.9986111
0.9981741
0.9993651
0.9992571
0.999004
0.9980192
0.9989407
0.9987662
0.9992829
1.
0.9993793
1.
1.
0.9975884
1.
0.9971456
0.9989583
0.9995458
0.9982643
0.9989659
0.9994501
0.9991677
1.
0.9979188
1.
1.
0.9977961
0.9980788
1.
0.9992733
0.9980575
0.9978471
0.99877
0.9988491
1.
0.9985528
0.9974664
0.9961936
0.9984308
0.9994145
0.9981572
1.
0.9992314
0.996357
1.
0.99891
0.9988673
0.9984448
0.998689
0.9981949
0.9994044
0.998184
0.9990588
0.9978022
0.9983171
0.999565
0.9964617
1.
0.998348
0.9993342
0.9985632
0.9947043
1.
0.9994984
0.9997468
0.9994495
1.
0.9990389
0.9986514
0.9993165
0.9986178
0.9988864
0.9989575
0.9975699
0.999382
0.9996725
0.9996703
0.9974874
0.9855827
0.9262623
0.9899918
0.9881734
0.9284772
0.9099324
0.9090407
0.9917491
0.9923948
0.9505099
0.9285896
0.9915237
0.9921575
0.9923017
0.9957961
0.9945654
0.9955621
0.9962581
0.996033
0.9874727
0.9916487
0.984567
0.9887422
0.9916756
0.9929172
0.9938748
0.985985
0.9808818
0.9794251
0.9824974
0.9863666
0.9878045
0.9922062
0.9936422
0.9931771
0.9946524
0.9951419
0.9957476
0.9958064
0.9828962
0.9838367
0.9856757
0.985802
0.9922109
0.9911458
0.991972
0.99289
0.9934874
0.9924423
0.99421
0.993012
0.9947136
0.9871465
0.9960584
0.986342
0.8863357
0.987236
0.988379
0.9872637
0.9938049
0.9928082
0.9944543
0.9960137
0.9951209
0.9958941
0.9977187
0.9914613
0.9191474
0.8924243
0.9178475
0.9875632
0.9922569
0.9928358
0.9912099
0.9806923
0.9891338
0.9872867
0.9896081
0.9901274
0.9927362
0.9927282
0.9940171
0.9939937
0.9959426
0.9819547
0.9798752
0.9811774
0.9823155
0.9840738
0.9902762
0.994662
0.9950543
0.9933913
0.9278142
0.9530384
0.9921808
0.993036
0.9866279
0.9873465
0.9948247
0.9859693
0.926413
0.9862662
0.9860035
0.951406
0.9044724
0.9040128
0.9917298
0.9891223
0.9727467
0.9323638
0.9915652
0.9909387
0.9939254
0.9951039
0.9949382
0.9953241
0.9946795
0.9955236
0.9887166
0.9913035
0.9856992
0.9881649
0.9876156
0.9888845
0.9905375
0.9800939
0.9750322
0.9724012
0.9792645
0.980221
0.9828075
0.9896082
0.9911069
0.991589
0.9922739
0.9933053
0.9933272
0.993553
0.9770756
0.9809622
0.9806798
0.9833963
0.9899058
0.9898303
0.9902129
0.9903955
0.9921603
0.9920456
0.9942974
0.9889848
0.9906533
0.9814354
0.9948309
0.9833694
0.8669107
0.9905299
0.9916192
0.9895685
0.9962399
0.9944192
0.9957208
0.9965466
0.9971121
0.9973444
0.9978755
0.9942721
0.9275283
0.9296137
0.9329227
0.9872028
0.9909366
0.9918912
0.9909321
0.9780596
0.984937
0.9831661
0.9900005
0.9867658
0.9909813
0.9931332
0.9949279
0.99485
0.9960038
0.9726071
0.9747041
0.9731273
0.9765951
0.9800396
0.9896496
0.992617
0.9926092
0.9915453
0.9480315
0.9727538
0.9935238
0.9902643
0.9866362
0.9853943
0.9953568
0.9913025
0.9345519
0.9925517
0.9910315
0.916727
0.9663532
0.9660247
0.9958437
0.9966622
0.8484409
0.9411529
0.9913005
0.9922606
0.9949211
0.994794
0.9946357
0.9960514
0.99621
0.9966054
0.9846016
0.9909688
0.9853957
0.9877222
0.9979012
0.9987891
0.998608
0.9963397
0.995887
0.9947287
0.9947095
0.9960785
0.9976278
0.997726
0.9973286
0.9985819
0.9984298
0.9989509
0.9994746
0.9989713
0.9895559
0.9902735
0.9929191
0.9930469
0.9938918
0.9946054
0.9949828
0.9962142
0.9952221
0.9965038
0.9988983
0.9981742
0.9986588
0.9971739
0.9991214
0.9978203
0.9599387
0.9781888
0.981685
0.9820111
0.9912192
0.9879997
0.9927892
0.9932001
0.9936936
0.9944022
0.9960887
0.9901951
0.9352272
0.8591093
0.9384946
0.9916437
0.996019
0.9950517
0.9962663
0.9917128
0.9926355
0.9949163
0.9953713
0.9963465
0.9954099
0.9950191
0.9962771
0.9975642
0.9977493
0.9950682
0.9956247
0.9949147
0.995754
0.9948565
0.9965018
0.997346
0.9979663
0.9983631
0.9148171
0.8530842
0.99562
0.9978007
0.9908923
0.9915668
0.9974521
0.986549
0.8977242
0.9861049
0.9862025
0.9262989
0.8362586
0.8357732
0.9920799
0.9900124
0.9584153
0.8910689
0.990954
0.9915216
0.9937636
0.9956327
0.9958845
0.9961094
0.9957997
0.99588
0.9876851
0.9907679
0.9834976
0.9885583
0.9869431
0.9856218
0.9908959
0.9743018
0.9680515
0.9686076
0.9749566
0.9766948
0.9764824
0.9887179
0.9905538
0.989828
0.9911048
0.9927566
0.9924433
0.9933687
0.9744642
0.9791661
0.9789581
0.9804273
0.9897708
0.9888075
0.9902668
0.9910385
0.9908851
0.9911928
0.9933257
0.9874197
0.9901701
0.9794034
0.9938947
0.9787113
0.7865713
0.9916226
0.9907956
0.9914292
0.9973789
0.9946229
0.9965363
0.9965574
0.9972899
0.9973086
0.9975264
0.9945089
0.8818768
0.884416
0.8907483
0.9881866
0.991851
0.9915933
0.991471
0.9714692
0.9823418
0.9809214
0.9864657
0.9855011
0.9884633
0.9902949
0.9939665
0.993131
0.9950166
0.9681077
0.9669627
0.9694969
0.971264
0.9730815
0.9853948
0.9913998
0.9901949
0.9891345
0.9244626
0.9568378
0.9910045
0.991142
0.9853093
0.9868271
0.9928567
0.9848154
0.9031018
0.9850794
0.9855765
0.9323892
0.8580444
0.8574486
0.9913915
0.9906594
0.9568296
0.8955865
0.9915157
0.9915167
0.9936111
0.9947534
0.9951053
0.9958233
0.9959329
0.9955591
0.987985
0.9918895
0.983843
0.9875031
0.9864941
0.9876355
0.9897959
0.9740808
0.9699719
0.9683847
0.9734885
0.9761706
0.9793063
0.988552
0.9898137
0.9897171
0.9908052
0.9924902
0.9932437
0.9937628
0.9754671
0.9778808
0.9784633
0.9803781
0.9894936
0.9903213
0.9915014
0.9904066
0.990066
0.9925251
0.993477
0.9875058
0.9892355
0.9815471
0.9941617
0.97816
0.8196224
0.9911722
0.9894987
0.9908265
0.9964265
0.994495
0.9961484
0.9961386
0.996444
0.9975888
0.9981723
0.9931395
0.8920738
0.8929385
0.901451
0.9869986
0.9912298
0.9919291
0.9906299
0.9723491
0.9816149
0.9807429
0.9867796
0.9867335
0.9880331
0.9910101
0.9939735
0.9938853
0.9943027
0.9713496
0.9710646
0.9717998
0.9756136
0.9776436
0.9870159
0.9924427
0.991605
0.9901315
0.9280727
0.9571294
0.9921529
0.9908514
0.9846271
0.9864139
0.9938787
0.985986
0.8934581
0.9855674
0.9867722
0.922143
0.849191
0.8482731
0.9919896
0.9909954
0.9552688
0.8866503
0.9907475
0.9921742
0.9932469
0.9949482
0.9955486
0.9960065
0.9957533
0.9956876
0.9874457
0.9907599
0.9845053
0.9876519
0.9861531
0.9872762
0.9898851
0.9749547
0.9700953
0.9723256
0.9766423
0.9782288
0.9817922
0.9878194
0.9906325
0.9916749
0.9909501
0.9929631
0.9933596
0.9938453
0.9763207
0.9781899
0.9788769
0.9811409
0.9889845
0.9895121
0.9911555
0.9906252
0.9907613
0.991564
0.9927357
0.9876626
0.9903658
0.9807747
0.9943438
0.9792985
0.7985723
0.9910743
0.9888212
0.9912597
0.9962487
0.9949126
0.995512
0.9963411
0.9968143
0.9966855
0.9980725
0.9935767
0.8833558
0.8820782
0.8902893
0.9868965
0.9923715
0.9925785
0.991699
0.9729952
0.9838638
0.9819931
0.9882024
0.9858201
0.98894
0.9902266
0.9937962
0.9940398
0.9944077
0.9694682
0.9690107
0.9720301
0.9751871
0.9766443
0.9866471
0.9915114
0.9910366
0.9902389
0.9183462
0.9543736
0.9912309
0.9911645
0.9856208
0.9853855
0.9935935
0.985949
0.9017145
0.9870395
0.9852905
0.9272757
0.8572588
0.8564007
0.9912977
0.9909762
0.9572174
0.8939568
0.9896802
0.9912955
0.9938791
0.9952342
0.9955419
0.996297
0.9950621
0.9959182
0.9872973
0.9919046
0.9835671
0.9878228
0.9861301
0.9873261
0.9894373
0.976916
0.9723034
0.968514
0.9758583
0.9775796
0.9815922
0.989462
0.9902589
0.9908486
0.991896
0.9928393
0.9929491
0.9941298
0.9764734
0.9789928
0.978214
0.9820849
0.9896894
0.9900796
0.9906445
0.9908571
0.9915451
0.9912803
0.9929466
0.9882943
0.9908995
0.9817482
0.9945461
0.9781663
0.8159692
0.9896127
0.9889415
0.9918896
0.9961186
0.9939535
0.995944
0.9968194
0.9970219
0.996818
0.9984654
0.9941351
0.8911146
0.8901535
0.9003768
0.9882346
0.9915887
0.9919113
0.9902765
0.9731364
0.9829874
0.982719
0.9874541
0.987
0.9888572
0.9906448
0.9941031
0.9936344
0.994808
0.9706342
0.9699542
0.9752631
0.9745298
0.9776058
0.9868607
0.9925978
0.9917595
0.9906631
0.9250133
0.9560582
0.9916166
0.9900412
0.9847773
0.9865005
0.9938843
0.98827
0.9445948
0.9871708
0.9884421
0.9616672
0.9198568
0.9193876
0.9925847
0.9894059
0.9751693
0.9411602
0.9923804
0.9933601
0.9932695
0.9951894
0.9959093
0.9965694
0.9972124
0.996996
0.9873161
0.9930025
0.9875731
0.9881794
0.9908963
0.9884724
0.9927744
0.9785701
0.9748082
0.9751667
0.9819281
0.9803231
0.9814234
0.9910109
0.9893059
0.9910342
0.992863
0.994062
0.9926972
0.9941283
0.9816126
0.9832965
0.9819947
0.9844708
0.9903074
0.9913799
0.9922557
0.9926369
0.9917568
0.9923341
0.994022
0.9895582
0.9914169
0.9818737
0.9969265
0.9777792
0.9082489
0.9909034
0.9914525
0.9918237
0.9963204
0.9954745
0.9977489
0.9964014
0.9976394
0.9963892
0.9981384
0.9949077
0.9421773
0.9502203
0.9493321
0.9885255
0.992188
0.9912538
0.9908343
0.9779794
0.9841706
0.9828249
0.9891388
0.9880093
0.9896461
0.9924673
0.9944104
0.9949146
0.9951717
0.9772475
0.9720255
0.9769249
0.9786928
0.9777979
0.9906299
0.9930457
0.99215
0.9907062
0.9612516
0.9752506
0.9915736
0.9898637
0.9875307
0.9893179
0.9929078
0.9833628
0.9466742
0.987718
0.9874026
0.9660172
0.9154597
0.9149061
0.9904075
0.9889725
0.9805098
0.9426376
0.9910223
0.9931531
0.994223
0.9948017
0.9957504
0.9968591
0.9961349
0.995965
0.9895682
0.9918373
0.9862257
0.9908382
0.9854227
0.9857272
0.9889549
0.9774143
0.9695536
0.9692197
0.9776969
0.978128
0.9777778
0.9862973
0.9910474
0.9900831
0.9921194
0.991821
0.993096
0.9919431
0.9795676
0.9818901
0.9808399
0.9833442
0.9914849
0.9899537
0.9911143
0.9910199
0.992914
0.9928189
0.9918377
0.9862779
0.9884419
0.9833894
0.9928717
0.9776576
0.9106745
0.9925699
0.9907094
0.9920036
0.9964294
0.9954905
0.9971315
0.9966696
0.99805
0.9969669
0.9980774
0.9947935
0.9435406
0.954634
0.9484476
0.9877703
0.9895919
0.9906528
0.9903353
0.9761438
0.9838005
0.9816169
0.9897742
0.9830205
0.9882943
0.9900808
0.9949106
0.995172
0.9966208
0.9720882
0.9726956
0.9760738
0.9767212
0.97911
0.9870571
0.993546
0.9917928
0.9884284
0.9626136
0.9774717
0.9921307
0.9886508
0.9849573
0.9863812
0.9939436