0.9852099
0.9853572
0.9852175
0.9848989
0.9876673
0.9900659
0.9934386
0.9845515
0.9853246
0.9850448
0.9873056
0.9876992
0.9869806
0.9972603
0.9895634
0.9880883
0.994422
0.9929064
0.9887247
0.9921407
0.991087
0.9921404
0.9921775
0.9924323
0.9933193
0.991903
0.9936328
0.9920499
0.994574
0.9934631
0.994433
0.9944271
0.9937236
0.992177
0.9920553
0.9918376
0.9923339
0.9931755
0.9921561
0.9905608
0.9934179
0.9923591
0.9937228
0.9867193
0.9848894
0.9934923
0.9910267
0.9906778
0.9906227
0.9890619
0.9907544
0.9882822
0.9928195
0.9932901
0.9933878
0.9941881
0.9945641
0.9934248
0.9935092
0.9941896
0.9898303
0.9896703
0.9908213
0.9905594
0.9901762
0.9903634
0.9908048
0.9896198
0.9905921
0.9886283
0.9878675
0.9902192
0.9934567
0.9926437
0.9968051
0.9967258
0.9976919
0.9936626
0.9929078
0.9919377
0.9870907
0.99339
0.9941457
0.9970254
0.9939458
0.9925495
0.9953515
0.9917545
0.9911602
0.9955876
0.9935869
0.9903148
0.9929091
0.9938831
0.9965762
0.9978172
0.9973898
0.9914018
0.9945593
0.9950797
0.8757187
0.8682726
0.8780552
0.8685816
0.6953571
0.8692541
0.9423106
0.8731842
0.8655435
0.8344233
0.822851
0.8475962
0.8102254
0.9969485
0.9833612
0.9882325
0.9875663
0.988461
0.988335
0.8742282
0.8469073
0.8918193
0.8907471
0.8919421
0.8984432
0.906855
0.8812684
0.8960652
0.9276107
0.917207
0.9168481
0.9171465
0.8836635
0.8398834
0.8380092
0.8913842
0.8899493
0.9143253
0.8682424
0.9855784
0.8802751
0.903866
0.9155117
0.688908
0.7102701
0.9155972
0.7440282
0.9860753
0.9869137
0.9872335
0.9866329
0.6983979
0.9166231
0.9007826
0.9148569
0.9206213
0.9188365
0.9148336
0.8814995
0.9206031
0.9179801
0.9178356
0.9163885
0.9156674
0.9164299
0.9163756
0.9159136
0.9180324
0.9172575
0.7036105
0.9779527
0.9838667
0.9847332
0.9894804
0.9948209
0.9936603
0.9957806
0.9889706
0.9912803
0.9935142
0.9871083
0.9856412
0.9900698
0.9941751
0.9944225
0.9911354
0.9956996
0.9779333
0.9858028
0.9914165
0.9891258
0.981649
0.9870159
0.9906936
0.9946225
0.9949766
0.9961714
0.9807232
0.990359
0.9925173
0.9876918
0.9873796
0.9867523
0.9872926
0.9884704
0.9886756
0.992368
0.9860755
0.9867962
0.9882024
0.9886995
0.9873944
0.9883718
0.9967016
0.9891342
0.9844781
0.9509239
0.9699029
0.992135
0.9916387
0.990129
0.9903756
0.9912732
0.9919269
0.9911285
0.9905366
0.9914765
0.9910187
0.9922439
0.9921219
0.9927383
0.9927306
0.9915484
0.9914619
0.9910988
0.991571
0.9909533
0.9916151
0.9908077
0.9456147
0.9914733
0.9904715
0.9916712
0.9876564
0.9865863
0.9918294
0.9898278
0.9901885
0.8914729
0.954416
0.958609
0.9876853
0.991719
0.9917093
0.9921477
0.9921901
0.9920089
0.9921135
0.9914123
0.9921921
0.9881887
0.9902916
0.989426
0.9894989
0.9884799
0.9883019
0.9897097
0.987911
0.98933
0.988251
0.9899908
0.9919384
0.9935197
0.9963785
0.9955298
0.9967716
0.997726
0.9932987
0.9936989
0.9928496
0.9633984
0.9902439
0.994211
0.993847
0.9948106
0.9954118
0.9985735
0.9916667
0.9905075
0.9919392
0.9947587
0.990557
0.9914862
0.9892013
0.9974039
0.9948732
0.9968553
0.9917771
0.9922347
0.9921059
0.98925
0.987431
0.9869191
0.9878243
0.9895315
0.9886402
0.9912816
0.9886523
0.9878245
0.9885457
0.9888195
0.9882946
0.988618
0.9975132
0.9910353
0.9881259
0.9343111
0.8839612
0.9901633
0.9901755
0.990478
0.9907283
0.9914803
0.991154
0.9910469
0.9905334
0.9906745
0.9914167
0.9907596
0.9914096
0.9912436
0.9911866
0.9905716
0.9902872
0.9903362
0.9909967
0.9910169
0.9911283
0.9908404
0.9695752
0.9907245
0.9901152
0.9904184
0.9891335
0.9880867
0.9910856
0.9905164
0.9935231
0.9709471
0.9841509
0.9828237
0.9891473
0.9909532
0.9909935
0.99122
0.9905296
0.9915179
0.9913007
0.9907312
0.9905558
0.992184
0.9904741
0.9902381
0.9909457
0.9906743
0.9903389
0.9907442
0.9916617
0.991021
0.9891439
0.9905927
0.9908358
0.9920349
0.9960428
0.9953829
0.9977778
0.9970545
0.9928952
0.9937575
0.9970035
0.9824862
0.9923386
0.9949417
0.9975213
0.9946424
0.9948064
0.9970405
0.9910439
0.9946097
0.9929011
0.9946164
0.9936554
0.9920545
0.9940175
0.9965129
0.9966592
0.998522
0.9947417
0.9933643
0.9945199
0.9875916
0.9880774
0.988531
0.9881591
0.9896089
0.9905636
0.9927516
0.9875761
0.9877792
0.9892207
0.9898553
0.9882881
0.9887402
0.9968691
0.9899329
0.9639878
0.9885827
0.9852594
0.9732878
0.99248
0.9917937
0.9921001
0.9926616
0.9917521
0.9923468
0.992003
0.9920246
0.9916569
0.9914492
0.9918576
0.9925002
0.9924922
0.9920971
0.9914464
0.9913239
0.9918646
0.9913397
0.9919816
0.991938
0.9888784
0.9919326
0.9914277
0.9917393
0.989652
0.9876046
0.9927891
0.9907908
0.9897132
0.9850403
0.9900188
0.9885057
0.989602
0.9924108
0.9919512
0.9914018
0.9926381
0.9926614
0.9913198
0.9920705
0.9926637
0.9913851
0.9908061
0.9910146
0.9904906
0.9903305
0.9907783
0.990737
0.9909409
0.9912028
0.9893751
0.9938852
0.9913571
0.9943009
0.9960234
0.995082
0.9966434
0.9970362
0.9917374
0.9946962
0.9956104
0.9922393
0.9946278
0.9942516
0.995838
0.9975826
0.99239
0.9964243
0.9916396
0.9927089
0.9962076
0.9934567
0.9929762
0.9960272
0.9951501
0.9991929
0.9980425
0.9982148
0.9923795
0.9964555
0.9966547
0.9856497
0.9857356
0.9865722
0.9855175
0.9881437
0.9880814
0.9937677
0.9855855
0.985324
0.9874187
0.988364
0.986756
0.9876349
0.9967174
0.9908997
0.9907728
0.9611612
0.9741662
0.9892597
0.9925007
0.9915184
0.991255
0.9921056
0.9917155
0.9926902
0.9918459
0.9928973
0.9918628
0.993871
0.9926932
0.9933322
0.9933488
0.9929629
0.9920939
0.9913538
0.9918069
0.9920633
0.992518
0.9917882
0.9443701
0.9926644
0.9909205
0.9925371
0.9868227
0.9853986
0.9930391
0.9901203
0.9902186
0.9207921
0.966492
0.968645
0.9873543
0.9925999
0.9927097
0.9930981
0.9930193
0.993224
0.9930653
0.9930368
0.9929975
0.9886113
0.9877762
0.9885011
0.9880891
0.988188
0.9885691
0.9884525
0.987843
0.9886198
0.9882341
0.9893944
0.9908798
0.9929812
0.9950316
0.9971242
0.9965166
0.9968847
0.9933218
0.9960566
0.9960568
0.967997
0.9927225
0.9925086
0.9946766
0.9945722
0.994049
0.9960137
0.9910768
0.9923692
0.993124
0.9919249
0.991547
0.9939249
0.9919517
0.996117
0.9973198
0.9960125
0.9922563
0.9933434
0.9919019
0.9867143
0.9853935
0.9866874
0.9855886
0.987447
0.9889418
0.9955075
0.9854102
0.9828633
0.9848007
0.9876012
0.9861671
0.9864701
0.9973198
0.9924632
0.9868903
0.9575221
0.9698259
0.9927439
0.9923611
0.9909755
0.9918469
0.9920028
0.9925723
0.9924514
0.9923123
0.9924729
0.9927473
0.9937244
0.9937814
0.9939943
0.9939407
0.992817
0.9920044
0.9914935
0.9924004
0.9923026
0.99367
0.992474
0.9474386
0.9927182
0.9931658
0.9932797
0.9863527
0.9840751
0.9926019
0.990519
0.9892597
0.9200158
0.968645
0.9653947
0.9864275
0.9938914
0.992507
0.9936065
0.9940097
0.9936669
0.9937823
0.9925567
0.9940113
0.9904602
0.9898862
0.9895086
0.990659
0.9891974
0.9889056
0.9899031
0.9897229
0.9899408
0.9880572
0.9862887
0.989805
0.9924298
0.9939024
0.9955544
0.9962527
0.9966054
0.9907228
0.9934959
0.9955345
0.9745842
0.9919776
0.9946661
0.9986762
0.9969096
0.993135
0.9991497
0.9907785
0.9952941
0.9947429
0.9923731
0.9921962
0.9915192
0.9912849
0.9953428
0.9949021
0.9960182
0.9901171
0.9929185
0.992377
0.9862667
0.9838655
0.9853236
0.9838606
0.9875944
0.9882601
0.9939742
0.984974
0.9854985
0.9853409
0.9879154
0.987047
0.9874199
0.9958034
0.9898381
0.986259
0.9467809
0.9671206
0.9909806
0.9921308
0.9905339
0.9910869
0.99144
0.9918419
0.9920094
0.9914708
0.9910329
0.9912853
0.9932545
0.9921937
0.992881
0.9928498
0.991347
0.9915911
0.9912005
0.9915293
0.991584
0.9921469
0.9914435
0.9492754
0.9913851
0.9918312
0.9919119
0.9869988
0.9851343
0.9923242
0.9902267
0.9853197
0.9147875
0.959781
0.963339
0.9866233
0.9923207
0.9921175
0.9925185
0.9925216
0.9929659
0.9924385
0.9911807
0.9924999
0.9878122
0.9889394
0.9881975
0.9891653
0.9883322
0.9890102
0.9890053
0.9892285
0.9884637
0.9884102
0.987035
0.9912218
0.9925926
0.9954731
0.9965888
0.997314
0.9960182
0.9917802
0.9927655
0.9955145
0.9651911
0.9934592
0.9948619
0.9965352
0.994816
0.9912543
0.9945637
0.9896829
0.9906985
0.9937988
0.9925651
0.9920141
0.992238
0.9926075
0.9961049
0.9959612
0.9954246
0.9922422
0.995057
0.9944457
0.594474
0.5966517
0.6696797
0.6714065
0.8847263
0.9256376
0.9768351
0.6639565
0.8863314
0.876467
0.8976974
0.9006493
0.8843692
0.9950656
0.9810365
0.9876358
0.9872011
0.9886164
0.9888981
0.9523502
0.9466395
0.9612353
0.9650953
0.9653491
0.970113
0.9708417
0.9643152
0.9664507
0.977449
0.9720573
0.9758902
0.9760681
0.9650167
0.9535188
0.9526316
0.9652197
0.9650956
0.9711155
0.9522633
0.9866299
0.9641695
0.9694031
0.9751124
0.8674785
0.8421191
0.9697166
0.9316284
0.983596
0.9848502
0.9868181
0.987386
0.8892011
0.9719578
0.9699774
0.9716418
0.9747634
0.9746097
0.9715985
0.9641164
0.9747678
0.9588216
0.9586877
0.9571244
0.9564118
0.9574034
0.9574337
0.9588131
0.9575012
0.9583947
0.9003944
0.97371
0.9818202
0.9809635
0.9896405
0.9937315
0.9935098
0.99438
0.9888377
0.9900621
0.9924952
0.985399
0.9839067
0.9881158
0.9925624
0.9937448
0.9885606
0.9954181
0.9730953
0.9850935
0.9894219
0.9851869
0.9793026
0.9864123
0.9907151
0.9950077
0.9952586
0.9958581
0.9799042
0.9887279
0.9915983
0.8882607
0.8830208
0.887466
0.8814558
0.8911555
0.9300094
0.9694233
0.8842294
0.889087
0.8781866
0.9171445
0.898817
0.8875355
0.9947328
0.9818225
0.9896427
0.9895411
0.9907543
0.9890876
0.9465127
0.9473379
0.9615979
0.9592829
0.9600191
0.9671494
0.9689006
0.9629515
0.9600233
0.9742033
0.9676462
0.9721288
0.9721252
0.9634359
0.9523583
0.9495746
0.9589728
0.9602738
0.966853
0.9473782
0.9869191
0.9618698
0.9682027
0.9714483
0.8749929
0.8605517
0.9668053
0.9373804
0.9847582
0.9860378
0.9884377
0.9875612
0.9064263
0.9680017
0.9673955
0.9678548
0.9712907
0.9694296
0.9678398
0.9626869
0.9712958
0.9626593
0.9631303
0.9636748
0.9623148
0.9617914
0.9624232
0.9632944
0.9619998
0.9641094
0.9096562
0.9749578
0.9804853
0.9845084
0.9898421
0.9941621
0.9915462
0.9946022
0.987169
0.9879084
0.9917425
0.9866978
0.9845156
0.9906056
0.9928331
0.9934583
0.9903185
0.994855
0.9741468
0.9847268
0.988943
0.9866841
0.9795414
0.9868494
0.9898252
0.994973
0.9958325
0.9956235
0.9764292
0.9887462
0.9906365
0.9418766
0.9414476
0.9413235
0.9414025
0.8799749
0.9225634
0.9438975
0.9424085
0.9379406
0.9312342
0.8993634
0.9297984
0.9112746
0.9979513
0.988159
0.9901891
0.9905486
0.9900471
0.9911301
0.8987949
0.8960401
0.914035
0.9079788
0.9091292
0.9079591
0.9127214
0.9042993
0.9133247
0.9190732
0.9181623
0.9147387
0.9150416
0.9049357
0.8929932
0.8915651
0.9084476
0.9086465
0.9153014
0.8963609
0.9893281
0.9031143
0.9130906
0.914749
0.8883694
0.9045324
0.923333
0.8661478
0.9912624
0.9902941
0.9900463
0.989622
0.8798181
0.9151977
0.9102934
0.9159239
0.9105539
0.912182
0.9160506
0.9030706
0.9105994
0.9275666
0.9268581
0.9275141
0.929623
0.925883
0.9266354
0.9285258
0.9276889
0.9281103
0.8818447
0.9876955
0.9911639
0.9906939
0.9932764
0.9961399
0.996681
0.9970774
0.9926948
0.9937722
0.9950923
0.9902757
0.9909736
0.9932688
0.9954451
0.9953217
0.9941641
0.9971314
0.9875961
0.991592
0.9948427
0.9944422
0.9891574
0.990431
0.9939381
0.9952927
0.9959094
0.9966886
0.9876113
0.9934274
0.9945931
0.7143613
0.7050494
0.6908225
0.693863
0.8773209
0.922614
0.9787727
0.6956762
0.8796196
0.8675814
0.8949622
0.8952125
0.8773533
0.9948511
0.9797498
0.9879233
0.987146
0.9882071
0.9880769
0.9518522
0.9476802
0.9622585
0.9659272
0.9662094
0.9711296
0.9731879
0.9667139
0.9673999
0.979477
0.9746887
0.9764583
0.9766487
0.9677305
0.9532496
0.9524509
0.9661666
0.9656776
0.9724816
0.9505586
0.9851947
0.9665984
0.9705641
0.9763746
0.8587385
0.8307426
0.9702704
0.930255
0.9824997
0.9845044
0.9871408
0.9869991
0.8841515
0.9731019
0.9718668
0.9725098
0.976816
0.9760032
0.9729103
0.9669823
0.9768199
0.958834
0.9576215
0.9574609
0.9556655
0.9569563
0.9554986
0.9579877
0.9581319
0.9588944
0.8962042
0.9738669
0.9800171
0.9809036
0.9901748
0.9934341
0.9925013
0.9940478
0.9880756
0.9890094
0.9926736
0.9860048
0.9835666
0.9896776
0.9925483
0.9936358
0.9885512
0.9952639
0.9735276
0.9845574
0.9887744
0.9847404
0.9797801
0.9846939
0.9902702
0.9946496
0.9950756
0.9959105
0.9781694
0.9887107
0.9911096
0.6935686
0.6728821
0.5803976
0.6676345
0.8873139
0.927725
0.9780557
0.6660426
0.8883117
0.8770115
0.9018407
0.9024969
0.882642
0.9953727
0.9819003
0.9875198
0.9885952
0.9889175
0.9878811
0.9519132
0.948082
0.9611613
0.9662151
0.9660436
0.9717751
0.9722368
0.9667868
0.9672032
0.9785045
0.9738594
0.9771001
0.9771984
0.9673295
0.9541252
0.9535597
0.9644322
0.9667078
0.9721634
0.9524077
0.9870686
0.9660674
0.969522
0.9758775
0.8700576
0.8469629
0.9703464
0.9330198
0.9839172
0.9847349
0.9869519
0.9873805
0.8939712
0.9726569
0.9718255
0.9719801
0.9765674
0.9755842
0.972279
0.9668297
0.9765715
0.9597453
0.9567659
0.9580185
0.9573863
0.9571339
0.9568735
0.9581183
0.9595067
0.9599879
0.9041545
0.9757794
0.9809969
0.9815643
0.9910239
0.9938715
0.9933567
0.9935494
0.9887937
0.9895284
0.991861
0.9859998
0.9842347
0.9886095
0.9932014
0.9931102
0.9879427
0.9958983
0.9743828
0.9856848
0.9899582
0.9856814
0.9790013
0.9858739
0.9900845
0.9950221
0.9953214
0.9952387
0.9803016
0.98892
0.9918346
0.9871781
0.985588
0.9865622
0.9860914
0.9883405
0.9886484
0.9956426
0.9861092
0.9838646
0.9850094
0.9891436
0.9856468
0.9885401
0.9948872
0.9866782
0.989372
0.9585472
0.9722761
0.9899962
0.9921999
0.9912699
0.9914402
0.9925375
0.9930815
0.9935848
0.9921216
0.9927708
0.9923457
0.9941138
0.9929738
0.9939199
0.9939608
0.992942
0.9914872
0.9912377
0.9926926
0.9927101
0.9926299
0.9925222
0.9493985
0.9931933
0.9914083
0.9925575
0.9869454
0.9853072
0.9923226
0.9907392
0.9907639
0.9256035
0.9646151
0.9662035
0.9876119
0.9926889
0.9934998
0.9928176
0.9931812
0.9940355
0.9928307
0.9929097
0.9931829
0.9884516
0.9882954
0.9880447
0.9893111
0.9879175
0.9891184
0.9888905
0.9886617
0.9885358
0.9886706
0.9868624
0.9924745
0.9944465
0.9915775
0.9923422
0.9964978
0.9951498
0.9928571
0.9939281
0.9973608
0.971762
0.9906156
0.9933419
0.9965278
0.9971495
0.9933272
0.9971396
0.9881333
0.9910535
0.9914668
0.9938744
0.9889317
0.9925994
0.991236
0.9950508
0.9954104
0.9977123
0.9911572
0.994832
0.9951344
0.9850185
0.9844866
0.984228
0.9837561
0.9878931
0.988546
0.9963028
0.9842954
0.9847015
0.9849024
0.988106
0.9859181
0.9883089
0.9967036
0.9873921
0.988408
0.9559201
0.9731037
0.9896194
0.9918848
0.9909725
0.9921976
0.9923313
0.9926762
0.993147
0.9923788
0.9936212
0.9919488
0.9945811
0.9927855
0.9942749
0.9942216
0.9936383
0.9921696
0.9920354
0.9925666
0.9919525
0.9933451
0.991872
0.949256
0.9934065
0.9921583
0.9933962
0.9874791
0.9846681
0.9926254
0.990709
0.9898038
0.9175627
0.9700767
0.9708738
0.9873524
0.993428
0.9932364
0.9929111
0.9937715
0.9941758
0.992878
0.9935332
0.9937731
0.9892473
0.9891644
0.9890171
0.9901694
0.9888913
0.9894551
0.9894876
0.9894905
0.9886139
0.9883726
0.9893715
0.9894075
0.9937084
0.9934196
0.9947396
0.9965035
0.9957301
0.9933016
0.9932322
0.9971007
0.9766049
0.9919491
0.9929185
0.9978695
0.9950739
0.9942608
0.9962847
0.9889125
0.9923497
0.9944891
0.9925618
0.9886181
0.9935377
0.9917003
0.9947971
0.9948759
0.99743
0.9914725
0.9946225
0.9942103
0.9158033
0.9122923
0.9156641
0.9099671
0.8836491
0.9084371
0.9344863
0.9138135
0.9012504
0.8946987
0.9189408
0.8950479
0.8992326
0.9964398
0.9828489
0.9882285
0.9897218
0.9874836
0.9893445
0.9158909
0.9169754
0.9264348
0.9191843
0.9187557
0.9270499
0.9333363
0.923723
0.9208266
0.9399687
0.9358994
0.9332731
0.9334368
0.9248222
0.9068379
0.9044266
0.9175293
0.9199988
0.9336564
0.9151016
0.9875291
0.9233083
0.9326216
0.9343962
0.8752765
0.885344
0.9368075
0.8900026
0.9869369
0.9881772
0.9890283
0.9891827
0.8878362
0.9354753
0.9275682
0.9357028
0.9350493
0.9327808
0.9353446
0.9243944
0.9350441
0.9383214
0.9390444
0.9384406
0.9392697
0.9392754
0.9390953
0.9403387
0.9396293
0.9388365
0.8756906
0.977173
0.9803791
0.9865497
0.9894819
0.9951915
0.9931973
0.9947291
0.9877348
0.9904854
0.9924464
0.9887705
0.9844893
0.9893778
0.9931722
0.9947553
0.9910725
0.9954969
0.9778421
0.9848053
0.9894947
0.9882806
0.9821089
0.9849839
0.9896901
0.9945944
0.9940599
0.9952401
0.9807137
0.9895595
0.9905888
0.9835763
0.9845814
0.9848974
0.984127
0.9879288
0.9888983
0.9929395
0.9843936
0.9848366
0.984266
0.9883302
0.9860975
0.9872629
0.9973436
0.9907818
0.9927578
0.9648544
0.9751244
0.992594
0.9912247
0.9909802
0.9909312
0.9916763
0.9917859
0.9917372
0.9917128
0.9918389
0.9919795
0.9923274
0.9922734
0.993007
0.9929996
0.9915563
0.9905276
0.9906993
0.992088
0.9921126
0.9914864
0.9912961
0.9581927
0.9918891
0.9919336
0.9914896
0.9871618
0.9858417
0.9924984
0.9903986
0.9887426
0.9240879
0.9701576
0.9745528
0.9880868
0.9919366
0.9916975
0.9914861
0.9926477
0.9926941
0.9915437
0.9917768
0.9926496
0.9893799
0.9892969
0.9898916
0.9894814
0.9903991
0.9888065
0.9895807
0.9899214
0.9904404
0.9879391
0.9903773
0.9916533
0.9935803
0.9923613
0.9966304
0.9960159
0.9963524
0.993587
0.9951635
0.9953076
0.9691704
0.9920223
0.9934197
0.996578
0.9956499
0.9936393
0.9974662
0.9918821
0.9913248
0.9934076
0.9941647
0.988546
0.9900845
0.9942452
0.9938287
0.9957447
0.9963349
0.9910782
0.9942504
0.9940449
0.916276
0.9118453
0.9167426
0.9121886
0.8404802
0.8662907
0.9181321
0.9142228
0.9064806
0.8919049
0.8874731
0.8877133
0.8872751
0.9966287
0.9861037
0.9896826
0.9887053
0.9903914
0.9905172
0.8724842
0.8731665
0.8967362
0.8797712
0.8827563
0.8799326
0.8979609
0.8826408
0.8842812
0.8997929
0.902772
0.8943217
0.8942635
0.8848942
0.8567648
0.8535422
0.8790866
0.883478
0.9001838
0.8688683
0.988021
0.8826145
0.8984479
0.8996843
0.842349
0.8655924
0.9011811
0.8192201
0.9878067
0.9878305
0.9884453
0.9874232
0.8317747
0.9016157
0.8805507
0.90041
0.8902892
0.8902362
0.9007999
0.8834019
0.8902224
0.9151825
0.9153694
0.9144925
0.9147076
0.9150947
0.9142531
0.9145366
0.9147395
0.9144656
0.8121438
0.9809203
0.9858097
0.9881596
0.9906014
0.9945388
0.9947459
0.9963251
0.9914219
0.9917174
0.9943204
0.9886103
0.9872761
0.9918169
0.9947886
0.9953108
0.9921978
0.9954748
0.9813952
0.9878721
0.9916299
0.9909251
0.9829657
0.988317
0.991766
0.9948972
0.9951789
0.9966395
0.9836958
0.9917944
0.9916829
0.9880728
0.9898698
0.9898885
0.989157
0.9892915
0.9894979
0.992438
0.989961
0.9885419
0.9898764
0.9899845
0.9897394
0.9892509
0.997191
0.9906608
0.987495
0.8194954
0.9218261
0.9923259
0.9904029
0.9898417
0.9902266
0.9896854
0.9900751
0.9902812
0.9903902
0.9887611
0.9902363
0.9906328
0.9901437
0.9908123
0.9906832
0.9891654
0.9900401
0.9899153
0.9904408
0.9904694
0.9902901
0.9906835
0.9619397
0.988542
0.989429
0.989812
0.9893718
0.9893439
0.9903646
0.9895795
0.9917225
0.9423384
0.9679155
0.9756144
0.9884598
0.9905556
0.9905203
0.9898437
0.9905745
0.9908118
0.9899228
0.9892033
0.9905531
0.9880156
0.9897146
0.9891494
0.9901203
0.9893231
0.9895891
0.9891738
0.9894753
0.9885562
0.9896464
0.9926321
0.9935886
0.9960242
0.9917956
0.9980978
0.9980496
0.9973404
0.9924276
0.9927693
0.9972678
0.9698667
0.9915466
0.9955928
0.9986199
0.9959742
0.9950296
0.9952395
0.9944496
0.9947849
0.9943128
0.9921082
0.993479
0.9929911
0.9951602
0.9959612
0.9977679
0.9979222
0.9919204
0.9944617
0.9952245
0.9872139
0.9870325
0.9856486
0.9866363
0.989885
0.9877904
0.992254
0.9865313
0.9869725
0.9887507
0.9892984
0.9866926
0.9891592
0.9946288
0.9877399
0.9117836
0.9869307
0.9871946
0.9658675
0.9924068
0.9913159
0.990148
0.990806
0.9904136
0.9906775
0.9903598
0.9913805
0.9910307
0.9915438
0.9918772
0.991854
0.9917738
0.9915968
0.9909536
0.9905979
0.9896665
0.9908122
0.991908
0.9919521
0.9907425
0.9919473
0.9906941
0.9914699
0.9890035
0.9877023
0.9914892
0.9900147
0.9924708
0.985563
0.9913126
0.9897959
0.9885705
0.9918038
0.9908832
0.991723
0.9926343
0.9924704
0.9916647
0.9915664
0.9926362
0.9885343
0.9880354
0.9887995
0.9886477
0.9885975
0.988156
0.9890866
0.9885939
0.9882768
0.9880555
0.9921198
0.9900166
0.994277
0.9898273
0.9986305
0.9966226
0.9982122
0.993729
0.9929595
0.9944736
0.9904798
0.9918856
0.9944469
0.9966527
0.9975682
0.9913855
0.9964007
0.9914543
0.9938121
0.9940306
0.9902184
0.9937756
0.9939082
0.9920838
0.9967444
0.9974662
0.9967007
0.9917239
0.9926257
0.9939788
0.9884219
0.9899929
0.9882906
0.988558
0.9892672
0.9893559
0.9932701
0.9888799
0.9884885
0.9897833
0.9891684
0.9889497
0.9897499
0.996519
0.9907703
0.9879976
0.8653034
0.8977224
0.9902584
0.9915074
0.9899401
0.9909305
0.9911375
0.9911008
0.9919408
0.9918799
0.9907013
0.9919396
0.9915415
0.9921132
0.9913278
0.991247
0.9907837
0.9910686
0.991168
0.9909012
0.9913553
0.9920914
0.9912797
0.9680604
0.9906978
0.9908094
0.9924069
0.9895443
0.988179
0.9921488
0.9902824
0.992054
0.9641521
0.9732229
0.9767932
0.9888501
0.9927991
0.9920685
0.9920695
0.991374
0.9914369
0.9923143
0.9909913
0.9913525
0.9897074
0.9889789
0.9884196
0.9893558
0.9887807
0.9886006
0.9896431
0.988627
0.989108
0.9894651
0.9924242
0.9920503
0.9963754
0.9940954
0.9978004
0.9980265
0.9967066
0.991676
0.9941648
0.9966814
0.9781769
0.9912824
0.9951046
0.9980441
0.9978326
0.9940177
0.9966907
0.9945694
0.994555
0.9947368
0.9952349
0.9924417
0.9929349
0.9955804
0.9961884
0.9974583
0.9981971
0.9929698
0.9953083
0.9951761
0.9899016
0.9892124
0.9896222
0.9900452
0.9898477
0.9899917
0.9932199
0.9902793
0.9882083
0.9897929
0.9900259
0.9898447
0.9895877
0.9948237
0.9940955
0.9523909
0.9918
0.9874076
0.971071
0.9922207
0.9915686
0.9916305
0.9923763
0.9926386
0.9916894
0.9915164
0.9914048
0.9924615
0.9922727
0.9912185
0.9933159
0.9931897
0.9916775
0.9911259
0.991326
0.9924225
0.9916052
0.9923813
0.9913391
0.993118
0.9914194
0.9917379
0.9916477
0.9900689
0.9883422
0.9931008
0.9907993
0.9919517
0.9881184
0.9944625
0.9904233
0.9893733
0.9919292
0.9915871
0.9915689
0.9923362
0.9928324
0.9913703
0.9916627
0.9923382
0.9914295
0.9908862
0.9911695
0.9910184
0.9905583
0.990334
0.9910027
0.9910591
0.9911328
0.9897576
0.9926682
0.9934616
0.9908738
0.9956907
0.9963565
0.9968382
0.9978659
0.9922445
0.9965509
0.996904
0.9940339
0.9947224
0.9966193
0.9977234
0.9975179
0.9941691
0.9957016
0.99483
0.9942977
0.9941663
0.9956272
0.9928631
0.9918731
0.9940884
0.9969546
0.9974116
0.9966247
0.9951189
0.9952403
0.9946078
0.8579015
0.8481074
0.861375
0.8471142
0.709414
0.86809
0.9447384
0.8522397
0.8595603
0.8219897
0.8167152
0.8447526
0.8042421
0.9965961
0.9831638
0.9877732
0.9883069
0.989009
0.9881744
0.8839966
0.8698544
0.9054679
0.9030652
0.9085184
0.9113112
0.9209607
0.8947538
0.9083438
0.9351466
0.9241337
0.9292672
0.9293971
0.8978986
0.855188
0.8532912
0.9056662
0.9064516
0.9206336
0.8814959
0.9868725
0.894355
0.9162756
0.9264737
0.6789883
0.6959978
0.924919
0.7659696
0.9856905
0.986075
0.9871738
0.9864852
0.7091763
0.9225682
0.9127856
0.9229827
0.9268377
0.9250578
0.9231965
0.8959658
0.9267835
0.9303534
0.9295397
0.9280195
0.928448
0.9284382
0.9283613
0.9290677
0.9295124
0.9299256
0.7118321
0.9771473
0.9827967
0.985157
0.9906066
0.9945014
0.99455
0.995739
0.9893222
0.9910055
0.9938844
0.9865867
0.9848562
0.9903627
0.9945519
0.9940187
0.9909471
0.9957923
0.9768885
0.9847504
0.9908496
0.9889047
0.9814762
0.9859693
0.9906989
0.9948275
0.9956079
0.9959111
0.9785275
0.989821
0.9920669
0.9839224
0.9839747
0.9839705
0.9822793
0.9876454
0.9899011
0.9942201
0.9845516
0.9847081
0.9846884
0.9872382
0.9871846
0.9855118
0.9952153
0.9884642
0.9890195
0.9523056
0.9657787
0.9909979
0.9923602
0.9911323
0.9913492
0.9923953
0.9927636
0.9934675
0.9930783
0.9924542
0.992702
0.9929608
0.9928112
0.9940641
0.9941051
0.9925596
0.9919651
0.9920619
0.9923781
0.9917811
0.9931858
0.9914965
0.9672591
0.992611
0.992978
0.9932785
0.9867911
0.9842338
0.9933946
0.9911001
0.9907958
0.9332289
0.9639572
0.9678625
0.9877391
0.9932224
0.9939691
0.9932594
0.9936084
0.9935961
0.9932268
0.9926627
0.99361
0.9893653
0.9887553
0.9895059
0.9898019
0.9887844
0.989237
0.9887864
0.9893451
0.9885435
0.9881779
0.9878349
0.9903347
0.9918609
0.9961634
0.9973849
0.9935467
0.9965986
0.9911447
0.9948885
0.9952619
0.9693436
0.9895131
0.9916417
0.9970776
0.9950892
0.9917374
0.9977247
0.9909215
0.9930984
0.9926589
0.9936792
0.9904169
0.9915082
0.9908195
0.9974133
0.998661
0.9965822
0.9891834
0.995283
0.9949227
0.9900754
0.9906022
0.9897494
0.9904627
0.9931013
0.9934951
0.9973539
0.9902781
0.9893276
0.9905639
0.9938797
0.9918201
0.9926679
0.9759791
0.9952862
0.9934623
0.9945792
0.9948718
0.9955867
0.9962873
0.9962241
0.9965527
0.9961003
0.9961428
0.9968148
0.997294
0.9967145
0.9964418
0.9970519
0.99671
0.9971469
0.9970952
0.9965797
0.996082
0.9960082
0.9958402
0.9966674
0.9966816
0.9964468
0.9946328
0.9965151
0.9964683
0.9969655
0.9930187
0.9912945
0.9963665
0.9957523
0.9945355
0.9937873
0.9946315
0.9956172
0.9942303
0.9968659
0.9968132
0.9970982
0.9968157
0.9965227
0.9971177
0.9964427
0.996865
0.9955025
0.995594
0.9954873
0.9954866
0.9961792
0.9958476
0.9948017
0.9954487
0.9962121
0.9938556
0.991423
0.9897595
0.9947891
0.9976989
0.9983546
0.9965753
0.9995327
0.9929209
0.9938123
0.9970966
0.9940843
0.9911661
0.9939136
0.9923664
0.996371
0.9966488
0.9971685
0.9933142
0.9956385
0.9932705
0.9940606
0.9944842
0.9940594
0.9945002
0.994724
0.9974293
0.9981132
0.9921078
0.9914084
0.9945578
0.9913484
0.9909361
0.9907461
0.9905464
0.9930838
0.9936617
0.9976115
0.9908458
0.9905836
0.992199
0.9930202
0.9922415
0.9928463
0.9847561
0.9939813
0.9956061
0.9943734
0.99492
0.9951119
0.9959689
0.9961021
0.9966041
0.9961668
0.9960366
0.9970206
0.9969634
0.9965727
0.9959026
0.9975341
0.9968099
0.9967374
0.9966853
0.9965634
0.9962785
0.9962652
0.9963191
0.9964488
0.9965429
0.9962753
0.9951667
0.9966795
0.9963278
0.9968702
0.9929481
0.9908301
0.9960596
0.9958071
0.9930305
0.9945866
0.9932187
0.9951714
0.9938678
0.9961833
0.9969815
0.9970771
0.9968428
0.9969316
0.9970492
0.9962458
0.9968436
0.9964496
0.9966551
0.9972703
0.9964595
0.9968805
0.9966624
0.9963913
0.9966245
0.9968826
0.9940914
0.9914844
0.9945959
0.9931034
0.9918327
0.9991903
0.9962057
0.9981601
0.994836
0.9921795
0.998368
0.9953647
0.9932618
0.9957945
0.9966736
0.998414
0.9956925
0.9981464
0.9920228
0.9971223
0.9953566
0.9931952
0.9918683
0.9960832
0.9974498
0.9960064
0.9961993
0.9976809
0.9927412
0.9918107
0.9959745
0.9858946
0.9865168
0.9873878
0.9870156
0.9883501
0.9875789
0.992471
0.9869961
0.9875498
0.9866204
0.9890794
0.9871774
0.989068
0.9963931
0.9899931
0.9876041
0.9593448
0.9710623
0.9932847
0.9914795
0.9899871
0.9905162
0.9907318
0.9910038
0.9915876
0.9909087
0.9919903
0.99084
0.9927602
0.9917649
0.9932104
0.9932269
0.9916759
0.9905464
0.9903247
0.9904874
0.9905388
0.9917986
0.9904973
0.9503722
0.9914723
0.9917823
0.9914298
0.9880729
0.9866865
0.9921847
0.9897275
0.9915352
0.9259846
0.969447
0.9754236
0.9875803
0.9916483
0.9920954
0.992239
0.9927086
0.9925211
0.9921354
0.9914648
0.9927105
0.9874663
0.9890478
0.9887151
0.9885643
0.98728
0.98815
0.9887777
0.988209
0.9885723
0.9878953
0.9918449
0.9897537
0.9948158
0.9938636
0.9949921
0.9959536
0.9962921
0.9941596
0.9948634
0.9933705
0.9678578
0.9936342
0.9913867
0.9938354
0.9963665
0.9967875
0.9965626
0.9911988
0.9914171
0.9926233
0.9940906
0.9908698
0.9931545
0.9932675
0.9960938
0.996762
0.996849
0.9934561
0.9939616
0.9958295
0.9930464
0.9934541
0.9937068
0.9936939
0.993989
0.9937329
0.9967338
0.9930078
0.9913549
0.9928875
0.9948277
0.9927814
0.9948426
0.9790026
0.994363
0.9950184
0.9966374
0.995368
0.9947822
0.9948753
0.995029
0.9952914
0.9949122
0.9949364
0.995305
0.9954802
0.9953605
0.9951049
0.9956329
0.9953958
0.9953231
0.9952937
0.9954579
0.9954056
0.9952792
0.9947117
0.9942904
0.9955215
0.995052
0.9965779
0.9953045
0.9950515
0.9952425
0.993897
0.9932097
0.996082
0.9952613
0.9955625
0.9952666
0.9951028
0.994371
0.9942814
0.9957995
0.9950022
0.9956275
0.9956754
0.9956839
0.9955974
0.9952257
0.9956765
0.9923451
0.9922887
0.9924515
0.9924113
0.9924416
0.992395
0.9922747
0.9921899
0.9919557
0.9947425
0.9943459
0.9906855
0.9975155
0.9960278
0.9979287
0.9948187
0.9985862
0.9950617
0.9958606
0.993716
0.9960484
0.9918967
0.995113
0.9936034
0.9963474
0.9945982
0.9980998
0.9919417
0.9931724
0.9979798
0.9924481
0.993228
0.9957827
0.9954516
0.9967387
0.9965458
0.9971456
0.9918888
0.9953931
0.9959016
0.9927558
0.9923983
0.9930946
0.992536
0.9937128
0.9935812
0.9960489
0.9916944
0.9919712
0.9916667
0.9940354
0.9922411
0.9931263
0.9944584
0.9887918
0.9914308
0.9923077
0.9933825
0.989648
0.9960757
0.9950692
0.9960478
0.9959975
0.9965609
0.9961048
0.9963918
0.9962303
0.9963091
0.9967514
0.9958147
0.9966887
0.996758
0.9960784
0.9956814
0.9956654
0.9961028
0.99605
0.9960941
0.9959794
0.9924848
0.9961027
0.9965669
0.9964283
0.9932097
0.9915772
0.9960593
0.995562
0.994066
0.9928483
0.9937031
0.9939541
0.9939719
0.9963959
0.9961097
0.9964619
0.9962136
0.9964301
0.9964331
0.9962276
0.9962146
0.9938977
0.9937193
0.9939822
0.9946794
0.9944404
0.9939991
0.9946541
0.9941655
0.9939024
0.9942501
0.9936244
0.9936471
0.9933481
0.9941292
0.9979716
0.9953547
0.9958468
0.9929963
0.9945689
0.9959067
0.993889
0.993007
0.995188
0.9941594
0.9968203
0.9963552
0.9986092
0.992594
0.993741
0.9946862
0.9925674
0.9912495
0.9955893
0.992951
0.9956018
0.9978903
0.9939422
0.9906166
0.9951603
0.9949597
0.9041769
0.8969621
0.9048415
0.8951477
0.725592
0.887684
0.932866
0.9005473
0.9089484
0.873049
0.838191
0.8845695
0.8454695
0.9974282
0.9872734
0.9901262
0.9905067
0.9904713
0.9902692
0.8608845
0.8489253
0.8862697
0.8859654
0.8899279
0.8777171
0.893428
0.8610496
0.8932508
0.8957995
0.8952361
0.8944936
0.8946754
0.8642323
0.822101
0.8210255
0.8884662
0.890865
0.8923228
0.8569045
0.9889946
0.8620717
0.8927322
0.8959406
0.7258833
0.7598944
0.8982604
0.7486408
0.9895623
0.9895991
0.9891451
0.9888067
0.749097
0.8923233
0.8801438
0.8928095
0.8898593
0.8883884
0.8928437
0.8611755
0.8898769
0.9273752
0.9286731
0.9265133
0.9258924
0.9277984
0.926169
0.9264001
0.9278643
0.9269097
0.750376
0.9844477
0.9885178
0.9892605
0.9937008
0.9956594
0.9961088
0.9968571
0.992679
0.9937313
0.9954699
0.9887268
0.9888499
0.9917955
0.9958835
0.9955578
0.9933488
0.9967999
0.9839725
0.9885546
0.9930751
0.9926093
0.9854568
0.9888946
0.9938455
0.9958308
0.9960614
0.9966488
0.984118
0.992388
0.9934407
0.9902199
0.990702
0.9897008
0.9899908
0.9934495
0.9934911
0.9975336
0.9901586
0.9892806
0.9897137
0.99446
0.9908481
0.9929451
0.98
0.9907072
0.9934228
0.9955901
0.9948414
0.9950353
0.9963749
0.9962581
0.9970346
0.9967543
0.9961846
0.9968948
0.9968399
0.9972895
0.9968694
0.9973788
0.9973876
0.9974363
0.9974578
0.9972309
0.9963405
0.9964027
0.996682
0.9967322
0.9973173
0.9963758
0.9943558
0.9971804
0.9968974
0.9970621
0.992713
0.9909542
0.9972121
0.9963027
0.991334
0.9917355
0.9923758
0.9913941
0.9935302
0.9971952
0.996957
0.9974043
0.9970561
0.9971661
0.9973058
0.9972202
0.9970568
0.9962058
0.9967646
0.9967227
0.9969156
0.9963309
0.9964232
0.9962284
0.9966556
0.9965617
0.9941255
0.990198
0.9947582
0.9947592
0.9950183
0.9954186
0.9965413
0.9971591
0.9959827
0.989913
0.9936975
0.992302
0.9934144
0.9975573
0.9888268
0.998782
0.9952655
0.9976156
0.9890173
0.9948793
0.9942412
0.9937008
0.9925972
0.9932735
0.9934747
0.995086
0.9926087
0.997136
0.9967283
0.9956923
0.9965789
0.8707534
0.865249
0.8709517
0.8639525
0.8393675
0.9091467
0.9701535
0.8688943
0.8592389
0.7262955
0.8854098
0.869375
0.85472
0.9962859
0.9809436
0.9886628
0.9896969
0.9889604
0.9884756
0.9395466
0.928741
0.9514824
0.9504832
0.9510445
0.9618251
0.9653867
0.9549002
0.9528095
0.9730939
0.966078
0.9689214
0.9690303
0.9557377
0.9355939
0.9339233
0.9505546
0.9520344
0.9637032
0.936571
0.9855553
0.9540542
0.9629859
0.9692695
0.8132306
0.7877638
0.9600514
0.9119427
0.9834486
0.9857482
0.9883346
0.9872098
0.8569348
0.9655978
0.9627263
0.9656124
0.9686556
0.9678445
0.9657111
0.9555613
0.9686603
0.951789
0.9512191
0.950312
0.9507735
0.9522334
0.9497626
0.9513869
0.9518894
0.9518248
0.8655606
0.9702446
0.9771721
0.9796321
0.9874196
0.9937544
0.9904201
0.9946475
0.9860045
0.9876889
0.9908124
0.986919
0.9806374
0.9873126
0.9909733
0.9927123
0.989155
0.9945878
0.9693826
0.9826054
0.9873995
0.9845403
0.9762148
0.9845369
0.9903148
0.993165
0.9946208
0.9949598
0.9725804
0.9855024
0.9892001
0.8455434
0.8346659
0.8468271
0.8324063
0.7125922
0.8802016
0.9671117
0.8403537
0.8488123
0.8133347
0.8206775
0.8366694
0.7927758
0.9962677
0.9812676
0.9885565
0.9875332
0.9883408
0.9878435
0.9044201
0.8904645
0.9273206
0.9309232
0.934002
0.9397686
0.9422632
0.9233337
0.935293
0.9607284
0.9469478
0.9558292
0.9559217
0.9258685
0.8877126
0.8878466
0.9321833
0.9312312
0.9449742
0.9027613
0.9853317
0.9228256
0.9398057
0.950651
0.6845947
0.6682998
0.9468767
0.8187318
0.9839946
0.9851295
0.9864384
0.9858107
0.7223579
0.9463041
0.9415294
0.9458049
0.9542417
0.9533455
0.9460256
0.9243086
0.9542277
0.9345102
0.932493
0.9313813
0.9321489
0.9324029
0.9321807
0.932491
0.9332969
0.9340952
0.7526523
0.9760763
0.9812131
0.9839687
0.989645
0.994475
0.9933297
0.9954927
0.9890553
0.9905027
0.9929941
0.985463
0.984097
0.9896152
0.9943319
0.9942011
0.9903337
0.9954791
0.9751934
0.9840631
0.9901438
0.9878331
0.9794317
0.9862655
0.9904737
0.9944022
0.9952137
0.9961743
0.9772444
0.9898776
0.9914661
0.9905
0.9902479
0.9896751
0.9899315
0.9935216
0.9930961
0.9973186
0.9904671
0.989445
0.9895546
0.9931678
0.9909118
0.9929286
0.9766476
0.9966458
0.9945298
0.9948533
0.9951431
0.9971569
0.9960027
0.9961003
0.9966987
0.9961012
0.996253
0.997385
0.9968901
0.9969492
0.9961263
0.9969769
0.996638
0.9968809
0.9969261
0.9969532
0.9962643
0.9964808
0.996706
0.9969117
0.9968241
0.9964997
0.9936678
0.99684
0.9966368
0.9963771
0.9929986
0.9906652
0.9965372
0.9959134
0.9900964
0.9940535
0.9941563
0.9948967
0.9936159
0.9967013
0.9972081
0.9968387
0.9964293
0.9964042
0.9967394
0.9967875
0.9964787
0.9959755
0.9960263
0.9959924
0.9954885
0.9957547
0.996158
0.9956157
0.9960362
0.9963313
0.9938749
0.9914414
0.993611
0.9903057
0.9957335
0.998362
0.9935897
0.9967366
0.9947949
0.9958988
0.9954508
0.9933579
0.9914444
0.9945438
0.9936762
0.997996
0.9973307
0.9962406
0.9942868
0.9956501
0.9963235
0.99314
0.9930598
0.99333
0.9961378
0.9951535
0.9970137
0.9976526
0.9911555
0.9926695
0.9959391
0.8635184
0.8576422
0.8619245
0.8545253
0.8372767
0.9051484
0.9701714
0.8582181
0.8546124
0.8165706
0.8828202
0.8655737
0.8497264
0.9957862
0.9783702
0.9878517
0.9888847
0.9885076
0.9870586
0.941433
0.9299423
0.9522804
0.9511844
0.9522974
0.9612923
0.9642612
0.9544591
0.9539104
0.9721504
0.9650271
0.9692935
0.969175
0.9553864
0.936292
0.9348397
0.9514023
0.9521789
0.964648
0.9391596
0.9846467
0.9535277
0.9616137
0.9675958
0.810473
0.7809492
0.960339
0.9113415
0.9829275
0.9830135
0.9874479
0.9868467
0.8526545
0.966128
0.9622393
0.9650423
0.9676352
0.9671002
0.9653665
0.9552042
0.9676544
0.9489016
0.9477153
0.9465034
0.9478816
0.9475925
0.9458812
0.9479975
0.947831
0.9479642
0.862136
0.9675931
0.9757801
0.9793471
0.9867911
0.9934105
0.9911434
0.9931839
0.9838051
0.9862075
0.9905919
0.9868585
0.979819
0.9870252
0.9916076
0.9924289
0.9875903
0.9940954
0.9667086
0.9804279
0.9873072
0.9837808
0.9762759
0.9831034
0.9889506
0.9948037
0.9942448
0.995521
0.9740218
0.9853614
0.9890729
0.8671659
0.8595607
0.8644203
0.8581959
0.8365433
0.905078
0.97024
0.8619707
0.8548611
0.7885345
0.8805987
0.8641872
0.8513439
0.9961757
0.9809302
0.9882381
0.9878202
0.9883954
0.9875682
0.9406174
0.9296159
0.9513714
0.9510108
0.9509578
0.9617796
0.9646945
0.9533397
0.9535677
0.9725467
0.9647051
0.9689212
0.9690007
0.9546351
0.9354433
0.9331319
0.9507194
0.9523376
0.96432
0.9374371
0.9841985
0.9523154
0.9617768
0.9677899
0.8102775
0.7818107
0.9606233
0.9089772
0.9830254
0.9840325
0.986305
0.9855516
0.8513537
0.9650745
0.9617312
0.9643181
0.9690803
0.9675341
0.964457
0.9534658
0.969099
0.9495961
0.9492747
0.9481097
0.9494865
0.9478575
0.9465171
0.9491398
0.9494609
0.9500941
0.8618866
0.967883
0.9765562
0.9799206
0.9868741
0.9931189
0.991313
0.9936793
0.9855199
0.987247
0.990492
0.984615
0.9806851
0.9879825
0.9921312
0.9927122
0.9884888
0.9942929
0.9669324
0.98223
0.9880454
0.984502
0.9743874
0.9833876
0.9897087
0.9940987
0.9948831
0.9947964
0.9738735
0.9858017
0.9891685
0.9318904
0.9291824
0.9339214
0.929945
0.8700863
0.92128
0.9431951
0.9322787
0.9262552
0.9161628
0.8988194
0.9213633
0.8919528
0.9978193
0.9871416
0.9896005
0.9895851
0.9884845
0.9890811
0.9096814
0.8948933
0.9181871
0.9198749
0.9210718
0.92442
0.9261785
0.9143032
0.9234675
0.934954
0.9307816
0.9301702
0.9300608
0.9150753
0.9099755
0.9077743
0.9213923
0.9192267
0.9304865
0.9050524
0.9881444
0.9146194
0.9246481
0.9308387
0.8733706
0.8822974
0.9219565
0.880049
0.9888751
0.9901243
0.9893626
0.98832
0.884804
0.9312625
0.9252454
0.9298524
0.9304091
0.9299965
0.9295721
0.9145854
0.9304361
0.9372405
0.9357977
0.9361765
0.9383253
0.9366311
0.9370729
0.9387343
0.9385321
0.9371049
0.8797216
0.9845878
0.9889953
0.9893415
0.9929281
0.9956911
0.9940192
0.9974687
0.9917641
0.9938844
0.994334
0.9896987
0.9890632
0.9917428
0.9941457
0.9954279
0.992976
0.9961965
0.9836651
0.9877461
0.9927973
0.9922835
0.9844212
0.988445
0.9917837
0.995216
0.9954979
0.9970441
0.9845295
0.9925646
0.9935629
0.9738445
0.9736068
0.9750625
0.97328
0.9289251
0.9247925
0.840195
0.9734741
0.9684095
0.9620731
0.9537295
0.9528503
0.9529407
0.9981496
0.9914062
0.9913958
0.9913162
0.992602
0.9930169
0.8738256
0.8922568
0.8677829
0.8483023
0.8478546
0.8178794
0.8389589
0.8300104
0.8477946
0.8112242
0.8278319
0.8190568
0.8191573
0.8309206
0.8402989
0.8415766
0.8472664
0.8553418
0.8270514
0.8727446
0.9924047
0.8315801
0.8528704
0.8244621
0.9373043
0.9641506
0.864229
0.8557388
0.994809
0.9934784
0.9926766
0.993614
0.9301549
0.8250804
0.8190719
0.8262919
0.830372
0.831295
0.8259655
0.8307409
0.830422
0.9373928
0.9380759
0.9359491
0.9360666
0.9378029
0.9363034
0.9361462
0.9372945
0.9362691
0.9020208
0.9929598
0.9941171
0.9940834
0.9959828
0.9967899
0.9977297
0.9977787
0.9955788
0.9959676
0.9969461
0.9936357
0.9938619
0.9958298
0.995739
0.9971105
0.9963488
0.9975229
0.9926579
0.9929539
0.995416
0.9964973
0.9893833
0.9914818
0.9954014
0.9958474
0.996717
0.9973318
0.9903925
0.9943154
0.9951928
0.9713574
0.9701372
0.9718959
0.9711216
0.9321663
0.9119322
0.8561061
0.9702281
0.9645242
0.9632266
0.9463064
0.94796
0.9500758
0.9979812
0.9913171
0.9908865
0.9924707
0.9914522
0.9928808
0.8696159
0.8802281
0.8789772
0.8513049
0.8522874
0.8213049
0.8523457
0.8342989
0.8518994
0.8112717
0.8480325
0.8259661
0.8262911
0.8336922
0.8415028
0.8411624
0.8522974
0.8556437
0.8507528
0.8712719
0.9927468
0.8347861
0.8648873
0.8414575
0.9419177
0.9653723
0.8433803
0.853892
0.9942863
0.9929531
0.9912832
0.9926524
0.9221331
0.8495146
0.8210489
0.8489738
0.812778
0.8142322
0.8482002
0.8343863
0.812732
0.9349258
0.9354672
0.9363547
0.9346876
0.9338681
0.9360896
0.9335074
0.9337719
0.9336999
0.8924408
0.9928877
0.9947639
0.9936849
0.9944294
0.9962843
0.9968739
0.9981943
0.9942744
0.9953929
0.9975134
0.9926104
0.9936741
0.9951574
0.9967105
0.9968889
0.9959595
0.9975562
0.9926938
0.9924983
0.9937951
0.996281
0.9911256
0.9912997
0.9939167
0.9956572
0.9967066
0.9971868
0.9909027
0.9947322
0.9946424
0.8888107
0.8810873
0.8899123
0.8807224
0.7918032
0.8906215
0.9586372
0.885759
0.8846316
0.8686399
0.8331725
0.8766963
0.8399523
0.9974132
0.9837835
0.9897623
0.989062
0.9882664
0.9876904
0.9082015
0.8881653
0.919706
0.925167
0.9274452
0.9298126
0.93487
0.9183206
0.9285177
0.9469725
0.9386905
0.9435945
0.9438516
0.9209377
0.8947561
0.8947404
0.9267295
0.9260919
0.9381669
0.905007
0.9865642
0.9200855
0.9308805
0.9395951
0.7823118
0.7804621
0.9327726
0.8403746
0.9861359
0.9871115
0.9873097
0.9868381
0.7942957
0.9373992
0.9310882
0.9381433
0.9390806
0.9403117
0.937982
0.9192614
0.9391002
0.9357352
0.935322
0.9334268
0.9358283
0.9332507
0.9333333
0.9358271
0.9339547
0.9361592
0.8063809
0.9804871
0.9856661
0.9859089
0.991362
0.995061
0.994498
0.9964792
0.9905909
0.9923182
0.9938769
0.9868095
0.9855845
0.9905051
0.9947046
0.994568
0.9915373
0.9961265
0.9793816
0.9863698
0.9914634
0.9903981
0.9837315
0.9880243
0.9914264
0.9944007
0.9952742
0.9960338
0.981429
0.9916738
0.9927999
0.8995443
0.8955272
0.9006105
0.8967333
0.8673223
0.9091274
0.9567111
0.8982328
0.8834375
0.8828066
0.8990097
0.8900975
0.8785088
0.9961154
0.9840075
0.988162
0.9879974
0.9880063
0.9871428
0.9268105
0.9108392
0.9341706
0.9334477
0.9347257
0.9437841
0.9462543
0.9342053
0.9366979
0.9542414
0.9506386
0.9503484
0.9500382
0.9351304
0.9207734
0.9195562
0.9337505
0.9357161
0.9494936
0.92536
0.9849546
0.9342939
0.943915
0.9516012
0.8616408
0.8583133
0.9430138
0.8922746
0.9851424
0.9857066
0.9865481
0.9853478
0.8717965
0.9512082
0.9433917
0.950636
0.9478552
0.9474275
0.9510174
0.9341662
0.9478327
0.9436089
0.941687
0.9426569
0.9413762
0.9403431
0.940743
0.9426233
0.941978
0.9425089
0.8707579
0.9741337
0.9803654
0.9835026
0.9890153
0.9947759
0.9924812
0.9950415
0.9875861
0.9901496
0.9917796
0.9865927
0.9850502
0.9892232
0.992082
0.9951567
0.9908783
0.9947253
0.9764924
0.984604
0.989799
0.9884576
0.9802791
0.9868565
0.9904802
0.9938197
0.9940432
0.9962603
0.9784526
0.9892476
0.9906519
0.8716391
0.8651519
0.8689058
0.8628848
0.8391595
0.912551
0.9715054
0.8694042
0.8641978
0.8233628
0.8821353
0.8756112
0.8513398
0.9962941
0.9824857
0.9887969
0.9884828
0.9894461
0.9880914
0.9386569
0.9291883
0.9514547
0.9514653
0.9522217
0.9613285
0.9654664
0.9536773
0.9523835
0.9725776
0.9649852
0.9680345
0.9680999
0.9547116
0.9382582
0.9370317
0.9525908
0.9518109
0.9631838
0.9368895
0.9845963
0.9524887
0.9607673
0.9687041
0.8111708
0.7852591
0.9603073
0.9099049
0.9850677
0.9851972
0.9865098
0.986948
0.8562497
0.9648741
0.9616558
0.9641689
0.9672456
0.9669543
0.9643792
0.9538543
0.9672647
0.9521601
0.9516491
0.9509124
0.9512045
0.9500503
0.9508831
0.9508358
0.9515001
0.9522883
0.8660347
0.9710677
0.9776364
0.9809315
0.987653
0.994153
0.9915359
0.9936787
0.9858312
0.9874986
0.9905054
0.9874509
0.9805712
0.9874062
0.9923079
0.9929241
0.9883914
0.9940451
0.9710595
0.9836198
0.9878018
0.9859781
0.9774698
0.9849565
0.9909083
0.9947498
0.9945323
0.9954059
0.9749253
0.9871209
0.9904791
0.8721034
0.8656361
0.8699966
0.8636347
0.8370032
0.9111438
0.9713327
0.8694653
0.8662607
0.8235225
0.8816596
0.8752838
0.8490448
0.9956694
0.9814898
0.9896926
0.9883833
0.9899006
0.9880236
0.9380714
0.9256444
0.9517254
0.9502598
0.950715
0.9611007
0.9637308
0.9523926
0.9525683
0.9724269
0.9646273
0.9666279
0.9665648
0.9527608
0.9344082
0.9331432
0.9511201
0.9514716
0.9624338
0.9345933
0.9859766
0.9500427
0.9600088
0.9665601
0.8088337
0.7839955
0.960491
0.907429
0.9855539
0.9849754
0.9873774
0.9877825
0.8548877
0.9642838
0.9619989
0.9643955
0.967652
0.9666309
0.9645624
0.952099
0.9676992
0.9515769
0.9513094
0.9499921
0.9494557
0.9493188
0.9495604
0.9503389
0.9507754
0.9524587
0.8652401
0.9710983
0.9777243
0.9825326
0.9883911
0.9945339
0.9911416
0.9943212
0.9865905
0.9873532
0.9911318
0.9870679
0.9805958
0.9871809
0.9928261
0.9939041
0.988678
0.9944307
0.9713866
0.9832276
0.9880408
0.9857419
0.9768053
0.9848731
0.9913805
0.9949005
0.9943803
0.9954935
0.9757397
0.9876144
0.9901591
0.98769
0.9868622
0.9869759
0.9854734
0.9886092
0.9880492
0.9928212
0.9853617
0.9861809
0.9868396
0.9889953
0.987956
0.9887093
0.9972997
0.9893011
0.9874153
0.9533823
0.9700797
0.9890237
0.9911811
0.9920762
0.9902799
0.9917706
0.9914548
0.9917282
0.9910493
0.9913693
0.9915716
0.9918484
0.9922397
0.992998
0.9928721
0.9914008
0.9913456
0.9908956
0.9916551
0.9912133
0.9917991
0.990893
0.9567691
0.990975
0.9908928
0.9908298
0.9886779
0.9867306
0.99235
0.9901341
0.9911521
0.9313127
0.9661718
0.9723778
0.9876223
0.9915563
0.9915047
0.9920775
0.9905082
0.9907925
0.9920201
0.9910901
0.9904869
0.990376
0.9896888
0.9899827
0.9906133
0.9903424
0.9899725
0.990858
0.9902008
0.9906465
0.988316
0.9898289
0.9906659
0.9929551
0.9936393
0.9936709
0.9956862
0.9957228
0.9932929
0.9955701
0.9965663
0.9651383
0.9930725
0.9944218
0.9965278
0.9963693
0.9919355
0.9957032
0.9904372
0.9932592
0.9921641
0.9936543
0.9916813
0.9912931
0.9937234
0.9958355
0.9962234
0.9988575
0.9910034
0.9924455
0.9960648
0.9866086
0.9857527
0.9851032
0.9858459
0.989991
0.9907177
0.9962327
0.9863671
0.9851064
0.9850989
0.9902716
0.9872849
0.9880441
0.9936684
0.9912246
0.9945541
0.9903022
0.9937416
0.9925306
0.9958486
0.994516
0.9959082
0.9954154
0.9951099
0.9962684
0.9964145
0.9965346
0.9957065
0.9975675
0.9966599
0.9967798
0.9967524
0.9965978
0.9955312
0.9953656
0.995186
0.9954839
0.9965167
0.9951719
0.9927179
0.9962835
0.9962332
0.9965481
0.9892664
0.9862982
0.9967587
0.9944044
0.9902339
0.9908477
0.99142
0.9940158
0.9906481
0.9970948
0.9969126
0.9969741
0.9971223
0.9968295
0.9969932
0.9964976
0.997123
0.9942566
0.9938889
0.9936883
0.9939536
0.9936802
0.9936678
0.9943475
0.9932517
0.993722
0.990744
0.9882229
0.9846348
0.9919495
0.9919489
0.9966744
0.9945017
0.995203
0.9908353
0.9916667
0.9939638
0.9928726
0.9911875
0.9932677
0.9914763
0.9964052
0.9960696
0.9974074
0.9873681
0.9908198
0.9918195
0.9933775
0.9947032
0.9952422
0.9912521
0.9960617
0.9955311
0.996663
0.9888773
0.9932345
0.9948864
0.9710989
0.9704279
0.9703508
0.9696116
0.9824544
0.9840436
0.9945342
0.969999
0.9712033
0.9734028
0.9842846
0.9794273
0.9774364
0.9958374
0.9871402
0.9922598
0.9931598
0.9925187
0.9919477
0.9923189
0.9916086
0.993908
0.9932227
0.9932963
0.9945428
0.9947908
0.9937394
0.9938168
0.9956178
0.9945825
0.9945365
0.9945773
0.9938686
0.9930708
0.9927983
0.9929321
0.9935725
0.9940231
0.9921101
0.992112
0.9936847
0.9942881
0.9953644
0.9790706
0.9723651
0.9944092
0.9902135
0.9873503
0.9857424
0.9898338
0.9890269
0.9827685
0.9947161
0.9948569
0.9947996
0.9953358
0.9947322
0.9947018
0.9940391
0.995337
0.9894679
0.9894234
0.9898932
0.989022
0.9905691
0.9899196
0.9904568
0.9894478
0.9891821
0.9835812
0.9800586
0.9876269
0.9888943
0.991644
0.9929562
0.9928122
0.9934164
0.9895444
0.9910394
0.9935968
0.9904252
0.9834355
0.9924144
0.9942094
0.9947883
0.9941223
0.994341
0.9801817
0.9885742
0.9954981
0.9834946
0.9847614
0.9875979
0.9913511
0.9949935
0.9970898
0.9948138
0.984162
0.9891972
0.9904913
0.9666511
0.9681872
0.9687397
0.9674464
0.9815224
0.9841141
0.9955241
0.9687608
0.9703824
0.9701369
0.9816422
0.9766168
0.9777986
0.9941804
0.987386
0.992993
0.9928796
0.9915786
0.991003
0.9927575
0.9909925
0.9932904
0.9942862
0.9936388
0.9951739
0.9946372
0.9942325
0.9934114
0.996079
0.995375
0.9960913
0.9961104
0.9944861
0.9924649
0.9926274
0.9935001
0.9941738
0.9952473
0.9931634
0.9905585
0.9947181
0.9953903
0.9953695
0.9786488
0.9715423
0.9940418
0.9900265
0.9877886
0.9871691
0.992331
0.989595
0.9816395
0.9956241
0.9954596
0.9951441
0.9966304
0.9958766
0.9953636
0.9944118
0.9966313
0.9896324
0.990828
0.9897295
0.9891491
0.9891737
0.9897202
0.9892465
0.989903
0.9897131
0.9834667
0.9806121
0.9856422
0.9843699
0.9901639
0.9945617
0.9933348
0.9939563
0.9909427
0.9901264
0.994761
0.9895212
0.9863957
0.9897002
0.9924928
0.9928925
0.9933942
0.995106
0.9817015
0.9899506
0.9926084
0.9859287
0.9845736
0.9909605
0.9864089
0.9950442
0.9971201
0.9967419
0.9841248
0.9883571
0.9947224
0.9820628
0.9826813
0.9838493
0.9801777
0.9868095
0.9882994
0.9930715
0.9829329
0.9768617
0.9801881
0.9869236
0.9840051
0.9834601
0.9981337
0.9869304
0.9883168
0.99395
0.9939794
0.9909502
0.9933251
0.9916908
0.9911311
0.9914796
0.9918195
0.9930898
0.9929628
0.9925423
0.9921036
0.9946135
0.9938548
0.9935946
0.9935878
0.9925775
0.9913709
0.9910087
0.992186
0.9921262
0.9937873
0.9929184
0.9919445
0.9926284
0.9933532
0.9944544
0.9851044
0.9830035
0.9934245
0.990056
0.9883514
0.9927907
0.9925094
0.994022
0.9872421
0.9939171
0.9929948
0.9939551
0.9949331
0.9943685
0.9939003
0.992341
0.9949345
0.9921828
0.9919791
0.9915048
0.9924712
0.9920532
0.9923813
0.9921553
0.9925981
0.9924523
0.986505
0.9846931
0.9874862
0.9918375
0.991339
0.9940103
0.9910414
0.9958665
0.9901961
0.9918131
0.9914999
0.9928342
0.9923328
0.9924978
0.990841
0.9954448
0.9900285
0.997631
0.9908824
0.9908514
0.9890632
0.9932554
0.988878
0.9910934
0.9898242
0.9959699
0.9972145
0.9961436
0.9902067
0.9922429
0.9933142
0.9731487
0.9708246
0.9710829
0.9696718
0.9804516
0.9837653
0.9943469
0.9711555
0.9707853
0.9702812
0.9813873
0.9768551
0.9771146
0.9949332
0.9879359
0.9914502
0.9915132
0.9925112
0.9906662
0.9921294
0.9897825
0.992379
0.992204
0.9921817
0.9941805
0.9942329
0.9932638
0.9927295
0.9949995
0.9947534
0.9949379
0.9950249
0.9932326
0.9919651
0.9916986
0.9924526
0.9922732
0.9939459
0.9913694
0.992588
0.9929307
0.9946632
0.9949971
0.9774222
0.9722338
0.9936233
0.9891748
0.9893566
0.9864907
0.9913407
0.9897864
0.981826
0.9942076
0.9938302
0.9944252
0.9949736
0.9948769
0.9943274
0.9936647
0.9949749
0.9884031
0.9886523
0.9889465
0.9885135
0.9879608
0.9879347
0.9887194
0.9886421
0.9889936
0.9818906
0.9828165
0.9836341
0.9856986
0.9901834
0.9941788
0.9904296
0.9940226
0.9907523
0.9912945
0.994368
0.991445
0.9847716
0.9900938
0.9921974
0.9919637
0.9919686
0.9953406
0.9816855
0.9887259
0.9917772
0.9879366
0.9850353
0.9895312
0.9886218
0.9962978
0.9957654
0.9948934
0.9813308
0.9889837
0.9932369
0.9664275
0.9654606
0.963426
0.9656606
0.9770045
0.9791469
0.9933058
0.9659376
0.9639637
0.9641642
0.9780938
0.9709367
0.9722736
0.9959661
0.9856505
0.9899971
0.9913906
0.9909818
0.9879483
0.9899022
0.9891354
0.9916198
0.9912957
0.9911825
0.9932841
0.9932602
0.9929042
0.9916501
0.9957786
0.9940989
0.99494
0.9950258
0.9932349
0.9911442
0.9905199
0.9915432
0.9909456
0.9935399
0.9902534
0.9905247
0.9928844
0.9932992
0.9937114
0.9734206
0.9657108
0.9931485
0.9872792
0.9824017
0.9865175
0.9892367
0.988815
0.977207
0.9940864
0.9935503
0.9937229
0.9942047
0.9952377
0.9935808
0.9934204
0.9942061
0.9877266
0.986975
0.987351
0.9872787
0.9873714
0.9862909
0.9881167
0.9874666
0.9868068
0.9783371
0.9768923
0.9826209
0.9843368
0.9898418
0.9927951
0.9913452
0.9941498
0.9882561
0.9868757
0.9877072
0.9909013
0.9814116
0.9888054
0.9936555
0.9936026
0.9858276
0.9931467
0.9781751
0.9855524
0.9892347
0.9874959
0.9860792
0.9887175
0.9894407
0.9922964
0.9951229
0.9955061
0.9856195
0.9889334
0.9910473
0.9862015
0.9861846
0.9855741
0.9862057
0.9904983
0.9927527
0.9965374
0.9868159
0.9867148
0.9845954
0.9905028
0.9885301
0.9887655
0.9962531
0.9914005
0.995326
0.9960721
0.994709
0.9944121
0.995591
0.9958478
0.9963982
0.9960112
0.9955299
0.9965612
0.9968043
0.9963298
0.9962761
0.9972848
0.9965293
0.9969137
0.9970064
0.9960713
0.9953168
0.9957898
0.9959874
0.9962395
0.9960383
0.9956452
0.9936151
0.9959705
0.9964821
0.9969015
0.9889784
0.9861837
0.996049
0.9947889
0.9911132
0.9935123
0.9949417
0.9940633
0.9913764
0.9966415
0.9967603
0.9958864
0.9970653
0.9972921
0.9959275
0.9960938
0.9970661
0.9958119
0.995593
0.9956024
0.994992
0.9952153
0.9953107
0.9953085
0.9954886
0.9960078
0.9919215
0.9859358
0.9911847
0.9926141
0.9922235
0.9979159
0.992427
0.9949573
0.9967655
0.9940423
0.9947424
0.9937819
0.9932081
0.9957219
0.9950213
0.9962432
0.9959184
0.9984442
0.9877898
0.9956284
0.9920937
0.9950685
0.9904153
0.993085
0.9914966
0.9969157
0.9978448
0.9988331
0.9925585
0.9954301
0.9881165
0.9790739
0.978589
0.9789163
0.9804224
0.9846447
0.9851704
0.9931608
0.9789199
0.9772896
0.9788782
0.9838063
0.9812246
0.9810919
0.9962456
0.9919459
0.9923049
0.9903966
0.9924015
0.9896299
0.9912249
0.9903364
0.9920585
0.9916733
0.9921431
0.992527
0.9940592
0.9926103
0.9920618
0.9949245
0.9943504
0.994117
0.9941576
0.9924836
0.9917226
0.9913697
0.992355
0.9914608
0.9937467
0.99104
0.9902497
0.9927308
0.9932941
0.9942623
0.9828282
0.9802753
0.9932731
0.9887792
0.988172
0.9915254
0.9912835
0.9919795
0.9844187
0.9947416
0.9927654
0.9937297
0.995041
0.994643
0.9937668
0.9925174
0.9950423
0.9908887
0.9908768
0.9913365
0.990823
0.9912526
0.9910311
0.9909542
0.9908243
0.9910806
0.9848774
0.9877765
0.9846621
0.9908304
0.9903866
0.995474
0.9946394
0.9938446
0.9916201
0.9942332
0.9923225
0.9912251
0.990744
0.9944664
0.9902865
0.9950588
0.9936789
0.9938192
0.9872182
0.9875299
0.9934641
0.9925448
0.9880755
0.987004
0.9934129
0.996702
0.9951243
0.9951119
0.9852516
0.9916451
0.9968241
0.9825965
0.9826256
0.982609
0.9809326
0.9893152
0.9897472
0.9959451
0.9818195
0.9839761
0.9825486
0.9902555
0.9875823
0.986408
0.9978339
0.9898816
0.9922213
0.9927288
0.996822
0.9909522
0.9952318
0.9941686
0.9953127
0.9949999
0.9952204
0.9961654
0.9961064
0.9957313
0.9955508
0.9969626
0.9960352
0.9969642
0.9969609
0.9957112
0.9948625
0.9947844
0.9950819
0.9946993
0.9962109
0.9952427
0.9947047
0.9957297
0.9955482
0.9963506
0.9876464
0.9833799
0.9963651
0.9937117
0.9907248
0.9946259
0.9949084
0.99389
0.9892222
0.9962984
0.9961101
0.9958514
0.9973516
0.9964717
0.9958222
0.9958331
0.9973522
0.9936199
0.9934093
0.9938188
0.9938556
0.993811
0.9937605
0.993532
0.9940714
0.9941591
0.9898759
0.9862898
0.9875876
0.985616
0.9892754
0.9956737
0.9936285
0.9942157
0.9928536
0.9948966
0.9940884
0.9915551
0.991195
0.9916809
0.9927399
0.9963548
0.993925
0.9962445
0.9875208
0.9914599
0.9915232
0.9897295
0.9883618
0.9917338
0.9928113
0.9929642
0.9923347
0.9959002
0.9874498
0.9916421
0.9952038
0.9841525
0.984548
0.9835448
0.983618
0.9897845
0.9908611
0.9965816
0.9836903
0.9836886
0.9842878
0.9906026
0.9896996
0.9882002
0.9967624
0.9884545
0.9935469
0.9913143
0.9934225
0.9931145
0.9951006
0.9946514
0.9955908
0.9959331
0.9959478
0.9962837
0.9966682
0.9960126
0.9957228
0.9970399
0.9967027
0.9970145
0.9969154
0.9960023
0.9955791
0.9951714
0.9957149
0.9955434
0.9964182
0.9954431
0.9926167
0.9959038
0.9959908
0.9970278
0.9890597
0.9861973
0.9963909
0.9939272
0.9907877
0.9913869
0.993708
0.991967
0.9902347
0.996857
0.9963949
0.996455
0.9972851
0.9975085
0.9964734
0.9961524
0.9972619
0.9940108
0.9943745
0.9942065
0.9938627
0.9940465
0.9934623
0.9939158
0.9942347
0.994054
0.9907385
0.9868281
0.987234
0.987367
0.9932261
0.9972835
0.995437
0.9977384
0.994695
0.9944542
0.9924502
0.992552
0.9906103
0.994478
0.9954877
0.9966633
0.9951359
0.9969639
0.9900541
0.9902555
0.9919586
0.9897242
0.9892233
0.9947345
0.9919377
0.9966499
0.9964888
0.9973435
0.9917645
0.9941845
0.9956635
0.9895411
0.9902157
0.9907541
0.9893653
0.9895509
0.9891349
0.9906819
0.9901056
0.9887616
0.989933
0.9893072
0.9888839
0.9885959
0.9959476
0.9915612
0.9859071
0.7918913
0.9393939
0.9907517
0.990951
0.9902308
0.9905136
0.9897915
0.9901415
0.9896188
0.9905325
0.9894065
0.9900822
0.9903617
0.9904319
0.9902417
0.9902552
0.9900726
0.9900411
0.989751
0.9903998
0.9896851
0.9904313
0.9911323
0.9673767
0.9896349
0.9894074
0.9897173
0.9893623
0.9891861
0.9900903
0.9894879
0.9909413
0.9509978
0.971516
0.9738948
0.9887415
0.990813
0.9897632
0.9903349
0.9892189
0.9905553
0.9905079
0.9898695
0.9891979
0.9878292
0.9889238
0.9890403
0.9884018
0.9883889
0.9884348
0.9890276
0.9889125
0.9885596
0.9890875
0.9924836
0.9900881
0.9945097
0.9951026
0.9964693
0.9974965
0.9985277
0.9913198
0.9939933
0.996179
0.9679227
0.9948375
0.9953795
0.9980711
0.9959829
0.9931361
0.9949525
0.9918172
0.993857
0.9962229
0.9941599
0.9926674
0.9943332
0.9949379
0.9948897
0.9966555
0.9982238
0.9916175
0.9933584
0.995473
0.9868756
0.9859872
0.9862092
0.9854214
0.9891673
0.9890936
0.9915459
0.9854863
0.9869656
0.9878447
0.9889548
0.9870918
0.9889012
0.9958782
0.9916593
0.8813897
0.9852795
0.9869565
0.9670263
0.9920352
0.9917181
0.9911436
0.9910742
0.9910139
0.9911973
0.9916218
0.9909147
0.9908498
0.9922098
0.9920648
0.992113
0.9921522
0.9910598
0.9908098
0.9905961
0.9911135
0.9914417
0.9921834
0.9915201
0.9903336
0.9915176
0.9918434
0.9918043
0.9887201
0.9873367
0.9917618
0.9904585
0.9920477
0.9841485
0.993385
0.99244
0.9892032
0.9914061
0.9912493
0.9921153
0.9924656
0.992538
0.9920809
0.9912595
0.9924676
0.988794
0.9887876
0.9888683
0.9881532
0.9886663
0.9877746
0.9884065
0.9887767
0.9875089
0.9884186
0.9913043
0.9914846
0.9929119
0.9940898
0.9983494
0.9951882
0.9985039
0.9937079
0.9912131
0.9950083
0.9900669
0.991862
0.9942042
0.9966387
0.9972863
0.9930472
0.9978941
0.9920623
0.9949286
0.9956938
0.9929433
0.9907773
0.9948503
0.9953423
0.9953628
0.9957519
0.9981949
0.9915466
0.9930524
0.995414
0.9867865
0.9869068
0.9870996
0.9864449
0.9880744
0.989409
0.9927571
0.986937
0.9855423
0.9869568
0.9877494
0.9867302
0.988313
0.9970194
0.9895171
0.9892246
0.9599607
0.9755628
0.9908134
0.9919047
0.9909225
0.9904983
0.9920646
0.992294
0.992511
0.9910074
0.9922067
0.9919296
0.9925678
0.9928593
0.9937107
0.9937986
0.9924869
0.9912452
0.9907335
0.9914684
0.9909353
0.9932556
0.99196
0.9575472
0.9918668
0.9911788
0.9915311
0.9880657
0.9859804
0.9914218
0.9900362
0.9908046
0.9282626
0.9680553
0.9642188
0.98749
0.9927389
0.9922625
0.9926366
0.9925006
0.9922224
0.9927188
0.9919683
0.9924789
0.9888391
0.988117
0.9880549
0.9889851
0.9880399
0.9872304
0.9884166
0.9879572
0.9885456
0.988029
0.9914137
0.9905239
0.992427
0.9932173
0.9955521
0.9938255
0.9957507
0.9935428
0.9909133
0.9971136
0.9730388
0.9915982
0.9914347
0.9968153
0.9943167
0.9938229
0.9985812
0.9910809
0.9941997
0.9947405
0.9906093
0.9926752
0.9920737
0.9917318
0.9956004
0.9986627
0.9963016
0.9919538
0.9929154
0.9933041
0.985972
0.9849696
0.9843785
0.9846852
0.9877934
0.9875554
0.9934507
0.9841521
0.9848096
0.986214
0.9883392
0.9865896
0.9871011
0.9948949
0.9852865
0.9876233
0.9573544
0.9683064
0.9894231
0.9916739
0.9905861
0.9903284
0.9915432
0.9917557
0.9918889
0.9907236
0.9915121
0.9914397
0.9925645
0.9916004
0.9934245
0.9933465
0.9918791
0.9903023
0.9908328
0.9918043
0.9906709
0.9922156
0.9919747
0.9575998
0.9913669
0.9918073
0.9913834
0.9876043
0.9857444
0.9919669
0.9904103
0.9907728
0.9153862
0.9597582
0.9662352
0.9868731
0.9922509
0.9922189
0.9920553
0.9921902
0.9925691
0.9923222
0.9919657
0.9921923
0.9895487
0.990029
0.9904678
0.9903177
0.9897113
0.9897517
0.9898956
0.990315
0.9897826
0.9883819
0.9876543
0.9908553
0.9955662
0.9966063
0.9952669
0.9962325
0.9940103
0.9889299
0.9934656
0.9957761
0.9717886
0.989108
0.991835
0.9959968
0.9935065
0.9949518
0.9965704
0.9901381
0.9916135
0.9951802
0.9910147
0.99072
0.9909276
0.993505
0.9979248
0.995958
0.9962825
0.9902409
0.9918015
0.9935095
0.8718267
0.8642111
0.869347
0.8622071
0.8391117
0.9100395
0.9697308
0.868448
0.8591741
0.7161646
0.8853425
0.8708069
0.8539446
0.9958176
0.9809444
0.9884376
0.9888916
0.9884049
0.9878659
0.9404751
0.9280488
0.9501975
0.9492388
0.9520214
0.962254
0.9654068
0.9533552
0.9530952
0.9715668
0.9649523
0.9686212
0.9688435
0.9538968
0.9347438
0.9334479
0.9506735
0.9527366
0.9631187
0.9358598
0.9858385
0.9532455
0.9617117
0.9689811
0.8118922
0.7866093
0.9588774
0.910701
0.9839661
0.98515
0.9874557
0.9863066
0.8570077
0.9651519
0.9628817
0.9648273
0.9687681
0.9676475
0.9649676
0.953741
0.968787
0.9505299
0.9509498
0.949563
0.9500981
0.9505358
0.9491454
0.9495617
0.9510798
0.9514422
0.8640058
0.9710614
0.9764648
0.9801397
0.9876172
0.9938961
0.9907782
0.9940449
0.9857863
0.9878294
0.9905125
0.9865374
0.9810013
0.9863609
0.9912142
0.9936227
0.9886974
0.9946412
0.9700099
0.9833442
0.9872588
0.9846662
0.9757972
0.9843568
0.9904422
0.9934508
0.9948436
0.9953532
0.9743106
0.9853707
0.9893614
0.8749326
0.8681578
0.8714852
0.8640745
0.8399458
0.9092801
0.9680216
0.8688564
0.8635025
0.6509539
0.8822137
0.8727968
0.85355
0.9958817
0.9798665
0.9890407
0.9890542
0.9885476
0.9882066
0.9366323
0.9260481
0.9479294
0.9484176
0.9499849
0.9601288
0.9635232
0.9510972
0.9516612
0.9712383
0.9627514
0.9664801
0.9666013
0.951789
0.9348609
0.9329249
0.9485719
0.9496545
0.961422
0.9330636
0.9856933
0.9503614
0.959081
0.9678647
0.8122875
0.7891868
0.959074
0.9064694
0.9829431
0.9846067
0.9870448
0.9873165
0.8566428
0.9630243
0.9613721
0.9631354
0.96595
0.9662877
0.963302
0.9511918
0.9659552
0.9505629
0.9504435
0.9481297
0.9491591
0.9498694
0.9486384
0.9492538
0.9506099
0.9507651
0.8633288
0.9712344
0.9773867
0.9806783
0.9870532
0.9933472
0.9910311
0.9942482
0.9857771
0.9866472
0.9914701
0.9877067
0.9818832
0.9876953
0.9919649
0.9939141
0.9883676
0.9947511
0.9701434
0.9835334
0.9898082
0.9853955
0.9775494
0.9848846
0.990006
0.9937728
0.9949219
0.9958444
0.9746251
0.9866678
0.989992
0.9909717
0.9908338
0.9904002
0.9906234
0.993272
0.9931769
0.9968633
0.9908876
0.9892042
0.989318
0.9933623
0.9910043
0.9918532
0.9947917
0.9956691
0.9917044
0.9950458
0.9953237
0.9950137
0.996209
0.9952403
0.9959151
0.9959449
0.996091
0.9963382
0.9964739
0.9967061
0.9952599
0.9973406
0.9966503
0.996723
0.9967437
0.9967945
0.9959995
0.9956087
0.9958332
0.9956854
0.995988
0.9961271
0.9938924
0.9968845
0.9969826
0.9969042
0.9924444
0.9901142
0.9964393
0.9951682
0.9917355
0.9930655
0.995543
0.9962538
0.9930632
0.9964067
0.9960577
0.9961892
0.9962975
0.9967265
0.996231
0.9968504
0.9962985
0.9938887
0.9940236
0.9945519
0.9942423
0.993965
0.9942208
0.9936401
0.9942331
0.9943628
0.9937247
0.9868996
0.9903714
0.9925873
0.9908862
0.9965224
0.9951885
0.9995656
0.9944363
0.9931551
0.9953271
0.9966895
0.9954106
0.9944912
0.9940547
0.9969731
0.9926588
0.9947253
0.9923947
0.9943965
0.998094
0.9934485
0.9930679
0.9933302
0.9947741
0.9973404
0.994373
0.9956063
0.9944113
0.993874
0.9954897
0.9884131
0.989111
0.9894461
0.9900035
0.9924249
0.993019
0.9948985
0.9886289
0.991052
0.9901168
0.9927823
0.9910966
0.9916436
0.9951456
0.9960193
0.9954173
0.9959466
0.9931067
0.9937485
0.9947987
0.9944903
0.9954251
0.9954109
0.9949075
0.9954176
0.9961316
0.9951185
0.9955011
0.9961466
0.9957464
0.9958432
0.9957904
0.995207
0.9947646
0.9945602
0.9953307
0.9945529
0.9957442
0.9948895
0.9941056
0.9950089
0.9949475
0.9957207
0.9920067
0.9902387
0.9953889
0.9943394
0.9951923
0.9944713
0.9943324
0.9943388
0.9927307
0.9958086
0.9952433
0.9952374
0.9951318
0.9950283
0.9953014
0.9950374
0.9951331
0.9930679
0.9936709
0.9936627
0.9939306
0.9931156
0.9936037
0.9931789
0.9936865
0.9940076
0.9925663
0.9935839
0.9944849
0.9923858
0.9943216
0.9959854
0.9966051
0.997552
0.994958
0.996286
0.9966972
0.9963479
0.9925251
0.9933296
0.9973929
0.9920949
0.9945322
0.9962993
0.9931507
0.9936837
0.9969679
0.9937358
0.9921108
0.9935662
0.9970709
0.9964068
0.9943203
0.9967105
0.9945672
0.9907563
0.9966268
0.9891264
0.9887503
0.9901363
0.9884431
0.9914227
0.9923971
0.9969608
0.9889533
0.9887376
0.9894136
0.9905342
0.991115
0.9911633
0.9982971
0.9942149
0.9959754
0.993662
0.9955742
0.9950472
0.9960296
0.9951533
0.995001
0.9961113
0.9962405
0.9967592
0.9958785
0.9965765
0.9961817
0.9974059
0.9963561
0.996693
0.9966654
0.9962525
0.9958693
0.9957359
0.9963899
0.995971
0.9961735
0.99526
0.9935326
0.9962529
0.9958838
0.9964349
0.9911445
0.988889
0.9957907
0.9949473
0.9924242
0.9936551
0.991281
0.9903889
0.991778
0.9961915
0.9966947
0.9968434
0.9967497
0.9967916
0.9967215
0.9961257
0.9967266
0.9947961
0.9948111
0.9941787
0.9946369
0.9939796
0.9941949
0.9937339
0.9937821
0.9939088
0.9925996
0.9892864
0.9932653
0.9941137
0.996793
0.9971621
0.9963316
0.9980222
0.9950631
0.9927162
0.9985745
0.9943795
0.9938102
0.9918212
0.9952813
0.9996528
0.9961459
0.9940048
0.9909107
0.9933437
0.9943536
0.9919017
0.9950832
0.9939038
0.9954076
0.9954482
0.9970631
0.9964101
0.9941019
0.9939841
0.9954995
0.9895496
0.99003
0.990566
0.9887363
0.9919213
0.9924997
0.9941441
0.9896922
0.990266
0.9911941
0.9920616
0.9915243
0.9908423
0.995935
0.996174
0.9949262
0.9963537
0.9947798
0.9928686
0.9940182
0.9937297
0.9939591
0.9941068
0.9939952
0.9940598
0.9948511
0.994562
0.9938163
0.9947383
0.9952373
0.9946602
0.9947027
0.9947792
0.9941048
0.9939372
0.9940625
0.9945759
0.9947337
0.9942315
0.9952257
0.9946317
0.9944481
0.9944996
0.9912494
0.9899887
0.995246
0.9934902
0.9949437
0.9962563
0.9934768
0.993921
0.9916109
0.9953591
0.9943752
0.9947659
0.9946502
0.9948851
0.9948995
0.994496
0.9946516
0.9932355
0.994026
0.9937853
0.994318
0.9938154
0.9940685
0.9939137
0.994079
0.9939747
0.9919539
0.9913028
0.9923648
0.9955947
0.9949153
0.9982987
0.9961295
0.9984883
0.993344
0.9920798
0.9958834
0.9920949
0.9955417
0.9941998
0.9968707
0.9983294
0.9959874
0.9950401
0.9937315
0.9952504
0.9971355
0.9948759
0.9929538
0.9933964
0.9944398
0.9973136
0.996124
0.997716
0.9921053
0.9936373
0.9950696
0.9883586
0.9882077
0.9879888
0.9879031
0.9916075
0.9918795
0.9959284
0.9882459
0.9875726
0.9883731
0.9919231
0.9891885
0.9897351
0.9954205
0.9920229
0.996266
0.9944483
0.9967875
0.9951163
0.9952368
0.9952823
0.9953441
0.995382
0.9959854
0.9962586
0.9965215
0.9959721
0.9957165
0.9965601
0.996169
0.9963856
0.9964298
0.9961641
0.9953686
0.9954215
0.9953657
0.9950313
0.9963425
0.9950226
0.993618
0.9960064
0.9959134
0.9964887
0.9908778
0.9887962
0.9963005
0.994812
0.9937048
0.9912595
0.9911739
0.9911836
0.9917102
0.99615
0.996143
0.9960743
0.996419
0.996205
0.9961627
0.9961119
0.99642
0.9942279
0.9947074
0.9944974
0.9940384
0.9941845
0.9945506
0.9944339
0.9942201
0.9945803
0.992501
0.9921175
0.9916219
0.993743
0.9951206
0.995127
0.9967707
0.9972931
0.9935135
0.9925462
0.997905
0.9966799
0.9932111
0.9959925
0.993236
0.9965882
0.9935748
0.998056
0.9918957
0.994312
0.9932768
0.9950712
0.9938214
0.9928635
0.9946343
0.9989747
0.9967661
0.9972752
0.989698
0.9954326
0.9973522
0.989145
0.9891926
0.9896486
0.9888503
0.991634
0.9914996
0.9940051
0.9886441
0.9875344
0.9881479
0.9929009
0.9897579
0.991275
0.9947559
0.9945783
0.9963336
0.9959165
0.9938969
0.9942857
0.9946057
0.9935727
0.9942263
0.9937102
0.99352
0.9940422
0.9946884
0.9942594
0.9938418
0.9955423
0.9946386
0.9948795
0.9948981
0.9942434
0.9938605
0.9937733
0.9933561
0.9943807
0.9942444
0.9941817
0.9930736
0.9944187
0.994261
0.994965
0.9912304
0.9899773
0.9944108
0.9933917
0.9924347
0.9909672
0.9941609
0.9930796
0.9917273
0.9951742
0.9939029
0.9944633
0.9950608
0.9950061
0.9944789
0.9944982
0.9950621
0.9939752
0.993877
0.9937143
0.9932939
0.9944686
0.9943012
0.9935767
0.9936615
0.9941341
0.991535
0.9938272
0.993038
0.9923026
0.994382
0.9945763
0.9947552
0.998876
0.9928496
0.9976812
0.9959142
0.994769
0.9942248
0.9939696
0.9972404
0.9963443
0.9934323
0.9962207
0.9914812
0.9911543
0.9945776
0.9938272
0.9937258
0.9934283
0.9925249
0.9963297
0.9975559
0.9962193
0.9910777
0.9952632
0.9942313
0.9876341
0.9874229
0.9879412
0.9870874
0.9910215
0.9911189
0.9946284
0.9883089
0.9882323
0.9891972
0.9908339
0.9881943
0.9899391
0.9984363
0.9926587
0.9950316
0.9901168
0.9946631
0.9916535
0.9946478
0.9936514
0.9939004
0.9941601
0.9942889
0.9940708
0.9945319
0.9944456
0.9938738
0.9946503
0.9952718
0.9944557
0.9944979
0.9946029
0.9942798
0.9941858
0.9941599
0.9941477
0.9949085
0.9938774
0.9942492
0.9940673
0.994389
0.9953377
0.990107
0.9880896
0.9938911
0.9935713
0.9952745
0.9917606
0.9933902
0.9918942
0.9909627
0.9949481
0.9943858
0.9948708
0.9939427
0.9944705
0.994887
0.9943251
0.9939443
0.9934906
0.9937397
0.9936549
0.9941099
0.9937989
0.9934828
0.9930244
0.9935634
0.9943036
0.9918861
0.9910901
0.9943937
0.9948142
0.9953207
0.9970268
0.9931624
0.9981732
0.9919313
0.9931507
0.9966766
0.9937675
0.9923296
0.9904393
0.9949359
0.9977295
0.9949679
0.9985305
0.9924489
0.9919286
0.992711
0.9934106
0.9916012
0.9946121
0.9929405
0.9957586
0.995903
0.9974246
0.9936207
0.9950892
0.9946297
0.9857382
0.9852895
0.9859548
0.985914
0.9908996
0.9912984
0.9943016
0.9862549
0.98737
0.9861302
0.9906144
0.9887607
0.9898911
0.9900517
0.9944279
0.9950045
0.9970845
0.9946345
0.9941176
0.9954948
0.9943034
0.9947357
0.9945348
0.9943293
0.9956029
0.9957786
0.9944612
0.9951248
0.9953974
0.995677
0.9958452
0.9958407
0.9943596
0.9945754
0.9946035
0.9951426
0.9951107
0.9949758
0.9949643
0.9918455
0.9947277
0.9945519
0.9951893
0.9904397
0.9879245
0.9957566
0.9941136
0.9911404
0.9901768
0.9931404
0.9929321
0.991221
0.9955068
0.9953922
0.9951024
0.9953297
0.9955315
0.9952597
0.9945027
0.9953309
0.9943325
0.9933879
0.9940674
0.9933056
0.9943642
0.9927553
0.9935878
0.9936342
0.9936437
0.9917348
0.9903441
0.9895156
0.9906216
0.9952896
0.9963346
0.9972537
0.9963072
0.9955637
0.9954128
0.9939536
0.9924292
0.994062
0.9956027
0.996261
0.9967277
0.9940845
0.9974026
0.989981
0.9923175
0.9963442
0.9917641
0.9926727
0.9917445
0.9931694
0.9940711
0.9944847
0.9955374
0.9932456
0.995842
0.9960216
0.9878538
0.9876289
0.9868134
0.9866593
0.990721
0.9919876
0.9955554
0.9873924
0.9860394
0.9870262
0.9904018
0.9895282
0.989314
0.9964567
0.9882118
0.9959267
0.9937149
0.9957674
0.9909441
0.9951951
0.9933666
0.9949764
0.9949553
0.9948723
0.9954829
0.996368
0.995839
0.9948128
0.9965717
0.9951743
0.9956065
0.9955778
0.9960259
0.9946796
0.9949726
0.9945441
0.9948706
0.9953275
0.9953623
0.9942332
0.9958732
0.9954534
0.9959671
0.9900743
0.9874286
0.9953958
0.993785
0.9879518
0.9956682
0.996162
0.9918717
0.9910553
0.9958352
0.9956605
0.9956656
0.9960245
0.9960284
0.9955657
0.9957444
0.9960255
0.9936801
0.9937366
0.9938419
0.9934986
0.9934532
0.9931001
0.993059
0.9939819
0.9941854
0.991446
0.9893001
0.9939596
0.9904244
0.9955813
0.997679
0.9965777
0.9977965
0.9940057
0.9942775
0.9936391
0.9933161
0.9898656
0.9948374
0.9952542
0.9957572
0.9929716
0.9959289
0.99
0.9914767
0.9949467
0.9896469
0.9899175
0.9935093
0.9945593
0.995082
0.9931224
0.9966704
0.9930844
0.9908854
0.9940392
0.9881637
0.9893976
0.988678
0.9893705
0.9915308
0.9924403
0.9960224
0.9894026
0.9876809
0.9882844
0.9921213
0.989207
0.990455
0.9976599
0.9922711
0.9950406
0.9950915
0.9968992
0.9952883
0.9945778
0.9934576
0.9939735
0.9949784
0.9949612
0.9948192
0.9956876
0.9940346
0.9951506
0.9956258
0.9946246
0.9949611
0.9949316
0.994122
0.9939572
0.9937922
0.9943966
0.995136
0.994442
0.9949498
0.9959669
0.9943727
0.9959993
0.9949745
0.9904428
0.988661
0.9953149
0.9940385
0.9932478
0.9926471
0.995966
0.9931944
0.9916508
0.9950192
0.9949221
0.9948718
0.9956441
0.9957237
0.9947002
0.9943979
0.9956452
0.994301
0.9937417
0.994947
0.9942635
0.994295
0.9942044
0.9941261
0.994025
0.993536
0.9917093
0.9918061
0.9891644
0.9943893
0.9936726
0.9960422
0.9959198
0.994883
0.9914241
0.9905795
0.9983455
0.9957173
0.9919019
0.9956388
0.9966387
0.9948086
0.9927313
0.9989015
0.9896889
0.9951384
0.994415
0.9910361
0.9917973
0.9952698
0.9954054
0.9964228
0.9979613
0.994851
0.9918938
0.9919793
0.9960574
0.9867186
0.9870225
0.9859563
0.9870751
0.9908765
0.991421
0.99642
0.985562
0.9878111
0.9858524
0.9907581
0.9882651
0.9896929
0.993839
0.9954946
0.9939651
0.9931355
0.9936166
0.9960027
0.9949178
0.9946816
0.9948168
0.9953176
0.9948794
0.9958712
0.9958801
0.9956475
0.9953115
0.9966767
0.9961395
0.9965701
0.9965664
0.9955322
0.9944773
0.9948371
0.994958
0.9949873
0.9955676
0.9945565
0.9949463
0.9955031
0.9959562
0.9966265
0.9895153
0.9870449
0.9959599
0.9940175
0.9919643
0.9948685
0.9955799
0.9955845
0.9903734
0.9962844
0.9960356
0.9966526
0.9963168
0.9963405
0.9967647
0.9955519
0.9963178
0.9941567
0.9942117
0.9939705
0.9942728
0.9940007
0.9937223
0.9946269
0.9943786
0.99489
0.9911895
0.9918671
0.9863297
0.9953001
0.9967471
0.9944625
0.9969869
0.996046
0.9943619
0.9912627
0.99509
0.9927644
0.9908834
0.9951764
0.9980146
0.9977664
0.9950386
0.9974729
0.9880383
0.9960234
0.9942037
0.9924499
0.9900344
0.9938127
0.9965306
0.9967938
0.9976549
0.9963847
0.9902247
0.9894818
0.9961046
0.985323
0.9862067
0.9853339
0.9857712
0.9905532
0.9912246
0.996499
0.9862143
0.9875815
0.9867109
0.9910275
0.9879038
0.9891288
0.9939872
0.9936034
0.9951574
0.9945486
0.9963195
0.9953988
0.995153
0.9940173
0.9953971
0.9954282
0.9954908
0.9954744
0.9960036
0.9954207
0.9952513
0.9960853
0.9960498
0.9957633
0.9957827
0.9953529
0.9949075
0.9944988
0.9953277
0.9947973
0.9958767
0.9946315
0.9941776
0.995312
0.9954906
0.9957619
0.9893337
0.9870715
0.9957729
0.9935616
0.9911894
0.9940891
0.9964723
0.9927174
0.9903276
0.9964761
0.9956104
0.9960984
0.9959174
0.9964165
0.9962796
0.9955928
0.9959185
0.9934424
0.9938818
0.9934931
0.9940975
0.9943936
0.9931332
0.9939233
0.9941255
0.9944051
0.9910172
0.9888412
0.990224
0.9951518
0.9935846
0.9964968
0.9963923
0.9975439
0.991146
0.9911382
0.9948685
0.9932844
0.9918717
0.9950025
0.9941444
0.9959273
0.9929425
0.9978836
0.9893635
0.991703
0.9921174
0.9930893
0.9868823
0.9930482
0.996062
0.9962276
0.9986894
0.9954015
0.990502
0.9906707
0.9934211
0.9858498
0.9840894
0.9843285
0.9854907
0.9903438
0.9913829
0.9953268
0.9845744
0.9867332
0.9857664
0.9913914
0.9885308
0.988679
0.996628
0.9918462
0.9924978
0.9941112
0.9937066
0.9945187
0.9954177
0.9945114
0.9958498
0.9945507
0.9950593
0.9959369
0.9964258
0.9956704
0.994046
0.9967565
0.9961932
0.996289
0.9962611
0.9956851
0.9943529
0.9944862
0.9949436
0.9944034
0.9959931
0.9955447
0.9941788
0.9957044
0.9962215
0.9966801
0.9885894
0.9868083
0.9959117
0.9934469
0.9900794
0.9904681
0.9918716
0.9929285
0.9903173
0.9961038
0.9959999
0.9960518
0.9961796
0.9965341
0.9961163
0.9956467
0.9961806
0.9941329
0.9943024
0.9936447
0.9939086
0.9940154
0.9945671
0.9943384
0.9937443
0.9933709
0.9914376
0.985884
0.9918683
0.9919662
0.9941239
0.9942565
0.9973796
0.9943702
0.9929311
0.9964197
0.9968
0.9913811
0.9916578
0.9962575
0.9970817
0.996243
0.9962131
0.9978843
0.9910684
0.9939996
0.992667
0.990508
0.9919557
0.9917756
0.9942151
0.9965441
0.994077
0.9943363
0.9922126
0.9929577
0.9958994
0.9879153
0.9861758
0.9849524
0.9845104
0.9906637
0.9908314
0.9953281
0.9861824
0.9866263
0.9871026
0.9911576
0.9894309
0.9901365
0.9955123
0.9902931
0.9953877
0.9952153
0.9939355
0.9938677
0.994147
0.9943182
0.993751
0.9940915
0.9946931
0.9950527
0.9943125
0.9952253
0.9940694
0.995937
0.9955966
0.9947356
0.994682
0.9951323
0.9936432
0.993814
0.9945387
0.9940759
0.9949232
0.9940285
0.9950228
0.994813
0.994098
0.9947221
0.9898373
0.9877019
0.99483
0.9929191
0.9947426
0.9915505
0.997102
0.9954432
0.9906619
0.9953591
0.9951804
0.9955628
0.9949881
0.9954293
0.9954163
0.9950019
0.9949894
0.993483
0.9930041
0.9926241
0.9932671
0.9931458
0.9933998
0.9931324
0.9925243
0.9934879
0.9914475
0.9892049
0.9939234
0.9926176
0.9938683
0.9974619
0.9944299
0.9961471
0.9942124
0.9936622
0.9971283
0.9954013
0.9925325
0.9957648
0.9964401
0.994368
0.9929597
0.9964789
0.9904008
0.9913007
0.994046
0.9913021
0.9950169
0.9945413
0.9963341
0.9965528
0.9944226
0.9957702
0.9937542
0.9927191
0.997549
0.987086
0.9855355
0.9864135
0.9853481
0.9907723
0.991303
0.9938655
0.98614
0.986879
0.9868764
0.9908985
0.989971
0.9903264
0.9977511
0.9886962
0.9936025
0.9943256
0.9937011
0.994955
0.99457
0.9945991
0.9941318
0.9947594
0.9950805
0.9941245
0.9955337
0.9954383
0.9949387
0.9956371
0.9958583
0.9959542
0.995926
0.9954634
0.9941202
0.9936352
0.9951994
0.9947095
0.995178
0.9948036
0.9948014
0.9952761
0.994522
0.9950355
0.9891028
0.9872758
0.9954672
0.9934391
0.9894016
0.9938728
0.9935444
0.9956404
0.9904211
0.9955443
0.9942342
0.9950711
0.9960363
0.9950039
0.9951109
0.9951981
0.9960373
0.994132
0.9946453
0.9942868
0.9937563
0.9935598
0.9938121
0.9943376
0.9940867
0.9941365
0.9911384
0.9922972
0.9914513
0.9943002
0.9946553
0.9942492
0.9960591
0.9964838
0.9929239
0.9953078
0.9971172
0.9928571
0.9948784
0.9922267
0.9980538
0.9968672
0.9943028
0.9975274
0.9900405
0.9933692
0.9945726
0.9938572
0.9935703
0.9932561
0.9950026
0.9959081
0.9953932
0.9971721
0.991353
0.9873418
0.9942434
0.986237
0.9855843
0.9851155
0.9851862
0.9908246
0.9905187
0.9958279
0.9855348
0.9874081
0.9861922
0.9888669
0.9893265
0.9895624
0.9959108
0.9920773
0.9929778
0.9943589
0.9943893
0.9921277
0.9948374
0.993402
0.9955902
0.9945325
0.9948891
0.9958584
0.9955131
0.9951374
0.9947187
0.996361
0.9953352
0.9956463
0.9957134
0.9947275
0.9937865
0.9938914
0.9949247
0.9944938
0.9957627
0.9941508
0.9929563
0.9947252
0.9950922
0.9958127
0.9893468
0.9866516
0.9951931
0.9933256
0.9890206
0.9917895
0.9925373
0.9927536
0.9900382
0.9953607
0.995633
0.9956343
0.9959435
0.996442
0.995558
0.9947521
0.9959208
0.9932183
0.9926253
0.992363
0.9923618
0.992467
0.992724
0.9919643
0.9930632
0.9922643
0.9906267
0.9931903
0.9900669
0.9934874
0.9970884
0.9965234
0.9983761
0.9958174
0.9929719
0.9936883
0.9965046
0.9920552
0.9925564
0.9947826
0.9971033
0.9959577
0.9929881
0.9947368
0.9887262
0.9913277
0.9935275
0.9918492
0.9892895
0.9932942
0.9926702
0.9968818
0.9957613
0.9982511
0.9925826
0.9947579
0.9937381
0.9865992
0.9863123
0.9861839
0.9860876
0.9899716
0.9902414
0.993811
0.9856334
0.986105
0.9849614
0.9897364
0.9877645
0.9889319
0.9959854
0.9921531
0.993054
0.9933391
0.9922978
0.9943881
0.9942949
0.99309
0.9941902
0.9939113
0.9939882
0.9949988
0.9952369
0.9944107
0.9943902
0.9958442
0.994839
0.9948872
0.9949056
0.9946216
0.9941776
0.993781
0.9937775
0.9935589
0.9942324
0.9943971
0.9955001
0.9949439
0.9946263
0.9958177
0.9888915
0.9863833
0.9942286
0.9926622
0.994382
0.992924
0.9934399
0.9917949
0.9900017
0.9946207
0.9951048
0.99487
0.9947336
0.9954127
0.9948861
0.9946492
0.994735
0.9944548
0.9936702
0.9941148
0.9931702
0.9938429
0.9936794
0.9945419
0.9941039
0.99423
0.9899203
0.9882952
0.9917852
0.9922981
0.9944997
0.9959527
0.9948685
0.9907025
0.9943055
0.9926829
0.9962453
0.9896287
0.991786
0.993117
0.9942821
0.9978606
0.9938846
0.996903
0.9906729
0.9942939
0.9936136
0.98941
0.9918814
0.9941981
0.996137
0.9975453
0.9977586
0.9962108
0.9906198
0.9958128
0.9954411
0.9863557
0.9857297
0.9867429
0.9869114
0.9909386
0.991585
0.9966365
0.9862319
0.9862333
0.9875579
0.9903344
0.9889275
0.9900411
0.9954321
0.9909945
0.992881
0.9922874
0.994753
0.9955821
0.995785
0.9945076
0.9950349
0.9948602
0.9949471
0.9960946
0.9958356
0.9954533
0.9949795
0.9968529
0.9958549
0.9965245
0.9965447
0.9955712
0.9947244
0.994547
0.9948539
0.9951214
0.9958265
0.9950937
0.9932872
0.9953267
0.9949432
0.9962419
0.9901672
0.9872401
0.9963514
0.993927
0.9911151
0.9938272
0.9966541
0.9939254
0.9904073
0.9957972
0.9960582
0.9955813
0.9963667
0.9966015
0.9956686
0.9957333
0.9964153
0.9935097
0.9934516
0.9924591
0.9931034
0.9926396
0.9927828
0.992628
0.9931616
0.9932842
0.9915185
0.9873681
0.989318
0.9901772
0.9910666
0.9954824
0.9953457
0.998579
0.9956776
0.9955419
0.9961089
0.9936562
0.9933247
0.9921579
0.9967148
0.9946032
0.9936969
0.9964196
0.9913515
0.9937409
0.9961707
0.9906736
0.9902633
0.9947
0.9968203
0.9945825
0.9943352
0.9971367
0.9914734
0.9939102
0.9964098
0.9838322
0.9848427
0.9843423
0.9845883
0.9893242
0.9900871
0.9955185
0.9830557
0.9859652
0.9847452
0.9898253
0.9868435
0.9882933
0.9930834
0.9929443
0.9939473
0.993576
0.9951085
0.9924553
0.9947551
0.9939209
0.9956446
0.9952074
0.9956716
0.9956029
0.9962694
0.9956949
0.9955276
0.9969371
0.9966061
0.9967254
0.9966743
0.9958209
0.9946815
0.994847
0.9954856
0.9953313
0.9962796
0.9953623
0.992844
0.9955865
0.9966288
0.9964462
0.988002
0.9851262
0.9961982
0.9932601
0.9898312
0.9908524
0.9938713
0.9924382
0.9894819
0.9962744
0.9957207
0.9966877
0.9967577
0.9967757
0.9966365
0.9957787
0.9967585
0.9940761
0.9938262
0.9940427
0.9932496
0.9940351
0.993269
0.9937177
0.993613
0.9942332
0.9911646
0.9902044
0.9887798
0.9919037
0.9939963
0.9959715
0.9961747
0.9976182
0.992089
0.9978518
0.9962628
0.9942363
0.9953975
0.9943738
0.9962133
0.995119
0.9960359
0.9965753
0.9890165
0.9918534
0.9923036
0.9874151
0.98852
0.9931762
0.99357
0.995716
0.9932778
0.9965742
0.9897993
0.9908755
0.9959957
0.9855672
0.9845695
0.9839274
0.9843162
0.9894657
0.9902756
0.9958752
0.9847047
0.9855678
0.9857514
0.9899786
0.9875027
0.9875474
0.9971161
0.9914318
0.9911428
0.9923077
0.9938455
0.9929139
0.9945274
0.9936582
0.9942421
0.9948128
0.9953933
0.9947406
0.9959665
0.9951444
0.9947727
0.9962443
0.9965598
0.9960599
0.9961511
0.9950303
0.9942573
0.9943034
0.9951252
0.9945253
0.9956082
0.9940556
0.994302
0.9952495
0.9950073
0.9961584
0.9891255
0.9859356
0.9951207
0.9930543
0.9924731
0.9881571
0.9903964
0.9897876
0.9893168
0.9959506
0.9947391
0.9957822
0.9963315
0.9956979
0.995683
0.9953327
0.9963087
0.9928183
0.9932202
0.9928395
0.9926118
0.9939255
0.9934235
0.9934582
0.9935408
0.9941223
0.9904001
0.9904008
0.9910323
0.9906774
0.9950662
0.9928859
0.9971483
0.9969523
0.9928642
0.9919311
0.9950357
0.990735
0.9890894
0.9919394
0.9921185
0.9978807
0.993138
0.9982999
0.9953818
0.9918798
0.9923362
0.9899975
0.9912173
0.9934061
0.9912709
0.9990895
0.995232
0.9965928
0.9905
0.9928904
0.9957458
0.9841739
0.985057
0.9859256
0.9845564
0.9902331
0.9900887
0.9955904
0.9846264
0.9848981
0.9861635
0.989334
0.9869819
0.9896635
0.9945593
0.9921845
0.9917785
0.9922912
0.9919028
0.9918139
0.99435
0.994133
0.9952171
0.9941856
0.9944225
0.9952219
0.9951923
0.9954462
0.9942145
0.9960945
0.9957726
0.9959159
0.9959116
0.9953795
0.9941534
0.9940744
0.9947618
0.993912
0.9957465
0.9941407
0.9942904
0.9951418
0.9950297
0.9952163
0.9892081
0.9867969
0.9957286
0.9933063
0.9915876
0.989605
0.9936735
0.9947047
0.989347
0.9957869
0.9951684
0.9954552
0.9961881
0.9956734
0.9954721
0.9952244
0.9961891
0.9923176
0.9934083
0.9929879
0.9924578
0.9929033
0.9929317
0.9923253
0.9927391
0.9938911
0.9905581
0.9878234
0.9885909
0.9914955
0.9926931
0.9962894
0.9926564
0.9952349
0.9940872
0.9929957
0.99314
0.9896737
0.9932998
0.9919197
0.9949543
0.9975699
0.9936525
0.9972678
0.9895314
0.9930922
0.9912467
0.9904786
0.9913793
0.991727
0.9933213
0.996337
0.9974547
0.9969241
0.9899783
0.994109
0.9927807
0.9854864
0.9850576
0.9850791
0.9857118
0.9897312
0.9900013
0.9947166
0.9857158
0.9845673
0.9860235
0.9911439
0.9883097
0.988547
0.9950478
0.9941784
0.9961792
0.9932532
0.9943432
0.992789
0.9942334
0.9933301
0.9936072
0.994173
0.9939782
0.994124
0.9945909
0.994384
0.994112
0.9953078
0.994683
0.9955178
0.9954653
0.9947962
0.9937203
0.9933948
0.993896
0.9936371
0.995011
0.9934759
0.9947739
0.9944888
0.9946141
0.9946935
0.9884725
0.98605
0.9944645
0.9928279
0.9880546
0.9916121
0.9939638
0.9957865
0.989886
0.9948179
0.9943972
0.9949273
0.9942687
0.9948355
0.9949201
0.9946219
0.9942702
0.9933306
0.9931973
0.9938339
0.9929296
0.9928839
0.9926493
0.9934726
0.99272
0.9934499
0.9901531
0.9923435
0.9865453
0.99079
0.9951407
0.9972777
0.9937578
0.99801
0.9914987
0.9915232
0.9957369
0.9961554
0.9921471
0.9935081
0.9950617
0.9931261
0.9940275
0.9976651
0.9901478
0.9917737
0.997151
0.9923777
0.9897266
0.9930754
0.9931835
0.9955117
0.9968847
0.9983328
0.9905925
0.9917735
0.9952855
0.9846653
0.9827018
0.9830785
0.9825258
0.988863
0.9890545
0.9961667
0.9840486
0.984274
0.9840558
0.9894358
0.9862995
0.986449
0.9968254
0.9888679
0.9946888
0.995163
0.9909664
0.9940728
0.9941632
0.9936827
0.9949877
0.9949445
0.9955499
0.9951285
0.9966731
0.9956298
0.9952466
0.9962253
0.9957084
0.9958753
0.9960139
0.995643
0.9946739
0.9946496
0.9950039
0.9952956
0.9960547
0.9942168
0.9941709
0.9953259
0.995978
0.9962363
0.9872037
0.9835433
0.9956542
0.9937379
0.9908588
0.9907919
0.9935627
0.9961916
0.9894696
0.9956315
0.9953595
0.9956952
0.9963843
0.99629
0.9956193
0.9954451
0.9963853
0.9937507
0.99316
0.9934584
0.993194
0.9935631
0.9926877
0.9932856
0.9934421
0.9929169
0.9903122
0.9886459
0.9895505
0.9916207
0.9938588
0.9984908
0.9965796
0.9943465
0.990034
0.9925965
0.9957408
0.9953451
0.9900662
0.9935127
0.9963043
0.9976219
0.9935099
0.9956594
0.9831433
0.9915764
0.9921977
0.9899015
0.9895561
0.9924644
0.9939501
0.9970149
0.9975117
0.9939779
0.988595
0.9903148
0.9939727
0.9869962
0.9861246
0.9865929
0.9862853
0.9902955
0.9900957
0.9953821
0.9875411
0.9858715
0.9858966
0.989811
0.9881608
0.9890286
0.9942508
0.9939417
0.9939901
0.9929787
0.9917355
0.9935856
0.9940704
0.9938363
0.9951488
0.9949189
0.9945766
0.9954252
0.9950313
0.9953239
0.9946634
0.9959731
0.9962041
0.9951555
0.995222
0.9949765
0.9941167
0.9941905
0.9948501
0.9943308
0.9955635
0.9939367
0.9951368
0.9949482
0.9959503
0.9952919
0.9886876
0.9864804
0.9952614
0.9931776
0.9920686
0.992994
0.9937081
0.9943262
0.9897774
0.9960451
0.995519
0.9956209
0.9956439
0.9958404
0.9957546
0.9950656
0.9956451
0.9921724
0.992271
0.9915973
0.9922388
0.9923435
0.9922611
0.9914277
0.993317
0.9925226
0.9905231
0.9921207
0.990461
0.9927895
0.9930052
0.9963201
0.9949463
0.9986555
0.99511
0.9935846
0.998462
0.9944808
0.9927083
0.9936863
0.995625
0.9927339
0.995017
0.9976319
0.9899124
0.9914997
0.9955416
0.9907937
0.9940622
0.9959033
0.9943935
0.9957589
0.9977925
0.9989861
0.990359
0.9914425
0.9968271
0.9846069
0.9844776
0.9844442
0.9827188
0.9896048
0.9901147
0.9964174
0.9842103
0.9864601
0.9875269
0.9887148
0.9885636
0.9874215
0.9965072
0.9898763
0.9940841
0.9932984
0.9933333
0.9966422
0.9942367
0.9935451
0.9951099
0.9952596
0.9953593
0.9953117
0.9951568
0.9951167
0.9954716
0.9959062
0.995973
0.9952831
0.9953973
0.9948729
0.9947145
0.9949299
0.9953896
0.9945797
0.9953625
0.9947869
0.9948073
0.9952571
0.9946416
0.9951074
0.9884345
0.9859833
0.9952987
0.9932121
0.9938909
0.9922811
0.9936
0.9921969
0.9893685
0.9961213
0.9954236
0.9956052
0.9968606
0.9964329
0.9956455
0.9951615
0.9968378
0.9932624
0.9935474
0.9934655
0.9931261
0.9937206
0.9938954
0.9931428
0.9937524
0.9931152
0.9900625
0.9907131
0.9904016
0.9937145
0.9928808
0.9979042
0.9950617
0.9973727
0.992778
0.994763
0.9960808
0.9915169
0.9938512
0.9971469
0.996337
0.994382
0.9927798
0.9983509
0.9900343
0.990014
0.993555
0.9919453
0.9922266
0.9957619
0.995
0.9970405
0.9981516
0.997358
0.9913043
0.990625
0.9961069
0.9860855
0.9859359
0.9841192
0.9849096
0.9891227
0.9912627
0.9950357
0.9855362
0.9849007
0.98608
0.9896069
0.9879579
0.9880988
0.9946978
0.9896305
0.9946888
0.994317
0.9930818
0.991725
0.9941985
0.993489
0.994084
0.9941942
0.9942803
0.9951887
0.9955514
0.9944556
0.9936224
0.9956306
0.9943015
0.9946599
0.9947258
0.9945386
0.9946482
0.9940164
0.99428
0.9947508
0.994268
0.9944233
0.9937663
0.9943466
0.9943083
0.9952728
0.9883367
0.9858312
0.9943542
0.9932258
0.9919303
0.9942904
0.994776
0.9947812
0.989605
0.9946788
0.9948072
0.9945084
0.9946024
0.9946714
0.994454
0.9945506
0.9946276
0.9940555
0.9936924
0.9937593
0.9933446
0.9931863
0.9933637
0.9939236
0.993973
0.9931839
0.9900692
0.9872931
0.9875543
0.9930612
0.9930858
0.9978858
0.9962675
0.9966821
0.99126
0.9896579
0.9942108
0.9941236
0.9919438
0.9930288
0.9938253
0.9961298
0.9922017
0.9959947
0.9911461
0.9941988
0.997672
0.99164
0.9906103
0.9912316
0.9952165
0.9958159
0.9937559
0.996998
0.9879259
0.9937259
0.994763
0.984113
0.9846451
0.9853174
0.9850208
0.9893508
0.9888406
0.9937779
0.9840217
0.9841724
0.9848109
0.98924
0.9877941
0.986836
0.9938059
0.9929643
0.9939369
0.9937862
0.9958873
0.993543
0.9938192
0.9933925
0.9927867
0.9932869
0.9934722
0.9941538
0.9950691
0.993698
0.9938116
0.9944501
0.9945267
0.994408
0.9943543
0.9938285
0.9927211
0.9925645
0.9938854
0.9936703
0.9941162
0.9927101
0.9920698
0.9934996
0.994789
0.9941497
0.9880531
0.9855697
0.9947257
0.9926413
0.9958394
0.9921577
0.993266
0.9942676
0.9891345
0.9940149
0.9947338
0.9943092
0.9946839
0.9947282
0.9945108
0.993771
0.9946852
0.9932374
0.9934461
0.9930651
0.9926509
0.9925298
0.9929342
0.9943528
0.9928185
0.9932805
0.9896935
0.9871266
0.9924506
0.9891129
0.9906918
0.9970484
0.9948328
0.994493
0.9921466
0.9956106
0.9946476
0.9918049
0.9918699
0.9917336
0.9915433
0.9959279
0.9928735
0.9960988
0.989134
0.9927036
0.9923567
0.9915581
0.9916038
0.9939964
0.9943182
0.9944461
0.9966586
0.997076
0.9890737
0.9926523
0.9971853
0.986322
0.9859839
0.9859399
0.9853789
0.9894026
0.990814
0.9936053
0.9864168
0.9836683
0.9860347
0.9895646
0.9875023
0.9877606
0.9962483
0.9922452
0.9914405
0.9940182
0.9946678
0.9927326
0.993786
0.9936585
0.9934086
0.9942894
0.9945289
0.994136
0.9937846
0.9942163
0.9937253
0.9957649
0.994553
0.9950056
0.9949288
0.9943829
0.994089
0.993758
0.9933556
0.9935639
0.9942115
0.9933496
0.9911032
0.9942853
0.9938513
0.9945379
0.9882021
0.9858806
0.9941209
0.9921219
0.9902063
0.9923893
0.9932912
0.9929008
0.9891679
0.9944356
0.9944498
0.9944745
0.9945675
0.995082
0.9944667
0.9945423
0.9945452
0.9922911
0.9927684
0.9919057
0.9917917
0.9923846
0.9926022
0.992449
0.9925965
0.9926773
0.9901063
0.991481
0.991895
0.9917869
0.9925019
0.995886
0.9960761
0.9964653
0.9940884
0.9938224
0.9952719
0.9926383
0.9888302
0.9946073
0.9909856
0.9927452
0.9929078
0.9983881
0.9881858
0.9901517
0.9946876
0.9908698
0.9904241
0.9936179
0.9926108
0.9953529
0.9969807
0.9987105
0.987791
0.9888678
0.9956644
0.9842129
0.9842482
0.9832702
0.9843116
0.9897176
0.9893869
0.9954343
0.9845171
0.9846388
0.9848299
0.9901323
0.9876788
0.9882204
0.9958492
0.9903094
0.9930643
0.9937591
0.9933747
0.9930933
0.9943277
0.9939706
0.993569
0.9940555
0.9940508
0.9949939
0.9945519
0.9939095
0.9941424
0.9949681
0.9939993
0.9944529
0.9944947
0.9940657
0.9937124
0.9934634
0.9939466
0.9940819
0.9942758
0.9933623
0.9940393
0.9942456
0.9952328
0.9946532
0.9884799
0.9863839
0.9943357
0.992663
0.9882105
0.9923279
0.992035
0.9916418
0.9898404
0.9948486
0.9950587
0.9944927
0.9958444
0.9957335
0.9944383
0.9939657
0.9958454
0.9929655
0.9929854
0.9934353
0.9930211
0.9928251
0.9928912
0.9934502
0.9928128
0.9919422
0.9895325
0.9870818
0.992224
0.9933468
0.9929346
0.9943419
0.9975595
0.9987009
0.991142
0.9945426
0.9976134
0.992175
0.9916292
0.9936034
0.9972801
0.9941366
0.9923195
0.9964005
0.9925397
0.9918748
0.9936045
0.996139
0.9919202
0.9939711
0.9920358
0.9955934
0.9969438
0.9970559
0.9933192
0.9928554
0.994324
0.9849967
0.9849139
0.9861478
0.9846953
0.989857
0.9901222
0.9935961
0.9859637
0.984675
0.9864335
0.9891281
0.9880037
0.9895001
0.9965422
0.9914355
0.9945424
0.9950125
0.9958686
0.9947753
0.9935523
0.9929497
0.9940208
0.9934716
0.9928437
0.9945125
0.9944816
0.9941231
0.9936306
0.9956368
0.9945239
0.9954529
0.9955195
0.9941209
0.992732
0.9923465
0.9937335
0.9941908
0.9942293
0.9935516
0.9966303
0.9939071
0.9947393
0.9947013
0.9887206
0.9872301
0.9930619
0.9924946
0.9916055
0.9917155
0.9944367
0.9936432
0.9904436
0.9945465
0.994527
0.9947484
0.9943721
0.99435
0.9947643
0.994073
0.9943735
0.9930795
0.9932888
0.9933599
0.9931711
0.9934267
0.9931158
0.9937121
0.9925092
0.9935031
0.9899531
0.9894232
0.9896686
0.9931424
0.993187
0.9976247
0.9978646
0.9957641
0.9947507
0.9937565
0.9937088
0.9941919
0.9940925
0.9962184
0.9936286
0.9959016
0.9956611
0.9967277
0.9890951
0.9940665
0.9951456
0.9888159
0.9908778
0.9888889
0.9960327
0.9947059
0.9941754
0.9967267
0.9915102
0.9933333
0.998458
0.9848669
0.9831439
0.9839831
0.9833167
0.9890828
0.9884498
0.995475
0.9825783
0.9856854
0.985922
0.9891362
0.9872835
0.9873744
0.9979529
0.9918639
0.9954195
0.9952558
0.9932141
0.9937695
0.9945246
0.9939391
0.9939544
0.9938931
0.993883
0.994797
0.9952808
0.994678
0.9937022
0.9958137
0.9952662
0.9954567
0.9954756
0.9948422
0.9934188
0.9934282
0.994036
0.9940645
0.9953693
0.9936071
0.995071
0.9945516
0.9950957
0.9954517
0.9875097
0.9842841
0.9949208
0.9931542
0.993763
0.9923802
0.99507
0.9952728
0.9888962
0.9957798
0.9950621
0.9956813
0.9957529
0.995456
0.9957217
0.994506
0.995754
0.991794
0.992501
0.9924677
0.9922787
0.9924582
0.9919634
0.991622
0.991761
0.9919906
0.9903579
0.9894841
0.9918856
0.992787
0.9914808
0.9967647
0.9984917
0.9964585
0.9945562
0.9938128
0.995858
0.9908202
0.989433
0.9945997
0.9964072
0.9959432
0.9926415
0.9967648
0.9899741
0.9923259
0.9962054
0.9918269
0.991105
0.9922016
0.995326
0.9950524
0.9966717
0.9983845
0.9894257
0.9919603
0.9933436
0.9821619
0.9836563
0.9846183
0.982149
0.9891566
0.990193
0.9950584
0.9827826
0.982472
0.9849698
0.9893581
0.9872961
0.9872133
0.9952703
0.9902502
0.9948315
0.9942623
0.9938813
0.9936096
0.9943875
0.9933456
0.9941733
0.9936688
0.9941673
0.9950811
0.9956115
0.9948946
0.9939739
0.9965828
0.9953653
0.9949855
0.9948373
0.9947354
0.9940656
0.9942665
0.9944657
0.9943958
0.9950725
0.9930434
0.9923454
0.9946973
0.9951938
0.9956719
0.9872943
0.9843218
0.9941259
0.9930721
0.9890133
0.9898224
0.9917501
0.9905697
0.98889
0.9952973
0.9949229
0.9954764
0.9952118
0.9955535
0.9954468
0.9946882
0.9952131
0.9925283
0.993042
0.9921404
0.9923644
0.9920928
0.9921617
0.9927945
0.9929831
0.9926479
0.9891935
0.9890523
0.987671
0.9918375
0.9918094
0.9938722
0.9979104
0.9984122
0.9938953
0.9918117
0.994726
0.9936784
0.9941779
0.9923005
0.9958519
0.996849
0.9909343
0.9974441
0.9898714
0.9923813
0.9919456
0.9911779
0.990131
0.9940559
0.9941421
0.9956835
0.9985066
0.996802
0.9930712
0.9925023
0.9969674
0.9848904
0.9855508
0.9851967
0.9845602
0.9897616
0.9892392
0.9957784
0.9843761
0.9846064
0.9860251
0.9893718
0.9877682
0.9885694
0.9900603
0.9934272
0.9929787
0.9945298
0.9949791
0.9930085
0.9941281
0.9939997
0.9945124
0.9941944
0.9947972
0.995269
0.9949429
0.9950253
0.9951801
0.9962749
0.9958275
0.9954944
0.9955135
0.9948519
0.9941331
0.9939151
0.9948125
0.9939653
0.9958
0.9942341
0.9951817
0.9949523
0.9949441
0.995779
0.988473
0.986314
0.9951292
0.9933788
0.9923599
0.9936761
0.9937663
0.9929634
0.9894176
0.9956084
0.9953392
0.9958115
0.9950783
0.9954463
0.9958754
0.9951055
0.9950558
0.9940176
0.9933505
0.9934211
0.9936834
0.9929604
0.9926128
0.9934736
0.9932147
0.9932985
0.9903403
0.9893227
0.988356
0.9936786
0.9948888
0.9969779
0.9965807
0.9976806
0.9937046
0.9963129
0.9969623
0.9935131
0.989441
0.9927885
0.9972316
0.9976226
0.9935115
0.9946542
0.9901543
0.9946022
0.9958549
0.9926326
0.9916638
0.992671
0.9944584
0.995517
0.9978241
0.9973333
0.9919288
0.9937274
0.9968652
0.9864642
0.9864317
0.9865063
0.9857921
0.9892397
0.9898081
0.9947118
0.985907
0.9860861
0.9855896
0.9898979
0.9883069
0.9896291
0.9939739
0.9954504
0.993624
0.9955257
0.9941236
0.9930314
0.9929299
0.9920295
0.9935845
0.9930899
0.9934405
0.9940029
0.9945415
0.9935825
0.9934452
0.9947086
0.9951075
0.9946089
0.9947459
0.9938009
0.9929478
0.9929144
0.9934707
0.9938774
0.9947754
0.993477
0.9931774
0.9933843
0.994048
0.9948345
0.9887535
0.986812
0.9937169
0.9923399
0.9905389
0.9928812
0.9945483
0.9912178
0.9893621
0.9946753
0.993803
0.9945288
0.9944095
0.9942699
0.9945444
0.9936548
0.9944346
0.9934855
0.9936927
0.9937219
0.9933095
0.9940507
0.992806
0.9931017
0.9925759
0.9935282
0.990196
0.9905844
0.989872
0.992884
0.9950896
0.9959596
0.9943603
0.9981126
0.9944082
0.9957006
0.9941894
0.9913403
0.9922031
0.9937543
0.9967732
0.9971615
0.9965209
0.9958809
0.9887892
0.9918399
0.9917562
0.9938621
0.9915483
0.991112
0.9954029
0.9954351
0.9976303
0.9974684
0.9916506
0.992322
0.9967394
0.9850648
0.9842449
0.9845338
0.9850731
0.9893416
0.9891062
0.9938001
0.9850534
0.9830931
0.9844388
0.9893485
0.987476
0.9882722
0.9963516
0.9901586
0.995092
0.9924843
0.991911
0.9957256
0.9933903
0.9937028
0.9928041
0.9933427
0.9937228
0.9936447
0.9933054
0.9937271
0.9932039
0.9944887
0.9939692
0.9938031
0.9937488
0.9936929
0.993246
0.9933849
0.9933673
0.993423
0.9938752
0.9928432
0.992227
0.9938137
0.9943325
0.9938752
0.9878354
0.985401
0.9928644
0.9921498
0.9889231
0.994297
0.9959334
0.9932105
0.9890105
0.9941217
0.9935603
0.9936491
0.9939616
0.9940385
0.9936169
0.9934068
0.9939631
0.9924291
0.9927153
0.9929418
0.991742
0.9921081
0.9933338
0.9928831
0.9923175
0.9929654
0.9897219
0.9909429
0.9901047
0.990728
0.993886
0.9959839
0.9949882
0.998125
0.9939689
0.9919192
0.9959643
0.9909804
0.9896208
0.9937845
0.9982533
0.9951937
0.992554
0.9971707
0.9915632
0.9928475
0.9947968
0.993656
0.9905581
0.9966745
0.9937304
0.9971687
0.9958714
0.9974851
0.9910328
0.9960784
0.9924831
0.9847049
0.9838371
0.9844696
0.983693
0.9891943
0.9890335
0.9927117
0.9844881
0.9840228
0.9843924
0.9900346
0.98613
0.9885328
0.9970375
0.9907458
0.9910039
0.9937374
0.9911326
0.9924766
0.9935159
0.9928621
0.9933299
0.9931791
0.9932314
0.9934068
0.9941267
0.9935161
0.9936287
0.9946152
0.9945426
0.9937824
0.9937281
0.9935665
0.9929774
0.9927534
0.9932214
0.9933607
0.994503
0.9936534
0.9922586
0.9933536
0.9936315
0.9945755
0.9871362
0.9855077
0.9945232
0.9920822
0.9922638
0.9929398
0.9967238
0.9949855
0.9889713
0.9941246
0.9932564
0.9946501
0.9939408
0.9945328
0.9945729
0.9939276
0.9939424
0.9934201
0.993061
0.9927977
0.9927967
0.9932003
0.9928918
0.993187
0.9923235
0.9928953
0.9900132
0.988528
0.9878419
0.9931399
0.994162
0.996008
0.9926579
0.9950171
0.9886285
0.9917085
0.9936818
0.9937683
0.9936646
0.9928915
0.9956484
0.9963504
0.9940828
0.995935
0.9887033
0.9942319
0.994328
0.9889594
0.9882115
0.9907897
0.9918269
0.9966207
0.996191
0.9956195
0.9923494
0.9916993
0.9942772
0.9853812
0.9836359
0.9823749
0.9838058
0.9889368
0.9881199
0.9945817
0.9823301
0.9855672
0.9841779
0.9884185
0.9860273
0.9876847
0.9944171
0.9896739
0.9943113
0.9927419
0.9943921
0.9939271
0.9930426
0.9928113
0.9933797
0.9935348
0.9931906
0.9936492
0.993498
0.9939621
0.9937861
0.995506
0.9948531
0.9943787
0.9944441
0.9938257
0.9935065
0.9932107
0.993521
0.9935805
0.9947822
0.9932601
0.9930582
0.9935688
0.9942201
0.9941209
0.9877143
0.985248
0.9942227
0.9922514
0.9887984
0.9923694
0.991306
0.9920926
0.9889626
0.9944045
0.9942592
0.9946983
0.9946301
0.9942541
0.994714
0.9938756
0.9946315
0.9924772
0.9917799
0.9921286
0.9918279
0.992643
0.9917019
0.992818
0.991573
0.9919146
0.9889406
0.9893703
0.9895991
0.9915835
0.9924739
0.9971639
0.9950408
0.9962848
0.9912341
0.991992
0.9951456
0.9920249
0.9924901
0.9947536
0.9988483
0.993552
0.9963235
0.997514
0.9898525
0.9913478
0.9948428
0.990652
0.990615
0.9941577
0.993303
0.9940961
0.9982533
0.9975132
0.9896365
0.992885
0.9972813
0.9827263
0.982642
0.982896
0.9826069
0.9894263
0.9902729
0.9952705
0.9823504
0.9837998
0.9833111
0.9885264
0.9875414
0.987236
0.9962938
0.9874677
0.9912953
0.9926184
0.9942974
0.9940305
0.9940539
0.9951362
0.9944586
0.9951662
0.9951339
0.9947813
0.9957985
0.9949661
0.9941522
0.9957934
0.9954846
0.99539
0.9953851
0.9951767
0.994246
0.9941531
0.9946149
0.9947878
0.9953969
0.9941443
0.9901749
0.9953015
0.9951006
0.9952881
0.987253
0.9836193
0.9951195
0.9933397
0.9888152
0.9924438
0.9949139
0.9933451
0.9891302
0.9956451
0.9949439
0.9955232
0.9954256
0.9958579
0.9954937
0.9951171
0.9954268
0.9924537
0.9925508
0.9926295
0.9913517
0.9931831
0.9924625
0.9927959
0.9927955
0.9923454
0.9905761
0.9857494
0.9878776
0.9924468
0.9955545
0.995637
0.9961182
0.9955485
0.9943741
0.9941356
0.9941452
0.9948748
0.9901329
0.9972171
0.9937741
0.9951289
0.9942341
0.9977679
0.98923
0.993371
0.9952393
0.9914286
0.9889362
0.9938626
0.9946394
0.9933756
0.9985088
0.991656
0.9878621
0.9920393
0.9949418
0.9836377
0.982626
0.9840978
0.9840505
0.9888443
0.9894486
0.9946994
0.9824798
0.9851642
0.9847848
0.9887754
0.9871863
0.9877657
0.9945355
0.9888909
0.9937813
0.9940382
0.9928727
0.9946097
0.9926812
0.9928722
0.9930109
0.9940001
0.9935649
0.9934774
0.9942076
0.9935787
0.9934186
0.9941075
0.9941024
0.9946245
0.9946426
0.9934475
0.993512
0.9935071
0.9933603
0.9931985
0.9931957
0.99289
0.9933371
0.9931676
0.9939246
0.9948257
0.9876076
0.9849409
0.9936004
0.9923317
0.9919856
0.9891473
0.9906453
0.9877582
0.9886891
0.9938115
0.9932879
0.9936408
0.9938577
0.994076
0.9935158
0.9935258
0.9938593
0.9915499
0.9921776
0.9923718
0.9918106
0.9909405
0.9924296
0.9926123
0.992121
0.9924259
0.9903003
0.9885149
0.9872683
0.9903251
0.9945147
0.9955382
0.99743
0.9972719
0.993424
0.9933612
0.9966415
0.9890195
0.9923902
0.9934743
0.9974533
0.9964315
0.9949275
0.9969531
0.9894819
0.9918391
0.9958957
0.9926487
0.9907177
0.9940385
0.99317
0.9975241
0.9942644
0.9966463
0.9889468
0.9925356
0.9938995
0.9855305
0.9852423
0.9842157
0.9852665
0.9894126
0.989607
0.9933317
0.9841764
0.9849486
0.9856125
0.9887555
0.9874581
0.9882776
0.9980818
0.992689
0.9947958
0.9934459
0.9934783
0.9950169
0.9934555
0.9925394
0.9931067
0.9922557
0.9928361
0.9933581
0.9935089
0.994023
0.9920663
0.9935154
0.993177
0.9939375
0.9939073
0.9938338
0.9927278
0.9923308
0.9925331
0.992438
0.9936593
0.9927534
0.9950645
0.993577
0.9930583
0.9937469
0.9881313
0.986691
0.9943165
0.9912686
0.9923985
0.9916972
0.9963974
0.9929671
0.9884712
0.9933261
0.9935948
0.9936649
0.9938112
0.9935625
0.9934702
0.9936693
0.9937891
0.9901489
0.9907064
0.9898679
0.9894162
0.9904178
0.9908664
0.990302
0.9903134
0.9896248
0.9888265
0.9886871
0.9903039
0.9895551
0.9930837
0.9969419
0.9942808
0.9969734
0.9913774
0.995098
0.9960861
0.995219
0.991613
0.9943871
0.9977408
0.9964374
0.9975944
0.995431
0.9920213
0.9908918
0.9951749
0.9926589
0.9918955
0.9934653
0.9950704
0.9947673
0.9945621
0.9996966
0.9934035
0.9927733
0.9953771