0.9943155
0.9944978
0.9943377
0.9949846
0.9937623
0.9945803
0.9944145
0.9953886
0.9943501
0.9942379
0.9955089
0.9950556
0.9957875
0.9944693
0.9938459
0.9936876
0.9940226
0.993908
0.9939195
0.9936635
0.9940662
0.9937261
0.993754
0.993728
0.9939623
0.9938918
0.9937217
0.9946745
0.994361
0.9946586
0.9946134
0.9960425
0.9975639
0.9977753
0.998446
0.9947583
0.9950785
0.9937798
0.9941143
0.9944584
0.9939673
0.9948392
0.9948762
0.9976988
0.9951044
0.9955416
0.9959069
0.9955729
0.9946929
0.9944372
0.9938805
0.9950189
0.993754
0.996133
0.9971219
0.9985069
0.9947549
0.9957261
0.9948281
0.9927465
0.9940453
0.9931713
0.9949622
0.9956332
0.9959132
0.9942418
0.9988277
0.9977221
0.9987795
0.9973724
0.9980996
0.994517
0.9942544
0.993914
0.9979466
0.9951006
0.9946435
0.9944581
0.9969262
0.9950803
0.9943091
0.9940285
0.9947788
0.9944507
0.9953019
0.9953369
0.9949004
0.9949633
0.99573
0.9974516
0.9941106
0.994895
0.9943796
0.994792
0.9946414
0.9960813
0.9958251
0.9960637
0.9945967
0.994275
0.9961293
0.9953001
0.995005
0.994812
0.9950578
0.9951563
0.9947234
0.9950258
0.9956884
0.9955703
0.9950587
0.9947237
0.9954338
0.996139
0.9950861
0.9950997
0.9949206
0.9950666
0.9951536
0.9951349
0.9950534
0.995325
0.9950816
0.9948921
0.9948352
0.9947498
0.9947598
0.9952189
0.9954376
0.9954479
0.9949024
0.9933316
0.9939348
0.9980499
0.9962355
0.9937018
0.9940256
0.9952881
0.9954098
0.9948844
0.9953298
0.9943145
0.9949217
0.9960223
0.9965361
0.9970149
0.9970899
0.9975767
0.9952953
0.9963259
0.9951099
0.9949723
0.994432
0.9959947
0.9983753
0.9972463
0.9950167
0.9955296
0.9951125
0.9973953
0.9965426
0.9946425
0.9988416
0.9951515
0.9940828
0.9967716
0.9987629
0.9970874
0.9982781
0.9980253
0.994373
0.9952533
0.9961369
0.9953117
0.9973404
0.9949252
0.994716
0.9952502
0.996817
0.9973241
0.9948196
0.9944207
0.9957989
0.995476
0.9940171
0.9937241
0.994838
0.9954339
0.9954244
0.9967159
0.9951029
0.9952722
0.995804
0.9964038
0.9952981
0.996419
0.9960457
0.9948805
0.9952574
0.9951041
0.9949624
0.9951904
0.9953647
0.9951641
0.9950082
0.9950821
0.9955087
0.9958872
0.9959118
0.9952273
0.9944942
0.9953174
0.9959957
0.9949972
0.9947957
0.9947186
0.9947975
0.9948937
0.9948431
0.9949851
0.9947267
0.9947752
0.9947567
0.994426
0.9948499
0.9945982
0.9950544
0.9959871
0.9957669
0.9963626
0.9952031
0.9971166
0.9950815
0.995118
0.9947441
0.9947894
0.9947163
0.9952547
0.9951164
0.9950954
0.995557
0.994653
0.995698
0.9961884
0.9961675
0.9960927
0.9953741
0.9961219
0.9949007
0.9952558
0.9945858
0.995926
0.9958725
0.9961612
0.9958159
0.9950779
0.9952849
0.9955442
0.9956336
0.9959058
0.9966798
0.9964308
0.9937069
0.9953154
0.9955902
0.9987416
0.9965532
0.9964286
0.9982014
0.9967078
0.9924528
0.9954717
0.9954004
0.9950461
0.9961717
0.9958893
0.9951388
0.9951982
0.9956368
0.9928216
0.9952215
0.994821
0.9961738
0.995122
0.9946286
0.9954319
0.9952707
0.9959541
0.9962716
0.9982669
0.9954527
0.9952458
0.995656
0.9965665
0.9963519
0.9970403
0.9961758
0.9952444
0.995272
0.9952239
0.9750518
0.9808813
0.9754654
0.9705489
0.9766872
0.988114
0.9900842
0.9897921
0.9811707
0.9741436
0.9855182
0.9859518
0.9895705
0.9794436
0.9804891
0.9786596
0.9806089
0.9799419
0.9789807
0.979489
0.979354
0.9810184
0.980502
0.9808402
0.9799453
0.9788783
0.9826664
0.9798116
0.984628
0.9819988
0.9823244
0.990102
0.9900332
0.995239
0.9932781
0.9892023
0.9882021
0.9816494
0.9795389
0.9871277
0.9770348
0.9905596
0.9881186
0.9917702
0.9912732
0.9916535
0.9916201
0.9894704
0.9926188
0.9709227
0.9810258
0.9872057
0.9867401
0.9906352
0.9908633
0.9934891
0.9862129
0.9889605
0.9856231
0.9864616
0.9870078
0.9870477
0.991162
0.991629
0.9900175
0.9922375
0.9923469
0.9964256
0.9954101
0.9934741
0.9930408
0.9833532
0.9779392
0.9823221
0.9919066
0.9920548
0.9827072
0.9820429
0.9922348
0.9910896
0.984337
0.9841143
0.9869814
0.9790554
0.9887208
0.9889364
0.9889468
0.9907546
0.9907779
0.9957974
0.9769859
0.9786224
0.9806026
0.9762375
0.9861808
0.9849659
0.9752927
0.9923356
0.9818746
0.9829352
0.980535
0.9853299
0.9792473
0.9749091
0.9829366
0.9924028
0.9899375
0.9917695
0.9856139
0.9813736
0.9879804
0.9892203
0.991204
0.9840385
0.9850867
0.984037
0.9856431
0.9852551
0.9842746
0.9846927
0.9845639
0.9852101
0.9846663
0.9855709
0.9847175
0.9839785
0.9862136
0.9837261
0.987939
0.9870177
0.9865226
0.9908977
0.9929453
0.9924988
0.9918789
0.9907555
0.9907657
0.9861389
0.9849442
0.9904706
0.9837633
0.9914361
0.9900116
0.9932457
0.9926673
0.9920104
0.992149
0.9894347
0.9967597
0.9779302
0.9852438
0.9912177
0.9899231
0.9921043
0.9942561
0.9934118
0.9890647
0.9916803
0.9857143
0.9885834
0.9858447
0.9892934
0.9908543
0.9948197
0.9939076
0.993553
0.9951656
0.9976228
0.9930487
0.99268
0.9945342
0.9875922
0.9832502
0.9874019
0.9923035
0.9921086
0.9864431
0.9865334
0.9930568
0.9930121
0.9877043
0.9879263
0.9888602
0.9844519
0.9912947
0.9910273
0.9917451
0.99142
0.9919385
0.9957711
0.9838839
0.983276
0.9851268
0.981926
0.9885455
0.9885531
0.9810448
0.9936152
0.9862138
0.9875194
0.9844521
0.9875098
0.9843603
0.9813671
0.985065
0.9915298
0.9910635
0.9910039
0.9869516
0.9847526
0.9902695
0.9899883
0.9911807
0.9849619
0.98678
0.9854951
0.987096
0.9865959
0.9857128
0.9860851
0.9865918
0.9866386
0.9864791
0.9871329
0.9863472
0.9852471
0.9890422
0.9860019
0.988536
0.9871492
0.9874546
0.9928203
0.9936271
0.9941335
0.9912096
0.9902414
0.990102
0.9874697
0.985815
0.9894462
0.9846665
0.991826
0.9907845
0.9926318
0.9933674
0.9909528
0.9928288
0.9913859
0.9951529
0.981817
0.9869507
0.9911045
0.9899016
0.9889482
0.9911521
0.9948454
0.9897199
0.9921704
0.9883451
0.9890415
0.9882904
0.991049
0.9907202
0.9935831
0.9916813
0.994012
0.9934144
0.9958299
0.996892
0.9953248
0.9947852
0.9879149
0.9856393
0.9875692
0.993563
0.9927907
0.9881986
0.9876911
0.9933875
0.9921935
0.9884629
0.989185
0.9900108
0.9860508
0.9914509
0.9906022
0.9912543
0.9925464
0.9927391
0.9961378
0.9840721
0.9861073
0.9874095
0.9851242
0.9885184
0.9906218
0.9851418
0.9932479
0.9874508
0.9887176
0.9886021
0.9903147
0.9883306
0.9874545
0.9889245
0.992865
0.9948545
0.9945923
0.9914485
0.9878181
0.99185
0.9925458
0.9932451
0.9906632
0.9902334
0.9899577
0.9906739
0.9911083
0.9898954
0.9896881
0.9904356
0.9904419
0.9907526
0.9908643
0.9906262
0.9898939
0.9909085
0.9907173
0.9924904
0.991909
0.9911744
0.9946444
0.9938559
0.9945767
0.9962087
0.9925393
0.9928173
0.9899261
0.9910553
0.9927144
0.9894475
0.9941873
0.9941838
0.99448
0.9957918
0.9932341
0.9944861
0.9937262
0.9956446
0.9880622
0.9905921
0.9936392
0.9925887
0.9926585
0.9948245
0.9942389
0.9928858
0.993832
0.9929617
0.9917904
0.991332
0.9926864
0.9889926
0.9940887
0.9931615
0.995679
0.9962312
0.993608
0.9967585
0.996051
0.9969325
0.9921624
0.9906062
0.9916416
0.9962398
0.9951209
0.991239
0.9917138
0.9940305
0.9955506
0.9921058
0.9929746
0.9938549
0.9902358
0.9934953
0.9940033
0.9939154
0.994359
0.9941267
0.9976879
0.9897412
0.9896246
0.991352
0.9894447
0.993094
0.9926398
0.9882404
0.9950319
0.9917027
0.9918014
0.9890049
0.9921261
0.9886723
0.9862705
0.9894949
0.9942119
0.9952173
0.9951769
0.9911115
0.9879328
0.9922375
0.9931829
0.9946539
0.9901183
0.9910762
0.9899497
0.9910029
0.9909939
0.9903518
0.9901779
0.9903078
0.9910695
0.990947
0.9906853
0.9909568
0.9900323
0.9909626
0.9911874
0.9918705
0.9912398
0.9918187
0.9953281
0.9936166
0.9952305
0.9948861
0.993419
0.9934653
0.9910879
0.9908137
0.9930952
0.9893493
0.9935909
0.9935026
0.9951791
0.9958516
0.9957836
0.9958753
0.9948742
0.9947869
0.9878951
0.9905197
0.9945907
0.9929529
0.994221
0.9960215
0.9961637
0.9926564
0.9945989
0.9933039
0.9893425
0.9899452
0.9920767
0.9940358
0.9927816
0.9958746
0.9973933
0.994672
0.9981146
0.993446
0.9955042
0.9925081
0.9910799
0.9904843
0.9919504
0.9965486
0.993062
0.9918507
0.9915571
0.9956362
0.9939703
0.9917327
0.9923236
0.9944385
0.9905086
0.9937448
0.9950222
0.9938302
0.9956665
0.995462
0.9958575
0.9895231
0.9908588
0.9917136
0.989334
0.9930115
0.9942609
0.9915083
0.9966445
0.9914884
0.9921409
0.9885114
0.9920991
0.9887325
0.9872956
0.990951
0.9950687
0.9949277
0.9951826
0.9925817
0.9870624
0.9929167
0.993823
0.9935581
0.9909912
0.991835
0.9909594
0.9919644
0.9918804
0.9910848
0.9907736
0.9914309
0.9915137
0.9917331
0.991662
0.9914773
0.9909155
0.9929574
0.9906752
0.9929247
0.9931412
0.9926367
0.9951445
0.9954359
0.9969809
0.9961334
0.9937265
0.994084
0.9919624
0.991922
0.9939317
0.9907486
0.9949965
0.9944956
0.9932998
0.9966451
0.9941363
0.9966651
0.9941748
0.9974142
0.987828
0.9924539
0.9949047
0.9932415
0.9971216
0.9946315
0.9962825
0.9935988
0.9950382
0.9925429
0.9906977
0.9898132
0.9933523
0.9927273
0.9938072
0.9927662
0.9975862
0.9971841
0.993932
0.9970803
0.9959267
0.9965671
0.9926543
0.9909451
0.9929932
0.996408
0.9951969
0.9927329
0.9922489
0.9961786
0.9942085
0.9922721
0.9935501
0.9951165
0.9916653
0.9946571
0.9954755
0.9948575
0.9956505
0.9962032
0.9950959
0.9909271
0.9910674
0.9916937
0.990977
0.9934967
0.9944423
0.9869533
0.9946357
0.9921341
0.9931793
0.9936919
0.9949855
0.993591
0.9934332
0.9938755
0.9965542
0.9961847
0.9963947
0.99458
0.9943658
0.9956026
0.9959217
0.996791
0.9945598
0.994513
0.9942832
0.9943281
0.9941354
0.9939825
0.9943986
0.9944888
0.9945057
0.9945603
0.9944486
0.9944969
0.9941632
0.9950753
0.9949278
0.9954757
0.9949934
0.9948625
0.9966469
0.9966946
0.998419
0.9961998
0.9936931
0.9942153
0.9945094
0.9944996
0.9957915
0.9934288
0.996521
0.9957034
0.9965222
0.9948815
0.9956104
0.9959904
0.9964626
0.9978953
0.9935452
0.9947779
0.9958607
0.9952613
0.9981173
0.9978118
0.9976077
0.9961932
0.9968488
0.99515
0.9931104
0.9940452
0.9939772
0.995892
0.9969428
0.9960173
0.9926017
0.9958036
0.9990143
0.9978137
0.9975962
0.99593
0.9951981
0.9943686
0.9950938
0.9981223
0.9991946
0.9948833
0.994592
0.9954424
0.9975695
0.9946318
0.9946229
0.9957054
0.9947029
0.9955323
0.9964796
0.9961904
0.9966648
0.996592
0.9972114
0.9933077
0.9942014
0.9950632
0.9949226
0.9956055
0.9953106
0.9940963
0.996358
0.994779
0.9952875
0.992099
0.994349
0.9929608
0.9918393
0.9934501
0.995751
0.9954876
0.9954919
0.9943139
0.9910283
0.9946807
0.9945612
0.9958853
0.9928254
0.9937608
0.9937824
0.9940729
0.994176
0.9936356
0.9937366
0.9937753
0.9939608
0.9939281
0.9936323
0.9937551
0.9938613
0.9938981
0.9943964
0.9939061
0.9945446
0.9941949
0.9914839
0.9923742
0.9928966
0.9964893
0.9948853
0.9951678
0.993233
0.9939228
0.9949841
0.9944225
0.9946328
0.9952537
0.9949333
0.9959829
0.9961801
0.9960096
0.9975656
0.9960651
0.9924547
0.9942877
0.9958271
0.9954786
0.9943579
0.9959095
0.9956367
0.9948172
0.9957872
0.994161
0.9969831
0.9932432
0.9948315
0.9970845
0.9960438
0.9923841
0.9983773
0.9958351
0.9950956
0.9965248
0.9968153
0.9963651
0.9950255
0.9939779
0.994635
0.9951807
0.9940924
0.9941776
0.9946786
0.9949279
0.9967725
0.9943814
0.9944179
0.9969251
0.9943444
0.9950903
0.9956387
0.9954298
0.9959614
0.9958507
0.999449
0.9942661
0.9941063
0.9940687
0.9937599
0.9949844
0.996451
0.9912015
0.9961711
0.9943694
0.9948575
0.9933396
0.9943801
0.9928625
0.9924184
0.994171
0.9955344
0.9961797
0.9956714
0.9950993
0.9916939
0.9947297
0.9943217
0.9955854
0.9937086
0.99412
0.9939147
0.9946707
0.9943212
0.994191
0.9942305
0.9942451
0.9944548
0.994411
0.9943792
0.9945344
0.9939622
0.9948492
0.9943848
0.9947887
0.9941089
0.9951946
0.9947781
0.9961449
0.9943548
0.9958825
0.9964566
0.9963029
0.9941389
0.9950749
0.9949286
0.9950722
0.9953732
0.9951697
0.9967559
0.9948257
0.9933278
0.995947
0.9958712
0.9989376
0.9921741
0.9949271
0.9957355
0.995929
0.9953653
0.9961219
0.9934906
0.9948934
0.9958069
0.9949604
0.9942869
0.9937875
0.9941374
0.9967369
0.996905
0.9932546
0.9958351
0.9953032
0.9959657
0.9959875
0.995102
0.9946147
0.9954736
0.9945807
0.9953785
0.9959239
0.9980983
0.9947619
0.9952088
0.9967524
0.9978166
0.9949256
0.9946165
0.9976026
0.9948177
0.9959712
0.9953704
0.9960016
0.9954926
0.9952586
0.9919725
0.9949602
0.9942525
0.9943345
0.9947252
0.9950289
0.9967281
0.9938846
0.9957852
0.9952064
0.9950811
0.9943173
0.996243
0.9949492
0.9945869
0.9961993
0.9966383
0.9975194
0.9971427
0.9962921
0.9950752
0.9969265
0.9964296
0.9972462
0.9957929
0.9959077
0.99621
0.9960651
0.9959491
0.9957672
0.995945
0.9959106
0.9961267
0.9960716
0.99597
0.9962329
0.9959629
0.9961666
0.9958015
0.9966651
0.9960512
0.9961556
0.9977337
0.9966499
0.9958583
0.9994019
0.9965725
0.9964967
0.9956367
0.9960657
0.9966634
0.9958726
0.9969818
0.9968179
0.9979363
0.9982212
0.9972727
0.9991179
0.9963899
0.997971
0.9946084
0.9963212
0.996906
0.9962742
0.9958321
0.9963636
0.9972171
0.9965809
0.9972642
0.9959426
0.9969585
0.9969115
0.9925992
0.9980418
0.9976044
0.9951128
0.9971333
0.9960649
0.99821
0.9984512
0.9953271
0.9981052
0.9968309
0.995865
0.996454
0.9988162
0.997327
0.9960221
0.9964621
0.9991156
0.9976134
0.996114
0.9964838
0.9972807
0.9964757
0.9965995
0.9975525
0.9969841
0.997171
0.9974712
0.9965302
0.9960124
0.9958847
0.9963939
0.9965048
0.9964814
0.9972084
0.9945499
0.9974313
0.996272
0.9963161
0.9859226
0.9876202
0.9851868
0.9827452
0.9848023
0.9914059
0.9934165
0.9927963
0.9869077
0.9847209
0.989141
0.9899252
0.9932834
0.9873554
0.9866801
0.9861385
0.9866483
0.9863437
0.9850423
0.9860593
0.9864763
0.9866632
0.9864488
0.9857914
0.985926
0.9855764
0.9888631
0.987325
0.9899271
0.9894363
0.987813
0.97723
0.9649387
0.9930881
0.9747751
0.9908305
0.9908783
0.989089
0.9865052
0.9894233
0.9826833
0.9920887
0.9914315
0.9688474
0.9667058
0.9903026
0.957932
0.9899633
0.9920934
0.9856245
0.9859244
0.9926934
0.9916387
0.9735099
0.9879541
0.994052
0.990664
0.9924902
0.9886695
0.9921089
0.9896519
0.9905198
0.9906523
0.9935349
0.9933921
0.9964842
0.994382
0.9974769
0.9944969
0.9945342
0.9944862
0.9874081
0.9853805
0.9875772
0.9906328
0.9729256
0.987807
0.9880864
0.975808
0.9878706
0.9895082
0.9904935
0.9892807
0.9860463
0.9917938
0.9921513
0.991349
0.9924548
0.9929525
0.9973005
0.9828051
0.9864336
0.9872761
0.9814133
0.9913868
0.9893617
0.9867663
0.9927262
0.9878948
0.9880087
0.9860485
0.9881874
0.9864235
0.9856856
0.9858104
0.9904
0.9908644
0.9918087
0.9870616
0.9874727
0.9903745
0.9893185
0.9903869
0.9861357
0.9871581
0.9869862
0.9872897
0.9876405
0.9868261
0.9866718
0.9869605
0.9871032
0.9872405
0.9868416
0.9868786
0.9865497
0.9870219
0.9883922
0.9892508
0.9889757
0.9875567
0.9831964
0.9773234
0.9931068
0.97182
0.9900063
0.990168
0.9877979
0.9862394
0.9900232
0.9847436
0.9922279
0.9910299
0.9646898
0.9596616
0.989541
0.9659334
0.9895954
0.9936222
0.9858857
0.98708
0.9925236
0.9910945
0.9592038
0.9893514
0.9933218
0.9907757
0.991209
0.9895288
0.9914992
0.9876098
0.9914907
0.9912867
0.9956395
0.9940711
0.995991
0.9964422
0.9958007
0.9955625
0.9970341
0.991982
0.9876516
0.9858241
0.9871507
0.9891097
0.9675655
0.9868835
0.987536
0.9636506
0.9915773
0.9900259
0.9896366
0.9878707
0.986669
0.9922209
0.9930249
0.9900502
0.9912313
0.9920117
0.9924902
0.9846929
0.9867985
0.9872922
0.9835547
0.9905074
0.989543
0.9883694
0.9928496
0.9876195
0.9877832
0.984638
0.9887743
0.983461
0.980671
0.9838741
0.993171
0.9929506
0.9932582
0.9871217
0.9862879
0.9911595
0.9918509
0.9912168
0.9856019
0.9869649
0.9864084
0.9882616
0.986431
0.9862538
0.9864407
0.9859707
0.9867397
0.9873078
0.9870024
0.9870442
0.9856785
0.9890526
0.9861844
0.989849
0.9881836
0.9875068
0.9876941
0.9902822
0.9914076
0.9933607
0.990838
0.9903203
0.9878607
0.9851958
0.9914183
0.9813303
0.9928165
0.9926084
0.9903063
0.9894819
0.9855302
0.9895329
0.9897899
0.9931166
0.9826512
0.9865949
0.9920993
0.9932082
0.988878
0.9887441
0.9908513
0.9915964
0.9941839
0.9893991
0.9896226
0.9893465
0.9905479
0.9923585
0.9914857
0.9941652
0.9925238
0.9960887
0.996259
0.9951756
0.9926209
0.9933299
0.9890087
0.9851243
0.9890747
0.9879142
0.9890817
0.9883829
0.987391
0.9918636
0.9929866
0.9902283
0.9894059
0.9880969
0.9856564
0.9940332
0.9938757
0.9921363
0.9934937
0.9936847
0.9972274
0.9810729
0.9862818
0.9857019
0.9792273
0.9910902
0.9881852
0.9872787
0.9938591
0.9873119
0.9885847
0.9894818
0.9936417
0.9894256
0.9883622
0.9909306
0.9964248
0.9971009
0.9962292
0.9927857
0.98949
0.9953961
0.9959618
0.9961595
0.9925628
0.9926931
0.9922032
0.9929302
0.993078
0.9926451
0.9921927
0.9926384
0.992752
0.9927831
0.9933062
0.992517
0.9919382
0.9933732
0.9937553
0.9950051
0.9934057
0.9935931
0.9875776
0.9909624
0.9948244
0.994302
0.9929111
0.992683
0.9935773
0.9926708
0.9954519
0.989592
0.9961188
0.9963243
0.9933504
0.9925392
0.9916099
0.9936159
0.9903545
0.9924319
0.9889178
0.9926524
0.9967089
0.9964343
0.9933059
0.9900289
0.9940365
0.9965482
0.99658
0.9935763
0.9921783
0.9950583
0.9931932
0.9935826
0.9973966
0.996875
0.9954268
0.9953235
0.9968311
0.9939074
0.87995
0.990099
0.9938574
0.9914346
0.9938148
0.9956444
0.9927928
0.9936599
0.993631
0.9961705
0.9930233
0.9949744
0.9940609
0.9946627
0.9924923
0.9956362
0.9965971
0.9961516
0.9968536
0.9967629
0.9830769
0.9894617
0.9924154
0.9918046
0.986334
0.995704
0.9940376
0.9921186
0.9969114
0.9936915
0.9939816
0.9913822
0.9940567
0.9912338
0.9878634
0.9910407
0.9963917
0.9963365
0.9959148
0.9925149
0.9891541
0.9952768
0.9956826
0.995497
0.9925798
0.9929009
0.9925568
0.993549
0.9933035
0.9922729
0.9927713
0.9932203
0.9931596
0.9933194
0.993131
0.9929709
0.9924905
0.9940861
0.9929657
0.9954447
0.9935905
0.9939732
0.9897551
0.9913878
0.9894697
0.9963513
0.9940068
0.993817
0.9923183
0.9925396
0.9956679
0.9905667
0.9972125
0.996322
0.9945918
0.9914308
0.9904711
0.9940813
0.9921281
0.9946714
0.9877731
0.992991
0.9962722
0.9965381
0.9929888
0.9942029
0.9916824
0.9959856
0.9969644
0.9929373
0.9923274
0.9926221
0.9911165
0.9923901
0.9953189
0.9958926
0.9969183
0.9948677
0.9967846
0.9963054
0.9737147
0.9895874
0.9941326
0.9916342
0.9936826
0.992224
0.9932555
0.994066
0.9937053
0.9958805
0.995321
0.9942842
0.994854
0.9942123
0.9928593
0.9960366
0.996787
0.995643
0.9967856
0.9966933
0.9806688
0.9903145
0.9928522
0.9923146
0.9877922
0.9948723
0.9946128
0.9912103
0.9961873
0.9937373
0.994165
0.9915649
0.9904909
0.9917405
0.9905538
0.9909647
0.9883521
0.9882054
0.9881664
0.9904235
0.9915933
0.9902942
0.9886391
0.9884636
0.9913577
0.9900478
0.9905862
0.9902346
0.989908
0.9909787
0.9904468
0.9908971
0.9903863
0.99052
0.9905585
0.9909317
0.9906466
0.989998
0.9909572
0.9891596
0.990367
0.9897578
0.9929902
0.9956292
0.9933759
0.9944635
0.9891069
0.9890814
0.9910508
0.9911166
0.9885127
0.9919543
0.9897745
0.9874656
0.9929964
0.9952607
0.9969313
0.9931934
0.9959893
0.9822104
0.9910821
0.9900583
0.9886941
0.9898985
0.9952553
0.9973175
0.995819
0.9897439
0.9866326
0.9909397
0.9964697
0.9940902
0.9930915
0.9945608
0.9973124
0.9960664
0.9967557
0.9961996
0.9983306
0.9979237
0.9955588
0.9960199
0.9901272
0.9901455
0.9894759
0.9945024
0.9933485
0.9894465
0.9896077
0.993944
0.9948611
0.9902525
0.9913009
0.9908693
0.9906235
0.9891797
0.9880011
0.9872577
0.9879742
0.9872316
0.9985128
0.9917299
0.9907373
0.9899288
0.9926121
0.9891978
0.9905712
0.9929931
0.9865522
0.9893444
0.9899753
0.9874631
0.9876652
0.9866142
0.9845051
0.9856247
0.9915674
0.9913294
0.9926923
0.9875526
0.9865306
0.9887435
0.9893135
0.9931854
0.9867651
0.9871466
0.9872969
0.9874547
0.9875295
0.9871396
0.9870731
0.986848
0.9873055
0.9873079
0.9870702
0.9874402
0.9865061
0.9874442
0.9878354
0.9892729
0.9887136
0.987993
0.8464921
0.6312423
0.992722
0.9786744
0.9894278
0.9891013
0.9885723
0.9865049
0.9892533
0.9853257
0.9920062
0.9893872
0.9702723
0.9619639
0.9892782
0.9671343
0.9891408
0.9922006
0.9845052
0.987399
0.9908871
0.9915505
0.9725
0.9898642
0.9926865
0.990927
0.991826
0.9887896
0.9904981
0.9905514
0.991573
0.9944134
0.9948707
0.9939328
0.993818
0.9944848
0.9975275
0.9948586
0.9946315
0.9921046
0.9873721
0.9862129
0.9875615
0.989428
0.9699422
0.987637
0.9878285
0.9784844
0.9909125
0.9902184
0.986927
0.9893605
0.9868293
0.9916384
0.9910491
0.9902938
0.9918228
0.9920005
0.9944068
0.9847765
0.987394
0.9861444
0.9830967
0.9902954
0.9898629
0.987186
0.9922283
0.9878555
0.9881998
0.9871963
0.9878053
0.9861719
0.9837978
0.9859381
0.9900747
0.991205
0.9915269
0.9870735
0.987294
0.9878518
0.9888664
0.9935392
0.9865068
0.9865001
0.9868188
0.9868463
0.9869384
0.9866679
0.9863819
0.9863771
0.9868592
0.9868668
0.9866203
0.9873231
0.9858816
0.9871629
0.9872588
0.9885833
0.988601
0.9877275
0.7620543
0.6685769
0.9929867
0.9800919
0.9891316
0.9887302
0.9887089
0.9866561
0.9888069
0.9847455
0.9902732
0.9891586
0.964595
0.9618513
0.9916143
0.9676059
0.9903171
0.993337
0.9853113
0.98707
0.9908204
0.9902009
0.9678103
0.9893089
0.9941748
0.9897063
0.9911498
0.9898165
0.9912871
0.9916602
0.9912745
0.992823
0.9930285
0.9948175
0.9940843
0.9937469
0.99781
0.9935848
0.9934227
0.9953409
0.9875123
0.9861016
0.9873068
0.9892615
0.9686237
0.9872013
0.9875731
0.9746377
0.9909331
0.9903997
0.987593
0.9904838
0.9867407
0.9911833
0.9913014
0.9906622
0.9912021
0.9913669
0.9941315
0.9847626
0.9874169
0.9859912
0.9839091
0.9902731
0.9908567
0.987474
0.9911114
0.9876663
0.9880225
0.9913035
0.9939215
0.9923108
0.9882981
0.9920457
0.9950624
0.9954166
0.9959839
0.9929663
0.9896939
0.9950833
0.9944739
0.9962042
0.9923223
0.9932861
0.9932096
0.9936215
0.992941
0.9927841
0.9930242
0.9929423
0.9933583
0.9932186
0.9932692
0.9930243
0.9929757
0.9937257
0.9934057
0.9945515
0.9944981
0.9938428
0.9931221
0.9927273
0.9032387
0.9920021
0.995355
0.9955954
0.9939673
0.9931759
0.9952522
0.9917044
0.9965466
0.9956232
0.9954338
0.992585
0.990347
0.9939102
0.9917206
0.996002
0.9895573
0.9934011
0.9955798
0.9955016
0.9892086
0.9903545
0.9334117
0.9948728
0.9950584
0.9943002
0.9922149
0.9929022
0.9956271
0.9944614
0.9953944
0.995964
0.9924242
0.996916
0.9977629
0.9979968
0.9888101
0.9675926
0.9937555
0.9922988
0.99442
0.9949032
0.992837
0.9939002
0.9936324
0.9933842
0.9930663
0.9948629
0.994833
0.9953769
0.9932586
0.9962652
0.9950524
0.9948869
0.9955611
0.9955768
0.9889169
0.9915905
0.9927601
0.9923206
0.9887565
0.9951641
0.9946012
0.992574
0.9963818
0.9935879
0.9943244
0.9187243
0.9057748
0.9167284
0.9330683
0.9038416
0.9131989
0.9154162
0.9117728
0.898133
0.9531446
0.9254274
0.8897954
0.9310412
0.9153858
0.8843829
0.8974295
0.8906425
0.886999
0.8958244
0.8986132
0.8900216
0.8877398
0.89091
0.8913496
0.889386
0.8963166
0.8888863
0.926469
0.8961971
0.8972413
0.8760744
0.9883221
0.9887253
0.99452
0.9909587
0.9267301
0.9254801
0.8970969
0.8863655
0.8988157
0.9154175
0.9142936
0.9046603
0.9901736
0.9896044
0.9880644
0.9899085
0.989621
0.9886504
0.9300777
0.8916104
0.8902584
0.8993158
0.9893354
0.9905938
0.9939985
0.9211337
0.9184223
0.9316955
0.9853979
0.9849345
0.9861856
0.9901377
0.9918653
0.9924963
0.9934674
0.9944965
0.9965331
0.9950925
0.9941489
0.9947223
0.9052859
0.9069055
0.8956605
0.9890417
0.98898
0.8740495
0.8770179
0.9899058
0.9904885
0.8842362
0.8943474
0.9264271
0.8925884
0.9171998
0.9053697
0.9026404
0.9073878
0.9101745
0.996229
0.9163112
0.9000167
0.8953433
0.9494882
0.8990072
0.9249646
0.9421803
0.9104428
0.8781728
0.877434
0.8926783
0.8749454
0.8852697
0.8938462
0.8453682
0.9369413
0.9340339
0.9301793
0.8586455
0.9371162
0.9332077
0.9079786
0.9329786
0.8881931
0.8554974
0.8595388
0.8649944
0.8579327
0.857413
0.8615858
0.8588586
0.8584694
0.8563207
0.8602963
0.8567031
0.8578385
0.8761017
0.8991138
0.8934928
0.8882473
0.8499871
0.9877598
0.9876754
0.994185
0.9902761
0.9353796
0.9360164
0.88837
0.834178
0.9056063
0.8435943
0.9400954
0.9170993
0.9895264
0.9875574
0.9876378
0.9875397
0.9891274
0.9897195
0.8958072
0.8549654
0.9142547
0.9282535
0.9884237
0.9896054
0.9931927
0.9351315
0.9401761
0.9293393
0.9792659
0.9817729
0.982276
0.9881031
0.9899157
0.9899013
0.9925286
0.9935372
0.9958963
0.9947758
0.9925907
0.9936017
0.887942
0.8366054
0.8703721
0.989344
0.989444
0.8546365
0.8500202
0.9888379
0.9904321
0.899362
0.9082409
0.8994348
0.8396497
0.9413292
0.9364436
0.9138768
0.9367984
0.9390666
0.9951576
0.8440427
0.8590328
0.8527537
0.9151449
0.9047543
0.8806617
0.9123716
0.948527
0.8488264
0.853817
0.8760449
0.8610838
0.8697787
0.874704
0.8423312
0.9384641
0.9580033
0.9554235
0.8726033
0.914874
0.9204206
0.915991
0.9590722
0.8744911
0.8527596
0.843971
0.857387
0.8544343
0.8436594
0.8455948
0.8509456
0.854462
0.8485647
0.8529277
0.8507037
0.8434868
0.870972
0.9017342
0.8958686
0.900704
0.8779018
0.9867723
0.985299
0.9923185
0.9902757
0.9458887
0.9459398
0.8951122
0.8550787
0.9143906
0.8523155
0.9519938
0.9350619
0.9896515
0.9879037
0.9879087
0.9882186
0.986384
0.9898826
0.8752681
0.8614954
0.9317188
0.9296012
0.9887579
0.986989
0.9926914
0.9254521
0.9502319
0.9349697
0.9771595
0.9746292
0.9797309
0.9864282
0.9892552
0.9880776
0.9926139
0.9940513
0.9948108
0.9935583
0.9926886
0.9923655
0.8875782
0.8518984
0.8805683
0.9871395
0.9888812
0.8750718
0.8755606
0.9895588
0.9888758
0.917079
0.9184321
0.9297425
0.8446666
0.950493
0.9565158
0.9316286
0.9536902
0.9555524
0.9948043
0.853885
0.8474537
0.869292
0.9206256
0.9291034
0.9078367
0.9064611
0.9630974
0.8761
0.8655916
0.9383708
0.9148327
0.9374167
0.9545911
0.9275635
0.9128618
0.903672
0.9016311
0.9159703
0.9662911
0.9300824
0.8899058
0.9167726
0.9306868
0.9063397
0.9191882
0.9092786
0.9064188
0.9168607
0.9184214
0.9113699
0.905245
0.9085035
0.9099542
0.9096411
0.9168785
0.913326
0.9365446
0.9027865
0.9101953
0.8865955
0.9910374
0.9912557
0.995538
0.9897831
0.9284117
0.9263168
0.9136705
0.9109453
0.8918283
0.9382807
0.9019081
0.8977455
0.9885348
0.9902041
0.992063
0.9913538
0.9926838
0.9907531
0.9512852
0.9111984
0.8851816
0.9063477
0.9893208
0.9921809
0.9952644
0.9215908
0.9053194
0.9383924
0.9911388
0.9891047
0.9892303
0.9935103
0.9939264
0.9945344
0.9960995
0.9954586
0.9973598
0.9958386
0.9962257
0.9961315
0.9231039
0.9202937
0.90865
0.9908505
0.9890276
0.8926173
0.8890635
0.9890043
0.990815
0.901223
0.9146028
0.9264582
0.9137166
0.9100713
0.8957058
0.8911446
0.8910791
0.8899812
0.9973716
0.9387909
0.9175921
0.9083703
0.968627
0.9009376
0.920821
0.9475672
0.8964146
0.8890882
0.8918411
0.927938
0.8999647
0.9260433
0.9457018
0.907721
0.9058786
0.8911678
0.8838957
0.8956343
0.959986
0.9220932
0.8814301
0.908948
0.9174769
0.883238
0.8990232
0.889827
0.8850347
0.8967375
0.9004299
0.8918826
0.8842228
0.8903092
0.8903353
0.8877134
0.8997114
0.8939662
0.9299091
0.8880564
0.8967868
0.8639724
0.9902856
0.9902989
0.995545
0.9899417
0.9273753
0.925196
0.8885578
0.8861346
0.8847049
0.9223097
0.9118954
0.886544
0.990178
0.9901236
0.9914221
0.9918129
0.9919478
0.9898948
0.9404196
0.8910486
0.8666857
0.8942738
0.9901717
0.9915962
0.9949354
0.9171558
0.8981595
0.9345578
0.9871307
0.9879579
0.98833
0.9930146
0.9920415
0.9937732
0.9953077
0.9951992
0.9970986
0.996077
0.9950098
0.9951575
0.9079131
0.9055443
0.8903529
0.9899757
0.9900484
0.8712343
0.8663075
0.9906976
0.9902927
0.8850606
0.9041561
0.912074
0.8911276
0.9138523
0.8912019
0.8747954
0.8766931
0.8775097
0.9973893
0.9236407
0.8955019
0.8964742
0.96049
0.6224588
0.9010628
0.9448928
0.8847985
0.8663971
0.865681
0.9449657
0.9111173
0.9470638
0.9661744
0.9330586
0.8682003
0.8920747
0.8921883
0.9197637
0.9688357
0.911049
0.8559691
0.9224178
0.9276795
0.8944465
0.9116121
0.8962548
0.8979503
0.9143354
0.9105168
0.9038972
0.8969326
0.9015201
0.8974028
0.9018114
0.9139102
0.9020454
0.9454807
0.8834166
0.911229
0.8848298
0.9909908
0.9914068
0.9957076
0.9910525
0.9234193
0.9238112
0.9147246
0.9146145
0.8654611
0.952686
0.8798128
0.8675482
0.9910922
0.991816
0.9930418
0.9918484
0.9935044
0.9885938
0.9607499
0.9042101
0.8621152
0.8740748
0.9908159
0.9928807
0.9965064
0.8907017
0.8735223
0.9374033
0.9914778
0.9914885
0.9901379
0.9945947
0.9938137
0.9949735
0.9965003
0.9963285
0.9968229
0.9963738
0.9960356
0.9961424
0.9125322
0.9345593
0.9022762
0.9906022
0.9914647
0.8793835
0.8877697
0.9906862
0.9908127
0.8898949
0.9122178
0.9321933
0.919484
0.8934896
0.8723319
0.8625002
0.8511684
0.8503286
0.998095
0.9525677
0.9181674
0.9184022
0.9804568
0.8951601
0.9307175
0.962411
0.8620249
0.8876942
0.8779477
0.9854692
0.9875036
0.9853006
0.9813196
0.9841658
0.9908775
0.9910101
0.9920635
0.9864126
0.9859494
0.9900285
0.989849
0.9910759
0.9863288
0.9873085
0.9868902
0.9877889
0.9872826
0.9865715
0.9865768
0.9872197
0.9874807
0.9870651
0.9875309
0.9868767
0.9857754
0.9869556
0.9862253
0.9889007
0.9886905
0.9874972
0.964467
0.9648372
0.9919883
0.9645501
0.9883357
0.9881227
0.9881267
0.9857242
0.9906465
0.9827711
0.9925159
0.9906565
0.9578804
0.9435118
0.990631
0.9429583
0.987984
0.9923877
0.9825466
0.9865678
0.9912644
0.9918881
0.9442798
0.9854015
0.9931774
0.9899208
0.9915746
0.990109
0.9914255
0.9883577
0.9918877
0.993007
0.995695
0.9910908
0.9958045
0.9949887
0.9964246
0.9976929
0.993895
0.9940901
0.9881632
0.9849142
0.9875044
0.9875166
0.9486726
0.9876867
0.9872673
0.9470069
0.9870772
0.9896594
0.9893683
0.9883244
0.9860463
0.9911796
0.9917649
0.9902938
0.9917799
0.9918033
0.9967695
0.982758
0.9868285
0.9865969
0.9812599
0.9897913
0.9889341
0.9862481
0.9922888
0.987293
0.9878501
0.9868057
0.9881172
0.985978
0.982119
0.9854723
0.9896437
0.9923218
0.9935026
0.9867069
0.9851482
0.9884409
0.9887946
0.9935012
0.9874014
0.9863671
0.986193
0.9870436
0.9871464
0.9862474
0.9864446
0.9863977
0.9866162
0.9868325
0.9865151
0.9871951
0.9861431
0.9870219
0.9875684
0.9886371
0.9890879
0.9878614
0.7789567
0.7690271
0.9912875
0.9789353
0.9886816
0.9890702
0.9889102
0.986101
0.9896545
0.9847965
0.9913305
0.9894867
0.9725243
0.9644856
0.990082
0.9703916
0.9914724
0.9937142
0.9839361
0.9866738
0.9913354
0.9916579
0.9698193
0.9908571
0.9927149
0.9905505
0.9908236
0.988712
0.9899036
0.9883865
0.9909657
0.9932298
0.9930342
0.9933016
0.9938424
0.9945069
0.9975383
0.9925584
0.9914655
0.9911439
0.9872035
0.9854723
0.9876213
0.9913583
0.9700346
0.9869134
0.9875451
0.9750476
0.9949239
0.9903112
0.9891726
0.9900259
0.9863724
0.9914667
0.9912714
0.9900964
0.9923404
0.9921128
0.9961977
0.9847128
0.9875028
0.9859212
0.9864213
0.9897198
0.9901909
0.9873827
0.9918692
0.9876572
0.9881873
0.8589021
0.861892
0.848756
0.8404046
0.8190619
0.9495357
0.9638582
0.9610189
0.8552666
0.8991898
0.9290732
0.9224373
0.9648303
0.8673197
0.847083
0.8343177
0.8532052
0.8490432
0.8350906
0.8369286
0.8441129
0.8501327
0.8438228
0.8484653
0.8435424
0.8305934
0.8767567
0.8951828
0.9014297
0.9001419
0.8743174
0.9861559
0.9865882
0.9920474
0.9901723
0.9498124
0.9498821
0.8942161
0.8365687
0.9232357
0.8169694
0.9610383
0.9425486
0.9894354
0.9865615
0.9839286
0.9854657
0.9830827
0.989893
0.8414013
0.8524675
0.9409691
0.9411492
0.9868749
0.9849158
0.9915874
0.9383726
0.9586921
0.9358577
0.9737514
0.9728501
0.9773356
0.9832296
0.9869469
0.9863236
0.9899065
0.9923045
0.9949754
0.992704
0.990966
0.9898464
0.8854551
0.824103
0.8784642
0.9858043
0.9877597
0.8731346
0.8710277
0.9888371
0.9878797
0.9188342
0.9225556
0.9292425
0.8301503
0.9603076
0.9647794
0.9413386
0.9632464
0.9648157
0.9942756
0.8176043
0.8352414
0.8570365
0.8969741
0.933614
0.9021851
0.8924967
0.9681294
0.8712543
0.8684978
0.8607915
0.8580798
0.8568775
0.8569231
0.8330869
0.9444435
0.9570805
0.9543047
0.8608579
0.908093
0.9271434
0.9165751
0.9572454
0.8722881
0.8528827
0.8430484
0.860058
0.8563328
0.8432931
0.8474083
0.8534667
0.8547798
0.8495701
0.8578787
0.8518291
0.8425991
0.8791638
0.8980621
0.8984801
0.8986993
0.8729766
0.986368
0.9873388
0.9924785
0.9902502
0.9476985
0.9470186
0.8922743
0.843969
0.9142323
0.8392572
0.9572485
0.9387626
0.9890797
0.9867518
0.9858569
0.9872681
0.9857484
0.989572
0.8578648
0.8574285
0.9318821
0.9357702
0.9867495
0.9864267
0.9924739
0.9355726
0.9535185
0.9298132
0.9764605
0.977795
0.9793749
0.9864495
0.9887463
0.9889632
0.9913247
0.9927836
0.9945605
0.993407
0.9913382
0.9913903
0.8906256
0.8331805
0.8804099
0.9875283
0.9880021
0.8706661
0.8703534
0.9879196
0.9879369
0.9125333
0.9197062
0.9272238
0.8372531
0.9524826
0.9565783
0.935281
0.9562343
0.9588877
0.9947702
0.8399917
0.8426024
0.8615951
0.9108645
0.9272172
0.8995322
0.8933333
0.9643961
0.8703143
0.8667403
0.873233
0.8632792
0.8670857
0.871136
0.8390613
0.9384418
0.962091
0.9589576
0.8714611
0.9106888
0.9185765
0.9136604
0.9612533
0.872801
0.8523235
0.8449088
0.8572966
0.8560942
0.8461595
0.8475719
0.852912
0.8560929
0.8496097
0.8549859
0.8518921
0.8453655
0.8713407
0.9015291
0.8953497
0.9041157
0.8782176
0.9849037
0.9864291
0.9930045
0.9909557
0.9487081
0.9484135
0.8944154
0.85623
0.9141939
0.8524632
0.9540581
0.9331193
0.9903793
0.9887821
0.9872523
0.9883534
0.986289
0.9903343
0.8666476
0.8635809
0.9318151
0.930495
0.9869639
0.987222
0.9932897
0.9260793
0.9523824
0.9306117
0.9782471
0.9769674
0.9801055
0.9860798
0.98818
0.9882762
0.9914354
0.9928113
0.9958893
0.9935009
0.9923852
0.9923767
0.888923
0.8502969
0.8791195
0.988846
0.9889373
0.874569
0.8780943
0.989942
0.9898999
0.9166432
0.9202618
0.9305074
0.8478896
0.9511945
0.9578359
0.9341527
0.9565539
0.9581385
0.994809
0.853809
0.849871
0.8688159
0.9186506
0.930953
0.9109676
0.9017121
0.964954
0.8783782
0.867914
0.8548039
0.8551926
0.8432132
0.8317316
0.8089782
0.9492669
0.9630303
0.9619198
0.8491333
0.8957841
0.9271814
0.9206897
0.9649106
0.8602452
0.8392456
0.8251541
0.8468454
0.841457
0.8264072
0.8280669
0.835505
0.843436
0.8358873
0.8414543
0.8361955
0.8223927
0.8726141
0.8928659
0.8985465
0.8974623
0.8684885
0.9856051
0.9854483
0.9917185
0.990114
0.9495166
0.9500791
0.8892267
0.8288671
0.921057
0.8070037
0.9614661
0.9423089
0.9890476
0.9862637
0.9830397
0.9852748
0.9833278
0.9900867
0.8335029
0.8432577
0.9404402
0.9403926
0.9864732
0.9845043
0.9915581
0.9372095
0.9585087
0.9340265
0.9724615
0.9727959
0.9765005
0.983163
0.9862914
0.9855656
0.9898265
0.9916512
0.994481
0.9923752
0.9904971
0.9901437
0.8812768
0.8140588
0.8735551
0.9858414
0.9876834
0.8689338
0.8652793
0.9889861
0.9879191
0.9186528
0.9230228
0.9279624
0.8198877
0.9598587
0.9654288
0.9405523
0.9639992
0.9652317
0.9943458
0.8079792
0.8256077
0.8524089
0.8934671
0.9332015
0.8991365
0.8912628
0.9692861
0.8661752
0.8619927
0.9333237
0.8848892
0.9301418
0.9497931
0.9058173
0.867537
0.9290318
0.9292707
0.9036585
0.9574792
0.8715363
0.8705
0.9465348
0.9121869
0.8739995
0.8867461
0.8770458
0.87885
0.8870431
0.8838458
0.8803625
0.8771078
0.8775775
0.8755688
0.8791634
0.8854948
0.8770851
0.9345834
0.8779645
0.9123598
0.8831997
0.9898636
0.9891229
0.9944216
0.9920062
0.9349588
0.9346692
0.9077551
0.8951327
0.8841701
0.9305065
0.9152383
0.8937478
0.989663
0.9912834
0.9915109
0.9914244
0.9921934
0.9891914
0.9446273
0.8865323
0.8825122
0.8875179
0.9906321
0.991647
0.9961106
0.6415061
0.8988931
0.9407434
0.987384
0.9874138
0.9881102
0.993171
0.9920525
0.9931245
0.9961593
0.9955137
0.995693
0.9955011
0.9962478
0.9953841
0.8915468
0.9128305
0.8863734
0.9906346
0.990145
0.872881
0.8831777
0.9901229
0.9890544
0.9025559
0.9161253
0.9370913
0.8915713
0.9192484
0.9184013
0.8869152
0.8952803
0.8952301
0.9978371
0.930353
0.8885744
0.9071877
0.9682533
0.9152436
0.9230935
0.9557664
0.9121039
0.884519
0.8620076
0.8545254
0.8544413
0.8441019
0.8346604
0.8101301
0.9503794
0.9634444
0.9612732
0.8471612
0.8992581
0.9269013
0.9186936
0.9625857
0.864572
0.8382375
0.82659
0.8452815
0.8392197
0.8239616
0.8289706
0.834444
0.8403943
0.8329864
0.839336
0.8349821
0.8220787
0.870984
0.8940343
0.8946634
0.8974817
0.8685184
0.9854441
0.9859118
0.9919306
0.9898159
0.9500261
0.9501322
0.8892305
0.8283006
0.9186286
0.8097449
0.9586183
0.9426753
0.9892706
0.9862097
0.9833117
0.9860117
0.9832651
0.9899668
0.8359851
0.8426249
0.9397165
0.9392082
0.9856119
0.985616
0.9918343
0.9333621
0.9596141
0.9348671
0.973263
0.9731206
0.9770837
0.9841284
0.9869289
0.9867681
0.9894916
0.9918655
0.9953517
0.9926685
0.9903651
0.9901405
0.8810103
0.8144356
0.8728868
0.9869841
0.9860002
0.8675598
0.865737
0.9878784
0.9882515
0.9168283
0.9196528
0.9273155
0.8190243
0.9587633
0.9640813
0.938348
0.9640692
0.9647964
0.9942651
0.8119766
0.826978
0.8513824
0.898013
0.9323322
0.8977939
0.8903535
0.9687105
0.8662719
0.8610363
0.9295796
0.8815
0.9267574
0.9442994
0.9065329
0.9042891
0.9230658
0.9218073
0.896184
0.9564477
0.905928
0.8683198
0.9431848
0.9143556
0.876697
0.8852338
0.8771614
0.8796627
0.8864992
0.8842341
0.8794343
0.8770417
0.8777962
0.8788655
0.8811981
0.8841926
0.8863148
0.9325468
0.879849
0.9104794
0.8858399
0.9889956
0.9883303
0.9941178
0.9897785
0.9303906
0.9289344
0.9072684
0.8930317
0.8806912
0.9256111
0.9092697
0.8972924
0.9904488
0.9905198
0.9925983
0.99166
0.9919484
0.9887711
0.9367631
0.8896816
0.8747809
0.8813378
0.9910989
0.991994
0.9946315
0.8956565
0.9041416
0.9419339
0.9888665
0.986948
0.9878701
0.9924271
0.9927308
0.9939103
0.9957597
0.9951844
0.9965216
0.9953534
0.9963577
0.9957098
0.8922708
0.9057029
0.8903654
0.9902177
0.9905443
0.8753286
0.8839925
0.9899427
0.9903384
0.8998295
0.9130334
0.937661
0.8871033
0.9144373
0.913144
0.8870451
0.8960414
0.8982142
0.9977568
0.9260388
0.8853479
0.905636
0.968003
0.907276
0.9151786
0.9539497
0.9061872
0.8850896
0.864755
0.94353
0.8736202
0.943943
0.9671373
0.9164649
0.8339082
0.8381151
0.8342834
0.8827997
0.9750526
0.8956895
0.7630688
0.8878472
0.9097506
0.8377404
0.875118
0.8417291
0.8423995
0.8749322
0.8717972
0.8577499
0.8398816
0.8476147
0.8431056
0.8513785
0.8773233
0.8731428
0.9434084
0.8156886
0.8871004
0.8039694
0.9909157
0.9905021
0.9952588
0.9903957
0.9081424
0.9070215
0.8886992
0.8725721
0.7880786
0.9440437
0.8403325
0.7838606
0.9906702
0.9917388
0.993767
0.9918814
0.9937945
0.9894131
0.961265
0.843752
0.7829535
0.8435223
0.9911774
0.993564
0.9959122
0.8700137
0.8014288
0.919142
0.9932433
0.9928117
0.992117
0.9955151
0.9936731
0.9952246
0.9967042
0.996753
0.9972016
0.9966461
0.9968728
0.9963972
0.8903798
0.9135519
0.861639
0.9907576
0.991267
0.8088175
0.8079824
0.9901335
0.9904485
0.8448576
0.8860756
0.9130293
0.8830186
0.8568456
0.8072903
0.7626641
0.724848
0.7220706
0.9981606
0.9437196
0.8862358
0.8803838
0.982357
0.8581632
0.8951617
0.9630363
0.7923442
0.8095157
0.786994
0.9030835
0.865792
0.8958801
0.9160392
0.8562359
0.9070565
0.9550459
0.9540593
0.8775544
0.9308858
0.8864653
0.8957536
0.9618386
0.8827789
0.8452884
0.849159
0.8483486
0.8479914
0.8461489
0.8485634
0.8464625
0.8470635
0.8447852
0.8466971
0.8456711
0.842251
0.8475447
0.9164695
0.8808231
0.9102006
0.8780852
0.9868714
0.986983
0.9933771
0.9903172
0.9389908
0.9396902
0.9011502
0.8635726
0.9073816
0.8783883
0.9422188
0.9216853
0.9904223
0.9885259
0.9880498
0.989165
0.9886617
0.9893318
0.913811
0.8593583
0.9169958
0.9129041
0.9886441
0.9897968
0.9940212
0.8833904
0.9353671
0.9470654
0.980633
0.980889
0.9819509
0.9875995
0.9912273
0.9910065
0.9929887
0.9942465
0.9949322
0.9930476
0.9941115
0.9945682
0.8721903
0.8668441
0.8624536
0.9886175
0.9884046
0.8657732
0.8774002
0.9888018
0.9886698
0.9151313
0.9187804
0.9374772
0.8470926
0.9410291
0.9527458
0.915519
0.946261
0.9465772
0.997595
0.8792873
0.8538769
0.8844846
0.9425636
0.9292693
0.9122084
0.9378085
0.9557743
0.8771437
0.8516995
0.9275514
0.8579057
0.923846
0.9462973
0.8788978
0.8662616
0.8986372
0.8988583
0.857983
0.9595133
0.8959595
0.8081179
0.9284835
0.8972161
0.8143772
0.8446
0.8191023
0.82633
0.8438737
0.8390028
0.8306494
0.8228309
0.8221935
0.8192222
0.8305216
0.8403995
0.8467068
0.9306126
0.8279609
0.8929146
0.8114854
0.9887372
0.9893222
0.9954082
0.9902774
0.9157473
0.9159525
0.8862926
0.8482191
0.8379412
0.9025168
0.8852726
0.8439504
0.9893212
0.989792
0.992266
0.9900501
0.991949
0.9875682
0.9405812
0.8246504
0.8548423
0.8722996
0.9894013
0.9917431
0.9959703
0.879727
0.8692931
0.9364681
0.9888039
0.9888077
0.9892138
0.993098
0.992488
0.993409
0.9955386
0.9957567
0.9963155
0.9959551
0.9954228
0.99595
0.8491768
0.8753243
0.840259
0.9895386
0.989334
0.8055516
0.8127892
0.9888289
0.9897379
0.8742064
0.8962365
0.9171765
0.8444789
0.8938219
0.8938942
0.8319817
0.8489988
0.8507143
0.9980936
0.9038496
0.8588425
0.8650375
0.9678327
0.8926577
0.89843
0.9550531
0.8753542
0.8144315
0.7886757
0.9344159
0.8685668
0.9311794
0.9543009
0.8948115
0.8581176
0.8931853
0.891246
0.8718142
0.9646027
0.8963247
0.8053551
0.924237
0.9016988
0.832779
0.8616384
0.8366554
0.843078
0.8614943
0.857363
0.8475442
0.8393317
0.8400594
0.8372343
0.8469467
0.8585715
0.8579402
0.9373168
0.8335657
0.8977781
0.8249692
0.9896809
0.9901167
0.9952193
0.9905896
0.9140414
0.9157876
0.8931838
0.8636988
0.8337599
0.9205248
0.8751134
0.8380932
0.9899938
0.9906307
0.9921652
0.9908124
0.9931966
0.9877059
0.9470674
0.8418233
0.849985
0.8686361
0.9907363
0.9932822
0.9954515
0.8783608
0.8564835
0.9365199
0.9900298
0.9902619
0.9896939
0.9931468
0.9933792
0.9939931
0.9958064
0.9961622
0.9968071
0.9964617
0.9956304
0.9958795
0.8607278
0.8905628
0.8531261
0.989439
0.9909145
0.814224
0.8250066
0.9898152
0.9895416
0.8751772
0.8966842
0.9195564
0.8628868
0.8868005
0.8840008
0.8266385
0.8356841
0.8383069
0.9980279
0.920137
0.8772627
0.8786363
0.9723311
0.8903388
0.9047187
0.9575882
0.8618203
0.8270016
0.803402
0.8965708
0.7888809
0.8873006
0.9191912
0.7973488
0.872213
0.8831261
0.8761275
0.7818204
0.9472067
0.8838454
0.7791218
0.9073782
0.8560575
0.7107606
0.7485382
0.7211669
0.7234681
0.7464208
0.7457371
0.7326978
0.7207202
0.7090108
0.718612
0.7284164
0.7438779
0.7851455
0.9070415
0.7779376
0.8554821
0.6415441
0.9884803
0.9884291
0.9944624
0.9903997
0.9044757
0.9051058
0.8481637
0.7452533
0.8026204
0.8313157
0.8838448
0.817487
0.9891252
0.989601
0.990215
0.989441
0.9906468
0.9888636
0.9095928
0.7188748
0.8209912
0.8616155
0.9894857
0.9900243
0.9948631
0.8739479
0.8593475
0.9210497
0.9853504
0.9849977
0.9852951
0.9908908
0.9916722
0.9922262
0.9948122
0.9950199
0.9961729
0.9952258
0.9945086
0.9954058
0.8148461
0.7886905
0.7712008
0.9890471
0.9888646
0.7032042
0.6412184
0.9890865
0.9891116
0.8430987
0.8726599
0.8849621
0.7333928
0.8896385
0.8835087
0.7982923
0.8385098
0.8415912
0.9975355
0.8335787
0.7681292
0.7937162
0.9462822
0.8631302
0.8432065
0.9365684
0.875129
0.6439646
0.6531388
0.9617078
0.9267639
0.962647
0.9776229
0.9510137
0.8717587
0.8532316
0.8498294
0.9303928
0.9833071
0.9209714
0.8492794
0.893582
0.9362436
0.9092092
0.9325251
0.9114657
0.9114267
0.9312043
0.9312494
0.9198648
0.9095729
0.9182079
0.9145122
0.9167574
0.9326238
0.9176325
0.9584006
0.8824828
0.9193583
0.883233
0.9918208
0.990647
0.9961996
0.9901769
0.9195119
0.9201939
0.9224567
0.9249378
0.8587294
0.9696255
0.8723596
0.8391098
0.9906517
0.9919351
0.993184
0.9924975
0.9938181
0.9875223
0.9731721
0.9124614
0.8403445
0.8851911
0.9912782
0.993233
0.9955529
0.9040017
0.8318107
0.9351422
0.9942141
0.9938049
0.993255
0.9957718
0.9943921
0.9955594
0.9967376
0.9969315
0.9973544
0.9967994
0.9960974
0.9968628
0.9294546
0.9487004
0.9122001
0.9913774
0.9912302
0.8839188
0.886495
0.9910398
0.9902533
0.8947234
0.9139215
0.9272367
0.9364024
0.8816553
0.8466038
0.8268185
0.7859469
0.7824957
0.9981438
0.9701327
0.934509
0.9261372
0.987401
0.8905651
0.9244763
0.9723463
0.8264508
0.8882929
0.885077
0.8479858
0.8453363
0.8355524
0.8296956
0.7990387
0.9486098
0.9624055
0.9604602
0.8371493
0.8957951
0.9220236
0.9144432
0.9635286
0.8599424
0.8271525
0.8146889
0.8374801
0.8310808
0.8115473
0.8176032
0.8227129
0.8332766
0.8223582
0.8306352
0.8252396
0.8085482
0.8627956
0.8848506
0.8905262
0.8901909
0.8580128
0.9846586
0.9854287
0.9923525
0.9901755
0.9490551
0.947598
0.8850137
0.8161678
0.9140157
0.7986741
0.9603364
0.9392957
0.9879281
0.9849814
0.9838364
0.984491
0.9822829
0.9904249
0.8306143
0.8319975
0.9365363
0.936091
0.9858129
0.9859004
0.9911278
0.9315693
0.9595754
0.9322915
0.9731165
0.974692
0.9746546
0.9844882
0.9871546
0.9871477
0.9903998
0.9915819
0.9945082
0.9924712
0.9900719
0.9903757
0.8711441
0.8026566
0.8640861
0.9862886
0.9881418
0.8582169
0.8543416
0.9870691
0.9890209
0.9109349
0.9158388
0.9240583
0.8054891
0.9566155
0.9635497
0.9367342
0.9624665
0.9650225
0.9941834
0.7991413
0.8144504
0.8417618
0.8914274
0.9282638
0.8910238
0.8889833
0.9689282
0.8546108
0.8497999
0.9191555
0.8273898
0.9155719
0.9447532
0.8556162
0.8443545
0.8664551
0.8599345
0.83158
0.9609348
0.8824688
0.7494661
0.9016972
0.8779537
0.7583083
0.8039551
0.7675346
0.7720168
0.8045385
0.7998463
0.784379
0.7692341
0.7634027
0.7653264
0.7791814
0.8008188
0.8167852
0.924762
0.7794664
0.8682904
0.7321875
0.9892879
0.9892733
0.994806
0.9898494
0.8991612
0.8993303
0.865124
0.8068155
0.7834783
0.8901362
0.8538064
0.7875201
0.989283
0.9897073
0.9917043
0.9897099
0.9914786
0.9880608
0.9366152
0.7689017
0.8050621
0.8468483
0.9894674
0.9913831
0.9953154
0.8650859
0.8284041
0.9169248
0.9893951
0.9884922
0.9884548
0.9930017
0.992171
0.9929314
0.9955415
0.9955389
0.9964939
0.9955342
0.9951899
0.9958338
0.8431617
0.8479595
0.8061981
0.9891251
0.989655
0.7379158
0.7358128
0.9884389
0.9890704
0.8440451
0.8763154
0.9016065
0.809506
0.867303
0.8486289
0.7735278
0.7905297
0.7927484
0.997938
0.8907357
0.8293954
0.8306727
0.9664448
0.8602995
0.883868
0.9504031
0.8380311
0.7375659
0.7093055
0.9365831
0.8902948
0.9330558
0.9512695
0.9041131
0.8909561
0.8774427
0.875383
0.8893329
0.9678884
0.9128821
0.8541798
0.8998896
0.9082911
0.8694246
0.8908805
0.8717254
0.8691425
0.8862328
0.8891723
0.8771706
0.8678998
0.875024
0.8717012
0.8740934
0.8884427
0.8866372
0.9331294
0.8637644
0.897212
0.8509151
0.9902853
0.9902563
0.9947202
0.9905679
0.9223399
0.9234086
0.8945807
0.877825
0.8575979
0.9250912
0.8944575
0.8552853
0.9906376
0.9910725
0.9913594
0.9915746
0.9917426
0.9892125
0.945068
0.8720171
0.844474
0.8888162
0.9909518
0.9918582
0.995103
0.9026519
0.8681664
0.9294181
0.9901174
0.9884421
0.9893504
0.993438
0.9928189
0.9937278
0.9953197
0.9963076
0.9967494
0.9962392
0.9957496
0.9958883
0.9019841
0.8995775
0.8788098
0.9908938
0.9909125
0.855885
0.8530387
0.9911151
0.9912684
0.8791176
0.9043125
0.9161709
0.8832712
0.8975557
0.8716746
0.8407166
0.8411872
0.8416777
0.9979408
0.9245829
0.8917312
0.8897475
0.9684457
0.8845412
0.8959846
0.9550511
0.8712716
0.8528353
0.8475116
0.9923501
0.9934885
0.9916652
0.988385
0.991811
0.9968366
0.9964688
0.9965047
0.9930759
0.9886484
0.9958227
0.9963391
0.9962774
0.9932465
0.993292
0.9931323
0.9940216
0.9937486
0.9931701
0.9933413
0.9935523
0.9937347
0.9937617
0.993919
0.9932681
0.9930865
0.9946741
0.9921458
0.9955784
0.9934479
0.9942595
0.9937749
0.9916318
0.9921171
0.9953015
0.9951086
0.9945248
0.9940049
0.993268
0.9959029
0.9908702
0.9967521
0.9966929
0.9953656
0.9958614
0.9901987
0.994596
0.9926528
0.9964521
0.9893712
0.9934542
0.9964112
0.9964043
0.996115
0.9934037
0.9916761
0.9962932
0.9961378
0.9939261
0.9927208
0.989798
0.9947676
0.9921016
0.9944331
0.9971582
0.9938128
0.9968454
0.99447
0.9979491
0.9768608
0.9895793
0.9941324
0.9923692
0.9946882
0.9911734
0.9966374
0.9944338
0.9938671
0.9966538
0.9940104
0.9949019
0.9943509
0.9940337
0.9929852
0.9973977
0.9974955
0.9959806
0.9969171
0.9966259
0.9827766
0.9909486
0.9928092
0.9928418
0.9871724
0.9952604
0.994117
0.9922546
0.9965007
0.9937372
0.9942607
0.9920364
0.9933256
0.9922967
0.988979
0.9916963
0.9946957
0.9972624
0.9968144
0.9933812
0.9903451
0.9943255
0.9947761
0.9961121
0.9921778
0.9931199
0.9925876
0.9931345
0.9931743
0.9928003
0.9929574
0.9930083
0.9933639
0.9931801
0.9933901
0.9929208
0.9926468
0.9940695
0.9929637
0.9945067
0.9939687
0.9938582
0.99125
0.9901259
0.9813688
0.9929245
0.9952254
0.9955844
0.9938903
0.9930213
0.9952471
0.9916112
0.9961488
0.9960479
0.9958763
0.9950739
0.9952482
0.9935501
0.9921115
0.9949161
0.9903992
0.993085
0.9960279
0.9963235
0.9953271
0.9925946
0.9893577
0.9952843
0.9960338
0.9930698
0.9907243
0.9952191
0.9947612
0.9971886
0.9964851
0.9968354
0.9972963
0.9952494
0.9939898
0.9950515
0.9896947
0.9915058
0.9942363
0.992394
0.9948744
0.9935149
0.9958517
0.9938466
0.9935714
0.9948347
0.9950495
0.9950842
0.9951188
0.9949827
0.9927868
0.9960722
0.9969474
0.9956762
0.99639
0.9964461
0.9916969
0.99153
0.9926266
0.9925276
0.9896989
0.9952856
0.9949093
0.9900593
0.9965627
0.9938514
0.9941852
0.9917642
0.9938268
0.9917872
0.9886209
0.9917859
0.9953554
0.9955448
0.9961666
0.9934096
0.9901778
0.9950792
0.9952902
0.9949266
0.9924286
0.993208
0.9931239
0.9936394
0.9935625
0.9934883
0.9931775
0.9935541
0.9934832
0.9935552
0.9935845
0.993478
0.9928691
0.9938978
0.9929724
0.9949914
0.9935946
0.9938697
0.9925743
0.9953738
0.992202
0.9927273
0.9936587
0.992445
0.9927792
0.9933878
0.9952499
0.9911275
0.9964723
0.9963044
0.9935996
0.9938256
0.9942393
0.9930929
0.991395
0.996478
0.9900785
0.9929549
0.9958736
0.9959261
0.993816
0.9955579
0.9932735
0.9958488
0.9955204
0.9936647
0.993156
0.9934602
0.9956018
0.9935736
0.9962297
0.9956127
0.9969501
0.9976626
0.9954566
0.9955303
0.9790636
0.9923868
0.9939265
0.9918906
0.9939581
0.9933145
0.9945974
0.993799
0.9936783
0.993593
0.9927536
0.9943563
0.99406
0.9941872
0.992789
0.9958932
0.9961776
0.9953916
0.9961513
0.9960228
0.9866803
0.9911072
0.9930577
0.9929729
0.987874
0.9948241
0.9950771
0.9916198
0.9965351
0.9937485
0.9941866
0.992484
0.9937
0.9934825
0.9892948
0.9917586
0.9944349
0.9956788
0.9960747
0.993092
0.9912493
0.9948219
0.9944139
0.9961603
0.9934743
0.9931705
0.9934278
0.9938467
0.9934247
0.993078
0.993199
0.9935145
0.9936105
0.9936164
0.9932296
0.9933301
0.9928698
0.9941373
0.9933658
0.9946171
0.9944247
0.9940612
0.9938348
0.9926936
0.8187337
0.9945694
0.9949197
0.9952002
0.9937828
0.9933136
0.9946959
0.9919205
0.9961903
0.9950544
0.9925869
0.9928076
0.9895041
0.9956732
0.9916797
0.994721
0.9899491
0.9934094
0.9955087
0.9947765
0.9930556
0.9916274
0.8464164
0.9948701
0.9949784
0.9939367
0.9913978
0.9946661
0.9962114
0.9949917
0.9959502
0.9934252
0.9950533
0.9965035
0.9972912
0.9979814
0.9928919
0.9633242
0.9937012
0.9921956
0.9935853
0.9941056
0.9928021
0.9940781
0.9936122
0.9948941
0.9938112
0.9941516
0.9948891
0.9953743
0.9933293
0.9961155
0.9962755
0.9952234
0.9952955
0.9949235
0.9954522
0.9917417
0.993037
0.9928742
0.9897885
0.9949548
0.9951109
0.9938053
0.9958469
0.993644
0.994269
0.9481918
0.913706
0.9476575
0.9693938
0.9338332
0.8748694
0.865128
0.8613597
0.9185691
0.9749184
0.9179956
0.8453682
0.9009062
0.9296786
0.8891263
0.9119806
0.8908353
0.8909292
0.9109272
0.9111757
0.9015064
0.8918113
0.8982534
0.895222
0.8972973
0.9128958
0.9041982
0.9499024
0.8781289
0.9062512
0.8669217
0.9902184
0.9911934
0.9954481
0.9895983
0.9023705
0.9015979
0.9072509
0.911737
0.8605931
0.9561409
0.8738537
0.8574039
0.9907401
0.9903212
0.9921492
0.9909253
0.9925217
0.9888869
0.9648195
0.895913
0.8337587
0.877539
0.99108
0.9925865
0.9957508
0.8994134
0.8563212
0.932677
0.9923097
0.9912678
0.9912123
0.9951039
0.9942108
0.9945018
0.9971749
0.9969834
0.9974778
0.9964823
0.9959372
0.9965905
0.9197104
0.9356357
0.8999841
0.9908058
0.9902053
0.8698478
0.8706607
0.9903708
0.9902939
0.8794765
0.904694
0.923215
0.9202842
0.8845945
0.8453311
0.8425765
0.8146488
0.8168179
0.9978677
0.9559976
0.9182308
0.9076834
0.9799319
0.8781684
0.9236509
0.9627961
0.8409175
0.8710429
0.8680761
0.8544588
0.7374011
0.8444509
0.8709793
0.7207785
0.8953517
0.914233
0.906622
0.7258855
0.9218117
0.8846692
0.814384
0.9222031
0.82583
0.6624421
0.6813567
0.6773708
0.6757034
0.67881
0.6814723
0.6778819
0.6702286
0.6537715
0.6724651
0.6723555
0.6763627
0.7601485
0.8788776
0.7842375
0.8391674
0.6721007
0.9873943
0.9874575
0.994016
0.9894418
0.9144552
0.9149745
0.8228564
0.6716514
0.8290575
0.7463914
0.9169493
0.8656383
0.9890886
0.9878109
0.9872914
0.9881636
0.9873799
0.9895187
0.8643603
0.6723996
0.8484844
0.8803634
0.9883209
0.9880399
0.9938447
0.8857023
0.9033109
0.9217085
0.9803372
0.9805333
0.9814915
0.9878041
0.9898455
0.9908729
0.9932731
0.9941406
0.9959399
0.9946082
0.9932385
0.9940028
0.7898507
0.7090736
0.7509789
0.9889737
0.9890957
0.6834888
0.6714124
0.9889183
0.9887636
0.8473057
0.8715383
0.8714116
0.636858
0.9176121
0.914974
0.8450944
0.8944554
0.8982903
0.9970672
0.7497749
0.6896243
0.752366
0.9140944
0.8656236
0.8036523
0.9077785
0.9193731
0.6718062
0.6170383
0.9921438
0.9938167
0.9924525
0.9896706
0.9916458
0.9954474
0.9955811
0.9964171
0.9926725
0.9906919
0.9952546
0.9946634
0.9955879
0.9933871
0.9929804
0.9932927
0.9936997
0.9931384
0.992699
0.9931169
0.9931128
0.993387
0.9930793
0.993336
0.993103
0.9929856
0.9938362
0.9927644
0.9948456
0.9949462
0.9936705
0.9963199
0.9949103
0.8195943
0.9925065
0.9949611
0.9947709
0.994239
0.9931432
0.9950331
0.9913665
0.996581
0.9946641
0.9951691
0.9917949
0.9913816
0.9926171
0.9914419
0.995994
0.9902511
0.9933628
0.9958751
0.9952331
0.9930751
0.9921773
0.7949401
0.9948436
0.9953677
0.993536
0.9904316
0.9934873
0.993014
0.9936111
0.9950938
0.9934477
0.991635
0.9976816
0.9982047
0.9959726
0.9932961
0.955773
0.9935283
0.9922347
0.99373
0.9948927
0.9925641
0.9938599
0.9937272
0.9928571
0.9912349
0.9949306
0.9941819
0.9952279
0.9932401
0.9964847
0.9966632
0.9950553
0.9961311
0.996204
0.9898939
0.9912986
0.9927702
0.9926475
0.9910211
0.9950338
0.994749
0.9914795
0.9964435
0.9936543
0.9941053
0.9888487
0.9903387
0.9889822
0.9889468
0.9882896
0.9895564
0.9899296
0.9913275
0.9893222
0.9900167
0.990343
0.9891117
0.9894733
0.9894644
0.9885252
0.9888897
0.9885248
0.9883277
0.9888925
0.9886826
0.9886634
0.9884423
0.9888928
0.9886806
0.9893842
0.9882963
0.9887185
0.9895816
0.9898597
0.9908707
0.9888978
0.9765655
0.9787557
0.993921
0.9225928
0.9884846
0.9891793
0.988728
0.9889995
0.9897875
0.9876655
0.9906901
0.9895439
0.8016166
0.9213272
0.987892
0.9203908
0.9875568
0.9934778
0.9878219
0.9881619
0.9902909
0.9902045
0.8941958
0.9848786
0.9956798
0.9908828
0.9902472
0.9898193
0.9934014
0.993328
0.9935918
0.9921195
0.9929577
0.9941402
0.9932695
0.9936958
0.9950753
0.9970422
0.9961783
0.9953692
0.9897617
0.9880087
0.9892855
0.9810912
0.850723
0.9884503
0.9889302
0.8019871
0.9854216
0.9899773
0.9893426
0.9897679
0.9890907
0.9897002
0.9897135
0.988691
0.9899994
0.9894992
0.9981424
0.9878791
0.988885
0.9890933
0.9865003
0.9897706
0.9906328
0.9913601
0.990755
0.9888457
0.9897339
0.9893735
0.990263
0.9884883
0.987745
0.9875876
0.9905538
0.9904583
0.9906164
0.9884282
0.9884591
0.9911121
0.990655
0.9914266
0.9885343
0.9886805
0.9890078
0.9889998
0.9879453
0.9882339
0.9887273
0.988747
0.9885135
0.9886011
0.9889907
0.9884102
0.9878095
0.9891809
0.9897664
0.9904239
0.9904871
0.988901
0.9888676
0.9880251
0.9920124
0.9852059
0.9894844
0.9901781
0.9901657
0.9884593
0.9910251
0.9872704
0.9923179
0.9912308
0.9833499
0.9875149
0.9667829
0.9865772
0.9558945
0.9935972
0.9884399
0.988514
0.9919512
0.9906346
0.983871
0.9636177
0.9932747
0.9910867
0.9903846
0.9921935
0.9938174
0.9935867
0.992878
0.9932886
0.994822
0.9949783
0.9958038
0.9933262
0.9976478
0.9956212
0.9953392
0.9939822
0.9901467
0.9882388
0.9893335
0.9318989
0.9792083
0.9895655
0.9886007
0.9877543
0.9209243
0.9920499
0.9908223
0.9907039
0.9884476
0.9902494
0.9917034
0.9908239
0.9902247
0.9908781
0.9949367
0.9868863
0.9886968
0.988943
0.9872035
0.9912496
0.9913574
0.9898302
0.9908909
0.9886487
0.9892093
0.9875202
0.9900774
0.9873351
0.9856971
0.9862548
0.9902606
0.9914527
0.9919734
0.9883504
0.9873344
0.9906043
0.9902185
0.9931576
0.9877443
0.9875168
0.9874311
0.9877885
0.9870929
0.9871691
0.9873506
0.9876706
0.9869722
0.9872457
0.9877895
0.9873399
0.9869832
0.9875371
0.989281
0.9897969
0.9902524
0.98827
0.9903957
0.9922216
0.9909444
0.9825196
0.9900488
0.9894535
0.9889563
0.9875285
0.9911397
0.9852982
0.9927258
0.9909202
0.9833102
0.9834464
0.9537981
0.9837302
0.9560008
0.9951456
0.9859616
0.9874072
0.992173
0.992018
0.9842378
0.9613876
0.9948187
0.9914391
0.991243
0.9909473
0.9905991
0.9909808
0.9913919
0.9943289
0.9943735
0.9940435
0.9952619
0.9938437
0.9970475
0.9958825
0.9940182
0.9921115
0.9894394
0.9860306
0.9889607
0.9517057
0.9830305
0.9889589
0.9882948
0.98269
0.8763001
0.9908598
0.990704
0.9914799
0.9876822
0.9918487
0.9910103
0.9914737
0.9920161
0.991692
0.9958743
0.985239
0.9879589
0.9874708
0.9849418
0.9909686
0.9911765
0.9892112
0.9917728
0.9882467
0.9887148
0.9894482
0.9895772
0.9883628
0.9888697
0.9878779
0.9892908
0.9905363
0.9917158
0.9889282
0.9884306
0.9905071
0.9893707
0.991284
0.9893521
0.9882
0.9883671
0.9885133
0.988484
0.9884076
0.9887015
0.9886216
0.9885282
0.9884668
0.9888324
0.9885437
0.9880966
0.9887159
0.9884085
0.9900706
0.9900333
0.9887532
0.9669454
0.9749905
0.9931298
0.9264151
0.9893505
0.9897409
0.9888584
0.9888806
0.9900346
0.9871133
0.9913026
0.9905446
0.854803
0.931592
0.987251
0.9339234
0.99032
0.9930716
0.9881363
0.9884905
0.9907363
0.9910899
0.9072384
0.9854408
0.995407
0.9906605
0.9899142
0.989727
0.9890875
0.9915457
0.9901708
0.9939784
0.9922879
0.9941203
0.9937662
0.9942014
0.9976785
0.9951312
0.9925565
0.9935317
0.9894325
0.9877674
0.9892262
0.9836453
0.883857
0.9885082
0.9885294
0.8057288
0.9859795
0.9900189
0.9902592
0.9898791
0.9884881
0.9909056
0.9916837
0.9901454
0.9904071
0.9911075
0.9968857
0.987589
0.9887554
0.9887101
0.9872362
0.9908298
0.9906957
0.9902276
0.9898348
0.9883198
0.9892468
0.9890392
0.9901808
0.9890744
0.9881392
0.9881813
0.990057
0.9908703
0.9906109
0.9892628
0.9895089
0.9893416
0.988477
0.9907472
0.9882508
0.9885187
0.9892258
0.9886753
0.9891002
0.9888537
0.9890984
0.988827
0.9889994
0.9885317
0.9886357
0.9891998
0.9887056
0.9885344
0.9887
0.9903154
0.9902285
0.9885958
0.9819426
0.9821328
0.9939638
0.9413694
0.9886862
0.988661
0.9900066
0.9891625
0.9892597
0.9881363
0.9914863
0.9893564
0.9124453
0.9562161
0.9875592
0.9514056
0.9896099
0.9921666
0.9899076
0.9882405
0.9907431
0.9898977
0.9281437
0.9867667
0.9941875
0.9903984
0.990507
0.9910711
0.9893199
0.9944708
0.9931387
0.9952724
0.9940665
0.9928235
0.9946099
0.9950521
0.9968445
0.9967966
0.9951887
0.9974509
0.9890964
0.9880003
0.988306
0.98259
0.9129343
0.9887315
0.9888287
0.8943796
0.9851039
0.9902975
0.9898688
0.9914754
0.9889051
0.9902796
0.9922257
0.9898515
0.9902863
0.9898811
0.9969269
0.9879185
0.9893354
0.9884629
0.9874392
0.9898537
0.9916137
0.9908095
0.9896038
0.9886105
0.9893663
0.9877227
0.9898188
0.9881384
0.9861548
0.9874255
0.9913754
0.9914677
0.9909608
0.9883711
0.9860241
0.9909827
0.9900812
0.9917956
0.9878462
0.9883997
0.9891896
0.9892891
0.988385
0.9884389
0.9888561
0.9886816
0.9879538
0.9887353
0.9887172
0.9889681
0.9884817
0.9893299
0.9900899
0.9899373
0.9895919
0.9885909
0.9926024
0.991734
0.9897829
0.9901361
0.9891602
0.9896266
0.9887685
0.9885392
0.9905165
0.9873959
0.9914048
0.9904285
0.9856835
0.9872223
0.9586066
0.9890646
0.965161
0.9959685
0.9874307
0.9884714
0.9904604
0.9907758
0.9826018
0.9616091
0.9930911
0.9901953
0.9906987
0.9904119
0.9909995
0.9907378
0.9896791
0.9960614
0.9937941
0.9954812
0.9945469
0.9976347
0.9968033
0.9940396
0.9917759
0.9924851
0.989776
0.9879684
0.9905356
0.9451718
0.9848186
0.9890541
0.988339
0.9852739
0.9588235
0.9923481
0.9907186
0.9904846
0.9886225
0.9909405
0.9919335
0.9913646
0.990212
0.9900479
0.9934334
0.9874028
0.9888617
0.9891894
0.9867174
0.9897155
0.9902224
0.9886734
0.9898953
0.9883768
0.9895205
0.986609
0.9886422
0.9868011
0.9850993
0.9854078
0.9909003
0.9897555
0.9904966
0.987663
0.9887763
0.9906638
0.9888174
0.9922811
0.9869112
0.9870771
0.9875233
0.988022
0.9876057
0.9872942
0.9872148
0.9873674
0.9874098
0.9875569
0.9874514
0.987961
0.9867845
0.9876445
0.9885784
0.9890038
0.9888698
0.9878855
0.9770608
0.9808718
0.9939084
0.9678237
0.9899832
0.9896562
0.9884774
0.9869076
0.9895815
0.9854202
0.9914212
0.9898832
0.9689489
0.9593591
0.9876733
0.9577328
0.9855991
0.9929184
0.9854871
0.9874624
0.9912953
0.9916495
0.9605315
0.9872906
0.9926453
0.990867
0.9915698
0.9890346
0.9912402
0.9939582
0.9924894
0.9933788
0.9965013
0.9949967
0.9927807
0.9967296
0.9977888
0.998454
0.9946012
0.993059
0.9884163
0.986637
0.9872435
0.9891902
0.9645983
0.986988
0.9873121
0.9568444
0.9883721
0.9894751
0.9888163
0.9889506
0.9877162
0.9906421
0.9918835
0.9894224
0.991604
0.9914043
0.997044
0.9853461
0.9870815
0.9882864
0.9854216
0.9902898
0.9903312
0.9888581
0.9916173
0.9876813
0.9884789
0.9876986
0.9892548
0.9873051
0.9883039
0.9879506
0.9902457
0.9894097
0.9903246
0.9888406
0.9890767
0.990281
0.9895304
0.9911205
0.9880465
0.9883629
0.9885348
0.9888285
0.9887019
0.9882723
0.9885787
0.9882916
0.988568
0.9881472
0.988699
0.9885447
0.988046
0.9882133
0.9900206
0.988953
0.9900092
0.9880391
0.9778953
0.9790811
0.9942942
0.9786651
0.9899552
0.9897403
0.9895287
0.9875167
0.9904489
0.9873
0.9908869
0.9895217
0.9751118
0.9701902
0.9884811
0.9640683
0.9875583
0.9956653
0.9887786
0.9880955
0.9908032
0.9901469
0.9717702
0.9912434
0.993513
0.9904397
0.9896352
0.9907505
0.9914517
0.9916745
0.9925598
0.9934827
0.9926563
0.9942465
0.9931542
0.9946043
0.9963256
0.9952557
0.9937453
0.9949584
0.9886939
0.9874553
0.9885858
0.9927161
0.9767986
0.9883306
0.9882643
0.9690742
0.9907407
0.9895024
0.9902
0.9890712
0.9881032
0.9906529
0.992301
0.9886896
0.9906211
0.9906202
0.996977
0.9870524
0.9887137
0.9880908
0.9873061
0.9902716
0.9906126
0.9904118
0.989956
0.9878538
0.9888499
0.9874618
0.9883121
0.9870015
0.9863492
0.9861724
0.9917585
0.9930776
0.9926563
0.9886668
0.986402
0.9897585
0.9912292
0.9923563
0.9878764
0.9878224
0.9873484
0.9889194
0.9877071
0.9872228
0.9874239
0.9876009
0.9878017
0.9882098
0.9881643
0.9878652
0.9875792
0.9886739
0.9892783
0.9904865
0.9892747
0.9890232
0.9915062
0.9910297
0.9931818
0.9894055
0.9928707
0.993104
0.9898254
0.9873049
0.9917493
0.9854028
0.9934977
0.9916857
0.9928392
0.992028
0.9899269
0.9887401
0.9863959
0.9954181
0.9872833
0.9877198
0.9918069
0.9911752
0.9920187
0.9847222
0.9949329
0.9906408
0.9930269
0.9888828
0.9915201
0.9935034
0.9905418
0.9921439
0.9936224
0.9939339
0.996401
0.9947726
0.9965438
0.9946309
0.9933825
0.9976988
0.9893175
0.9865756
0.9883752
0.9867188
0.9922194
0.9891766
0.988371
0.9908791
0.9894346
0.9913476
0.9898363
0.9889635
0.9874399
0.9921218
0.9937815
0.9910522
0.9934073
0.9932675
0.9972239
0.9855825
0.9875003
0.9885879
0.9830537
0.9913165
0.9903579
0.9887844
0.9939795
0.9886567
0.9885981
0.969748
0.9496105
0.9725339
0.9846311
0.9685797
0.890369
0.884904
0.8848179
0.9517074
0.9858731
0.9397299
0.8799934
0.9224546
0.9532491
0.9363909
0.9544926
0.9383444
0.936778
0.9522394
0.953746
0.9445979
0.9360272
0.9434297
0.9397789
0.9419432
0.9553517
0.9404173
0.9700804
0.9140461
0.9398209
0.9146012
0.9918016
0.9903728
0.9964227
0.9906655
0.9382047
0.9378951
0.9388016
0.9491223
0.884858
0.9799432
0.8906691
0.8709631
0.9911217
0.9932084
0.9949115
0.9929111
0.9942096
0.988772
0.9821729
0.9385181
0.8790072
0.9008756
0.9933081
0.9941375
0.9962109
0.9213701
0.879877
0.9399482
0.9950927
0.9949524
0.9944253
0.996834
0.9944026
0.9963113
0.9967618
0.9968953
0.9978116
0.9973757
0.9968373
0.9968684
0.9490509
0.9665371
0.9381223
0.9915564
0.9915206
0.9192667
0.9182381
0.99085
0.9906021
0.9130408
0.9280782
0.9422604
0.9579823
0.9011877
0.8688948
0.8754385
0.8388261
0.8375533
0.9983638
0.9797936
0.9547384
0.9475532
0.9893723
0.905755
0.9477498
0.9779541
0.8255985
0.9180622
0.9186252
0.9820585
0.9840579
0.9799548
0.9805759
0.9796677
0.9878316
0.9889682
0.9884483
0.9826711
0.9824087
0.9858981
0.9861657
0.9895682
0.9842584
0.9814803
0.9800508
0.981327
0.9813267
0.9807402
0.9806275
0.9811654
0.9816603
0.9813797
0.9808776
0.9814104
0.9795989
0.9817102
0.9834457
0.9864738
0.9832761
0.9822853
0.990862
0.991244
0.9954251
0.9956291
0.9829807
0.981828
0.9834511
0.9811734
0.9851075
0.9791731
0.9863
0.9884386
0.9931709
0.9937763
0.986373
0.989572
0.9899371
0.9923018
0.9820544
0.9817998
0.9868481
0.9858704
0.9936137
0.9935524
0.9948306
0.9853312
0.9896714
0.986643
0.9867175
0.9876691
0.9771961
0.9926386
0.9936444
0.9924799
0.9939876
0.9945109
0.9945159
0.9966075
0.9955896
0.9943951
0.982397
0.9816235
0.9822497
0.9912705
0.9923617
0.9837767
0.9822226
0.9919142
0.9917123
0.9834515
0.984925
0.9851275
0.9812738
0.9863561
0.9908057
0.9870713
0.9899541
0.9901973
0.9969027
0.9797779
0.98218
0.9828637
0.9789569
0.9869937
0.9866413
0.9852273
0.9906344
0.9819881
0.9827626
0.9812248
0.9829764
0.9785144
0.97855
0.9785332
0.9891003
0.98938
0.9904707
0.9818868
0.9798508
0.9857085
0.9871135
0.9897685
0.9834854
0.9807624
0.9794928
0.9811671
0.9806216
0.979683
0.9801376
0.9800755
0.9814537
0.9802023
0.9806248
0.9806752
0.9792814
0.9836008
0.9824417
0.9853405
0.9848029
0.9827321
0.9920086
0.9911545
0.9930327
0.992882
0.9815069
0.9795387
0.9833611
0.9801551
0.9867515
0.9770242
0.9877626
0.9885754
0.9937304
0.9914907
0.9902696
0.9888259
0.9891875
0.9887605
0.9804246
0.980975
0.9878688
0.9857186
0.9919596
0.9910785
0.9947634
0.9865597
0.9906865
0.9890203
0.9817358
0.9821116
0.9837684
0.988542
0.9901561
0.991677
0.9954875
0.9926368
0.9948674
0.9947315
0.9941646
0.996483
0.9832987
0.9806666
0.9824319
0.9933983
0.9937077
0.9829331
0.9819259
0.9924623
0.9936918
0.9867813
0.9851778
0.9853251
0.9806408
0.9872186
0.9904853
0.9875022
0.9904458
0.9911715
0.9977563
0.977144
0.9807481
0.9828899
0.9772959
0.9873677
0.9860143
0.9849591
0.9909395
0.9819958
0.9834766
0.9805314
0.9833982
0.9794944
0.9774529
0.9789369
0.9894305
0.9899005
0.9908731
0.9819705
0.9812718
0.9880212
0.9872243
0.9896849
0.9818001
0.9817606
0.9807022
0.9821284
0.9818745
0.9806068
0.9807137
0.9809578
0.98183
0.9820438
0.9825916
0.9811568
0.9805633
0.9830482
0.9824631
0.9850324
0.9836773
0.9839386
0.9916718
0.9898897
0.9957364
0.9952502
0.9814929
0.9824315
0.9816562
0.9807819
0.987518
0.9780976
0.9900029
0.9888546
0.9952897
0.9927365
0.9916893
0.994978
0.9912434
0.9920387
0.9799423
0.9825123
0.9870326
0.9871174
0.9919329
0.9910486
0.9943503
0.9873518
0.9899445
0.9873746
0.985347
0.9776483
0.9874307
0.9876584
0.9920095
0.9916459
0.9930885
0.9942139
0.9959227
0.99348
0.9923694
0.9970588
0.9818069
0.9809632
0.9834058
0.9936938
0.9938457
0.9834158
0.9834822
0.9941806
0.9920761
0.9859164
0.9867952
0.9868633
0.9803033
0.9878963
0.9913551
0.9881404
0.9905259
0.9911032
0.9961617
0.9780983
0.9813421
0.9828709
0.9780373
0.9872624
0.9854606
0.9847653
0.9919625
0.9831463
0.9832818
0.9874679
0.989937
0.987709
0.9863082
0.9873487
0.9924417
0.9946214
0.993801
0.9893338
0.9877066
0.9915901
0.9913937
0.9924227
0.9899889
0.9887511
0.988156
0.9891128
0.9887892
0.9880895
0.9882449
0.9885601
0.9887023
0.988535
0.9889184
0.9892154
0.9877908
0.9890468
0.9889228
0.9916336
0.9891518
0.9897646
0.9930014
0.9940735
0.9942607
0.99335
0.9873201
0.9871041
0.9888123
0.9886663
0.9912908
0.9864519
0.9917732
0.9922747
0.9932155
0.9923554
0.9903382
0.9938424
0.9906035
0.9953366
0.9865111
0.9894624
0.9917466
0.9921036
0.9942185
0.9911913
0.9972603
0.9915252
0.9930744
0.9925044
0.9892562
0.9882845
0.9862921
0.9862406
0.9934061
0.9908057
0.9946898
0.9968821
0.9977918
0.9967902
0.9944873
0.9930323
0.9895552
0.9881543
0.9897561
0.9909035
0.9929752
0.9894224
0.9896234
0.9942446
0.9933692
0.9907697
0.9902397
0.9912228
0.9882527
0.9915339
0.9941617
0.9926978
0.9942063
0.9941048
0.9969336
0.9864613
0.9880058
0.9893035
0.9852194
0.9918849
0.9918154
0.9893853
0.993587
0.9895404
0.989549
0.9888207
0.9905108
0.9878805
0.9869532
0.9888122
0.9941707
0.9934098
0.9937551
0.9902416
0.9889154
0.9922694
0.9929923
0.9938326
0.9898917
0.9892124
0.9884615
0.9896588
0.9895056
0.9888725
0.9891183
0.9893083
0.9894861
0.9898497
0.9895279
0.989259
0.9888594
0.9903686
0.990296
0.9917801
0.9913895
0.9912494
0.9928541
0.9939822
0.9932611
0.9929947
0.989911
0.9908855
0.9906023
0.9893654
0.992476
0.9878913
0.9935824
0.9934016
0.9969821
0.9934825
0.9936039
0.9933002
0.9938623
0.9961645
0.9871882
0.9901758
0.9928722
0.9930039
0.9958767
0.996704
0.9944068
0.9923806
0.9947637
0.9925996
0.9895009
0.9890206
0.9921066
0.996286
0.9949543
0.9946237
0.9933954
0.9938931
0.9986343
0.9936988
0.9940898
0.9946285
0.9914159
0.9898112
0.9900647
0.9952329
0.9956616
0.991327
0.9903998
0.9963299
0.9930162
0.9909232
0.9917739
0.9925913
0.9901725
0.9932299
0.993832
0.9941264
0.9943059
0.9945604
0.9985163
0.9881103
0.9897104
0.9902456
0.9878533
0.9916045
0.9919797
0.9893099
0.9939396
0.9904523
0.9910816
0.9896165
0.991042
0.9884458
0.9879687
0.9884418
0.9935857
0.9930178
0.9933875
0.989885
0.9899946
0.9923246
0.9919595
0.9930694
0.9895159
0.9893644
0.9892982
0.9893821
0.9895444
0.9885972
0.9893145
0.9892169
0.9892121
0.9894582
0.9893348
0.9892285
0.9888481
0.9896702
0.990468
0.9915524
0.9907556
0.9903328
0.9936909
0.9941824
0.9956063
0.9947472
0.9900241
0.989032
0.9890886
0.9896215
0.9915893
0.9894134
0.993303
0.9932845
0.9945899
0.9950033
0.9944825
0.9935079
0.9962768
0.9944421
0.9881301
0.9901657
0.9926464
0.9936092
0.9945593
0.9927088
0.9952844
0.9929037
0.9936935
0.9932511
0.992786
0.9932233
0.9910338
0.9927671
0.9947039
0.9922879
0.9921687
0.9948028
0.9955372
0.997168
0.9952677
0.9934132
0.9912075
0.9897851
0.9900924
0.9956616
0.9936874
0.9905115
0.9910558
0.9943674
0.9954208
0.991443
0.9918596
0.9922981
0.9894252
0.9928313
0.9931651
0.992533
0.9940664
0.9938726
0.9973939
0.9893837
0.9891317
0.989876
0.9889706
0.9926508
0.9921428
0.990463
0.9953224
0.9907856
0.9906084
0.9920367
0.994091
0.9914625
0.9911361
0.9923378
0.9960643
0.9954071
0.9957896
0.9936487
0.9926046
0.9956209
0.9956676
0.9963587
0.9931791
0.9934824
0.9930901
0.9937456
0.9935406
0.9931908
0.9937138
0.9933507
0.9935298
0.9936313
0.9937266
0.9934065
0.9930757
0.9944512
0.9932131
0.9956049
0.9936369
0.9935238
0.9952701
0.9953351
0.9981308
0.9979145
0.993808
0.9938153
0.9937083
0.9930642
0.995617
0.9922681
0.9959006
0.995696
0.9943226
0.9942931
0.9955145
0.9927723
0.9905213
0.9969566
0.9923541
0.9941907
0.9956621
0.9950385
0.9953283
0.9963119
0.9958475
0.9952284
0.9961115
0.9941494
0.9915221
0.9936166
0.9917155
0.9937958
0.9953093
0.9968364
0.9910645
0.9936583
0.9949215
0.9962948
0.9931559
0.9965438
0.9937139
0.9934696
0.9937538
0.9950803
0.996113
0.994523
0.993762
0.9958731
0.994527
0.9949242
0.9941133
0.9936464
0.9932818
0.9955193
0.9965928
0.9955241
0.997136
0.9970962
0.9974214
0.9925903
0.9935155
0.9939373
0.9904379
0.9951563
0.9951734
0.9927497
0.996155
0.9939374
0.9942947
0.9931426
0.9940506
0.9928839
0.9914817
0.9925429
0.9958165
0.9969235
0.9969931
0.9938206
0.9916854
0.9948899
0.9953554
0.9965938
0.9932114
0.99363
0.9931471
0.9933857
0.9934661
0.9931111
0.9933561
0.9936172
0.9934076
0.9936443
0.9936448
0.9935004
0.9931221
0.9940779
0.993907
0.9950374
0.9940997
0.9942834
0.9959381
0.9942327
0.9969124
0.9976026
0.9946184
0.9946247
0.994016
0.9934119
0.9953081
0.9920723
0.9961379
0.9955325
0.9963177
0.9970938
0.9962284
0.995531
0.9967923
0.9958528
0.9917698
0.9937705
0.9960224
0.9955111
0.9962924
0.99785
0.9957165
0.9951895
0.9960515
0.9960632
0.9960112
0.9914669
0.9930256
0.9936508
0.9906486
0.9970789
0.9931973
0.9917966
0.9961686
0.9965943
0.9945163
0.9968304
0.99442
0.9935262
0.9944229
0.9949749
0.9973566
0.9945485
0.9941669
0.9976334
0.9949441
0.9956706
0.9954626
0.9948817
0.9935738
0.9955429
0.9966163
0.9958564
0.9970211
0.9970909
0.996769
0.9922208
0.9938952
0.9943287
0.9900196
0.9962605
0.9956457
0.9922216
0.9964283
0.9940378
0.9945857
0.9934172
0.9948947
0.9938559
0.9930701
0.9937788
0.9954247
0.9974846
0.996523
0.9944423
0.9930564
0.9950296
0.9952947
0.9959291
0.9942971
0.9941527
0.9941598
0.994389
0.9942659
0.9939846
0.9941934
0.9943599
0.9945853
0.9944319
0.9941044
0.9943008
0.9940712
0.9946483
0.9935788
0.9958126
0.9942853
0.9949118
0.9956477
0.9957092
0.9972656
0.9954227
0.9922334
0.9921632
0.993715
0.9942342
0.9958275
0.9938695
0.9955634
0.9963917
0.9960202
0.997069
0.9929117
0.9930906
0.9913256
0.9968668
0.9939494
0.9946285
0.995147
0.9958295
0.9973319
0.9940136
0.9956625
0.9957474
0.9961779
0.9943455
0.9878592
0.9949052
0.9948475
0.9938847
0.9920925
0.9940789
0.9963636
0.9954451
0.9951315
0.996114
0.9956418
0.997996
0.9949397
0.9943709
0.9944347
0.9938585
0.995191
0.9944572
0.9948602
0.9960159
0.9965166
0.9951404
0.9946874
0.9960066
0.9942104
0.9953154
0.9964833
0.9965137
0.997085
0.9967743
0.9983589
0.9935336
0.9944388
0.9942123
0.9917937
0.9956093
0.9957425
0.9933581
0.9970853
0.9950095
0.9947418
0.9943799
0.9963357
0.9945715
0.9929319
0.9952444
0.9979614
0.9981237
0.9973943
0.9958202
0.9948813
0.9975076
0.9974711
0.9975805
0.9960608
0.9960124
0.9957079
0.9960453
0.9959589
0.9955138
0.9956962
0.9959809
0.9962533
0.9960368
0.9961236
0.9958565
0.9955656
0.9961345
0.9956569
0.99688
0.9966238
0.9962988
0.9965938
0.9972075
0.9967772
0.9960961
0.9954108
0.9953763
0.995774
0.9958943
0.9976936
0.9949617
0.9980616
0.997802
0.9994107
0.9961344
0.9966616
0.9958665
0.9909173
0.9953461
0.9934688
0.9959526
0.9976768
0.9982214
0.9970238
0.9951412
0.9981439
0.9972607
0.9981255
0.9968568
0.9958651
0.9971309
0.9970956
0.9964005
0.9958819
0.9958631
0.9942418
0.9990177
0.9915764
0.9979307
0.9976657
0.9966746
0.9965336
0.9954595
0.9964826
0.9952438
0.9964296
0.996649
0.9961669
0.9985238
0.9973118
0.9967367
0.9970215
0.9970707
0.9957749
0.9976106
0.9981735
0.9979517
0.9985653
0.9985338
0.9972203
0.9948302
0.9954669
0.99618
0.9931099
0.9970302
0.9968271
0.996322
0.9979396
0.9962241
0.9963502
0.8547001
0.7292157
0.8442182
0.8630454
0.7069255
0.9014545
0.924715
0.9174917
0.7170353
0.9211276
0.8817299
0.8208981
0.9348949
0.8171065
0.6765119
0.6797346
0.6931505
0.6885468
0.6809886
0.6810138
0.6815043
0.6855763
0.6564126
0.6782191
0.6802217
0.6724394
0.769418
0.8782004
0.7904109
0.8489471
0.689199
0.9872859
0.9873599
0.9937743
0.99064
0.9227296
0.9231647
0.8399562
0.6359703
0.834763
0.7232763
0.9239885
0.865276
0.9893527
0.9882954
0.9878261
0.987962
0.9879542
0.9899424
0.8572089
0.6687134
0.8604488
0.8879946
0.9883331
0.9881053
0.993504
0.8847499
0.9046533
0.9204714
0.979749
0.9803729
0.9809319
0.988049
0.9897765
0.9906761
0.9926045
0.9941025
0.9957773
0.9946355
0.9931184
0.9936838
0.7796404
0.6944442
0.74247
0.9884495
0.9893504
0.705099
0.6851479
0.989496
0.9891091
0.8605126
0.8816753
0.8755899
0.6226731
0.9235602
0.9266885
0.8536527
0.904085
0.9068353
0.9968941
0.7254967
0.6802953
0.7567351
0.9103823
0.8793281
0.8047473
0.910289
0.9236653
0.6841618
0.6265264
0.9860542
0.9865128
0.9843376
0.9820372
0.9837219
0.9917796
0.9922322
0.992312
0.986011
0.9841234
0.9880998
0.9892095
0.9922609
0.9855082
0.9860629
0.9854425
0.9869942
0.9857335
0.9854487
0.985825
0.9859966
0.9860519
0.9859736
0.9865827
0.986078
0.9852681
0.9869585
0.9869518
0.988182
0.9879034
0.9867642
0.9820724
0.9817084
0.994416
0.982944
0.9874717
0.9866978
0.9866588
0.9852689
0.9894323
0.9835031
0.9931323
0.9897093
0.9855311
0.9798521
0.9918594
0.9812569
0.988735
0.9915315
0.9836308
0.9861075
0.9910502
0.9916391
0.982278
0.9907442
0.9922699
0.9903459
0.9916102
0.9900104
0.9902869
0.9897265
0.9913308
0.9928475
0.9934472
0.9935174
0.9954976
0.996881
0.9955287
0.9950739
0.9915374
0.9924224
0.9873913
0.9847319
0.9869933
0.9884615
0.9856565
0.9871417
0.987069
0.9823497
0.9923049
0.9886273
0.9904163
0.9895261
0.9851403
0.9916528
0.9924261
0.9906035
0.9919807
0.9922046
0.9941094
0.9833489
0.984834
0.9852308
0.9841075
0.9896085
0.988297
0.9856565
0.9924181
0.9871228
0.9872265
0.9928843
0.9937333
0.9926753
0.9911807
0.9919414
0.9945803
0.995941
0.9959479
0.9936633
0.9905479
0.9953939
0.9943244
0.9963622
0.9930715
0.9934171
0.9930081
0.9935993
0.9933936
0.9929182
0.9934772
0.9934327
0.9931802
0.993086
0.9935262
0.9929819
0.9928892
0.9936581
0.9935741
0.9942537
0.9945876
0.9940028
0.994052
0.9933953
0.9815373
0.9974073
0.9945616
0.995157
0.9937343
0.9932479
0.9946772
0.9921533
0.9963647
0.995072
0.9943561
0.9951044
0.9944867
0.9910026
0.9950495
0.9946929
0.9917648
0.993115
0.9954374
0.9956841
0.9956152
0.9965969
0.9840969
0.9944744
0.9950533
0.9947385
0.9943237
0.9930459
0.9951894
0.9943993
0.9953407
0.9949654
0.9957838
0.9968677
0.9935956
0.9979642
0.9939736
0.9919694
0.993786
0.9927001
0.9940003
0.9932955
0.996136
0.9939575
0.9937824
0.9971831
0.9971576
0.9944236
0.9939989
0.9944228
0.9929503
0.9958547
0.9957244
0.9952386
0.995755
0.9955728
0.9928315
0.9922687
0.993378
0.993043
0.991494
0.9955729
0.9943335
0.9938484
0.9961265
0.9938433
0.9941177
0.9873372
0.9891648
0.9873344
0.9862018
0.9871045
0.9915254
0.9902532
0.9899096
0.988792
0.9886784
0.9912123
0.990099
0.9907393
0.9879178
0.9877738
0.9878587
0.9878962
0.987963
0.9882315
0.9879191
0.9883029
0.9878786
0.9879574
0.9882593
0.9880421
0.9874946
0.9889086
0.9888289
0.9906315
0.9892725
0.9884981
0.9845802
0.9832107
0.9954545
0.9628883
0.9890559
0.9884623
0.9897565
0.9878912
0.9904868
0.9855008
0.99148
0.990953
0.9447491
0.9549677
0.9895091
0.944591
0.9911539
0.9892246
0.9878562
0.9876337
0.9918915
0.9922948
0.9366386
0.9913112
0.9933876
0.9913753
0.9922696
0.989136
0.9910321
0.9934941
0.9923077
0.9940045
0.9944669
0.9927879
0.9932799
0.9966004
0.9974033
0.9943472
0.9936241
0.9956343
0.9882659
0.9867506
0.9890584
0.9906451
0.9610285
0.9884709
0.9886458
0.9603445
0.9919844
0.9906291
0.98992
0.9896542
0.9879334
0.992332
0.992158
0.9908172
0.9913828
0.991442
0.9978362
0.9857498
0.9884275
0.9876541
0.9854694
0.9902784
0.990226
0.9894854
0.9913965
0.9886176
0.9889401
0.9874142
0.9895061
0.9878258
0.9843894
0.9860502
0.9918343
0.9915602
0.9920436
0.9879255
0.9890638
0.9897454
0.9916139
0.9912785
0.9878862
0.9879791
0.9879062
0.9884034
0.9879685
0.9869427
0.9877077
0.9881881
0.9881469
0.9881011
0.9884471
0.9875529
0.9870932
0.9887761
0.987231
0.9901217
0.989635
0.9889231
0.9925827
0.9884732
0.9954117
0.9897091
0.9893441
0.9906423
0.9892568
0.9872774
0.9912286
0.9848735
0.9932827
0.9915052
0.989618
0.9899744
0.9711734
0.9864547
0.9742299
0.995571
0.9868154
0.9877995
0.9919036
0.9922613
0.9925402
0.9732739
0.9933248
0.9910937
0.9920605
0.9895054
0.9905003
0.989585
0.9904716
0.9933292
0.9929108
0.994099
0.9942649
0.9965672
0.9962044
0.9964731
0.9964056
0.9955924
0.9892748
0.9863408
0.9882534
0.9730377
0.9911591
0.9886157
0.9880805
0.9894118
0.9706415
0.990756
0.9895061
0.9888043
0.9874618
0.992038
0.9930863
0.9914294
0.9927985
0.9930192
0.9962418
0.9843658
0.9877292
0.9884393
0.9854965
0.9908261
0.9901059
0.9879108
0.9929694
0.9882131
0.9888345
0.9886958
0.9896935
0.9879465
0.9879828
0.986848
0.9906555
0.9903463
0.9922606
0.9883222
0.9890218
0.9902856
0.9899815
0.992075
0.9881769
0.9880964
0.9880346
0.9879933
0.9880111
0.9879778
0.9881864
0.9879803
0.9881207
0.9883812
0.9880277
0.9879716
0.9872219
0.9880711
0.9885155
0.9898192
0.9901515
0.9885541
0.9647997
0.9738649
0.9926359
0.9483501
0.9891272
0.9895178
0.9888162
0.9880499
0.9896202
0.9869323
0.9907228
0.9899484
0.8611599
0.9370111
0.9832335
0.9303236
0.9873443
0.9925043
0.9877879
0.9877269
0.9912369
0.9909616
0.8705934
0.9785571
0.9964404
0.9904172
0.9904991
0.9897743
0.9883059
0.9936427
0.989211
0.9937824
0.9918734
0.9929975
0.9956038
0.9942166
0.9950682
0.9973082
0.9928334
0.9935484
0.9891247
0.9875047
0.9885718
0.982076
0.8943873
0.9885292
0.9884069
0.8429752
0.9795716
0.9897966
0.9905494
0.9905456
0.9882287
0.9901971
0.991874
0.9899296
0.9908844
0.990183
0.9984501
0.9869829
0.9884581
0.9883023
0.9866689
0.9914889
0.9912674
0.9918265
0.9909366
0.9883686
0.9893982
0.9870118
0.9893307
0.9863318
0.9834421
0.9850103
0.9910197
0.9926784
0.9923705
0.9873516
0.9846986
0.9915624
0.9910327
0.9934385
0.9876623
0.9867749
0.9868171
0.9878304
0.9872836
0.9866869
0.9868872
0.9872507
0.9876088
0.9874479
0.9878976
0.9871444
0.9865576
0.9887569
0.9874293
0.9904649
0.9890724
0.9887017
0.9869457
0.9884294
0.9928076
0.9902701
0.9903597
0.9904084
0.9898999
0.9869216
0.9913254
0.9846174
0.9932439
0.9911552
0.9809599
0.9851279
0.9533485
0.985001
0.9507959
0.995748
0.9835836
0.987334
0.992004
0.9916567
0.9773955
0.9587714
0.9948467
0.9922353
0.9926623
0.9888515
0.9896678
0.9906872
0.9928883
0.9922464
0.9946156
0.9931538
0.9934435
0.9944134
0.9958872
0.9961801
0.9958688
0.9895123
0.9890129
0.9858574
0.9892921
0.9489021
0.9839094
0.9886035
0.9879068
0.985576
0.8975135
0.990505
0.9909972
0.9909949
0.9870094
0.9931683
0.993207
0.9919938
0.9927524
0.9925984
0.9984277
0.9842586
0.9876305
0.9872055
0.9819439
0.9909987
0.9911306
0.9874737
0.9934818
0.9878195
0.9890866
0.8459923
0.8205669
0.828929
0.8043621
0.7842141
0.9542369
0.9689107
0.9674103
0.8259308
0.8823919
0.9196221
0.9163603
0.9709029
0.8605251
0.815527
0.7874281
0.8265796
0.8241421
0.7963838
0.7919928
0.8056334
0.8222979
0.8035237
0.8182228
0.8133726
0.785612
0.864828
0.8766704
0.8916846
0.8923099
0.8615625
0.9840259
0.9839715
0.9912998
0.989951
0.940982
0.9406859
0.8879126
0.8083496
0.9196456
0.7668511
0.9649938
0.9461982
0.988766
0.986097
0.9830021
0.9855667
0.9825998
0.9895721
0.8034037
0.8258708
0.9373665
0.9332361
0.9854782
0.9851724
0.991138
0.9273962
0.9632874
0.9403373
0.9699276
0.9708784
0.9740969
0.9818555
0.9874671
0.9878275
0.9895453
0.990768
0.9941755
0.9916401
0.9899537
0.9898393
0.8589498
0.7959086
0.8626078
0.98715
0.9882739
0.8528457
0.8560485
0.9883818
0.9886783
0.91686
0.9233065
0.9242696
0.7847917
0.9620683
0.9690928
0.9434678
0.9691105
0.970117
0.9949887
0.7689474
0.790579
0.8392318
0.8860866
0.929483
0.8878558
0.8924817
0.9712189
0.856958
0.8430753
0.9531562
0.9252114
0.9538488
0.9741267
0.9502186
0.8737399
0.8443192
0.8398934
0.9319456
0.9783627
0.9264575
0.8642496
0.8721516
0.9361292
0.9138495
0.9308929
0.9141111
0.9118034
0.9294133
0.9309559
0.9222185
0.9098106
0.9221882
0.9168236
0.9164194
0.935056
0.9193652
0.9502779
0.8903795
0.9089383
0.8865481
0.9929242
0.993032
0.9961777
0.9912836
0.9125948
0.9128092
0.9120181
0.9252457
0.8595228
0.9686638
0.8628932
0.8567162
0.9913939
0.9922055
0.993798
0.9920621
0.9940731
0.9905411
0.9701407
0.9184728
0.823124
0.8741678
0.9919325
0.9930332
0.9964535
0.9052416
0.8498612
0.9290335
0.9936082
0.9928064
0.9923885
0.9958413
0.9942871
0.996349
0.9974077
0.9971006
0.9976095
0.9969157
0.9968563
0.9969545
0.9352422
0.9491621
0.9154651
0.9918604
0.9917106
0.8905781
0.8890961
0.9915414
0.9917321
0.8777919
0.9069732
0.9200321
0.9355395
0.8731856
0.821086
0.8366776
0.7999451
0.7970416
0.9982103
0.9681321
0.9355276
0.9260088
0.9833566
0.8774203
0.9202395
0.9652023
0.84715
0.8897912
0.8891376
0.9543757
0.9268593
0.9560259
0.9745342
0.951651
0.8756155
0.8415814
0.8388387
0.9330897
0.9788019
0.9269997
0.8655299
0.8712309
0.9375565
0.9163804
0.9326369
0.9169482
0.9135743
0.9320859
0.9335094
0.9241907
0.9121497
0.9250846
0.9189325
0.9182383
0.9360166
0.9217605
0.9511484
0.8913844
0.9100588
0.8894927
0.9941389
0.9930279
0.9960677
0.9909517
0.9149733
0.9140727
0.9127812
0.9266702
0.8609183
0.9694387
0.8634974
0.8573464
0.9916915
0.9926401
0.9940304
0.9927698
0.9942095
0.990776
0.9707002
0.9201913
0.8224866
0.8761211
0.9913598
0.9934301
0.9964759
0.9066075
0.8492909
0.9285313
0.9934184
0.9931154
0.9928627
0.9958039
0.9946803
0.9960405
0.9971628
0.9974409
0.9978053
0.9968165
0.9968592
0.9966512
0.9361315
0.9499829
0.9176484
0.9918137
0.9921634
0.8927148
0.8922119
0.9919666
0.9912313
0.8791065
0.9071379
0.9206657
0.9385778
0.8721379
0.8187389
0.8391237
0.7980684
0.7934356
0.9981823
0.968912
0.9369541
0.9286715
0.9843491
0.8782571
0.9210555
0.9651977
0.8445378
0.8928258
0.8921382
0.8476614
0.8423017
0.8388693
0.8285104
0.8055945
0.9514016
0.9648688
0.9617909
0.8482077
0.8923421
0.922466
0.9212648
0.9629957
0.8596178
0.835083
0.8153988
0.8418172
0.835496
0.8151037
0.8186367
0.8272767
0.8359224
0.8271509
0.8362375
0.8282311
0.8135439
0.8668702
0.8894396
0.8971186
0.8953292
0.865793
0.9854757
0.9873878
0.9920185
0.9910831
0.9514131
0.9513823
0.888241
0.8249298
0.9219979
0.8052127
0.9640043
0.9455884
0.9903544
0.9875121
0.9831206
0.9870325
0.9831916
0.9909971
0.8310673
0.8411731
0.9377798
0.9388241
0.9871937
0.9843402
0.9921023
0.9324737
0.960524
0.9355894
0.9712948
0.9728162
0.9789897
0.9843481
0.9875834
0.987022
0.989155
0.992902
0.9945546
0.992199
0.9906819
0.9916484
0.8800947
0.8130984
0.8690518
0.9862765
0.9896904
0.8662154
0.8632985
0.9898675
0.9886541
0.9179417
0.9186159
0.924671
0.8141287
0.9585879
0.9649984
0.9386579
0.9645238
0.9669877
0.9944868
0.8075435
0.8129241
0.8492927
0.893674
0.9293146
0.8904438
0.886066
0.970754
0.8628331
0.8540992
0.9329511
0.8805747
0.9308744
0.9564476
0.9084827
0.873328
0.8729055
0.8673139
0.8875413
0.9672481
0.8995307
0.8379371
0.895349
0.9089356
0.8662115
0.8907403
0.8662686
0.8626681
0.8858973
0.8882144
0.8747918
0.8644597
0.8706597
0.8706311
0.8695765
0.8881092
0.8764615
0.9327391
0.854404
0.8894821
0.8403322
0.9909611
0.99111
0.9956597
0.9896621
0.8968381
0.8953218
0.8876162
0.8812299
0.8474342
0.9372229
0.8862254
0.8504203
0.9901121
0.9900911
0.9923669
0.9910455
0.992739
0.9880948
0.9496132
0.8725019
0.7461059
0.8717128
0.9909351
0.9919457
0.9953733
0.8906566
0.8576553
0.9244206
0.9907314
0.9903235
0.9894151
0.9938669
0.9926518
0.9938417
0.9962944
0.9962015
0.9972339
0.9963553
0.9959242
0.9964911
0.8966216
0.9042178
0.8737236
0.9915343
0.990478
0.8400635
0.843935
0.9907099
0.990669
0.8697514
0.8940696
0.9103855
0.8817551
0.8889086
0.8607595
0.8350204
0.8311392
0.8311452
0.9979406
0.9370338
0.885577
0.885667
0.9741015
0.8726942
0.8851896
0.9521658
0.8593942
0.8443482
0.8279007
0.8584589
0.7430905
0.8493551
0.8806477
0.7343449
0.8903104
0.9068321
0.896993
0.7345452
0.9262096
0.8827182
0.8061675
0.917312
0.8307925
0.6684368
0.6934867
0.6819357
0.6795452
0.6880617
0.693999
0.6865387
0.6749777
0.6614044
0.6794207
0.6779803
0.6886342
0.7572257
0.8840768
0.779923
0.8379553
0.6674307
0.988284
0.9887376
0.9945977
0.9895799
0.9104246
0.9105734
0.8209362
0.6823806
0.8260109
0.7659903
0.9131817
0.8585059
0.9893426
0.9882762
0.9875385
0.9888579
0.9881032
0.9896837
0.8728039
0.6794621
0.8383666
0.8754865
0.988808
0.9882876
0.9941764
0.8823933
0.8954202
0.9200543
0.9813559
0.981953
0.9825431
0.9886174
0.9903908
0.990883
0.9933872
0.9945532
0.9959675
0.9945013
0.9935588
0.994258
0.7920355
0.7240666
0.7503159
0.9891731
0.9885468
0.6772611
0.6641433
0.9894447
0.9890774
0.8431061
0.8675663
0.8703124
0.6547186
0.9126848
0.9090228
0.8344308
0.8841301
0.8883326
0.9971381
0.769729
0.7031568
0.7550026
0.9188967
0.86071
0.8078075
0.9121843
0.9130407
0.665372
0.6175075
0.9852335
0.9882692
0.9861188
0.9832587
0.9847922
0.9918996
0.9920494
0.9928603
0.9869108
0.9841526
0.9900415
0.9902173
0.9934055
0.9874478
0.9862722
0.9865383
0.9870545
0.9867915
0.9861847
0.9868178
0.9863983
0.9864316
0.986225
0.9866311
0.9867807
0.985851
0.9878592
0.9881557
0.9894248
0.989464
0.9882157
0.9599542
0.9438375
0.9918819
0.9664113
0.9904985
0.9909598
0.9886479
0.9866041
0.9903895
0.9838938
0.9914122
0.9906661
0.9604929
0.9491963
0.9899478
0.9511041
0.9884438
0.9924995
0.984254
0.9862583
0.9918909
0.9909922
0.9582431
0.9874104
0.9908439
0.9914848
0.9934727
0.9879946
0.9908866
0.9893667
0.9913427
0.9925237
0.9956468
0.9925357
0.9947421
0.9954303
0.9960905
0.9960948
0.9925669
0.9940105
0.9873605
0.9851062
0.9879229
0.9887405
0.9531157
0.9877298
0.9885446
0.9501878
0.9877206
0.9902962
0.9895529
0.9905234
0.9863819
0.9917286
0.9912525
0.9908187
0.9931443
0.9924735
0.9937145
0.9835414
0.9870666
0.9858933
0.9827576
0.9905093
0.9898703
0.9877642
0.9922763
0.9884591
0.9880789
0.9877176
0.9892755
0.9871252
0.9838498
0.9866309
0.9910538
0.9919455
0.992345
0.9875197
0.9879511
0.9894365
0.9899197
0.9930114
0.9872958
0.988103
0.9884902
0.9885902
0.9888276
0.9880587
0.9882453
0.9883689
0.9882929
0.9882051
0.9882936
0.988532
0.9873124
0.989548
0.9886085
0.9901084
0.9902152
0.9890852
0.9670437
0.9685934
0.9933589
0.9364583
0.9901777
0.9900753
0.9891451
0.9874377
0.9906307
0.9844049
0.9925307
0.9903102
0.9175236
0.9318087
0.9894317
0.9299482
0.9870775
0.9928558
0.9854971
0.9881018
0.9917833
0.9927827
0.90295
0.9866107
0.9951307
0.9909024
0.9917322
0.9893766
0.9900206
0.9900705
0.9907975
0.9937487
0.9926945
0.9963768
0.9929522
0.9965672
0.9953244
0.9970174
0.9933041
0.9929815
0.9892404
0.9864922
0.9885961
0.9823867
0.9146058
0.9884269
0.9884801
0.9124288
0.985332
0.9903297
0.9895349
0.9897588
0.9878845
0.992393
0.9922428
0.9907113
0.9915055
0.9919857
0.9962418
0.9845188
0.9882523
0.9879589
0.9845725
0.9905731
0.9907096
0.989891
0.9912039
0.9883085
0.9890538
0.9749397
0.9821532
0.9729648
0.9630888
0.9737651
0.9942684
0.9957056
0.9954615
0.9795819
0.9693895
0.9882295
0.9910269
0.9942476
0.9788373
0.9807497
0.9776536
0.9816323
0.9804779
0.9777562
0.9780179
0.9796517
0.9811212
0.9806957
0.9807274
0.9801623
0.9775158
0.9847428
0.9787005
0.988045
0.9837434
0.9837185
0.9900821
0.9877759
0.9940305
0.9936597
0.9921701
0.9929148
0.9825644
0.9783665
0.9908553
0.9705809
0.9953221
0.9941841
0.9921356
0.9910463
0.9916519
0.9898495
0.9893692
0.9922145
0.9668263
0.980125
0.9944127
0.9910703
0.9899719
0.9923718
0.9937805
0.9899469
0.9952533
0.9889326
0.9808871
0.9800885
0.9876033
0.9854478
0.9904707
0.9905887
0.987534
0.9931491
0.9925317
0.9936931
0.9926421
0.9916779
0.9828551
0.9765277
0.9851572
0.9931723
0.9921039
0.9853546
0.9834701
0.9945918
0.9927906
0.9886621
0.9865321
0.9875144
0.9775894
0.9945979
0.9955678
0.9933781
0.9956664
0.9960287
0.9923382
0.9706223
0.9776794
0.9814012
0.9641152
0.9911135
0.9864867
0.9782748
0.9961599
0.9834004
0.9847266
0.9791811
0.9843149
0.9776746
0.9735205
0.9790702
0.9935131
0.995015
0.9953454
0.9832787
0.978364
0.9894079
0.9922272
0.9951655
0.9829267
0.9838565
0.9815053
0.9841667
0.9839398
0.9820532
0.9814783
0.9828694
0.9844526
0.9835967
0.983811
0.9834785
0.9814909
0.9867776
0.9815584
0.9899074
0.9850582
0.9868644
0.9924702
0.9925468
0.991453
0.9935361
0.9924597
0.9922811
0.9859531
0.9820683
0.9918678
0.9771411
0.995087
0.9945955
0.9945468
0.9912895
0.9857226
0.9936066
0.9906399
0.9957265
0.9735053
0.9844711
0.9945263
0.9928696
0.9933787
0.9896274
0.9933872
0.9913292
0.9953536
0.9884805
0.9834314
0.9832498
0.9864652
0.9887142
0.9915219
0.9895036
0.9917788
0.9924223
0.9916597
0.9893423
0.9911374
0.9925614
0.9868161
0.9809803
0.9874435
0.9907232
0.9943332
0.9877436
0.9868743
0.9928369
0.9920243
0.9905936
0.989591
0.9885477
0.9818558
0.9944836
0.9963747
0.9930837
0.9959901
0.9964491
0.995858
0.9769897
0.9820404
0.9841126
0.9727604
0.9911966
0.9882117
0.9775617
0.9973412
0.9870136
0.9868045
0.9822923
0.9877308
0.9812817
0.9772923
0.9827535
0.9941594
0.9952057
0.9950459
0.9866692
0.9790409
0.9915417
0.9930347
0.9954813
0.9853165
0.9861745
0.984309
0.9872333
0.9865233
0.9849216
0.984653
0.9859521
0.9864107
0.9859089
0.9860029
0.9859154
0.9845867
0.9884514
0.9853558
0.9907454
0.9885759
0.9885745
0.9936483
0.9901497
0.9956733
0.9965028
0.9955246
0.9946611
0.9883261
0.9850232
0.991762
0.9805169
0.9947428
0.994418
0.994084
0.992822
0.9920883
0.9926531
0.9921325
0.995975
0.9787652
0.9862468
0.9946933
0.9928711
0.994877
0.9887265
0.9959228
0.9919721
0.9958849
0.9906158
0.988152
0.9895279
0.9870523
0.9903466
0.9925474
0.9896684
0.9894239
0.9955018
0.9940476
0.9953704
0.9956356
0.9936534
0.98778
0.9846031
0.9886024
0.9930342
0.9936436
0.9894061
0.9885317
0.996742
0.9930012
0.9908218
0.9902782
0.99068
0.984797
0.9933681
0.9953898
0.9939701
0.9961048
0.996636
0.9966307
0.9803141
0.9851667
0.9871541
0.97753
0.9922978
0.9914932
0.985436
0.9960322
0.9882739
0.9891262
0.9846299
0.9881115
0.9829486
0.9757701
0.9834488
0.996732
0.9963936
0.9967972
0.9880159
0.9795612
0.9927526
0.9951084
0.9954331
0.9874457
0.9876834
0.9860262
0.9884954
0.9878404
0.9863449
0.9862916
0.9879581
0.9885594
0.9877975
0.9880839
0.9877509
0.9858078
0.9902591
0.9861337
0.993127
0.989492
0.9899617
0.9915984
0.9893883
0.9956268
0.9952038
0.9937203
0.9943391
0.9898376
0.9863066
0.9944433
0.9805995
0.9970439
0.9961445
0.993306
0.9945852
0.9900596
0.9933132
0.9923313
0.9961718
0.9786129
0.9877807
0.9963205
0.994691
0.9928308
0.9889503
0.9982451
0.9947239
0.9966933
0.9930381
0.9842805
0.9833771
0.9867958
0.9897412
0.9913378
0.9899923
0.9882636
0.9920683
0.9934998
0.9943485
0.9944019
0.9901345
0.9906045
0.9845893
0.9901663
0.9952422
0.9954526
0.9908709
0.9894096
0.9939525
0.9917121
0.992464
0.9913977
0.9916597
0.9856771
0.9970749
0.9969264
0.9958813
0.9976789
0.9975193
0.9959229
0.9806389
0.9859761
0.9876613
0.9737231
0.994386
0.9906181
0.984908
0.9975303
0.9896127
0.9903215
0.9871057
0.9902901
0.9872352
0.9849766
0.9869668
0.9946036
0.9965301
0.9962868
0.9906097
0.9849109
0.9927637
0.9936401
0.9960357
0.988161
0.9892574
0.9889919
0.9902787
0.9901676
0.988985
0.9893643
0.9893963
0.9902848
0.9893871
0.9900074
0.9897726
0.9890232
0.989875
0.9876169
0.992412
0.9909698
0.9906198
0.9934022
0.9932638
0.992493
0.9967971
0.9938594
0.9938279
0.9895597
0.9888796
0.9936876
0.9866352
0.9947575
0.9947723
0.9954731
0.994538
0.9909492
0.9899977
0.9896074
0.9975474
0.9854545
0.9897961
0.9952534
0.9938127
0.9936131
0.9925909
0.994345
0.9937226
0.9950163
0.9927061
0.9874687
0.9898734
0.9892178
0.9891759
0.9964593
0.989932
0.9942308
0.9957613
0.9951941
0.9949393
0.9959068
0.9929757
0.9897859
0.9879592
0.9901925
0.9940855
0.9952208
0.9907909
0.9910096
0.9945578
0.9935941
0.9932656
0.9924834
0.9923982
0.9889905
0.9945566
0.9959215
0.9944915
0.9963238
0.9968209
0.9959596
0.9866304
0.9885816
0.9898179
0.9834907
0.9938422
0.9924615
0.9869032
0.9967124
0.9909968
0.9910549
0.9931678
0.9934677
0.9918743
0.9908149
0.9919146
0.9968989
0.997365
0.9972209
0.9932316
0.99443
0.9956831
0.9948229
0.9967742
0.9936066
0.9924352
0.9919097
0.9925947
0.9927808
0.9924022
0.9917045
0.992598
0.9927129
0.9923139
0.9926905
0.9926261
0.9922104
0.9944228
0.9936841
0.9946569
0.9946368
0.9938031
0.9920831
0.9939099
0.997048
0.9968992
0.9954682
0.9952775
0.9936682
0.9926921
0.9953678
0.9903521
0.9952679
0.9967535
0.9966854
0.9938319
0.9939822
0.9941282
0.9950688
0.9962293
0.9906103
0.9925861
0.9960828
0.995231
0.9951157
0.9968717
0.997026
0.9952895
0.9970957
0.9955029
0.9919797
0.9946598
0.9931918
0.9958229
0.9936102
0.9959324
0.9946585
0.9961044
0.9959202
0.9898001
0.996638
0.9958333
0.9934393
0.9924103
0.9939728
0.9951282
0.9948613
0.9941374
0.9934595
0.994372
0.9956174
0.9952256
0.9942677
0.9953439
0.9923481
0.9956361
0.9974338
0.9961516
0.9973136
0.9973896
0.9959473
0.9902339
0.9929509
0.9940826
0.9913181
0.9945917
0.9953412
0.9933579
0.9968487
0.9936628
0.9940089
0.9901064
0.9935293
0.9899427
0.987679
0.9908594
0.9964727
0.9973888
0.9974291
0.9926353
0.9889752
0.9956698
0.9959262
0.9970067
0.991474
0.9927811
0.9915961
0.9929226
0.9931201
0.9922667
0.9922255
0.9927715
0.9931057
0.9925503
0.9927407
0.9928366
0.9918977
0.9930267
0.9916956
0.9944479
0.9931272
0.9939975
0.9944219
0.9952536
0.9965398
0.9984076
0.9961186
0.9965946
0.992282
0.9924584
0.994888
0.9906728
0.9966369
0.9963947
0.9958016
0.9955145
0.9957001
0.9944896
0.995463
0.9963834
0.9882769
0.9927112
0.9967723
0.9947875
0.9955074
0.9959732
0.997678
0.9950786
0.9972944
0.9933193
0.9905962
0.9939333
0.9909762
0.9925115
0.995211
0.9928548
0.994829
0.9967493
0.9957102
0.9957591
0.9957148
0.9960521
0.9940725
0.9917276
0.9935316
0.9976328
0.9968354
0.9938025
0.9937674
0.9957972
0.9970876
0.9947557
0.9944571
0.9961303
0.9920882
0.9963208
0.9973281
0.9964656
0.9977023
0.9978315
0.9957128
0.9910743
0.9922563
0.9927486
0.9886029
0.9956401
0.9954815
0.9903259
0.9982806
0.9939429
0.9944356
0.9909222
0.9947331
0.9915645
0.9890094
0.9926633
0.9973467
0.9975028
0.9979425
0.9941487
0.9922755
0.9958157
0.9962059
0.9970205
0.9935818
0.9938943
0.993562
0.9942508
0.9939682
0.9931486
0.9937051
0.9938255
0.994205
0.9939802
0.9942001
0.9940526
0.9934947
0.9944093
0.9936451
0.9960977
0.9935925
0.9950655
0.9951665
0.9973601
0.9979
0.9954726
0.996957
0.9965249
0.9944451
0.993311
0.9961691
0.9914514
0.9978616
0.9975954
0.9963788
0.9963585
0.9945621
0.9955457
0.9923143
0.9964364
0.9893327
0.9940327
0.9979642
0.9965371
0.9971965
0.9974337
0.9966073
0.9967132
0.9976943
0.9960253
0.9914226
0.9930055
0.9916255
0.9957055
0.9955114
0.9958115
0.9925634
0.9982151
0.9957333
0.9957845
0.993587
0.9956691
0.9944168
0.9931408
0.9947808
0.9963626
0.9940995
0.9949455
0.9950038
0.9991657
0.9963391
0.9955805
0.9953148
0.9960448
0.9933452
0.9975175
0.9969184
0.9971638
0.9976469
0.9975503
0.9920586
0.9916941
0.9935381
0.9942545
0.990013
0.9958232
0.996127
0.9908754
0.9972899
0.9949627
0.9953785
0.991681
0.9945941
0.9913334
0.9880313
0.9913184
0.9980042
0.9983369
0.9983799
0.9931523
0.9906169
0.9962507
0.9974204
0.9981403
0.9932471
0.993799
0.9924077
0.9939945
0.9935916
0.9926832
0.9923537
0.9933314
0.9936485
0.9934328
0.9933044
0.9932883
0.9923099
0.9951598
0.9931431
0.9962857
0.9950002
0.9952854
0.994094
0.9931162
0.9953782
0.9960463
0.9968783
0.9972778
0.9943084
0.9928494
0.9968267
0.9897046
0.998326
0.9979091
0.9980561
0.994958
0.9951442
0.9938736
0.9928977
0.9986343
0.9885279
0.9937015
0.9979644
0.9966453
0.9924051
0.9937125
0.9949131
0.9969954
0.998758
0.9965246
0.988472
0.9934392
0.9924989
0.9950965
0.9942308
0.9908964
0.9934584
0.9977728
0.9978769
0.9962634
0.9948871
0.9860384
0.9943298
0.9919848
0.9948388
0.9972083
0.9966415
0.9956823
0.9946324
0.9969385
0.9969084
0.9965919
0.9957026
0.9952089
0.9928313
0.9976665
0.9990939
0.9977224
0.99844
0.9983834
0.9963614
0.9896617
0.9927114
0.994312
0.9864966
0.9965525
0.9952995
0.9941547
0.998647
0.9946954
0.9950845
0.9950993
0.9959392
0.9938379
0.9928456
0.9942559
0.9983798
0.9985243
0.9989643
0.9955371
0.9921523
0.9972428
0.9979239
0.9981625
0.9953411
0.9958392
0.9954548
0.9960831
0.99568
0.9952584
0.9954661
0.9955562
0.9958813
0.9957058
0.9960356
0.9955674
0.9953649
0.9959722
0.9948556
0.9972276
0.9968354
0.9967557
0.9965537
0.9954726
0.9971857
0.9966576
0.9978868
0.9978893
0.9959537
0.9952386
0.9978608
0.9940284
0.9987786
0.9983118
0.9943046
0.9951793
0.9981589
0.9949147
0.995116
0.9961765
0.993997
0.9960645
0.9979554
0.9975163
0.9963823
0.9984677
0.996684
0.9966334
0.9985411
0.9961178
0.9916207
0.9944172
0.9957101
0.9960186
0.9968707
0.9950306
0.996582
0.9969864
0.9981618
0.9973559
0.9990494
0.9970944
0.9962687
0.9952416
0.9961777
0.9975983
0.9963855
0.9964088
0.9966796
0.994901
0.9969752
0.997195
0.9968384
0.9965265
0.9953055
0.9985431
0.9987923
0.9984084
0.9988073
0.9987585
0.995702
0.9940537
0.9953898
0.9954498
0.9918893
0.9972623
0.9964599
0.9954522
0.9987949
0.9966809
0.9964859
0.9930849
0.9961903
0.994112
0.9918335
0.9941189
0.9984353
0.9983172
0.9986458
0.9960427
0.9943156
0.9969137
0.9981263
0.9986587
0.9951961
0.9956825
0.995146
0.9960398
0.9954576
0.9951795
0.9951706
0.9954308
0.9953693
0.9956847
0.9956275
0.9956325
0.9953078
0.9955814
0.9949823
0.9970894
0.996397
0.996638
0.997342
0.9959267
0.9945759
0.9978098
0.9975172
0.9970789
0.9961975
0.9952443
0.9976712
0.9941201
0.9985215
0.9984267
0.9963009
0.9981424
0.9968314
0.9953789
0.9955961
0.9990939
0.9927638
0.9959284
0.9982499
0.9971567
0.9953344
0.9971519
0.9940209
0.9977613
0.9983542
0.9974801
0.9861772
0.9910653
0.9937529
0.9948489
0.9967591
0.9972255
0.9912326
0.9962983
0.9947644
0.9960894
0.9970015
0.9959267
0.9961921
0.9947148
0.9964755
0.9981447
0.9947139
0.9966444
0.9965241
0.9959864
0.9962559
0.9972117
0.9975787
0.9973593
0.9953103
0.9982748
0.998854
0.9979299
0.9988712
0.9989596
0.999232
0.9943363
0.9953742
0.9958009
0.9916472
0.9981718
0.9971852
0.9942035
0.9987593
0.9964389
0.9966886
0.9892207
0.98746
0.9889984
0.9914864
0.9901365
0.9836678
0.9803454
0.9801435
0.9895982
0.9917186
0.986125
0.9839698
0.9796849
0.9865721
0.9871612
0.9887839
0.9870676
0.9869933
0.9876963
0.9877948
0.9879989
0.9870876
0.9874659
0.9875799
0.9868457
0.9883831
0.9872774
0.989248
0.9851588
0.9858328
0.9858243
0.9943416
0.9953037
0.9953811
0.9929011
0.9863117
0.9862537
0.9854738
0.9880899
0.984552
0.9913709
0.9848813
0.9822631
0.9928024
0.9938852
0.9960456
0.9943803
0.9951127
0.9950487
0.9912007
0.9882328
0.9834962
0.9847004
0.9957707
0.9950942
0.9934185
0.9858458
0.9806054
0.9868618
0.9950112
0.9946985
0.9947938
0.9975382
0.9959616
0.9954266
0.9972672
0.9982249
0.9978755
0.9977854
0.9978752
0.9974708
0.9887957
0.9900209
0.9877177
0.9951487
0.9948284
0.9859041
0.9856669
0.9939005
0.9937087
0.9847154
0.9856614
0.9872136
0.9895027
0.9827797
0.979812
0.9820573
0.9789514
0.979016
0.9977649
0.9912729
0.9883771
0.9877813
0.9929937
0.9841289
0.9873229
0.9898377
0.9818422
0.9857927
0.986683