0.9914163
0.9942178
0.994478
0.9948919
0.9939659
0.9956214
0.9951022
0.9958315
0.9952395
0.9972929
0.9895949
0.9971894
0.9973936
0.9966264
0.9978219
0.9960433
0.9984268
0.9960743
0.9983296
0.9958689
0.9978672
0.9971083
0.9974658
0.9934118
0.9943289
0.9952573
0.9934808
0.9926655
0.9947951
0.9947078
0.9924282
0.9938699
0.9951095
0.9945218
0.9940051
0.9926279
0.9943606
0.9976864
0.9948743
0.9944604
0.9947631
0.9957831
0.9957195
0.9925777
0.9976888
0.9920252
0.987738
0.9888361
0.9900638
0.9895836
0.990755
0.9895179
0.9878686
0.9897946
0.9896507
0.9955179
0.9932144
0.9952666
0.9931354
0.9932382
0.9911177
0.9935606
0.9907085
0.9897522
0.9929355
0.9891912
0.993881
0.9871697
0.9933048
0.9911621
0.9906751
0.991472
0.9896999
0.9888695
0.9887476
0.9924591
0.9924674
0.9910498
0.9927252
0.9914673
0.9894408
0.9773585
0.9918048
0.9912414
0.9890483
0.9894616
0.9924571
0.9918458
0.9925844
0.9925459
0.9889513
0.9921949
0.9933002
0.9918398
0.9908633
0.9878899
0.9940365
0.9918322
0.9888765
0.9761009
0.9901538
0.9893204
0.9906201
0.9946777
0.9956232
0.9930789
0.9950855
0.9947102
0.9982116
0.9967356
0.8573235
0.9946221
0.9941623
0.9949081
0.9931319
0.9936272
0.9952456
0.9950013
0.9966387
0.9955728
0.9973212
0.995505
0.9902614
0.9927616
0.9917669
0.9932933
0.9902584
0.9932759
0.9934626
0.9949203
0.9931181
0.9916501
0.9925134
0.9942713
0.9916493
0.9924546
0.9915735
0.996122
0.9960842
0.995476
0.9967516
0.9925222
0.9938537
0.9894262
0.997162
0.835375
0.9850128
0.9868579
0.9878726
0.9896328
0.9926038
0.989015
0.8354512
0.9883441
0.989913
0.9949975
0.9957211
0.9947447
0.8415757
0.9828702
0.9246291
0.9644253
0.9873368
0.9263158
0.8199694
0.9171005
0.9604151
0.9857665
0.9331884
0.9861638
0.9186373
0.7207547
0.9857282
0.9848235
0.9841063
0.95823
0.9464355
0.9138313
0.9197432
0.8536689
0.9873052
0.9851643
0.8642677
0.9546804
0.959657
0.9530068
0.9569219
0.9611186
0.9140108
0.9600237
0.9849697
0.9697443
0.9917308
0.8941032
0.9107792
0.9632422
0.9122878
0.9251687
0.9330979
0.9867389
0.9898366
0.9909664
0.9914452
0.9938514
0.9899172
0.9949676
0.9922964
0.9913306
0.9978277
0.9950639
0.9904127
0.9937442
0.994542
0.9935125
0.9939038
0.9920792
0.9927663
0.9916904
0.9951746
0.9954556
0.9964586
0.9923161
0.9903969
0.9890357
0.9875548
0.9856317
0.9849559
0.9898661
0.9891629
0.9899863
0.9895801
0.9886148
0.9899008
0.9884788
0.990768
0.9921671
0.9904149
0.9954868
0.9954835
0.99326
0.9972877
0.9933775
0.9920453
0.9866555
0.9969983
0.9915557
0.9717747
0.9750484
0.9812682
0.9845981
0.9932547
0.9833896
0.9903893
0.9860237
0.9893877
0.9947742
0.9926254
0.9913992
0.9895732
0.9871223
0.990107
0.9922211
0.9917508
0.9905522
0.9892262
0.9907196
0.990394
0.9906791
0.9926746
0.9886345
0.9910307
0.9895952
0.9722946
0.9718755
0.972265
0.9929135
0.9906467
0.9897109
0.9898577
0.9917221
0.9804851
0.9915351
0.9882276
0.9920332
0.9916091
0.9931758
0.9922583
0.9915626
0.9889269
0.989639
0.9915839
0.990351
0.992318
0.9899171
0.9928374
0.9931178
0.9881987
0.9904018
0.9925602
0.9912366
0.9869555
0.991076
0.9902795
0.9913562
0.9925454
0.9933084
0.9916113
0.9925602
0.9976081
0.9949334
0.9881547
0.9959608
0.9946924
0.9924739
0.9914902
0.9926172
0.9926362
0.9921028
0.9919355
0.9902802
0.9938639
0.993186
0.9886384
0.9854143
0.9803324
0.9859697
0.9818923
0.9879348
0.9911746
0.9902734
0.9855551
0.9873798
0.9908228
0.9891522
0.9914487
0.9915254
0.9899608
0.9962025
0.9952986
0.9933948
0.995759
0.9910525
0.993575
0.9907316
0.9958424
0.9874268
0.9622569
0.9688357
0.9768143
0.9828142
0.9923791
0.9784868
0.988274
0.9829029
0.9882961
0.9930937
0.9892819
0.9889739
0.9879914
0.9888969
0.9877458
0.9898492
0.9892536
0.9859518
0.9884087
0.9884203
0.9888571
0.9874544
0.9892704
0.9907953
0.9876756
0.9865676
0.9625554
0.9617887
0.9603775
0.9919412
0.9915206
0.9872383
0.9841544
0.986272
0.9753264
0.9900029
0.9876773
0.9926076
0.9899077
0.9914082
0.9914937
0.9893117
0.9865561
0.9894906
0.99
0.9887902
0.9919778
0.983362
0.9894134
0.9904225
0.9851735
0.987709
0.9896204
0.9891692
0.9924799
0.9938337
0.9917829
0.9947148
0.9955451
0.9959991
0.9956627
0.9904714
0.9971611
0.9942584
0.9915394
0.9973413
0.9937781
0.9923205
0.9955071
0.9956803
0.9969316
0.9892308
0.990391
0.9918567
0.994042
0.9941448
0.9908121
0.9891435
0.9885556
0.9920047
0.9899978
0.9924242
0.9918539
0.9926121
0.9927931
0.9904317
0.9898379
0.9897772
0.9936642
0.9936348
0.9899783
0.9976048
0.9954942
0.9960766
0.9921807
0.9923007
0.9954086
0.9901795
0.9970078
0.9931973
0.9828193
0.9846089
0.9886976
0.9918426
0.9951548
0.9895255
0.9917219
0.990473
0.9925451
0.9933526
0.9953475
0.9936416
0.9917287
0.9926686
0.9919786
0.9945113
0.9915657
0.9908846
0.9902469
0.9919321
0.9921439
0.9934141
0.9927491
0.9907757
0.9925389
0.9919588
0.9826669
0.9827335
0.9814532
0.9961288
0.9905873
0.9910733
0.9900021
0.9932001
0.9875911
0.9938004
0.9929577
0.9944927
0.9932928
0.993393
0.9926424
0.9956861
0.9923648
0.9942468
0.9933103
0.9929936
0.991647
0.9902852
0.9927476
0.9943285
0.9937721
0.9952646
0.9901133
0.9948613
0.9911987
0.9927428
0.9923077
0.996
0.9939425
0.995443
0.9929742
0.9940637
0.9992082
0.9982456
0.9918717
0.995567
0.99073
0.9933383
0.9975221
0.9972872
0.9973
0.9935984
0.9970814
0.9964119
0.9944713
0.9942353
0.9922154
0.9900236
0.9888564
0.9908846
0.9892883
0.9915924
0.9901307
0.9922703
0.992349
0.9887882
0.9948146
0.9903464
0.9913892
0.9918785
0.9940507
0.9967105
0.9960074
0.993542
0.9977953
0.9932105
0.9928377
0.9952119
0.9960552
0.9900903
0.9832696
0.9867823
0.9887153
0.9925672
0.995361
0.9909149
0.9916226
0.9913815
0.9935951
0.9911308
0.9955457
0.9927238
0.9911855
0.9906019
0.9885739
0.9939162
0.9921496
0.9909532
0.9929453
0.9933993
0.9934022
0.9902206
0.9895949
0.9903868
0.991825
0.990989
0.9846393
0.9841375
0.9850577
0.9926007
0.9932667
0.9891425
0.9900133
0.9916484
0.9892351
0.995826
0.9913812
0.992299
0.993521
0.9952316
0.9939557
0.9907672
0.989643
0.9940855
0.9949367
0.9920635
0.9913083
0.9929748
0.9933819
0.9917909
0.992023
0.992081
0.9899101
0.989659
0.9914455
0.9933616
0.9927827
0.9920542
0.9932584
0.9970015
0.99228
0.9917179
0.9984436
0.9948025
0.9937039
0.9949109
0.9935655
0.9923497
0.995813
0.9899092
0.9980073
0.9913535
0.9938805
0.9946959
0.9942157
0.9966689
0.9945791
0.9921005
0.9882161
0.9895191
0.992015
0.993211
0.9913135
0.9912306
0.9938638
0.9915274
0.9922939
0.9930109
0.991787
0.9944095
0.9928745
0.9970845
0.996063
0.995342
0.9962687
0.9949725
0.9958607
0.9938348
0.996439
0.9932623
0.9840924
0.987417
0.9892013
0.9916237
0.9953123
0.9918061
0.9947781
0.9926011
0.9939693
0.9925164
0.9927673
0.9937695
0.995656
0.9906977
0.9937229
0.9894713
0.9940707
0.9952143
0.9923564
0.9921483
0.991932
0.992363
0.9923497
0.9913774
0.9952038
0.9941432
0.9848837
0.9841857
0.9840395
0.9959192
0.9918156
0.9925667
0.9907794
0.9932653
0.9896138
0.9923614
0.9923497
0.9917003
0.9935869
0.9939244
0.9966851
0.9915181
0.9921654
0.9902825
0.9947608
0.9910133
0.9936766
0.9912911
0.9949847
0.9925182
0.9925455
0.9923797
0.9921993
0.9950163
0.9926799
0.9966076
0.9925819
0.9959144
0.9966529
0.9945568
0.9954835
0.9941957
0.9991793
0.9967356
0.9941886
0.9950325
0.9976172
0.9954181
0.9967081
0.9943899
0.9958188
0.9944483
0.9924242
0.9962936
0.9935783
0.9937041
0.9923205
0.9907902
0.9899852
0.9909264
0.9873325
0.9927102
0.9912688
0.9935465
0.9907173
0.9917396
0.9912117
0.9933217
0.9944216
0.9955325
0.9946714
0.9969512
0.9971618
0.9931402
0.9980564
0.9970378
0.9949609
0.9929577
0.9962762
0.9926075
0.9855117
0.9878302
0.9901629
0.9918937
0.9957867
0.991536
0.9905469
0.992756
0.9943911
0.9964344
0.9927774
0.992513
0.989874
0.9975062
0.9917355
0.9935603
0.9910335
0.991453
0.9941612
0.9939448
0.9955237
0.9953821
0.9939299
0.9943208
0.9948326
0.9919391
0.9873035
0.986457
0.9852221
0.9946856
0.993357
0.9898374
0.9918662
0.995983
0.9906205
0.9959677
0.9939299
0.9914411
0.9908592
0.9955988
0.9919908
0.9928412
0.9937332
0.9962937
0.9905616
0.9949239
0.9941806
0.994186
0.9925692
0.9960526
0.9948163
0.9953041
0.9959982
0.9939678
0.9836898
0.987771
0.9881814
0.9932754
0.9896498
0.9943162
0.992807
0.9922606
0.9974932
0.9938258
0.9887289
0.9943032
0.9919065
0.9912107
0.9894714
0.9947949
0.9933472
0.9889698
0.9960887
0.9924455
0.9949548
0.9943867
0.9937336
0.9856831
0.982133
0.9870793
0.9872517
0.991348
0.9885571
0.9900712
0.9844903
0.9853869
0.9919327
0.9901377
0.994022
0.9913518
0.9903273
0.994483
0.9945227
0.990971
0.996425
0.9907842
0.9894683
0.9915708
0.9959225
0.9893567
0.9721347
0.9751801
0.9806452
0.9860381
0.9932717
0.9819145
0.9918661
0.9856354
0.9877914
0.9914223
0.9917786
0.9936293
0.9899765
0.9885895
0.9874883
0.9926868
0.9891392
0.9901269
0.9896438
0.9907625
0.9918699
0.9895933
0.9924847
0.9895586
0.9890006
0.9901547
0.9715438
0.9695652
0.9700597
0.9919355
0.9920991
0.98884
0.989139
0.990308
0.9790289
0.9893317
0.9890024
0.9907378
0.9920961
0.9908639
0.9909639
0.9903125
0.9884049
0.991991
0.9930589
0.9910543
0.9900306
0.989042
0.991378
0.9932245
0.9892947
0.988558
0.9908057
0.9899984
0.9879137
0.9885239
0.9896151
0.9911157
0.9895796
0.9891814
0.9908391
0.9953192
0.9951761
0.9944047
0.9897794
0.9956201
0.9885796
0.9928357
0.9925625
0.9943095
0.9934484
0.989292
0.9935765
0.9929609
0.994695
0.9938811
0.9936373
0.9847844
0.9850007
0.9872413
0.9849922
0.9893444
0.9871148
0.9898159
0.9897595
0.9870734
0.9919576
0.9891008
0.989011
0.9882968
0.9875274
0.9965753
0.9940549
0.9941665
0.9958333
0.9904098
0.9922426
0.9894853
0.9976501
0.9899383
0.9687161
0.9727787
0.9794279
0.9859004
0.9936763
0.9827449
0.9905752
0.9846751
0.9896051
0.9924796
0.9881832
0.9897339
0.9904174
0.9854809
0.9917609
0.9905723
0.988031
0.9905737
0.987602
0.9902487
0.9872902
0.9864932
0.9900668
0.9873293
0.9895715
0.9878128
0.9686481
0.9667958
0.9684739
0.993738
0.9901803
0.9894051
0.9883949
0.9917409
0.9793007
0.9887622
0.9890791
0.9905473
0.9917939
0.9895
0.9931034
0.9899465
0.9874715
0.9886515
0.9885464
0.9932142
0.9893048
0.9887914
0.9879223
0.9876365
0.9913596
0.9869707
0.9868549
0.9860026
0.9903067
0.9901455
0.9914142
0.99251
0.9919106
0.9946029
0.9946965
0.9925086
0.9954775
0.9928817
0.9897889
0.9946782
0.9953162
0.9939148
0.9950739
0.99642
0.995237
0.9919067
0.9957286
0.9960288
0.9934641
0.9935515
0.9928307
0.9894737
0.9883669
0.990264
0.9891444
0.9922571
0.9940048
0.9898305
0.9894337
0.9921014
0.9937169
0.9922383
0.9928088
0.9936361
0.9906232
0.9943847
0.9951057
0.9939256
0.9934106
0.9925373
0.9939554
0.9899196
0.9972028
0.9904828
0.9771873
0.9806472
0.9841322
0.9871957
0.9924195
0.9855614
0.9927336
0.9877093
0.9898446
0.9961504
0.9919908
0.994099
0.9909941
0.9915952
0.9927698
0.9941901
0.994086
0.9908114
0.992726
0.9923862
0.9936075
0.9895186
0.9934188
0.9894811
0.9899183
0.9885675
0.9783629
0.9782521
0.9792403
0.9936644
0.9945308
0.9927184
0.9923545
0.9922293
0.9841672
0.9925554
0.9918474
0.9936407
0.9915863
0.9945055
0.9917471
0.9915371
0.9911795
0.9928952
0.9897445
0.9970049
0.9934175
0.9910081
0.9934176
0.9933628
0.9902456
0.9911749
0.9936382
0.9920608
0.9911021
0.9924578
0.9900955
0.9929492
0.9944587
0.9933605
0.9945379
0.9954955
0.9963054
0.9966434
0.9937595
0.9965106
0.9924699
0.993586
0.9952072
0.9931769
0.9934765
0.9948649
0.9959619
0.9951595
0.9944782
0.9953817
0.9955521
0.9900609
0.9903335
0.9904505
0.9918996
0.9905295
0.9957768
0.9919393
0.990272
0.9910696
0.9919073
0.9927179
0.9926453
0.9918623
0.9919117
0.9952179
0.9967402
0.9909302
0.9953799
0.9900744
0.9907679
0.9960772
0.9946893
0.9918483
0.9795987
0.9821489
0.9863396
0.9870736
0.9936845
0.9874042
0.9916382
0.9875239
0.9911243
0.9938351
0.9893451
0.9938335
0.9933649
0.9880332
0.9930162
0.991657
0.9926877
0.9885605
0.9929698
0.9920228
0.9901084
0.9929907
0.9916222
0.9896034
0.9898894
0.9903263
0.9811516
0.9812787
0.9813082
0.9953148
0.9921127
0.9912348
0.9914089
0.991278
0.9862241
0.995073
0.9916222
0.9930029
0.9944316
0.9933633
0.9948067
0.9907091
0.9920379
0.9947338
0.9954689
0.9945621
0.9937378
0.9929951
0.9908519
0.9929118
0.9892823
0.988965
0.9933987
0.9926206
0.9917279
0.9921158
0.9939593
0.9937082
0.9950135
0.9956232
0.9944622
0.9951723
0.996734
0.9959361
0.993152
0.997191
0.9982649
0.9963463
0.9978231
0.9968388
0.996587
0.9973877
0.9977728
0.9972512
0.9965315
0.9978997
0.9984818
0.9919912
0.9927445
0.9940225
0.9958629
0.995614
0.9947973
0.9963261
0.9908322
0.9938723
0.9938285
0.9936058
0.9956282
0.9937117
0.9945155
0.99743
0.9975669
0.9961097
0.9942643
0.9935627
0.9949021
0.9916447
0.996144
0.9933346
0.9892753
0.9899904
0.9897562
0.9883508
0.9911587
0.9891775
0.992759
0.9881715
0.9874196
0.9972671
0.994985
0.9935146
0.9918292
0.9939962
0.9913076
0.991654
0.9949904
0.9927577
0.9912509
0.9908871
0.9933234
0.9963961
0.9933073
0.9936246
0.9916186
0.9931545
0.9904898
0.9892777
0.9908128
0.9924618
0.9932098
0.9921802
0.9915998
0.9916574
0.9889768
0.9946227
0.9918079
0.9895138
0.9924755
0.9938978
0.9934087
0.9935269
0.9922136
0.9942781
0.9944113
0.9935386
0.9961839
0.9940807
0.9923693
0.9936166
0.9949749
0.9916481
0.9928004
0.9946435
0.9915823
0.9916301
0.9900672
0.9943256
0.9916567
0.9928352
0.9932374
0.9934246
0.9979798
0.9936988
0.993987
0.996551
0.9960274
0.9976319
0.9951528
0.9956897
0.9967287
0.9946906
0.9946352
0.9940489
0.9977249
0.9944615
0.9942162
0.9903122
0.9882178
0.9921528
0.9910233
0.9924786
0.992783
0.9911243
0.9900623
0.9921658
0.9949862
0.9948755
0.9916744
0.9932851
0.9926596
0.9969825
0.9953677
0.9902192
0.9972571
0.9933862
0.9919544
0.9913759
0.9953694
0.9930523
0.9781544
0.9803372
0.9855645
0.986769
0.9886847
0.9848358
0.9927278
0.9855836
0.9869804
0.9939096
0.9968485
0.9945012
0.993666
0.9935998
0.9938452
0.9921272
0.9931288
0.9908527
0.9931889
0.9902295
0.9931983
0.9900206
0.9906832
0.9940755
0.9933395
0.9921248
0.9792979
0.979778
0.9796825
0.9923254
0.9937213
0.9931825
0.9933271
0.9924324
0.9825463
0.9910064
0.9924043
0.9925844
0.9935938
0.9944673
0.9940551
0.9904099
0.9924289
0.9917539
0.9916813
0.9936918
0.9950911
0.9918083
0.9939628
0.9912924
0.9939497
0.9903965
0.9935375
0.9916589
0.9905985
0.99144
0.9929639
0.9942848
0.9953854
0.9922614
0.9926573
0.9944534
0.9979596
0.9966181
0.9930081
0.9973907
0.9957646
0.9960818
0.9946797
0.9960663
0.9935844
0.9969161
0.998057
0.9965761
0.9968665
0.9954508
0.9933548
0.9865507
0.9919924
0.990597
0.9934405
0.9919007
0.9948663
0.992554
0.9924039
0.991114
0.9916099
0.9948339
0.9951673
0.991242
0.9904875
0.9957326
0.9935647
0.9939066
0.9950485
0.9928345
0.9932546
0.9895722
0.9967546
0.9933178
0.9816065
0.9835291
0.9838806
0.9870422
0.9874089
0.98554
0.9931486
0.9852941
0.9869195
0.9972348
0.9966216
0.9954482
0.9926825
0.9930807
0.9933354
0.9919125
0.9924316
0.9937743
0.9931421
0.9900047
0.9937782
0.9936427
0.9925094
0.9918188
0.9929797
0.9916006
0.9817836
0.9822529
0.9805154
0.9932067
0.9939889
0.992507
0.9924941
0.9944134
0.9829535
0.9918889
0.9914076
0.9949279
0.9944986
0.9936275
0.9930621
0.994104
0.9911215
0.9933036
0.9922718
0.9955619
0.9939336
0.9892356
0.9921936
0.9930918
0.9898055
0.9889114
0.9950503
0.9916019
0.9888381
0.9907498
0.9919547
0.9918415
0.9930241
0.9959881
0.9943121
0.9945315
0.9965124
0.9954565
0.9947982
0.9955427
0.9968088
0.9962147
0.9952153
0.9951292
0.9968381
0.996005
0.9975696
0.9969372
0.9963683
0.9968348
0.9923837
0.9903925
0.9910444
0.9910606
0.9918129
0.993519
0.9916787
0.9950776
0.9912161
0.9924774
0.9927098
0.9941653
0.9952625
0.9905762
0.9914358
0.9941788
0.9938321
0.9934505
0.9945377
0.9928789
0.993825
0.9916126
0.9966846
0.9952711
0.9823
0.9825519
0.9842701
0.9856393
0.9881139
0.9852436
0.9917591
0.9851815
0.9874824
0.997379
0.9938962
0.9965691
0.9931994
0.9931266
0.9922737
0.9917768
0.9927975
0.9925562
0.9938262
0.9895188
0.9947884
0.9909268
0.9936629
0.9929712
0.9933428
0.9936899
0.9824887
0.9817471
0.9832511
0.9923053
0.9910462
0.9903005
0.9909265
0.9933691
0.9837428
0.9938291
0.9907849
0.9937076
0.9947284
0.9925409
0.9947192
0.9940073
0.9917735
0.9938432
0.992635
0.9937036
0.9931774
0.9927319
0.9914245
0.9931368
0.9906021
0.9911308
0.9933869
0.9927376
0.9948108
0.9936294
0.9954093
0.9942414
0.9959934
0.9940716
0.9966102
0.9947249
0.9985704
0.9977578
0.9950403
0.9969839
0.9979174
0.9949648
0.9944966
0.9956481
0.9959777
0.9972325
0.9950133
0.9941042
0.9952666
0.9975248
0.9967359
0.9939728
0.9934154
0.9913742
0.9937667
0.9945355
0.9955468
0.9917619
0.9931534
0.9946536
0.9929646
0.9942227
0.9941583
0.9900422
0.9921352
0.9966797
0.9983036
0.9953553
0.9947644
0.9920292
0.9953832
0.9944134
0.9948656
0.995245
0.989611
0.9899181
0.9918145
0.9916749
0.992601
0.9907415
0.9950249
0.9911084
0.9921014
0.9962275
0.9956089
0.9956433
0.9948208
0.9951701
0.9933953
0.995123
0.9939276
0.9941897
0.9922997
0.9954423
0.9937772
0.9955253
0.9956404
0.9960176
0.9954309
0.9937952
0.9898973
0.9904591
0.9899562
0.9940501
0.9915776
0.996264
0.9964642
0.995247
0.9911945
0.9937695
0.9939696
0.9953201
0.9962193
0.9965834
0.9959992
0.9954574
0.9937875
0.9944325
0.9954545
0.9953162
0.995281
0.9931649
0.995848
0.9971585
0.9964628
0.9954489
0.9923585
0.9948358
0.9933427
0.993754
0.9964472
0.9911302
0.991923
0.9959552
0.9974367
0.9966409
0.9988796
0.9966777
0.9963485
0.9979737
0.9994655
0.9964503
0.9980834
0.9995485
0.9959478
0.9986625
0.9985037
0.9985387
0.996298
0.9959386
0.9974576
0.9950031
0.9934915
0.9961108
0.995702
0.9978193
0.9953811
0.9967509
0.9944025
0.9968454
0.9955157
0.997864
0.9967438
0.99474
0.9967949
0.996087
0.9968254
0.9978814
0.9987695
0.9964695
0.9951822
0.9963318
0.9987013
0.995559
0.9934833
0.9944821
0.9961585
0.9954077
0.9962939
0.9947255
0.9965969
0.9948571
0.9953461
0.9967159
0.9970942
0.9950638
0.9971249
0.9919786
0.9961009
0.995685
0.9991715
0.9958071
0.9971174
0.9968603
0.9968619
0.9931954
0.9963245
0.9960106
0.9963235
0.9966119
0.9940843
0.9940513
0.9944242
0.9956084
0.996133
0.994209
0.993395
0.9963475
0.9953205
0.9955416
0.9963245
0.9959383
0.9986699
0.996732
0.9981313
0.9932008
0.9963446
0.9964558
0.9966796
0.9959339
0.997267
0.9966084
0.9960599
0.9956511
0.9968388
0.996604
0.9961029
0.9963513
0.9937173
0.9896142
0.9933735
0.9950946
0.9952524
0.9947263
0.996144
0.9965333
0.9988281
0.9965278
0.995656
0.9956236
0.9965896
0.9974527
0.9947405
0.9956361
0.994985
0.9956796
0.9967568
0.9978769
0.9965928
0.9966566
0.9958453
0.9911775
0.99222
0.9940537
0.997189
0.9944598
0.9934141
0.996613
0.9928176
0.9955347
0.9940859
0.9943993
0.9971743
0.9933415
0.9930362
0.9983766
0.9978769
0.9965627
0.9962559
0.9942349
0.9933921
0.9948872
0.9961001
0.9928073
0.9909632
0.9905496
0.9913197
0.9924654
0.993729
0.9903622
0.9934484
0.9917499
0.9925955
0.9965721
0.9933775
0.9975086
0.9941125
0.993357
0.9950163
0.9955357
0.9956631
0.9952028
0.9960742
0.9949858
0.9963003
0.9955107
0.9951934
0.9951424
0.9943132
0.9941292
0.9895523
0.9899531
0.9894889
0.9954771
0.9931005
0.991886
0.992752
0.99718
0.9913082
0.9976061
0.9940945
0.9946188
0.9969068
0.9957217
0.9951187
0.9934726
0.9934641
0.995266
0.9942883
0.9957409
0.9929769
0.9928089
0.9923296
0.9942246
0.9920844
0.9941176
0.9950184
0.994786
0.9921199
0.9931851
0.9937217
0.9940346
0.9911318
0.991739
0.9935233
0.9937667
0.9972818
0.9975261
0.9930763
0.9951345
0.99794
0.9936963
0.9961219
0.9962517
0.9965333
0.9946794
0.9951759
0.9969257
0.9953867
0.9951872
0.9932869
0.9912768
0.9902649
0.9934234
0.9907853
0.994709
0.9945091
0.9941684
0.9921722
0.9935987
0.9944002
0.9928191
0.9946299
0.9917817
0.9944658
0.9960805
0.9975315
0.9952292
0.9959576
0.9922544
0.9944249
0.9939243
0.9968701
0.991751
0.9873795
0.9864477
0.9897923
0.9902379
0.9899864
0.9868435
0.9921112
0.9883066
0.9898304
0.9977319
0.9964422
0.9967197
0.9919279
0.9922083
0.9953445
0.9927189
0.9937561
0.993811
0.993049
0.9904063
0.9947575
0.9932653
0.995122
0.9948873
0.9937993
0.9934555
0.9862895
0.9860676
0.9865409
0.9946217
0.9935089
0.9920934
0.992077
0.9938283
0.9884766
0.9934309
0.9936114
0.9934703
0.993731
0.994604
0.9906435
0.9927021
0.9934481
0.994213
0.9955218
0.9938521
0.9941995
0.9934506
0.9924741
0.9939182
0.9926443
0.9930673
0.9945976
0.9919491
0.9929486
0.9934988
0.9946225
0.9979772
0.9983678
0.995614
0.9969058
0.9973646
0.9986493
0.9956693
0.9938953
0.9975093
0.9930222
0.9958437
0.9968254
0.994695
0.9981217
0.9913534
0.9979508
0.9971842
0.9961479
0.9943332
0.9953405
0.9927287
0.9946185
0.9949384
0.9933606
0.9964296
0.9916015
0.9940569
0.9953826
0.9941207
0.9955018
0.9959864
0.9949906
0.992921
0.9950166
0.9948755
0.9959363
0.9957128
0.996863
0.9931973
0.9968102
0.9938075
0.9978134
0.993891
0.9900977
0.9902482
0.9934005
0.9935205
0.995707
0.9936358
0.992687
0.9937519
0.9938929
0.9968663
0.998596
0.9940622
0.9957707
0.9945029
0.9948562
0.9934688
0.994055
0.9936351
0.9941024
0.9936381
0.9926921
0.9951409
0.996939
0.9925855
0.9940954
0.994606
0.9915024
0.9911446
0.9916311
0.9965197
0.9946611
0.9945691
0.9938403
0.9953096
0.9927894
0.9931571
0.9938592
0.993932
0.9952165
0.9958577
0.9935143
0.994606
0.9950704
0.9958547
0.9943069
0.9944148
0.9955969
0.9938924
0.9948076
0.994237
0.9926436
0.9950669
0.9957973
0.9924812
0.9936909
0.9951006
0.9935533
0.9938717
0.9955783
0.9972002
0.9959359
0.9957931
0.9985985
0.9968504
0.9948917
0.9960487
0.9955631
0.99605
0.9974635
0.9966422
0.9963515
0.9954573
0.9944481
0.9964698
0.9956603
0.995122
0.995323
0.9921394
0.9926142
0.9947816
0.9964912
0.9936635
0.9948718
0.9942529
0.9938116
0.9951616
0.9942625
0.9945666
0.9947699
0.9936688
0.9942091
0.9970326
0.9969342
0.9928752
0.9985743
0.9932615
0.9945255
0.9927768
0.9958457
0.9930356
0.9909511
0.9917616
0.9918003
0.9913088
0.9916606
0.9902247
0.9938449
0.9913769
0.9898145
0.9954273
0.9965468
0.9968598
0.9946743
0.9966839
0.995111
0.996652
0.9937848
0.9944627
0.9930099
0.995083
0.9963183
0.9962121
0.9948655
0.9966874
0.9940378
0.9928367
0.992007
0.9914618
0.9916949
0.9939136
0.9945322
0.9948634
0.9954723
0.995096
0.9911374
0.993221
0.9944524
0.9932589
0.993547
0.9936508
0.9941618
0.9942775
0.9936527
0.9955612
0.9965819
0.9955827
0.9957627
0.9942729
0.9958958
0.9931493
0.9956772
0.9934426
0.9942939
0.9944842
0.9903692
0.9944435
0.9897829
0.9941642
0.9922395
0.996008
0.9959193
0.9948417
0.9993517
0.9973568
0.9955122
0.9944785
0.9949303
0.9954044
0.9958543
0.9971477
0.9977286
0.9957519
0.9966636
0.9949087
0.9956572
0.9940068
0.9956164
0.9922697
0.9922276
0.9933259
0.9937173
0.9948821
0.9946784
0.9953202
0.9918337
0.9920168
0.9927339
0.9911743
0.9963036
0.991149
0.9923323
0.9958264
0.9976434
0.9949869
0.995435
0.9912206
0.9910792
0.9914128
0.9947134
0.9937414
0.9866048
0.9871617
0.9893173
0.990743
0.993251
0.9887247
0.9921461
0.9903319
0.9898464
0.9957082
0.9967603
0.9970525
0.9919545
0.9934485
0.9941543
0.994999
0.9932529
0.99412
0.9956905
0.9941223
0.9933359
0.9925433
0.9947017
0.9914547
0.9917323
0.9933542
0.9862577
0.986365
0.9873301
0.9953524
0.9928253
0.9907371
0.9915137
0.9943337
0.9881508
0.9911504
0.9913369
0.9931645
0.9934407
0.9937412
0.9924227
0.995318
0.9931493
0.9933306
0.9920196
0.9953825
0.9939259
0.993152
0.9899428
0.9948067
0.9919084
0.9953098
0.9951352
0.9933555
0.9955605
0.9919148
0.9928941
0.9967114
0.9956391
0.9956176
0.9937976
0.9932432
0.9977498
0.9964637
0.9950785
0.996264
0.995656
0.9962656
0.9960333
0.9973575
0.9958631
0.998135
0.9954863
0.9955734
0.9965385
0.9969891
0.9967823
0.9944635
0.995779
0.9936137
0.9931087
0.9942244
0.995098
0.9950047
0.9956063
0.993611
0.994941
0.9962997
0.9956236
0.9972191
0.9961305
0.9948812
0.9972973
0.9949089
0.9986097
0.9973965
0.9952115
0.9941882
0.9974508
0.9957816
0.9929279
0.9926441
0.9934535
0.9936032
0.9944977
0.9941184
0.9948247
0.9943212
0.9945344
0.9972184
0.9968388
0.9961699
0.9969512
0.9973803
0.9950946
0.9954162
0.997286
0.9931652
0.996
0.9936426
0.9938824
0.9939232
0.994101
0.9964286
0.9938621
0.9962564
0.9926779
0.9923721
0.9917179
0.9955906
0.994898
0.995521
0.9962211
0.9974275
0.9926676
0.9976526
0.9943383
0.9963707
0.9964192
0.9946368
0.9952073
0.9943741
0.9957806
0.9968354
0.9960494
0.9939306
0.9960909
0.9950762
0.9933869
0.9960911
0.995982
0.9950704
0.9925094
0.996492
0.9952162
0.9961335
0.993736
0.9904026
0.9962783
0.9982769
0.9973381
0.9972214
0.998533
0.9987352
0.9953545
0.997313
0.9976504
0.9977629
0.9957301
0.9967598
0.9979887
0.9947875
0.9937916
0.9969697
0.9966969
0.9979847
0.9946422
0.995459
0.9940299
0.9965722
0.9965361
0.9971165
0.9957473
0.996037
0.9961152
0.994382
0.9934815
0.9970655
0.9943653
0.992875
0.9936975
0.9968774
0.995317
0.9966292
0.9951655
0.9945235
0.9960938
0.9967112
0.9957082
0.9965787
0.9923995
0.9936599
0.9928158
0.9926074
0.9945259
0.9944398
0.9963226
0.9927609
0.994931
0.9974055
0.9977537
0.9955423
0.9970631
0.9950137
0.9938995
0.9954626
0.9932625
0.9958292
0.9955774
0.9958313
0.9968168
0.9944134
0.9950787
0.9957701
0.995819
0.9965829
0.9937352
0.9935083
0.9940926
0.9949128
0.9966192
0.9948289
0.9950629
0.9968254
0.9938318
0.9970581
0.9948314
0.9967139
0.9950062
0.9972039
0.9967508
0.9968277
0.9965779
0.9931034
0.996126
0.9954396
0.9948849
0.9946144
0.9948301
0.9964046
0.9972893
0.9960842
0.9961061
0.9968285
0.9946524
0.9962025
0.9965181
0.9955506
0.9933515
0.9948422
0.9968799
0.9957516
0.9989311
0.9949749
0.9948901
0.9980583
0.9958974
0.9980592
0.9953853
0.9925602
0.9982699
0.9974205
0.9985653
0.9962512
0.992854
0.9930283
0.9954937
0.9965278
0.9940219
0.9937947
0.9949622
0.993908
0.9951861
0.9957939
0.9954751
0.997202
0.9975109
0.9927083
0.9954322
0.9962272
0.9956625
0.9945424
0.9992343
0.9937796
0.9980174
0.9948261
0.996482
0.994179
0.9945516
0.9938572
0.9939894
0.9941167
0.9947685
0.9941492
0.9963304
0.9940084
0.9956433
0.9947905
0.9950084
0.9956332
0.9959872
0.9976219
0.9971881
0.9955718
0.9969512
0.9944576
0.9972973
0.9946112
0.9966667
0.9956444
0.9946168
0.9970853
0.9956321
0.9974033
0.9953728
0.9964304
0.9937608
0.9942897
0.9941207
0.9969712
0.9954568
0.9964038
0.9956174
0.9964277
0.9943571
0.9969262
0.9964056
0.9968271
0.9966119
0.9957379
0.9952892
0.9956622
0.9951419
0.9960021
0.9981107
0.9936272
0.9973298
0.9971946
0.9940798
0.9954932
0.995356
0.9956522
0.9954222
0.995407
0.9957992
0.9959428
0.9957637
0.9983099
0.9950905
0.9978462
0.9974611
0.995338
0.9988981
0.9957845
0.9958571
0.9965017
0.9931181
0.9955
0.9952629
0.9932766
0.9977827
0.9969149
0.9955643
0.9985598
0.9968066
0.9973321
0.9983278
0.9900187
0.9958368
0.9958967
0.994882
0.9978395
0.9970646
0.9902948
0.9949288
0.9934379
0.9961953
0.9968265
0.9964196
0.9947718
0.9962144
0.9982869
0.9960754
0.995792
0.9987844
0.9973776
0.9970211
0.9951328
0.996144
0.9950726
0.9933855
0.9933766
0.9940987
0.9953562
0.9961861
0.9944864
0.9919102
0.9942869
0.995275
0.9967559
0.997541
0.9975679
0.9966269
0.9955062
0.9963899
0.995182
0.995602
0.9961009
0.9979215
0.9968847
0.9942768
0.9954203
0.9963532
0.9965717
0.9971362
0.9948187
0.9931303
0.9922565
0.993041
0.9946112
0.9941041
0.995566
0.9952904
0.9971547
0.9943318
0.9947917
0.9968758
0.9946208
0.9973573
0.9951299
0.9968178
0.9953392
0.9976714
0.9962131
0.9958803
0.9954264
0.997561
0.9932468
0.995829
0.9959391
0.995288
0.9950675
0.996133
0.994299
0.9975405
0.997369
0.9963619
0.9970735
0.9980892
0.9955042
0.9950249
0.9975703
0.9922388
0.9975124
0.9959829
0.9941113
0.9977388
0.9984017
0.9974836
0.9985809
1.
0.996729
0.9968471
0.9958953
0.9966069
0.9976426
0.9977896
0.9944704
0.9952921
0.9970142
0.9979406
0.9964596
0.996594
0.9947487
0.9970157
0.9943787
0.9953688
0.9963045
0.9954921
0.9981485
0.9965249
0.9986407
0.9987634
0.9971901
0.9961423
0.9954504
0.9972128
0.996465
0.9963735
0.9930108
0.9936359
0.9940602
0.9951146
0.9958935
0.9974793
0.9948741
0.994615
0.9954717
0.9964553
0.9965768
0.9961005
0.9970047
0.9954313
0.9961717
0.9959979
0.9933352
0.9962984
0.9967751
0.9946063
0.9970462
0.9940781
0.9955357
0.995685
0.996177
0.9959547
0.9922085
0.9938699
0.993471
0.9943793
0.9954931
0.997093
0.997846
0.9964846
0.9949048
0.9953094
0.997043
0.9964969
0.9977784
0.9969896
0.9983236
0.9961538
0.9954472
0.992738
0.9960762
0.9977266
0.9977759
0.9980354
0.9959807
0.996496
0.9965915
0.9951233
0.9951665
0.9976038
0.9965231
0.9953023
0.994976
0.9954184
0.9970972
0.9971564
0.9971401
0.9977057
0.9962134
0.9982487
0.9980383
0.9960128
0.9984244
0.997216
0.9947313
0.9950249
0.9943741
0.9990728
0.9953811
0.9979307
0.9984864
0.9995231
0.9943978
0.9973788
0.9966245
0.9966008
0.995297
0.9964933
0.996171
0.9966262
0.9977794
0.9967885
0.9973669
0.9967267
0.9956076
0.9974026
0.9936306
0.9955239
0.9982095
0.9991853
0.9965934
0.9978858
0.9954887
0.9925972
0.9960703
0.9986601
0.9936
0.993712
0.9944987
0.9958601
0.9949833
0.9959249
0.9952031
0.9946553
0.995475
0.9959106
0.9910714
0.9948564
0.9961913
0.9970706
0.994837
0.9925591
0.9961528
0.9946237
0.9935777
0.9943775
0.9954618
0.9941224
0.997236
0.9962547
0.9951167
0.9949089
0.9970807
0.9945809
0.9935325
0.994152
0.9976366
0.9955334
0.995446
0.9929976
0.9984085
0.9951886
0.9976
0.9965231
0.9958586
0.9972848
0.9983366
0.9978225
0.9949468
0.9954739
0.9969436
0.9926325
0.9983457
0.9955332
0.9960106
0.9935605
0.9963551
0.9957001
0.9952026
0.9954979
0.9968153
0.9947906
0.9955109
0.9931523
0.9963277
0.9957029
0.9975354
0.9977771
0.993992
0.9983435
0.9971897
0.996374
0.9975
0.9947062
0.9985022
0.9976337
0.9986607
0.9964429
0.9960247
0.9965483
0.9995197
0.9977179
0.9959875
0.9949601
0.9960703
0.9952063
0.9951656
0.9954494
0.9969079
0.9944354
0.9960644
0.9946821
0.9919931
0.9945963
0.9961144
0.9928058
0.995173
0.9958117
0.9969944
0.9976461
0.9966937
0.995523
0.9967902
0.9961206
0.9930866
0.9995725
0.9966313
0.9936288
0.9934303
0.9940188
0.9956043
0.9960192
0.9951617
0.9968815
0.9955386
0.9953492
0.9963444
0.997538
0.9955266
0.9976654
0.9955026
0.9950904
0.9951781
0.9950454
0.9950521
0.9979199
0.9971429
0.9961019
0.9951456
0.9971347
0.9952431
0.9979172
0.997414
0.9938915
0.9944767
0.994024
0.9953811
0.9969302
0.9968717
0.9968627
0.9955924
0.9949029
0.9960958
0.9968734
0.9951574
0.9976203
0.9945814
0.9968153
0.9968952
0.9976696
0.9975669
0.9953245
0.9940685
0.995925
0.9958517
0.9971339
0.9956809
0.9955474
0.9958463
0.9966478
0.9963768
0.9918104
0.9930018
0.9946065
0.994182
0.9937749
0.9952547
0.9992351
0.9968178
0.9968932
0.9986235
0.9930616
0.9981943
0.9992498
0.9981949
0.9965242
0.9933155
0.9970169
0.9963708
0.9960616
0.9957746
0.9979723
0.9973448
0.996509
0.9942765
0.9913389
0.992432
0.9936827
0.9949912
0.9963418
0.9943741
0.9924351
0.9920188
0.9964267
0.9944305
0.9969084
0.9937162
0.9930604
0.9951456
0.9954669
0.994122
0.9947205
0.9964218
0.992197
0.9922494
0.9980664
0.9930571
0.9894655
0.9902607
0.9924983
0.9927957
0.9936504
0.9912749
0.9917229
0.9918571
0.9931139
0.9972145
0.9949937
0.9978342
0.9919495
0.9933862
0.9930826
0.9951089
0.996139
0.9941317
0.9921517
0.9941343
0.9958812
0.9957551
0.996524
0.9931718
0.9949946
0.9921909
0.9903926
0.98982
0.9903217
0.995281
0.9952871
0.9947747
0.9943231
0.9932784
0.9911647
0.9956578
0.9949956
0.9937444
0.9949306
0.9932584
0.9953622
0.9937189
0.992837
0.9943845
0.9952284
0.9959839
0.9936894
0.9934952
0.9923631
0.991672
0.9905722
0.9941432
0.9965547
0.995026
0.9910278
0.9914683
0.9918105
0.9946341
0.994891
0.993844
0.9935641
0.9934011
0.9977447
0.9964241
0.9936572
0.9967532
0.9962323
0.9963195
0.9964067
0.9958788
0.9952714
0.9944627
0.9972055
0.9953102
0.9939546
0.9962993
0.9943944
0.9906945
0.9891467
0.9924287
0.9908287
0.9921071
0.991867
0.9918398
0.9912333
0.9923052
0.9940962
0.9946721
0.9957463
0.9939314
0.9918453
0.996565
0.9933993
0.9946092
0.9972463
0.9918591
0.9937888
0.9904128
0.9957567
0.9952094
0.9813261
0.9825052
0.9855573
0.9864739
0.9880745
0.9843901
0.9934864
0.9850288
0.9862381
0.9968535
0.9958432
0.9956676
0.9939582
0.9934221
0.992115
0.9951181
0.9921374
0.9944212
0.9934803
0.9923937
0.9936454
0.9909509
0.9928505
0.9915334
0.9928494
0.9959883
0.980637
0.9806278
0.9804729
0.9955494
0.9946286
0.9953474
0.9936197
0.9944341
0.9833844
0.9944195
0.9950372
0.9928797
0.9943618
0.9923725
0.9946675
0.9892824
0.9934974
0.9931692
0.99472
0.9946262
0.9933164
0.9928759
0.9942564
0.9921923
0.9928338
0.9933385
0.9925846
0.9944376
0.9902144
0.9918736
0.9934115
0.9938395
0.9913909
0.995219
0.9947358
0.9931727
0.9965798
0.9951468
0.9946954
0.9954853
0.9966547
0.99599
0.9960995
0.9971638
0.9962273
0.9957697
0.9947683
0.9953248
0.993765
0.998351
0.9940463
0.9911687
0.9867796
0.9888323
0.9950954
0.9925072
0.9906468
0.9935079
0.9908242
0.992891
0.9941555
0.9946013
0.9956058
0.9935261
0.9937062
0.9976884
0.9944812
0.9956726
0.9959551
0.9909074
0.9943757
0.9889471
0.9944393
0.9931413
0.9844383
0.9860199
0.9876285
0.9880059
0.9910474
0.9877397
0.9922614
0.9881736
0.9899016
0.9955066
0.9970655
0.9961823
0.9943406
0.992702
0.9914369
0.9919369
0.9957348
0.9919133
0.9922534
0.9933013
0.9933036
0.9942034
0.9939811
0.9923585
0.993807
0.9924567
0.9841346
0.9855212
0.9839693
0.9938765
0.9947368
0.993979
0.9939676
0.9936611
0.9857702
0.995024
0.993808
0.9920914
0.9940941
0.99188
0.9935574
0.9952129
0.9934853
0.9915194
0.9925147
0.9915538
0.9934617
0.9912401
0.9958798
0.9935757
0.9943123
0.9917526
0.9938514
0.9950419
0.9914153
0.9902937
0.9917679
0.9955423
0.992066
0.9933001
0.9939921
0.9945046
0.9982043
0.9956808
0.993176
0.9942107
0.9948819
0.9953748
0.994714
0.996871
0.9963262
0.9937569
0.995593
0.9933397
0.9946036
0.9950295
0.9942529
0.9906086
0.9864916
0.9879054
0.9931271
0.9915585
0.9918112
0.9933032
0.9898519
0.9861446
0.9903313
0.9933433
0.9902505
0.9906485
0.9890838
0.9969236
0.9942398
0.9930769
0.9961083
0.9907351
0.9915592
0.9889715
0.9960181
0.9924566
0.9764336
0.9785858
0.981042
0.9832528
0.9895698
0.9803301
0.9882606
0.9838608
0.9861404
0.9945104
0.9926903
0.9948654
0.992448
0.9919401
0.9888857
0.9945087
0.9932472
0.9914359
0.9934426
0.9915823
0.9865252
0.9900947
0.991569
0.9920909
0.9912795
0.9908832
0.9763407
0.9741533
0.9772277
0.9920747
0.9885057
0.9895445
0.9905417
0.9914542
0.9783672
0.990713
0.990848
0.9955144
0.9917879
0.9930131
0.9922112
0.9938929
0.9913068
0.9935963
0.9919177
0.9923021
0.9928509
0.9938894
0.992144
0.9938168
0.989235
0.9913031
0.9933343
0.990597
0.992866
0.9873107
0.9908088
0.992284
0.9928006
0.994955
0.9948643
0.9954836
0.9987902
0.9968546
0.9921964
0.9993065
0.9969121
0.9972209
0.9959313
0.9938312
0.9967148
0.9956303
0.9963159
0.9972696
0.9957787
0.9956102
0.9953142
0.9890141
0.9912466
0.9931645
0.9899966
0.9953086
0.9917788
0.9905549
0.9920709
0.9908558
0.9937649
0.9943547
0.9943081
0.9906233
0.9909502
0.9948231
0.9962971
0.9941375
0.9974895
0.9926573
0.9911316
0.990566
0.9956934
0.9935023
0.9846671
0.9823419
0.9851924
0.9855991
0.9890645
0.9857209
0.9931618
0.9864194
0.987191
0.9937041
0.9968434
0.9964413
0.9936575
0.9906003
0.9927043
0.9925373
0.991391
0.9931607
0.9938111
0.9939818
0.9908661
0.9953504
0.9921645
0.9925999
0.9964233
0.9938342
0.9844871
0.9846252
0.9828929
0.9958152
0.9930668
0.9947883
0.9941224
0.9926865
0.9844777
0.9910219
0.9942987
0.9913434
0.991257
0.9928238
0.9915744
0.9917073
0.9938282
0.9916416
0.9946173
0.9904968
0.9928058
0.9941568
0.99397
0.9943928
0.9946131
0.9936616
0.9917262
0.9918726
0.9963906
0.9954994
0.9959858
0.9965996
0.9969231
0.9975263
0.9932757
0.9986658
0.9977753
0.9957547
0.9966234
0.9979889
0.9984076
0.9984932
0.9980971
0.9964013
0.9964238
0.9977837
0.9985149
0.9985493
0.9958621
0.9955157
0.9970514
0.9973079
0.996243
0.9970965
0.9960068
0.9953373
0.996063
0.9989251
0.9970979
0.9959989
0.9955371
0.9964539
0.9967614
0.9957687
0.9968045
0.9969789
0.9968442
0.9987959
0.99796
0.9958968
0.9958059
0.9969543
0.996119
0.9960988
0.9948796
0.9947819
0.995711
0.9957132
0.9961567
0.9951061
0.9979167
0.9949896
0.9954969
0.9959167
0.9954545
0.99837
0.9979188
0.9946879
0.9971547
0.9970494
0.9966915
0.9955614
0.9984359
0.9968726
0.9966128
0.9956733
0.9973877
0.9973545
0.9968627
0.997666
0.9955225
0.9945309
0.9954943
0.9964001
0.9969207
0.9986949
0.9973788
0.9968831
0.9955644
0.9973924
0.9966013
0.9962254
0.9970807
0.9942904
0.9968051
0.9947984
0.9976623
0.9961977
0.9958632
0.9956792
0.9961853
0.9963608
0.9960754
0.997201
0.9973774
0.997921
0.9963777
0.9958442
0.9992821
1.
0.9970752
0.9992636
0.9987675
0.9983437
0.9991376
1.
1.
0.9984663
0.9993417
0.9982877
1.
1.
1.
0.9985775
1.
1.
0.999166
0.9983949
0.9985283
1.
1.
0.9990037
0.998744
0.9984926
0.9996291
0.9979201
0.9973106
0.9984756
1.
0.9996281
0.9995703
1.
0.9994908
0.9980737
0.9985694
0.997328
0.9947399
0.9992003
0.9981595
0.9996157
0.9988124
0.999514
0.9986693
0.9996706
0.9988651
0.9993977
0.9991424
0.9989071
0.9985041
0.9989043
0.9966833
0.9985198
0.9985397
0.9969344
1.
0.999388
0.9996697
0.9993243
0.9990167
0.9993137
0.9996448
0.9996692
0.9983411
0.9993386
0.9993391
1.
0.997006
0.9996628
0.9990037
0.9983536
0.9993152
0.9994885
0.9994731
0.999025
0.9993515
0.9980047
0.9983317
0.9990119
0.9990208
0.9980106
0.9986715
0.9986188
0.9983057
0.9989558
0.9979585
0.9990128
0.9990109
0.9975576
0.9985785
0.998963
0.9985999
0.9993412
0.997005
0.9983938
0.9993329
0.9980178
0.9980328
1.
0.9920659
0.9924692
0.9889446
0.9945248
0.9944146
0.9939759
0.9947034
0.9949782
0.9985285
0.9981198
0.939441
0.9980485
0.995681
0.9958101
0.9937568
0.9960702
0.9968701
0.9950559
0.9966777
0.9964471
0.9989421
0.996866
0.9977347
0.9924941
0.9910279
0.9936953
0.9921275
0.9952183
0.9928695
0.9935883
0.9938736
0.9925138
0.9938598
0.9950102
0.9940408
0.996189
0.9925475
0.9964204
0.9990338
0.9961288
0.9972813
0.9931905
0.9922686
0.9902748
0.9974483
0.9404346
0.9867112
0.9880823
0.989249
0.989216
0.9913522
0.9877403
0.9243979
0.9884325
0.9888825
0.9940535
0.9914957
0.9923039
0.9444444
0.9900619
0.8948961
0.9710983
0.9880263
0.9443906
0.9298073
0.9355469
0.9684011
0.9916524
0.9540385
0.9910163
0.9178109
0.9378158
0.987552
0.9865629
0.9862631
0.9298075
0.9371142
0.9220856
0.9352433
0.9455704
0.9881104
0.9875442
0.9305938
0.9607652
0.9675686
0.962615
0.9649123
0.9696513
0.9453351
0.9609651
0.9884215
0.9735674
0.9908344
0.9404462
0.9225282
0.9695054
0.9496514
0.9461182
0.8151351
0.9862785
0.9909827
0.9935939
0.9931141
0.9933386
0.9931592
0.9948068
0.9959763
0.9940945
0.9982317
0.9946033
0.9813433
0.9994426
0.9974101
0.9958054
0.9956604
0.9965924
0.9973904
0.9942649
0.9977852
0.99369
0.9957503
0.9950236
0.9949469
0.9905941
0.9921334
0.9912157
0.9903315
0.9943773
0.9954702
0.9933517
0.991573
0.9893196
0.9938546
0.9954618
0.9956482
0.9920355
0.9920828
0.9971867
0.9966069
0.9926335
0.9972786
0.993185
0.996146
0.9913594
0.9969333
0.9851218
0.9862402
0.9861592
0.9886566
0.989322
0.9920755
0.9892618
0.9867882
0.989623
0.9905988
0.9940476
0.9917397
0.9910425
0.9886785
0.9917572
0.986484
0.990732
0.9874299
0.9871628
0.9873394
0.9854694
0.9931621
0.9872235
0.9914641
0.9893058
0.9822064
0.9896411
0.9854959
0.9837425
0.9843204
0.9887847
0.9858169
0.9860022
0.9854042
0.9870106
0.9877668
0.9111645
0.984302
0.9905123
0.9904225
0.9902765
0.9900226
0.9902015
0.9854965
0.988341
0.98567
0.9899297
0.9910203
0.9870082
0.9865722
0.9881235
0.9869159
0.9858657
0.983856
0.7063699
0.9956612
0.9964657
0.9970703
0.9958617
0.996134
0.9931752
0.9983306
0.9947239
0.9975816
0.9949367
0.9948649
0.9989172
0.9971231
0.9945652
0.9928131
0.9980797
0.9956979
0.9952539
0.9967966
0.9953076
0.9990186
0.9995227
0.9959605
0.9957247
0.9946121
0.9952285
0.9940405
0.9934811
0.9965588
0.9981096
0.9944738
0.9937276
0.9949866
0.9932534
0.9977255
0.9960589
0.9948496
0.9958544
0.9974927
0.9949463
0.9973981
0.9966371
0.9978132
0.9951812
0.9977054
0.9975722
0.9936643
0.9942999
0.9966222
0.995419
0.9967262
0.9948429
0.9956616
0.9958082
0.9958548
0.9943527
0.9956083
0.992599
0.994577
0.9911333
0.9967751
0.9955295
0.991633
0.9940234
0.9972885
0.9967506
0.996209
0.9952153
0.9951034
0.9903074
0.9956486
0.9983849
0.993298
0.9929006
0.9927471
0.9959936
0.9968026
0.9945534
0.9934372
0.9954066
0.9954606
0.9962029
0.9967409
0.9946629
0.9966878
0.9963298
0.9963999
0.9918721
0.9948593
0.9957591
0.9916378
0.9946569
0.9931741
0.9970318
0.993733
0.9939057
0.9926068
0.9951272
0.9967768
0.996495
0.9960865
0.9947043
0.9946328
0.9938035
0.9948603
0.9961278
0.9943258
0.9986048
0.9994012
0.9984962
0.9973133
0.9962264
0.9948483
0.9994629
0.9959329
0.9971347
0.9976292
0.9981185
0.9994712
0.9963787
0.9970689
0.9976236
0.9964318
0.9938061
0.9920276
0.9952441
0.9958519
0.9967648
0.9941621
0.9962307
0.9965017
0.990749
0.9976767
0.991028
0.9984923
0.9966922
0.9981569
0.9990872
0.9975062
0.994967
0.9982766
0.995733
0.9950078
0.9968711
0.9968037
0.9962315
0.9932117
0.994492
0.9955901
0.9959193
0.9974225
0.9949803
0.9956768
0.9959664
0.9956319
0.9969841
0.9965096
0.9961173
0.9954104
0.995878
0.9943624
0.9949861
0.9939776
0.9956757
0.9943089
0.9943197
0.9956803
0.9977622
0.9948482
0.9972595
0.9940282
0.9962366
0.9943196
0.9924228
0.9933023
0.9968085
0.9954799
0.9956628
0.9945563
0.997043
0.9951945
0.9954017
0.9964808
0.9958065
0.9986275
0.9974712
0.9969664
0.9954264
0.9978495
0.9940745
0.9962825
0.9966443
0.9966111
0.9975813
0.9951193
0.9928628
0.9967391
0.9956862
0.996788
0.9959677
0.9905542
0.9913936
0.9885612
0.9945133
0.9956961
0.9950281
0.9926959
0.993379
0.9993764
0.9971639
0.9913876
0.9994114
0.9975654
0.9958665
0.9988601
0.9972437
0.9967033
0.9961686
0.9964892
0.9956685
0.9969274
0.9966988
0.9960244
0.9883439
0.9895969
0.9931085
0.9926395
0.9958874
0.9923303
0.994495
0.9901818
0.9946874
0.9920389
0.9943033
0.9937635
0.9949678
0.9937402
0.997043
0.9974619
0.996608
0.9963627
0.9933347
0.9936562
0.9933386
0.9967768
0.9921546
0.9863556
0.9875728
0.9890924
0.9896446
0.9935417
0.9898143
0.9911691
0.9887074
0.9884653
0.9955833
0.9947617
0.9947984
0.9921426
0.991061
0.9894817
0.9917712
0.9922109
0.9917482
0.9930942
0.9900077
0.9905932
0.9939096
0.989792
0.9938045
0.988816
0.9915838
0.9879809
0.9865472
0.985737
0.9931741
0.9924185
0.9903717
0.990546
0.9915789
0.9881541
0.9917451
0.9892079
0.9905549
0.9890838
0.992502
0.9886652
0.9925473
0.9888633
0.9881023
0.9904
0.991342
0.9922803
0.9890616
0.988621
0.9888448
0.9919044
0.9892452
0.9902579
0.9919709
0.9938374
0.9906601
0.9923677
0.9950038
0.9932872
0.9936735
0.9941727
0.9944266
0.9982783
0.9965834
0.9767785
0.9980952
0.9969144
0.9959106
0.9965627
0.9959016
0.9954035
0.9979706
0.9967568
0.9938453
0.9963721
0.9951407
0.9940682
0.9885396
0.9883232
0.9910066
0.9910905
0.9920115
0.9921477
0.994843
0.9906607
0.9932262
0.9945991
0.994437
0.9918937
0.9953327
0.9918895
0.9970007
0.9969187
0.9943854
0.9968538
0.992912
0.9942139
0.9940819
0.996001
0.978461
0.9834662
0.9851913
0.985491
0.9882783
0.9926827
0.9886855
0.9627201
0.9882553
0.991077
0.9956416
0.9892051
0.9914883
0.9740789
0.9900369
0.9633079
0.9719697
0.9918638
0.9795392
0.972506
0.9675615
0.9825528
0.990848
0.9761023
0.9889278
0.9709497
0.9748985
0.9851758
0.9832075
0.9843322
0.9832727
0.9816263
0.9649682
0.9731844
0.9741268
0.9865769
0.990146
0.9761023
0.9638139
0.9710199
0.9580352
0.9690157
0.972623
0.971831
0.9733079
0.9884229
0.9771137
0.9915541
0.971079
0.9626431
0.9688645
0.9735568
0.975425
0.9673591
0.991467
0.9963511
0.9970081
0.9974444
0.9946792
0.9962329
0.9975912
0.9975071
0.9966216
0.9993207
0.9988877
0.9971623
0.9957755
0.9987147
0.996988
0.9988732
0.999474
0.9963332
0.9984448
0.998818
0.9976985
0.9983801
0.9963235
0.9980469
0.9964421
0.9961909
0.9973726
0.9984306
0.9965434
0.9963249
0.9959267
0.9963197
0.9965332
0.9964438
0.9971933
0.9955065
0.9943832
0.9970085
0.997991
0.9972826
0.9976589
0.9971711
0.9974102
0.9983433
0.9984796
0.998497
0.998582
0.9969268
0.9966956
0.9966855
0.9966757
0.9981621
0.9971845
0.9965783
0.9968115
0.9966114
0.9914773
0.9966587
0.9952808
0.9962963
0.9985511
0.9980232
0.997943
0.9972736
0.9977208
0.9982891
0.9905363
0.9980085
0.9952508
0.997142
0.9979734
0.9962804
0.9971639
0.9967277
0.9961764
0.9961203
0.9952207
0.9969179
0.9965665
0.9971314
0.9965919
0.9964975
0.9985759
0.9965685
0.9991153
0.9982578
0.9973222
0.998544
0.9980164
0.9974439
0.9982148
0.997882
0.9988187
0.9988063
0.9940188
0.9980006
0.9972238
0.9979925
0.9960148
0.9949037
0.9937411
0.9928189
0.993745
0.9925811
0.9937206
0.9954404
0.9922788
0.991688
0.9931988
0.9973373
0.9956757
0.9442077
0.9971989
0.9968236
0.9941011
0.992635
0.9955275
0.9942257
0.9939869
0.9955481
0.9964335
0.9952038
0.9952744
0.9956973
0.9934241
0.987013
0.9854867
0.9901127
0.9935255
0.9921926
0.9919466
0.9924442
0.9906986
0.995335
0.9952229
0.9905399
0.9952599
0.9926852
0.9953763
0.9973294
0.9942682
0.9965252
0.9907389
0.9949125
0.9922804
0.9948652
0.9571128
0.9842191
0.9853106
0.9861777
0.9876825
0.9920734
0.9879199
0.93222
0.9884792
0.9892906
0.9920279
0.9917189
0.9900125
0.9333203
0.9881334
0.8236814
0.9753751
0.9874055
0.9477149
0.9346546
0.9386958
0.9758945
0.9864245
0.9512855
0.9892857
0.9186603
0.944638
0.9840896
0.9819781
0.9825932
0.9546839
0.946521
0.9175649
0.9371563
0.9488812
0.9869182
0.9842932
0.9393939
0.9575972
0.9626909
0.9549229
0.9701923
0.9672286
0.936951
0.9739755
0.9879985
0.9727009
0.9890679
0.9319741
0.9259406
0.9734448
0.9515504
0.9400195
0.933047
0.9869961
0.9948734
0.9936202
0.9899293
0.9943753
0.9948947
0.9982975
0.9954228
0.9966307
0.9972376
0.9972098
0.9557036
0.9950596
0.9973078
0.9965187
0.9963463
0.9967427
0.9983801
0.997039
0.9939429
0.996025
0.9961486
0.9967506
0.9963466
0.9936174
0.9874112
0.9940828
0.991911
0.9933562
0.9951144
0.9959925
0.9942652
0.9941402
0.9923597
0.9957914
0.996934
0.9965769
0.9928594
0.9952267
0.9957404
0.9945435
0.9971867
0.9948623
0.9939432
0.9922907
0.9933652
0.9581295
0.988096
0.9895408
0.9887474
0.9899827
0.9905121
0.9893038
0.9331325
0.9897664
0.9884814
0.9961627
0.9935417
0.9946181
0.958268
0.9942529
0.9582683
0.9048822
0.9905063
0.9637144
0.94093
0.9437488
0.970964
0.9892662
0.9638531
0.993295
0.9488501
0.955721
0.9892592
0.988891
0.9894979
0.9625048
0.9599381
0.9523715
0.96518
0.9382101
0.9890894
0.9885714
0.9517691
0.8417057
0.8936709
0.8290249
0.8875425
0.9724311
0.9601562
0.9102618
0.9842849
0.9499696
0.9905901
0.9470146
0.9396
0.9683206
0.9600787
0.9585046
0.9422011
0.9893839
0.9922895
0.9938833
0.9950205
0.9936851
0.9939538
0.9937121
0.9966873
0.9935971
0.9981221
0.9971575
0.9898253
0.9988194
0.9954142
0.9949645
0.995702
0.9969605
0.9972482
0.9939527
0.9982436
0.9973996
0.9932565
0.9966915
0.9922687
0.9919238
0.991553
0.992
0.9924211
0.992823
0.9929991
0.9910972
0.9921861
0.9932363
0.9951413
0.9923755
0.9927833
0.992423
0.9929434
0.9948704
0.9933606
0.9959626
0.9953088
0.9958377
0.9944974
0.9939692
0.9978489
0.9896254
0.9861495
0.9863791
0.9884958
0.9903951
0.9920336
0.9896805
0.9909615
0.9907661
0.9907966
0.994789
0.9913089
0.992161
0.9898038
0.9859155
0.9884969
0.9859878
0.9515088
0.9878449
0.9911453
0.9868726
0.992129
0.9867222
0.9895813
0.9859293
0.9915254
0.988276
0.9868786
0.9870653
0.987314
0.9902876
0.9879886
0.9897723
0.9889685
0.9876852
0.9884281
0.9829325
0.9878237
0.9825189
0.9866928
0.9846644
0.9846728
0.9902168
0.9863119
0.9870775
0.9440603
0.9887374
0.9649766
0.9867078
0.9893843
0.990739
0.9895511
0.9870856
0.9869482
0.9867206
0.9975821
0.9959034
0.9969114
0.9948468
0.9968944
0.9971901
0.9971014
0.9989896
0.9988701
0.9966539
0.9968595
0.9979581
0.9978413
0.9953964
0.9985528
0.9990905
0.9990962
0.995045
0.9979889
0.9965585
0.9972067
0.9981868
0.9970137
0.9972911
0.9964301
0.9968308
0.9974145
0.998436
0.9986781
0.9978245
0.9956087
0.9939341
0.9967856
0.9960559
0.9985476
0.9955393
0.9971882
0.9973776
0.9996019
0.9957343
0.9966915
0.9994107
0.9966777
0.9961153
0.9973822
0.9931651
0.9951179
0.9959129
0.9957869
0.9947421
0.9956811
0.9949398
0.9968471
0.9952468
0.9951204
0.9971098
0.9962375
0.9942005
0.9944751
0.9949143
0.994774
0.9981091
0.9963849
0.9960547
0.9952557
0.9957928
0.9971129
0.9983687
0.9965744
0.9962627
0.9957795
0.9955474
0.9960811
0.9957603
0.9955482
0.996112
0.9955981
0.996308
0.9965627
0.9958071
0.9957762
0.9978986
0.9947202
0.995102
0.9970572
0.9964442
0.995971
0.9968611
0.9944853
0.9997271
0.9969444
0.9961905
0.9978058
0.9950157
0.9933897
0.9979503
0.994166
0.9965906
0.9958257
0.9971242
1.
0.9984659
0.9979856
0.99783
0.9967768
0.9975669
0.9995786
0.9982047
1.
0.9963072
0.9967564
0.998362
1.
0.9991823
1.
1.
0.997962
1.
1.
1.
1.
1.
1.
0.998278
0.9995046
0.9994071
0.9989079
0.9995937
0.9995631
0.9985156
0.9994074
0.9992703
0.9995798
0.9985416
1.
0.9992876
0.9981154
0.9987113
0.9971719
0.9996086
1.
0.9977358
0.9988368
0.9992801
0.9987147
0.9974043
0.9989027
0.9992071
0.9989293
0.9984043
0.9988167
0.9988512
0.9990244
0.9984162
0.998315
1.
0.9987945
0.9982196
0.9977236
0.998006
0.999678
0.9993259
0.9989532
0.9990241
0.9983697
0.9996751
0.9993504
0.9986395
0.9986945
0.9986737
0.9996738
0.9980576
0.9988599
0.9990065
0.9990643
0.9990415
0.9996813
0.9986937
0.9993449
0.997731
0.9987402
0.9990234
0.9993477
0.9993223
0.999002
0.9989747
0.9993324
0.9996768
0.9983787
0.999316
0.9986048
0.9993213
0.9986254
0.9987042
0.9996738
0.999053
0.9986881
0.9977265
0.9983892
0.9993536
0.9988208
0.9989804
0.9994269
0.9989201
0.9983974
0.9987898
0.9978983
0.9977649
0.9980769
0.9978038
0.9983861
1.
0.997331
1.
1.
0.9979564
1.
0.9979973
0.998414
1.
0.9978888
0.9986468
0.9993827
0.9995098
0.9992585
0.999113
0.9992748
0.9991903
0.999565
0.9990157
0.9985216
0.9989091
0.9995816
0.9990329
0.9990128
0.9988149
0.9978843
0.9974359
0.9994388
1.
0.99941
0.9992492
0.999614
0.9983225
1.
0.9954634
0.9985133
0.9984133
0.998608
0.9984888
0.9986478
0.9983036
0.998703
0.9987337
0.9980383
0.9988214
0.9994012
0.9994107
0.9983803
0.9993384
0.9983933
0.9979818
0.9968641
0.9967501
0.9964181
0.9996762
0.9996764
0.9979647
0.9973941
0.9990089
0.9977199
0.9974169
0.9985748
0.9983246
0.9985962
0.9993633
0.9990464
0.9993494
0.9996736
0.998062
0.9984666
0.9977258
0.9993498
0.9996624
0.9990053
0.9982958
0.9990017
0.9993555
0.9980601
0.9993183
0.9968663
0.9983074
0.9982871
0.9980614
0.9977199
0.9984257
0.9973813
0.9990301
0.9996793
0.9990332
0.9991211
0.9966848
0.9978914
0.9980551
0.9978602
0.9989243
0.9988852
0.9988231
1.
0.9970131
0.9994137
1.
0.9993036
0.998703
1.
0.9971847
0.9994426
0.9994475
0.9993639
0.9987647
0.999423
0.9983212
0.9979242
0.9954254
0.9993113
0.9991874
0.9973873
0.9985601
0.9984651
0.9978623
0.9975597
0.9990196
0.9974016
0.9987379
0.9957045
0.9982324
0.9997813
0.9994661
0.9971251
0.9975601
0.9995012
0.9979798
0.9972357
0.9979915
0.9989339
0.997943
0.9980734
0.9979917
0.9977413
0.9973334
0.9981839
0.9975836
0.9985264
0.9973271
0.9971024
0.998005
0.9984833
0.998004
0.9991174
0.9984985
0.9973669
0.9978672
0.9974851
0.9976394
0.9988194
0.9991166
0.9988225
0.9993869
0.9979296
0.998801
0.9991135
0.99824
0.9980778
0.997775
0.9981733
0.9973868
0.9982624
0.9973349
0.9964318
0.9973553
0.997696
0.9970458
0.998522
0.9978567
0.9984958
0.999384
0.9984908
0.9988273
0.9991192
0.9972196
0.9987449
0.9972393
0.9990715
0.998532
0.9964444
0.9982783
0.9994067
0.9985298
0.9961944
0.9973584
0.9997647
0.9979618
0.9977077
0.9989224
0.9988014
0.9995979
0.9987432
0.9991095
1.
0.9992722
1.
1.
0.9991166
0.9983845
1.
0.9993225
0.9986568
1.
1.
1.
0.9985994
0.9993266
1.
0.9987754
0.9990126
0.9994099
0.9996383
1.
0.9991319
0.9985272
0.9997052
0.9992746
0.9995826
0.9971014
0.9985229
0.9997635
0.9988274
0.9993627
1.
0.9976617
0.9982343
0.998876
0.9996149
0.9978453
0.9974522
0.9993557
0.999045
0.9988791
0.9988226
0.9979563
0.9977447
0.99866
0.9993532
0.9984697
0.9984164
0.9994131
0.9994033
1.
0.9987072
0.9993397
0.9996797
0.9983221
0.9982639
0.9987051
0.9990276
0.9987059
0.9980589
0.9993239
0.9993511
0.9980198
0.99805
0.9990347
0.999117
0.9987513
0.9987136
0.9996823
0.9990482
0.9987005
0.9990222
0.9993561
0.9988391
0.9987042
0.9996756
0.9989885
0.9983444
0.9993204
0.9986711
0.9990347
0.9990329
1.
0.9982651
0.9989872
0.9982906
1.
0.9987009
0.9993721
0.9980411
0.9990319
1.
0.9983907
0.991382
0.9947429
0.9925558
0.9904588
0.9955042
0.9931064
0.9936222
0.9934166
0.9978308
0.9983122
0.9547967
0.9929433
0.9945471
0.9947183
0.9951718
0.9956128
0.9959039
0.9948285
0.9947629
0.994835
0.9977827
0.9956236
0.9955216
0.9908316
0.9904562
0.9916832
0.9883555
0.9928741
0.9948534
0.9933302
0.990409
0.9895791
0.9938529
0.9936246
0.9945199
0.9938843
0.9906177
0.9949157
0.9962121
0.9957788
0.9943094
0.9914885
0.9939012
0.9898542
0.9949211
0.9576522
0.9859623
0.9874752
0.9888154
0.990645
0.9930357
0.9886361
0.9425195
0.9891474
0.9896394
0.9893506
0.9898013
0.9945722
0.9586125
0.9879728
0.9451619
0.9429681
0.9884301
0.9689453
0.9591474
0.9521825
0.9639145
0.9895936
0.9646365
0.9871994
0.9457783
0.9539889
0.9870553
0.9842483
0.9853515
0.9686835
0.958057
0.9468213
0.9563232
0.9535481
0.9878662
0.9861671
0.9518695
0.9015555
0.9339198
0.9179671
0.9383422
0.9696557
0.9553801
0.9309985
0.9878292
0.9364031
0.988333
0.94288
0.9485133
0.9714778
0.9604352
0.95844
0.9557609
0.9885452
0.9883262
0.9935601
0.9930617
0.9924674
0.995481
0.9948119
0.99603
0.9940693
0.996875
0.9954558
0.9877089
0.99557
0.9942002
0.9958678
0.9942759
0.9928038
0.9958769
0.9931394
0.9953148
0.9959596
0.9958065
0.9966997
0.9933581
0.988182
0.990091
0.9914639
0.9895428
0.9930556
0.9921047
0.9920844
0.99165
0.9901498
0.9944861
0.9938272
0.9932821
0.9924338
0.9902653
0.9965044
0.9949122
0.9942639
0.995581
0.9937552
0.9910979
0.9896546
0.9959688
0.9832079
0.9844974
0.9855869
0.9881622
0.9908806
0.9951508
0.9895513
0.9876733
0.9903873
0.9910652
0.9961059
0.9878724
0.9900731
0.9857308
0.9855441
0.9830672
0.986412
0.9674714
0.9855212
0.9853112
0.9863093
0.9894312
0.9833267
0.9874542
0.9883223
0.9856894
0.986741
0.9833474
0.981835
0.9830745
0.9891511
0.9862726
0.9858828
0.9840808
0.9838025
0.9871072
0.9862987
0.9884304
0.9853668
0.9827417
0.9873091
0.9837031
0.9882962
0.9876994
0.9893069
0.9546584
0.9889568
0.9669304
0.9810482
0.985297
0.9878903
0.9876137
0.984176
0.9869707
0.9865488
0.9948829
0.991822
0.9911956
0.9957975
0.99576
0.9942455
0.9917085
0.9955147
0.9981668
0.9983333
0.9903573
0.992158
0.99642
0.9965308
0.9952328
0.9964817
0.9981157
0.995971
0.9971347
0.9971735
0.995059
0.9956768
0.996358
0.9912197
0.9918204
0.9913886
0.9935549
0.9925118
0.9931203
0.9936381
0.989398
0.9929364
0.9919408
0.9908622
0.9926783
0.9925152
0.9908399
0.9952419
0.997006
0.9947677
0.9956588
0.9915673
0.9937487
0.9918303
0.9968363
0.9907337
0.9863873
0.9870147
0.988983
0.9914326
0.9921308
0.9889126
0.992622
0.9905307
0.9915878
0.9943792
0.9953728
0.9948914
0.9903372
0.9915677
0.9892392
0.9887553
0.971865
0.9910934
0.9901272
0.9916698
0.9935776
0.9869243
0.9891594
0.9884771
0.9876167
0.9884492
0.9872907
0.9864905
0.9865818
0.98758
0.9900619
0.9895397
0.9900952
0.9895912
0.9875495
0.9897494
0.9880046
0.9861571
0.9874783
0.9884698
0.9862775
0.9888321
0.9892025
0.9810912
0.9766047
0.9829712
0.9162117
0.9895892
0.988195
0.9908735
0.9910527
0.9901534
0.989434
0.987301
0.9920514
0.9918072
0.9931046
0.9962825
0.9916823
0.9952163
0.9955433
0.9940841
0.9976352
0.9954066
0.9089454
0.9960762
0.9947947
0.9977622
0.9937364
0.9963216
0.9989556
0.9971347
0.9949917
0.998632
0.9976089
0.9965933
0.99213
0.9904239
0.991488
0.9931519
0.9942913
0.9968789
0.9945934
0.9958763
0.9929775
0.992098
0.9946978
0.9949966
0.9933303
0.9949541
0.9937605
0.9925335
0.9968439
0.9948875
0.9962779
0.9943854
0.9959358
0.9941457
0.9935766
0.9256703
0.9882116
0.9894958
0.990093
0.9894
0.9915642
0.9906474
0.9193003
0.9894436
0.9893395
0.9930348
0.995
0.9912762
0.9434951
0.9900395
0.9336715
0.9672417
0.9907336
0.933281
0.9181275
0.9255088
0.9645984
0.9902894
0.9565468
0.988149
0.9182616
0.9286977
0.9891589
0.9877583
0.9884165
0.962011
0.960877
0.9331367
0.9423716
0.9089271
0.9884447
0.9909006
0.9365079
0.9600626
0.9639066
0.9641528
0.9666281
0.9686082
0.9470429
0.9620974
0.9901525
0.9723136
0.9908134
0.9370002
0.9323101
0.9678985
0.9458512
0.9498554
0.9330732
0.987565
0.9905835
0.9917342
0.993389
0.9910537
0.993914
0.9960059
0.996568
0.9949036
0.9960879
0.9983593
0.9879992
0.9968714
0.9973623
0.9934379
0.9941973
0.9930463
0.9941443
0.9955003
0.9968979
0.9949819
0.996762
0.9927942
0.9933145
0.9924147
0.9894854
0.9948673
0.9910162
0.993453
0.9923229
0.9941901
0.9918367
0.9932176
0.9942035
0.9956272
0.9932448
0.9947563
0.9918512
0.9974012
0.9948225
0.9950372
0.9954683
0.9933022
0.9938221
0.9900156
0.9958398
0.9902658
0.9856735
0.9863214
0.9892563
0.9909378
0.9937776
0.9889553
0.9816462
0.9893783
0.9901733
0.9919212
0.9908374
0.9954706
0.9883546
0.9856979
0.9908616
0.9933181
0.9914213
0.9917557
0.9894737
0.9858704
0.9917618
0.9870681
0.9917417
0.9857116
0.9879405
0.987814
0.9873103
0.9860463
0.9855056
0.9920282
0.9881019
0.9926843
0.9917215
0.9885661
0.9881349
0.9896694
0.9875613
0.9915596
0.989924
0.9907425
0.988361
0.9919716
0.9878003
0.9920987
0.9886652
0.9921335
0.9918856
0.9872348
0.9883217
0.9898524
0.9888637
0.9874131
0.9853796
0.9843897
0.991774
0.9949569
0.9942207
0.9925926
0.9949228
0.9953301
0.9941406
0.9950794
0.9960366
0.9972299
0.9733461
0.9988506
0.9970309
0.9988509
0.9952514
0.9975761
0.997047
0.9975955
0.9971461
0.9957711
0.9972715
0.9943396
0.9968912
0.9893074
0.9923225
0.9933917
0.9925613
0.9948925
0.9929188
0.9948393
0.9942918
0.9913324
0.9934952
0.9972151
0.9962468
0.9947213
0.9930437
0.9952594
0.9965174
0.9935228
0.9969504
0.9944785
0.9937669
0.9905823
0.9968479
0.9737246
0.9870996
0.987257
0.9884712
0.9912485
0.9915152
0.9907547
0.9702989
0.9886295
0.9897268
0.9918326
0.9922919
0.9933724
0.9685328
0.9923606
0.9702666
0.9282787
0.9913488
0.977982
0.9692694
0.9732744
0.9770203
0.9922556
0.9800957
0.9919832
0.9662398
0.9729626
0.9871857
0.9858382
0.986784
0.9710034
0.972016
0.9732074
0.9737452
0.9705769
0.9886039
0.9909228
0.9704405
0.9363525
0.9506173
0.9388673
0.9523904
0.9829092
0.9809524
0.9033827
0.9875715
0.8352336
0.9823009
0.9659969
0.9646327
0.9837231
0.9749228
0.9809415
0.9714614
0.9913387
0.9937265
0.9938954
0.99199
0.9920619
0.9950516
0.9950324
0.9953683
0.9915448
0.9978166
0.9937464
0.9607882
0.9988235
0.9975684
0.9973498
0.99629
0.9961411
0.9986305
0.9964471
0.9959064
0.9974086
0.9963707
0.996978
0.9968254
0.9899855
0.9918963
0.9936606
0.9922338
0.9928416
0.9939244
0.9959408
0.9914716
0.9905699
0.9922686
0.9952618
0.9949737
0.9924374
0.9931142
0.9978535
0.9961919
0.9949077
0.9955844
0.9943867
0.9936615
0.9911041
0.9946222
0.9634218
0.9876039
0.986807
0.989687
0.9895112
0.9928167
0.9900784
0.9635396
0.9892944
0.9901685
0.9948052
0.9963427
0.9932345
0.9569956
0.9879236
0.970405
0.9198826
0.9916134
0.9635324
0.9683818
0.966195
0.9724663
0.9905456
0.9713894
0.9897047
0.9646873
0.9616217
0.9882841
0.9868503
0.9877405
0.9733385
0.967792
0.967126
0.9654219
0.9550139
0.9890545
0.9896194
0.9677483
0.929078
0.9438339
0.9282718
0.9378589
0.9789046
0.9672742
0.8829834
0.9885886
0.8896104
0.9846552
0.9613869
0.9587302
0.982316
0.9666338
0.9704848
0.969815
0.9912063
0.9945525
0.9947627
0.9948926
0.9917255
0.9953122
0.996153
0.9960707
0.9941323
0.9978462
0.9977629
0.9639587
0.9982568
0.9948872
0.9950466
0.9966188
0.9967338
0.9975616
0.9956757
0.9959584
0.9960137
0.9972444
0.9953779
0.99344
0.9919962
0.990166
0.9913545
0.9941367
0.9948531
0.9953271
0.9938432
0.9947963
0.9951456
0.9916813
0.9955462
0.9938345
0.993749
0.9953474
0.9957481
0.9967378
0.9949548
0.9974366
0.9929854
0.9937199
0.9921198
0.9960191
0.9667574
0.9872186
0.9886168
0.987918
0.9894966
0.9916417
0.9881685
0.9429938
0.9888992
0.9890622
0.9935716
0.9927424
0.993052
0.9563422
0.9913378
0.9538944
0.9188177
0.985259
0.9690842
0.9574887
0.9575472
0.9532452
0.988256
0.9676224
0.9917339
0.9466561
0.9647791
0.9890922
0.9873038
0.9888784
0.9638368
0.9698483
0.9499901
0.9608345
0.9549921
0.9883262
0.9900915
0.9527107
0.8612272
0.9219361
0.8381425
0.9275154
0.9757412
0.963122
0.9306622
0.9816147
0.9391019
0.9891817
0.9602973
0.9403284
0.9733638
0.9661117
0.9582189
0.9561644
0.9895556
0.9913698
0.993576
0.9925439
0.9957516
0.9933362
0.9961265
0.9953806
0.9931741
0.9978247
0.9968935
0.9896789
0.9952941
0.9969697
0.996181
0.9940137
0.9950495
0.9964432
0.9956379
0.9956281
0.9965537
0.9949847
0.9964384
0.9947146
0.9911433
0.992238
0.9947644
0.9945077
0.9930781
0.9914511
0.9940363
0.9914901
0.9916241
0.9953877
0.9912239
0.9945081
0.9940336
0.9945406
0.9959807
0.9954407
0.9983126
0.9942961
0.9931478
0.9924035
0.9904807
0.9967906
0.9863776
0.9863629
0.9864671
0.988632
0.9897028
0.9938397
0.990318
0.9890679
0.9901369
0.9907049
0.9935183
0.986323
0.9935166
0.9902374
0.9891304
0.9870031
0.9888345
0.9682022
0.992737
0.9894434
0.9915838
0.9900421
0.9895751
0.9886582
0.9889449
0.9878776
0.9887168
0.9855652
0.9838587
0.9864207
0.9903318
0.9890027
0.9870955
0.9853055
0.9889038
0.9876132
0.9894495
0.9896293
0.9864093
0.9885281
0.9845361
0.9875171
0.9908397
0.9887038
0.99133
0.9388097
0.9899823
0.9697398
0.9857965
0.9911776
0.9898305
0.9866718
0.9875336
0.9887469
0.9850317
0.9948679
0.9957567
0.9973469
0.9965888
0.9985868
0.997155
0.9953093
0.9984756
0.9985591
0.9979227
0.9963689
0.9995604
0.9986156
0.9982402
0.9979027
0.9996021
0.9996043
0.9968454
0.9991319
0.999575
0.9979691
0.9976162
0.9958538
0.997457
0.9964525
0.9968283
0.9965699
0.9960011
0.9951909
0.9973933
0.9963752
0.9941706
0.9964933
0.9987134
0.9977154
0.995997
0.9969754
0.9976932
0.9982276
0.9963849
0.9989035
0.9962111
0.9955789
0.9973123
0.9980814
0.9980653
0.9949981
0.9947944
0.9949552
0.9936334
0.9936188
0.9948211
0.9958678
0.9930799
0.9945154
0.9959722
0.9974141
0.9981725
0.9958718
0.9975357
0.9968652
0.9967573
0.9956466
0.9946446
0.9968385
0.9953805
0.9958708
0.9969887
0.9961023
0.9970451
0.9958567
0.9987931
0.994832
0.9947964
0.9953876
0.9956814
0.9961686
0.9951208
0.9953534
0.9980662
0.9950653
0.996353
0.9951231
0.9982496
0.9965415
0.9989945
0.9967806
0.9963707
0.9956353
0.9957092
0.9964194
0.9964895
0.9962045
0.996124
0.9956119
0.9923664
0.9946131
0.9961193
0.9968667
0.9941818
0.9915779
0.9943277
0.9958707
0.992779
0.9940971
0.9929686
0.9934919
0.9930443
0.9961674
0.9953677
0.9883359
0.9963877
0.9950187
0.9939668
0.9953366
0.9943694
0.999442
0.9958182
0.9949208
0.9952886
0.9928571
0.9946659
0.9959536
0.9908601
0.9904793
0.9913587
0.9944146
0.9925094
0.9931366
0.994162
0.9932123
0.9919003
0.9946285
0.9920251
0.9921894
0.9918712
0.9917617
0.997264
0.996123
0.9948309
0.9931053
0.9938793
0.9946444
0.9926223
0.995345
0.9855666
0.9861227
0.9875778
0.9893843
0.990703
0.9930457
0.9896913
0.9888932
0.9903965
0.9907837
0.9939105
0.9935966
0.9896277
0.9859402
0.9861551
0.9860086
0.9896579
0.9702233
0.9906615
0.9886829
0.9881068
0.9892934
0.9875826
0.9892662
0.9879684
0.9882767
0.9879471
0.9861406
0.9845957
0.9859371
0.9907621
0.986095
0.9866902
0.9878527
0.9875462
0.9880107
0.9835359
0.9888715
0.9888179
0.9905363
0.9901823
0.9887173
0.9891262
0.987736
0.9869268
0.9644565
0.9839357
0.9711302
0.9863601
0.9872873
0.9900574
0.9923902
0.9855553
0.9842382
0.9820137
0.9988129
0.99923
0.9994223
0.9996366
0.9995953
0.9983673
0.9995754
0.9990958
0.9990128
1.
0.9996747
0.9983375
1.
0.9983389
0.9992407
0.9993065
0.9993132
1.
1.
1.
0.9985653
1.
0.9993719
0.9995064
0.9990042
0.999702
0.9992674
0.9995907
0.9991189
0.9985022
0.9997022
0.9988979
0.9991529
0.99951
0.9994997
0.9995231
0.9990546
0.9986962
0.9988591
1.
1.
0.9988615
0.9988286
0.9978277
1.
0.9964064
0.9991856
0.9992341
0.9990092
0.998179
0.9978557
0.9986588
0.999346
0.9980185
0.9986669
1.
0.9963348
1.
0.9990199
0.9986635
0.9993521
1.
0.9996491
0.9980347
0.9996725
1.
0.9993466
0.999316
0.999672
1.
0.9986864
0.9986983
0.9990876
0.9987216
0.999181
0.9983923
1.
0.9990148
0.9983509
0.9996746
0.9987704
0.9986898
1.
0.9996592
0.9996656
0.998624
0.9989923
0.9986983
0.9996743
0.9993118
0.9989474
1.
0.9993089
0.9993487
0.9990151
0.9996827
0.9976882
0.9990212
0.9993525
0.999675
0.9961598
0.99591
0.9952851
0.995463
0.9965428
0.9968153
0.9964232
0.99564
0.9990114
0.9978696
0.9960688
0.9981917
0.9981007
0.998645
0.9961207
0.9983673
0.99634
0.9995973
0.9977689
0.9960613
0.9958281
0.9987805
0.9945946
0.9944411
0.9946054
0.9958621
0.9951678
0.9976791
0.9969447
0.997008
0.9944777
0.9954289
0.9997035
0.9937376
0.9953287
0.9945936
0.996365
0.9996072
0.9963716
0.9980237
0.9962533
0.9967006
0.995222
0.9957207
0.9976424
0.995819
0.9927055
0.9935213
0.9950788
0.9940359
0.9962079
0.994786
0.9955588
0.994733
0.9943586
0.993621
0.9965974
0.9955039
0.9950678
0.994985
0.9931238
0.9972159
0.9934845
0.9940682
0.9967917
0.9963027
0.9965517
0.9959194
0.9960445
0.9964991
0.9948007
0.9945893
0.9927771
0.9926373
0.9931399
0.9946394
0.9961127
0.9972826
0.9950348
0.99508
0.9941809
0.9958035
0.9945531
0.9951617
0.9964895
0.9974438
0.9969842
0.9960707
0.995818
0.9956433
0.9950585
0.9972017
0.9987186
0.997053
0.9967877
0.9934735
0.9947826
0.9963091
0.9951004
0.9987757
0.9917305
0.9929283
0.9918741
0.991729
0.9956413
0.9947873
0.9953201
0.9958352
0.9970335
0.9964817
0.8997169
0.9960652
0.994488
0.9957841
0.9937193
0.9928628
0.9957983
0.9950275
0.9966574
0.9961496
0.9970682
0.9944708
0.9928789
0.9910434
0.9892405
0.9913656
0.9912957
0.9930933
0.993054
0.9944815
0.9929652
0.9926805
0.9927598
0.9938384
0.9933149
0.9941762
0.9929835
0.9958837
0.9961033
0.9938462
0.9937656
0.9943741
0.9934681
0.988832
0.9966615
0.9051932
0.9853589
0.9864429
0.9882395
0.9891025
0.9930094
0.9888107
0.9302188
0.9889338
0.9902806
0.9952725
0.9927154
0.9917582
0.8970349
0.9898305
0.9424307
0.9627462
0.9893473
0.9423002
0.8992893
0.9321267
0.9649257
0.9871795
0.9558597
0.9911687
0.9290093
0.8610879
0.9857634
0.9836522
0.985383
0.9554116
0.9544675
0.936776
0.9453552
0.8467571
0.9875286
0.9857891
0.8926819
0.9630354
0.9624322
0.9517378
0.9562756
0.9652157
0.928895
0.9624312
0.9873909
0.9738524
0.9907958
0.8321168
0.9245433
0.9666791
0.9357762
0.9372311
0.946332
0.9862223
0.9919146
0.995689
0.9927748
0.993937
0.9942089
0.9958549
0.9932131
0.9916794
0.9964633
0.9965044
0.931796
0.9969317
0.9945261
0.9949707
0.9975676
0.9986942
0.9976556
0.9971451
0.995846
0.9967231
0.9973524
0.9976526
0.9936853
0.9915506
0.9883244
0.9954561
0.9901439
0.991658
0.9937419
0.9961187
0.9936997
0.990728
0.9925832
0.9943285
0.9949645
0.9938903
0.9925498
0.9969349
0.9968546
0.9930541
0.9975303
0.9931932
0.9947251
0.9922994
0.9987264
0.9309198
0.9856727
0.987373
0.9876286
0.9884661
0.9925589
0.9877672
0.9047619
0.989903
0.9893431
0.9913087
0.9917521
0.994802
0.915507
0.9877888
0.9154957
0.9705146
0.9897861
0.942774
0.9215686
0.9353642
0.9629207
0.9858859
0.9512336
0.9845603
0.8863869
0.9178706
0.9868688
0.9862907
0.9867969
0.9562085
0.9424405
0.9054136
0.9289661
0.9148133
0.9874239
0.9883008
0.9343909
0.9457641
0.962406
0.9507223
0.9587049
0.9568867
0.9228949
0.9648369
0.9876448
0.9605469
0.9894878
0.9353079
0.9016758
0.9635446
0.9369122
0.9264503
0.9309672
0.9896545
0.9924893
0.993402
0.9901093
0.9940933
0.9962578
0.9939343
0.9946661
0.9949417
0.9970238
0.9959261
0.8474109
0.9946358
0.9947629
0.9937853
0.9931488
0.9952394
0.9928685
0.9963303
0.9960861
0.9944736
0.9957173
0.99631
0.9933724
0.990869
0.9885805
0.9929491
0.9906765
0.9941324
0.9947871
0.9963185
0.9911739
0.9928642
0.9946741
0.9915157
0.9951557
0.992465
0.994508
0.995872
0.9968277
0.9958966
0.9965087
0.992739
0.9955084
0.9886558
0.9963936
0.8122538
0.9860256
0.9874405
0.9884165
0.9900101
0.9929538
0.9885186
0.8740125
0.9884483
0.9893342
0.9940045
0.9924414
0.994003
0.7482679
0.9850209
0.9369387
0.9642857
0.9891283
0.930476
0.7991121
0.9124674
0.9642584
0.9854015
0.929505
0.9856115
0.9181345
0.7886288
0.9858141
0.9842239
0.985097
0.955916
0.9521714
0.8966925
0.9098444
0.8079034
0.9873901
0.9855697
0.8711631
0.9485294
0.9570899
0.9518408
0.9514639
0.9661275
0.9084875
0.9561769
0.9877575
0.9675845
0.9917451
0.8922669
0.9107215
0.9660285
0.9373152
0.9158505
0.9413022
0.9865722
0.9926448
0.9912931
0.9922091
0.9944904
0.9950052
0.993304
0.9948816
0.9940581
0.9976212
0.9981035
0.9277537
0.9966197
0.9962242
0.9932184
0.9925987
0.9957717
0.9952582
0.996857
0.996648
0.9930844
0.9965241
0.9955169
0.9972074
0.9899165
0.9901837
0.9911723
0.9900774
0.993712
0.9943515
0.9940051
0.9950774
0.9946588
0.9942468
0.9956621
0.9914352
0.9946303
0.9901961
0.9945764
0.9973177
0.9963092
0.9957585
0.9929435
0.994072
0.9906962
0.9966529
0.9294025
0.9855893
0.9876251
0.988597
0.9909194
0.992579
0.9889653
0.8956167
0.9895904
0.9894071
0.9957617
0.9926971
0.9945069
0.8882281
0.9886664
0.9350802
0.9707194
0.9881484
0.9512006
0.928727
0.939726
0.9630763
0.989673
0.9511154
0.9896305
0.8978593
0.8977688
0.9850176
0.9844164
0.9850411
0.955127
0.9463358
0.8933251
0.9105231
0.9057022
0.9872832
0.9848116
0.9010163
0.9458167
0.9641681
0.9560048
0.961269
0.9686848
0.9076273
0.9650088
0.9865785
0.9769781
0.9898077
0.9191879
0.8897104
0.9710551
0.9402516
0.9075715
0.9298763
0.989777
0.9992893
0.9987183
0.9976899
0.9989119
0.9971683
0.997556
0.9991529
0.9981958
1.
0.9970238
0.9967448
0.9983471
1.
0.9983485
0.9992447
1.
0.998632
1.
1.
0.9992242
1.
1.
1.
0.9987673
0.9992547
0.9997026
0.9981712
0.9995918
0.999561
0.9990055
0.9991079
0.9996338
0.9991554
0.9985337
0.9995015
0.9995239
0.9988199
0.9987021
0.9977247
0.9996069
1.
0.9973465
0.9976608
0.9990373
0.9993532
0.997395
0.9990086
0.9989878
0.9988753
0.9984318
0.9990702
0.9988508
0.9990209
0.9983364
0.9979616
0.9994037
0.9987864
0.9982079
0.9970607
0.9983328
0.9996769
0.9993234
0.9992997
0.9986937
0.9986915
0.9993477
0.9996742
0.9986343
0.9996728
0.9986689
1.
0.9980507
0.9989737
0.9991483
0.9992397
0.9987171
0.9996802
0.9993449
0.9996714
0.9977228
0.9988008
0.9990199
0.9986898
0.9989792
0.998664
0.9986273
0.9989946
0.9993511
0.9993498
0.9989698
0.9989499
0.9993188
0.9989655
0.9986996
0.9996727
0.9990497
0.9986833
0.998045
0.9983834
0.9987017
0.9855533
0.986233
0.9877994
0.9901744
0.9927207
0.9905194
0.9912323
0.9931895
0.9973558
0.9960357
0.9896463
0.9970695
0.996712
0.9963966
0.996133
0.9948781
0.9955507
0.9953787
0.9964241
0.9971746
0.9949967
0.9957488
0.9950705
0.9859977
0.9846761
0.9871657
0.9909717
0.9914466
0.9915089
0.9930318
0.98608
0.9919411
0.9916256
0.9919298
0.9930554
0.9853564
0.9855594
0.9949891
0.9942259
0.9903432
0.9950054
0.9901471
0.9900317
0.9844138
0.994394
0.9889928
0.9317991
0.9123419
0.9103305
0.9191894
0.9245267
0.9102756
0.9894976
0.9091887
0.9005345
0.9948574
0.9953733
0.9953023
0.990175
0.9902076
0.9897464
0.9904388
0.9920622
0.9892555
0.9894477
0.9902226
0.9887727
0.9901909
0.9900992
0.9899911
0.9897608
0.9894052
0.9219997
0.9246496
0.9235564
0.989994
0.9898749
0.9903644
0.9900962
0.9899118
0.8565633
0.9907284
0.9897127
0.9897085
0.9894318
0.9909137
0.9898649
0.989236
0.9891135
0.9906226
0.992135
0.9920291
0.991805
0.9900323
0.9896641
0.9904126
0.9899265
0.9903449
0.9899883
0.9915038
0.9976771
0.9967369
0.9988758
0.9989466
0.9984412
0.9976434
0.9991843
0.9978327
1.
0.9972125
0.9987378
1.
1.
0.9992325
0.9971671
0.9980494
0.998067
0.9987253
0.9992492
0.9978229
1.
0.998708
1.
0.9995181
0.9982977
0.9982604
0.9996465
0.9980292
0.9983094
0.9990485
0.9970989
0.9982257
0.9987795
1.
0.9980898
0.9983672
0.9986134
0.9993876
0.9989195
0.9984802
0.9971607
0.9992685
0.9981182
0.9990579
1.
0.9990527
0.9989765
0.9984437
0.998557
0.9982399
0.9987068
0.9980606
0.9996832
0.9982084
0.9983686
0.9965967
1.
0.9965948
0.9993671
0.9987059
1.
0.9970395
0.9993213
0.9993661
0.9993651
0.9987322
0.998733
0.9973475
0.9987277
0.9983845
0.9993641
0.9993697
0.9987486
0.9986684
0.9987744
0.9990654
0.9987558
0.9984082
0.9980825
0.9987374
0.9983231
0.9984127
0.9996822
0.9993402
0.9987034
0.9986689
0.9993498
0.9990542
0.9984197
0.9993342
0.9986427
0.9996697
0.9993316
0.999053
0.9996821
0.9984596
0.9993612
0.998735
0.998115
0.9981073
0.9917494
0.9929453
0.9924164
0.9945173
0.9941981
0.9943855
0.9942687
0.9954098
0.9973428
0.9975767
0.9426468
0.9958007
0.9950924
0.9935484
0.9945652
0.9950079
0.9958148
0.9932097
0.9958356
0.9953399
0.9984093
0.995283
0.9962121
0.9939034
0.9906999
0.9929812
0.9925138
0.9937448
0.9895788
0.9917279
0.9917457
0.9944871
0.9936373
0.9938594
0.9958753
0.9935741
0.9914647
0.9969278
0.9966044
0.9959184
0.9950372
0.9925748
0.9938975
0.991511
0.9953893
0.9384975
0.9837175
0.9857095
0.9866969
0.9884097
0.9929319
0.9868958
0.9270505
0.9889633
0.9889049
0.9937934
0.9871666
0.9930417
0.9190155
0.9890998
0.7396913
0.9664729
0.9893781
0.9586603
0.9286559
0.939813
0.9644351
0.9874094
0.9559869
0.9875893
0.907683
0.9066693
0.9846154
0.9834666
0.9840371
0.9390079
0.9419342
0.9268775
0.9305309
0.9055165
0.9871405
0.9877164
0.9394768
0.9623341
0.9629415
0.9584809
0.9484213
0.9623646
0.9180556
0.9653824
0.9895773
0.9709471
0.9881135
0.9339457
0.9176963
0.9611486
0.9438487
0.9292731
0.910629
0.9883268
0.9970865
0.9987958
0.9970358
0.9986698
0.9988999
0.9985229
0.9976994
0.9959383
0.9992132
0.9974922
0.9984976
0.9979452
0.9992625
0.9979466
0.9993651
0.9982332
0.9982477
0.999422
1.
0.9954368
0.9975758
1.
0.9912807
0.996976
0.9990643
0.9983375
0.9969809
0.9985174
0.9984165
0.9968985
0.9977833
0.995961
0.9988541
0.9986939
0.9991135
0.9972985
0.9977694
0.9972051
0.9985075
0.9989259
0.9984399
0.9996546
0.9985806
0.9990921
0.9994435
0.9987974
0.996764
0.9977148
0.9976297
0.9973554
0.9982079
0.9971691
0.999095
0.9969
0.9978491
0.9979221
0.9963041
0.9984416
0.997586
0.9956803
0.9991029
0.9978139
0.9967732
0.9978852
0.9987908
0.9984912
0.9990958
0.9974811
0.9960546
0.9966143
0.9969669
0.9987992
0.9972496
0.9972321
0.9967696
0.9991098
0.996734
0.9981818
0.9981757
0.9984971
0.9973905
0.9990942
0.9975758
0.9971734
0.999384
0.9987362
0.9996911
0.9981977
0.9981944
0.9984182
0.9977448
0.9978001
0.9984122
0.9975925
0.9978788
0.998532
0.9981746
0.9978909
0.9976055
0.9987995
0.9982847
0.9997347
1.
0.9996188
0.999573
1.
0.9995508
0.9995202
1.
1.
0.9996604
0.9990698
0.998968
1.
1.
0.9984756
1.
1.
1.
1.
0.998419
0.9977273
0.998632
0.9992351
0.9994859
0.9996901
1.
0.9995678
0.9995331
1.
1.
0.9984568
0.9995522
0.999477
0.9994652
1.
0.9995127
0.9985765
0.9993846
0.9995847
0.9973941
0.9984032
0.999178
0.9987556
0.9985806
0.99932
0.998897
0.9993138
0.9992478
0.999326
0.9994345
0.9991764
0.9996587
0.9993381
0.9991172
0.9987013
1.
1.
0.9993181
0.9986034
0.999662
0.9996455
0.9996325
0.9993169
0.9986306
0.9989758
0.9989765
0.997491
0.9993148
0.9986058
0.9982847
0.9996607
0.9993134
0.9992876
0.9990015
1.
0.9996657
0.9996573
0.999656
0.9996603
0.9991722
0.9993165
0.9982853
0.9985724
0.9993007
0.9996404
1.
0.9986413
0.9986385
0.9989193
1.
0.9989282
0.9992767
0.9996602
0.9972527
0.9993382
0.9993113
0.9982958
0.9989861
1.
0.9921936
0.9914544
0.9929354
0.9911057
0.9938047
0.9942122
0.9947484
0.9943528
0.9984601
0.9957912
0.9528971
0.9956243
0.996089
0.9953326
0.9946282
0.994537
0.998102
0.9945814
0.9959526
0.9942873
0.9939092
0.9948243
0.9963322
0.9908581
0.9870529
0.9942477
0.990453
0.9918174
0.9919535
0.9950272
0.991168
0.9939185
0.9940971
0.9931781
0.9919125
0.9937441
0.9958114
0.9976096
0.9952189
0.9936789
0.9953704
0.9921455
0.9932914
0.9943343
0.9941427
0.9596395
0.9853973
0.986794
0.9869589
0.9910515
0.9920444
0.9892733
0.9577021
0.9889487
0.9902747
0.9940813
0.9924714
0.987827
0.9654634
0.991718
0.9540546
0.9446817
0.9890743
0.9562562
0.9594967
0.9624045
0.9676728
0.9860593
0.9681951
0.9903661
0.9610926
0.9617113
0.9860715
0.9845312
0.985048
0.9658037
0.9698193
0.9639357
0.9570977
0.9612828
0.9876005
0.9885387
0.9635437
0.9236371
0.9297994
0.908879
0.9274409
0.9645432
0.9604464
0.9209478
0.9836295
0.9409957
0.9893701
0.9653224
0.958637
0.9713795
0.9574931
0.9579733
0.9650418
0.9856898
0.9905318
0.9915395
0.9914224
0.9920311
0.9930736
0.9943576
0.994235
0.9931256
0.9984321
0.9954351
0.9888397
0.9961447
0.9960196
0.9907601
0.9954049
0.9944491
0.9947485
0.9922759
0.9970631
0.9953583
0.9960696
0.993627
0.9954739
0.9902818
0.9885826
0.9919898
0.9849142
0.9895105
0.9918478
0.9915683
0.9914421
0.9888683
0.9946891
0.9935638
0.9939832
0.9893803
0.9908762
0.9943166
0.9961735
0.9951012
0.9963485
0.9918393
0.9966159
0.9922012
0.9932341
0.9870781
0.9847262
0.986721
0.9878208
0.991145
0.9933241
0.9893889
0.9899769
0.9907899
0.991619
0.9929393
0.9936825
0.9913545
0.9843114
0.9878788
0.9851695
0.9883675
0.9675764
0.9870456
0.9850688
0.9868548
0.9893986
0.9873066
0.9887858
0.9880883
0.9897604
0.9861138
0.9840881
0.9845344
0.9845141
0.9906596
0.9868119
0.988977
0.9875801
0.9853225
0.9869755
0.9835016
0.9858445
0.9869281
0.9872699
0.9834265
0.9868447
0.9913661
0.9866847
0.9884692
0.9641902
0.9875198
0.9689214
0.9847313
0.9899556
0.9870845
0.9893411
0.9856977
0.9873199
0.9859209
0.9915541
0.9893256
0.9913255
0.9950768
0.9956259
0.993716
0.9942295
0.9951563
0.9973174
0.9956463
0.918892
0.9960463
0.9970922
0.9940594
0.9920308
0.9960296
0.9939218
0.9965879
0.9957983
0.996686
0.9949021
0.996569
0.993876
0.9919723
0.9898525
0.9938293
0.9914666
0.9926455
0.9914903
0.9951557
0.9927664
0.9910537
0.9927335
0.9945055
0.9963083
0.9946245
0.9918861
0.996125
0.9970682
0.9942387
0.9955
0.9937462
0.9917932
0.9906861
0.9935317
0.9138622
0.984745
0.9868589
0.9870994
0.9906505
0.9920413
0.9888583
0.9028595
0.9894618
0.9900831
0.9957542
0.9919212
0.993994
0.8871531
0.989416
0.9267956
0.9644462
0.9873442
0.9371193
0.9165998
0.9233983
0.9669847
0.9863593
0.9376353
0.9880885
0.9026423
0.8856263
0.9857294
0.9846054
0.9843615
0.9554664
0.9470747
0.905293
0.9075238
0.8860136
0.9870916
0.9880217
0.8950276
0.9528433
0.9615011
0.9557364
0.9538763
0.9676622
0.9151491
0.9665881
0.9847805
0.9713674
0.9901829
0.9195059
0.8925128
0.9685098
0.9019168
0.9159664
0.9397896
0.9888227
0.9974678
0.9985115
0.9983315
0.9993077
1.
0.9980673
0.9987957
0.9978696
0.9965157
1.
0.9965646
1.
0.9975689
1.
0.9979353
1.
0.9981156
0.9981343
1.
0.9992958
1.
0.9987406
1.
0.9978484
0.9985553
0.9979931
0.9982548
0.9980598
0.9991694
0.9995334
0.9974197
0.998951
0.9979968
0.9963168
0.9990637
0.9967593
0.9990845
0.9988038
0.9989424
0.998503
0.999446
0.998557
0.9981461
0.9988331
0.9988067
0.9987523
0.9983778
0.9978167
0.9985318
0.9978504
0.9985114
0.9979534
0.999061
0.9979466
0.9984456
0.9988932
0.9988758
0.998338
0.9987492
0.9971209
0.9968915
0.9967522
0.9996653
0.9996871
0.9987453
0.9981209
0.9981221
0.9977102
0.9984292
0.9968051
0.997168
0.999066
0.9984655
0.9980178
0.9979289
0.9975347
0.9975392
0.9984282
0.997474
0.9971901
0.9980347
0.9987465
0.9990581
0.9993487
0.9990403
0.9986864
0.9987155
0.9987543
0.9971875
0.9980263
0.9993309
0.9990215
0.9990102
0.9978152
0.9981138
0.9990876
0.9987378
0.9978118
0.9953329
0.9981308
0.9786437
0.9827772
0.9842734
0.9883989
0.9885803
0.9900477
0.9897032
0.9908872
0.9968102
0.9950169
0.9853903
0.9943176
0.9935201
0.9931218
0.993082
0.9923703
0.9936261
0.9918632
0.9934192
0.9931388
0.9932922
0.9914068
0.9914454
0.9780815
0.9750841
0.9828953
0.9823121
0.9849448
0.987339
0.9886038
0.9816279
0.9846363
0.9881004
0.9893477
0.9897468
0.9843736
0.9842415
0.9939939
0.9932729
0.9904794
0.9945599
0.9894188
0.9893633
0.9837811
0.9946655
0.984613
0.825157
0.8602112
0.9017962
0.9183154
0.9600919
0.9056486
0.9843587
0.9120995
0.9344832
0.9918503
0.9901764
0.991882
0.9840186
0.9857904
0.9828795
0.9872611
0.9857578
0.9840162
0.9847599
0.9846079
0.9857571
0.984544
0.9864952
0.9856994
0.9852856
0.9838384
0.8504027
0.8456159
0.8463194
0.9891113
0.9843569
0.9843841
0.9840365
0.9853588
0.8462617
0.9863123
0.9864952
0.9875031
0.9876792
0.9883311
0.9871795
0.985112
0.9853265
0.9894753
0.986756
0.9879356
0.9885117
0.9858234
0.9853476
0.9865993
0.9853414
0.9864407
0.9862027
0.9859805
0.9912724
0.9917993
0.9917055
0.9939132
0.9941848
0.9937435
0.9927552
0.9929717
0.997631
0.995671
0.9359125
0.9980387
0.9956585
0.9946599
0.9940005
0.9960516
0.9950118
0.9952953
0.9949833
0.994773
0.9970714
0.9960609
0.9967097
0.9935777
0.9910024
0.9929677
0.9909037
0.9935201
0.9926231
0.9930987
0.9922617
0.9934821
0.9955442
0.9972733
0.9916955
0.9935632
0.9926807
0.9966615
0.9968393
0.9971399
0.9947735
0.9939747
0.9959308
0.9930534
0.9948599
0.9268533
0.9841496
0.9878663
0.9882664
0.9886746
0.9923942
0.9894939
0.9096567
0.9889095
0.9898221
0.9932752
0.9909502
0.9907592
0.9246142
0.9911671
0.9090909
0.9707987
0.9883766
0.9474704
0.9132612
0.9247823
0.9690761
0.9871893
0.9583013
0.9894677
0.9063761
0.9346891
0.9862313
0.9843948
0.9854972
0.9574306
0.951308
0.9107538
0.9312253
0.9321436
0.9872158
0.9920149
0.9311909
0.9569491
0.9632637
0.9548872
0.9673871
0.9656351
0.9337774
0.964699
0.9893596
0.9746664
0.9890595
0.943733
0.902834
0.9647676
0.948249
0.9318539
0.9271263
0.9884908
0.9869201
0.9885139
0.9886785
0.9903124
0.9937089
0.99231
0.9930281
0.9936468
0.9968508
0.9964414
0.991158
0.9982904
0.9987453
0.9974214
0.9974283
0.997436
0.9964031
0.9976299
0.9982434
0.9980528
0.997361
0.9976287
0.9972776
0.9917891
0.9917372
0.9930265
0.9946853
0.9947673
0.995598
0.9966161
0.99096
0.9943328
0.9950645
0.9950746
0.9956648
0.9863842
0.9860969
0.9954723
0.9951367
0.9914731
0.9960859
0.9926262
0.9924244
0.9878215
0.9956652
0.9916021
0.9584503
0.9466771
0.9415199
0.9079998
0.84318
0.9208198
0.9928618
0.9120119
0.904665
0.9965891
0.996898
0.9967326
0.9915537
0.9927344
0.9927966
0.9934284
0.9929443
0.9908502
0.9912006
0.9919041
0.9919512
0.9944059
0.9908014
0.9931559
0.9932334
0.9921875
0.9553511
0.9592317
0.9567515
0.9891506
0.9910271
0.9931632
0.9927879
0.9916727
0.9054864
0.9922073
0.9909186
0.9928176
0.9912815
0.9921573
0.9917717
0.9931911
0.9931435
0.9920395
0.9923815
0.9925125
0.992483
0.9930272
0.9930934
0.991174
0.9913373
0.9919989
0.9907165
0.9935642
0.9902021
0.9932649
0.9920649
0.9925402
0.9946114
0.9960532
0.9946921
0.9945271
0.999115
0.9962223
0.9295388
0.9963596
0.9962482
0.9943899
0.9967436
0.9939458
0.9968619
0.9955671
0.9966685
0.9928493
0.9989393
0.9968578
0.9946849
0.98884
0.9873418
0.9929775
0.9883215
0.9939508
0.9935079
0.9935736
0.9940393
0.9934924
0.9929921
0.9938553
0.9947199
0.9931087
0.9922292
0.9951232
0.9970888
0.9967354
0.997026
0.9943877
0.993279
0.9929067
0.9935799
0.9240032
0.9837158
0.9856291
0.9881658
0.9887039
0.9927708
0.9889716
0.8163221
0.9890386
0.9895579
0.9950372
0.9919799
0.9937873
0.8936992
0.9843189
0.9276329
0.9692516
0.9860411
0.9432569
0.9235189
0.9308176
0.9638233
0.9897162
0.9450058
0.9837583
0.8502436
0.9055165
0.9845866
0.9838771
0.9827366
0.9545195
0.9557623
0.6711557
0.700264
0.9161201
0.9864446
0.988463
0.9054435
0.9522871
0.9679031
0.9657869
0.952502
0.9662751
0.9106536
0.9667774
0.9887901
0.9731193
0.9904306
0.9180393
0.8294156
0.963074
0.928133
0.9114708
0.9399225
0.9866295
0.9934241
0.9938966
0.9923941
0.9946965
0.9937591
0.9939457
0.994248
0.9925193
0.9982212
0.9953917
0.9193484
0.9963452
0.9950682
0.9926657
0.99454
0.9965744
0.9957961
0.9944983
0.9966555
0.9947644
0.997334
0.9949974
0.9936435
0.9904058
0.9911532
0.9938456
0.9888911
0.9943538
0.9928323
0.994479
0.9926082
0.9934744
0.9936143
0.9938356
0.9949344
0.9943286
0.992674
0.9969144
0.9943861
0.9954927
0.9962668
0.9927522
0.9920245
0.9913326
0.9951107
0.9193003
0.9838769
0.986574
0.9886766
0.9896377
0.9920713
0.9884425
0.8667224
0.9887556
0.9906909
0.9955202
0.9924585
0.9942672
0.9208905
0.9877289
0.9152745
0.9659599
0.9873811
0.947205
0.8992484
0.9126253
0.9711903
0.9869807
0.9405204
0.9871674
0.8446436
0.9105105
0.9849659
0.9849679
0.9852978
0.9507946
0.9554455
0.7692133
0.8352738
0.9073925
0.9872993
0.991631
0.9200239
0.9431705
0.9660232
0.9599842
0.964348
0.9673624
0.9128
0.9664837
0.9864025
0.9710511
0.9907923
0.9293168
0.837449
0.9539336
0.9238741
0.9198807
0.928936
0.9856504
0.9984656
0.9969325
0.9963177
0.9977405
0.9960896
0.9974991
0.9988909
0.9960876
0.9985337
0.999409
0.9964861
0.9980695
0.9993103
0.9948387
0.9951865
0.9988846
0.9983389
0.9928256
0.9987382
0.9987753
0.9982808
0.9977778
0.9994856
0.997269
0.9956362
0.9956675
0.9957669
0.9960503
0.9988554
0.997449
0.9962131
0.9960848
0.998155
0.9962264
0.9995746
0.995583
0.9989088
0.9989396
0.9985741
0.997572
0.9955246
0.9973172
0.9979381
0.9986661
0.9994712
0.9955999
0.9943419
0.9949114
0.9968361
0.9961359
0.9979327
0.9972852
0.9970606
0.9971968
0.9978541
0.961499
0.9405204
0.9446764
0.9944068
0.996404
0.9953285
0.9981802
0.9965539
0.995583
0.9955765
0.9964716
0.9947012
0.9932432
0.9982332
0.9964093
0.9958665
0.995312
0.9952394
0.9950881
0.9943559
0.9971073
0.9953717
0.9955687
0.9964466
0.9970726
0.9965708
0.9949882
0.9958678
0.9966422
0.9966987
0.9963088
0.9969898
0.9944282
0.9973638
0.9959963
0.9956127
0.9975573
0.9969117
0.996778
0.9973467
0.9974256
0.9982254
0.9958896
0.9967949
0.9935446
0.9968756
0.9962508
0.995417
0.99727
0.9946651
0.9946365
0.9960159
0.9948685
0.997408
0.9986714
0.9949686
0.9962211
0.9980149
0.9947991
0.9950606
0.996603
0.9978921
0.9945378
0.9967412
0.9963554
0.9991357
0.9978876
0.9943978
0.9920973
0.9947101
0.992699
0.9925517
0.9943199
0.9978022
0.9962264
0.9950681
0.9964207
0.9963314
0.9969523
0.9986283
0.9944969
0.9963006
0.996732
0.9962477
0.9976812
0.9949515
0.9974641
0.9962547
0.996637
0.9971464
0.9929364
0.9901381
0.9924509
0.9937998
0.9942417
0.9969996
0.9947463
0.9941875
0.9956044
0.9957345
0.9631853
0.9521668
0.9606742
0.9944472
0.9946099
0.9919537
0.9963702
0.9911717
0.9944402
0.9944332
0.995458
0.9946996
0.9937206
0.991618
0.9933265
0.992128
0.9942124
0.9918567
0.9905942
0.9904313
0.9945178
0.9947761
0.9941698
0.9951752
0.9954728
0.9935596
0.9936741
0.9951911
0.9960938
0.9961499
0.9942242
0.9958805
0.9952237
0.9942036
0.9955392
0.9954739
0.9971354
0.9955251
0.9929382
0.9949354
0.9950654
0.9964476
0.9941992
0.9944848
0.9926934
0.9889677
0.9952208
0.9932432
0.9934946
0.9961307
0.9971977
0.994258
0.9963603
0.9978159
0.9951732
0.9894596
0.9964612
0.9960414
0.9952774
0.9965753
0.9966933
0.9942212
0.9920373
0.9976642
0.9939306
0.9969299
0.9961496
0.9978853
0.9922631
0.9874634
0.9923816
0.995108
0.9939315
0.9943757
0.9964192
0.9934794
0.9887017
0.9933789
0.9933523
0.99038
0.9921185
0.9939005
0.9959667
0.9974639
0.9946933
0.9971466
0.9939671
0.9940853
0.9920635
0.9951613
0.9910013
0.9875698
0.9877587
0.9895062
0.9909884
0.9929779
0.9904988
0.9898175
0.9906417
0.9918888
0.9948038
0.9939759
0.9948025
0.9913744
0.991458
0.9914155
0.9903922
0.9855335
0.9902036
0.9876638
0.9915628
0.9923386
0.9903448
0.991545
0.9928336
0.9915433
0.9910099
0.9851737
0.9857247
0.9874586
0.9926052
0.9914676
0.9890152
0.9897723
0.9911979
0.9876961
0.9884504
0.9890195
0.9925417
0.9924272
0.9911137
0.9912332
0.994472
0.9908064
0.9909091
0.973374
0.9939192
0.979976
0.9933155
0.9901848
0.9964366
0.9897683
0.9908011
0.9906489
0.9904325
0.9942215
0.9945804
0.990951
0.9921005
0.9952921
0.9941935
0.9925193
0.9929641
0.9956562
0.9971863
0.9626004
0.9973677
0.9960713
0.9944282
0.9934622
0.9925804
0.9959072
0.9915416
0.9976812
0.9919494
0.9972291
0.9978184
0.9934054
0.9926176
0.9875142
0.992052
0.9873288
0.9913551
0.9944072
0.9918951
0.9947776
0.9916446
0.9934153
0.9950518
0.9923646
0.9934138
0.9918826
0.9941129
0.9979849
0.9955696
0.9945736
0.9921211
0.9932702
0.9909782
0.9954618
0.9629847
0.9855588
0.9861006
0.9878859
0.9898136
0.9935197
0.9896113
0.9534469
0.9897587
0.9906591
0.9896212
0.9916536
0.992234
0.9691948
0.9891557
0.9565901
0.9532672
0.9896456
0.9653281
0.9564959
0.9598425
0.9749855
0.9858184
0.9676977
0.9860276
0.9589258
0.9500792
0.986176
0.9840017
0.9847024
0.9669054
0.9709224
0.9552032
0.9639551
0.9609651
0.9873545
0.991404
0.9664837
0.9499186
0.9436791
0.9403509
0.9418345
0.9790021
0.9684334
0.9615462
0.9866241
0.963395
0.9887396
0.9576855
0.9487537
0.9777524
0.9616904
0.9635651
0.955787
0.9906702
0.9895652
0.9922005
0.9899678
0.9934627
0.9950249
0.9921603
0.9931096
0.9919596
0.9974843
0.9965744
0.9872661
0.9958395
0.994161
0.9940476
0.9936599
0.9933203
0.9958518
0.9925414
0.996172
0.9956421
0.9937993
0.9947325
0.9946624
0.9920699
0.9890666
0.9899562
0.9884536
0.9903804
0.9881657
0.9927711
0.9882977
0.9905213
0.9928968
0.9913876
0.9915439
0.9943164
0.9934035
0.9948523
0.996424
0.9944516
0.9960805
0.9939369
0.9940552
0.9909076
0.9951299
0.9870631
0.9825852
0.985552
0.9874302
0.9902036
0.9934037
0.9877243
0.9880124
0.9900768
0.991642
0.9921363
0.9910124
0.9905462
0.9876305
0.9902363
0.9880792
0.9861523
0.9639175
0.9874226
0.9872143
0.9860546
0.9858637
0.9844683
0.9901411
0.9896545
0.9881829
0.9841362
0.9843622
0.9820734
0.9828083
0.9908414
0.9898894
0.9866097
0.986384
0.9864813
0.9866993
0.9876137
0.9866149
0.9863095
0.989039
0.9892665
0.9905993
0.985314
0.9870606
0.9890591
0.9609343
0.9903085
0.9604265
0.985891
0.9870054
0.9888003
0.9914811
0.9864656
0.9904123
0.9886386
0.9917188
0.9927762
0.9907932
0.9908981
0.9953052
0.9935622
0.9932032
0.9961651
0.9966039
0.9977585
0.96229
0.9994184
0.9978966
0.995623
0.9960452
0.9970011
0.9959217
0.9956675
0.9965308
0.9942841
0.9977925
0.9953691
0.9952768
0.9944045
0.9909692
0.9942456
0.9910642
0.9939811
0.9928508
0.9947867
0.9931618
0.9918716
0.9951934
0.9967167
0.9947793
0.9948429
0.991742
0.9960075
0.9964798
0.9953704
0.995368
0.9929752
0.9937107
0.991952
0.9954775
0.9618619
0.9862394
0.9870841
0.9895679
0.9894947
0.9914786
0.9893254
0.9601414
0.9895841
0.9896434
0.9909607
0.993252
0.9948533
0.9668616
0.9942341
0.9583333
0.9368723
0.9866534
0.9625784
0.9609114
0.9548145
0.9664521
0.9894283
0.9703935
0.9889983
0.9518048
0.9588477
0.9875278
0.9867813
0.9873875
0.9713572
0.9674248
0.9567621
0.9611899
0.9549301
0.9888442
0.9908484
0.9641387
0.8908194
0.9282346
0.9093028
0.9274111
0.9782692
0.9673088
0.9343277
0.9858509
0.9431377
0.9855703
0.9571793
0.9563586
0.9713686
0.9678872
0.9692965
0.9591637
0.9899259
0.9923065
0.9915689
0.9941406
0.993703
0.9909307
0.9919879
0.9927056
0.9940761
0.9965668
0.9948922
0.9886908
0.9964643
0.9951279
0.9946887
0.9925565
0.993926
0.9967087
0.9923204
0.9956153
0.9942263
0.9946898
0.9928315
0.9954991
0.9868805
0.9905905
0.9896382
0.9887249
0.9934995
0.9852541
0.9937814
0.9929361
0.9899528
0.9940489
0.9926401
0.9918407
0.9918046
0.9904314
0.9970478
0.9959391
0.9959746
0.997928
0.9897704
0.9934516
0.992387
0.9970509
0.9884903
0.9834835
0.9841008
0.9873612
0.9893504
0.9934621
0.9885249
0.9913727
0.9893713
0.9919136
0.9919292
0.9886872
0.9890311
0.9890553
0.9869421
0.9877535
0.9896058
0.9664484
0.9880723
0.987671
0.9878823
0.9884704
0.9873593
0.9884415
0.9875462
0.9901904
0.9886952
0.9831003
0.9821696
0.982338
0.9945148
0.9839633
0.9894109
0.9882171
0.990044
0.9871459
0.9872881
0.9866847
0.9813566
0.9888997
0.9865186
0.9890732
0.9906292
0.9877112
0.9909145
0.9605101
0.9921445
0.9767115
0.9871327
0.9898018
0.9905732
0.9868421
0.9865359
0.9904617
0.9869507
0.9921838
0.9939265
0.9932815
0.9961724
0.9948696
0.9931212
0.9945187
0.9945701
0.9984563
0.9971918
0.9678988
0.9970803
0.9960796
0.9967883
0.994616
0.9994552
0.9961884
0.9945696
0.9959432
0.9951373
0.9966796
0.994813
0.9968512
0.9932714
0.9912861
0.9953246
0.9955466
0.9928895
0.9937416
0.9938242
0.9920649
0.9941129
0.9940867
0.9960047
0.9930969
0.9949953
0.9944004
0.9984043
0.9947023
0.9947291
0.9971701
0.9927581
0.9913739
0.994644
0.9965398
0.9670758
0.9885568
0.9884548
0.9889473
0.9906207
0.9922311
0.9903491
0.9682075
0.9892265
0.9892047
0.9943284
0.9948092
0.9951044
0.9668228
0.9913161
0.9657787
0.9441614
0.9902623
0.9702103
0.9733826
0.9655914
0.972632
0.9915901
0.9773388
0.9909354
0.9651049
0.9648917
0.9871138
0.9868065
0.9874417
0.9719177
0.9758852
0.972352
0.9738944
0.9618321
0.9889656
0.9927605
0.9634865
0.9313056
0.9329655
0.9289583
0.9373853
0.9764706
0.9732714
0.918088
0.9884577
0.9220969
0.9889546
0.9616213
0.9602127
0.9824197
0.9732839
0.9791908
0.9665955
0.9901065
0.9831647
0.9850491
0.9849635
0.9883362
0.9900393
0.9901367
0.9905718
0.9913566
0.9974021
0.994627
0.9885303
0.9957535
0.9961588
0.9949729
0.9947017
0.9945634
0.995626
0.9933235
0.9963021
0.9953986
0.9942714
0.9933718
0.9947649
0.9821529
0.980692
0.9870586
0.9885839
0.9891395
0.989451
0.9912337
0.98432
0.9882518
0.9885285
0.9911133
0.9910009
0.9842686
0.9835922
0.9941627
0.9940668
0.9901067
0.994569
0.9901569
0.9898337
0.9830884
0.994215
0.9888817
0.8900371
0.8818581
0.9050513
0.9053866
0.9259918
0.8972849
0.9887526
0.8982022
0.9180461
0.9931767
0.9935077
0.9932798
0.9892315
0.9890876
0.9882827
0.9894028
0.9894016
0.9876439
0.9878189
0.9895826
0.9880736
0.9887654
0.9880445
0.9896679
0.9885985
0.9880526
0.8829207
0.8819547
0.8855653
0.9895714
0.9873859
0.9879683
0.9874099
0.9880769
0.8439781
0.9884748
0.9897053
0.9891212
0.9889097
0.988736
0.9885032
0.9883044
0.9880256
0.9894923
0.9901341
0.9891958
0.9888328
0.9891837
0.9877165
0.9897316
0.9885441
0.9882262
0.9883336
0.988204
0.9920245
0.9940486
0.9909832
0.9956744
0.9950031
0.9930905
0.994665
0.9951616
0.9985137
0.9970149
0.790107
0.9943503
0.9941759
0.9943519
0.9942497
0.9949722
0.9968421
0.9947479
0.9955232
0.9944721
0.9981303
0.996309
0.9936273
0.9911853
0.9897005
0.9917034
0.9902739
0.9934983
0.9939117
0.9919094
0.9925952
0.9914632
0.9957429
0.9940517
0.9946907
0.9921538
0.9926628
0.9940538
0.9956012
0.9950709
0.9975081
0.9911093
0.9957125
0.9889683
0.9963927
0.774667
0.9831629
0.9867551
0.9876688
0.9891526
0.9929268
0.9881503
0.879346
0.9886004
0.9889704
0.9935
0.9896386
0.9950062
0.8743249
0.9855951
0.9213394
0.9675034
0.9887335
0.8941993
0.8127744
0.92561
0.975997
0.9844231
0.9414414
0.9901979
0.9264998
0.7713187
0.9846592
0.9831796
0.9837145
0.9543108
0.9499521
0.9260584
0.9098261
0.8531897
0.9871837
0.9878437
0.912256
0.9580461
0.9605289
0.958053
0.9610516
0.9400976
0.9406482
0.9572023
0.9871645
0.9675781
0.9901923
0.9238699
0.9215725
0.9640775
0.8810463
0.9476033
0.9304792
0.9895853
0.9906298
0.9906376
0.9911566
0.9956735
0.9950021
0.9947732
0.9933747
0.9951606
0.9988109
0.9978302
0.9331892
0.9954841
0.9970956
0.9957687
0.9956236
0.9960338
0.9952544
0.9971174
0.995803
0.9944706
0.9959839
0.9973656
0.9941386
0.9907072
0.9888977
0.9924135
0.9890678
0.9962343
0.9947849
0.9937688
0.9931265
0.993859
0.9935993
0.9938201
0.994225
0.9930822
0.9921994
0.9974227
0.9968262
0.9952762
0.9977573
0.9953713
0.995096
0.9914742
0.9945778
0.9314691
0.9843766
0.9871765
0.9884674
0.9895811
0.9916933
0.9887807
0.920008
0.9879903
0.9897453
0.9942529
0.9919294
0.9942514
0.8976602
0.9850152
0.9153049
0.9683003
0.9885348
0.947092
0.9274098
0.9454722
0.9679939
0.9883119
0.9424658
0.9873322
0.9058323
0.9140172
0.9868008
0.9865502
0.9859967
0.9594749
0.9444766
0.904704
0.9126664
0.9122244
0.9874052
0.9859445
0.9163826
0.9555687
0.9645486
0.9629703
0.961044
0.9692541
0.914783
0.9682353
0.9893245
0.9620974
0.9896074
0.9234279
0.9040568
0.9696913
0.9408412
0.9162502
0.9408675
0.9877003
0.9829919
0.9844209
0.9881338
0.9904114
0.9888423
0.9914758
0.9917499
0.9908865
0.9978097
0.9956337
0.9878477
0.9950969
0.9945043
0.994481
0.9930089
0.9930016
0.9941701
0.9902356
0.9933694
0.9933311
0.9930947
0.9932823
0.992343
0.9813189
0.977392
0.9825622
0.9841097
0.9869659
0.9871693
0.989919
0.9847129
0.9874178
0.9893639
0.9875543
0.9898616
0.9835646
0.9863831
0.9957351
0.9934471
0.9926669
0.9941276
0.9896731
0.9892647
0.9835295
0.9960105
0.9872278
0.9146811
0.9169928
0.9337346
0.9435092
0.970035
0.9399039
0.9879414
0.9448694
0.953999
0.9926499
0.9906021
0.9904507
0.9880468
0.9866094
0.9855884
0.9895285
0.9876035
0.9869098
0.9878347
0.9857747
0.9870672
0.9854157
0.9860254
0.9863539
0.9864383
0.9873856
0.9082673
0.9072081
0.9066081
0.9893595
0.9873623
0.9864892
0.9857055
0.987847
0.9119803
0.9869085
0.9874714
0.9867227
0.9893438
0.9884198
0.9895956
0.987231
0.9850579
0.9902292
0.9879171
0.9882245
0.9885146
0.9870222
0.9863349
0.9891244
0.9874102
0.9857798
0.9882174
0.9876436
0.9834307
0.9842945
0.985075
0.9895024
0.9897663
0.9905726
0.9909678
0.9911184
0.997168
0.9956496
0.988091
0.9962752
0.9959164
0.9954735
0.9947131
0.9946241
0.9951581
0.9935098
0.9954503
0.9946279
0.9946707
0.9942259
0.9931847
0.9806301
0.9800498
0.9856798
0.9858154
0.9888676
0.9898182
0.9917037
0.9841043
0.9871477
0.9899473
0.9901273
0.991808
0.9849425
0.9863961
0.9945576
0.994034
0.9910885
0.9948147
0.9893669
0.9900517
0.9837593
0.9959109
0.9867175
0.8861476
0.8781727
0.9164858
0.906588
0.93095
0.9007578
0.9871801
0.9071826
0.925537
0.9937293
0.991997
0.9931189
0.9890955
0.9880931
0.9862824
0.9886754
0.9886463
0.9872316
0.9864778
0.9875173
0.9881132
0.9885385
0.9878504
0.9873687
0.98829
0.988014
0.8670199
0.8722264
0.8739155
0.9894447
0.9871742
0.9876944
0.9868613
0.9883751
0.8518208
0.9878526
0.9890916
0.9884374
0.9887387
0.9900625
0.9895117
0.9872375
0.9882191
0.9899324
0.9892959
0.9897314
0.9889447
0.9882455
0.9877206
0.9876241
0.9872497
0.9878301
0.9870867
0.987678
0.9808814
0.9846154
0.9857127
0.9892168
0.9902376
0.9898641
0.9905183
0.9912781
0.9968922
0.9945204
0.9875792
0.9955167
0.995736
0.9947609
0.9932965
0.9942183
0.9947698
0.9941655
0.9961009
0.9942788
0.9942684
0.9936121
0.993436
0.9823426
0.9811116
0.9844417
0.9866395
0.9883839
0.988699
0.9905387
0.9847221
0.9868351
0.9891837
0.9901471
0.9915687
0.9848203
0.986063
0.9953002
0.9942984
0.9907643
0.9947439
0.9903674
0.9902062
0.9846656
0.9954159
0.9873821
0.8863194
0.8846588
0.9121456
0.907448
0.9339273
0.9036001
0.9863397
0.9067205
0.9275205
0.9932202
0.9906429
0.9921533
0.9881634
0.9870188
0.9870238
0.9876769
0.9878962
0.9867043
0.9877401
0.9867893
0.9872948
0.9867115
0.9867291
0.9864302
0.9867287
0.9885032
0.8795082
0.873175
0.876499
0.9902436
0.9870072
0.9867003
0.9857686
0.986766
0.8586656
0.9888324
0.9892773
0.9872215
0.9886999
0.9887029
0.9879114
0.9871316
0.9870453
0.9898517
0.9891625
0.9887372
0.9881081
0.9882223
0.9876823
0.98755
0.9877336
0.9880528
0.9876966
0.9866552
0.9924389
0.9916154
0.9929178
0.9938679
0.9941949
0.9944233
0.9916602
0.9929749
0.9972222
0.9947164
0.9920914
0.9977876
0.9969278
0.9981577
0.9971661
0.9976263
0.9969605
0.9983227
0.9974462
0.9978495
0.9958578
0.9976335
0.9964459
0.9942186
0.9930859
0.99484
0.9966911
0.9967039
0.9957548
0.9971502
0.9942197
0.9914327
0.9953344
0.9954789
0.9913867
0.9934767
0.9936975
0.9947247
0.9963145
0.9922886
0.9981102
0.9944283
0.9948225
0.9907358
0.9950625
0.9938556
0.991499
0.9910485
0.9934783
0.9912036
0.9936134
0.990781
0.9940607
0.9911233
0.9930554
0.998112
0.9933014
0.9952652
0.9945079
0.9944259
0.9921156
0.9934611
0.9979334
0.9936166
0.9936095
0.9933979
0.9922924
0.9954741
0.9938258
0.9951035
0.9933804
0.9905432
0.9922116
0.9925453
0.9929816
0.9947871
0.9954476
0.9938231
0.9949194
0.9909811
0.9928211
0.9944994
0.99071
0.9950294
0.9928444
0.9952305
0.9932781
0.9925373
0.9925275
0.9949989
0.991453
0.9947976
0.9972709
0.9934153
0.9918232
0.9948298
0.9962481
0.9936292
0.9916776
0.9956246
0.9885728
0.9861363
0.9848901
0.9894084
0.9918059
0.9925786
0.9921386
0.9912929
0.9979716
0.9942715
0.9925169
0.9958904
0.996004
0.994908
0.9967477
0.9932496
0.9949589
0.9966549
0.9949367
0.9961457
0.9943311
0.9947664
0.9952667
0.9902569
0.9881589
0.9908549
0.9873764
0.9935219
0.9948102
0.992356
0.9914163
0.9890561
0.9923089
0.9929126
0.9926908
0.9906798
0.991099
0.9946622
0.9950469
0.9940865
0.9942467
0.9909301
0.9928616
0.9899975
0.9959589
0.9901876
0.9779979
0.9783875
0.9831614
0.9821749
0.987629
0.981751
0.9904624
0.9814053
0.9847964
0.9962339
0.9956718
0.9951517
0.992505
0.990522
0.9912281
0.9916422
0.9921178
0.9936609
0.9907461
0.9920658
0.9917773
0.9923529
0.9932169
0.9911169
0.9924888
0.991939
0.9792887
0.978912
0.9791494
0.9922714
0.9908349
0.9924877
0.9895516
0.9914998
0.9802715
0.9887038
0.9923444
0.9941358
0.9953522
0.9932263
0.9921191
0.9887365
0.9910598
0.9914404
0.993168
0.993394
0.9888839
0.9916439
0.9927798
0.9898687
0.9895486
0.9900361
0.9909405
0.9888841