0.994973
0.9947113
0.9960748
0.9956039
0.9964912
0.9981613
0.9965708
0.9964626
0.9975976
0.9576781
0.9915667
0.9949303
0.9880797
0.9489614
0.9944598
0.9926097
0.9941158
0.9934138
0.9925711
0.9968787
0.9947701
0.9945175
0.9947067
0.9952867
0.9960106
0.9964458
0.9880079
0.9874256
0.989158
0.954475
0.9954465
0.9507812
0.9879712
0.9881368
0.987945
0.9877264
0.9567083
0.9938532
0.9889513
0.9934668
0.9935656
0.9933036
0.994762
0.9886003
0.9912878
0.9898726
0.9910935
0.989541
0.9941827
0.994717
0.9829647
0.9614864
0.9940399
0.9896673
0.9882894
0.8795207
0.9864653
0.9870002
0.9936721
0.9585764
0.9956984
0.9598988
0.9519514
0.9959667
0.9944261
0.9668274
0.9876373
0.9907279
0.9640023
0.9919878
0.9962006
0.9959698
0.9734093
0.8659506
0.9837994
0.9000207
0.8788392
0.9855044
0.9875622
0.9924438
0.8864946
0.9585038
0.9952461
0.9935817
0.9903517
0.9946689
0.9953762
0.9965278
0.9953019
0.9979752
0.9968603
0.9968537
0.9877334
0.9887517
0.9863528
0.9897306
0.9907883
0.9902563
0.9883029
0.9884036
0.9958709
0.9951024
0.9972015
0.9978992
0.996926
0.9978712
0.9984
0.9983489
0.9963392
0.988403
0.9926332
0.995641
0.9888273
0.9894434
0.9938791
0.994582
0.9909233
0.9932048
0.9916925
0.9956625
0.9933848
0.993567
0.9948741
0.9973538
0.9964997
0.9943343
0.9897279
0.9875943
0.9890174
0.9880817
0.9948757
0.9907109
0.9877264
0.9878172
0.9879192
0.9886092
0.9895178
0.9916578
0.9945525
0.9903908
0.9930446
0.9925491
0.9953981
0.9901349
0.9896083
0.9896262
0.990519
0.9957257
0.9921553
0.9943963
0.9877049
0.991466
0.9950197
0.9910851
0.9884874
0.9896787
0.954239
0.9593546
0.9958778
0.9881792
0.9938414
0.9881521
0.9896986
0.9961735
0.9938414
0.989147
0.9909282
0.9915544
0.9931676
0.988408
0.9938319
0.993611
0.9909587
0.989374
0.9522376
0.9863619
0.9907639
0.9511998
0.9511902
0.9916263
0.9904334
0.9887383
0.9928771
0.9913057
0.9917019
0.9952401
0.9929772
0.9931793
0.9950095
0.996665
0.9970861
0.9960138
0.9875454
0.9891477
0.9893336
0.9920457
0.9923302
0.9889239
0.9875994
0.9878426
0.997982
0.9960938
0.9963603
0.9968117
0.9986201
0.998709
0.997408
0.9975955
0.9964602
0.9450485
0.9931583
0.9952618
0.9873239
0.9318633
0.9925503
0.9900642
0.9927837
0.9922276
0.9931299
0.9945925
0.9961365
0.992851
0.9954358
0.99614
0.9981733
0.9934853
0.9883227
0.9870749
0.9881843
0.9406402
0.9975155
0.9351616
0.9866914
0.9867332
0.9875918
0.9870698
0.9380149
0.9923465
0.9906328
0.9897725
0.9938758
0.994062
0.9959641
0.9849311
0.9875649
0.9870298
0.9900327
0.989669
0.9903865
0.9950495
0.9770954
0.9537572
0.9949058
0.9905824
0.9876481
0.9554592
0.9885924
0.9851881
0.9928203
0.9262928
0.9897295
0.9416716
0.941683
0.9927825
0.992002
0.9524638
0.9887067
0.9925102
0.9620617
0.9876964
0.9940045
0.9937888
0.975267
0.9580733
0.9901534
0.9699924
0.9606131
0.9878072
0.9890504
0.9879231
0.9618786
0.8988398
0.9928452
0.995669
0.9933938
0.9943308
0.996686
0.9961456
0.993508
0.9980075
0.9963955
0.996129
0.9856787
0.9885641
0.9886892
0.9927657
0.9934783
0.9898456
0.9875342
0.9868587
0.9924746
0.9945938
0.995612
0.9950561
0.9955169
0.9974368
0.9966968
0.9972197
0.9979094
0.9851121
0.9879162
0.9919188
0.8463466
0.9859284
0.9907358
0.9776097
0.9806181
0.9784445
0.9797078
0.9854519
0.987823
0.9887836
0.9882452
0.9915897
0.9945274
0.991916
0.9802411
0.8438584
0.8563766
0.9851818
0.9919203
0.9864141
0.8311738
0.8411034
0.8423648
0.8461394
0.9877039
0.9776729
0.9823065
0.9812798
0.9863194
0.9847085
0.9866265
0.9630042
0.9713764
0.9705874
0.9732663
0.9856284
0.9852381
0.9920153
0.9900227
0.985024
0.9922565
0.9905318
0.8460755
0.9869406
0.9871178
0.986354
0.9894181
0.9853667
0.9902224
0.9860561
0.986721
0.9915367
0.9903716
0.9860038
0.9045863
0.9493848
0.9861178
0.9821075
0.9905189
0.9908828
0.9857631
0.9874768
0.9875599
0.9870026
0.9870197
0.9871191
0.9843531
0.9812129
0.9883804
0.9843487
0.9879157
0.9852962
0.9847869
0.991876
0.9909461
0.9929178
0.9941091
0.9956209
0.9964632
0.9952183
0.8312267
0.8913837
0.8996941
0.9532436
0.9717599
0.9230342
0.8473107
0.8355793
0.9985185
0.9987562
0.996997
0.9993327
0.9969377
0.9975669
0.996331
0.9974359
0.9984947
0.9922422
0.9962724
0.9311328
0.9928325
0.991364
0.9842912
0.9943929
0.9955174
0.9938565
0.9944547
0.9936441
0.9966258
0.9969069
0.9931121
0.9927331
0.9979407
0.9949962
0.9899274
0.9933125
0.9936432
0.9922962
0.9880677
0.9897217
0.9924235
0.9931356
0.9930191
0.9932832
0.9904282
0.9928834
0.9914085
0.9908904
0.9940157
0.9907614
0.9947644
0.988758
0.9905604
0.9887218
0.9928285
0.9893062
0.9924004
0.945151
0.993944
0.9924887
0.9786892
0.9890068
0.9926963
0.9948374
0.9899657
0.9947104
0.9980281
0.9937312
0.952134
0.9964886
0.9939668
0.9626866
0.9546359
0.9927245
0.9927474
0.9962112
0.9924642
0.9941312
0.9923106
0.9892966
0.9928111
0.9912888
0.9920431
0.9962198
0.9928626
0.9922621
0.9907999
0.9902081
0.9906274
0.9911817
0.9940143
0.9990161
0.993349
0.9977484
0.9944428
0.9975565
0.9986353
0.997702
0.9971831
0.9975787
0.9919142
0.993472
0.9936642
0.9975295
0.9976103
0.9944899
0.9931592
0.99226
0.9965748
0.9974978
0.9964658
0.9951511
0.9975582
0.9973185
0.9973129
0.9974592
0.9967971
0.9910363
0.9907364
0.9945838
0.9826507
0.9911168
0.9917984
0.9871898
0.9896866
0.9935293
0.9894576
0.9930036
0.9932408
0.992126
0.9947991
0.9952685
0.9977136
0.9943685
0.9908133
0.9821692
0.9834299
0.9915493
0.9970018
0.9938871
0.9805797
0.9813444
0.9817296
0.9830014
0.9900537
0.9889585
0.9886969
0.989238
0.9926019
0.9936617
0.9939204
0.9859013
0.9885418
0.987113
0.9882785
0.9913043
0.9930544
0.9950179
0.9960215
0.9894422
0.9959259
0.9938308
0.9826717
0.9924631
0.9920519
0.992513
0.9931357
0.9914934
0.994991
0.9930665
0.9916377
0.995607
0.9953936
0.9924481
0.9834925
0.9896351
0.989899
0.9886581
0.9947833
0.9960104
0.9888732
0.9910686
0.9929847
0.9911336
0.9922111
0.9934452
0.9886708
0.9902341
0.9901692
0.9906852
0.9927094
0.9889099
0.9912985
0.9944228
0.9943045
0.9950381
0.9945231
0.9979984
0.9960921
0.9958788
0.9799173
0.9817869
0.9797586
0.9882185
0.992083
0.9826167
0.9819246
0.9818066
0.9942489
0.9973588
0.9961727
0.9970213
0.9969886
0.9971257
0.9978407
0.9967885
0.9981102
0.9929849
0.993352
0.9946698
0.9858652
0.9925585
0.9970136
0.9899226
0.9916324
0.9915367
0.9891437
0.992878
0.9925237
0.9937081
0.9920278
0.9966635
0.9953984
0.9962877
0.992309
0.985109
0.9860446
0.9945984
0.9963031
0.9935179
0.9844482
0.983866
0.9850244
0.9850674
0.9924296
0.9912382
0.9902439
0.991381
0.9940574
0.9900724
0.9941164
0.986824
0.9889006
0.9890533
0.9894114
0.9942425
0.9940293
0.995863
0.9965581
0.9942166
0.9976443
0.9970245
0.9860886
0.9966011
0.9930934
0.9941648
0.9932068
0.9936753
0.9953725
0.9957836
0.9950782
0.9949239
0.9965334
0.994384
0.9873131
0.9915859
0.9934962
0.9912625
0.9962963
0.9967779
0.9912709
0.9935897
0.9939372
0.9947071
0.991456
0.9949946
0.9905543
0.9922347
0.99587
0.9931338
0.9924342
0.9903518
0.9942832
0.9910117
0.9943404
0.9965863
0.9965473
0.9941955
0.9930589
0.9973734
0.9843919
0.9843991
0.9832537
0.9896957
0.9931669
0.9851242
0.9859225
0.9851801
0.9964734
0.9969576
0.9967972
0.9970392
0.998003
0.9991513
0.9988649
0.9979442
0.9977087
0.9906857
0.9966588
0.9942748
0.9888029
0.9940084
0.9945902
0.99519
0.9915694
0.9944344
0.988806
0.992338
0.9942022
0.9943991
0.9943636
0.996336
0.9956946
0.9969995
0.9928839
0.9888573
0.9891101
0.9933163
0.9967418
0.9956642
0.9868222
0.9877046
0.9878818
0.9883689
0.9944511
0.991679
0.9936851
0.9935138
0.9936215
0.9899809
0.9909778
0.9908573
0.9900531
0.9909479
0.9908431
0.9932763
0.9955001
0.9954091
0.9946004
0.9924782
0.9961024
0.9946135
0.988501
0.9930978
0.9919621
0.9915044
0.9964796
0.9932607
0.9948285
0.9942437
0.9936458
0.996209
0.9953754
0.9936621
0.9901897
0.9937954
0.9940559
0.9927595
0.992623
0.9951246
0.9931292
0.9955832
0.9911093
0.9950239
0.9929747
0.9914825
0.9943854
0.9932118
0.9938938
0.9922481
0.9932628
0.9939503
0.9956346
0.9943491
0.9948672
0.9976948
0.9974944
0.9967311
0.9980287
0.9951882
0.9872816
0.9879515
0.9882471
0.9934531
0.9956055
0.990583
0.9877887
0.9878194
0.996439
0.9959381
0.9975884
0.993531
0.9980958
0.9965582
0.9956016
0.9980488
0.9974302
0.9928088
0.9972695
0.9973126
0.9900752
0.9950886
0.9985211
0.9913339
0.9953941
0.9941156
0.994105
0.9966814
0.9942255
0.9952008
0.9949122
0.9972058
0.9968334
0.9970024
0.9934184
0.9899189
0.989895
0.9951752
0.9985115
0.9959966
0.9891788
0.9885559
0.9893425
0.9897818
0.9961905
0.9907389
0.9927885
0.9937244
0.9920472
0.9899068
0.9925906
0.9910165
0.9923037
0.9927759
0.9939748
0.99323
0.9962744
0.9976338
0.9973404
0.9955678
0.997858
0.9976429
0.9900676
0.9939144
0.9949306
0.9966821
0.9953956
0.9955574
0.9976148
0.9940527
0.9925564
0.9991106
0.9982122
0.9961961
0.991564
0.9930582
0.9936387
0.9944098
0.9997019
0.9958395
0.9949728
0.9946202
0.995042
0.9940299
0.9959289
0.9954555
0.9937701
0.9944134
0.9936723
0.9944833
0.9932261
0.9956874
0.9912521
0.9964961
0.996875
0.9944931
0.9967195
0.9970078
0.9972032
0.9978207
0.9895472
0.9897211
0.989427
0.9930068
0.9944262
0.9906677
0.9900482
0.9900938
0.9969479
0.9973369
0.9980248
0.9971703
0.9991404
0.9976744
0.9983344
0.9989612
0.998818
0.993838
0.994075
0.9984192
0.9905996
0.9928635
0.9974906
0.9951032
0.990434
0.9957128
0.9916605
0.9911772
0.9960537
0.9960244
0.9946538
0.9970307
0.9952767
0.9952245
0.9925327
0.9913073
0.991578
0.992333
0.9971564
0.9931778
0.9899607
0.9904556
0.9906708
0.9906738
0.9949227
0.9930584
0.9915564
0.993168
0.9910955
0.9932213
0.9905107
0.9887677
0.9889292
0.9894954
0.9914692
0.9952262
0.9947332
0.9952889
0.9952949
0.9951616
0.996095
0.9956223
0.9905546
0.9952467
0.9944777
0.9928158
0.9949858
0.9962563
0.9965201
0.9949149
0.9940265
0.9955864
0.9958848
0.9938217
0.9916548
0.995161
0.991366
0.9941717
0.998735
0.9927353
0.9934469
0.9961926
0.994152
0.9953406
0.9950827
0.9972973
0.996427
0.9924488
0.9970515
0.9924695
0.9942328
0.9962574
0.9923867
0.9955969
0.9962198
0.9968545
0.995091
0.996509
0.9983509
0.9963552
0.9894748
0.9915611
0.9903648
0.994831
0.996556
0.9921925
0.9913791
0.9904834
0.9957409
0.9977998
0.9976622
0.996482
0.9979198
0.9968826
0.9986121
0.9989158
0.9991729
0.9936695
0.9952724
0.9970375
0.9917603
0.9972621
0.9960823
0.9931985
0.9944114
0.9952511
0.993187
0.991404
0.9915393
0.994516
0.9969689
0.9982841
0.9964875
0.9956982
0.9942663
0.9916172
0.9917628
0.9948384
0.9977019
0.9975242
0.990751
0.9911046
0.9911322
0.9912698
0.9954669
0.9905581
0.9922626
0.9911088
0.9958368
0.9929913
0.9945355
0.988542
0.9931646
0.9906076
0.9928322
0.9972008
0.9948199
0.9964134
0.9957641
0.9963899
0.9945726
0.9944697
0.9917184
0.9941766
0.9936049
0.9930887
0.9968715
0.9959267
0.9970414
0.9940896
0.9945479
0.9980386
0.9963816
0.9968362
0.9930952
0.9945363
0.9961521
0.9949355
0.9976959
0.9934383
0.9957475
0.9965486
0.9958458
0.9938356
0.9958687
0.9958266
0.9960973
0.9958057
0.9948586
0.996146
0.9964375
0.9937922
0.9934948
0.9934327
0.9961009
0.9948468
0.9955144
0.9967008
0.9979381
0.9979325
0.9903817
0.9911926
0.9902084
0.9935964
0.995076
0.9909059
0.9915953
0.9918073
0.9961861
0.9970996
0.9993094
0.999654
0.9989425
0.9991533
0.9991497
0.9968624
0.9968119
0.9943546
0.9961696
0.9948042
0.994423
0.9958409
0.9984246
0.9958596
0.9950209
0.996567
0.9951731
0.9956474
0.9952351
0.9948702
0.9964482
0.9974801
0.9956803
1.
0.9944989
0.994266
0.9944896
0.9984775
0.9972156
0.9969309
0.9940516
0.993663
0.9942483
0.9937657
0.9951044
0.9955399
0.9941239
0.9948625
0.9944607
0.9917628
0.9969543
0.9943922
0.9959167
0.9940501
0.9937473
0.9960021
0.9965091
0.9980323
0.9992151
0.9948665
0.9954564
0.9972571
0.9943399
0.9952229
0.9970318
0.99674
0.9954303
0.9982042
0.9964143
0.9974247
0.996133
0.9972288
0.9972134
0.9958879
0.9943459
0.9970536
0.9953668
0.9947562
0.9972067
0.9960412
0.9967022
0.997644
0.9960568
0.9945511
0.9963437
0.9963012
0.9963418
0.9965026
0.9978729
0.9969104
0.9950758
0.9947507
0.9962144
0.9941742
0.9960808
0.9987382
0.9975177
0.9968013
0.9970551
0.9987358
0.9936886
0.9946835
0.9939799
0.9969525
0.9978462
0.995329
0.9943047
0.9938069
0.9974227
0.9957251
0.9985896
0.998232
0.9974775
0.9991319
0.9982548
0.9967786
0.9950577
0.9955775
0.996112
0.997552
0.9952222
0.9984206
0.9963651
0.9966122
0.9965802
0.9963213
0.9949001
0.99807
0.9974169
0.9937868
0.9976996
0.9991405
0.9982324
0.9971288
0.9961259
0.9952123
0.9951614
0.9984548
0.9967413
0.9981851
0.995296
0.9951473
0.9952489
0.9952093
0.9963427
0.9957173
0.9934853
0.9963145
0.9956882
0.9966578
0.9972395
0.9959847
0.9954527
0.9946248
0.9947655
0.9953954
0.9964539
0.9991955
0.9983923
0.996619
0.9991568
0.9979968
0.9952867
0.9965007
0.9969846
0.9983467
0.9963964
0.9958235
0.997556
0.9960733
0.9968619
0.9979757
0.9971475
0.9958257
0.9948496
0.9952587
0.9971309
0.9965453
1.
0.9971671
0.9969112
0.9973411
0.9978684
0.9981627
0.9960212
0.996782
0.9960191
0.9964512
0.9975689
0.9976495
0.9946183
0.9963288
0.9971808
0.9988204
0.9957029
0.9983928
0.9967391
0.9959033
0.9991394
0.9974048
0.9956936
0.9957411
0.994643
0.9950825
0.9958392
0.9951732
0.9954228
0.995522
0.9980973
0.9971851
0.9977186
0.9973303
0.998835
0.9971374
0.9966427
0.9969543
0.9993846
0.9975329
0.9980885
0.9968833
0.9957255
0.998888
1.
0.9966771
0.9964338
0.9972305
0.9944457
0.9997084
0.9951507
0.9943997
0.9975343
0.9976415
0.9980573
0.9973154
0.9946442
0.9956778
0.9956997
0.997006
0.996446
0.9978094
0.9949008
0.9945809
0.99542
0.995102
0.9988993
0.99575
0.9965636
0.996397
0.9985816
0.9928006
0.9970304
0.995639
0.9969841
0.9959587
0.995897
0.9979989
0.9968245
0.9978061
0.9978099
0.9975309
0.9990775
0.9991285
0.9957332
0.9977247
0.9959314
0.9967836
0.9991874
0.9977992
0.9982246
0.9988972
0.9983453
0.9982356
0.998669
0.9978004
0.9963373
0.9970799
0.997798
0.996911
0.9977738
0.9973545
0.997557
0.9971886
0.9957651
0.9969461
0.9969188
0.9937411
0.9955094
0.9973298
0.998
0.99807
0.9979296
0.9976626
0.9964278
0.9971716
0.9967299
0.9965541
0.9976553
0.9986631
0.9995285
0.9957245
0.995065
0.9957674
0.9951635
0.9967774
0.9975863
0.995917
0.9955908
0.9954722
0.9969722
0.9996437
0.9984556
0.9984514
0.9980245
0.9995143
1.
0.9984464
0.9987358
0.9994464
0.9975124
0.9963686
0.9957915
0.9971823
0.997313
0.996858
0.9995781
0.9948287
0.9970924
0.9967427
0.997194
0.9978761
0.9971388
0.9951761
0.9975198
0.9954317
0.9974293
0.9960637
0.9959953
0.9950345
0.9995487
0.9975062
0.9958148
0.9955648
0.9956593
0.9959607
0.9949693
0.992906
0.997974
0.9953457
0.9978386
0.9970888
0.9962264
0.9952199
0.997828
0.9956926
0.9958573
0.9968134
0.9947291
0.9982127
0.9968736
0.9955506
0.9966997
0.9973321
0.9957994
0.9965418
0.9970614
0.9952564
0.9967042
0.9963768
0.9963752
0.9963647
0.9972067
0.9977518
0.9977376
0.9977747
0.9959541
0.9972056
0.9977722
0.9971591
0.9986401
0.9968539
0.9972535
0.9977253
0.9971469
0.9960641
0.9965977
0.9956897
0.997449
0.9956722
0.9979757
0.9960872
0.9962343
0.9963504
0.9968214
0.9987281
0.9986764
0.9965035
0.9968191
0.9977273
0.996139
0.997581
0.9956808
0.9946228
0.9950648
0.9974082
0.9978012
0.9959417
0.9958843
0.9954791
0.9980737
0.9967811
0.9992275
0.9980613
0.9996051
0.9980516
0.9980421
0.9963617
0.9993671
0.9975021
0.9986184
0.9945355
0.9962264
0.9951964
0.9964093
0.9970662
0.9949099
0.996124
0.9970904
0.9985207
0.9954274
0.9989381
0.9942549
0.9917596
0.9945192
0.9981752
0.9943226
0.9958698
0.995947
0.996139
0.9959184
0.9975042
0.9958147
0.9958266
0.996121
0.996156
0.997209
0.9949393
0.9965187
0.9956753
0.9963886
0.992682
0.9977367
0.9929051
0.9921311
0.9954618
0.9967786
0.9968107
0.9982477
0.9950628
0.9973178
0.9966639
0.9976415
0.9955397
0.9960998
0.9976952
0.9970588
0.9973349
0.9983535
0.9944103
0.9931725
0.9980441
0.994111
0.9972973
0.9945455
0.9960959
0.9961704
0.9967132
0.9952501
0.9971567
0.9968167
0.9977518
0.9958712
0.9985783
0.9991451
0.9963432
0.9957398
0.9982788
0.9974468
0.997839
0.9962308
0.9949594
0.9968619
0.9980699
0.9968193
0.9974506
0.997679
0.998253
0.9972145
0.9986357
0.9995183
0.9961184
0.9959593
0.996785
0.995126
0.997136
0.9978555
0.9957926
0.9960809
0.9961862
0.9971396
0.9988751
0.9983687
0.9995915
0.9987474
0.9989583
0.996852
1.
0.998615
0.9974048
0.9971256
0.9961259
0.9961441
0.9973623
0.9966571
0.9969808
0.9967313
0.9975642
0.9967682
0.9941195
0.995941
0.9970205
0.9950999
0.9958699
0.9973376
0.996592
0.9943865
0.996359
0.9962399
0.9982852
0.9975892
0.9962504
0.9960588
0.996041
0.9961962
0.9963172
0.9970998
0.996338
0.9981917
0.9965205
0.9969651
0.9957806
0.9964186
0.9943003
0.9973118
0.9964929
0.9961986
0.9960749
0.9987846
0.9966619
0.9966683
0.999424
0.9979859
0.9962067
0.9960268
0.9985025
0.9963224
0.998151
0.9965744
0.9985541
0.9946757
0.9988396
0.9988399
0.9951946
0.9946757
0.9979757
0.9970794
0.9979906
0.9959385
0.9946651
0.9970944
0.999044
0.9957118
0.9991135
0.9982201
0.9994171
0.9988225
0.9985084
0.9961607
0.9980381
0.9972875
0.9959302
0.9984956
0.9982336
0.9982563
0.9963333
0.9975703
0.9996338
0.99832
0.9970888
0.9969008
0.9984464
0.9961104
0.9968215
0.9959402
0.9971546
0.9982297
0.996343
0.9962431
0.9964093
0.994543
0.9954947
0.995502
0.9974829
0.9980051
0.9976176
0.9974135
0.995716
0.997369
0.9916018
0.992078
0.9908791
0.9797108
0.9904409
0.9919013
0.9852577
0.9883538
0.9856878
0.9873984
0.9887409
0.9878851
0.9932538
0.9902388
0.9934511
0.9933695
0.9935984
0.9845224
0.9780618
0.9808684
0.9917908
0.9947866
0.9889824
0.9768385
0.9775287
0.9779996
0.9786677
0.9921947
0.9838027
0.9864886
0.9846284
0.9905545
0.98552
0.9879971
0.9752641
0.9780914
0.9841161
0.9784632
0.9899812
0.9894571
0.9909336
0.9911351
0.9888174
0.9905307
0.9934741
0.9792764
0.9931539
0.9905393
0.9905033
0.9947026
0.9895738
0.9887291
0.9889333
0.9895561
0.9916908
0.9922541
0.9901961
0.9814083
0.9914068
0.9897255
0.9874185
0.9896987
0.9915009
0.9928712
0.991953
0.9945896
0.9923195
0.992748
0.9898738
0.9899396
0.9853142
0.9943908
0.9890937
0.9915825
0.9914462
0.9929587
0.9952529
0.9941472
0.9957148
0.9948942
0.9974908
0.9952428
0.9976233
0.9743934
0.9802947
0.9796634
0.9917128
0.9944822
0.9842476
0.9794648
0.9779012
0.9960346
0.9968214
0.9977827
0.993757
0.9954975
0.9992468
0.9977313
0.9984432
0.9959954
0.9901586
0.9931097
0.9939202
0.9851014
0.9924688
0.9905477
0.9874849
0.9915306
0.9895753
0.988161
0.9910765
0.9928436
0.9910923
0.9908257
0.9954899
0.9961851
0.9934114
0.9869588
0.9851872
0.9862722
0.9903916
0.9956364
0.9881365
0.9826917
0.9846311
0.9840373
0.9847933
0.9914155
0.9907645
0.9874084
0.987725
0.9896996
0.9878945
0.9918663
0.9815629
0.983367
0.981247
0.9830207
0.9927103
0.9915318
0.9917755
0.98787
0.993274
0.9915423
0.9893643
0.9849638
0.9906682
0.9922612
0.9931805
0.9947748
0.99271
0.9931923
0.9904814
0.9899286
0.992483
0.9936817
0.9916104
0.9871423
0.9943901
0.9917883
0.9886932
0.9914634
0.9934641
0.9916832
0.9913027
0.990538
0.991931
0.9920693
0.9912542
0.991322
0.9897886
0.9930893
0.9917778
0.9937145
0.9900551
0.9939577
0.9946513
0.9943136
0.99476
0.9961643
0.9973301
0.9977483
0.9982461
0.9821819
0.9853751
0.9857994
0.9928745
0.9956824
0.9893635
0.984425
0.9840708
0.9959395
0.9971684
0.9968007
0.9981714
0.9988445
0.9968783
0.9966084
0.9973118
0.9970326
0.9865143
0.991445
0.991696
0.9850538
0.9915254
0.9884683
0.9915773
0.9898022
0.9880971
0.9890534
0.9892767
0.991114
0.9925974
0.9881214
0.9914197
0.9957906
0.995474
0.9844892
0.9841949
0.9866773
0.9894091
0.9947395
0.9895483
0.9825323
0.9841265
0.9851767
0.9848822
0.9872276
0.9873662
0.9857253
0.9846154
0.9891808
0.984835
0.9872727
0.9763357
0.9828626
0.9778362
0.9845012
0.9938779
0.9911248
0.992515
0.9854418
0.9897254
0.9899614
0.9887668
0.985169
0.9888889
0.987167
0.9920295
0.9948349
0.9879992
0.9868654
0.9904387
0.9910079
0.9922384
0.9891633
0.9868643
0.9861779
0.9941056
0.988943
0.9861032
0.9914379
0.9881939
0.9886743
0.990897
0.9904961
0.9909757
0.9880501
0.9887232
0.9853501
0.9830164
0.9944572
0.9875986
0.9949703
0.9928405
0.9956936
0.9943055
0.9960441
0.9965591
0.996748
0.9969917
0.996115
0.9992238
0.9813129
0.985993
0.9861319
0.9940615
0.9965269
0.9899536
0.9853936
0.9846221
0.9957383
0.9955959
0.9975369
0.9975322
0.9972184
0.9983995
0.9974285
0.9976636
0.9969754
0.9933376
0.9924909
0.9935563
0.9894768
0.9936943
0.9963592
0.9894773
0.9899183
0.9899595
0.991647
0.995266
0.9925622
0.9927686
0.994026
0.9942565
0.9970789
0.9944615
0.9927022
0.9894453
0.9906453
0.9905741
0.9904762
0.994206
0.989118
0.9893764
0.9893645
0.989294
0.990915
0.9909982
0.9926634
0.9891277
0.9908281
0.9944795
0.9943366
0.9839332
0.9921972
0.9887826
0.9893953
0.9931126
0.9935167
0.993311
0.9936248
0.9922497
0.9974914
0.9966797
0.9899242
0.9953642
0.9934875
0.9918589
0.9951053
0.9902703
0.9935642
0.9924292
0.9930841
0.995431
0.9957187
0.9926693
0.9910684
0.9951513
0.9928803
0.9887863
0.9938613
0.9911369
0.9942468
0.9912165
0.9920844
0.995236
0.9949836
0.9944922
0.9903551
0.9932632
0.9953468
0.9926518
0.9941711
0.9963306
0.9949775
0.9928367
0.9965695
0.9956655
0.9977679
0.9969363
0.9968143
0.9987249
0.9872191
0.9906436
0.989915
0.9954067
0.9975195
0.9917527
0.9896464
0.9893271
0.9963727
0.9963667
0.9964339
0.9979185
0.99546
0.9968243
0.9971681
0.9963059
0.9966087
0.992209
0.9954442
0.9925976
0.9911752
0.9914053
0.9933378
0.9925872
0.9921561
0.9946485
0.9936951
0.9912938
0.9936447
0.9924728
0.9958007
0.994386
0.9949821
0.9976471
0.9937688
0.9910597
0.9917674
0.9934046
0.9959839
0.9947465
0.9900261
0.9902808
0.9906042
0.9909814
0.9956422
0.9915218
0.9916865
0.9907162
0.9915134
0.9902996
0.9932749
0.9889484
0.9889472
0.9881599
0.9891966
0.9928843
0.9923518
0.9960173
0.9936877
0.9956581
0.9941258
0.9903622
0.9914425
0.9917258
0.9952107
0.9975973
0.9943324
0.9942647
0.9922689
0.9965573
0.9947126
0.9936519
0.9926075
0.9965683
0.9917233
0.9955023
0.9944929
0.9899297
0.9939475
0.9956696
0.9925017
0.994867
0.9946199
0.9953853
0.9932448
0.9962459
0.9946474
0.9926059
0.9957447
0.994946
0.9960425
0.9957682
0.9954479
0.9961705
0.9981589
0.9975302
0.9978781
0.9969789
0.9961431
0.9961322
0.9899873
0.9911589
0.9926173
0.9953679
0.9964599
0.9916841
0.9914531
0.9915084
0.9986839
1.
0.9985455
0.9974453
0.9985141
0.9990983
0.9963669
0.9976065
0.9988519
0.9957435
0.9968212
0.9949131
0.9948024
0.9962213
0.9966541
0.9922623
0.991358
0.9945822
0.9945876
0.9971735
0.9973431
0.9942838
0.9928644
0.9928154
0.9953938
0.997876
0.9933052
0.9940639
0.9946199
0.9968346
0.9970464
0.9962806
0.9940844
0.9943254
0.9943004
0.9945599
0.9959904
0.9948955
0.9936093
0.993038
0.994188
0.9930939
0.9892473
0.9901156
0.9941003
0.9923161
0.9915273
0.9952856
0.9935574
0.9932942
0.9966639
0.9965416
0.9947276
0.9966764
0.9947494
0.9972467
0.9946539
0.9949023
0.9960506
0.9959957
0.9902211
0.9978615
0.997058
0.9911318
0.9936441
0.9930425
0.9934575
0.9970872
0.9941129
0.9937278
0.9944822
0.993266
0.9939282
0.9975517
0.9959016
0.9978512
0.9972892
0.9956032
0.9945608
0.9953307
0.9972337
0.9973276
0.9967624
0.9975119
0.9981576
0.9993952
0.9962193
0.9986781
0.9973842
0.9987299
0.9955157
0.9991031
0.9934469
0.9946194
0.9942913
0.9969092
0.9981086
0.9962864
0.994612
0.9946346
0.9971838
0.9980488
0.9986029
0.9989499
0.9975018
0.9995712
0.9991383
0.9995467
0.9989218
0.996904
0.9956219
0.994739
0.9946727
0.9973836
0.9968051
0.9968292
0.994587
0.9942974
0.9934405
0.997261
0.9935733
0.9964436
0.9941157
0.9953092
0.9943007
0.9963459
0.9942155
0.9943903
0.994978
0.9958974
0.9995982
0.9976816
0.9941121
0.9944787
0.9942767
0.9942922
0.9971488
0.9957447
0.9959677
0.9898835
0.9977034
0.9956897
0.9982923
0.9943606
0.9948581
0.9953001
0.9958848
0.9959688
0.996208
0.9927913
0.9940096
0.9963834
0.9974948
0.9984152
0.9945612
0.9965259
0.9970068
0.9980848
0.9964213
0.9979307
0.9951535
0.998444
0.9989635
0.9971944
0.9967742
0.9974133
0.9942603
0.9968176
0.9942857
0.9970992
0.9951417
0.9971978
0.9951344
0.9976247
0.9981486
0.9963446
0.9960495
0.9978723
0.9960474
0.9947037
0.9962406
0.9987047
0.9978261
0.9949218
0.9955868
0.9953024
0.9960438
0.9980873
0.9974901
0.9959481
0.9978705
0.998719
0.9936983
0.9948649
0.9933002
0.9956582
0.9971148
0.9948814
0.9940667
0.9942606
0.9975599
0.9978231
0.9982674
0.9973936
0.9958787
0.9993181
0.9951907
0.9967857
0.9983707
0.9901035
0.9935167
0.994133
0.9905922
0.9938734
0.9919068
0.9936034
0.9946304
0.9896042
0.9894399
0.9943383
0.9940733
0.9945741
0.9961801
0.9972881
0.9979239
0.9894806
0.9902728
0.9905338
0.991677
0.9910674
0.9895425
0.9935036
0.9888872
0.98987
0.9898881
0.9902255
0.9902891
0.9885297
0.9904562
0.9867395
0.9933939
0.9908282
0.9937375
0.9834163
0.9902502
0.9893313
0.9897782
0.9928024
0.9929874
0.9883155
0.9909473
0.991232
0.9932953
0.9899968
0.9906152
0.9919019
0.9938996
0.9902913
0.9926585
0.9909829
0.9908556
0.9932341
0.9914163
0.9925349
0.9908556
0.9928025
0.9912896
0.9965003
0.9939285
0.9882866
0.9918274
0.9941729
0.9913082
0.9929046
0.9942726
0.9952542
0.9906243
0.990529
0.9931538
0.9885362
0.9935065
0.988222
0.9946837
0.9929232
0.995343
0.9945027
0.99614
0.9986631
0.9955661
0.9980481
1.
0.9962534
0.9888571
0.9914534
0.9907649
0.9963845
0.9974269
0.9932828
0.9904164
0.9899021
0.9974602
0.9962783
0.9972586
0.9972527
0.9972093
0.9992743
0.9992717
0.9977152
0.9933833
0.9929956
0.9969852
0.9951641
0.9913134
0.9952797
0.9948665
0.9957906
0.9955687
0.9934309
0.9951522
0.9931
0.9940611
0.9914261
0.9893218
0.9934853
0.996679
0.9958406
0.9943132
0.9908969
0.992156
0.9923398
0.9979374
0.9932354
0.9900905
0.9906401
0.9906063
0.990768
0.9953205
0.9904947
0.9888187
0.9885808
0.9880779
0.9885798
0.9906823
0.9870682
0.9922216
0.9899547
0.9859748
0.9949275
0.9929303
0.9952153
0.994192
0.995338
0.9950213
0.9955782
0.9914743
0.9956752
0.9953568
0.9963163
0.9976964
0.9960299
0.9923902
0.9974275
0.9938996
0.9972593
0.9937824
0.9953282
0.9922137
0.9965295
0.9920244
0.9923737
0.9975862
0.9945093
0.9916531
0.9973884
0.9973822
0.9964739
0.9943033
0.9959291
0.9962076
0.9917714
0.9961418
0.9931941
0.995981
0.9955132
0.9955621
0.9963475
0.9959558
0.9963432
0.9968857
0.9986202
0.9934783
0.9974665
0.9900742
0.9908645
0.9917186
0.9959205
0.9978154
0.9938338
0.9909922
0.9911223
0.9991564
0.999265
0.9996013
0.9987995
0.9979558
0.9984787
0.9984709
1.
0.9973244
0.9968741
0.9977363
0.9971698
0.9958171
0.9968236
0.9962721
0.9970149
0.9980637
0.9958342
0.9956621
0.9975721
0.9931034
0.9981758
0.9981577
0.9974912
0.9979296
0.9962013
0.9963168
0.9957501
0.9963137
0.9963329
0.9962335
0.9968768
0.9955716
0.9957182
0.9957259
0.9955953
0.994559
0.9966469
0.9955384
0.9958974
0.9962784
0.9939736
0.9961014
0.9963114
0.9955644
0.9949109
0.9955389
0.996733
0.9948964
0.9981421
0.9976809
0.9957289
0.9980383
0.9972274
0.9959124
0.9976394
0.9957755
0.9990912
0.9969075
0.9951415
0.9971751
0.9962761
0.9959897
0.9967244
0.9924314
0.996291
0.9952114
0.9972863
0.9968598
0.9944542
0.9981132
0.9957905
0.9952099
0.9985444
0.997955
0.9950995
0.9973875
0.9991195
0.9976771
0.997236
0.994945
0.9968535
0.9968072
0.9967213
0.9987077
0.9993468
0.9986381
0.9971192
0.9983566
0.9976359
0.997991
1.
0.9953124
0.9962439
0.996255
0.9980373
0.9984774
0.9968847
0.995674
0.9960152
0.9900245
0.9931271
0.9921946
0.993113
0.9933542
0.9957734
0.9944208
0.9953069
0.996485
0.9897714
0.9890656
0.9950629
0.8664992
0.9900562
0.9939732
0.9851209
0.9844075
0.9856608
0.9846778
0.9881697
0.9914478
0.9909692
0.9921843
0.9942569
0.9957688
0.9943878
0.9874631
0.8640109
0.8656055
0.9902693
0.9937729
0.9902355
0.8751936
0.8726967
0.8693513
0.8726492
0.9905021
0.9865923
0.9868185
0.9913755
0.9922905
0.992285
0.9925429
0.9806418
0.9845158
0.9824949
0.9861653
0.9896745
0.9903234
0.9933277
0.9947876
0.9905879
0.9946298
0.9952929
0.8668876
0.9901448
0.9891667
0.9928264
0.9898636
0.9903127
0.9936039
0.9909361
0.9903916
0.9932972
0.9932665
0.9893588
0.8940642
0.9017935
0.9896306
0.9888453
0.9935185
0.9936912
0.9892363
0.9905112
0.9898531
0.9905775
0.9902692
0.9896835
0.9897772
0.9885188
0.9897572
0.9900378
0.9850444
0.9848353
0.9854199
0.991818
0.9911832
0.99206
0.9937142
0.9944449
0.9953542
0.9952969
0.8827285
0.911933
0.9148513
0.9220349
0.9201282
0.9105594
0.8729325
0.8742606
0.9845669
0.9886298
0.9901758
0.9902326
0.9901593
0.9940009
0.992547
0.9931762
0.9958922
0.9932157
0.9894356
0.9965539
0.909471
0.9920966
0.9956189
0.9887757
0.9875401
0.9898474
0.9895181
0.9922584
0.9945719
0.9939314
0.9944476
0.9960113
0.996122
0.9956138
0.99251
0.9027864
0.8998863
0.9917462
0.9940579
0.9925356
0.9250435
0.9182982
0.9157042
0.9128367
0.9917637
0.9930873
0.9927307
0.9963473
0.9961202
0.9949901
0.9962803
0.9934067
0.9926013
0.9933678
0.9928558
0.9921607
0.9918971
0.9962642
0.9965867
0.9928181
0.9962811
0.9958555
0.9097723
0.991309
0.9918068
0.9934289
0.9897285
0.9920776
0.9957039
0.9917621
0.9919614
0.995236
0.9954103
0.9925325
0.9197614
0.8442952
0.9917929
0.9941077
0.9961726
0.9960872
0.9921455
0.9904061
0.9913742
0.9908464
0.9896668
0.9921963
0.9924048
0.9925839
0.9909047
0.9931829
0.9872262
0.9870158
0.9871203
0.9922631
0.992813
0.9913592
0.9943732
0.9943503
0.9960109
0.9939143
0.9352434
0.9406402
0.9431822
0.8846206
0.8251374
0.9276308
0.9131607
0.9199898
0.9892156
0.9914834
0.9915196
0.9924875
0.9946243
0.9951892
0.9940235
0.9955391
0.9970706
0.9914485
0.9866323
0.9955461
0.8767373
0.9916408
0.9948196
0.988535
0.9879747
0.9872287
0.9871047
0.9912433
0.9929387
0.993683
0.9927467
0.9943971
0.9957346
0.9955141
0.9902038
0.8727162
0.8687883
0.9902187
0.9957599
0.9907129
0.890726
0.889849
0.8869004
0.8869577
0.9919442
0.9846163
0.9870447
0.9909383
0.9926517
0.9904731
0.9934396
0.9837437
0.9857367
0.9873458
0.9853131
0.9910555
0.9909587
0.994881
0.9948511
0.9907997
0.9958399
0.9945481
0.8795071
0.9911787
0.9909534
0.9917768
0.9894841
0.9892316
0.9951814
0.9895236
0.9902921
0.9954269
0.9955771
0.9909447
0.9118164
0.8917985
0.9884909
0.9895647
0.9949368
0.9944833
0.9898966
0.990924
0.9895897
0.9892517
0.9904846
0.9910934
0.9895076
0.9903563
0.9909376
0.9908533
0.9867888
0.9867714
0.9866496
0.9915096
0.9926152
0.9941094
0.9941387
0.9947228
0.9954673
0.9962603
0.9100116
0.9262422
0.9331693
0.9229569
0.9042129
0.9299754
0.8872754
0.8884652
0.9910898
0.9947389
0.9955869
0.9953283
0.995348
0.9965697
0.9966471
0.9961659
0.9976608
0.9879057
0.9897415
0.995413
0.8591831
0.9879396
0.9939834
0.9829016
0.9841328
0.9839274
0.9839812
0.9873228
0.9899798
0.991576
0.9910531
0.9945611
0.9944999
0.9942122
0.9859879
0.8671184
0.8663521
0.9876338
0.9947104
0.9886964
0.8650813
0.8674086
0.8573264
0.8690999
0.9881039
0.9874834
0.9888308
0.9903822
0.9905043
0.991896
0.9914871
0.9803176
0.9827774
0.9824209
0.9846894
0.9884988
0.9879268
0.9940621
0.9929662
0.9880832
0.99569
0.9939337
0.8604879
0.9893724
0.9895328
0.989194
0.9889861
0.9884368
0.9932743
0.9892229
0.9886885
0.9943992
0.9938752
0.9892522
0.9073164
0.935992
0.9898614
0.9892834
0.9940831
0.992859
0.9885023
0.9895368
0.9906542
0.9889379
0.9902785
0.9906495
0.9896164
0.9872736
0.9893168
0.9879497
0.9843293
0.9860305
0.9835295
0.9909777
0.9911037
0.9919712
0.9938979
0.9946305
0.9957368
0.9956315
0.8642466
0.8990965
0.906891
0.9352984
0.9501007
0.9175003
0.8674829
0.8539116
0.9849021
0.9886922
0.9903686
0.9893858
0.9891454
0.9944238
0.993841
0.9942794
0.9966011
0.9915862
0.9895312
0.9957014
0.8980028
0.9917217
0.9964813
0.9898902
0.9888268
0.9901236
0.9894561
0.9919575
0.9932941
0.9936867
0.9941044
0.9961406
0.9962858
0.9950469
0.9915711
0.8955092
0.8913348
0.9921292
0.9948481
0.9911955
0.9178799
0.91357
0.9037381
0.9069681
0.9915824
0.9929178
0.9926337
0.9960327
0.9961329
0.9958582
0.9955257
0.9938086
0.9927867
0.993568
0.9929353
0.9918005
0.9924078
0.9970822
0.9966822
0.9913166
0.9969736
0.9965578
0.8973592
0.9890506
0.9923305
0.9926696
0.9879656
0.9905305
0.9960029
0.9909934
0.9910181
0.9957535
0.9963038
0.9917061
0.9194925
0.8270651
0.9922186
0.9939156
0.9966541
0.9962302
0.9920087
0.9909058
0.9919088
0.9894678
0.9892135
0.9920519
0.9922558
0.9923618
0.9917764
0.9922172
0.9870216
0.9880173
0.9885134
0.9927499
0.9918363
0.9910578
0.9946377
0.993512
0.9952086
0.9940971
0.9289236
0.9352103
0.9359219
0.8499338
0.7944434
0.91343
0.9043291
0.909473
0.9871208
0.9904337
0.9918381
0.9922351
0.9924173
0.9940867
0.9940474
0.9947219
0.996834
0.9892316
0.9881671
0.9963228
0.8323333
0.98995
0.9951506
0.9851232
0.9855906
0.9859214
0.9855226
0.9898619
0.9928963
0.9915722
0.9923798
0.9953644
0.9952638
0.9943113
0.9890648
0.8262436
0.8163205
0.9897789
0.9949209
0.9897182
0.8524769
0.8449327
0.8409414
0.8397703
0.9898635
0.9879822
0.9882624
0.9927489
0.9923012
0.9927316
0.9938515
0.9858883
0.9880482
0.9874537
0.9881968
0.9906059
0.9891764
0.9958897
0.9956439
0.9893432
0.995805
0.9952658
0.8338562
0.9891113
0.9894352
0.9915286
0.9884911
0.989528
0.9948068
0.9897874
0.9896942
0.9950738
0.9951104
0.9898461
0.8910519
0.8481334
0.988592
0.9898511
0.9952047
0.9945807
0.9898551
0.9888388
0.9893615
0.9896905
0.9890104
0.9895074
0.9895905
0.9885599
0.9898201
0.9899935
0.9846641
0.9852403
0.9841096
0.9909646
0.9917534
0.9922196
0.9943459
0.9939507
0.9948887
0.9945643
0.8759283
0.9060048
0.914857
0.8843766
0.8553092
0.9071779
0.846763
0.8434825
0.9925882
0.9946786
0.9955094
0.9950137
0.9952846
0.9975347
0.9968764
0.9972422
0.9978785
0.9846854
0.9880151
0.9915323
0.8534583
0.9857621
0.9904682
0.977678
0.9808802
0.9786489
0.979078
0.9849804
0.9880433
0.9886241
0.987836
0.9915616
0.9947993
0.9918128
0.9800601
0.8502186
0.8626497
0.9849735
0.9921636
0.9865808
0.837942
0.8477719
0.8487648
0.8527175
0.9875169
0.978176
0.9825498
0.9812169
0.986172
0.9845925
0.9865279
0.9623351
0.9705516
0.9702669
0.9727577
0.9855673
0.9854313
0.9916349
0.9899337
0.9853876
0.9922364
0.9903468
0.8532899
0.98726
0.9868349
0.9863649
0.9895409
0.9856885
0.9897027
0.9861111
0.9867831
0.9912536
0.9900504
0.985781
0.9053894
0.9524722
0.9859015
0.9819074
0.9905539
0.9908761
0.986137
0.9877038
0.9874254
0.9873246
0.9870377
0.9872039
0.984281
0.9814547
0.9881703
0.9845523
0.987688
0.9851893
0.985126
0.9921406
0.9912508
0.9927208
0.9938868
0.9958613
0.9963155
0.9951848
0.8371272
0.8943105
0.9014508
0.955021
0.9735669
0.9254922
0.8536583
0.8430246
0.9954652
0.9957195
0.9965251
0.9957765
0.996575
0.9981557
0.9972583
0.9977838
0.9977618
0.9819562
0.9875812
0.9896447
0.8321661
0.9839504
0.9890292
0.9774721
0.9804202
0.9773706
0.9782986
0.9845969
0.9876813
0.9886222
0.9862042
0.9918788
0.9957658
0.9920464
0.9774004
0.8362178
0.8500812
0.9826893
0.9914293
0.9843898
0.8090392
0.8296193
0.825335
0.8326955
0.9831375
0.9779444
0.982159
0.9788355
0.9839427
0.9853415
0.9851611
0.959163
0.9673308
0.9656311
0.97037
0.9838529
0.9835345
0.9905312
0.9882082
0.9849661
0.9914645
0.9889207
0.8313472
0.9867341
0.9850229
0.98565
0.9901019
0.9834715
0.9883117
0.9852047
0.9850949
0.9912062
0.989901
0.9835277
0.9058822
0.9654965
0.9840783
0.9799667
0.9893038
0.9891405
0.9844038
0.9859235
0.987873
0.9873154
0.9865896
0.9860224
0.9829442
0.9800941
0.9860661
0.983274
0.9882279
0.9858691
0.9861045
0.9920875
0.9922264
0.9929405
0.9946292
0.9967951
0.9959695
0.9955468
0.7986204
0.8757758
0.8940313
0.9641323
0.9821511
0.924579
0.8344083
0.8167401
0.9934082
0.9953159
0.9963105
0.9953754
0.9955193
0.9976865
0.9972584
0.9972793
0.9980548
0.9860025
0.9882974
0.9919547
0.8559105
0.9868448
0.9913473
0.9802374
0.9814068
0.9801963
0.9804165
0.9856381
0.9882099
0.9896258
0.9869423
0.9916146
0.9951419
0.9925353
0.9796619
0.8554329
0.8628974
0.9853581
0.9928461
0.9859143
0.8386704
0.8464659
0.8490725
0.8529147
0.9866208
0.9794675
0.9811539
0.9827095
0.987726
0.9840766
0.9862728
0.9666438
0.9707
0.9735365
0.9743814
0.9863289
0.9858972
0.9917781
0.9903342
0.9858521
0.9933183
0.9910135
0.8560207
0.9888133
0.9866982
0.9873478
0.9902004
0.9857878
0.9909102
0.9869756
0.9875118
0.992266
0.9909102
0.9862659
0.90559
0.950502
0.9842926
0.9845904
0.9919849
0.9914684
0.9847647
0.9884408
0.9888539
0.9875345
0.9879993
0.987447
0.9856115
0.9825821
0.9880626
0.9853361
0.9850598
0.985355
0.9848589
0.9920588
0.9909795
0.9919926
0.9945194
0.9951386
0.9955183
0.9963436
0.8437547
0.8911027
0.8966145
0.950894
0.9693795
0.9201834
0.8570731
0.8497301
0.9944614
0.9956916
0.9973834
0.9961832
0.9949226
0.9956344
0.9967204
0.9960463
0.9987504
0.9639889
0.992513
0.9958071
0.9881709
0.9488636
0.9968815
0.9921384
0.9922395
0.9906872
0.9930727
0.9939747
0.9943883
0.9941256
0.9943182
0.9951167
0.9977986
0.9960578
0.9813653
0.988282
0.9893794
0.9559699
0.9958137
0.9450262
0.9877261
0.9880368
0.9881198
0.9880528
0.9534604
0.9898917
0.9918683
0.991967
0.9954369
0.9930987
0.9941259
0.9900118
0.990937
0.9891413
0.991574
0.9882587
0.9954283
0.9937484
0.9892838
0.9641726
0.9954448
0.9948133
0.9877994
0.9231905
0.984876
0.9829476
0.9908152
0.9541358
0.9937041
0.9542352
0.9538245
0.9950405
0.9942318
0.9630806
0.9889647
0.9923335
0.968787
0.9913844
0.9915745
0.9939948
0.9650569
0.9189076
0.9855817
0.9243837
0.9161941
0.9845177
0.9862421
0.9868946
0.9157962
0.9553106
0.9916745
0.9939278
0.993028
0.9964233
0.9924111
0.9959759
0.9949066
0.9963274
0.9951127
0.9953754
0.9872187
0.9894221
0.9883858
0.9921135
0.9926029
0.9891273
0.9885434
0.9878677
0.9955633
0.9960955
0.9987958
0.9983104
0.9965728
0.9983412
0.9966676
0.9971322
0.9993641
0.9851039
0.9930151
0.9933316
0.9881643
0.9895443
0.9941799
0.992066
0.9924896
0.9945108
0.9925025
0.9951289
0.995
0.994738
0.9933149
0.9942069
0.9960784
0.9930407
0.9896431
0.9879071
0.989479
0.9887335
0.9944134
0.9851126
0.9870525
0.9875687
0.9882635
0.9878701
0.9892241
0.9894161
0.995
0.9885286
0.9921132
0.9904161
0.9942844
0.9878266
0.987377
0.9883525
0.99046
0.9913707
0.9931479
0.9933862
0.9912606
0.9898497
0.9915301
0.9928779
0.9880449
0.9840918
0.9574691
0.9598824
0.9940212
0.9878479
0.9890286
0.9898039
0.9870258
0.9941645
0.9922646
0.9890411
0.9900273
0.9929093
0.990614
0.9858622
0.986294
0.9939024
0.9885548
0.9870595
0.9617665
0.9867772
0.9828549
0.962887
0.9655172
0.992553
0.9850626
0.9913911
0.9930347
0.9922456
0.9923188
0.9942369
0.9925357
0.9954679
0.9960688
0.997339
0.9983503
0.9969647
0.9874033
0.9881797
0.989021
0.9949504
0.9948808
0.990577
0.9881532
0.9875071
0.9833608
0.9883115
0.9892984
0.9890449
0.9893481
0.9924038
0.9914567
0.994442
0.9956558
0.9933213
0.9902286
0.9970059
0.9417311
0.9935147
0.9960436
0.9926871
0.992113
0.9927567
0.9942457
0.9947881
0.9963392
0.9950379
0.9968227
0.9978175
0.9965173
0.9962888
0.9950135
0.9378927
0.9335341
0.9945599
0.9947496
0.9928759
0.9568078
0.9543937
0.9488157
0.9477473
0.993763
0.9958697
0.9960031
0.9978885
0.9979407
0.9974135
0.9976509
0.9967505
0.9965503
0.9966951
0.9963553
0.9947671
0.9939006
0.9978655
0.9977589
0.9937321
0.9981789
0.9969392
0.940561
0.9928082
0.992964
0.9943745
0.9902028
0.9931121
0.9978992
0.9925251
0.9929378
0.9970793
0.9976493
0.9927348
0.9440534
0.8304498
0.9945175
0.9957044
0.9971129
0.997151
0.9942879
0.9923364
0.9924717
0.9913148
0.9909944
0.992432
0.9934067
0.9953225
0.992666
0.9942764
0.9882779
0.9882637
0.9898198
0.9932484
0.9935695
0.9917726
0.9955871
0.9937406
0.9958771
0.9948306
0.9645073
0.9611003
0.9685535
0.8791396
0.7675896
0.9458316
0.9443723
0.9527671
0.9921943
0.9931638
0.9951683
0.9951657
0.996011
0.9958567
0.996995
0.9968842
0.9967922
0.9885885
0.9910164
0.9936454
0.9495081
0.9857289
0.993094
0.9854088
0.9847462
0.9855613
0.9857995
0.9877237
0.9913383
0.9921713
0.9908356
0.9945599
0.9967429
0.9940443
0.9853519
0.9487802
0.9495668
0.9884649
0.9931628
0.9860858
0.9442776
0.9451325
0.9478571
0.9468579
0.9888671
0.9831897
0.9875671
0.9879976
0.9899629
0.9891607
0.9906542
0.9779895
0.9821879
0.9812573
0.9819482
0.9900198
0.987839
0.9924486
0.9927746
0.9882182
0.9926238
0.9923756
0.9493478
0.9915856
0.988493
0.9893688
0.9890596
0.9877667
0.9927565
0.9890086
0.9886413
0.9954298
0.9941328
0.9891668
0.9598608
0.9710772
0.9869534
0.984134
0.9922662
0.9914695
0.9892777
0.9886613
0.9905743
0.9883305
0.9901489
0.9895253
0.9894099
0.9875
0.9923133
0.9889374
0.9882053
0.9862578
0.9874731
0.9940912
0.9927438
0.9942726
0.992061
0.9944516
0.9955375
0.9952083
0.9446632
0.9569585
0.9582668
0.9708509
0.9767482
0.9630212
0.9478241
0.9476929
0.9943998
0.9946619
0.9951042
0.9955581
0.9961072
0.9986717
0.9951468
0.9961893
0.9974346
0.9868299
0.989546
0.9950006
0.9659677
0.9881149
0.9917877
0.9896406
0.9878251
0.9875499
0.988102
0.9908738
0.99101
0.9923282
0.9918554
0.9944371
0.9959854
0.9928324
0.9865973
0.9665964
0.9670049
0.9880098
0.9952432
0.9894326
0.9639475
0.9632466
0.965888
0.965588
0.9899281
0.9864959
0.9859833
0.9867513
0.9888951
0.9886351
0.991036
0.9814683
0.9825516
0.982148
0.9820331
0.9889457
0.9913379
0.9925098
0.9921541
0.9911867
0.9922854
0.9933578
0.966178
0.9932636
0.9917416
0.9925654
0.9913265
0.9899332
0.9956005
0.9892971
0.9885697
0.9933373
0.9951225
0.9877522
0.9718213
0.9790804
0.9881639
0.9892317
0.9939213
0.992261
0.9890548
0.9904811
0.9891101
0.9919794
0.9911203
0.9927514
0.9918473
0.9893293
0.9915765
0.9898201
0.9885374
0.988688
0.9890292
0.9913988
0.9940237
0.9920266
0.9952949
0.9943981
0.9961353
0.9964955
0.9657508
0.9710878
0.9697658
0.9772139
0.9836544
0.976352
0.9661306
0.9667796
0.9928311
0.9939365
0.9950261
0.9955218
0.995619
0.9985405
0.9960043
0.9977043
0.9965948
0.9891172
0.9894678
0.9942521
0.9702121
0.9902902
0.9926998
0.9883847
0.9887307
0.9879386
0.9861732
0.9907902
0.9904451
0.9926132
0.9928337
0.9936196
0.9955859
0.995032
0.9869429
0.9699483
0.969767
0.990157
0.9934683
0.9906894
0.9688614
0.9684043
0.9704867
0.9695639
0.9920107
0.9856362
0.9881289
0.9900309
0.9904785
0.9894582
0.9905847
0.982285
0.9827812
0.9855784
0.9866269
0.9926851
0.9924328
0.9921773
0.993493
0.989899
0.9949855
0.9935006
0.9705589
0.9914549
0.9889823
0.9890673
0.9922831
0.9907839
0.9932035
0.9928991
0.9927882
0.9933472
0.9929403
0.9917933
0.9742808
0.9829323
0.9888728
0.9915008
0.9933298
0.9928245
0.9890487
0.9918345
0.992615
0.9908655
0.9925223
0.9913541
0.9899273
0.9881227
0.9914385
0.9883008
0.990678
0.9897614
0.9891218
0.9927697
0.9920682
0.9933759
0.9954859
0.9959541
0.9953538
0.9946809
0.9681006
0.973834
0.9735558
0.9833959
0.9853089
0.9770649
0.9696889
0.9696531
0.994296
0.9948729
0.9966555
0.9951955
0.995845
0.997632
0.9964396
0.9967521
0.9978678
0.9891052
0.9911513
0.9940462
0.9670073
0.9921109
0.9918367
0.9870612
0.9861768
0.9876554
0.9873535
0.9905174
0.9906308
0.9903815
0.9916794
0.9937174
0.9967857
0.9939203
0.9836292
0.9657607
0.9670417
0.9908616
0.9952226
0.992259
0.964135
0.9651296
0.9659855
0.9656641
0.989901
0.9845447
0.9876898
0.9905782
0.9904406
0.9911914
0.9912095
0.9792542
0.9830196
0.9834897
0.9851098
0.9895567
0.9881736
0.9919571
0.9925477
0.9922543
0.9917297
0.9914998
0.9667459
0.992665
0.9897109
0.9893727
0.99168
0.9907211
0.9918138
0.9915246
0.9927449
0.9946443
0.9928738
0.9906212
0.9729533
0.9807667
0.9897001
0.9882904
0.9921619
0.9937092
0.9912738
0.9916743
0.9903318
0.9940512
0.9928094
0.9895908
0.9919911
0.9884035
0.9918292
0.9894886
0.9914484
0.9896052
0.9913988
0.9943164
0.9937053
0.9951251
0.9948216
0.9959188
0.9964522
0.9959735
0.9635239
0.9704258
0.9730622
0.9819871
0.9837211
0.9763266
0.9661865
0.9651829
0.9927794
0.9961414
0.9963745
0.9976553
0.994626
0.996496
0.996492
0.9965604
0.9977335
0.9874806
0.9896498
0.9933103
0.9626102
0.9893845
0.9928834
0.9867307
0.9877408
0.9864066
0.985822
0.9903047
0.9920842
0.9909015
0.9924607
0.9951456
0.995454
0.9946482
0.989154
0.9634948
0.9654774
0.9864354
0.9936511
0.9893473
0.9590975
0.9611752
0.9618769
0.9621958
0.9893245
0.9851434
0.9853928
0.9867161
0.9863795
0.9910423
0.9922382
0.978682
0.9791034
0.9818972
0.986402
0.9906735
0.9902482
0.991765
0.9915443
0.9883608
0.9912043
0.9914406
0.9625888
0.9897999
0.9883319
0.990705
0.9887
0.9868728
0.9921901
0.9870547
0.9886308
0.9946661
0.9934255
0.9867769
0.9707656
0.9801444
0.9870673
0.9858879
0.9931965
0.9948912
0.9870343
0.9883607
0.990129
0.9908694
0.9901521
0.9881279
0.9882755
0.9884737
0.9899813
0.9861706
0.9894737
0.9888263
0.9869333
0.9944512
0.9927351
0.992722
0.9932097
0.9961059
0.9950305
0.9963874
0.9598429
0.9676696
0.9687248
0.9810112
0.98357
0.9745095
0.9626388
0.9627396
0.9934803
0.9939608
0.9956415
0.9959587
0.9949695
0.9973003
0.9970714
0.9976047
0.9983381
0.9874263
0.9894909
0.9918817
0.9633292
0.9890291
0.9921303
0.9891474
0.9907746
0.9895614
0.9870455
0.9918299
0.9906474
0.9936617
0.9912262
0.9944869
0.9953588
0.9937757
0.9890957
0.9617509
0.9646461
0.9910611
0.9936765
0.9890916
0.9597695
0.9598374
0.9624625
0.9613954
0.9909231
0.984813
0.9856441
0.9864532
0.9888772
0.9901219
0.9906641
0.9798652
0.9851327
0.9822314
0.984795
0.9900147
0.9896877
0.992133
0.9928058
0.9923943
0.9920323
0.9920328
0.9631642
0.9880556
0.9882736
0.9899418
0.9896144
0.9882911
0.9922214
0.9882775
0.9876902
0.9932387
0.9945676
0.9879017
0.9694667
0.9779131
0.9857365
0.9867291
0.9951214
0.9930178
0.9872747
0.9900749
0.9881928
0.9875692
0.9886142
0.9885653
0.9890056
0.9889006
0.9903131
0.9893576
0.9891559
0.9887729
0.989448
0.9933582
0.9933775
0.9918092
0.9955008
0.9940033
0.9967434
0.9957246
0.9607594
0.9662276
0.968432
0.9776011
0.9814789
0.9713225
0.9629566
0.9629205
0.9912528
0.9953679
0.9946115
0.994499
0.9952314
0.9968062
0.9970316
0.9968757
0.9973484
0.988764
0.9905504
0.9899515
0.9648159
0.9909822
0.9921384
0.9865447
0.9892558
0.9875666
0.987729
0.9885092
0.9922269
0.9938999
0.9930328
0.994756
0.9972515
0.9935789
0.9857906
0.9643385
0.9649371
0.9878084
0.9941573
0.9899512
0.9617114
0.9627332
0.9635534
0.9638004
0.9880498
0.9870425
0.9875894
0.988178
0.9935491
0.9925698
0.9918446
0.982346
0.9849745
0.9830586
0.9854649
0.990397
0.9899672
0.9922542
0.9919183
0.9914222
0.9924974
0.9933938
0.9644905
0.9900158
0.9897461
0.9888134
0.9915542
0.9918065
0.9949467
0.9904166
0.9920929
0.994278
0.9931376
0.9900352
0.9693815
0.9794159
0.9873591
0.9884706
0.9940389
0.9923587
0.9889019
0.9930317
0.9900483
0.9924724
0.9922511
0.9919196
0.9899705
0.9877931
0.990099
0.9899257
0.98922
0.9908906
0.9881782
0.992354
0.9921528
0.9946619
0.9936957
0.996295
0.9948689
0.99601
0.9620961
0.9684856
0.970779
0.9811268
0.9824484
0.9741712
0.9646649
0.9640988
0.9940148
0.9947434
0.9961061
0.9961032
0.9938448
0.9971044
0.9963178
0.9964964
0.9984735
0.9890867
0.9896789
0.9910744
0.9644703
0.9908733
0.9930929
0.9845089
0.9879633
0.9854059
0.9871499
0.9910165
0.9903193
0.9930992
0.9907867
0.9933095
0.994843
0.9925077
0.9856902
0.9632864
0.9653582
0.9894054
0.9944024
0.9897666
0.9611169
0.9619981
0.9629565
0.9632573
0.9877077
0.9861666
0.9889245
0.9878135
0.9891926
0.9910556
0.9896918
0.977368
0.9845383
0.9805521
0.9830935
0.9900049
0.9889917
0.9912155
0.9928775
0.9869494
0.9924486
0.9933253
0.9636605
0.9895339
0.9908418
0.9916081
0.9893191
0.9900402
0.9919665
0.9876021
0.9887694
0.9933063
0.9931853
0.9881044
0.9715949
0.978435
0.9873223
0.9875314
0.9932915
0.991095
0.9894134
0.990162
0.9906398
0.9913677
0.98764
0.9903288
0.9892971
0.9900502
0.9916699
0.9878002
0.9927953
0.9874521
0.9884809
0.9931172
0.9932351
0.9932301
0.9939433
0.99605
0.9972222
0.9957679
0.9618532
0.9684098
0.9715772
0.9786137
0.9837361
0.9756709
0.9642942
0.9626425
0.9949744
0.9951484
0.9945594
0.9950442
0.9962938
0.9965239
0.9967257
0.9968941
0.9971005
0.9875334
0.9912257
0.993435
0.9600368
0.9887379
0.9921339
0.9878974
0.9866202
0.985377
0.9857463
0.9914012
0.9918313
0.9920015
0.9894727
0.994789
0.9960978
0.995053
0.9856397
0.9589106
0.9612572
0.9878341
0.9943526
0.989426
0.9556795
0.9569979
0.9588936
0.9584742
0.9892253
0.9846793
0.9849787
0.9875998
0.9878974
0.9909763
0.9916739
0.9776031
0.9797921
0.9808464
0.9822793
0.9900063
0.9887925
0.9918314
0.9916314
0.9896898
0.9930718
0.9921466
0.9598056
0.9892966
0.9919668
0.9905797
0.9904425
0.9885098
0.9932344
0.990388
0.9906584
0.9935484
0.9925222
0.9879711
0.9670693
0.9770248
0.9889581
0.984614
0.9900669
0.9924334
0.9877529
0.9886129
0.9920401
0.9901926
0.9888988
0.9916644
0.9900724
0.9878199
0.9888248
0.9899412
0.988803
0.9891844
0.9879254
0.9922366
0.9932767
0.99394
0.9940296
0.9968778
0.9962237
0.9963232
0.9561103
0.9648555
0.967659
0.9781547
0.9813252
0.9713255
0.959149
0.9589089
0.9921
0.9945875
0.9949557
0.9949524
0.9950239
0.9968984
0.9977987
0.9973668
0.9986369
0.9873207
0.9906843
0.9913776
0.9570324
0.9889464
0.9931926
0.9864919
0.9870068
0.9857877
0.9872285
0.9910246
0.991804
0.9925352
0.9921392
0.9945973
0.9962814
0.9948581
0.9864184
0.9565088
0.9584129
0.98744
0.9950656
0.9886503
0.9538982
0.9550076
0.9570936
0.9559045
0.9888937
0.9831389
0.9864302
0.9869076
0.9916502
0.9889675
0.9894437
0.9769403
0.9803858
0.9779866
0.9809902
0.9915292
0.9884639
0.992499
0.9918057
0.986963
0.9910036
0.991813
0.9576378
0.9897635
0.9890725
0.9871555
0.9907054
0.9877483
0.9892783
0.9895059
0.9903897
0.990694
0.99208
0.9874847
0.9660466
0.9748452
0.9866819
0.9856172
0.9943665
0.9906968
0.9909667
0.9899798
0.9908588
0.9912564
0.989371
0.9893298
0.9901677
0.9868136
0.9917975
0.9872064
0.9876269
0.9880724
0.9900596
0.9915623
0.9928532
0.9922812
0.9927014
0.9946624
0.9968045
0.9952958
0.9554393
0.9637516
0.9671254
0.9772299
0.97991
0.9699304
0.9573436
0.9577649
0.9947292
0.996073
0.9945772
0.9960867
0.9953573
0.9963998
0.9954377
0.996997
0.9978849
0.9886332
0.9911399
0.9946753
0.9597564
0.991548
0.9926984
0.986971
0.9892777
0.9886164
0.9886991
0.9902822
0.993832
0.9927273
0.9906191
0.9944968
0.9938173
0.9947737
0.9846595
0.9600246
0.9606763
0.9901397
0.9934183
0.9903019
0.9564178
0.9575863
0.9584279
0.9584601
0.989912
0.9854853
0.9846958
0.9909144
0.9888977
0.98907
0.9911912
0.979876
0.9824947
0.9807295
0.9835203
0.9890365
0.9886289
0.9943785
0.9930187
0.9909432
0.9910157
0.9925008
0.9601549
0.9901797
0.9897398
0.991508
0.9923546
0.9899166
0.9909919
0.9913864
0.9914796
0.9922699
0.9925748
0.9888063
0.9652559
0.9781086
0.9887094
0.9878894
0.9916204
0.9917459
0.9913432
0.9917074
0.9912345
0.9900744
0.9918108
0.9896306
0.9891114
0.9896524
0.9914744
0.9909266
0.9904132
0.986337
0.9846257
0.9912172
0.9927669
0.9935433
0.9938259
0.9957211
0.9971492
0.9966166
0.9592359
0.9660051
0.9694701
0.9795079
0.9829568
0.9742017
0.9605055
0.958949
0.9939478
0.9945628
0.9957154
0.9966985
0.9951522
0.9962536
0.994931
0.9963991
0.9978471
0.9891269
0.9898857
0.9943555
0.9552229
0.9900794
0.9950194
0.9880334
0.9850011
0.9886122
0.986034
0.9888348
0.9907984
0.991927
0.9903982
0.9951347
0.9954845
0.9936967
0.9857847
0.9543869
0.9562314
0.9882372
0.9946376
0.9876289
0.9515346
0.9531071
0.9542683
0.9542364
0.9901096
0.9829308
0.9868751
0.985229
0.9918921
0.9891054
0.9926117
0.979535
0.9824413
0.9790139
0.9828125
0.9883139
0.9911549
0.993164
0.9941882
0.9872885
0.9939366
0.9940076
0.9558221
0.9904358
0.9894508
0.9887508
0.9897415
0.9890309
0.9919332
0.9884355
0.9892713
0.9936212
0.9924004
0.9889494
0.9639615
0.974221
0.9867725
0.9882109
0.9946336
0.9921325
0.9879954
0.9897164
0.9888686
0.989505
0.990648
0.9891865
0.9876297
0.9879735
0.9926874
0.9895232
0.9903197
0.9886976
0.9876777
0.991285
0.9917149
0.9944168
0.9930649
0.996582
0.9971044
0.9951297
0.9531962
0.9642296
0.9642857
0.9748637
0.9796727
0.9712048
0.9552779
0.9546938
0.9943594
0.9943992
0.9963437
0.995684
0.9957873
0.9964922
0.9985979
0.9974315
0.9980489
0.9896728
0.9938841
0.9947694
0.9717375
0.9930159
0.9943759
0.9857319
0.9897267
0.9869172
0.9877378
0.9901155
0.9909898
0.9917282
0.9913132
0.9948165
0.9961897
0.996283
0.9831505
0.971525
0.9716345
0.9894725
0.9956026
0.9904961
0.9680274
0.9686339
0.9708748
0.9704979
0.9907063
0.9857942
0.9884106
0.9897908
0.9890872
0.9890506
0.9897042
0.9780741
0.9862127
0.9836695
0.9845344
0.9900838
0.9939816
0.9936883
0.9927248
0.9913084
0.9952686
0.9950759
0.9712257
0.9903439
0.9914621
0.9914377
0.9912331
0.9912973
0.9933875
0.9928066
0.993508
0.9949204
0.9949106
0.9882476
0.9762429
0.9845251
0.9904751
0.9862434
0.9935208
0.9942324
0.9892486
0.9900375
0.9936864
0.9910319
0.9913521
0.9914259
0.9906422
0.9904838
0.9910388
0.9909366
0.9879247
0.9915333
0.9897183
0.9924196
0.9919285
0.9929168
0.9936567
0.9960099
0.9960806
0.9957948
0.9689648
0.9746351
0.9782574
0.983868
0.9871013
0.9788098
0.9711214
0.9708789
0.9927755
0.9960396
0.9936528
0.9960514
0.9964958
0.9955598
0.9963313
0.9968774
0.996767
0.9904625
0.9900464
0.9937089
0.9574829
0.9912727
0.9935343
0.9867315
0.9880934
0.9855762
0.987052
0.9909708
0.9917214
0.9937883
0.9928642
0.9946014
0.9958349
0.9948527
0.9830593
0.9574557
0.9585763
0.98827
0.9950528
0.9898683
0.9535316
0.9555644
0.9562493
0.9562372
0.9907885
0.9842539
0.9883482
0.9857245
0.9910237
0.9902683
0.9925858
0.9786739
0.9813723
0.984339
0.9866847
0.9911149
0.9896209
0.9941098
0.9920061
0.9874682
0.993175
0.9930661
0.9564801
0.9900956
0.9881249
0.9887979
0.990493
0.9895974
0.9921748
0.9876156
0.9882173
0.9943895
0.9935195
0.9881446
0.9677441
0.9738823
0.9895102
0.9868623
0.9926513
0.9939129
0.9878512
0.9908187
0.9925253
0.9899135
0.9898003
0.9895033
0.9884226
0.9880842
0.990944
0.990444
0.9894672
0.9890528
0.9888683
0.992727
0.9938064
0.9931777
0.9952856
0.9946641
0.9957619
0.9946927
0.9545117
0.9647325
0.9661413
0.9764364
0.9788626
0.9697317
0.9569858
0.9572423
0.9927387
0.996014
0.9948616
0.9961073
0.9958403
0.996538
0.9962742
0.9987777
0.9985588
0.9880714
0.9897912
0.9929692
0.9503237
0.988567
0.99462
0.9844725
0.9860795
0.9871603
0.9842029
0.9887306
0.9926847
0.992586
0.9895995
0.9940249
0.9946929
0.9950321
0.9845037
0.9501955
0.9511014
0.9881748
0.9966701
0.9895513
0.946592
0.9477888
0.9505388
0.9481981
0.9881319
0.9849726
0.9861924
0.9843067
0.9890002
0.9865589
0.9877978
0.9775304
0.9818653
0.9819931
0.9794375
0.9884816
0.989873
0.9942779
0.9935065
0.9893134
0.991787
0.9926515
0.9492512
0.9897547
0.9874873
0.9880188
0.9917425
0.9896154
0.9907224
0.9890609
0.9898399
0.9926351
0.9923671
0.9893838
0.9609342
0.9744822
0.9848497
0.9852416
0.9945201
0.9932404
0.98981
0.9893979
0.9884496
0.9900586
0.990346
0.9889811
0.9881561
0.9883925
0.9905257
0.9878162
0.9889955
0.986447
0.9870794
0.993093
0.9927019
0.9931001
0.9932365
0.9949486
0.996804
0.9962812
0.9463272
0.9574187
0.96198
0.9761267
0.9813389
0.9688732
0.9495906
0.9492914
0.9931298
0.9941146
0.9954471
0.9960445
0.9948245
0.9972069
0.9971269
0.9970222
0.9978264
0.9882616
0.9879888
0.9918273
0.9454107
0.9881445
0.9926199
0.9852198
0.9882666
0.9850337
0.9830385
0.9894356
0.991846
0.9928671
0.9905472
0.9969011
0.994695
0.9944581
0.9855023
0.9452251
0.9463643
0.9875079
0.9924522
0.9888292
0.9404572
0.9425957
0.942508
0.9435256
0.9883875
0.9839792
0.9874912
0.987828
0.9904572
0.9891651
0.9899178
0.9737713
0.9799671
0.9811484
0.9817452
0.9877782
0.9880388
0.9931633
0.9918493
0.9882591
0.9934149
0.9930929
0.945811
0.9892208
0.9897403
0.9885041
0.9903331
0.9888866
0.99113
0.9893014
0.9888073
0.9925367
0.9918298
0.9864089
0.9566745
0.9720801
0.9889557
0.9868384
0.9923699
0.9926934
0.9883616
0.9883296
0.9891037
0.988934
0.9889801
0.9910062
0.9872723
0.9877795
0.9906318
0.9883135
0.9879822
0.9876881
0.9872095
0.9911453
0.9920911
0.9945095
0.9946685
0.9960055
0.9962782
0.9951845
0.9403572
0.9548345
0.9592017
0.9740329
0.9790184
0.9640328
0.9456415
0.9431986
0.9926218
0.994756
0.9952127
0.9962183
0.9960477
0.9963809
0.9962972
0.9969143
0.998331
0.9881759
0.9895691
0.9925016
0.9476065
0.9901019
0.9924381
0.9846441
0.9872411
0.9862222
0.9865352
0.9890166
0.9895746
0.991168
0.9903795
0.9945311
0.9957213
0.9939404
0.9843961
0.947183
0.9488501
0.986011
0.9943494
0.9878137
0.9423564
0.9445187
0.9472664
0.9454988
0.9895458
0.9849799
0.9851586
0.985738
0.9879638
0.9911172
0.9894143
0.9753546
0.9803296
0.9805012
0.9798482
0.9892238
0.9882404
0.9934012
0.9918809
0.9888296
0.9913987
0.9918867
0.9477412
0.9886504
0.9882232
0.9864944
0.9919771
0.9877256
0.98928
0.9888111
0.9889579
0.9906632
0.9904107
0.9880196
0.957781
0.9720044
0.9861864
0.9842715
0.9928218
0.9932357
0.9894419
0.9877314
0.9891911
0.9879919
0.9884774
0.9881463
0.9864924
0.9850618
0.9898137
0.9891053
0.9892395
0.9873197
0.9864214
0.9925002
0.993713
0.9932576
0.9933888
0.9958638
0.9963867
0.9955774
0.9431657
0.9569769
0.962738
0.9753975
0.9771617
0.9661238
0.9456021
0.9454588
0.9908981
0.9935783
0.9929154
0.9958557
0.9968599
0.9954068
0.9961732
0.9975827
0.9977599
0.9878092
0.9904815
0.9915065
0.9210755
0.9887017
0.9914098
0.9841614
0.985545
0.9845089
0.9834783
0.9890178
0.991
0.991412
0.9909206
0.994534
0.9946257
0.994896
0.9831464
0.9208065
0.9216437
0.9865929
0.9947374
0.9883762
0.9147597
0.9143527
0.9192059
0.9170081
0.987746
0.9835663
0.9838643
0.9855179
0.9903231
0.9873606
0.9904215
0.9716779
0.9795182
0.9781259
0.9804221
0.9893699
0.9883697
0.991466
0.9927269
0.9885781
0.9917988
0.9916363
0.92103
0.987571
0.987371
0.9874075
0.9889603
0.9869766
0.9906293
0.9885133
0.9883597
0.9925012
0.9913436
0.987081
0.942667
0.9587259
0.9873875
0.986619
0.992219
0.9929948
0.9877801
0.9893005
0.988057
0.9889143
0.9874005
0.9876827
0.9867272
0.9864352
0.9877674
0.9870738
0.9868983
0.9860373
0.9854905
0.9909261
0.9923927
0.9933351
0.9933729
0.9946794
0.9944232
0.9954647
0.9195255
0.9375968
0.9450115
0.9621318
0.966389
0.9534976
0.9204272
0.9201505
0.9931056
0.9952082
0.9955443
0.9942727
0.9960314
0.9971885
0.9960384
0.9960868
0.9976173
0.9870343
0.9906695
0.9932974
0.9518196
0.9877714
0.9927014
0.9865281
0.9900408
0.9844984
0.9846651
0.9892917
0.991328
0.9929752
0.9920411
0.9940188
0.996294
0.9952166
0.984679
0.9524689
0.9545919
0.9867467
0.9933884
0.9876697
0.9472167
0.9490043
0.950263
0.9516004
0.9874902
0.9860023
0.989115
0.9847416
0.9898452
0.9861867
0.9895711
0.9746631
0.9782752
0.9792654
0.9845277
0.9875188
0.989729
0.9911258
0.9914797
0.9851284
0.9920112
0.9917492
0.9512085
0.9900071
0.9874693
0.9887311
0.989826
0.9875742
0.9915446
0.9895386
0.9903276
0.9929577
0.9927738
0.9881296
0.962883
0.9740626
0.9859078
0.9854319
0.9922433
0.9925217
0.9896675
0.9893275
0.9893985
0.9903133
0.9890222
0.9907313
0.9885445
0.9851662
0.9900733
0.9869317
0.988854
0.9875875
0.9887302
0.9927495
0.9934959
0.9932466
0.9937304
0.9964404
0.9959607
0.9969274
0.9484789
0.9584
0.9637008
0.9755558
0.9783861
0.9692557
0.9523006
0.9517763
0.9925889
0.9935477
0.994834
0.9963756
0.9958006
0.9968546
0.9970849
0.9975189
0.9988924
0.9894632
0.9905782
0.9928736
0.9651421
0.9896062
0.9908152
0.9875
0.9906149
0.9870857
0.9851007
0.9911693
0.990235
0.9920498
0.9919181
0.9956962
0.9953118
0.9954076
0.9872081
0.9644419
0.9659719
0.9893923
0.9948412
0.9894664
0.9616303
0.9618888
0.9647724
0.9631597
0.9922535
0.9827003
0.9875632
0.9869841
0.9911361
0.9899067
0.9899112
0.9798669
0.9825025
0.9823927
0.9800953
0.990117
0.9886548
0.9923218
0.991054
0.990163
0.9937391
0.9925638
0.9652435
0.9915569
0.9895548
0.9909654
0.9911014
0.9903531
0.9899758
0.9907435
0.9891348
0.9935809
0.9904411
0.9902546
0.9701703
0.9794799
0.9888424
0.9860189
0.9943749
0.9941594
0.9912992
0.9907853
0.9927957
0.9904249
0.988978
0.9900473
0.9902913
0.9873717
0.9915425
0.988633
0.9903923
0.9885575
0.989071
0.9921031
0.9938012
0.9924064
0.9917778
0.9956412
0.9968619
0.9962752
0.963226
0.9705992
0.9708806
0.9814028
0.9827538
0.9751425
0.9639833
0.9647833
0.9944457
0.994368
0.9961494
0.9957589
0.9958608
0.9966956
0.9984861
0.9973397
0.9974978
0.9894857
0.9931772
0.9952722
0.9709133
0.9923156
0.9946135
0.9876693
0.9889452
0.9859559
0.9876994
0.9901536
0.9911416
0.9936306
0.9910804
0.9950509
0.9961219
0.9962152
0.9830641
0.9703499
0.9712603
0.9896344
0.9966303
0.9897202
0.9675809
0.968268
0.9702912
0.9698704
0.9908498
0.9860055
0.987178
0.9900833
0.9895281
0.9875713
0.9885868
0.9786612
0.988176
0.9819734
0.9847555
0.9905912
0.9926719
0.993803
0.9925856
0.9915573
0.9959044
0.9939492
0.9710006
0.9896752
0.9913612
0.991809
0.991253
0.9909704
0.9935082
0.9924571
0.9931483
0.9952837
0.9947319
0.9884294
0.976419
0.9841115
0.9896978
0.9869273
0.9948635
0.9933873
0.9891837
0.9901927
0.993437
0.991402
0.9910221
0.9916763
0.9909039
0.9899446
0.9905934
0.9908456
0.9883956
0.9914443
0.9900639
0.9932692
0.9923077
0.9935364
0.9938985
0.9963538
0.9965669
0.9964251
0.9687853
0.974058
0.9774292
0.983845
0.9871675
0.9792841
0.9705882
0.9705638
0.9911454
0.995229
0.9963806
0.994958
0.9956491
0.9957364
0.9965703
0.9964389
0.9986467
0.9867517
0.9904762
0.9953361
0.9549241
0.9894306
0.9921303
0.9865511
0.9887027
0.9866546
0.9863925
0.9902872
0.991155
0.9938448
0.9918154
0.9948158
0.9967475
0.9930262
0.9864054
0.953535
0.9554764
0.9885151
0.9953386
0.9898109
0.9510816
0.9519713
0.9541597
0.9537492
0.9890496
0.9833347
0.9867517
0.9857278
0.989861
0.9877985
0.9907326
0.9774052
0.9818251
0.9800726
0.9812345
0.9897639
0.9876441
0.9925933
0.991582
0.9890639
0.9921427
0.9930619
0.9547574
0.9906119
0.9893864
0.9902042
0.9896756
0.9874826
0.9918356
0.9875532
0.9891269
0.9943338
0.9917431
0.9871533
0.9617659
0.9727659
0.9844058
0.9883252
0.993494
0.9935997
0.9906588
0.9912245
0.9903056
0.9898544
0.9919777
0.9890418
0.9905715
0.989644
0.9910148
0.987722
0.9886745
0.9874275
0.9867997
0.9915426
0.9931746
0.9920367
0.9918801
0.9966188
0.9940691
0.9958341
0.95408
0.9615293
0.9665025
0.9761841
0.9782662
0.9717825
0.9542079
0.9544057
0.9921764
0.992899
0.9958459
0.9956544
0.994306
0.9961591
0.9956986
0.9967858
0.9985257
0.9876551
0.989771
0.9924291
0.935776
0.9875531
0.9940672
0.9868818
0.9859392
0.9864485
0.98556
0.9886473
0.9918573
0.9901453
0.9909482
0.9931543
0.9954937
0.9943119
0.984885
0.9355248
0.9377546
0.9871932
0.9938638
0.9870533
0.9311464
0.9317486
0.9359874
0.9338525
0.9880036
0.9840591
0.9845467
0.9883283
0.9902415
0.989022
0.9891469
0.976523
0.9800828
0.9791117
0.9820218
0.9875421
0.9889825
0.9916629
0.9917302
0.9892806
0.9942204
0.9925806
0.9348286
0.9888936
0.9893348
0.9879758
0.9900867
0.9872821
0.9923007
0.9863038
0.9866683
0.992438
0.9917789
0.9866786
0.9493198
0.9645124
0.9878849
0.9865595
0.9919062
0.9921789
0.9877417
0.9907955
0.9913932
0.9914219
0.9891129
0.9892054
0.9888091
0.9864047
0.9901567
0.9879403
0.9866056
0.9874235
0.9863873
0.992063
0.9922509
0.9918002
0.9932814
0.9954176
0.9962294
0.9958355
0.9328826
0.9482631
0.9517254
0.9680189
0.9727665
0.9581542
0.9354435
0.9354243
0.9929354
0.9957599
0.9958857
0.9955378
0.9967816
0.9970831
0.9970796
0.99778
0.9975506
0.9890733
0.9914749
0.9907519
0.9664193
0.988905
0.9916278
0.987833
0.9882484
0.9871257
0.9870968
0.9905163
0.9929907
0.9937549
0.9909142
0.9959961
0.9960885
0.9959316
0.9855247
0.9652939
0.9673264
0.9892086
0.9946198
0.9901174
0.9638601
0.9639762
0.9660453
0.9645367
0.9903033
0.9826896
0.9842172
0.9890279
0.9907782
0.9885837
0.9916847
0.9765758
0.9821984
0.9830541
0.9835324
0.9884756
0.9896074
0.9904237
0.9919962
0.9887571
0.9932236
0.9926058
0.9664659
0.9928162
0.9910714
0.9895592
0.9913943
0.9885354
0.9900288
0.9895661
0.9913384
0.9925828
0.9913617
0.9884333
0.9737147
0.9816828
0.9910346
0.9858126
0.994374
0.9945094
0.9904615
0.9894967
0.9891701
0.9894421
0.9907695
0.9917777
0.9894048
0.9872188
0.992278
0.9907159
0.9896111
0.9908998
0.9892692
0.9927755
0.9950943
0.9919911
0.9956206
0.9944917
0.9974549
0.9958688
0.9639138
0.9683656
0.9744237
0.9839324
0.9848356
0.9770332
0.9656453
0.9656826
0.9965492
0.9972102
0.997012
0.9996681
0.9972927
0.9991952
0.9979773
0.9991522
0.9990045
0.9895
0.9950421
0.9460647
0.9938594
0.9954637
0.9920605
0.9961509
0.9972842
0.9964525
0.9955001
0.9957884
0.995107
0.9950648
0.9937714
0.9935846
0.997543
0.9927119
0.9892548
0.9936141
0.9941339
0.9923248
0.9885233
0.9932802
0.9936536
0.9936607
0.9940046
0.9937145
0.9945014
0.9938286
0.9937904
0.9956319
0.996874
0.9936769
0.9954442
0.9907638
0.9946151
0.9950341
0.9960176
0.990135
0.9897932
0.9545633
0.99094
0.9962724
0.9832869
0.9928652
0.9941044
0.9930448
0.993183
0.9957895
0.9965568
0.9922442
0.9211923
0.993988
0.9929807
0.9510269
0.9163249
0.9887077
0.9940421
0.9950002
0.9922403
0.991076
0.9973374
0.9912747
0.9938317
0.99389
0.9931034
0.9929471
0.9946768
0.9948744
0.9933977
0.9931907
0.9924929
0.9944959
0.9975058
0.9954715
0.993761
0.9980387
0.9962209
0.9981768
0.9969398
0.9977152
0.9963971
0.997191
0.9930439
0.9935668
0.9935756
0.9955883
0.996507
0.9947573
0.9937903
0.99351
0.9969691
0.9954945
0.997402
0.9976348
0.9973659
0.9964846
0.9972907
0.9977635
0.9959652
0.9896393
0.9933244
0.9942708
0.9887249
0.9918731
0.992489
0.9935927
0.9956009
0.9937868
0.9916174
0.9924015
0.9930788
0.9961926
0.9918534
0.9940733
0.997543
0.9947781
0.9907273
0.9879658
0.9891973
0.9871819
0.9963674
0.9884815
0.9878026
0.9888348
0.9892156
0.9888471
0.9864787
0.9928392
0.9919164
0.9926708
0.992271
0.9942948
0.992757
0.9903509
0.9895161
0.9888593
0.9900924
0.9923153
0.9928685
0.9950955
0.9885803
0.9906022
0.9922667
0.99252
0.9887137
0.9843688
0.924384
0.9239966
0.9933574
0.9861004
0.9932292
0.988417
0.9886144
0.9940368
0.9942768
0.9861058
0.9892361
0.9916074
0.9905787
0.9930029
0.9916405
0.9914286
0.9910561
0.9815033
0.9489318
0.986413
0.9845431
0.9489379
0.9555063
0.9888784
0.9814852
0.9899827
0.9946999
0.9920331
0.9929022
0.9960259
0.9957054
0.9960027
0.9959105
0.9971391
0.9962335
0.9962254
0.9882009
0.989452
0.9888713
0.9931084
0.9924508
0.9902565
0.9882519
0.9884695
0.9952199
0.9961381
0.9973772
0.9973728
0.997825
0.9975423
0.9991799
0.9977382
0.9987465
0.9883856
0.9950115
0.9947396
0.9881021
0.9900371
0.9953027
0.9933941
0.9935044
0.9955186
0.9927285
0.994165
0.9934699
0.9945677
0.9954494
0.9948299
0.9972391
0.9939266
0.9856433
0.98831
0.9893706
0.9859101
0.9960661
0.9874129
0.9871214
0.9873549
0.987958
0.9881689
0.9877527
0.9933321
0.9936521
0.9899717
0.9910427
0.9909889
0.9914994
0.9871662
0.9896121
0.9884461
0.9908784
0.9938529
0.9942173
0.9908329
0.9913703
0.9922825
0.9932687
0.9947998
0.987934
0.9872738
0.9312912
0.9384289
0.9933066
0.9850049
0.9907676
0.9859594
0.9885259
0.9939743
0.9920969
0.9852083
0.9899873
0.9932083
0.9905057
0.9863959
0.992616
0.9947685
0.990213
0.9847796
0.9615073
0.9872972
0.9860209
0.9577465
0.9521677
0.9884097
0.9852059
0.9877432
0.9927707
0.9926282
0.9923773
0.9936575
0.9947973
0.9959668
0.9946498
0.9957895
0.9967382
0.9986406
0.9869874
0.9886246
0.9879061
0.9927515
0.9946774
0.9892681
0.9882768
0.9881873
0.9958553
0.9948557
0.9974233
0.9960056
0.996673
0.9970549
0.9962386
0.9969521
0.9990817
0.9736689
0.9922231
0.9948414
0.9881686
0.9574637
0.9951357
0.9923747
0.9918444
0.9931833
0.993803
0.9938529
0.9933555
0.9957759
0.9939503
0.9954691
0.9983788
0.996124
0.9817718
0.988057
0.9888069
0.9565303
0.9964001
0.9552886
0.9872977
0.987417
0.9878667
0.9874935
0.9596218
0.9909091
0.9884064
0.9907824
0.9936937
0.9932004
0.9939815
0.9914269
0.9910314
0.9889238
0.9894754
0.9899961
0.9935116
0.9951394
0.9865979
0.9716615
0.9960516
0.9948993
0.9878748
0.9219858
0.9874901
0.9888424
0.9913093
0.9735974
0.9951056
0.972536
0.9658957
0.9953811
0.9938096
0.9724111
0.9895084
0.9923855
0.9665624
0.9893432
0.9953572
0.9935782
0.9769983
0.9152789
0.9873442
0.9490204
0.9217912
0.9870968
0.9852341
0.9898971
0.9212565
0.9681329
0.9947287
0.993194
0.9948333
0.9941752
0.9961653
0.9966968
0.9947456
0.9979397
0.9968034
0.9951872
0.9871319
0.9884848
0.9890903
0.9919248
0.9926943
0.9892623
0.9884327
0.9875368
0.9969919
0.9937374
0.9964871
0.9962459
0.9978663
0.9975949
0.9986617
0.9969563
0.9990831
0.9681058
0.9922304
0.9953656
0.9891826
0.9529318
0.9969372
0.9914397
0.9929555
0.9919112
0.9921658
0.9936596
0.9960282
0.9935455
0.9957551
0.993063
0.9975695
0.9935317
0.9898826
0.9887543
0.9895137
0.9594226
0.9943387
0.9536855
0.9888246
0.9882545
0.9884989
0.9886856
0.9567877
0.9930691
0.9909928
0.9961661
0.9927944
0.9950282
0.9930572
0.9907004
0.9934547
0.9914319
0.9940179
0.9902038
0.9921322
0.9920554
0.9907716
0.9583579
0.9936759
0.9969497
0.9890179
0.8014365
0.9852883
0.9844062
0.9941653
0.9684211
0.9938176
0.9659224
0.9567365
0.9961588
0.9951119
0.9664194
0.9899818
0.9909667
0.9692128
0.98994
0.9971715
0.9946181
0.9685267
0.8911565
0.9804152
0.9170611
0.9001052
0.9823391
0.9852484
0.9949786
0.8539675
0.9586044
0.9922348
0.9916046
0.9949945
0.9958506
0.9942431
0.9949317
0.994512
0.9974267
0.9976077
0.9970682
0.9877845
0.9901407
0.9889733
0.9911987
0.9907204
0.9901816
0.9891794
0.9886502
0.9918673
0.9932843
0.9953034
0.9943526
0.9944224
0.9967961
0.9960428
0.9964995
0.9972808
0.9882241
0.9892656
0.9946869
0.8588177
0.9886136
0.9935754
0.9835135
0.984688
0.9836629
0.9847907
0.9870081
0.9896739
0.9906966
0.9909733
0.9942008
0.9951556
0.9936207
0.9846196
0.8589682
0.8628367
0.988283
0.9931298
0.9891367
0.8582432
0.8557665
0.8533984
0.8580779
0.9870505
0.987399
0.987746
0.9886124
0.9904273
0.9915287
0.9908626
0.9784865
0.9821925
0.9830412
0.9844444
0.9902869
0.9890099
0.9943542
0.9936025
0.9885273
0.9944676
0.9938894
0.8584659
0.9892265
0.9891061
0.9907002
0.9888175
0.9879409
0.9943243
0.9886221
0.9886731
0.9942486
0.9951539
0.9882713
0.8996654
0.9224972
0.9892075
0.9883006
0.994012
0.9942231
0.9874743
0.9899729
0.9900717
0.9891999
0.990103
0.9898133
0.9885565
0.9865051
0.9888154
0.9883188
0.9833182
0.985508
0.9857272
0.991103
0.9903073
0.9916045
0.9941116
0.9952822
0.9955007
0.995058
0.8477653
0.8865023
0.8740509
0.9205123
0.942555
0.8833615
0.8651109
0.8578277
0.9949857
0.9958946
0.9956379
0.9963185
0.9957412
0.9983878
0.9982384
0.9980583
0.9985825
0.9896423
0.9909921
0.9952532
0.9751898
0.9917725
0.9933974
0.9869703
0.9899161
0.9894004
0.9910636
0.9919723
0.9916777
0.9899057
0.9920192
0.9954585
0.9937805
0.9956791
0.9897508
0.9743377
0.9751366
0.9916138
0.9941007
0.9912249
0.9725637
0.973719
0.9743267
0.9740882
0.99108
0.9894895
0.9884549
0.9884521
0.9930704
0.9923725
0.9917266
0.9836846
0.9843125
0.9856734
0.9859046
0.992046
0.9906531
0.993689
0.9942693
0.991825
0.9935841
0.9945644
0.9750947
0.994642
0.9933604
0.9930924
0.9930697
0.9914499
0.9942438
0.992895
0.9921677
0.9922291
0.9945332
0.9919374
0.978847
0.9846875
0.9920549
0.9914987
0.9955409
0.99368
0.9913803
0.9913709
0.9934426
0.9934869
0.9934617
0.9931815
0.9897897
0.9862637
0.9932796
0.9915622
0.9902954
0.9902757
0.9902294
0.9936492
0.9932886
0.9938133
0.9949036
0.9953937
0.9963391
0.9963348
0.9710311
0.9732824
0.9746096
0.9845176
0.9876657
0.9767128
0.9746635
0.972738
0.9919118
0.9938148
0.9937598
0.9953214
0.9961572
0.9956174
0.995609
0.9972715
0.996442
0.9917282
0.9926341
0.9944362
0.9820243
0.9913588
0.9942794
0.9892609
0.9908641
0.9914202
0.9906873
0.9926729
0.9948667
0.9935032
0.9934739
0.9937274
0.9948127
0.9964756
0.9912044
0.9808946
0.9820456
0.9936867
0.9959304
0.9944044
0.9803391
0.9798556
0.9811725
0.9812954
0.9927493
0.9907303
0.9893988
0.989953
0.9936188
0.9932512
0.9927946
0.989255
0.9901923
0.9851242
0.9901333
0.9897063
0.9921117
0.9957643
0.9961369
0.9943994
0.9964286
0.9944812
0.9816762
0.9944411
0.9914738
0.9925202
0.9948748
0.9934988
0.9955572
0.9946777
0.9943812
0.9942688
0.9951852
0.9929057
0.9812557
0.9871125
0.9923054
0.9904149
0.9936873
0.9953858
0.9916238
0.9941765
0.9923596
0.9963001
0.9943385
0.992488
0.9913303
0.9908177
0.991236
0.9934902
0.9896556
0.9913021
0.9916233
0.9943074
0.9917556
0.9927116
0.9947405
0.995549
0.9967766
0.9967717
0.9806398
0.9823281
0.9783436
0.9860748
0.9898306
0.9805204
0.9811912
0.9815479
0.9963936
0.9967949
0.9974906
0.9951721
0.9955461
0.9971751
0.996695
0.9975752
0.9981467
0.9935964
0.9958642
0.996816
0.9863481
0.9937096
0.9966094
0.9892986
0.9908417
0.9910347
0.9917031
0.9906069
0.9958317
0.9911771
0.993564
0.9943649
0.9966722
0.9958913
0.9917355
0.9851097
0.9866958
0.9925862
0.9949943
0.9923796
0.9860698
0.9856475
0.9858878
0.9853907
0.9927007
0.9891963
0.9905509
0.992864
0.992925
0.9928876
0.9929548
0.9880548
0.9894706
0.9897913
0.9907735
0.9934234
0.9942867
0.9979698
0.9954812
0.9923717
0.9967548
0.9959432
0.9858659
0.9954031
0.991012
0.9942415
0.9945027
0.9925321
0.9940761
0.9919902
0.9926931
0.9956916
0.9943052
0.9923598
0.9859043
0.9886765
0.9932292
0.992616
0.9972709
0.9972851
0.9948462
0.9924322
0.9927741
0.9942489
0.9950972
0.990785
0.9920942
0.9914719
0.9932468
0.9923452
0.9916427
0.992231
0.988328
0.9941707
0.9948067
0.9940476
0.9946786
0.9970401
0.9962477
0.9934025
0.9857436
0.9865021
0.9841454
0.9876698
0.9897477
0.9864656
0.9867276
0.9861255
0.9942071
0.9970251
0.9955417
0.997549
0.9979725
0.9984871
0.9979767
0.9973931
0.9991411
0.9934438
0.9954661
0.9938995
0.9867458
0.9933763
0.997343
0.9942969
0.9916654
0.9917216
0.9914853
0.9933523
0.9938844
0.9932074
0.9920923
0.9964833
0.9946319
0.9963379
0.9906217
0.9867862
0.9873414
0.9938417
0.9970853
0.9928975
0.9862366
0.9860029
0.9868717
0.9868275
0.9921317
0.9886617
0.992123
0.9928557
0.9935678
0.9928803
0.9929515
0.9919831
0.9907207
0.9904489
0.9908331
0.9940109
0.99227
0.9951621
0.9963794
0.9914187
0.9950249
0.9978355
0.9869619
0.9921525
0.9918591
0.9939267
0.9943983
0.9954446
0.9951303
0.994884
0.9954355
0.9946589
0.9941506
0.9941638
0.9883682
0.9921304
0.9932408
0.994085
0.9961023
0.9953939
0.9936686
0.9946376
0.9946276
0.9941295
0.9961326
0.992547
0.9916728
0.9937388
0.9945774
0.9947032
0.9926437
0.990962
0.9945537
0.9944367
0.9945021
0.9941102
0.9970602
0.994382
0.9969849
0.9967263
0.9861053
0.9879101
0.9870668
0.9918326
0.992711
0.9886171
0.9870642
0.9871726
0.9936655
0.9964249
0.9951325
0.9967541
0.9958825
0.9968474
0.9958848
0.9973753
0.996663
0.9929847
0.9934294
0.9963866
0.9921974
0.9939824
0.995517
0.9957526
0.9953743
0.9926893
0.9955205
0.9948741
0.992407
0.9954257
0.9977023
0.9959273
0.9987257
0.9975853
0.9974047
0.9911469
0.9913884
0.9921743
0.9991007
0.9944845
0.9920335
0.9916742
0.9920287
0.9914891
0.9963837
0.9948728
0.9947368
0.996124
0.9956264
0.9940337
0.9954847
0.9943227
0.9943899
0.9923775
0.9946848
0.9980332
0.9958113
0.9958209
0.9940263
0.9951178
0.9969136
0.9955384
0.9920699
0.9941009
0.9944568
0.9928555
0.9938896
0.9942504
0.9948795
0.9927304
0.9927319
0.9964061
0.996391
0.9936102
0.990895
0.9913242
0.9946763
0.9952484
0.9978941
0.9952067
0.9951579
0.9943735
0.9943613
0.9946444
0.9959069
0.9963043
0.9943881
0.9929181
0.9945199
0.9940248
0.9923404
0.9939257
0.9922561
0.9941121
0.9958848
0.9967328
0.9955911
0.995471
0.9968672
0.9949654
0.9921875
0.9922549
0.9914632
0.9909334
0.9900711
0.991533
0.9913733
0.9922806
0.996146
0.996648
0.9982206
0.9979191
0.9987937
0.9992963
0.9992938
0.9966777
0.997884
0.9961205
0.9959026
0.9942915
0.9921431
0.9930443
0.9960146
0.9933165
0.996732
0.9953909
0.9936963
0.9937289
0.9944797
0.9977821
0.9943946
0.998253
0.9967811
0.9946073
0.9954965
0.9921171
0.9923382
0.9954618
0.9956493
0.9947477
0.9914543
0.991603
0.9924033
0.9914221
0.9937974
0.9942942
0.9943155
0.9971014
0.995493
0.9934603
0.9941589
0.9909774
0.9945986
0.992853
0.9935471
0.9964556
0.9961914
0.9970169
0.9973527
0.9956591
0.9975904
0.9970297
0.9924124
0.9955263
0.9961732
0.9956679
0.9947893
0.9956482
0.9936242
0.9942502
0.9944828
0.9956667
0.9949732
0.9947296
0.9927655
0.9946149
0.9956462
0.9941711
0.9969839
0.9963394
0.9959248
0.9972074
0.9950912
0.9965438
0.9972164
0.9978923
0.9939464
0.9955327
0.9957457
0.9954086
0.9938717
0.9955842
0.9947167
0.9948888
0.9957828
0.9964296
0.9966626
0.9956317
0.9968476
0.9978947
0.9918656
0.9930225
0.9913462
0.9937947
0.9949888
0.9927094
0.9917388
0.9921072
0.9939082
0.9965177
0.998147
0.9969011
0.999686
0.9966679
0.9974007
0.9984496
0.9982063
0.9936291
0.9941204
0.9954354
0.9924136
0.993303
0.9975711
0.9935233
0.9942175
0.9948941
0.9933333
0.9975174
0.9939794
0.9962514
0.9953461
0.9944812
0.9973724
0.9992975
0.9942529
0.9927371
0.9930934
0.9953194
0.998253
0.9955284
0.9920259
0.9921996
0.9925538
0.9924095
0.9945536
0.9923747
0.9926507
0.9956236
0.9941383
0.9943903
0.9963614
0.9904257
0.9933066
0.9912629
0.994988
0.9965845
0.995572
0.9954845
0.9986169
0.995522
0.9942071
0.9979303
0.9923541
0.9958688
0.9955501
0.9960229
0.9946262
0.9945601
0.9954418
0.9952595
0.9952607
0.9972135
0.9971999
0.9955125
0.9939705
0.9951932
0.9928893
0.9930137
0.99649
0.9951185
0.9957973
0.9954283
0.9973519
0.995
0.9961658
0.9924648
0.9949592
0.9944688
0.9943793
0.9933555
0.9970545
0.995662
0.9940209
0.9986821
0.9959028
0.9968652
0.9955682
0.9982456
0.9988999
0.9985283
0.9916102
0.9924249
0.9931034
0.9953497
0.996206
0.9931507
0.9921615
0.9923682
0.9954436
0.9961078
0.9958413
0.9961538
0.9983745
0.998847
0.9965197
0.997979
0.997646
0.9963812
0.995425
0.9970888
0.9932866
0.9948567
0.9963951
0.993395
0.995249
0.99382
0.9942
0.9943748
0.996758
0.9943402
0.9942943
0.9984756
0.9968726
0.9981745
0.9952532
0.9930788
0.9936178
0.9959242
0.9989126
0.9958997
0.9925901
0.9934278
0.9932593
0.9932918
0.9941705
0.9937667
0.9924566
0.9929418
0.9909008
0.9969614
0.9943521
0.9941034
0.9913978
0.9935262
0.9926108
0.9962434
0.996215
0.9956757
0.998924
0.9961362
0.9973743
0.9967753
0.9932004
0.997261
0.9944106
0.9948901
0.9964141
0.9968546
0.9949017
0.9983039
0.9987893
0.9952916
0.9974573
0.9978256
0.9937392
0.994779
0.9946628
0.9960581
0.9981812
0.9971109
0.9968922
0.9955577
0.9972833
0.9951172
0.9968067
0.9942743
0.9968051
0.9959915
0.9952393
0.9951421
0.9954879
0.9951877
0.9950504
0.9945563
0.9952167
0.9955882
0.9986945
0.9989079
0.9957919
0.9965491
0.992848
0.9936533
0.9925946
0.9948274
0.9968942
0.9934534
0.9934632
0.9934995
0.9975161
0.9978077
0.9983227
0.9976447
0.9934685
0.997137
0.9991803
0.9987086
0.9974632
0.9937217
0.9977556
0.9934261
0.9935962
0.9951679
0.9984774
0.9957356
0.9935307
0.9932311
0.9936017
0.9954823
0.9953646
0.9934416
0.9968613
0.9975699
0.9987552
0.9949573
0.9941411
0.9937864
0.9939074
0.9942672
0.9942174
0.9922091
0.9930162
0.9926829
0.9933294
0.9935363
0.9967296
0.9949367
0.9908353
0.9944035
0.9958874
0.99264
0.9953917
0.9917872
0.9911326
0.9941594
0.9936508
0.9958322
0.9942151
0.9965714
0.9961948
0.9947276
0.9960159
0.9954459
0.9937436
0.9950713
0.9936525
0.9970822
0.9967758
0.9944598
0.9957627
0.995458
0.9962188
0.9954005
0.9969219
0.9942095
0.9939827
0.9961245
0.996732
0.9961607
0.9938104
0.9969419
0.9962761
0.9943517
0.9958879
0.9964548
0.996682
0.9935267
0.996424
0.9938725
0.9929504
0.9984917
0.9965197
0.9956392
0.996083
0.9963152
0.9958872
0.9963077
0.9948276
0.998071
0.9967532
0.997559
0.9932834
0.9931217
0.9932328
0.9953139
0.9967465
0.9941032
0.9940244
0.9937441
0.9991713
0.9971213
0.997272
0.9988295
1.
0.9995093
0.9985192
0.9984293
0.9974343
0.9980485
0.9991674
0.9981702
0.9958777
0.9988681
0.9972875
0.9981088
0.9970257
0.9965428
0.9975292
0.996124
0.9971731
0.9967869
0.9992808
0.9956162
0.9959839
0.9963134
0.9971562
0.9961113
0.9959866
0.9980636
0.9990884
0.997771
0.9962299
0.9958363
0.9958793
0.9959403
0.9974762
0.9974645
0.9979616
0.996992
0.9978221
0.997434
0.9965779
0.9971259
0.9973805
0.9986373
0.9972286
0.9973784
0.9961753
0.9972912
0.9986499
0.9991639
0.9971442
0.9982063
0.9959634
0.9982634
0.9973396
0.997619
0.9972391
0.9988814
0.9986308
0.9971894
0.9980348
0.9981851
0.9986308
0.9969196
0.9961686
0.9969261
0.9955081
0.9982872
0.9995428
0.9981876
0.9975145
0.9968508
0.9971297
0.9977414
0.9977208
0.9976919
0.9985759
0.9975563
0.9982548
0.9974733
0.9972712
0.9974149
0.9968072
0.998399
0.9949833
0.9978896
0.9967923
0.9958621
0.9995141
0.9980459
0.9958857
0.9959473
0.9952774
0.9963473
0.9969554
0.9961772
0.9959917
0.9964212
0.9988512
0.9981096
0.9962917
0.9983505
1.
0.9973643
0.9978814
0.9994366
0.9978918
0.9985516
0.9965288
0.9955969
0.9966754
0.997051
0.9956564
0.997619
0.997156
0.9984444
0.9997688
0.9965828
0.9977737
0.9985013
0.9981068
0.9958268
0.9983871
0.9990191
0.9978575
0.9966491
0.9964721
0.9959666
0.9975657
0.9965197
0.9964223
0.9965015
0.9969687
0.9965512
0.9973753
0.9971098
0.9969642
0.9964961
0.9965583
0.9972983
0.9979976
0.9962584
0.9966224
0.9960047
0.995701
0.9969651
0.9987771
0.9951784
0.9947039
0.9970964
0.9954105
0.9980889
0.9967632
0.9981917
0.9990775
0.9981395
0.9971306
0.9985457
0.9951148
0.9985406
0.998541
0.9980648
0.9936399
0.9979639
0.9966978
0.9977539
0.9979616
0.9970256
0.997066
0.9995176
0.9974168
0.9979167
0.9985084
0.9970614
0.998519
0.9972957
0.9985181
0.9980271
0.997575
0.9979574
0.9974071
0.996891
0.9975904
0.9993309
0.9979036
0.9981529
0.9974565
0.9985323
0.9968685
0.9968553
0.9967398
0.9966803
0.9967405
0.9969706
0.9976005
0.9969973
0.9965279
0.9966781
0.9903867
0.9925604
0.994387
0.9941271
0.9932276
0.9964903
0.9957388
0.9969629
0.9972273
0.9878248
0.9887656
0.9915678
0.8901603
0.9896026
0.9917645
0.9829262
0.9853077
0.9833793
0.9827455
0.9887056
0.9913627
0.9910594
0.9896481
0.9946932
0.9951702
0.9936676
0.9830731
0.8827482
0.8859272
0.9880889
0.9937467
0.987682
0.8831321
0.8890378
0.8920679
0.8875482
0.9892928
0.9801282
0.9835741
0.9846451
0.9867837
0.9868083
0.9887752
0.9702428
0.9758499
0.977163
0.9767866
0.9876499
0.9862198
0.9930411
0.9916915
0.9894785
0.9922582
0.9921072
0.8908961
0.9892853
0.9886071
0.9877624
0.9904971
0.9871694
0.9909291
0.9887504
0.9900452
0.9922873
0.9917947
0.9873869
0.9144957
0.9351242
0.9856862
0.9837599
0.9905879
0.9928885
0.9877685
0.98959
0.9887207
0.9900025
0.98855
0.9881705
0.9867057
0.9876158
0.9896038
0.9884276
0.987729
0.9861808
0.9862436
0.9921436
0.9923275
0.9944067
0.9941133
0.99539
0.996418
0.9954046
0.8931352
0.9258419
0.9348731
0.9551366
0.9495151
0.9460381
0.8877383
0.8873232
0.985928
0.9888656
0.990612
0.9902941
0.990751
0.9939481
0.9933301
0.9948317
0.9960565
0.9919352
0.9897636
0.9960466
0.873189
0.992073
0.9958817
0.9887006
0.988799
0.9886216
0.9907303
0.9927067
0.9941653
0.993573
0.9949323
0.9962974
0.9958837
0.9952473
0.9918496
0.868968
0.8599806
0.9913194
0.9949702
0.9916074
0.8979966
0.8892898
0.8799313
0.8797738
0.9918777
0.9931631
0.9925339
0.9962511
0.9961062
0.9957553
0.9960055
0.9928042
0.991953
0.9938095
0.9929771
0.9926253
0.9924752
0.9974926
0.996827
0.9911503
0.9970611
0.9961609
0.8743764
0.9892409
0.9917775
0.992853
0.9891826
0.9914406
0.9968437
0.9913657
0.9918221
0.9962703
0.9964362
0.9919699
0.9094703
0.8009578
0.9917687
0.9939997
0.9961762
0.9961778
0.9914484
0.9905874
0.9911713
0.9899547
0.9895088
0.9920273
0.9922888
0.9925496
0.9906505
0.9926425
0.9854765
0.9876684
0.9875552
0.9919953
0.9922352
0.9922684
0.9945178
0.9943925
0.9954789
0.9948822
0.9114979
0.9235156
0.931566
0.8422087
0.7803298
0.9063449
0.8834409
0.887519
0.9835772
0.9893602
0.9898627
0.9891098
0.9904543
0.9931044
0.9924688
0.99323
0.9961446
0.9917323
0.9902493
0.9959614
0.903183
0.9925931
0.9963017
0.9916549
0.990681
0.9905725
0.9915505
0.9948507
0.9953337
0.9938521
0.9955897
0.9970373
0.9963307
0.995308
0.9934217
0.8993915
0.8904415
0.99202
0.9950925
0.992133
0.9252931
0.9198422
0.9118761
0.9111682
0.9929052
0.9945258
0.995376
0.9974806
0.9976087
0.9975123
0.9972685
0.9947732
0.9936433
0.9957534
0.9952874
0.9929774
0.9926657
0.9973373
0.9971692
0.9929313
0.9977398
0.9959175
0.9040541
0.990879
0.992426
0.9935552
0.9903732
0.9918709
0.9975281
0.9916565
0.991586
0.9969032
0.9973837
0.992389
0.9202503
0.799448
0.9933755
0.9948677
0.9969981
0.9967589
0.9936414
0.9916204
0.9917601
0.9897871
0.9895425
0.9914256
0.9928718
0.9925728
0.9907334
0.992975
0.9875596
0.9867592
0.9880735
0.9927353
0.9927857
0.9929024
0.9940473
0.9938563
0.995246
0.994687
0.9403379
0.9401263
0.9490659
0.8509396
0.7177707
0.9198859
0.9083223
0.9221433
0.9861238
0.9892404
0.9906118
0.989561
0.9906655
0.9936734
0.9926609
0.994008
0.9960857
0.9916043
0.9897696
0.9960518
0.8829669
0.9914662
0.9962283
0.9883632
0.9878694
0.9886062
0.9907917
0.992142
0.993566
0.99313
0.9945946
0.9961282
0.9957073
0.9961161
0.9924594
0.8733609
0.8689137
0.9917158
0.9950496
0.9915622
0.9048906
0.8954114
0.8931067
0.8869173
0.9922405
0.9908841
0.991684
0.9955633
0.9961862
0.9946538
0.9953128
0.9915765
0.9921746
0.9938383
0.991672
0.9913632
0.9912078
0.9967287
0.9967507
0.9917317
0.9966988
0.9962949
0.8826326
0.9904244
0.9907537
0.9923134
0.9892188
0.9913457
0.9960957
0.990061
0.9914291
0.9957049
0.9956818
0.9911113
0.9105152
0.5914602
0.9912173
0.9934657
0.9961823
0.9952257
0.9913123
0.9901118
0.9911375
0.9907847
0.9888922
0.9919035
0.9919107
0.9926633
0.9906354
0.9921972
0.9868132
0.9870532
0.9868167
0.9923386
0.9921674
0.9921628
0.9939105
0.994109
0.9952099
0.9943111
0.9141463
0.9275026
0.9347416
0.871518
0.8092101
0.9101114
0.8902487
0.8919475
0.9844688
0.9895226
0.9893523
0.9899402
0.9892433
0.9924103
0.9932155
0.9943135
0.9958429
0.9919911
0.9910064
0.9958804
0.9043595
0.9931965
0.9963527
0.9900284
0.9899731
0.990518
0.991201
0.9942956
0.9945278
0.9944081
0.995473
0.9974215
0.9964991
0.9964432
0.9935897
0.8939796
0.8796604
0.9923399
0.9952461
0.9916475
0.922556
0.912577
0.912234
0.9047876
0.9929275
0.9940539
0.9937322
0.9966256
0.9968847
0.9965353
0.9965741
0.9939122
0.9935796
0.9951448
0.9951375
0.9940304
0.9935444
0.9969392
0.9967285
0.9917841
0.9971894
0.9961194
0.9037061
0.9917137
0.9923687
0.993331
0.9906212
0.9926763
0.9967027
0.9915042
0.9924223
0.9966803
0.996468
0.9927454
0.9204838
0.8099412
0.9928822
0.9940395
0.9973823
0.996915
0.9925244
0.9911466
0.9916049
0.9903504
0.9903664
0.9907488
0.9916321
0.9931061
0.9917104
0.9924915
0.9872871
0.9854628
0.9888021
0.9924382
0.9936693
0.9916663
0.9936186
0.9948681
0.995632
0.9945211
0.9332117
0.9390287
0.9460184
0.8626528
0.7566606
0.9213849
0.9065885
0.9106746
0.9854209
0.9890108
0.9905785
0.9907761
0.9910256
0.9941849
0.9933045
0.9941903
0.9964017
0.9907254
0.9896931
0.9954545
0.8710135
0.99052
0.9954174
0.9870844
0.9867844
0.9875929
0.9883987
0.9917607
0.9935678
0.9923225
0.9944268
0.9955823
0.9956765
0.995076
0.9917255
0.8621563
0.8530037
0.9910032
0.9939044
0.9908429
0.8893332
0.8779143
0.8760567
0.8716023
0.9908195
0.9918534
0.9920457
0.9954676
0.9955445
0.9946184
0.9955142
0.9918599
0.9913408
0.9922685
0.9930631
0.9919678
0.9913576
0.9963692
0.9967258
0.9917379
0.9967776
0.9960334
0.8719787
0.9896445
0.991667
0.992464
0.9889557
0.9911128
0.9959906
0.9909353
0.9910719
0.9958727
0.9962681
0.991717
0.9044222
0.8165776
0.9912099
0.992757
0.9959703
0.9957937
0.9920747
0.9902792
0.9906488
0.9901902
0.9894602
0.9912313
0.9923298
0.9919094
0.9897195
0.9920851
0.9854128
0.9873644
0.9863589
0.9920561
0.9917418
0.9920522
0.9939213
0.9940821
0.995164
0.9945454
0.9036177
0.9210326
0.926096
0.8534123
0.8095941
0.9039637
0.8786275
0.8824369
0.9841058
0.9883164
0.9882123
0.9890949
0.9896639
0.9929014
0.9926192
0.9933724
0.9958606
0.9921782
0.9906878
0.9961287
0.9068273
0.992869
0.9958074
0.9900188
0.9894771
0.9910325
0.9922612
0.9933854
0.9947934
0.9949045
0.9958384
0.9970444
0.9962743
0.9964052
0.9945118
0.9007001
0.8854301
0.9931303
0.9947627
0.9919754
0.9275012
0.9198706
0.9149452
0.911206
0.9929652
0.9950337
0.994503
0.9974923
0.9972281
0.9973632
0.9966946
0.9949541
0.9940255
0.9954581
0.9948772
0.993487
0.9930073
0.9975396
0.9973553
0.9925164
0.9973713
0.9960633
0.9060364
0.9914974
0.9918249
0.9936572
0.9901723
0.9912485
0.9968687
0.9905891
0.9915406
0.9963846
0.9964296
0.9922213
0.9236775
0.7967046
0.9934842
0.9954566
0.9974915
0.996639
0.9933793
0.9913696
0.9914357
0.9913106
0.9896698
0.9924967
0.991825
0.9931635
0.9917437
0.993348
0.9872948
0.9858547
0.9870766
0.9922098
0.9934909
0.9919765
0.9948685
0.9942971
0.9954436
0.9941397
0.9407179
0.9447267
0.947889
0.8546102
0.7282815
0.9230901
0.911659
0.9153135
0.9851035
0.9890782
0.9902451
0.9906805
0.9909492
0.9939608
0.9933415
0.9939856
0.9963909
0.9906706
0.9895238
0.9954859
0.8704613
0.991011
0.9954092
0.9871734
0.9864327
0.9877575
0.9886193
0.9918982
0.993584
0.9921843
0.9942643
0.9954348
0.9957273
0.99493
0.9917074
0.8622718
0.8526454
0.9914722
0.9938603
0.991099
0.8886032
0.8779146
0.8757961
0.8709035
0.9909785
0.9916035
0.9918903
0.995284
0.9956732
0.9945142
0.9955844
0.9914841
0.9913809
0.9925165
0.9931755
0.9922407
0.9914766
0.9962598
0.9965959
0.9916225
0.9967463
0.9960237
0.8714423
0.9898462
0.9917268
0.9925412
0.9890612
0.9914459
0.9962381
0.9914245
0.9913275
0.9958832
0.9964753
0.9917182
0.9041744
0.8180674
0.9911735
0.9930466
0.9962376
0.9957054
0.99223
0.9908298
0.9908864
0.9902731
0.9895841
0.9914089
0.9926013
0.9923554
0.9900578
0.9922018
0.9856022
0.9869921
0.9865075
0.9924282
0.991468
0.9919344
0.994134
0.9942163
0.994918
0.994798
0.9029556
0.9207095
0.9258113
0.8539809
0.8105466
0.9036627
0.8782029
0.8818404
0.992433
0.9942321
0.9946788
0.9951962
0.9947987
0.9968897
0.9965272
0.9973383
0.997907
0.9863031
0.9886956
0.9935277
0.8695574
0.9882894
0.9927441
0.982745
0.9830927
0.9832706
0.9826456
0.9887381
0.9908192
0.9907461
0.9892428
0.9938968
0.9944465
0.9934264
0.9838245
0.8682753
0.8734912
0.9873028
0.9931999
0.9881203
0.8663632
0.8704677
0.8709322
0.8687894
0.9884302
0.9826875
0.9838577
0.9855542
0.9867205
0.9876587
0.9880794
0.9701084
0.978834
0.9788083
0.9768612
0.9887967
0.9872825
0.9920201
0.9925483
0.9889761
0.9934441
0.9928795
0.8699462
0.9895045
0.9885232
0.9887385
0.9908895
0.988114
0.9910223
0.9890953
0.9895084
0.99261
0.9915179
0.9884964
0.90711
0.9360564
0.9862962
0.9853694
0.9925722
0.992446
0.9887676
0.9889459
0.9881455
0.9890573
0.9871973
0.9879784
0.9870367
0.985326
0.9893396
0.9878559
0.9867642
0.9888098
0.987416
0.99225
0.9922196
0.9923745
0.9939837
0.9946769
0.9951164
0.9950162
0.8708625
0.9106654
0.9227191
0.9474822
0.9586473
0.9322326
0.8716074
0.8690763
0.9841739
0.987964
0.9886987
0.9887644
0.9897382
0.9929672
0.9915805
0.9923464
0.9954081
0.9941423
0.9912241
0.9957796
0.9271928
0.9941644
0.9965684
0.989289
0.9901333
0.9910021
0.9919746
0.9941647
0.9954023
0.9945598
0.994118
0.9965843
0.9960273
0.9953332
0.9945852
0.9182815
0.9129263
0.9934277
0.9951992
0.9928976
0.9400527
0.936496
0.9336534
0.9313766
0.9934176
0.9938218
0.993257
0.9959262
0.9974332
0.9960577
0.9962805
0.9940973
0.9938828
0.9953765
0.9956536
0.9940145
0.9926565
0.9974883
0.9977267
0.9924694
0.9970343
0.9961612
0.9277693
0.9918763
0.9917255
0.9937361
0.9891556
0.9924339
0.997486
0.9908506
0.9918062
0.9959188
0.9971794
0.9928942
0.9310082
0.8354178
0.9930574
0.9951426
0.997247
0.9965675
0.9934294
0.9917888
0.9910267
0.9910761
0.9910668
0.9926054
0.9930762
0.9936713
0.9931917
0.994138
0.9874105
0.9872331
0.9883765
0.9929207
0.9933933
0.9925184
0.9948083
0.9925893
0.9950736
0.9945905
0.9534368
0.9547566
0.9556011
0.8868303
0.8068083
0.933209
0.9309529
0.9355107
0.985262
0.9906778
0.9893464
0.9899748
0.9907623
0.9933188
0.9925854
0.9941288
0.9957004
0.9916793
0.989746
0.9961759
0.9009561
0.9910781
0.9961302
0.989603
0.9891074
0.9887643
0.9913829
0.9935269
0.9947824
0.994421
0.9955627
0.9965998
0.9963038
0.995619
0.9934404
0.8962718
0.8834873
0.9922262
0.9949922
0.9921039
0.9192578
0.9093764
0.9054212
0.9046866
0.9922412
0.993312
0.9929251
0.9966514
0.9965848
0.9964874
0.9966703
0.9941375
0.993088
0.99451
0.9943864
0.9926185
0.9916201
0.9966851
0.9976965
0.9919379
0.9971832
0.9965415
0.900413
0.9903988
0.9917346
0.993881
0.9886875
0.9917709
0.996707
0.9911552
0.9911554
0.9963223
0.9965623
0.9915591
0.9237597
0.827396
0.9928536
0.9941362
0.99702
0.9965637
0.9914272
0.9910237
0.9908324
0.9897799
0.9897248
0.9921284
0.9930552
0.9919804
0.9909163
0.9922405
0.9869263
0.9858202
0.986768
0.9911109
0.9936143
0.9925144
0.9942115
0.9941186
0.9958003
0.9948532
0.9311242
0.9358313
0.940606
0.8617934
0.7849514
0.9177169
0.9075788
0.9122347
0.9834435
0.9889884
0.9894965
0.9890522
0.989457
0.9927081
0.9926073
0.9929583
0.995815
0.992309
0.9904721
0.9961482
0.9047262
0.9931338
0.9958328
0.9911231
0.9898544
0.9912842
0.9923237
0.9933213
0.9955331
0.993886
0.995648
0.9968231
0.9962778
0.9960981
0.9938741
0.9011517
0.8928514
0.9930761
0.9945312
0.9923334
0.9263718
0.9210255
0.9150801
0.9112345
0.9928778
0.9943797
0.9950735
0.9970621
0.9969728
0.9965608
0.9969881
0.9947489
0.9946017
0.9958117
0.9955957
0.9925444
0.9926109
0.9972991
0.9972506
0.992523
0.9974139
0.9962746
0.9045616
0.9908713
0.9930143
0.994397
0.989832
0.9922348
0.9971753
0.9917312
0.9923283
0.9968099
0.9972241
0.9925691
0.9213585
0.7939852
0.9932594
0.9950102
0.9974435
0.9970788
0.9922917
0.991599
0.991597
0.991393
0.9905002
0.9920239
0.9930587
0.9926122
0.9914672
0.9933297
0.9873198
0.9865546
0.9882623
0.9922232
0.9928287
0.9919524
0.9945962
0.9938908
0.9951283
0.9948074
0.9425004
0.9417027
0.95018
0.8539948
0.7247811
0.9241968
0.9106391
0.924316
0.9853996
0.9893853
0.9910081
0.9902371
0.9907107
0.9941594
0.9928752
0.9942096
0.9957912
0.9915043
0.9889885
0.9958269
0.8839066
0.9916231
0.9960706
0.9884966
0.9876407
0.9884246
0.9902443
0.9919807
0.9935216
0.9926471
0.9941663
0.9961451
0.996602
0.9959574
0.9925151
0.8737055
0.8688912
0.9920242
0.9949052
0.9916337
0.9047993
0.895305
0.893618
0.8877818
0.9923165
0.9909506
0.9913688
0.9958564
0.9959866
0.9948342
0.9955849
0.9910644
0.9919545
0.9931875
0.9913415
0.9914552
0.9910399
0.9965746
0.996925
0.9915038
0.9967855
0.9964223
0.8832365
0.9897112
0.9909497
0.9921317
0.9890593
0.9917595
0.9956736
0.9905749
0.9918005
0.9954555
0.9954981
0.9914162
0.9108493
0.5665324
0.9909426
0.993657
0.9961557
0.9958507
0.9915752
0.9899365
0.9908402
0.9914319
0.9893999
0.9913318
0.9916837
0.992977
0.9900317
0.9924017
0.9864927
0.9868608
0.9868982
0.9920695
0.992157
0.9923702
0.99354
0.994354
0.9952425
0.9945582
0.9141257
0.926438
0.9351634
0.8732462
0.8121715
0.9110086
0.8900672
0.8915711
0.9871726
0.9909336
0.9912272
0.9918916
0.9926959
0.994742
0.9940412
0.9952362
0.9969253
0.9890958
0.989162
0.9957434
0.838211
0.9897601
0.9954054
0.986595
0.9866644
0.9874249
0.9881669
0.9910332
0.9923143
0.9923593
0.9936623
0.9953776
0.9956654
0.9948187
0.9905803
0.8310614
0.8190312
0.9895014
0.9950472
0.9897377
0.8597676
0.8455761
0.8456055
0.8385017
0.9897661
0.9909413
0.9915722
0.9945663
0.9947705
0.9948166
0.994712
0.989685
0.9900707
0.991479
0.9910437
0.9909318
0.9902536
0.9962955
0.9958268
0.9894962
0.9966773
0.9951474
0.8391201
0.9884935
0.9902023
0.9914022
0.9890061
0.9895104
0.9955332
0.9897009
0.9896529
0.995356
0.995355
0.9899115
0.8950966
0.8195597
0.9891251
0.9926992
0.9955004
0.9959391
0.9902873
0.9887426
0.990667
0.9897781
0.989179
0.9901509
0.9909584
0.9902329
0.9897127
0.9906944
0.9838189
0.9850143
0.9845033
0.9907736
0.9909813
0.9912822
0.9931642
0.9941536
0.9951987
0.994027
0.8718948
0.9034945
0.9101952
0.8604478
0.8368509
0.8926076
0.8445249
0.8445026
0.9847841
0.9897331
0.9902146
0.9902399
0.9903511
0.9936225
0.9931508
0.9942532
0.9962328
0.9916947
0.9897889
0.9958739
0.8403247
0.991766
0.9958624
0.9891236
0.9881729
0.9891831
0.9903079
0.9927145
0.9946702
0.9935433
0.9951314
0.9962702
0.9959548
0.9951322
0.9924164
0.8317212
0.8141436
0.9920705
0.9948081
0.9913734
0.8721994
0.8606897
0.8509413
0.8486683
0.9918985
0.9931009
0.9928115
0.9963535
0.9968444
0.9959801
0.9962462
0.9935753
0.9929663
0.9940664
0.9935665
0.992773
0.9917528
0.9970297
0.9967837
0.9914113
0.9972068
0.9961228
0.8398826
0.9903646
0.9918667
0.9929592
0.9896116
0.991809
0.9970416
0.9916662
0.9913703
0.995667
0.9970157
0.9914103
0.8954857
0.7611082
0.9924387
0.9941778
0.9966135
0.9961346
0.9920327
0.9911053
0.9915167
0.9904658
0.9901392
0.9913469
0.9924713
0.9922059
0.9912275
0.9925151
0.9851989
0.9866139
0.9871105
0.9917745
0.9923701
0.9917839
0.9944915
0.9942473
0.9949162
0.9944331
0.893973
0.9139156
0.9226894
0.8206469
0.737611
0.8945463
0.8512979
0.8534555
0.9908263
0.9938925
0.9945127
0.9948042
0.9946751
0.9961834
0.9961147
0.996881
0.9975447
0.9871607
0.9881096
0.9938081
0.6568335
0.9880725
0.9936827
0.9823797
0.9825573
0.982769
0.9826608
0.9884146
0.9908836
0.9905192
0.9902524
0.9944659
0.9948832
0.994091
0.9849679
0.6550638
0.637056
0.9871935
0.9943266
0.9880402
0.6571061
0.6602375
0.657527
0.6573813
0.9882329
0.9826443
0.9842644
0.9878729
0.9894856
0.988717
0.9905035
0.9750885
0.9789755
0.979086
0.9803237
0.9881689
0.9884684
0.9932817
0.9930079
0.9879419
0.9938129
0.9934391
0.6605903
0.9887082
0.9884076
0.9883951
0.9882784
0.9873545
0.9929568
0.9879197
0.9883201
0.9936527
0.9934072
0.9876186
0.8547619
0.8788044
0.9856603
0.9858862
0.9935243
0.9934475
0.9875169
0.9883908
0.9882237
0.9886106
0.9882264
0.9883777
0.9875423
0.9871044
0.9889406
0.9870894
0.9841642
0.9842819
0.9836287
0.9907727
0.9912789
0.992027
0.9936318
0.9946775
0.9952475
0.9952081
0.7117228
0.8414571
0.8731711
0.910418
0.917155
0.8884669
0.6669349
0.6398344
0.9959744
0.9980612
0.9984199
0.9977376
0.9983989
0.9974313
0.9981987
0.9973454
0.9982461
0.9368913
0.9948548
0.9917931
0.9868725
0.9108871
0.9918498
0.9914842
0.9917317
0.9916331
0.9905871
0.9955837
0.9890346
0.9959184
0.9943735
0.9938493
0.9966243
0.9940269
0.9880176
0.9869326
0.9877768
0.9390833
0.9982729
0.9294256
0.9859042
0.9863283
0.9868025
0.9866525
0.9403857
0.9920305
0.9916366
0.9904545
0.9934712
0.9892308
0.9953146
0.9878797
0.9891985
0.9862637
0.9897444
0.9922127
0.9935139
0.9955741
0.9805535
0.9349863
0.9936645
0.9946026
0.9868078
0.9634028
0.9861111
0.9864394
0.9906336
0.9268677
0.9925521
0.9491198
0.9401092
0.9928271
0.9942999
0.9470224
0.9878756
0.9933237
0.951243
0.9881356
0.9932919
0.9943238
0.9709683
0.954014
0.9879108
0.9691546
0.965
0.9847851
0.9896714
0.9894507
0.9618619
0.8821473
0.9940927
0.9925811
0.991567
0.9941568
0.9956683
0.9963799
0.9953981
0.9980198
0.9956477
0.9948652
0.9852112
0.9861441
0.9875442
0.9921637
0.9935348
0.9887666
0.9869178
0.9864899
0.9987751
0.9984596
0.9983509
0.9966887
0.9979818
0.9979984
0.9983929
0.9978921
0.9995064
0.9935516
0.9963009
0.9681182
0.9927474
0.9927007
0.9917293
0.9977011
0.9945705
0.9958718
0.9949
0.994752
0.9954366
0.9984705
0.9947368
0.9968229
0.9979667
0.9908327
0.9890596
0.9933339
0.9937572
0.9928519
0.9878234
0.9910559
0.9924989
0.9930329
0.9929307
0.9935297
0.9917624
0.9963653
0.9935567
0.9939024
0.9937598
0.9882985
0.9967669
0.9916829
0.9908202
0.9900518
0.9935079
0.9888688
0.9948133
0.9669104
0.9906156
0.9930469
0.9829905
0.9925317
0.9928442
0.9961637
0.9958333
0.9913135
0.9950932
0.9940299
0.966161
0.993007
0.9945151
0.9762452
0.9669646
0.9952818
0.9934263
0.9963623
0.9937765
0.990856
0.9946929
0.989422
0.9923702
0.9939148
0.994666
0.9967508
0.9959657
0.9933538
0.9939333
0.9934609
0.9951144
0.9902402
0.9957846
0.9946965
0.9959271
0.9958065
0.9973988
0.9966687
0.997973
0.9954476
1.
0.998008
0.9922086
0.9927131
0.9932432
0.9969949
0.9969395
0.9950834
0.9929741
0.9931315
0.9946818
0.9958937
0.9977386
0.9950034
0.9977085
0.9971701
0.996127
0.9952051
0.9991226
0.9664519
0.9903935
0.9972759
0.9876741
0.9454865
0.9953179
0.9899406
0.9926516
0.9941222
0.9917065
0.9946133
0.9916273
0.996777
0.9948029
0.9946154
0.9987026
0.9970186
0.9871139
0.987639
0.9880817
0.9532086
0.9965355
0.9549895
0.9868189
0.9865789
0.9870226
0.9867986
0.957606
0.9935942
0.9923954
0.9910733
0.9906052
0.994088
0.9930602
0.9854098
0.9906133
0.9919588
0.9905584
0.9922053
0.9923533
0.9935866
0.988107
0.960717
0.993401
0.9950896
0.9871466
0.9617486
0.9894149
0.9878002
0.9976269
0.9560461
0.9935436
0.9672693
0.9595553
0.9958025
0.99529
0.9570634
0.9882935
0.991619
0.954222
0.9888868
0.9962798
0.9958056
0.9734431
0.9600543
0.9905714
0.9697143
0.9607654
0.9899621
0.9875683
0.9868589
0.9642578
0.9529503
0.9940882
0.9933539
0.9946459
0.9933387
0.9929607
0.9974446
0.9972407
0.9982656
0.9982102
0.9971788
0.9862139
0.9882524
0.98772
0.9919021
0.9918061
0.9895657
0.9872712
0.986768
0.9948454
0.99631
0.9977273
0.9958951
0.9967727
0.9974133
0.9963655
0.9965213
0.9982322
0.9643402
0.9959417
0.9962612
0.9875266
0.9394238
0.9965355
0.991757
0.994326
0.9919117
0.9902228
0.9932289
0.9961349
0.997411
0.9936833
0.994066
0.9960754
0.9901911
0.9877811
0.987094
0.9882002
0.9505959
0.9932601
0.9570058
0.9857962
0.9860624
0.9868291
0.9866686
0.9598309
0.9904114
0.9935164
0.9912427
0.9934326
0.9956063
0.9925726
0.989424
0.992163
0.9881743
0.9905244
0.9935176
0.9913528
0.9928022
0.9908075
0.9696279
0.9951592
0.9943182
0.987076
0.9640203
0.9878049
0.9883382
0.9942994
0.9534389
0.9965148
0.9611762
0.9523256
0.9960288
0.9962649
0.9598848
0.9886799
0.9920315
0.9582532
0.9840365
0.9932466
0.9947852
0.970627
0.9643203
0.9907232
0.9654312
0.9658169
0.9922201
0.9907617
0.9905058
0.9657266
0.9515316
0.9948328
0.9959783
0.9933917
0.9947358
0.9958523
0.994852
0.9972267
0.9975069
0.9950993
0.9963862
0.9857872
0.9874079
0.9876233
0.9913463
0.9920899
0.9904161
0.9869931
0.9876262