0.912869
0.9101811
0.9096971
0.9069687
0.9302369
0.9460338
0.9857766
0.9071795
0.9051375
0.9053464
0.9405416
0.9256372
0.9226998
0.9934553
0.9811595
0.9885682
0.9878444
0.9874852
0.9880142
0.9722935
0.9691793
0.9744793
0.976812
0.9772357
0.9815395
0.9815851
0.9782547
0.9771175
0.9863144
0.9825301
0.9841252
0.9840349
0.9784829
0.9703749
0.9698344
0.9770881
0.976177
0.9828103
0.9708283
0.9877644
0.9774053
0.9809285
0.9836872
0.9196523
0.8996541
0.979472
0.963447
0.9816514
0.9827469
0.9862676
0.9853349
0.9329466
0.9832241
0.9814101
0.9825268
0.9844642
0.9835995
0.9825636
0.978062
0.9844291
0.9691786
0.9696871
0.9698905
0.9690849
0.9693093
0.9691211
0.9691388
0.9697117
0.9711744
0.9395272
0.9724878
0.9776216
0.9833168
0.9880334
0.9935295
0.991069
0.994306
0.9878128
0.9873997
0.9920098
0.9846049
0.981105
0.9898651
0.9919869
0.9936898
0.9889907
0.9940199
0.9719222
0.9834762
0.9885891
0.9851291
0.9768269
0.984463
0.989866
0.993753
0.9959653
0.994439
0.9763569
0.9874968
0.9891635
0.8678328
0.8640899
0.8706482
0.8654719
0.8573872
0.9092482
0.9684808
0.8686904
0.8120227
0.8500606
0.8916519
0.8752182
0.8589029
0.9951207
0.9801884
0.98786
0.9879668
0.9874948
0.9876565
0.9388162
0.9269022
0.947424
0.9483873
0.9489156
0.9580689
0.9608805
0.9508017
0.9504213
0.9698781
0.9639763
0.9657875
0.9657952
0.9516744
0.9336274
0.9320959
0.9487791
0.9491149
0.9630948
0.9366072
0.9835171
0.9507635
0.9596964
0.9646116
0.8399536
0.8193858
0.9571275
0.9082134
0.9843009
0.9834215
0.9873294
0.9869723
0.8634582
0.9642145
0.9592128
0.9636084
0.9652154
0.9645098
0.9632659
0.950437
0.965206
0.9513528
0.9512245
0.9500925
0.9493822
0.9515109
0.9497098
0.9516553
0.9505557
0.9499718
0.869905
0.9704906
0.9773531
0.9816678
0.9881808
0.9932061
0.991031
0.9942096
0.9862362
0.9873627
0.9910515
0.9869554
0.9810004
0.9880891
0.9916964
0.9932485
0.9887781
0.9939874
0.9722448
0.9837095
0.9882529
0.9850733
0.9777422
0.9855377
0.988817
0.9941456
0.9948983
0.9951767
0.9767919
0.9862117
0.9905833
0.9223032
0.9214668
0.9217605
0.9175587
0.8782391
0.894173
0.9380906
0.9208022
0.9119945
0.9050367
0.8989688
0.9069424
0.8999917
0.9970861
0.9849698
0.990831
0.9894809
0.9896272
0.9898074
0.9023869
0.8999262
0.9200958
0.9116927
0.9146046
0.9153798
0.9273309
0.9126143
0.9151803
0.9311162
0.9293385
0.924894
0.9249696
0.9137994
0.8972551
0.8956707
0.9129298
0.9154391
0.9290562
0.9035191
0.9883278
0.9133648
0.9251005
0.9262692
0.8746049
0.8880524
0.924146
0.8708564
0.9892212
0.9886934
0.98902
0.9895748
0.8700285
0.9285988
0.9159631
0.9270888
0.9220536
0.9216124
0.92675
0.9134075
0.9221129
0.9362519
0.9333358
0.9340651
0.93379
0.9335413
0.9347496
0.9356208
0.9341115
0.9334634
0.8615799
0.9814944
0.9850959
0.9876384
0.9906813
0.9948942
0.9948809
0.9961793
0.9898351
0.9921866
0.9944325
0.9892022
0.9884827
0.9917346
0.9943971
0.9948161
0.991804
0.9952823
0.9803417
0.9868096
0.9909224
0.989763
0.983345
0.9882818
0.9914904
0.9946139
0.9957994
0.9962928
0.9827508
0.9916175
0.9922498
0.9975119
0.9975288
0.9973997
0.9979323
0.9968803
0.9956539
0.996012
0.9978513
0.9974382
0.9974511
0.9970156
0.9969948
0.9971541
1.
0.997998
0.9976254
0.9961877
0.9967995
0.9976394
0.9962919
0.9958871
0.9957294
0.9958474
0.9953949
0.9956525
0.9962031
0.9957409
0.9956721
0.9949917
0.9960824
0.9960581
0.9959553
0.9960976
0.9960057
0.9963051
0.9954038
0.9952879
0.9966443
0.9961193
0.997252
0.9957393
0.9961373
0.995886
0.9973558
0.9976152
0.9962316
0.9963284
0.9964497
0.9974776
0.9978022
0.9980801
0.9966772
0.9966872
0.9956063
0.9964431
0.9953572
0.995055
0.9963179
0.9961927
0.9953585
0.9951377
0.9954316
0.9955615
0.9952845
0.9949231
0.9946291
0.9947055
0.9955626
0.9953816
0.996863
0.9974414
0.9962726
0.997479
0.9945377
1.
0.9951691
0.9975976
0.9964158
0.9971405
0.9953536
0.9988904
0.998295
0.9975239
0.997367
0.9970164
0.9980135
0.9957473
0.9968639
0.9991826
0.9976134
0.9985412
0.996844
0.9977679
0.9969559
0.998001
0.9973162
0.9939099
0.9981073
0.9975071
0.996769
0.9955581
0.9956296
0.9950276
0.9948526
0.9969645
0.9963089
0.9981451
0.995213
0.9951713
0.9957131
0.9969819
0.9964511
0.9965997
0.9441748
0.9968487
0.9965431
0.9996912
0.99908
0.9984414
0.9976487
0.997923
0.9978719
0.9980802
0.9981025
0.9983988
0.998531
0.997877
0.9979231
0.9982343
0.9980362
0.9982822
0.9982803
0.9979517
0.9978782
0.9976836
0.9976433
0.9979424
0.997947
0.9979519
0.9982654
0.997767
0.9983305
0.9984604
0.9970369
0.9960426
0.998425
0.9978892
0.9959311
0.997044
0.9956509
0.9939095
0.9969108
0.9982314
0.9984502
0.9978691
0.9979435
0.9976316
0.99789
0.9978285
0.997944
0.9975569
0.9974441
0.9980267
0.9976703
0.9977864
0.9977563
0.9975578
0.9978897
0.9974385
0.9974466
0.9955536
0.9955182
0.9961561
0.9974864
0.9966159
0.9958358
0.9979757
0.9984686
0.9982356
0.9971542
0.9958956
0.995792
0.9984883
0.9970845
1.
0.9982862
0.9986367
0.9980456
0.9988522
0.9995717
0.9964747
0.9962353
0.9979418
0.998775
0.9977986
1.
0.9979522
0.9949528
0.998096
0.9965096
0.8673893
0.8618566
0.8724593
0.8632408
0.8586875
0.9119061
0.9695824
0.8683981
0.8214204
0.8496828
0.8916708
0.875544
0.8612173
0.995634
0.9804668
0.9864984
0.9881421
0.9883651
0.9861377
0.9401456
0.9289336
0.9500701
0.9507599
0.9514698
0.9599805
0.9616764
0.9516681
0.9522329
0.969895
0.9651043
0.9676927
0.9677917
0.9528806
0.9352471
0.9329578
0.9505058
0.9502085
0.9637977
0.9391807
0.9836729
0.9520929
0.9599878
0.9661454
0.839544
0.819053
0.9590067
0.9116222
0.9837616
0.9838524
0.9870657
0.984594
0.8662507
0.9654604
0.9608209
0.9637203
0.9655829
0.9656456
0.9640165
0.9516145
0.9656185
0.9524387
0.9521094
0.9507049
0.951473
0.9513663
0.9502583
0.9512558
0.9510361
0.9513038
0.8729695
0.9698021
0.9770265
0.982284
0.9881447
0.9930752
0.9913679
0.994161
0.9866333
0.9875951
0.9913244
0.9854618
0.9812352
0.988799
0.9911535
0.9931186
0.9886275
0.9936148
0.9703143
0.9820269
0.9879979
0.9854189
0.9773988
0.9850868
0.9892623
0.9936222
0.9947048
0.9954974
0.9741102
0.9868896
0.9898711
0.8674078
0.8610392
0.8668636
0.8602487
0.852167
0.9071797
0.9712453
0.8665368
0.8371
0.8476248
0.8910414
0.8745502
0.856984
0.9952024
0.9817919
0.9877088
0.9876654
0.9876444
0.9866285
0.9426283
0.9324813
0.9494719
0.9511533
0.9538817
0.9610446
0.9616986
0.9531661
0.9547135
0.9710693
0.9650115
0.9687865
0.968796
0.9542062
0.9382811
0.9364456
0.9512365
0.9519423
0.9648958
0.9407551
0.9849843
0.9526438
0.9619082
0.9664956
0.8354217
0.807358
0.959893
0.9138792
0.9829833
0.9830771
0.9857664
0.9845341
0.8630813
0.9655433
0.9619318
0.9647619
0.9663373
0.9657128
0.9650119
0.9531823
0.9663576
0.9516308
0.9513839
0.9518963
0.9506974
0.9513563
0.9501018
0.9512468
0.9521891
0.9532226
0.8696494
0.9715894
0.9758928
0.9817433
0.9880578
0.9934689
0.9917291
0.99432
0.9867554
0.9868328
0.9913413
0.98394
0.9814704
0.9876906
0.9918939
0.9929196
0.9874801
0.9943171
0.9686989
0.9832764
0.9888722
0.9846637
0.9779562
0.9845966
0.9894964
0.9950307
0.9954144
0.9957907
0.9742093
0.9878985
0.9894167
0.9879223
0.9861191
0.9869904
0.9852478
0.9882743
0.9877719
0.9935609
0.9868693
0.9877083
0.9864141
0.9884301
0.9872155
0.988653
0.998515
0.9865726
0.9888504
0.9503462
0.9726344
0.9900536
0.99166
0.9907657
0.9913516
0.9914646
0.9919528
0.9924322
0.9921271
0.9915691
0.9920193
0.9936268
0.9925529
0.9930029
0.9929008
0.9917727
0.9909112
0.9909877
0.9915968
0.992585
0.9920817
0.9911036
0.9444762
0.991708
0.9912973
0.9914605
0.9875866
0.9864318
0.9930684
0.9902742
0.9927439
0.906688
0.9581842
0.9648467
0.9886448
0.9925785
0.9925078
0.9921061
0.9932567
0.9932721
0.9923498
0.991202
0.9932584
0.9879356
0.9884214
0.9876848
0.9889134
0.9884536
0.9878295
0.988717
0.9888996
0.9886618
0.9883659
0.9901856
0.9912562
0.9939215
0.9927733
0.9971317
0.9957208
0.9954751
0.9926866
0.9956008
0.9952768
0.9688321
0.9921729
0.992094
0.9973524
0.9971715
0.9947513
0.9983003
0.9913949
0.9931134
0.9963529
0.9932579
0.992042
0.9920839
0.9939893
0.996127
0.9957162
0.9954533
0.9927262
0.9920618
0.9949367
0.9859043
0.986319
0.985441
0.9852752
0.9878345
0.9880542
0.9930346
0.9854056
0.9841276
0.9866817
0.988066
0.9868888
0.9879304
0.9970131
0.9924515
0.9843175
0.9489573
0.9699729
0.9888633
0.9920968
0.9909741
0.9912778
0.9912961
0.9915863
0.9914508
0.9921245
0.9925248
0.9913975
0.9931082
0.9925505
0.9931425
0.9932299
0.9925776
0.9914246
0.9911381
0.9910219
0.9911946
0.9927939
0.9913589
0.9561105
0.9924334
0.9918328
0.9927519
0.9872924
0.9856158
0.9920242
0.9902885
0.9890469
0.9205154
0.961799
0.9628099
0.9872392
0.9925069
0.9917725
0.9920342
0.9929243
0.9934329
0.9920925
0.9922704
0.9929261
0.9885719
0.9890932
0.9886112
0.988535
0.9877752
0.9871526
0.9879296
0.9883678
0.9888445
0.988299
0.9890769
0.9921358
0.9939058
0.9954812
0.9958071
0.9970509
0.9991513
0.993099
0.9930135
0.9965807
0.9660249
0.99121
0.9937955
0.9968094
0.99742
0.9947344
0.9980085
0.9922914
0.992913
0.9928866
0.9943343
0.9908975
0.9939204
0.9912674
0.9971525
0.9975858
0.9971518
0.9902573
0.9929048
0.9951524
0.9876803
0.9879534
0.9865102
0.9866273
0.9893638
0.9886962
0.9918829
0.9868787
0.9871795
0.9881408
0.9892261
0.9873045
0.9886847
0.9975232
0.989993
0.9923334
0.9494211
0.9075047
0.9921661
0.9908303
0.9912365
0.9916326
0.9910873
0.9910705
0.9908485
0.9914253
0.9909439
0.9909973
0.9912582
0.9916026
0.9911987
0.9911655
0.9909609
0.9904567
0.990833
0.9903607
0.9904091
0.9916406
0.9907392
0.969454
0.9908693
0.9905416
0.9904696
0.9893224
0.9874801
0.9911715
0.9900956
0.9899804
0.9716161
0.9780345
0.9786349
0.9886707
0.9919998
0.9905046
0.9914782
0.9914114
0.9920825
0.9915127
0.9910916
0.9914136
0.9904897
0.9903656
0.9897574
0.9896438
0.9893704
0.9906411
0.9903765
0.9902005
0.9900812
0.9890799
0.9901378
0.9939847
0.9911002
0.9944212
0.9953992
0.9961187
0.9988284
0.9931386
0.9957
0.9948313
0.9809814
0.991587
0.9942945
0.9947716
0.9941239
0.994349
0.9973475
0.992149
0.9929421
0.9943463
0.9930556
0.992524
0.9935934
0.9965675
0.9962567
0.9949986
0.9976422
0.9914834
0.9920495
0.9947756
0.9875907
0.9880766
0.9863786
0.9870928
0.9896882
0.9904069
0.9923648
0.9870761
0.9889345
0.9868446
0.9888992
0.9895756
0.9891849
0.9968672
0.9927766
0.9733764
0.991557
0.9868473
0.9794288
0.9914415
0.9915474
0.9915306
0.9920795
0.9920525
0.9919457
0.9917221
0.9928418
0.9922112
0.992266
0.9910714
0.9925949
0.9926346
0.9932545
0.991214
0.9913237
0.9921617
0.9916659
0.9911468
0.9919205
0.9928625
0.9928036
0.9912628
0.991763
0.9886407
0.987343
0.9938331
0.9906834
0.9926993
0.9891076
0.9922932
0.9934346
0.9889473
0.9913666
0.9922573
0.9911688
0.9917602
0.9924739
0.9910632
0.9931598
0.9917624
0.9916111
0.9917852
0.9907901
0.990191
0.992234
0.9906659
0.9911459
0.9911659
0.9919569
0.9890949
0.9907174
0.9909827
0.9935337
0.9936664
0.9956284
0.9972028
0.9994083
0.9930834
0.9959046
0.9969846
0.9918545
0.9952043
0.9962472
0.9958356
0.9954215
0.9966833
0.9985123
0.9902295
0.9930828
0.9931018
0.9925441
0.9946166
0.9935496
0.9939857
0.9964912
0.9966377
0.9958221
0.9930037
0.9928826
0.9971326
0.9758115
0.9757299
0.9762293
0.9744558
0.9798759
0.9822336
0.9894309
0.9756171
0.9746217
0.9736615
0.9800463
0.9775928
0.9780553
0.9977487
0.9867396
0.9925761
0.9902439
0.9925055
0.9939385
0.988186
0.9870057
0.9875721
0.9898709
0.9895034
0.9904799
0.9907968
0.9902144
0.9892324
0.9913148
0.9912777
0.9905446
0.990489
0.9902244
0.9886279
0.9880536
0.9894509
0.9888009
0.991144
0.9877032
0.9921451
0.9897598
0.9906446
0.9909024
0.97721
0.9740179
0.9891227
0.9860511
0.9903489
0.9907528
0.992144
0.9905647
0.9809497
0.9910202
0.9904769
0.9908067
0.9917569
0.9912033
0.9908392
0.9902671
0.9918046
0.9883713
0.9886872
0.9885876
0.9880208
0.9885033
0.9880529
0.9882595
0.9886416
0.9888438
0.9813821
0.9812838
0.9875882
0.98651
0.9922546
0.9955115
0.9950514
0.9966403
0.9931885
0.9913986
0.9909536
0.9897783
0.9893586
0.9920878
0.9950813
0.9957423
0.9928668
0.9944367
0.9885369
0.9875608
0.9916652
0.9884944
0.9894547
0.989899
0.9904794
0.9972212
0.9950476
0.9944356
0.9883635
0.9946688
0.9933368
0.9784781
0.9795818
0.9782733
0.9789597
0.9812214
0.9846881
0.9910189
0.9777921
0.9758028
0.9751533
0.9802949
0.9786552
0.9799306
0.9971861
0.9893963
0.9910258
0.9917089
0.992203
0.9910535
0.9882192
0.9870509
0.9890223
0.9899592
0.989425
0.9902551
0.9913315
0.9890017
0.9893446
0.9922894
0.9910637
0.9915713
0.9914473
0.9894038
0.9888576
0.9887415
0.9898083
0.9897788
0.9903724
0.9874967
0.9910887
0.9891723
0.9913855
0.991942
0.9792896
0.9765863
0.9904325
0.986421
0.9935325
0.9903861
0.9921353
0.9937824
0.9819798
0.9912373
0.9909252
0.991023
0.9920058
0.9915825
0.9911912
0.9892063
0.9920078
0.9886226
0.9886889
0.9875542
0.9878737
0.9877179
0.9885465
0.9876878
0.9880682
0.9879815
0.981711
0.9834154
0.9850264
0.9859729
0.9917166
0.9970542
0.9923664
0.9935174
0.9877384
0.9928045
0.9926776
0.9938915
0.9881657
0.9896907
0.9948228
0.9945451
0.9928902
0.9945504
0.9853073
0.9894752
0.9910937
0.9891883
0.9865208
0.9896505
0.9905693
0.9937463
0.9941802
0.9964428
0.9878408
0.9901712
0.9937422
0.9789415
0.9786778
0.9768747
0.9772152
0.9819731
0.9839694
0.9911105
0.9787256
0.9769563
0.976762
0.9831761
0.9800041
0.9800391
0.9975435
0.9900505
0.9940054
0.9916797
0.9945423
0.9929156
0.9894892
0.9881453
0.9903732
0.9904384
0.9894984
0.9917557
0.991167
0.9902676
0.9901786
0.9932457
0.992605
0.9913354
0.9913265
0.9906943
0.9896402
0.9893484
0.9894871
0.990258
0.9920766
0.9893293
0.9919648
0.9906306
0.9906953
0.9924753
0.9795631
0.9760285
0.9906631
0.9879425
0.9917981
0.9928025
0.9936421
0.9928853
0.9828056
0.9924261
0.9918767
0.9919876
0.99244
0.9922377
0.9921122
0.9904613
0.9924649
0.9868931
0.987436
0.9880645
0.9873813
0.9881577
0.9881667
0.9871954
0.9882596
0.9884271
0.9831265
0.9836368
0.9868303
0.9847222
0.9891245
0.9953441
0.9950495
0.9948332
0.9921807
0.9905625
0.9943066
0.9949818
0.9908753
0.9901333
0.9946699
0.9959976
0.9923358
0.9969821
0.985296
0.9866363
0.9914124
0.9921066
0.9879093
0.9900414
0.9914102
0.9963906
0.9975288
0.9969815
0.9878764
0.9915019
0.9959722
0.9813563
0.9799216
0.9803298
0.9793525
0.9844436
0.9862986
0.993512
0.980186
0.9793789
0.9781923
0.9854109
0.9822248
0.983028
0.9966811
0.9891782
0.9930772
0.9919202
0.9943648
0.992058
0.9911836
0.9892006
0.9917432
0.9904735
0.9911367
0.9934616
0.9924569
0.9929325
0.9917226
0.9937368
0.9936061
0.9933733
0.993203
0.9929079
0.9904636
0.9906856
0.9910657
0.9913447
0.9929779
0.9900641
0.993222
0.9924211
0.9932077
0.9928963
0.9823686
0.9794824
0.9917681
0.9890934
0.9930951
0.9899295
0.99372
0.9943894
0.9847087
0.9931959
0.9932145
0.9929361
0.9937623
0.9936564
0.9929948
0.992965
0.9937406
0.9898451
0.9907185
0.9905589
0.9899751
0.9891615
0.9897122
0.9904344
0.9899698
0.9897788
0.9847726
0.983926
0.9823038
0.9875547
0.9903421
0.9945205
0.9934656
0.9936337
0.9899788
0.9925926
0.9928834
0.992674
0.9900119
0.9923591
0.9923469
0.9973009
0.9928977
0.9970603
0.9878356
0.9905894
0.9930992
0.990856
0.9869156
0.9914744
0.9924588
0.9961617
0.9960391
0.9975508
0.9876352
0.9886473
0.9928425
0.9843001
0.9834063
0.9843205
0.9845608
0.9862844
0.9875386
0.9924954
0.9847696
0.9841404
0.9814269
0.9861244
0.9848218
0.9851076
0.9962029
0.9900894
0.9956873
0.9923104
0.9932408
0.9929982
0.9900465
0.9893153
0.9909719
0.9899124
0.9891525
0.9915483
0.9914007
0.9920763
0.9897013
0.9920173
0.992704
0.9920231
0.99185
0.9920223
0.9898192
0.9902548
0.9901797
0.9899208
0.9923239
0.9896149
0.9901792
0.991844
0.9921061
0.9914792
0.9856587
0.9834979
0.992098
0.9886683
0.9922676
0.9928671
0.9920881
0.9936513
0.9867234
0.9925195
0.9917886
0.9921423
0.9925826
0.9918425
0.9919934
0.9921753
0.9925845
0.9878953
0.9878915
0.989011
0.9892669
0.9888132
0.9893335
0.9880433
0.98818
0.9889855
0.9867421
0.9871081
0.9890147
0.9897069
0.9920017
0.9966354
0.9968067
0.9976756
0.9915493
0.9885132
0.9963794
0.993777
0.9899648
0.9908
0.9926579
0.9940533
0.9916933
0.9981856
0.9867014
0.988484
0.9921193
0.9926859
0.9889209
0.9909597
0.991051
0.9959524
0.9980354
0.9976654
0.9870771
0.9935936
0.9944325
0.9877475
0.9889449
0.9865811
0.9875083
0.9917459
0.9918233
0.9961773
0.9878733
0.9865591
0.9877823
0.9920709
0.9892115
0.9907423
0.9958124
0.9963228
0.9950762
0.9951287
0.9944611
0.9936901
0.9948098
0.9942362
0.994646
0.9951495
0.9955504
0.9967016
0.996591
0.9962574
0.9958495
0.996984
0.9962398
0.9962641
0.9963082
0.9965517
0.9950833
0.9951029
0.9954072
0.9955355
0.9962243
0.9949175
0.9940411
0.9963991
0.995817
0.996536
0.9903943
0.9888231
0.9958798
0.9942528
0.9906125
0.9957466
0.9942618
0.9942681
0.9915838
0.9962658
0.9968623
0.9964014
0.9967292
0.996393
0.9963727
0.9966683
0.9967301
0.9953077
0.9947815
0.9952572
0.9954471
0.9956708
0.9947378
0.9954203
0.9952173
0.9951954
0.9918457
0.9906458
0.993547
0.9919137
0.9939394
0.9972067
0.9942134
0.999612
0.9929405
0.9967194
0.9911661
0.9951068
0.9929593
0.9962456
0.9892203
0.9979452
0.9944314
0.9960815
0.9908046
0.9945139
0.9944282
0.9914459
0.9900113
0.9896745
0.9960351
0.9958649
0.9960231
0.9956863
0.9903897
0.9935135
0.9955595
0.9924934
0.9929
0.9931762
0.9929293
0.9939629
0.9941435
0.9949218
0.9930609
0.9917503
0.9916417
0.9948563
0.9928215
0.9929989
0.9985045
0.9942197
0.9953596
0.9943892
0.9928934
0.996927
0.9956665
0.9951594
0.9959039
0.995914
0.996802
0.9964111
0.9962023
0.996051
0.9955418
0.9968029
0.9961316
0.9957192
0.9957145
0.9961539
0.9956562
0.9960107
0.9962336
0.9960069
0.9957646
0.9955626
0.9956637
0.9962478
0.9962091
0.9965767
0.9930641
0.9931722
0.9953258
0.994796
0.9958932
0.9953409
0.9966298
0.9971161
0.9941602
0.9959241
0.9961315
0.9962973
0.9965051
0.9959056
0.996529
0.9962285
0.996506
0.9953149
0.9948982
0.995457
0.9945658
0.9948698
0.9946978
0.9946954
0.9945593
0.9953969
0.9936806
0.9953828
0.9939024
0.9921318
0.9957847
0.9983864
0.997065
0.9954107
0.9966757
0.9942529
0.9991883
0.9951326
0.9947813
0.9927928
0.9962733
0.9964399
0.9960396
0.9986175
0.993375
0.9964098
0.9937107
0.9950769
0.9931118
0.9933905
0.9968214
0.9940239
0.9962169
0.9972299
0.9946728
0.9945734
0.9976643
0.9928755
0.992509
0.9919229
0.991613
0.9942145
0.9952717
0.9968716
0.9926943
0.9909556
0.9916669
0.993955
0.993705
0.9937351
0.9989328
0.9968015
0.9981368
0.9963119
0.9960733
0.993617
0.9961031
0.9955586
0.996788
0.9966442
0.9965957
0.9968705
0.9975032
0.9966374
0.996684
0.9975265
0.997408
0.9976024
0.9975755
0.9964995
0.9967141
0.9967317
0.9962877
0.9966168
0.9976913
0.9957966
0.9945192
0.9965097
0.9973482
0.9974018
0.9934947
0.9921636
0.9969525
0.9963622
0.9925353
0.9956929
0.9967678
0.9977673
0.9944233
0.9973805
0.9967868
0.9977321
0.9975846
0.9975205
0.9977051
0.9965098
0.9975852
0.9955664
0.9957365
0.9948891
0.9958604
0.9952329
0.9952138
0.995134
0.9948059
0.9951365
0.994384
0.9908784
0.9939497
0.9931455
0.9942314
0.9970124
0.9968917
0.9980507
0.9946372
0.9950495
0.9969905
0.9964842
0.9943445
0.9943803
0.9916373
0.9966611
0.9920305
0.9980354
0.9922255
0.9967877
0.9955079
0.9948669
0.9941776
0.9954557
0.9970139
0.997065
0.9955457
0.9965551
0.992765
0.9952934
0.9965047
0.9918482
0.9922641
0.9913347
0.9926181
0.9941383
0.9940787
0.9974815
0.9927761
0.9920531
0.9915003
0.9950242
0.993686
0.9933956
0.9982984
0.9953063
0.9950495
0.9989177
0.9973082
0.995626
0.9971325
0.9962645
0.9972408
0.9970395
0.9969386
0.9976189
0.9976639
0.9975699
0.9970613
0.9981789
0.9978392
0.997961
0.9979588
0.9977452
0.9969303
0.9969698
0.9968649
0.9969643
0.997851
0.9965744
0.9959079
0.997569
0.9973412
0.9980104
0.9937284
0.9922685
0.9971701
0.9961293
0.997267
0.9924183
0.9974457
0.9971932
0.9944899
0.9981085
0.9976541
0.99756
0.9982332
0.9978494
0.9976754
0.997629
0.9982337
0.996101
0.995797
0.9961553
0.9955305
0.9958769
0.9955828
0.9960477
0.9960042
0.996262
0.9945934
0.9929207
0.9935339
0.9958333
0.9915194
0.9973142
0.994855
0.9994859
0.9931283
0.989645
0.9981974
0.9969024
0.9947118
0.9964516
0.9967801
0.9969392
0.9964145
0.9963599
0.9936546
0.9931175
0.9971316
0.99334
0.9948969
0.9937581
0.9958635
0.9942706
0.9943741
0.9958355
0.9934105
0.9951251
0.9970941
0.9961034
0.9955646
0.9963056
0.9964053
0.9964049
0.9960674
0.9956555
0.9961905
0.995032
0.9958584
0.9965666
0.9961188
0.9961227
0.9987318
0.9973059
0.9988449
0.9980034
0.9971655
0.9979885
0.9955253
0.9960371
0.995225
0.9955137
0.9950283
0.9957633
0.9955128
0.9953115
0.9949498
0.9956945
0.9955511
0.9956496
0.9956448
0.9951819
0.9956841
0.9956423
0.9950632
0.9958344
0.9959838
0.9962305
0.9975871
0.9955462
0.995129
0.9956716
0.9963666
0.9963357
0.9957837
0.9957936
0.9959631
0.9958927
0.9965101
0.995707
0.9963991
0.9958107
0.995971
0.9956133
0.9957837
0.9955492
0.9957028
0.9953402
0.9958093
0.9966692
0.9969963
0.9968336
0.9970292
0.9971434
0.9969599
0.996802
0.9970434
0.9962343
0.9957542
0.9962296
0.9958377
0.994519
0.9962364
0.9995127
0.9959058
0.9971494
0.9951321
0.9936734
0.99655
0.9962008
0.9972261
0.9972565
0.9984932
0.9985741
0.9980821
0.9994259
0.9944456
0.994388
0.9984651
0.9975256
0.9946856
0.9967302
0.9981624
0.998566
0.9953822
0.9965438
0.9956549
0.996199
0.9972731
0.9796314
0.9807949
0.9819181
0.9817279
0.9804867
0.9854437
0.988408
0.9822076
0.9780765
0.9792238
0.9817041
0.9807969
0.9811711
0.9981041
0.9908397
0.9924173
0.9941362
0.9920444
0.9918306
0.9875702
0.9854003
0.9872552
0.9867771
0.9867065
0.9889495
0.9887963
0.987682
0.9873629
0.9898027
0.9892228
0.9875592
0.9874768
0.9879499
0.9867093
0.9872933
0.9869951
0.9867719
0.9883076
0.9874885
0.992571
0.9875028
0.9876529
0.9896619
0.9795563
0.9776994
0.9888962
0.9846352
0.993044
0.9904116
0.9941818
0.9940398
0.9825623
0.9889231
0.9885187
0.9885699
0.9901245
0.9896328
0.9887804
0.9882657
0.9901269
0.9873778
0.9865488
0.9874658
0.9865031
0.9870591
0.9867171
0.9870667
0.9871173
0.9874947
0.9821797
0.9878064
0.9899526
0.9892219
0.9950129
0.9938438
0.996681
0.99797
0.9900117
0.9913626
0.9957619
0.991641
0.9897367
0.99207
0.9951419
0.9942901
0.9960111
0.9969419
0.9902341
0.9909858
0.9926893
0.9905993
0.9889952
0.9877509
0.9947207
0.9927398
0.9960899
0.9955075
0.9871358
0.9937128
0.9921136
0.9802988
0.9807965
0.9789674
0.9794638
0.9824031
0.9850986
0.9910959
0.981118
0.9798475
0.9783778
0.9832849
0.9824856
0.9821388
0.9975164
0.9899797
0.9921962
0.990817
0.9941842
0.992221
0.989082
0.9872511
0.9891127
0.9889622
0.9892352
0.991023
0.9909296
0.9902593
0.9890833
0.9924461
0.9913945
0.9914646
0.9914557
0.9901626
0.9893279
0.9887647
0.9891642
0.9896946
0.9915046
0.9883384
0.9917507
0.990046
0.9908222
0.9910636
0.9804647
0.977541
0.9897681
0.9867304
0.9928549
0.9918147
0.9915954
0.9897507
0.9841357
0.991809
0.9909505
0.9913008
0.992178
0.9917964
0.9911077
0.9901898
0.99218
0.9874528
0.9892261
0.9889763
0.9876469
0.9883886
0.988361
0.988714
0.9881306
0.9889511
0.9847786
0.9891692
0.9914466
0.9899459
0.9912409
0.9930328
0.9954176
0.9971782
0.9928196
0.9917941
0.993836
0.992629
0.9897036
0.9916333
0.994824
0.9949423
0.9924521
0.9938811
0.9865289
0.9920876
0.9941166
0.9927511
0.9904515
0.9924546
0.9949631
0.9971671
0.9962508
0.9978228
0.988064
0.9921342
0.9951932
0.9831431
0.9816327
0.9817106
0.9796622
0.9827112
0.9855051
0.9914324
0.9810808
0.9808998
0.9792369
0.9841211
0.9813241
0.9835388
0.9975141
0.9898271
0.9905826
0.9904913
0.9940223
0.9938144
0.9881794
0.9871287
0.9888104
0.9898583
0.9894658
0.990473
0.9917478
0.9906429
0.9887781
0.9915561
0.9910464
0.9901661
0.9902953
0.9902703
0.988549
0.9885256
0.9888926
0.9895234
0.9910075
0.9884563
0.9937452
0.9895906
0.9905697
0.9920922
0.9802963
0.9790646
0.9894187
0.9876704
0.9941288
0.9927436
0.9935907
0.9940558
0.9841662
0.9911534
0.9908099
0.9907569
0.9906304
0.9904266
0.9907443
0.9902769
0.9906328
0.9878877
0.9881379
0.9873593
0.9889732
0.9892843
0.9875354
0.9876736
0.9882012
0.9885866
0.9844894
0.9855438
0.9882512
0.9899396
0.9917868
0.9946765
0.9956232
0.9958669
0.9931675
0.9925401
0.9958958
0.9938613
0.9890659
0.9939088
0.9946114
0.9947347
0.9937443
0.9973845
0.9862565
0.9877676
0.9941122
0.9895279
0.9869899
0.9888666
0.9942353
0.9939049
0.996875
0.9960707
0.9875263
0.991776
0.9948177
0.9853291
0.9845166
0.9853397
0.9849489
0.9847228
0.9876418
0.9920562
0.9840492
0.9829123
0.9823766
0.9845032
0.9865854
0.9844834
0.9966243
0.9905048
0.9938779
0.9953214
0.9946478
0.9935484
0.9913303
0.9892232
0.9910528
0.9904195
0.9910819
0.9916546
0.9919163
0.991219
0.9906595
0.992414
0.991842
0.9923109
0.9923732
0.9916274
0.9906734
0.9910179
0.9909064
0.9910962
0.9917135
0.9909902
0.9921365
0.991832
0.9916038
0.9926961
0.9840224
0.9820417
0.9903432
0.9890191
0.9937184
0.9935746
0.9933144
0.9928154
0.9864447
0.992159
0.9917549
0.9916909
0.992167
0.9920114
0.9918169
0.9915434
0.992169
0.9908921
0.9911011
0.9905729
0.991191
0.9903057
0.9901247
0.9910663
0.9914154
0.9907881
0.9871254
0.9868289
0.9909688
0.9910185
0.9918567
0.9965302
0.9962184
0.9945301
0.9912281
0.9929108
0.9927739
0.992423
0.9892068
0.9940131
0.99365
0.9956552
0.9942493
0.99501
0.989576
0.991832
0.9938335
0.9931184
0.991578
0.9930813
0.9923587
0.9963336
0.9969267
0.997261
0.9898118
0.9943809
0.9935791
0.98661
0.9882122
0.9869924
0.9867929
0.9875075
0.9894332
0.9931968
0.9872958
0.9861279
0.9861991
0.9882382
0.9858235
0.9859435
0.9976785
0.9922337
0.9945417
0.9944009
0.9942401
0.9921053
0.991742
0.990586
0.9914626
0.9914583
0.9907474
0.9924644
0.9920258
0.9912976
0.991526
0.9934433
0.992945
0.9927567
0.9928199
0.9910698
0.9916279
0.9913005
0.9913997
0.9919059
0.9922576
0.9904815
0.9935461
0.991525
0.9914306
0.9924578
0.9865426
0.9854179
0.9923732
0.9893455
0.9943683
0.9945573
0.9944464
0.9944514
0.988073
0.9925003
0.9925608
0.9926977
0.9922334
0.9931687
0.9929184
0.9911969
0.9922354
0.9900409
0.9907791
0.990172
0.9901335
0.9900485
0.990715
0.9899722
0.9901294
0.9894479
0.9880855
0.9875475
0.9924455
0.994012
0.9926813
0.9953964
0.9976489
0.9977937
0.9915344
0.9933956
0.9940844
0.992772
0.9930301
0.9956049
0.9950649
0.9972299
0.9957475
0.9977839
0.9887859
0.9912328
0.9941691
0.994665
0.9930937
0.9938439
0.9932166
0.9964611
0.9979085
0.9963929
0.9885766
0.9915612
0.9941216
0.9917414
0.9911347
0.990851
0.9897661
0.9915667
0.9924071
0.9952808
0.9902874
0.9903903
0.9899565
0.992351
0.9909632
0.9905929
0.9945607
0.995096
0.9946111
0.9960648
0.9956251
0.9925216
0.9939045
0.9934739
0.9940697
0.9942038
0.9946606
0.9954899
0.9951979
0.9945555
0.9942792
0.9960335
0.9953501
0.9954467
0.9954418
0.9945684
0.9944236
0.9944288
0.9942476
0.9944799
0.99496
0.9952468
0.9960396
0.9944996
0.9950101
0.9953197
0.9904682
0.9898768
0.9939201
0.9933565
0.9939252
0.9964246
0.9971422
0.9964843
0.9922927
0.9953753
0.9954207
0.995369
0.9956507
0.9953277
0.9952211
0.9946157
0.9956519
0.9939158
0.9931602
0.9936165
0.993845
0.9944882
0.9937867
0.9940127
0.9932927
0.9933007
0.9920892
0.9919225
0.995281
0.9932781
0.9930776
0.9958115
0.9953119
0.9949416
0.9948579
0.9937276
0.9897563
0.99645
0.9915947
0.9930145
0.9953654
0.9962329
0.9920798
0.9945163
0.9917034
0.9925324
0.9959064
0.9953335
0.9922976
0.9946452
0.9954726
0.9944885
0.9981995
0.9972646
0.9912951
0.9967716
0.994377
0.9934694
0.9934585
0.9927771
0.9939082
0.9933415
0.9936552
0.9945422
0.9940398
0.9923057
0.9928101
0.9943737
0.9925137
0.9936386
0.9981079
0.9976201
0.997999
0.997526
0.9982801
0.9947566
0.994891
0.9941007
0.9946341
0.9938937
0.9939711
0.9948736
0.9956653
0.9951587
0.994333
0.9954751
0.9960207
0.9951972
0.9950948
0.995342
0.9946629
0.9944725
0.9942772
0.9944008
0.995469
0.9949276
0.9957746
0.9951388
0.9954306
0.9955815
0.9929046
0.9929644
0.9951144
0.9942635
0.9955034
0.9949821
0.996245
0.9957786
0.9940732
0.9954625
0.9950616
0.995598
0.9951857
0.9951289
0.9957101
0.9953674
0.995187
0.9948658
0.9949587
0.9951678
0.9939708
0.9938865
0.9939115
0.9944096
0.9944266
0.9950651
0.9939766
0.9941509
0.9952033
0.9928195
0.9915068
0.9976798
0.9943707
0.9960682
0.994723
0.993801
0.995318
0.9973977
0.9922368
0.9973943
0.99524
0.996587
0.9958572
0.9969231
0.9929486
0.9955639
0.9971338
0.9958346
0.9922619
0.9933222
0.9956936
0.996189
0.9975913
1.
0.9945936
0.9991282
0.994509
0.9940748
0.9941678
0.9943729
0.9946165
0.9941093
0.9944819
0.9949482
0.9939673
0.9927835
0.9935881
0.9937274
0.9940756
0.9936809
0.9938208
0.9925609
0.9963427
0.9956084
0.9938287
0.9961009
0.9953587
0.9938868
0.9946372
0.9948495
0.9949812
0.9953671
0.9953856
0.9946924
0.9946297
0.9955578
0.9949342
0.9950563
0.9951241
0.9947103
0.995068
0.9949729
0.9947562
0.9949809
0.9954278
0.995541
0.99683
0.9949618
0.9957966
0.9954899
0.9938348
0.9937215
0.9946664
0.9946249
0.996357
0.9985134
0.9958496
0.9960995
0.9940527
0.9953738
0.9954613
0.9951535
0.9944619
0.9951098
0.995099
0.9948084
0.9944634
0.9958548
0.9957495
0.9955249
0.9958729
0.9959844
0.9956533
0.9960763
0.9959944
0.9950727
0.9942852
0.9961142
0.9950166
0.9972725
0.9917136
0.9979364
0.996134
0.9962371
0.9966195
0.9948365
0.9966708
0.9963045
0.9982425
0.9939006
0.9966116
0.9951417
0.9969778
0.9990548
0.9936902
0.9958748
0.9979859
0.9978152
0.9944763
0.997529
0.9931818
0.9987839
0.9913532
0.9990544
0.995389
0.997555
0.9955722
0.9947295
0.9952449
0.9949692
0.9948027
0.9951687
0.9948893
0.9967545
0.9944902
0.9927076
0.9951029
0.9947912
0.9948514
0.9952376
0.998895
0.9946561
0.9983757
0.9967863
0.9968077
0.9951378
0.9965455
0.9958393
0.9956899
0.9962791
0.9963277
0.9967031
0.9956815
0.9965432
0.996203
0.9975985
0.996235
0.9969418
0.996841
0.9966637
0.9961915
0.9962308
0.9954793
0.9962119
0.996504
0.9961934
0.9959555
0.9965057
0.9961432
0.996782
0.994412
0.9943515
0.9964931
0.9956171
0.9948593
0.993808
0.9979813
0.9962131
0.9948053
0.9965227
0.99647
0.9962325
0.9970228
0.9969179
0.9961794
0.9966874
0.9970479
0.9953576
0.9955289
0.9952664
0.9947585
0.9957283
0.9956295
0.9947717
0.995147
0.9955982
0.9946519
0.992986
0.9938545
0.994589
0.9948007
0.997808
0.9986314
0.9964736
0.9967877
0.9971119
0.9964617
0.9977058
0.9963485
0.995226
0.9986511
0.9948454
0.9968265
0.9979716
0.9956854
0.9972396
0.9989437
0.996731
0.9953694
0.9971824
0.9952462
0.9956859
0.9977127
0.9974619
0.996251
0.9980843
0.9971418
0.9967921
0.9968911
0.9968169
0.9974392
0.9961454
0.9966302
0.9955799
0.9963377
0.9955596
0.9953792
0.9958285
0.995703
0.9961867
0.9980843
0.9982831
0.9994211
0.9982842
0.9985808
0.9982714
0.9965305
0.9959646
0.995542
0.9961959
0.995933
0.9959885
0.9962104
0.9961649
0.9961593
0.9967671
0.9970459
0.9961639
0.9962088
0.9959717
0.9958663
0.9962704
0.995783
0.9962584
0.9963407
0.9966151
0.9983884
0.9959272
0.9960722
0.9970848
0.9956447
0.9963498
0.9962402
0.9958471
0.9971115
0.998905
0.9970406
0.9975832
0.9962842
0.9966935
0.9962426
0.996665
0.9968342
0.9969722
0.9966123
0.9960704
0.9968351
0.9980589
0.998223
0.9976163
0.9980859
0.9976916
0.9979355
0.9977392
0.9975562
0.9983777
0.9960997
0.9968534
0.9939901
0.9950563
0.9988696
0.9980383
0.996401
0.9948276
0.9979123
0.9988152
0.9985171
0.9964635
0.9969393
0.9979367
0.9994957
0.9980889
0.9973025
0.9988446
0.9954695
0.9981313
0.9957513
0.9964489
0.9977876
0.9958983
0.997416
0.9980778
0.9984576
0.9994223
0.9987598
0.997229
0.9976544
0.8867321
0.8796477
0.8860896
0.8804622
0.8516213
0.9101694
0.9681632
0.8811953
0.8670372
0.8563634
0.8939498
0.8793912
0.8627918
0.9959862
0.9815552
0.988146
0.9879848
0.9883474
0.9884776
0.9338519
0.9212965
0.9456462
0.946288
0.9476653
0.9546183
0.9555034
0.9468505
0.9483305
0.965694
0.9590864
0.9600317
0.9600806
0.9474514
0.9305128
0.9304906
0.9457317
0.9458611
0.9587103
0.9336819
0.9850347
0.9454273
0.9544685
0.9607429
0.8408946
0.8222429
0.95309
0.9051886
0.9846843
0.9849738
0.9873003
0.9865676
0.8641736
0.9598259
0.9555395
0.9586251
0.9602591
0.9603911
0.9589444
0.9467286
0.9602803
0.9456907
0.9454325
0.9445259
0.9452073
0.9453334
0.9453831
0.945996
0.9458705
0.9466542
0.8723582
0.9719421
0.9791752
0.9812964
0.9868327
0.9937948
0.9922177
0.9949362
0.9867392
0.9873927
0.991807
0.9870801
0.9817139
0.9873842
0.9919497
0.9942305
0.9901709
0.9937975
0.9733352
0.9822671
0.9895665
0.986265
0.9777695
0.9862197
0.9896929
0.9937419
0.9945095
0.9956386
0.976371
0.9871665
0.989646
0.9736589
0.9737291
0.9764064
0.9752284
0.9250466
0.9104029
0.8462893
0.9752861
0.9703847
0.9665024
0.9429116
0.9496103
0.949505
0.9978726
0.991931
0.9908117
0.9920179
0.9914261
0.9927133
0.8463405
0.8647737
0.8529416
0.8290405
0.8285891
0.7884769
0.824123
0.7914412
0.8352086
0.7892988
0.827319
0.7964046
0.7968652
0.7939014
0.8056896
0.8064948
0.8274281
0.8315672
0.8283161
0.8466577
0.9920125
0.7956168
0.8393015
0.8128124
0.9392659
0.9682361
0.8348729
0.821334
0.9940594
0.9935466
0.9906427
0.9911094
0.9156685
0.8249913
0.7884181
0.8256694
0.7840165
0.7875251
0.8256329
0.7933843
0.7838809
0.9173107
0.9184762
0.9174335
0.9188979
0.9181868
0.9202442
0.9176369
0.919028
0.9197193
0.8835374
0.9936772
0.995038
0.9950909
0.9959893
0.9969926
0.9971191
0.9978291
0.9960388
0.9961084
0.9973116
0.9925723
0.9952899
0.9948908
0.9973353
0.9967036
0.9962734
0.9977744
0.9926666
0.9931766
0.9949279
0.9966878
0.990324
0.9927497
0.995496
0.9955005
0.9965566
0.997129
0.9924849
0.9951765
0.9946321
0.8855803
0.8824029
0.8870123
0.8795371
0.8450557
0.906968
0.9609406
0.8839698
0.8752118
0.8581413
0.890027
0.8758962
0.8615164
0.995885
0.9826263
0.9892597
0.9886891
0.9878737
0.9890796
0.9256186
0.9158728
0.9376663
0.9407584
0.9413663
0.9474666
0.9517772
0.9382594
0.9440875
0.9597563
0.9534861
0.9521482
0.9522773
0.939382
0.9224672
0.9212108
0.9415053
0.9426456
0.9517182
0.925965
0.9869852
0.9378829
0.9484472
0.9567694
0.8347313
0.8227181
0.9487329
0.8958497
0.9856962
0.9877822
0.9874611
0.9861122
0.857014
0.9532557
0.9476609
0.9523228
0.9539317
0.9537334
0.9525252
0.9380863
0.9539386
0.941612
0.9416516
0.9408325
0.9400143
0.9403718
0.939799
0.94132
0.9405859
0.9417067
0.8672893
0.9746066
0.9795827
0.9837951
0.9890564
0.9941127
0.9917123
0.9952744
0.987745
0.988476
0.9930167
0.9863351
0.9843331
0.9898847
0.9922411
0.9946932
0.9892574
0.9942279
0.976641
0.9836487
0.9897452
0.9872128
0.9787294
0.985266
0.9897771
0.9942284
0.9948357
0.9949426
0.9765944
0.9897182
0.9903593
0.987286
0.9866884
0.9863344
0.9861924
0.9880214
0.9878394
0.9934486
0.9857158
0.9846961
0.9862379
0.9880398
0.9851875
0.9878618
0.9981993
0.9847355
0.9899497
0.9566594
0.9696557
0.9923166
0.9907583
0.9904089
0.9902078
0.9912718
0.9914112
0.9911671
0.9913285
0.9919547
0.991283
0.9925136
0.9913375
0.9927606
0.9926107
0.9919512
0.9907397
0.9904895
0.9911666
0.9909953
0.9915212
0.9906518
0.9602874
0.9918274
0.9917822
0.9917416
0.9873629
0.9857571
0.9917727
0.9898118
0.9909511
0.935661
0.9634169
0.9612988
0.9869657
0.9917175
0.9914836
0.9917295
0.9917629
0.9922409
0.9916715
0.9919109
0.991765
0.9889034
0.9898377
0.9894601
0.9905747
0.9901176
0.9882985
0.9894837
0.989449
0.9901559
0.9877363
0.9910673
0.9922884
0.9940697
0.9950045
0.9963138
0.9959525
0.9968634
0.9924144
0.9927451
0.9952343
0.9576012
0.9915556
0.9937688
0.9957185
0.9958442
0.9947102
0.9933889
0.9924208
0.9886447
0.9944764
0.9938691
0.9879499
0.9927805
0.9934919
0.9963542
0.9954054
0.9956971
0.9926885
0.992439
0.992794
0.9917183
0.9913897
0.9915188
0.9912473
0.9935509
0.9933084
0.9969906
0.9902788
0.9909098
0.9914066
0.9939663
0.9914067
0.9932941
0.9786681
0.9921224
0.9889735
0.9943226
0.9933265
0.9929761
0.995895
0.9960462
0.9960689
0.9955712
0.9952891
0.9963467
0.9964128
0.9966606
0.9958993
0.9968245
0.9967587
0.9966618
0.9966339
0.9966358
0.99616
0.9958807
0.9958621
0.996158
0.9968706
0.9959423
0.9941449
0.996407
0.9961571
0.9962288
0.9932283
0.9919686
0.9971293
0.9957523
0.990864
0.9960347
0.9963477
0.9970838
0.9938552
0.9965587
0.9965849
0.996767
0.997082
0.996929
0.9968098
0.9966783
0.9970828
0.9936927
0.9941041
0.9940911
0.9942455
0.9942778
0.9937201
0.9943374
0.9941188
0.9940127
0.9940146
0.9922118
0.9926418
0.9932936
0.9940653
0.9991786
0.992268
0.9976614
0.9935444
0.9934708
0.993763
0.9950775
0.9906613
0.9945289
0.9898046
0.9983916
0.9915853
0.9966981
0.993509
0.9949103
0.9946273
0.9928058
0.9928411
0.9943112
0.9961265
0.9975738
0.9961423
0.9976426
0.9919169
0.9963381
0.9955857
0.9976494
0.9975151
0.9971511
0.9972418
0.9958132
0.9957631
0.9949451
0.9967293
0.9963757
0.9969107
0.9962328
0.9953648
0.996179
0.9959561
0.9971705
0.9966796
0.9978166
0.9972878
0.9975254
0.9953408
0.9947062
0.9956821
0.995848
0.9953099
0.9949364
0.9950254
0.994708
0.9955827
0.9952785
0.9945891
0.9959354
0.9959064
0.9948769
0.9958103
0.9954718
0.9951673
0.9950014
0.9946423
0.9950692
0.9951018
0.9949603
0.9953407
0.9951687
0.9964456
0.9969553
0.9946052
0.9954611
0.997798
0.9958005
0.9963945
0.997173
0.9959578
0.9947777
0.9949178
0.9945792
0.9955073
0.9954458
0.994691
0.9945324
0.9955085
0.9955422
0.9952788
0.9947442
0.9958382
0.9947764
0.9950712
0.994327
0.9948567
0.9953477
0.9957605
0.9957404
0.9977556
0.9979058
0.9971611
0.9977345
0.9981105
0.9968619
0.9980283
0.9992598
0.9958829
0.9958355
0.9976096
0.9973984
0.9972054
0.9973451
0.9985544
0.9978925
0.9986111
0.9984678
0.9974656
0.9976573
0.9974397
0.9973897
0.9986116
0.9982222
0.9976326
0.9978914
0.9974
0.9960682
0.9974321
0.877233
0.8709352
0.8712284
0.8688742
0.8503272
0.904912
0.9648504
0.8719968
0.862519
0.8443507
0.8900585
0.8749059
0.8590392
0.9961181
0.9811585
0.989518
0.9880182
0.9877122
0.9896095
0.9340165
0.9275799
0.9474445
0.9454432
0.9475254
0.9544053
0.958558
0.9496471
0.9480482
0.9673736
0.959759
0.9624373
0.9625161
0.9506963
0.9314001
0.9296552
0.9464545
0.9461764
0.9585935
0.9322491
0.9863295
0.9491692
0.9573613
0.9631947
0.8278277
0.8124333
0.9564331
0.9060015
0.9830894
0.9844412
0.9878381
0.9876977
0.8646496
0.9603897
0.9542244
0.9595431
0.9625542
0.9618086
0.9594358
0.9502052
0.96256
0.9488293
0.9488226
0.9474449
0.9486821
0.947355
0.947209
0.9486854
0.9491501
0.9499399
0.8694614
0.9706658
0.9776056
0.9827762
0.9871383
0.9925802
0.9916708
0.994271
0.9865207
0.9877989
0.9924878
0.9867421
0.980092
0.9886582
0.9917973
0.9936233
0.988585
0.9948029
0.9719104
0.9818454
0.987587
0.9857976
0.9770348
0.9850207
0.9890896
0.9946801
0.9938614
0.9952478
0.9745515
0.9863515
0.9898908
0.965367
0.9647028
0.9664124
0.9650849
0.9272869
0.9162578
0.8619202
0.96587
0.9591521
0.9575912
0.9427279
0.9442958
0.9457117
0.9984005
0.9906799
0.9914992
0.9922246
0.9911945
0.992704
0.8860634
0.8878809
0.8799118
0.8614573
0.8619889
0.8256821
0.8534259
0.8368614
0.8593733
0.8251956
0.8536845
0.830614
0.830147
0.8363312
0.8483241
0.8489728
0.8585102
0.8638991
0.8582364
0.883835
0.9918305
0.8377059
0.8672651
0.8434026
0.9376742
0.9570221
0.85598
0.8584677
0.9925409
0.9918762
0.9904448
0.9903819
0.9180029
0.8553896
0.8265169
0.8532241
0.8233801
0.8253282
0.85223
0.8366486
0.8231726
0.9407357
0.940529
0.9411776
0.9405021
0.9407186
0.942015
0.9411021
0.9402676
0.9406538
0.893896
0.9916602
0.9937492
0.9929073
0.9953256
0.9968133
0.9966009
0.9975626
0.9939459
0.9953399
0.9970134
0.9916589
0.9938933
0.9948398
0.9968069
0.996819
0.994654
0.9969838
0.9915296
0.9917724
0.9950848
0.9953185
0.9906522
0.99088
0.9953346
0.9957413
0.9972418
0.9971536
0.9903065
0.9945409
0.9945476
0.8747993
0.8698114
0.8721679
0.8677638
0.8424571
0.9101949
0.965789
0.8712244
0.8621666
0.5991581
0.8864703
0.8746367
0.8560764
0.996021
0.9813339
0.9889081
0.9884038
0.9894737
0.9874939
0.9346621
0.9250351
0.9477225
0.9489216
0.9489104
0.9583537
0.9624701
0.9492833
0.9511384
0.9693409
0.9614677
0.963891
0.9639258
0.9501792
0.9332151
0.931714
0.9487247
0.9497012
0.9598805
0.9326211
0.9868174
0.9489869
0.9576561
0.9649834
0.8140836
0.7971465
0.9574068
0.9071737
0.9843094
0.9845245
0.9877954
0.9875526
0.860042
0.9623546
0.9594392
0.9610072
0.9640028
0.9633223
0.9612018
0.9503119
0.9639655
0.9514826
0.9521574
0.9511621
0.9509004
0.9524596
0.9517216
0.9521529
0.9520636
0.952555
0.8640866
0.9719329
0.9779434
0.9814224
0.9874624
0.9933544
0.9908231
0.9942621
0.9864263
0.9873358
0.9916046
0.9872931
0.9809813
0.9877728
0.9917642
0.9938132
0.9887578
0.9945424
0.9715691
0.9833342
0.9888131
0.9848138
0.9763872
0.984394
0.9902667
0.9939233
0.9956425
0.996011
0.9743129
0.9865433
0.9903374
0.8737319
0.8707154
0.8739599
0.8692016
0.8593889
0.9104896
0.9700154
0.8719125
0.8617118
0.8445255
0.8942507
0.8753316
0.8671023
0.9953711
0.9797571
0.9880611
0.9871513
0.9875934
0.9876049
0.9424729
0.9342025
0.9507146
0.9502825
0.9507373
0.9605006
0.9642816
0.9553182
0.9519356
0.971571
0.9668438
0.9660906
0.9661136
0.9559548
0.9386712
0.9376012
0.9502241
0.950732
0.9650473
0.9407263
0.9856714
0.9548707
0.9619078
0.9671541
0.83681
0.8138543
0.9593178
0.9158124
0.9824141
0.9828238
0.985178
0.9851494
0.8685645
0.966624
0.9607526
0.9654641
0.9655716
0.9649451
0.9654785
0.9553165
0.965562
0.9481508
0.9468771
0.9471441
0.9456756
0.9467289
0.9462163
0.9466449
0.9474046
0.9476272
0.8753414
0.9693798
0.9758109
0.9794625
0.9870329
0.9935605
0.9909094
0.9934354
0.9841527
0.9856437
0.9915726
0.9849752
0.9797413
0.987042
0.9913365
0.9927102
0.9887239
0.9932707
0.9696518
0.9814177
0.9864691
0.9840942
0.9766398
0.9845348
0.9885115
0.9943655
0.9946286
0.9959411
0.9737554
0.9868139
0.9887739
0.937333
0.9352217
0.9404612
0.9355073
0.8770328
0.9166641
0.9328794
0.9373873
0.9315094
0.9230684
0.904532
0.9205471
0.8985263
0.9981391
0.9876181
0.9902943
0.9904226
0.9903429
0.9914254
0.8931831
0.8894789
0.9090407
0.907582
0.9087516
0.9096621
0.9154901
0.9009341
0.9104948
0.9185836
0.9181299
0.9142823
0.9146131
0.90193
0.8969546
0.8965345
0.9089943
0.9081704
0.9174914
0.8920699
0.9897666
0.9013507
0.9141481
0.9178922
0.8810756
0.8989527
0.9100751
0.8700249
0.9909049
0.9910102
0.9899099
0.9890207
0.889007
0.9181617
0.9105933
0.9170768
0.9152935
0.915369
0.9173836
0.9010636
0.9152751
0.9358962
0.9343
0.9357115
0.9352531
0.9337938
0.9358574
0.9359415
0.9355079
0.9372465
0.8765867
0.9842327
0.9891717
0.9895448
0.9917213
0.9956686
0.9956568
0.9970412
0.9916577
0.9939069
0.994353
0.9899849
0.9893268
0.992222
0.9956908
0.9955267
0.9932419
0.9965898
0.9851456
0.9896588
0.9922685
0.9921141
0.9861905
0.9869522
0.9934111
0.9950188
0.9961342
0.9970397
0.9844568
0.9932117
0.9917874
0.9602072
0.9599222
0.9621822
0.9588723
0.9071543
0.9003472
0.842325
0.9598546
0.951712
0.9429783
0.9346549
0.9330677
0.9341494
0.9977786
0.9894108
0.99142
0.9913595
0.9903674
0.9921654
0.8454986
0.8696771
0.8616814
0.832625
0.8338324
0.810809
0.8419511
0.8334631
0.8367518
0.830015
0.8409117
0.8175696
0.8176221
0.8349285
0.8153594
0.8120638
0.8340807
0.8410903
0.8410245
0.8397255
0.991358
0.8319991
0.8506654
0.8354854
0.9128842
0.9474307
0.8648385
0.8055256
0.9934597
0.9915978
0.9913578
0.9922803
0.8998315
0.8395036
0.8110596
0.8383736
0.8282009
0.8266975
0.8378908
0.8336364
0.8282617
0.9165856
0.91601
0.9149593
0.9139723
0.9164615
0.9163416
0.9143317
0.9162413
0.9162378
0.8597922
0.9894857
0.9914049
0.9913904
0.9938762
0.9962387
0.9967776
0.996977
0.9937208
0.9947306
0.9964747
0.9923647
0.992673
0.9939128
0.9961621
0.9963147
0.9951852
0.9974533
0.9884017
0.9906709
0.9938445
0.9947896
0.9878093
0.9911389
0.9931561
0.9954591
0.9955396
0.997119
0.9889582
0.9936294
0.994334
0.9300176
0.9269229
0.9303687
0.929015
0.8980289
0.9081147
0.9299848
0.9300461
0.917602
0.9143996
0.9162032
0.9126388
0.9122947
0.9968845
0.988438
0.9907419
0.9912345
0.9908585
0.9915147
0.9147023
0.902589
0.9242918
0.9099664
0.911459
0.9127914
0.9239374
0.9094715
0.9110968
0.9250214
0.9284623
0.9141432
0.9144564
0.9102114
0.8988188
0.8963514
0.9091454
0.9125368
0.9277677
0.9117576
0.988723
0.9095177
0.924939
0.9250826
0.8966103
0.9094421
0.9213409
0.879272
0.9890483
0.9896862
0.9902494
0.9912027
0.8922622
0.9264607
0.9139062
0.9284672
0.9141889
0.9140078
0.9285801
0.9092226
0.9143053
0.9436889
0.9448916
0.9438982
0.9437493
0.9436749
0.9433594
0.9445214
0.9444848
0.944915
0.881353
0.9826332
0.9867308
0.9889215
0.9914524
0.99428
0.993829
0.9955653
0.990765
0.9926346
0.9941104
0.9896966
0.9879427
0.9928542
0.9950013
0.9953513
0.993567
0.9960988
0.9844552
0.9878713
0.991732
0.9927363
0.985572
0.9880321
0.99209
0.9943876
0.9950953
0.9961322
0.9845632
0.9916156
0.993035
0.9021055
0.8949065
0.8988479
0.8963252
0.8925659
0.9118719
0.9591275
0.8985801
0.8924682
0.8814386
0.9126583
0.8962675
0.8995836
0.9959696
0.9835574
0.9907411
0.9897217
0.9899717
0.9904027
0.9384178
0.9292209
0.9479902
0.9412852
0.9433195
0.9481781
0.9561142
0.9464127
0.9447073
0.9639484
0.9590366
0.9539154
0.9538668
0.9474039
0.9306744
0.9301463
0.941403
0.9428109
0.9576481
0.9347665
0.9865035
0.9452808
0.9545686
0.9590677
0.8797893
0.8743386
0.9537645
0.910358
0.9859324
0.9870227
0.9881542
0.9877096
0.8872939
0.9593884
0.9492988
0.958907
0.9535061
0.9518938
0.9588846
0.9467047
0.9535303
0.9509321
0.9499153
0.9502891
0.9479796
0.9490599
0.949277
0.9498185
0.9496809
0.9491505
0.8865046
0.9757077
0.9804142
0.9828665
0.9899487
0.993883
0.9929595
0.9947992
0.9883335
0.9892276
0.9938073
0.9876913
0.9859963
0.9896868
0.9925338
0.9941462
0.9900004
0.9954859
0.9759881
0.9856186
0.9896083
0.9870708
0.9805182
0.9857518
0.9907128
0.9938563
0.9939344
0.9961383
0.97961
0.9894333
0.9908409
0.9599435
0.958259
0.9617444
0.9592496
0.8977659
0.8963966
0.854096
0.9609839
0.953703
0.9469638
0.9250331
0.9300358
0.9324853
0.9986952
0.9898755
0.9915541
0.9925953
0.9912223
0.9920962
0.8436515
0.861013
0.8514151
0.8308478
0.8335682
0.7950483
0.8275366
0.8118697
0.8367595
0.8145111
0.8281157
0.7983447
0.798659
0.8138061
0.7972894
0.7955047
0.831262
0.8363481
0.8289755
0.8391292
0.9913027
0.8120216
0.8395095
0.8209346
0.9113536
0.9475257
0.8529959
0.7883236
0.9933212
0.9919978
0.9911952
0.9908957
0.8827789
0.826545
0.7963441
0.8281517
0.8084545
0.8084035
0.8271429
0.8126456
0.8083503
0.9150077
0.9152271
0.9156374
0.9157678
0.9146588
0.9174579
0.9132735
0.9159925
0.9161079
0.8482315
0.9906324
0.9922868
0.9925341
0.9945349
0.9962041
0.9968361
0.9980161
0.994431
0.9950012
0.9970613
0.9920247
0.9932545
0.9940445
0.9962874
0.9966264
0.9950957
0.9976839
0.9901476
0.9917143
0.9948337
0.9954448
0.9895892
0.9905184
0.9932336
0.9953046
0.9964831
0.9970422
0.9898675
0.9941724
0.994502
0.9888645
0.9895435
0.9892326
0.9891418
0.9884717
0.989563
0.9907964
0.9892
0.9887804
0.9882878
0.9890837
0.9888439
0.9887554
0.9976119
0.9910668
0.9940556
0.9910391
0.9906986
0.9933091
0.9897931
0.9887582
0.9889072
0.9887993
0.9889225
0.9895065
0.9902589
0.9899667
0.989068
0.9889074
0.9901774
0.9903208
0.9904771
0.9895446
0.98971
0.9891587
0.9891515
0.989367
0.9897201
0.9895198
0.9948998
0.9899986
0.9899814
0.9893896
0.9886694
0.9888175
0.9904853
0.9888002
0.9867103
0.9916682
0.9947157
0.9930708
0.9889753
0.9904016
0.989505
0.9899938
0.9893725
0.9893197
0.9898634
0.98993
0.989399
0.9885719
0.9880762
0.9896911
0.988162
0.9888581
0.9884187
0.9886368
0.9884805
0.9898244
0.9888402
0.9900092
0.9910539
0.9935341
0.9947999
0.9971212
0.9962436
0.9988681
0.9952658
0.9953532
0.9978986
0.9955996
0.9910213
0.9972281
0.9935983
0.9963843
0.9956542
0.996867
0.9930524
0.9938272
0.9949622
0.9952101
0.9897682
0.9939204
0.9962121
0.9968928
0.9957001
0.9988627
0.9920985
0.9950654
0.9958478
0.9238824
0.9217903
0.922914
0.9215818
0.8765687
0.8664375
0.9226866
0.923313
0.9149982
0.907632
0.9055607
0.9008994
0.9080875
0.9972246
0.9839834
0.9891911
0.9889711
0.9889781
0.9905663
0.8934097
0.8924884
0.9056545
0.8942174
0.8964697
0.8954579
0.9114728
0.8987423
0.8981544
0.910365
0.9124
0.9036181
0.9034315
0.9005939
0.8805353
0.8787025
0.8947375
0.8949104
0.91136
0.8891199
0.9881334
0.8981993
0.9116501
0.9129392
0.8795329
0.8923238
0.9111624
0.8585201
0.9881849
0.9878276
0.988262
0.9874385
0.8660173
0.9131915
0.8957797
0.9129842
0.8982303
0.8989251
0.9123499
0.8996428
0.8982306
0.9187568
0.9178729
0.918927
0.9188455
0.9179484
0.9192955
0.9167749
0.9184417
0.9194333
0.8474056
0.9796628
0.9860334
0.9877249
0.9912072
0.994344
0.9946234
0.9960914
0.9911534
0.9917861
0.9944478
0.9885854
0.9863091
0.9913704
0.9951332
0.9945113
0.9922479
0.9953682
0.9816429
0.9862832
0.9921159
0.9905903
0.9840351
0.9876515
0.9908264
0.9943768
0.9946228
0.9959026
0.9840334
0.991523
0.9928717
0.9873912
0.9857536
0.9862164
0.9852602
0.988319
0.9885401
0.9937953
0.9853902
0.9858487
0.9874344
0.9890769
0.9870932
0.9874141
0.9966838
0.9891003
0.9889513
0.9463356
0.9714008
0.9915254
0.992584
0.991601
0.9900869
0.9918927
0.9916881
0.9923257
0.9913265
0.9919887
0.9915247
0.9925117
0.99264
0.9922851
0.9922769
0.9919314
0.9917689
0.9906531
0.9919918
0.9916451
0.9921891
0.9913373
0.9376694
0.991897
0.9909837
0.9914276
0.9872676
0.9854788
0.9922373
0.9902174
0.9866331
0.900974
0.9623676
0.9616185
0.9876414
0.9919701
0.9926029
0.9922139
0.9923523
0.9924492
0.992203
0.9918024
0.9923542
0.9896168
0.989194
0.9898659
0.9893801
0.9893311
0.9895217
0.9889964
0.9894827
0.989436
0.9885385
0.98887
0.9924555
0.993124
0.9965917
0.9968338
0.997027
0.9974278
0.9937093
0.9941438
0.9957548
0.9612965
0.9913501
0.994405
0.9959764
0.9942619
0.9960866
0.9956859
0.9911841
0.9921375
0.9914391
0.994297
0.9918243
0.9929538
0.9937036
0.9973918
0.995393
0.9979908
0.9906756
0.9939473
0.9948849
0.9898162
0.9900275
0.9903978
0.9906125
0.9900827
0.9881585
0.9909449
0.9902297
0.9899694
0.9910861
0.9881298
0.9903169
0.9900464
0.9969353
0.9881119
0.992189
0.9928433
0.9936526
0.996708
0.9892657
0.9886709
0.9884562
0.9890094
0.9889024
0.9885424
0.9893259
0.9894519
0.9889362
0.9896793
0.9893944
0.9892996
0.9892404
0.9892697
0.9895565
0.9895542
0.9885771
0.9885388
0.9891654
0.9884688
0.9869476
0.9896087
0.9900792
0.9890299
0.9902626
0.9897717
0.989773
0.9884776
0.9898517
0.9932394
0.9946326
0.9942656
0.9883629
0.9900575
0.9886659
0.9890422
0.9891368
0.9890869
0.9890501
0.9892148
0.9891397
0.9862947
0.9861813
0.9861389
0.986963
0.9863095
0.9868878
0.9857576
0.9871981
0.9869132
0.9890647
0.9931698
0.99566
0.993242
0.9953928
0.9954424
0.996156
0.9991304
0.9942957
0.9964489
0.9965026
0.9927157
0.9925996
0.9947758
0.9980983
0.9965681
0.9946299
0.997667
0.9934241
0.9920576
0.9958003
0.9960106
0.9962969
0.9949523
0.9938539
0.9949602
0.9961517
0.9982507
0.9943173
0.9949738
0.9964731
0.9996084
0.9993414
0.9997177
0.9993442
0.9994914
0.999184
0.9989442
0.9995833
0.9993835
0.9997439
0.9995625
0.999272
0.9996511
1.
0.998511
1.
1.
0.9996436
0.9974536
0.9990241
0.9989179
0.9990364
0.9987946
0.9988642
0.9983006
0.9987829
0.9985921
0.9989863
0.9984468
0.9984118
0.998213
0.998211
0.9985224
0.9988618
0.9988428
0.9985687
0.9986678
0.9984803
0.9987128
0.9990017
0.9985916
0.9986793
0.9987696
0.9996445
0.9996924
0.998956
0.998988
0.9981792
0.9989772
0.9990013
0.9993355
0.9994475
0.9987199
0.9982234
0.9984032
0.998441
0.9984863
0.9984493
0.998621
0.9984414
0.9989815
0.998822
0.9988756
0.9984732
0.9989546
0.9985983
0.9987581
0.9987845
0.9989009
0.9991685
1.
0.9993604
1.
0.9994832
1.
1.
1.
1.
0.9983435
1.
0.9993257
0.9996531
0.9986301
0.998414
1.
0.9994681
1.
1.
0.9990096
0.9989345
1.
0.9994747
1.
1.
0.9992663
0.9991843
0.9970238
0.9995147
0.9990792
0.9989136
0.9742528
0.9735699
0.9750869
0.9735701
0.9346469
0.9127382
0.8162053
0.9735125
0.9696301
0.9618989
0.9469685
0.953138
0.9533149
0.9980422
0.9925102
0.9909874
0.9928469
0.9925928
0.9931875
0.8417644
0.8698927
0.8627255
0.8196854
0.8213519
0.7840052
0.8369099
0.8094763
0.8246448
0.7843747
0.8221909
0.7736571
0.7728024
0.8103973
0.8185998
0.8191222
0.8234983
0.8320655
0.8242665
0.8365071
0.9932077
0.8121474
0.8489456
0.8239878
0.9427156
0.967649
0.8364246
0.836136
0.9949417
0.9933085
0.9922051
0.9929509
0.9244069
0.8209617
0.7843517
0.8220162
0.7774479
0.7806668
0.8211083
0.8113473
0.7774685
0.9210935
0.9236877
0.9258677
0.9225118
0.9211497
0.9242989
0.9216957
0.9219723
0.922347
0.8911518
0.9922928
0.9940003
0.9931942
0.9963481
0.9962516
0.9974377
0.9974521
0.9950007
0.9956578
0.9976221
0.9939728
0.9939584
0.995793
0.9977384
0.9965854
0.9966946
0.9969395
0.99309
0.9930694
0.9956366
0.996191
0.99016
0.9921065
0.9947713
0.9958982
0.9974672
0.9974508
0.9911932
0.9951781
0.9947185
0.9467124
0.9442249
0.9472411
0.9469635
0.8702648
0.9117601
0.9214387
0.9466889
0.9400713
0.9324928
0.9076456
0.9219424
0.9073006
0.997797
0.9893829
0.9901233
0.9881133
0.9897515
0.9900551
0.8868422
0.8651007
0.8852647
0.8863158
0.887299
0.8783673
0.8856917
0.8643468
0.8874318
0.8857188
0.8906647
0.890143
0.8901979
0.8663424
0.86315
0.8626523
0.8859399
0.8859311
0.892691
0.8838532
0.9888567
0.8650259
0.8853136
0.8866686
0.8890793
0.9072784
0.8841367
0.8448625
0.9913656
0.9896136
0.9884685
0.9882031
0.8698328
0.8905902
0.879236
0.8905166
0.8876461
0.8877888
0.8903787
0.8645441
0.8875391
0.9298039
0.9279872
0.9288483
0.9303804
0.9284854
0.9292565
0.9287777
0.9290347
0.9279387
0.8600979
0.9867151
0.9917318
0.9903648
0.9934154
0.9959847
0.994952
0.9974071
0.9926664
0.9945559
0.9952356
0.9896458
0.9918041
0.9927706
0.9952057
0.9964124
0.9930116
0.9970058
0.9884239
0.9906037
0.9934802
0.9944965
0.9875191
0.9902226
0.9929572
0.9959143
0.9961498
0.997306
0.9869477
0.9937229
0.9938447
0.9898718
0.9901613
0.988592
0.9894156
0.993269
0.9923114
0.9975327
0.9883344
0.9882943
0.9891756
0.9933346
0.9918129
0.992598
0.9777424
0.9943426
0.992876
0.9934862
0.9932677
0.996338
0.9963744
0.9961685
0.9968647
0.996013
0.9960525
0.9971385
0.9971967
0.997181
0.996394
0.9975551
0.9970231
0.9972902
0.997263
0.9970999
0.996405
0.9964023
0.9962487
0.9967094
0.9968208
0.9965841
0.9943433
0.9969638
0.9967291
0.996742
0.9921877
0.9904097
0.9969571
0.9961571
0.9915789
0.9932331
0.9963172
0.9933596
0.993467
0.9967689
0.9971641
0.997096
0.9972248
0.9972371
0.9970207
0.9968031
0.9972256
0.9947884
0.9946073
0.9948995
0.9940824
0.9941145
0.9946815
0.994989
0.9946991
0.9953039
0.9935355
0.9901807
0.9913752
0.9924793
0.9926544
0.9979149
0.9943454
0.9971469
0.9919104
0.9947917
0.9957912
0.9930366
0.9892939
0.9947805
0.9935595
0.9983693
0.9904567
0.9976054
0.9903624
0.9921588
0.9925119
0.9856734
0.9907121
0.9952654
0.9950996
0.9963054
0.9965217
0.9961612
0.9928392
0.991948
0.9969125
0.9900645
0.9902699
0.9896589
0.9891662
0.9929893
0.9920975
0.9974239
0.9900452
0.989882
0.9911746
0.9939191
0.991206
0.991993
0.9777778
0.9938914
0.9965852
0.9950611
0.9974233
0.9952904
0.9962318
0.9967204
0.9961871
0.9962038
0.9960747
0.9968537
0.9967441
0.9966948
0.9963264
0.9967461
0.9967319
0.9973875
0.9973118
0.9967644
0.9963921
0.9964024
0.9956644
0.9960001
0.9967738
0.9960446
0.9931102
0.9966395
0.9965138
0.9973317
0.9923244
0.9909681
0.9971551
0.9961572
0.9918507
0.9942457
0.9950872
0.9933645
0.9932166
0.9962958
0.996832
0.996741
0.9971766
0.9969984
0.9968549
0.9967308
0.9971774
0.9949465
0.9949613
0.9948225
0.9948217
0.9949323
0.9949532
0.9951058
0.9947781
0.9955403
0.9939755
0.9923619
0.9879894
0.992485
0.9953426
0.9983347
0.9934783
0.9981025
0.9953532
0.9940993
0.9949516
0.992541
0.9918699
0.9947853
0.9927039
0.997555
0.9955962
0.9952061
0.9921154
0.9963424
0.992862
0.9949575
0.990926
0.9937656
0.9970684
0.9950739
0.9965263
0.9956855
0.9912824
0.9925788
0.9976027
0.990417
0.990743
0.9900616
0.9902106
0.9930708
0.9934137
0.997026
0.989942
0.9908315
0.9908992
0.9930136
0.9917909
0.9926668
0.9812304
0.9914241
0.9960805
0.9953488
0.9946043
0.9945327
0.9960906
0.9956182
0.9952682
0.9958457
0.9962078
0.9963052
0.9961496
0.9956682
0.9963056
0.9970766
0.9961751
0.9966611
0.9966818
0.9957017
0.9958479
0.9958419
0.9962075
0.9961129
0.9964448
0.9955758
0.9914195
0.9958832
0.9956527
0.9960067
0.9926199
0.9912056
0.996818
0.9956448
0.9942634
0.9912653
0.9924057
0.9919217
0.9935939
0.9967472
0.9963973
0.9962451
0.9967426
0.9966895
0.9962872
0.9958075
0.9967435
0.9943211
0.994691
0.9945551
0.9949425
0.9941591
0.9945317
0.9951486
0.9944693
0.9945223
0.9939206
0.99318
0.9935837
0.9940299
0.9953765
0.9971086
0.9918033
0.9962371
0.9950754
0.9958735
0.9933194
0.9933284
0.9911504
0.9951264
0.9923437
0.9967664
0.995291
0.9976337
0.9917625
0.9948992
0.9956258
0.9927854
0.9920016
0.99355
0.9938352
0.995118
0.9961274
0.998107
0.9934552
0.9954058
0.9921394
0.9864855
0.9870712
0.986866
0.9860256
0.9880425
0.9883898
0.9919839
0.9858275
0.985931
0.9853127
0.9883818
0.9853261
0.98833
0.9976048
0.9873921
0.9876257
0.9577743
0.9746909
0.9892308
0.9901614
0.9902875
0.9910155
0.9913151
0.9913058
0.991249
0.9913305
0.9924704
0.9908418
0.9922936
0.9922645
0.9919569
0.9918772
0.9923746
0.9908826
0.9907316
0.9912958
0.991171
0.9918234
0.990258
0.9558294
0.9923257
0.9918075
0.9916236
0.9872284
0.985977
0.992598
0.9898586
0.9876615
0.9305528
0.9656273
0.965077
0.987342
0.9920662
0.9915873
0.991824
0.9925448
0.992196
0.9918357
0.992376
0.9925231
0.989436
0.9890891
0.9897245
0.9900206
0.9889287
0.9888607
0.9900816
0.9892277
0.989896
0.9885313
0.9904601
0.9901328
0.9925898
0.9956984
0.9957961
0.9975819
0.9971575
0.9913401
0.9911132
0.9936525
0.9626257
0.9911936
0.994429
0.9962657
0.9940306
0.9928736
0.9959977
0.9918219
0.9932666
0.9933333
0.9925618
0.9907215
0.9922352
0.9932811
0.995581
0.9967699
0.9980023
0.9917796
0.9941898
0.9932777
0.9855345
0.9855585
0.985287
0.9849285
0.9876943
0.988417
0.9936959
0.9841906
0.9855356
0.9860247
0.988404
0.9869136
0.9864871
0.9949025
0.9877502
0.9864603
0.9436451
0.9762914
0.9925302
0.9925169
0.9906571
0.9906375
0.99171
0.992463
0.9918698
0.9911914
0.9914596
0.9919937
0.9924176
0.99172
0.993567
0.9936075
0.9913473
0.9916427
0.991454
0.991678
0.9914324
0.9920088
0.9920268
0.94769
0.9908165
0.992159
0.9919842
0.9870513
0.9853093
0.9931194
0.9905715
0.9882557
0.9276562
0.9526796
0.9551051
0.9870926
0.9920901
0.9920975
0.9925188
0.9927344
0.9927099
0.9925315
0.9914489
0.9927363
0.9894753
0.990106
0.9902094
0.9897617
0.989266
0.9887137
0.9896377
0.989417
0.9891061
0.9884197
0.9910865
0.9899588
0.9950139
0.9938817
0.9979047
0.9962376
0.9960205
0.9924373
0.9944108
0.9968396
0.9608811
0.9917665
0.9927086
0.9976051
0.995079
0.9956482
0.9954286
0.9919794
0.9914374
0.9938017
0.9941074
0.9907274
0.9939137
0.9914817
0.997408
0.9940685
0.9971469
0.9887075
0.9922447
0.9928174
0.9321358
0.9304118
0.9316968
0.9307662
0.8924709
0.5971332
0.9235557
0.9309126
0.9251565
0.9192802
0.9152495
0.9143325
0.9177413
0.9975119
0.9863558
0.9903695
0.9885925
0.9900146
0.9899711
0.8952411
0.8953169
0.911773
0.8929721
0.8955921
0.8979206
0.9117265
0.900985
0.8978651
0.9053608
0.9135181
0.9022089
0.9021261
0.9018542
0.8862465
0.8843403
0.8946325
0.8980738
0.9118459
0.8880194
0.9892113
0.9009173
0.9135702
0.9122525
0.8938486
0.9076528
0.913097
0.8702068
0.9899408
0.9886425
0.989756
0.9892699
0.8811403
0.9130128
0.8990003
0.9117543
0.8960187
0.8957127
0.9114828
0.9013503
0.8960027
0.9252289
0.9227251
0.9248869
0.925042
0.9249799
0.9247284
0.9254539
0.9258266
0.9256003
0.8641193
0.982851
0.9867828
0.9889022
0.9922662
0.9949028
0.9959929
0.9959086
0.9903547
0.9933589
0.9945723
0.9897159
0.988193
0.992207
0.9949535
0.9949109
0.9922243
0.9954564
0.9827558
0.9888457
0.9922238
0.9911322
0.9849144
0.9882443
0.991927
0.9955929
0.9947988
0.9959665
0.9841186
0.9915888
0.9934234
0.9870616
0.9867163
0.9855669
0.9865623
0.9884006
0.988755
0.9943221
0.9872048
0.9860962
0.9870527
0.9891259
0.9881702
0.9883079
0.9977876
0.988796
0.9938345
0.9873041
0.990952
0.9940582
0.992247
0.9915429
0.9917618
0.9921993
0.9914021
0.9915796
0.9912714
0.992518
0.9914065
0.9919381
0.99247
0.9927796
0.9927719
0.9926075
0.9916105
0.9912188
0.9909651
0.9922482
0.9923462
0.991899
0.9912961
0.9921949
0.9906917
0.9911784
0.9884283
0.9865526
0.9917627
0.9906428
0.9724585
0.989237
0.9911035
0.991112
0.9885797
0.9925674
0.9917822
0.9922554
0.9924189
0.9921639
0.9921049
0.9926023
0.9924209
0.9888337
0.9887514
0.9886823
0.9881173
0.9888183
0.9879264
0.9884083
0.989572
0.9879677
0.9887462
0.9935362
0.993353
0.9919525
0.99362
0.9964207
0.9957615
0.9970069
0.9932615
0.9946537
0.9980668
0.9912297
0.9940108
0.9944333
0.9949552
0.99511
0.9952199
0.997294
0.9900249
0.9907652
0.9937739
0.9952349
0.9927727
0.991587
0.9960474
0.9964616
0.9963246
0.9975947
0.9940699
0.9941847
0.9949337
0.997279
0.9970233
0.9974762
0.9976443
0.997049
0.9965669
0.9963421
0.9969194
0.997398
0.9973369
0.9974262
0.9969928
0.9966547
0.9979466
0.9979854
0.9979073
0.9982311
0.9961877
0.9982175
0.9965779
0.99637
0.9965354
0.9958879
0.9954366
0.9963299
0.9961043
0.9958482
0.9960815
0.9957845
0.9961783
0.9959573
0.9961498
0.9957187
0.9960175
0.9960856
0.9955326
0.9955994
0.9965467
0.9967141
0.997233
0.9959013
0.9961107
0.9959332
0.9974386
0.997381
0.9962862
0.9964659
0.9985128
0.9968935
0.998618
0.9961262
0.996843
0.9961586
0.9959823
0.9966087
0.9960908
0.9959729
0.9966278
0.9956052
0.9960918
0.9964141
0.9963051
0.9961492
0.9958723
0.9964994
0.9960028
0.996119
0.996394
0.9958172
0.9967129
0.9967825
0.997591
0.9980265
0.9980369
0.9994837
0.9983731
1.
0.9981949
0.9987639
0.9989578
0.9966405
0.9991421
0.998574
0.9978667
0.9974836
0.9947665
0.9981538
0.9985313
0.9978022
0.9971865
0.9981591
0.9968261
0.9969066
0.9957692
0.9979757
0.9983696
0.999385
0.997037
0.9985642
0.9983707
0.986483
0.9873828
0.9859576
0.9864001
0.9890406
0.9901442
0.993661
0.9867508
0.9872313
0.9880445
0.9894071
0.9871007
0.9885043
0.9959119
0.9908062
0.9858283
0.9446274
0.8850898
0.9893006
0.9912463
0.9915988
0.9922165
0.9921404
0.9925662
0.9920446
0.9923514
0.9916315
0.992254
0.9932038
0.9930678
0.9932819
0.9933223
0.9915248
0.9913549
0.9912847
0.9925636
0.9923389
0.992327
0.9915582
0.9717633
0.9913255
0.9915665
0.9923147
0.9882325
0.9867022
0.9927594
0.9911041
0.9908911
0.9725681
0.9792104
0.9821395
0.9883117
0.9925711
0.992072
0.9923986
0.9925651
0.9929636
0.9923414
0.9914069
0.9925433
0.98964
0.9891015
0.9898526
0.9892521
0.9893526
0.9895067
0.9894274
0.9889009
0.9898372
0.9893926
0.9905452
0.9907817
0.9933308
0.9931797
0.9978136
0.9969144
0.9973246
0.9921683
0.9956532
0.9958735
0.9814034
0.9887836
0.9946832
0.993865
0.9951391
0.9945277
0.9985084
0.9916253
0.9921275
0.9957204
0.9918441
0.9901543
0.9935386
0.992572
0.9948509
0.9955006
0.9943063
0.9915809
0.9919697
0.9947192
0.9849169
0.9840052
0.9847645
0.9842423
0.9886089
0.990397
0.9946707
0.9840484
0.9848545
0.9854036
0.9887622
0.9867394
0.9878807
0.9968274
0.9912935
0.9739943
0.9918892
0.9905381
0.977204
0.9930723
0.9926659
0.99375
0.9929669
0.9927331
0.9940616
0.9941656
0.9933873
0.9930692
0.9950985
0.9942019
0.9955753
0.9954996
0.9935617
0.9929234
0.9927259
0.992495
0.9934423
0.9939405
0.9930143
0.99338
0.9935624
0.9939294
0.9948778
0.9874969
0.9854879
0.995418
0.9919745
0.9914377
0.9864865
0.9916619
0.9912879
0.9886619
0.9943019
0.9941486
0.9942247
0.9951622
0.9952934
0.9943093
0.9934048
0.9951634
0.9911823
0.990565
0.9910754
0.9907377
0.9909519
0.9908013
0.9907972
0.9920558
0.9914158
0.9887639
0.9911378
0.992037
0.9927119
0.9945588
0.9961347
0.9954661
0.9966977
0.9932478
0.9943971
0.993604
0.9914073
0.9920496
0.9928492
0.9943773
0.9959184
0.9920711
0.9978909
0.9901685
0.991511
0.9920673
0.9894809
0.9899373
0.9946534
0.9948682
0.9967267
0.9980192
0.9987955
0.9909077
0.9932705
0.9951656
0.9967346
0.9968368
0.9962479
0.9969209
0.9960517
0.9944479
0.9947212
0.9963953
0.9964487
0.9963785
0.9956692
0.9959414
0.9961562
0.9970896
0.996448
0.9961079
0.996157
0.9964568
0.9969613
0.995752
0.9949019
0.9958755
0.9951227
0.9958147
0.9947501
0.9964162
0.9946703
0.9950803
0.9956082
0.9949792
0.995616
0.9954887
0.9948378
0.9958746
0.9954581
0.995035
0.9950444
0.9954265
0.995383
0.9948227
0.9951041
0.9955562
0.9956375
0.996466
0.9964599
0.9958009
0.9953838
0.9955679
0.9973691
0.9963806
0.997162
0.9961757
0.996087
0.9948534
0.9958907
0.9962616
0.9955646
0.9958609
0.9948232
0.9962626
0.9950636
0.9949594
0.9948978
0.995171
0.995087
0.9955364
0.9938543
0.9946957
0.994234
0.9957132
0.9961359
0.996994
0.9968429
0.997861
0.9986326
0.9966651
0.9978936
0.9976875
0.9962673
0.9963168
0.9958192
0.9970651
0.9973856
0.9990637
0.9991107
0.9985465
0.9978757
0.9976096
0.9976911
0.9978166
0.9979825
0.9963574
0.9965906
0.9965035
0.9968638
0.9971374
0.9957401
0.9975933
0.9976989
0.9951941
0.8688909
0.8638762
0.8619111
0.8556406
0.8696492
0.9224368
0.9861529
0.861924
0.8539575
0.8456135
0.9006731
0.87419
0.8615576
0.9941767
0.9773475
0.9880086
0.987565
0.9879638
0.9871648
0.9641973
0.9558688
0.969713
0.9739358
0.9747233
0.9791619
0.9827979
0.9749115
0.974848
0.9866279
0.9820861
0.9854733
0.985479
0.9749722
0.9618967
0.9607394
0.9735963
0.9742302
0.9809306
0.9617692
0.9831974
0.973939
0.979163
0.9836726
0.8451766
0.7948688
0.9770622
0.9491726
0.9791031
0.9800728
0.9829255
0.9825799
0.8861388
0.9819955
0.9799417
0.9821859
0.984535
0.9848112
0.9822485
0.9755496
0.9845216
0.9604886
0.9595005
0.9579627
0.9575791
0.9581108
0.9581398
0.9610204
0.9593101
0.9599009
0.9032031
0.9655815
0.9697156
0.9756389
0.9850622
0.9926669
0.9876864
0.9927843
0.9832363
0.9853128
0.9889114
0.9820453
0.976496
0.9849341
0.9888925
0.9922371
0.985513
0.9934366
0.961963
0.9788983
0.9863166
0.9814332
0.9704483
0.9816833
0.9879376
0.9939742
0.9933716
0.9934363
0.9693802
0.9850822
0.9872222
0.9162216
0.9121545
0.9180069
0.9139938
0.8416866
0.8650787
0.9185523
0.916689
0.9092646
0.8936014
0.8893132
0.8893637
0.8873964
0.9967594
0.9861385
0.9897226
0.9884092
0.9900042
0.9911034
0.871431
0.8725922
0.8957944
0.8779769
0.8805463
0.878362
0.8964102
0.8805064
0.8823928
0.8997571
0.9011689
0.8932798
0.8936256
0.8828512
0.8545841
0.8514669
0.8776679
0.8821624
0.8994501
0.8670741
0.9888597
0.8801225
0.8981416
0.8992074
0.8443146
0.8685303
0.9006953
0.815585
0.9881911
0.9878303
0.9885348
0.987733
0.8312035
0.9004291
0.8790914
0.8999115
0.8883678
0.8885423
0.8998515
0.8804376
0.8882877
0.9157609
0.9152264
0.9158683
0.9141945
0.9152347
0.9142582
0.9139
0.9157578
0.9153313
0.810385
0.9812497
0.9854256
0.9889788
0.991351
0.9952343
0.9952064
0.9963412
0.9913879
0.9913501
0.9945313
0.9886984
0.9873387
0.9917791
0.9950924
0.9955114
0.9920594
0.9959491
0.9815108
0.9879479
0.9913415
0.9910504
0.9839988
0.9877188
0.9914189
0.9951215
0.995323
0.9965353
0.9827878
0.9920075
0.9924219
0.9987509
0.9987234
0.9989149
0.999165
0.9987637
0.9988333
0.9984592
0.998905
0.9987327
0.9988072
0.9988643
0.9987708
0.9987805
1.
1.
0.9992948
0.9986111
0.999312
1.
0.999062
0.9984512
0.9989648
0.9981732
0.998288
0.9985113
0.9986157
0.9987227
0.9987125
0.9984509
0.998267
0.9984655
0.9984637
0.9987903
0.998798
0.9987672
0.9983958
0.998716
0.9983635
0.9987152
0.9990344
0.9986673
0.9985848
0.9986223
0.9988606
0.9989901
0.9987854
0.9985823
1.
1.
0.9996782
1.
0.9986765
0.9986024
0.998502
0.998262
0.9986674
0.9985876
0.9983079
0.9987155
0.9986677
0.9989451
0.9988269
0.9988802
0.9986798
0.9987985
0.998564
0.9986832
0.9986683
0.9988648
0.9985804
0.9995193
0.9993806
0.9986825
0.9995091
0.9985935
0.9977444
1.
1.
1.
0.9992888
1.
0.9993298
0.9978166
1.
0.999323
0.9994955
1.
0.9997651
0.9974408
0.9979767
0.9995467
0.9989762
0.9993445
0.9990453
1.
1.
1.
0.9995264
0.9977983
0.9994856
0.9860905
0.9851162
0.9855573
0.9855185
0.9877655
0.9889929
0.994186
0.9853019
0.9847102
0.9855923
0.9884494
0.9875344
0.9866815
0.9946204
0.990383
0.9901942
0.9560591
0.9717983
0.9919694
0.9916939
0.9912381
0.9912791
0.9919816
0.9918444
0.9924909
0.9914735
0.9922421
0.9921505
0.9920254
0.9925515
0.992765
0.9927811
0.9924685
0.9911421
0.9905306
0.9912351
0.9909134
0.9919879
0.9918913
0.9634078
0.9919731
0.9911317
0.9922501
0.9873976
0.985835
0.9918334
0.9897908
0.9886713
0.9336984
0.9718913
0.9713435
0.9872296
0.9921846
0.9924252
0.9924515
0.9921461
0.992642
0.9923483
0.9924316
0.9921481
0.9895554
0.9894717
0.9892097
0.9903609
0.9891216
0.9887929
0.9893453
0.9898342
0.9886207
0.9879635
0.9898633
0.9916041
0.9926117
0.9950339
0.9955509
0.9954424
0.9966025
0.9931079
0.9939591
0.9960589
0.9728414
0.9923493
0.9901351
0.9944119
0.995872
0.9915138
0.996587
0.9893988
0.9914561
0.9947392
0.9934655
0.993155
0.9937419
0.9937542
0.9955993
0.9970525
0.9971567
0.9917995
0.9909639
0.9926046
0.9931153
0.9937393
0.9935088
0.9942312
0.9950799
0.9954818
0.9969164
0.99408
0.9925424
0.9926825
0.9955082
0.9939942
0.9936144
0.9925604
0.9944134
0.9916762
0.9954841
0.9924093
0.9948791
0.996982
0.9970064
0.9968903
0.9970307
0.9968191
0.9969979
0.9968162
0.9975999
0.9969382
0.9973325
0.9970988
0.9979052
0.9978785
0.9974396
0.9970679
0.9969132
0.99679
0.9971999
0.9971072
0.9966359
0.9925472
0.9973275
0.9964397
0.9966185
0.9943906
0.9938527
0.9970733
0.9964013
0.9960159
0.9962152
0.9962865
0.9960254
0.9951815
0.9975315
0.9969163
0.997385
0.9973506
0.9972891
0.9974051
0.997259
0.9973513
0.995761
0.9954165
0.995742
0.9960944
0.9955006
0.9959106
0.9955173
0.9959029
0.9955258
0.9954194
0.9925031
0.9935584
0.9945873
0.9910747
0.9985687
0.994995
0.997779
0.9893287
0.9957364
0.9927431
0.9970541
0.9936778
0.9966216
0.9935866
0.9967381
0.9977376
0.9977591
0.9918267
0.9931271
0.9969789
0.9919552
0.9953998
0.9951482
0.9952881
0.9985968
0.998
0.9977578
0.9942529
0.9965998
0.9957838
0.9930407
0.9934893
0.9931943
0.993086
0.9945007
0.9949456
0.9977266
0.9930018
0.9930378
0.991582
0.9949232
0.9930804
0.9932682
0.9938424
0.9941818
0.9916977
0.9952126
0.9958077
0.9926052
0.9976983
0.9965241
0.9966472
0.9970738
0.9970397
0.9969984
0.9974647
0.996985
0.9970753
0.9975113
0.9966837
0.997808
0.9977812
0.9969902
0.9968209
0.9969135
0.9968776
0.9972005
0.9969175
0.9973529
0.9930998
0.996712
0.9969471
0.9973368
0.9946846
0.9929
0.9965609
0.9968384
0.996311
0.9937821
0.9952318
0.9947062
0.995015
0.9973416
0.9968333
0.9971234
0.9971562
0.9967603
0.9971192
0.9969499
0.997157
0.9967558
0.996805
0.9974661
0.9970355
0.9971887
0.9966933
0.997589
0.9976018
0.9977489
0.994952
0.993145
0.9940904
0.9916057
0.9952012
0.9990503
0.9925075
0.9988962
0.9917836
0.9941973
0.9956772
0.994105
0.9945205
0.9952782
0.9946026
0.996286
0.9943439
0.9988864
0.9936889
0.9944693
0.9931998
0.9933844
0.9945295
0.991363
0.9956663
0.9962652
0.9990055
0.993841
0.992819
0.9949066
0.9942617
0.9917267
0.9919358
0.9915248
0.9924729
0.9950299
0.9955354
0.9963636
0.9921779
0.9917446
0.9921737
0.9954864
0.9928008
0.9940266
0.9906774
0.9941677
0.9954233
0.9971815
0.9960773
0.9934454
0.99768
0.9963983
0.9966952
0.9966901
0.997017
0.997612
0.99756
0.9970569
0.9970974
0.9978925
0.9975387
0.9978563
0.9978295
0.9969709
0.9967424
0.996734
0.997051
0.9970884
0.9972735
0.9971253
0.9944193
0.9971282
0.9969705
0.9973114
0.9942857
0.9934714
0.9970732
0.9966466
0.9925736
0.992673
0.9941505
0.9954919
0.9950875
0.9974362
0.9974593
0.99779
0.997448
0.9974574
0.9978583
0.9969494
0.9974487
0.9963573
0.9964473
0.995938
0.9961334
0.9963643
0.996145
0.996456
0.9957049
0.9964793
0.9953258
0.989977
0.9909561
0.9924037
0.9981529
0.9976111
0.9929754
0.9961046
0.9945187
0.9930016
0.990296
0.9927361
0.9947817
0.9959418
0.9915925
0.9953315
0.9973585
0.9955056
0.9912065
0.9978947
0.9939371
0.9947662
0.9962785
0.9951469
0.99783
0.9971884
0.9949824
0.9949381
0.9909372
0.9924863
0.9942396
0.985469
0.9857036
0.9868377
0.9867883
0.9879651
0.9885516
0.9934901
0.985837
0.9850012
0.9865487
0.9884077
0.9863819
0.987382
0.9973198
0.9893471
0.9900058
0.9556738
0.9737958
0.9921666
0.9919577
0.9900975
0.9908539
0.9918784
0.9918021
0.9917922
0.9909612
0.9918878
0.9915983
0.9921739
0.9921021
0.9930494
0.993042
0.9921572
0.9910394
0.9911391
0.99149
0.9915871
0.9917346
0.991446
0.9548033
0.9916363
0.9912963
0.9917234
0.9880346
0.9863873
0.9912849
0.9898984
0.9913876
0.9306018
0.968645
0.9661682
0.9880519
0.992139
0.9914274
0.991735
0.9920049
0.9923161
0.9916075
0.9920756
0.9919833
0.9900086
0.9891345
0.9889875
0.9898046
0.9889364
0.9884225
0.9893093
0.9895354
0.9891122
0.9881599
0.9892473
0.9872691
0.9909393
0.9916252
0.9971279
0.9932886
0.9951841
0.9887592
0.9909176
0.9957983
0.9743925
0.9929171
0.9912224
0.9962845
0.996134
0.9949749
0.9977292
0.9900151
0.9931072
0.9949726
0.9919337
0.9912323
0.9917051
0.9926356
0.9969
0.9978598
0.9951608
0.9925679
0.994429
0.9930748
0.9925762
0.9934874
0.9923198
0.9934787
0.9948801
0.995267
0.9976524
0.9930743
0.9914411
0.9926262
0.9951177
0.9932177
0.9933973
0.990689
0.9944148
0.9931232
0.9983118
0.9963606
0.9974468
0.9972685
0.9960941
0.995939
0.997052
0.9971711
0.9973051
0.9974882
0.9971656
0.9967335
0.9974089
0.9970989
0.9978564
0.9978785
0.9972335
0.9969638
0.9965036
0.9970294
0.9968879
0.9973687
0.9967059
0.9960223
0.9971102
0.9967536
0.9975835
0.9942858
0.993046
0.9972443
0.9966083
0.996588
0.9945858
0.9925472
0.994695
0.994931
0.9973887
0.9971462
0.9973136
0.9973263
0.9973132
0.9973097
0.997077
0.997327
0.9963973
0.996606
0.9973871
0.9966823
0.9971487
0.9972775
0.9971982
0.9970489
0.9971936
0.9951949
0.9922949
0.9948546
0.9932268
0.9944424
0.9990467
0.9863774
0.9977802
0.9924528
0.9937888
0.9922593
0.9938222
0.993403
0.9952655
0.9960649
0.9967396
0.9977384
0.9977604
0.9928571
0.9955181
0.9966012
0.9958203
0.9925324
0.9948787
0.9920029
0.9985975
0.995994
0.993247
0.9921859
0.9972826
0.991147
0.9933841
0.9930541
0.9928344
0.993406
0.9952695
0.995562
0.9969529
0.9934834
0.9926554
0.9927384
0.9960933
0.9936887
0.9945684
0.998147
0.9922046
0.9945574
0.9946282
0.9943836
0.9928673
0.9972146
0.9967738
0.9963536
0.9969454
0.9971709
0.9968747
0.9972241
0.9971654
0.9973701
0.9972558
0.9966338
0.9979295
0.9979272
0.9971958
0.9968335
0.9967467
0.9968333
0.9969099
0.9970118
0.9964258
0.9898504
0.996965
0.9968015
0.9969402
0.9948725
0.9938231
0.9967879
0.9965085
0.9965841
0.9948523
0.993344
0.9938879
0.9954317
0.996936
0.9969161
0.9969317
0.9976184
0.9973611
0.996975
0.9972406
0.997619
0.9958003
0.9960111
0.9959769
0.9964075
0.995618
0.9958319
0.9959082
0.9958629
0.9966775
0.9952977
0.9941752
0.9948493
0.9918523
0.9948071
0.998088
0.9939789
0.9977753
0.9896659
0.994561
0.9922443
0.9951665
0.9931186
0.9952591
0.9930796
0.9943873
0.9924099
0.9977553
0.9926456
0.9949828
0.9939325
0.9940601
0.993632
0.9935153
0.9945534
0.9990637
0.9969925
0.9988783
0.9915568
0.9924812
0.9938485
0.9943075
0.994027
0.9941417
0.9942668
0.9954592
0.9956428
0.9966953
0.994898
0.9931489
0.993698
0.9952912
0.9933839
0.9948719
0.9993839
0.9961193
0.9931193
0.9946313
0.9966396
0.9940188
0.9973221
0.9964877
0.9963049
0.9968391
0.996731
0.9971002
0.9968642
0.9970206
0.9968699
0.9976889
0.9977341
0.9979784
0.9979517
0.9968771
0.9971199
0.9968748
0.996507
0.9967317
0.9973686
0.997038
0.9965526
0.9969652
0.9972116
0.9972867
0.9947888
0.9943214
0.9969307
0.9963475
0.9942971
0.9937652
0.9970838
0.9965563
0.9953379
0.9975552
0.9970834
0.9974326
0.997716
0.9982023
0.9974289
0.9969858
0.9977166
0.9958404
0.9959321
0.9964867
0.9958981
0.9963251
0.9962232
0.9963778
0.9962982
0.9969554
0.9955597
0.9950135
0.9930376
0.9937686
0.9970414
0.9990458
0.9934804
0.9961046
0.9938293
0.996124
0.9927396
0.9954387
0.9947817
0.9942412
0.9980344
0.998604
0.9916509
0.9983193
0.9938813
0.9941891
0.9969777
0.9944154
0.9956188
0.9948759
0.9967415
0.9981273
0.9995005
0.9977566
0.9940452
0.9948893
0.996936
0.9894212
0.98913
0.9892736
0.9896736
0.9930173
0.99367
0.997652
0.9896809
0.9883084
0.9889865
0.9926387
0.9915092
0.9909974
0.9980431
0.9895926
0.9933504
0.9924089
0.9937217
0.9926152
0.9964354
0.9959278
0.9964875
0.9973943
0.9971099
0.9971657
0.9974896
0.9974026
0.99708
0.9978142
0.9977331
0.9982164
0.9982145
0.9973295
0.9967214
0.9968407
0.9968839
0.9968727
0.9976536
0.9962785
0.9930605
0.9973837
0.9973113
0.9977307
0.9920926
0.9892956
0.9973051
0.9960305
0.9926058
0.9958728
0.9952233
0.9942693
0.9930787
0.9974382
0.9973367
0.9979299
0.9979802
0.997602
0.9979033
0.9974966
0.9980049
0.994891
0.9952185
0.9950775
0.9937608
0.9949549
0.99459
0.9943173
0.9950745
0.9945423
0.9935988
0.9900173
0.9892599
0.9877691
0.9922879
0.9968178
0.9966983
0.9950383
0.9912913
0.9906229
0.9984006
0.9949361
0.9945839
0.9910794
0.9930499
0.9961029
0.9960899
0.9968254
0.9892453
0.9940575
0.9934619
0.9917633
0.9931658
0.9929646
0.9917955
0.994904
0.9991753
0.9981876
0.9933812
0.9919331
0.9967029
0.9872288
0.9869352
0.9862424
0.9874124
0.9908092
0.9929925
0.9963954
0.9866005
0.9867569
0.9865051
0.9908709
0.9889717
0.9892203
0.9971002
0.9914181
0.9911028
0.993994
0.9947211
0.9941914
0.9949892
0.9944511
0.9958004
0.9957394
0.995661
0.996804
0.9967108
0.9958116
0.9958964
0.9974103
0.9969862
0.9969144
0.9969831
0.9958869
0.9955629
0.9953458
0.9958382
0.9956476
0.9967405
0.9955768
0.994292
0.9960249
0.9961512
0.9971692
0.9891477
0.986715
0.9963293
0.9947434
0.9918396
0.9939759
0.9925209
0.991421
0.9910434
0.9967826
0.996761
0.9970826
0.996755
0.997033
0.9969846
0.9958606
0.9967558
0.9943844
0.9941305
0.9938501
0.9943456
0.993383
0.9940956
0.9940548
0.9940679
0.9947751
0.9913704
0.9895983
0.9881644
0.9919553
0.9942677
0.9975762
0.9971388
0.9965278
0.9910787
0.9931629
0.9954625
0.9893167
0.9929959
0.9943925
0.9939695
0.99523
0.9938829
0.9961165
0.9906641
0.9905743
0.9944655
0.9895604
0.9894855
0.9955595
0.9909502
0.9962406
0.9989274
0.9976726
0.9895334
0.9930126
0.9944068
0.9705923
0.968513
0.966237
0.9681948
0.9781717
0.9830011
0.9935234
0.9686284
0.9688991
0.9665876
0.9787566
0.9746265
0.9737788
0.9934453
0.9873228
0.9922963
0.9926449
0.9922287
0.9924679
0.9906801
0.9901175
0.9912882
0.9917069
0.9919799
0.9933532
0.9928244
0.9929136
0.9917243
0.9940948
0.9947732
0.994728
0.9946999
0.992782
0.9913013
0.9910843
0.9915116
0.9921099
0.994197
0.9898408
0.9908702
0.9929628
0.9930869
0.9937713
0.974311
0.9667576
0.993032
0.9889614
0.9884256
0.9890269
0.9907249
0.9888571
0.9787373
0.9947
0.9931284
0.9946709
0.9943553
0.993908
0.9947304
0.9928069
0.9943567
0.9876273
0.9878027
0.9866149
0.9871795
0.9869535
0.9864724
0.9875967
0.9873315
0.9869561
0.9808061
0.9773499
0.9807338
0.9846332
0.9864911
0.9944009
0.9944951
0.9950681
0.9887914
0.9900378
0.9900338
0.9909626
0.9854015
0.9909721
0.992056
0.9925953
0.9916921
0.9950524
0.976857
0.9914749
0.9903193
0.9843647
0.9867473
0.9897783
0.9916819
0.9951887
0.9948728
0.9948525
0.981341
0.986684
0.9918103
0.9744025
0.9739913
0.9736756
0.972249
0.9808539
0.9841109
0.9952391
0.9733264
0.9716235
0.9719342
0.9817511
0.9776252
0.9774509
0.9945819
0.9883669
0.9921415
0.9889142
0.9932094
0.989198
0.9921509
0.9910456
0.9923391
0.9932862
0.9926907
0.9943065
0.9942204
0.9937749
0.9932771
0.9955394
0.9944185
0.9953188
0.9954755
0.9941206
0.9920063
0.9916637
0.9928112
0.992725
0.9947206
0.9914738
0.9889902
0.993964
0.9937165
0.9950326
0.9779588
0.97041
0.993874
0.9906441
0.9878629
0.9878981
0.9886703
0.9896324
0.9813699
0.994826
0.9943963
0.9944808
0.9961348
0.9957289
0.9945862
0.9938816
0.9961358
0.989495
0.9894506
0.9888726
0.9895198
0.9905533
0.9892611
0.9895081
0.9900553
0.9897941
0.9830922
0.9848012
0.9862229
0.9882241
0.9900057
0.9944869
0.9919809
0.9948023
0.9867417
0.989185
0.9916773
0.9906778
0.988122
0.9877367
0.9933362
0.9930716
0.9920137
0.994099
0.9828165
0.9887147
0.9908589
0.9877244
0.9839775
0.9903328
0.9887955
0.9924179
0.9941558
0.9970575
0.9847914
0.9935228
0.9921486
0.9755701
0.9750923
0.972754
0.9736589
0.9810934
0.9842847
0.9957512
0.9748516
0.9736805
0.9716431
0.980821
0.9782671
0.97923
0.9951129
0.9840916
0.992696
0.9921006
0.9927792
0.9920673
0.9916742
0.9909324
0.9921401
0.9927249
0.9924258
0.9939995
0.994771
0.9934324
0.9925061
0.9951857
0.9947248
0.9943561
0.9944196
0.9935868
0.9914648
0.9905676
0.9918436
0.9926478
0.9941871
0.9909573
0.9889184
0.9934996
0.9938604
0.9948053
0.9788545
0.9729509
0.9928685
0.9898718
0.9891128
0.9883133
0.9917497
0.9908143
0.9820155
0.9944943
0.9939042
0.9945321
0.9952441
0.9943263
0.9944343
0.9938345
0.9952453
0.9883838
0.9889244
0.9888205
0.9878457
0.9894553
0.9884184
0.9896344
0.9878242
0.9887203
0.9833149
0.984356
0.9832049
0.9867173
0.9910414
0.9934888
0.9909852
0.9982183
0.9915801
0.9894817
0.9917652
0.9913834
0.9914286
0.9918106
0.9959695
0.9948144
0.9907582
0.9957428
0.9811648
0.9848556
0.9913257
0.9889373
0.9876217
0.9869044
0.9918834
0.9952193
0.9963675
0.9966413
0.983398
0.9919629
0.995842
0.9747074
0.9729693
0.9750338
0.9753342
0.9826579
0.9854926
0.9951818
0.9739726
0.9756926
0.9746231
0.9833012
0.9801056
0.9806065
0.9978118
0.9864081
0.9912722
0.9931837
0.9930452
0.9916388
0.992737
0.9914559
0.9934484
0.9932867
0.9927946
0.9944862
0.9954755
0.9946305
0.9927567
0.9962206
0.9950945
0.9958118
0.9958305
0.9946456
0.9922716
0.9917237
0.9921024
0.9932137
0.9950867
0.9917745
0.9892196
0.9940708
0.9943594
0.9954135
0.9795805
0.973891
0.9936358
0.9905349
0.989772
0.9890933
0.9900306
0.9895515
0.9826784
0.9949897
0.9947793
0.9952091
0.9956379
0.9956465
0.9952025
0.9945668
0.995639
0.9888155
0.988736
0.9884517
0.9889578
0.9897798
0.9885904
0.988477
0.9894923
0.9891537
0.9837902
0.9849156
0.9873478
0.9892613
0.9940143
0.9960682
0.9944196
0.9967351
0.9893973
0.9884692
0.9925193
0.9915994
0.9880033
0.9909561
0.9928968
0.9932886
0.9921799
0.9962529
0.9848361
0.989585
0.9962992
0.9890998
0.9836418
0.9894481
0.9919648
0.9954516
0.9953125
0.9971917
0.9872673
0.9894268
0.9931129
0.9791459
0.9788317
0.978805
0.9777889
0.983714
0.9841003
0.9936267
0.9789205
0.9770882
0.979396
0.9832539
0.981184
0.9818012
0.9989955
0.9892724
0.9886364
0.9925119
0.9894612
0.9904077
0.9907224
0.9881821
0.9906348
0.9902585
0.990215
0.9916943
0.9917551
0.9909037
0.9902029
0.9938178
0.9916547
0.9933819
0.9934916
0.9908282
0.9897279
0.9897605
0.9898602
0.9895091
0.9916224
0.9902777
0.9894771
0.990742
0.9912811
0.9927406
0.982756
0.9802127
0.9921852
0.9876361
0.9917822
0.9910299
0.9936128
0.9947695
0.9834367
0.9920667
0.991473
0.9910971
0.9931896
0.993504
0.9910848
0.990731
0.9931913
0.9887968
0.9880909
0.989233
0.9883935
0.9892198
0.9888981
0.9887842
0.9880818
0.9884361
0.983442
0.98734
0.9869059
0.9937065
0.9908512
0.9945897
0.9926216
0.9975938
0.9912398
0.991446
0.9918312
0.9917437
0.9926397
0.9945304
0.9945168
0.9951024
0.9919663
0.9936954
0.9891922
0.9903453
0.9933788
0.9913428
0.9896742
0.9893776
0.9941211
0.9962096
0.9970129
0.9966143
0.9898442
0.9914562
0.9955636
0.9819956
0.9819911
0.9808988
0.9812378
0.9856981
0.9873155
0.99478
0.9809717
0.9805301
0.9809783
0.9863412
0.9821906
0.9844733
0.9966283
0.9881962
0.9929902
0.9902788
0.9930808
0.993016
0.9925453
0.9911822
0.9933175
0.9928403
0.9922849
0.9942679
0.9937818
0.9927645
0.9934163
0.9948789
0.9940694
0.9943985
0.9943692
0.9929165
0.9922302
0.991818
0.9922221
0.9928752
0.993974
0.9927558
0.9927944
0.9927266
0.9934532
0.994049
0.984404
0.981046
0.993405
0.99074
0.9920825
0.9928813
0.9936776
0.9915597
0.9851429
0.9941718
0.9944188
0.9940263
0.9937335
0.9941363
0.994041
0.9927964
0.9937352
0.9900093
0.9892537
0.9894391
0.9898436
0.9903495
0.9891724
0.9900885
0.9900976
0.9900913
0.9861464
0.9870091
0.9894664
0.9880229
0.9917767
0.9965269
0.9977186
0.9967906
0.992779
0.9944592
0.9972616
0.9911363
0.9873578
0.9922099
0.9947037
0.9948504
0.9927806
0.9962376
0.984202
0.9889318
0.991674
0.9914351
0.9861866
0.9911095
0.9951012
0.9948352
0.9974619
0.9970454
0.987877
0.9917645
0.9956005
0.9860729
0.9850387
0.9835827
0.9848527
0.9900867
0.9907318
0.9965608
0.9845682
0.9832771
0.9853738
0.9903266
0.9876877
0.9879083
0.9973015
0.98673
0.993272
0.9937874
0.9944873
0.9944246
0.9954468
0.9948746
0.9958661
0.9960687
0.9960664
0.9970565
0.9967716
0.9968409
0.9968487
0.9979683
0.9969991
0.9976915
0.997689
0.9970989
0.9950445
0.9951154
0.9960676
0.9964954
0.9968471
0.9954181
0.994509
0.9966438
0.9966393
0.9969882
0.9876765
0.9845462
0.9964308
0.9944451
0.9928444
0.9920464
0.9923793
0.9940891
0.990685
0.9968426
0.9971211
0.9969083
0.9975548
0.9976331
0.9969039
0.9968415
0.9975554
0.9945382
0.9935189
0.993816
0.9932455
0.9937701
0.9939086
0.9939059
0.9934198
0.994504
0.9907864
0.9869315
0.9890246
0.9920498
0.9937261
0.9977184
0.9952862
0.9953035
0.9914927
0.9898046
0.9924217
0.9944622
0.9888792
0.9897593
0.9960053
0.992595
0.9958552
0.9967344
0.9883602
0.9917826
0.993627
0.9924262
0.9920261
0.9907745
0.9959818
0.9964585
0.9959569
0.9985507
0.9898573
0.9925603
0.9918699
0.986273
0.9872513
0.9871726
0.9864504
0.9915543
0.9917126
0.9970581
0.9862609
0.9853988
0.9872292
0.9915724
0.9887016
0.9893549
0.995098
0.9904762
0.9966093
0.9954436
0.9949917
0.9915213
0.9963066
0.995606
0.996553
0.9966709
0.996276
0.9975413
0.9969818
0.996678
0.9967346
0.9977253
0.9967814
0.9975761
0.9976217
0.9965983
0.9963554
0.9959341
0.9962104
0.9962487
0.9974542
0.9956335
0.9931585
0.9968023
0.996897
0.9979124
0.9899809
0.9873602
0.9959756
0.9953643
0.9885673
0.9909387
0.9938455
0.9922463
0.9915295
0.9973568
0.9976365
0.9974705
0.9976065
0.997519
0.9975375
0.9966597
0.9976071
0.9938809
0.9935489
0.993542
0.9936948
0.9939185
0.9940583
0.9933267
0.9936811
0.9945471
0.9921906
0.9847753
0.989755
0.988594
0.9912492
0.9948435
0.9935139
0.9979424
0.9886557
0.9893317
0.9910714
0.9923998
0.9848592
0.993007
0.9932127
0.9956694
0.9920294
0.9958489
0.9914809
0.986761
0.995107
0.9893525
0.9909073
0.9946943
0.992597
0.9967415
0.9950401
0.9979279
0.9906917
0.9915517
0.9919355
0.9867213
0.986708
0.9855224
0.9859346
0.9889151
0.9899451
0.9930033
0.9866606
0.9877539
0.9870182
0.9894363
0.9879467
0.98811
0.9959577
0.9908644
0.9869333
0.9007877
0.925435
0.9929426
0.992413
0.9901969
0.9904441
0.991044
0.9911763
0.9921504
0.9912832
0.9911384
0.9915062
0.99237
0.9918862
0.992742
0.9927343
0.9913094
0.9913331
0.9910476
0.9911676
0.9910176
0.9920094
0.9911679
0.9670309
0.9906717
0.9910569
0.991672
0.9886856
0.987522
0.9922713
0.9901256
0.9885692
0.952728
0.9768325
0.9812996
0.9884929
0.9926236
0.9919144
0.9919873
0.9919789
0.9927124
0.991883
0.9912155
0.9919336
0.9904109
0.9902492
0.9906501
0.9908725
0.9902273
0.9910843
0.990336
0.9903101
0.9902291
0.9892656
0.9907567
0.9899175
0.9908936
0.9904116
0.9989186
0.9966667
0.9958763
0.9933481
0.994246
0.9967338
0.9762679
0.9946534
0.9936194
0.9961433
0.9946481
0.9945742
0.9982285
0.9916718
0.9918048
0.9940968
0.9946212
0.9930047
0.9932024
0.9912402
0.9965166
0.9974993
0.9961527
0.9897484
0.9947032
0.9957204
0.983995
0.9838693
0.9842358
0.9833441
0.9889583
0.9885188
0.9950567
0.9839799
0.9848213
0.9854335
0.9883591
0.9871191
0.987946
0.9949239
0.98879
0.9717307
0.9893027
0.9903505
0.9689214
0.9925632
0.9916831
0.9940581
0.9935282
0.9937846
0.9941222
0.9945621
0.9941152
0.9934687
0.9949268
0.9941791
0.9945349
0.9945291
0.9938009
0.9931683
0.9932071
0.9927507
0.9937036
0.9950023
0.9929463
0.9918638
0.994113
0.9934387
0.9948306
0.9872256
0.9838686
0.994459
0.9916918
0.9912473
0.9847402
0.9916714
0.9914886
0.9881941
0.9948107
0.9946378
0.9946187
0.9946671
0.9942915
0.9947038
0.993994
0.9946685
0.9909572
0.9921893
0.9907411
0.9900663
0.990692
0.9908779
0.9913583
0.991343
0.9907748
0.9885496
0.988748
0.9899907
0.9911742
0.9933775
0.9975227
0.9966092
0.9973046
0.9925776
0.9931807
0.9958449
0.992186
0.9912774
0.9944296
0.9969205
0.997559
0.9940134
0.9975933
0.9909643
0.994174
0.9944923
0.991338
0.9897808
0.993892
0.9948754
0.996732
0.9968891
0.9963845
0.9934385
0.993054
0.9946873
0.9814337
0.9812636
0.9810921
0.980709
0.9809965
0.982246
0.9881719
0.9810154
0.9780287
0.9793417
0.9821002
0.9789198
0.9794459
0.996945
0.9862379
0.9912644
0.9914718
0.9948898
0.9906942
0.9867262
0.98366
0.9846059
0.9853587
0.9857048
0.9868162
0.9872303
0.9875959
0.985896
0.9886729
0.9880904
0.9884367
0.988494
0.9876802
0.9847849
0.9848986
0.9847988
0.9844176
0.9876776
0.9856845
0.9901653
0.9876263
0.9873355
0.9871878
0.9807386
0.979281
0.9870082
0.9833669
0.9893428
0.9899179
0.9907394
0.9904586
0.9807994
0.9879984
0.9869634
0.9876898
0.9881209
0.9885844
0.9874473
0.987425
0.9881239
0.981224
0.9807317
0.9811029
0.9815654
0.9811162
0.9811869
0.9821779
0.9812803
0.9809476
0.9803501
0.9845271
0.9894825
0.9897753
0.9926286
0.9936626
0.9939348
0.9980373
0.9893031
0.9912671
0.9945825
0.9916989
0.9902814
0.9908257
0.9932127
0.9957643
0.9911954
0.9966483
0.9806883
0.9899119
0.9940888
0.9926674
0.9848095
0.9928346
0.9910269
0.9959402
0.9958349
0.995459
0.9884037
0.9920993
0.9913103
0.9821578
0.9817764
0.9829219
0.9825118
0.9830815
0.9835431
0.988244
0.9816101
0.9813675
0.9835533
0.9831409
0.9822536
0.9826864
0.9977768
0.9874567
0.9897331
0.9926505
0.9888993
0.991829
0.9855518
0.985199
0.986346
0.9858301
0.9858344
0.987163
0.9880253
0.9873484
0.986642
0.9885601
0.9879994
0.9875115
0.9875685
0.9873887
0.9860654
0.9856539
0.9852969
0.9872371
0.9884466
0.9860608
0.9922926
0.9873437
0.9867554
0.9881464
0.9830043
0.9824787
0.9880997
0.9849596
0.9899165
0.9925157
0.9901545
0.9901619
0.9832138
0.9874318
0.98778
0.9881428
0.9885176
0.9884995
0.9881721
0.9873689
0.9884278
0.9824473
0.9822385
0.982092
0.9820532
0.982723
0.9807631
0.9824923
0.9826807
0.9832656
0.9832974
0.9870113
0.9921318
0.9912857
0.9873326
0.9961717
0.9936214
0.9963605
0.9932526
0.9933799
0.9945322
0.9917858
0.9902793
0.9943299
0.9959209
0.9954119
0.9930947
0.9957008
0.9880906
0.9882068
0.9941892
0.9921329
0.9886256
0.9929931
0.9919786
0.9956018
0.9950648
0.9959157
0.9921005
0.9889081
0.9945185
0.9834813
0.983693
0.9821183
0.9824793
0.9854133
0.9854812
0.9892018
0.9841763
0.9833709
0.9828648
0.9852497
0.9849241
0.9851442
0.9983149
0.9900151
0.9904873
0.9930613
0.9942482
0.9946994
0.9866736
0.9875559
0.9869863
0.9868849
0.9862637
0.9881869
0.9888747
0.9897555
0.9870245
0.9892678
0.989659
0.9882789
0.988337
0.9896229
0.9879449
0.9882341
0.9872971
0.9876593
0.9893823
0.9871583
0.9915444
0.9902085
0.9893809
0.9894707
0.9844672
0.9834325
0.9898807
0.9864799
0.9888277
0.9911204
0.9920255
0.9950747
0.9842463
0.989573
0.9881601
0.9901981
0.9897093
0.9899066
0.9900247
0.9895591
0.9897818
0.9824849
0.9813465
0.9827114
0.9824523
0.983057
0.9819888
0.9820542
0.9830164
0.9822008
0.985849
0.9881998
0.9859909
0.989329
0.990965
0.9958839
0.9971309
0.9967645
0.9902196
0.9929287
0.9958687
0.9948792
0.9926853
0.9915751
0.9947276
0.9929124
0.9951635
0.9958208
0.9905405
0.991256
0.9924316
0.9927496
0.9896439
0.9904915
0.9929805
0.9957054
0.9962414
0.9965189
0.9871969
0.9904324
0.993362
0.9849852
0.9859599
0.9858037
0.9863868
0.9861032
0.9863426
0.9911304
0.9846953
0.9819175
0.9850412
0.9864583
0.9854582
0.9861382
0.9976006
0.9909953
0.992508
0.9929254
0.993311
0.9930716
0.9891811
0.9880833
0.9890816
0.9891602
0.9889952
0.989769
0.990557
0.9911325
0.9890536
0.9918577
0.9906228
0.9914703
0.9914143
0.991101
0.9891584
0.9892133
0.9883551
0.9884851
0.9909153
0.9890949
0.9945652
0.9908644
0.9902137
0.9903488
0.9859387
0.9846713
0.9891709
0.9880294
0.9927072
0.992419
0.9931961
0.9916596
0.9863991
0.9900068
0.9901378
0.9904536
0.99107
0.9907418
0.9904403
0.9909959
0.9910723
0.9839181
0.9835503
0.9852025
0.9848303
0.9847395
0.9851311
0.9849031
0.9847844
0.9851297
0.9859182
0.9885408
0.9913174
0.9908573
0.9914708
0.9938213
0.9963663
0.9977105
0.99305
0.9929683
0.9961914
0.9926332
0.9935753
0.9934937
0.9942183
0.9962547
0.9920084
0.994877
0.9868138
0.9937362
0.9968593
0.9961985
0.9868857
0.9927847
0.9921955
0.9943556
0.9946563
0.9969317
0.9886429
0.9880621
0.989373
0.9922159
0.9914898
0.991397
0.9911116
0.9903252
0.9906983
0.9904695
0.9918837
0.9898732
0.9909398
0.9914933
0.9888741
0.9903515
0.9993342
0.9947196
0.9940391
0.99389
0.9937171
0.9963235
0.9907045
0.9890788
0.988575
0.990584
0.9902908
0.989938
0.9900611
0.9902982
0.9899008
0.9904602
0.9908623
0.9909348
0.9908052
0.9906077
0.9904542
0.9907043
0.9902491
0.9895492
0.9906637
0.9902182
0.993571
0.9909749
0.9899461
0.9906832
0.9908503
0.9913381
0.9913094
0.9896169
0.9942635
0.9938771
0.9941577
0.9951409
0.9898096
0.9915607
0.9903156
0.9910352
0.9912688
0.9908381
0.9910928
0.9903351
0.991271
0.9873082
0.9872294
0.988386
0.9879685
0.9873868
0.9879276
0.9883747
0.9873365
0.9880457
0.9894491
0.9930376
0.9925686
0.9936809
0.993856
0.9974071
0.9955542
0.9946355
0.9901754
0.9957016
0.9950667
0.9943104
0.9964172
0.9946858
0.9979496
0.9968777
0.9932702
0.9958822
0.9941064
0.9934057
0.9955213
0.9962326
0.9927414
0.9933005
0.9924794
0.9971526
0.997037
0.9965168
0.9942354
0.9972222
0.9942182
0.9912677
0.9917398
0.9920121
0.9926707
0.9912311
0.9913825
0.9931446
0.9921806
0.9892099
0.9916827
0.9915616
0.9907333
0.9916069
0.9982066
0.9931715
0.9963551
0.9918959
0.9953488
0.9918507
0.9929036
0.9915753
0.9921187
0.9912987
0.9910935
0.9919201
0.9930807
0.9915899
0.9916928
0.9921125
0.9925942
0.9925227
0.9924427
0.991648
0.9926442
0.9921705
0.9905058
0.9915917
0.9925361
0.9919157
0.9932927
0.9917302
0.991748
0.9924106
0.9908823
0.9902675
0.9914535
0.9918139
0.9916255
0.9927775
0.9941093
0.9943193
0.991005
0.9923852
0.9919454
0.9930536
0.9925662
0.9923544
0.9926922
0.9921384
0.9925681
0.9905592
0.9903561
0.9912926
0.9908746
0.9910161
0.9901825
0.9910102
0.9906089
0.99072
0.9910548
0.9927889
0.9952475
0.9906986
0.9906372
0.9975453
0.9962073
0.9976399
0.9921415
0.9951885
0.9950526
0.995091
0.9926992
0.9922065
0.9962453
0.9978877
0.9968537
0.9969471
0.9910714
0.992714
0.996062
0.9927879
0.9926471
0.9961042
0.9936143
0.9975765
0.994293
0.9979661
0.9936982
0.9951208
0.9933564
0.9876097
0.9879968
0.9872232
0.9886375
0.9902413
0.9904528
0.9944517
0.9878467
0.9867331
0.9879841
0.9909353
0.9886629
0.989339
0.9970867
0.9915789
0.9932769
0.9939914
0.9942382
0.9926534
0.9935533
0.9925073
0.993164
0.9936398
0.993859
0.994295
0.9941099
0.9936432
0.9938999
0.9949744
0.9945763
0.9942418
0.9943075
0.9935319
0.9933516
0.9931589
0.9939274
0.9936469
0.9946286
0.9938113
0.9903431
0.9937302
0.993564
0.9939804
0.9899071
0.9881225
0.9936455
0.9925628
0.9950367
0.9908295
0.9940622
0.9930385
0.9898456
0.9945511
0.9942847
0.9947304
0.9949247
0.9949191
0.9948631
0.9939856
0.994926
0.989852
0.9892273
0.989076
0.9888839
0.9888713
0.988802
0.9898982
0.9898288
0.9891661
0.9909209
0.9876145
0.9934026
0.9889376
0.991601
0.9962687
0.9939064
0.9958932
0.9940609
0.9932341
0.9949922
0.9933912
0.9913666
0.9950968
0.9891547
0.9963303
0.9965554
0.9948329
0.987644
0.9872847
0.9903974
0.9952405
0.9917078
0.9939934
0.9930305
0.9957002
0.9945443
0.9972499
0.9904555
0.9943308
0.994367
0.9907346
0.9906837
0.990014
0.9912084
0.9910983
0.9923491
0.9948574
0.9912729
0.9892606
0.9889439
0.9915558
0.9902881
0.9904052
0.9996212
0.9915901
0.9933319
0.995168
0.9954138
0.9931386
0.993753
0.992882
0.9932654
0.9930794
0.9936924
0.9932317
0.9934811
0.9943819
0.9933921
0.9937612
0.9942019
0.9933617
0.9934267
0.9947216
0.9932902
0.9936071
0.9932271
0.9929943
0.9943811
0.9928305
0.9939229
0.9943262
0.9939497
0.9934293
0.9906485
0.9897368
0.9937651
0.9927481
0.9920142
0.9934014
0.9941324
0.9922399
0.9912095
0.9946303
0.9932622
0.9934749
0.9941217
0.9938427
0.9936065
0.9942252
0.9941232
0.990195
0.9900302
0.9900608
0.9901738
0.9908881
0.9896312
0.9905785
0.9902469
0.9903957
0.9913225
0.9922534
0.9872428
0.9899658
0.9907984
0.993538
0.9956825
0.9996454
0.9920939
0.9958241
0.9961115
0.9919543
0.9954897
0.9947037
0.9977042
0.9968344
0.9948016
0.9967811
0.9886113
0.994163
0.9947988
0.9966538
0.9911759
0.993636
0.9944253
0.997141
0.9953426
0.998929
0.9919918
0.993658
0.994469
0.9917337
0.9917959
0.9908848
0.9905709
0.9918838
0.9910515
0.9936478
0.9913737
0.9913828
0.9924717
0.991745
0.9917215
0.9915547
0.9995998
0.9917571
0.9954212
0.9952413
0.9936809
0.9958998
0.9932046
0.992385
0.9921358
0.9931432
0.9931732
0.9926241
0.9927485
0.9939733
0.9933263
0.9942661
0.9939173
0.9934116
0.9933321
0.9938174
0.9929928
0.9929839
0.9932712
0.9927081
0.9937297
0.9925874
0.9956897
0.9932887
0.9941196
0.9931384
0.9917224
0.9919436
0.9937406
0.9929781
0.9942896
0.9903169
0.994171
0.9939603
0.9915718
0.9940496
0.9928497
0.9933827
0.9933568
0.9928485
0.9935147
0.9935973
0.9933585
0.9889737
0.9883833
0.9894701
0.9888149
0.9891102
0.9899204
0.990069
0.9889549
0.9902659
0.992367
0.9929491
0.9949548
0.9929794
0.9938306
0.9973028
0.9972174
0.997006
0.9947243
0.9965258
0.9949014
0.9932447
0.9957937
0.9968693
0.9975928
0.994354
0.9934473
0.9984962
0.9928918
0.9931212
0.9928694
0.9967957
0.9915051
0.9936598
0.9944858
0.9946667
0.9947626
0.9981189
0.9932008
0.9952731
0.9968427
0.988171
0.9890198
0.9884548
0.9888187
0.9910361
0.9917925
0.9957982
0.9887936
0.9881689
0.9902883
0.9923883
0.991096
0.9905911
0.9996
0.9913533
0.9938102
0.9959248
0.9963996
0.9931491
0.9942166
0.9936623
0.9935793
0.9941737
0.9939557
0.9949332
0.994902
0.9948874
0.9943814
0.9952181
0.9955051
0.9949528
0.9949714
0.9948192
0.99434
0.9939523
0.9938302
0.9943598
0.9954392
0.9939402
0.9933045
0.9945988
0.9946421
0.9947472
0.9908233
0.9894533
0.994496
0.9932925
0.991989
0.9925357
0.9946063
0.9943953
0.9914469
0.9953859
0.9946057
0.9952858
0.9958045
0.9957167
0.9953495
0.9949133
0.9958056
0.9914237
0.9908679
0.9906216
0.9913479
0.9912614
0.9908767
0.9906432
0.991315
0.9913916
0.9913113
0.9934825
0.9917774
0.9923178
0.992137
0.9949324
0.9965205
0.9973822
0.9952557
0.9944896
0.9955857
0.9943417
0.9926732
0.9973931
0.9986264
0.9976837
0.9928755
0.9973664
0.9900921
0.9905193
0.9940188
0.9922231
0.9905748
0.9907935
0.9933775
0.9976744
0.9944134
0.9966102
0.9940787
0.9960651
0.9951135
0.9957281
0.9958953
0.9957221
0.9950909
0.9955593
0.9958582
0.9961801
0.9956416
0.9947772
0.9947407
0.9959857
0.9954339
0.9953055
0.9993861
0.9953951
0.9974352
0.9952072
0.9969257
0.9974497
0.9963371
0.9959153
0.9961591
0.9964564
0.9965553
0.9971006
0.9970806
0.9967855
0.9964151
0.9970525
0.9973192
0.9972461
0.9971696
0.9966899
0.9965604
0.9969006
0.9963768
0.9964867
0.9973452
0.996881
0.9965581
0.9967118
0.9970433
0.997114
0.9959611
0.9952727
0.9965891
0.9963094
0.9977305
0.9964912
0.999736
0.9973573
0.9959533
0.9974366
0.9971882
0.9971946
0.9973265
0.9968082
0.9972144
0.9967129
0.9973272
0.9950055
0.994464
0.9946827
0.9947212
0.9951084
0.9945019
0.9945385
0.9953893
0.9952483
0.9958216
0.9950197
0.9951182
0.9937787
0.9959365
0.9976179
0.999503
0.9983398
0.9948735
0.9984568
0.9966346
0.9986649
0.9953412
0.9976415
0.9995108
0.9962791
0.9977418
0.9966443
0.9965461
0.9949934
0.9981175
0.9975694
0.9943045
0.9959656
0.9934759
0.9986001
0.9949975
0.9977641
0.9954946
0.9966056
0.997709
0.9967594
0.9966443
0.9968234
0.996442
0.9970344
0.9970115
0.9977732
0.996564
0.9969256
0.9968165
0.9968948
0.9966737
0.996969
0.9961538
0.9965852
0.9978029
0.9959702
0.997235
0.9990654
0.9977387
0.9974025
0.997136
0.9978878
0.9975717
0.9973697
0.9973479
0.9976769
0.9976486
0.9977983
0.9979624
0.9977903
0.997714
0.9977069
0.9972777
0.9975938
0.9978619
0.9973145
0.9978752
0.9974606
0.9971056
0.9975122
0.9978455
0.9979129
0.9970578
0.997258
0.9976788
0.9972987
0.994042
0.9952621
0.996233
0.9976885
0.9970256
0.9975605
0.9974213
0.9977491
0.997968
0.9979949
0.9977218
0.9977188
0.9979686
0.9973561
0.997364
0.9966011
0.9970763
0.9972711
0.9973616
0.9971233
0.997131
0.9973181
0.9970821
0.996
0.9991627
0.9961561
0.9970662
0.9994376
0.9958358
1.
0.997317
0.9964649
0.9994321
0.9958956
0.9982009
0.996972
0.9994183
0.9972648
0.9987152
0.9979536
0.9973924
0.9971256
0.9987141
0.9913386
0.9971791
0.9958751
0.9967267
0.9966942
0.997619
0.9979522
0.9982502
0.9977143
0.9965096
0.9890462
0.9892695
0.9888206
0.9886981
0.9893961
0.9882102
0.9888645
0.9897645
0.9894976
0.9886678
0.9895916
0.9899651
0.9897476
0.9970122
0.9908919
0.9915401
0.9678112
0.9717602
0.9906058
0.9898634
0.9899551
0.9893345
0.9899242
0.9899121
0.9897272
0.9903521
0.9900555
0.9888676
0.9906659
0.9894868
0.9909859
0.990905
0.9898577
0.9890766
0.9896161
0.9900661
0.9890615
0.9899284
0.9895885
0.9658857
0.990034
0.9899577
0.989293
0.9890129
0.9890483
0.9909802
0.9891764
0.9946483
0.9508671
0.9747212
0.9798596
0.9884353
0.9897518
0.9895662
0.9896449
0.9907723
0.9904212
0.9895838
0.9899477
0.990751
0.9889113
0.9886034
0.9889835
0.9890191
0.9890442
0.9882323
0.9880782
0.9891938
0.9894474
0.9882055
0.9929491
0.9908717
0.9961297
0.9954802
0.995806
0.9943533
0.9977331
0.9952647
0.9958188
0.9976347
0.9743446
0.990642
0.9959428
0.9957401
0.997678
0.9965714
0.9977227
0.9895407
0.9951034
0.9954212
0.9952091
0.9923445
0.9954002
0.9941938
0.996892
0.9983914
0.997151
0.9907168
0.9946329
0.9958468