0.998806
0.9955224
0.9951589
0.9967647
0.9939541
0.99485
0.9964809
0.9984709
0.9953242
0.9993669
0.9967949
0.9984088
0.9982744
0.9982971
0.9985128
0.9960856
0.9961765
0.9958606
0.9961478
0.998242
0.9974569
0.9982928
0.9968146
0.9977724
0.9980573
0.9968592
0.9982322
0.9952428
0.9991013
0.9957511
0.9977998
0.9963355
0.9994521
0.9985036
0.9977211
0.9982824
0.9984825
1.
0.9971014
0.99737
0.9961933
0.9949284
0.9958008
0.9957933
0.9957511
0.9963077
0.9965015
0.9932193
0.9976969
0.9973623
0.9973988
0.9966298
0.9966126
0.9983605
0.9981668
0.999158
0.9950662
0.9945125
0.9958274
0.9977984
0.9971977
0.9984588
0.9972071
0.9960063
0.9963566
0.9942795
0.9946505
0.9973882
0.996834
0.9953189
0.9965904
0.9949062
0.9945613
0.9959589
0.9965363
0.9954908
0.9955215
0.9970769
0.9975915
0.9948586
0.9952998
0.9969259
0.9945043
0.9982418
0.9975377
0.9960745
0.9971428
0.9975462
0.9974549
0.9953705
0.9982603
0.9985734
0.9952189
0.9967253
0.9990109
0.9980999
0.9970947
0.9974414
0.9972367
0.9951603
0.9888567
0.9907898
0.9916401
0.9941404
0.9954104
0.9947166
0.9878828
0.9922917
0.9947001
0.9948882
0.9936858
0.8632959
0.894399
0.8842964
0.8196475
0.9619832
0.9663226
0.966913
0.966298
0.9929554
0.9166884
0.8496853
0.9224678
0.8709858
0.873497
0.9106183
0.8362011
0.961444
0.9882492
0.9902681
0.9934682
0.9939191
0.9965222
0.9881747
0.9882601
0.9932399
0.9937521
0.9962569
0.9980799
0.9941771
0.9931224
0.9916201
0.9934679
0.9926067
0.9921014
0.9934494
0.9927299
0.9933174
0.8684758
0.9935165
0.9901591
0.9974766
0.8953611
0.8609034
0.9924918
0.9899591
0.9926026
0.9732165
0.9482713
0.9146654
0.8784176
0.8494022
0.8954057
0.9536782
0.95594
0.9858138
0.9831277
0.9020381
0.9327374
0.9929589
0.995864
0.9837962
0.9825504
0.967272
0.9565038
0.9437012
0.9628289
0.9910747
0.9965867
0.9905495
0.96896
0.9549252
0.9767931
0.8515804
0.9294679
0.9521849
0.8893582
0.9179665
0.9551408
0.9706099
0.8513828
0.8446802
0.9704036
0.9527797
0.9989752
0.800061
0.9943126
0.9002741
0.9940793
0.9932639
0.9892202
0.9894967
0.9900558
0.99179
0.9933156
0.9929835
0.9890387
0.9915926
0.9924438
0.9932354
0.9914056
0.8387105
0.9339618
0.8575426
0.8065086
0.9333611
0.9371278
0.9371505
0.9360345
0.9914016
0.8925218
0.8304816
0.9021
0.8476475
0.8430117
0.8574248
0.8180411
0.9413467
0.9863668
0.9881952
0.9928245
0.9940323
0.9957134
0.9848482
0.9863134
0.9916714
0.9927917
0.994386
0.9984227
0.9920656
0.9917148
0.9906906
0.9916044
0.9918375
0.9909535
0.99282
0.9907037
0.9925496
0.8341953
0.991363
0.9889704
0.9961911
0.9015312
0.8321506
0.991769
0.9870346
0.9901218
0.9548238
0.9014158
0.8709982
0.8152334
0.822497
0.8285532
0.9095918
0.9307032
0.9686195
0.9749502
0.8691192
0.9041459
0.9909753
0.9952172
0.9763898
0.9761689
0.9400274
0.9208251
0.8942742
0.9219353
0.990409
0.9955565
0.9875062
0.9475693
0.9322448
0.9612797
0.8491366
0.9030027
0.9303977
0.8922177
0.8846145
0.9191892
0.9485812
0.816562
0.8384184
0.9493139
0.9253968
0.9987533
0.8086137
0.9910954
0.8846052
0.9932102
0.9911902
0.992654
0.9584062
0.9683618
0.965946
0.9874429
0.9901141
0.9632466
0.9902261
0.9601355
0.9856356
0.9372557
0.9910324
0.9937126
0.9904423
0.9917338
0.9868978
0.9874455
0.9879603
0.9875894
0.9348682
0.9883778
0.991022
0.9895189
0.991685
0.9907016
0.9884942
0.9910446
0.98699
0.9946999
0.9944807
0.9953241
0.9957207
0.9968487
0.9935202
0.9924338
0.9944706
0.9965353
0.9979482
0.9952409
0.9301913
0.9345647
0.9517201
0.9584714
0.9618677
0.9585625
0.9868928
0.9330716
0.9914227
0.9904873
0.9392752
0.9961411
0.9945759
0.9912012
0.99264
0.9882962
0.9927536
0.9889655
0.9860768
0.9871471
0.9906972
0.9896259
0.9912748
0.9887165
0.9878228
0.9884409
0.9837113
0.9863043
0.9896485
0.9870055
0.8983154
0.992795
0.9864982
0.9858252
0.9859939
0.9886065
0.9863476
0.9872888
0.9373164
0.9948199
0.9846774
0.9852533
0.9893118
0.9869135
0.9913207
0.9877132
0.9889712
0.9905572
0.9891547
0.9893303
0.9868446
0.9904403
0.9912891
0.9878554
0.9884514
0.9993342
0.9913316
0.9912947
0.9905446
0.987098
0.9527187
0.9860581
0.9862805
0.9888846
0.985825
0.9883187
0.9886843
0.9881445
0.9876113
0.9864944
0.9845177
0.9853383
0.9920821
0.9951852
0.9921304
0.9934953
0.9869616
0.9869869
0.9855136
0.9878242
0.9873752
0.9898001
0.992092
0.9897066
0.9926555
0.990378
0.9889881
0.992063
0.9869773
0.9943521
0.9959657
0.9946386
0.9940828
0.9970822
0.9950053
0.9936639
0.9923459
0.9956284
0.997148
0.9960914
0.9776006
0.982612
0.9859048
0.9842942
0.9883499
0.9876923
0.9873835
0.9843809
0.9873656
0.9908348
0.9864253
0.9927577
0.9922655
0.99131
0.9922733
0.9897703
0.9934366
0.9916912
0.9845999
0.9870013
0.9904513
0.9898603
0.9918974
0.9892168
0.987655
0.9890516
0.982694
0.9863298
0.9902803
0.98846
0.9845487
0.9952452
0.9860306
0.9855761
0.9858669
0.9888894
0.9857342
0.9864594
0.989683
0.9955202
0.9899903
0.9847813
0.9888242
0.9854958
0.9923217
0.9887459
0.989188
0.9902519
0.9895966
0.9907951
0.987623
0.9916673
0.9915995
0.9867224
0.9882227
0.9996628
0.9920093
0.9931099
0.9911365
0.9870004
0.9863619
0.995867
0.9911471
0.9926038
0.9914115
0.9933762
0.9948883
0.9914291
0.9921531
0.9934363
0.9949278
0.9944486
0.9888594
0.9934133
0.9889624
0.9886502
0.9922043
0.9906068
0.9899415
0.9901444
0.9910481
0.9902228
0.987872
0.9908989
0.9897501
0.9888668
0.9888912
0.9888079
0.9912633
0.9948542
0.9948143
0.9938232
0.9945848
0.9963187
0.9918454
0.9946499
0.9928161
0.9954447
0.9979466
0.9988134
0.9906925
0.9931252
0.9938051
0.9918807
0.9907267
0.9948796
0.9948335
0.9951914
0.9947936
0.9894414
0.9910515
0.9828614
0.9972933
0.9918828
0.9906509
0.9959992
0.9813016
0.9926091
0.9916318
0.9904318
0.9895096
0.9896924
0.988582
0.9890751
0.9915487
0.9913549
0.992349
0.9918154
0.9902196
0.9911
0.992759
0.9975254
0.9918328
0.992449
0.9911114
0.9913891
0.9904908
0.9907462
0.9925678
0.9967972
0.9911817
0.9895865
0.9903837
0.9921408
0.9897053
0.9906258
0.9925035
0.9909388
0.9897627
0.9899421
0.99152
0.9889874
0.9882138
0.9917508
0.9904477
1.
0.9907918
0.9940861
0.9909266
0.9944529
0.9943214
0.9964245
0.9934074
0.9920122
0.9927116
0.9962171
0.9958294
0.9932898
0.9944498
0.9963342
0.9911678
0.9946227
0.9893622
0.9927359
0.9893295
0.9884894
0.9894401
0.9901604
0.9890094
0.9906807
0.9930983
0.9895038
0.9896745
0.9905759
0.9903827
0.9890541
0.9891826
0.9898798
0.989404
0.994216
0.9942982
0.9948805
0.9952521
0.9981569
0.9932014
0.9947982
0.9969262
0.996524
0.9981982
0.9976155
0.9959169
0.9949814
0.9939804
0.9939566
0.9935691
0.992186
0.9940499
0.9942486
0.9953436
0.9880165
0.9927252
0.9899889
0.9938088
0.9917613
0.989678
0.9934916
0.9899818
0.9920731
0.9899107
0.9896235
0.9886976
0.9896692
0.9892124
0.9887828
0.9895634
0.9897343
0.9879242
0.9899423
0.9901026
0.9900097
0.9927428
0.9947735
0.9904162
0.990334
0.9876635
0.9895474
0.9893716
0.9895474
0.9946107
0.9948007
0.9906782
0.9904571
0.9898438
0.9915453
0.9907155
0.9891543
0.9895954
0.9908768
0.9887221
0.989911
0.9894556
0.9901277
0.9905133
0.9894966
0.9890415
1.
0.9901019
0.995747
0.9897467
0.9932821
0.9946899
0.9945345
0.9939782
0.9931637
0.9912067
0.9935545
0.9956406
0.9944165
0.9946442
0.9938128
0.9911713
0.9916341
0.9898431
0.9934829
0.9895521
0.9907661
0.9883469
0.9880114
0.9883732
0.986895
0.9934762
0.9900275
0.9903716
0.9905025
0.9905277
0.9894557
0.9893212
0.9906848
0.9895051
0.99516
0.993794
0.9957392
0.9972936
0.9955145
0.994115
0.9935311
0.9948686
0.9936847
0.9963918
0.9976169
0.9933036
0.9938616
0.9934149
0.9905285
0.9937618
0.9941053
0.9950163
0.9929434
0.9944092
0.9899438
0.9925401
0.9909276
0.995304
0.9938636
0.9898727
0.9940715
0.9916379
0.9932897
0.9914117
0.9884997
0.9885791
0.9902995
0.9914356
0.9889285
0.9879186
0.9897888
0.9898469
0.9899968
0.9891644
0.9902757
0.9940554
0.9965235
0.9898734
0.9902808
0.9887223
0.9896378
0.9889767
0.9893221
0.9927415
0.9960455
0.9924619
0.989132
0.9901915
0.9905978
0.9922017
0.9895291
0.9918477
0.9929319
0.9897604
0.9868956
0.9900809
0.9892471
0.9908094
0.99036
0.9894203
0.9996658
0.9922345
0.9914609
0.9910061
0.9954049
0.9910578
0.9908636
0.9890941
0.9890805
0.9908213
0.9904282
0.9911399
0.9892546
0.9908431
0.9910301
0.9921606
0.989518
0.9146716
0.9683449
0.9107943
0.9112656
0.9175452
0.9286547
0.9313186
0.9270767
0.9904243
0.9144201
0.9102896
0.9151168
0.8920708
0.9032649
0.8980866
0.8941093
0.9356658
0.9853221
0.9875745
0.9915132
0.9934026
0.9957947
0.9845795
0.9862235
0.9922498
0.9936097
0.9944487
0.9977401
0.9901994
0.9914805
0.9898678
0.989776
0.9908319
0.9902228
0.9906107
0.9903735
0.9901379
0.9028622
0.9898542
0.9884976
0.9953866
0.9242053
0.9035419
0.9908728
0.9885006
0.9876647
0.9415794
0.8989708
0.9012188
0.8734648
0.9108017
0.8757155
0.8866553
0.916615
0.9471405
0.9608511
0.9007599
0.909437
0.989144
0.9942078
0.9617207
0.9636885
0.9263384
0.9034685
0.8995221
0.8992672
0.9901994
0.995826
0.9858496
0.9403622
0.926734
0.9418366
0.9209713
0.9092818
0.9228312
0.9216161
0.9009925
0.913253
0.9259007
0.9024394
0.914917
0.927603
0.9149874
0.9987986
0.9081144
0.9896634
0.9119579
0.9923266
0.9899688
0.9881164
0.9891677
0.9892893
0.9868704
0.9864904
0.9868919
0.9905221
0.987579
0.9868857
0.9855069
0.9869085
0.9676918
0.9876511
0.9572166
0.9695072
0.8460979
0.8854104
0.8848319
0.8889022
0.9875189
0.9161749
0.9545069
0.9146826
0.9481353
0.9397642
0.8957382
0.9486419
0.8834756
0.9852042
0.9867078
0.9921398
0.993011
0.9957117
0.9853964
0.9859454
0.9906101
0.9941016
0.9952259
0.9959663
0.9841249
0.9860413
0.9890883
0.9860116
0.9874664
0.9876441
0.9854647
0.986935
0.9865217
0.9285907
0.9855801
0.9899997
0.9905619
0.9215749
0.9602225
0.9877961
0.9908775
0.9811699
0.8629106
0.8381876
0.9346828
0.8716065
0.9638497
0.8859609
0.8141458
0.8696523
0.8336375
0.9108911
0.914882
0.9021696
0.986717
0.9921605
0.9111905
0.9092121
0.8349847
0.8563653
0.8145287
0.8235854
0.9878453
0.9920546
0.9807697
0.8794374
0.8996837
0.8845941
0.9650642
0.9048442
0.8651041
0.9240527
0.8982601
0.9162996
0.8207971
0.9551888
0.9536393
0.824
0.8658897
0.9989911
0.9566384
0.9835114
0.920303
0.9850323
0.9879717
0.9892276
0.9897659
0.9899216
0.9908508
0.9923083
0.9912457
0.9886203
0.9910918
0.9918499
0.9921136
0.9908951
0.8086503
0.9391211
0.8198497
0.7990828
0.9022914
0.8993241
0.8989926
0.8957743
0.9906086
0.8655046
0.8055173
0.8682612
0.8304611
0.8005274
0.7955563
0.7866769
0.9056212
0.9856239
0.9879565
0.9925555
0.9932866
0.9956001
0.9853917
0.9856843
0.9919382
0.9920961
0.9952674
0.9981577
0.9911284
0.9906847
0.9903785
0.9905863
0.9908121
0.9904743
0.9921954
0.9905016
0.9908846
0.777657
0.9906423
0.9889692
0.9959281
0.8668895
0.8270538
0.9903713
0.9880374
0.9886206
0.9212419
0.8225241
0.8336032
0.6204858
0.7926489
0.685334
0.819116
0.9005766
0.9565112
0.9629627
0.8366324
0.8735208
0.9909864
0.9960027
0.9643008
0.9660668
0.9168489
0.8881746
0.8030495
0.8502727
0.9900734
0.9956011
0.9878425
0.9154715
0.9064006
0.942814
0.8463953
0.8711179
0.9105393
0.8587193
0.846602
0.8866018
0.9202305
0.7976502
0.7882533
0.9224032
0.8978249
0.9988247
0.7896109
0.9913307
0.8620416
0.9925132
0.9908775
0.9896128
0.9626548
0.9749373
0.9615902
0.9887939
0.9895417
0.9626651
0.9875144
0.9536889
0.9840426
0.933111
0.9930199
0.9947543
0.991942
0.9935021
0.9855438
0.9870743
0.985257
0.9877378
0.9392752
0.989784
0.9926254
0.9896676
0.992434
0.9911226
0.9880967
0.9930488
0.9866118
0.9948582
0.9926298
0.996818
0.9943643
0.9955322
0.9912426
0.9925949
0.99509
0.9926119
0.9984627
0.9937481
0.8840222
0.9377203
0.9610767
0.9566576
0.9600623
0.950544
0.987093
0.9469404
0.9863245
0.9909908
0.9277514
0.992441
0.9943308
0.9906077
0.9935766
0.9877183
0.9922087
0.9880973
0.983346
0.9870713
0.9899147
0.9894628
0.9915786
0.9889107
0.9868791
0.9886038
0.9820467
0.9862519
0.991043
0.9865521
0.9120417
0.9907937
0.9870466
0.985444
0.9838095
0.9877286
0.9855638
0.9849899
0.9300079
0.9953179
0.9866431
0.9830589
0.9889334
0.9845602
0.9925207
0.9877674
0.9879129
0.9892028
0.9882747
0.9879917
0.9852314
0.9922441
0.9921515
0.9856443
0.9874776
0.9986684
0.9933362
0.98623
0.9898335
0.9904068
0.9625439
0.9934025
0.9625824
0.9727062
0.9619158
0.9885801
0.9925926
0.9728395
0.9884638
0.9577831
0.9860126
0.8424307
0.9917359
0.9930381
0.9910064
0.991654
0.9864098
0.9865501
0.9873445
0.9883011
0.8575354
0.9891201
0.9918346
0.9895169
0.9915678
0.9905316
0.9885445
0.9911546
0.9858498
0.9935938
0.9936306
0.9959574
0.9954863
0.9973698
0.9948772
0.9963842
0.9963145
0.9947849
0.995362
0.9946301
0.9279636
0.929193
0.9581712
0.9644729
0.9688407
0.9631878
0.9886298
0.9500967
0.9876289
0.9897767
0.728961
0.9931709
0.9943168
0.9888479
0.992666
0.9876947
0.9934735
0.9905189
0.9856056
0.9880704
0.9890803
0.9893581
0.9915299
0.9890261
0.9873879
0.9888173
0.9853674
0.9858137
0.9901042
0.9880698
0.9288538
0.9917767
0.9864923
0.9840112
0.9859908
0.9879287
0.9864016
0.9870324
0.9124674
0.9958025
0.9874376
0.9855913
0.9870293
0.9881424
0.9926761
0.9892632
0.9876802
0.9891111
0.9881139
0.9891328
0.9870329
0.9911038
0.9910377
0.9866777
0.987691
0.9996663
0.9927731
0.9890314
0.9901594
0.9886386
0.9608457
0.9897823
0.9892607
0.9893963
0.9886466
0.989724
0.9889363
0.9897552
0.9895255
0.9896229
0.9894298
0.9890456
0.8780772
0.9651868
0.8663347
0.8842185
0.8449954
0.8432475
0.8442735
0.8437733
0.9886786
0.8648084
0.86746
0.8564845
0.8757298
0.8427223
0.7978256
0.8549832
0.8540451
0.9854349
0.9872433
0.9922246
0.9929915
0.9954685
0.984082
0.9853225
0.9913917
0.9927982
0.9953015
0.9974416
0.9887236
0.9891516
0.9895946
0.9891651
0.9894669
0.9891562
0.9893546
0.9889511
0.98922
0.8202523
0.988767
0.9892425
0.9943651
0.8820785
0.8814498
0.9894628
0.9891106
0.9865379
0.8580423
0.7137201
0.8468538
0.5811888
0.8662957
0.6596762
0.6496742
0.8600385
0.9024958
0.9339249
0.8425479
0.8593128
0.9891017
0.9947411
0.9350208
0.9353183
0.8607554
0.8265726
0.6675106
0.7240831
0.9891707
0.9947418
0.9856101
0.8688291
0.8824499
0.9023326
0.90046
0.8594184
0.8695502
0.8815395
0.8361203
0.862271
0.8544569
0.870043
0.8592168
0.856629
0.8538739
0.9988793
0.8737911
0.9889896
0.8723727
0.989399
0.989925
0.993563
0.8749736
0.9098225
0.9637416
0.9918048
0.9917892
0.9270626
0.9833042
0.9204664
0.9867484
0.9613759
0.9890286
0.9925024
0.9891522
0.989454
0.9894101
0.9886989
0.9895922
0.989229
0.9555512
0.9903251
0.9896704
0.989486
0.9903202
0.9904426
0.9891795
0.990122
0.9882162
0.9943583
0.9917383
0.9974375
0.9952338
0.9946921
0.9939458
0.9930336
0.9936043
0.9965111
0.996374
0.9967016
0.9520016
0.9616644
0.9109295
0.9227024
0.9000415
0.9200983
0.9860248
0.9696854
0.9906139
0.987844
0.9660008
0.991645
0.9947826
0.9895262
0.9894511
0.986463
0.9939945
0.9923981
0.9884827
0.9888763
0.9892645
0.9899424
0.9895833
0.9891884
0.9893561
0.9911327
0.9888984
0.9910558
0.9900301
0.989048
0.9556803
0.9952536
0.9893181
0.9894561
0.9885494
0.990397
0.9896878
0.9894744
0.9560588
0.9957774
0.9870613
0.9882778
0.9911947
0.9888863
0.9896324
0.9897643
0.9901046
0.9903423
0.990477
0.9896833
0.9895867
0.9890037
0.9898265
0.989631
0.9896039
1.
0.9902452
0.9908667
0.989111
0.9868217
0.9229515
0.9545725
0.9906346
0.9880193
0.9889922
0.9892059
0.9719112
0.9918791
0.9393134
0.9883858
0.964089
0.9875307
0.9902314
0.9922515
0.98998
0.9916127
0.9886593
0.9885623
0.9887474
0.98934
0.9816759
0.9893201
0.9915093
0.9906848
0.9908283
0.9904967
0.9889115
0.9900896
0.9890348
0.9922493
0.9925297
0.9937229
0.9947223
0.9946265
0.9946695
0.993143
0.995635
0.9962547
0.9963303
0.9969605
0.9873106
0.9867273
0.9852151
0.9911844
0.98455
0.9891662
0.9685259
0.9892473
0.9901496
0.9897073
0.9847822
0.9927048
0.9947223
0.9906451
0.9917119
0.9488062
0.9933896
0.991459
0.9886604
0.9891732
0.989967
0.9901911
0.990182
0.9895909
0.9887665
0.9886065
0.985921
0.9892645
0.9901114
0.9897271
0.988084
0.9949444
0.9896194
0.9887756
0.9869155
0.9885416
0.9885512
0.9888603
0.9901794
0.9944654
0.98927
0.9895364
0.9901083
0.9894228
0.9919011
0.9904737
0.9902347
0.9918021
0.9910079
0.9893073
0.9888928
0.9894453
0.9907048
0.9885845
0.9895371
0.9976036
0.9917076
0.9902182
0.9902778
0.9669059
0.9884125
0.9912178
0.9067117
0.8778676
0.9750932
0.991173
0.9913539
0.9396639
0.9912802
0.9165591
0.9884123
0.9712385
0.991144
0.9943067
0.9908699
0.9918524
0.9888092
0.9889808
0.9880556
0.9886968
0.9702931
0.9900928
0.9919455
0.9904391
0.9907727
0.9917849
0.9897928
0.9900898
0.9892092
0.9935795
0.9944837
0.9933599
0.9957766
0.9958632
0.9931846
0.995148
0.9957546
0.9966216
0.9965007
0.9946574
0.9558121
0.957032
0.9150272
0.9216792
0.9120253
0.8978275
0.9908567
0.9682041
0.9899575
0.9904183
0.9686823
0.9923722
0.9938065
0.9924661
0.9921881
0.9874776
0.9940176
0.9916637
0.9879961
0.9888684
0.9906341
0.9905324
0.9916369
0.9898621
0.9895342
0.991206
0.9881631
0.9884498
0.9908457
0.9901531
0.9685596
0.9924597
0.9877464
0.9895365
0.9881114
0.9902079
0.9885497
0.9889153
0.9636507
0.9963936
0.981685
0.9866637
0.9905841
0.9881023
0.9915895
0.9894024
0.990751
0.9918369
0.9900616
0.9898651
0.9893269
0.9905192
0.9926426
0.9896448
0.9888847
0.9996461
0.9919329
0.9892535
0.9906084
0.9910643
0.9246389
0.9816623
0.992919
0.9860168
0.9923932
0.9848213
0.9649051
0.9918208
0.9770185
0.9892386
0.9717632
0.9895023
0.9949941
0.9967723
0.9946272
0.9958325
0.9862016
0.9864985
0.9870757
0.9869961
0.9890582
0.9905746
0.9943818
0.9900282
0.9937701
0.9930392
0.9913213
0.9945953
0.9863529
0.9962825
0.9953011
0.9943984
0.9942803
0.9980414
0.9943785
0.9939503
0.9926677
0.994049
0.9969921
0.9939103
0.9918351
0.9916342
0.9907426
0.9881023
0.9880881
0.9916368
0.931644
0.9881231
0.9908257
0.992016
0.9916228
0.9944177
0.9929171
0.9916469
0.995248
0.9782829
0.9956587
0.9895815
0.9843211
0.9873754
0.9922636
0.9909138
0.9957137
0.9909225
0.9870193
0.987139
0.9813143
0.9815835
0.9914985
0.9893091
0.9918399
0.9947299
0.9807449
0.9806869
0.9837009
0.9869138
0.985836
0.9864214
0.9908543
0.993968
0.991675
0.984179
0.9882757
0.9852193
0.9943032
0.9899229
0.9873392
0.991852
0.990184
0.9911075
0.9849416
0.9942681
0.9941329
0.985435
0.9883499
0.9992767
0.9952807
0.9885392
0.9908407
0.9647423
0.9888468
0.9915789
0.9382666
0.9318645
0.9634099
0.9925058
0.9785282
0.9412815
0.9904688
0.9331395
0.9894485
0.9711982
0.9921246
0.9951709
0.9915325
0.9921343
0.9885315
0.9881407
0.9877898
0.9885027
0.9708663
0.9906157
0.9921563
0.9906106
0.991175
0.9914444
0.9886864
0.991431
0.9865847
0.9938398
0.9932123
0.9921943
0.9951824
0.9946251
0.9939024
0.99105
0.9947982
0.9960326
0.9952756
0.9960438
0.9560633
0.9669374
0.9294976
0.8912998
0.9077498
0.8995155
0.9880766
0.9646308
0.9888067
0.9900624
0.9686896
0.9913825
0.9952261
0.991389
0.9921819
0.9883132
0.9894912
0.9891665
0.9865706
0.9884016
0.9900857
0.9900872
0.9918899
0.9890574
0.9878884
0.9888502
0.9853664
0.9878652
0.9915064
0.9895938
0.9699596
0.9939256
0.9864953
0.9863132
0.9858232
0.9884061
0.9872077
0.9879973
0.9651568
0.9972396
0.9884459
0.9870421
0.9879537
0.9870724
0.9924069
0.9904467
0.9894907
0.9912721
0.9908275
0.9900047
0.9874183
0.9914931
0.9917737
0.9871845
0.9893745
0.9986315
0.991928
0.9904063
0.991428
0.9892704
0.9141613
0.9795122
0.9872464
0.98832
0.9887146
0.9904947
0.7380952
0.9937322
0.971651
0.9870878
0.965496
0.9899354
0.992873
0.9956059
0.9935157
0.9945222
0.9869611
0.986439
0.9864977
0.9870346
0.9902746
0.9902472
0.9935617
0.9901073
0.9934461
0.9919006
0.9893712
0.9929635
0.9859377
0.9944409
0.9955692
0.9936681
0.9925737
0.996748
0.9944828
0.9956779
0.9960193
0.995775
0.9957593
0.9981561
0.9872137
0.9877863
0.9894027
0.988577
0.9871894
0.9892788
0.9546287
0.9872405
0.984453
0.990616
0.9879633
0.9949229
0.9918534
0.9914386
0.9933898
0.9708525
0.9964964
0.9901582
0.9842621
0.9874073
0.9915504
0.9897134
0.9941454
0.9895578
0.9862637
0.9883499
0.9823214
0.9864345
0.9906065
0.9898761
0.9903023
0.9925774
0.9859155
0.9849085
0.9850779
0.9878765
0.9864516
0.9861744
0.9897202
0.9956853
0.9918394
0.9837465
0.9872073
0.9837228
0.9937884
0.9890979
0.9889343
0.9919692
0.9893522
0.9890998
0.9859525
0.9928393
0.992471
0.9855121
0.9881977
1.
0.9942456
0.9864942
0.9910901
0.977327
0.9881254
0.9912846
0.9918745
0.9925743
0.9913777
0.9912414
0.9881362
0.9949674
0.990181
0.990278
0.9925388
0.9903003
0.9926133
0.9946698
0.9926485
0.9927181
0.9839953
0.9866193
0.9853463
0.9868668
0.9934628
0.9897767
0.9927882
0.9890185
0.9919099
0.9921685
0.9886451
0.9929781
0.9845765
0.9927888
0.9937826
0.9950855
0.9972869
0.9947034
0.9950166
0.9936789
0.9940292
0.9958615
0.9963815
0.9946043
0.9895229
0.9902731
0.9922612
0.9903171
0.987612
0.9898584
0.9854567
0.9923664
0.9891121
0.9905017
0.9912051
0.9922179
0.9917931
0.9891112
0.993572
0.9892163
0.9936375
0.9899689
0.9816982
0.9865469
0.9911899
0.9892009
0.9929024
0.9894316
0.9861797
0.9884605
0.9821477
0.9842893
0.9922237
0.9877181
0.9908497
0.9955135
0.9837879
0.9825122
0.9828979
0.9874281
0.9851505
0.9854965
0.9923507
0.9947891
0.9918006
0.982274
0.985942
0.9851446
0.9948442
0.9894191
0.9872155
0.9899615
0.9886973
0.9900477
0.9839307
0.9934466
0.9920789
0.9852408
0.9869535
0.998993
0.9933076
0.9895639
0.9905658
0.9897743
0.9914237
0.9926526
0.9630346
0.9810163
0.9677173
0.9939497
0.9922201
0.9654184
0.9875072
0.9683544
0.9927692
0.9574223
0.9919387
0.9908005
0.9909341
0.9916555
0.9872802
0.9867757
0.9867572
0.9874906
0.9527864
0.9894527
0.9905663
0.9903327
0.9909062
0.9903014
0.988615
0.990665
0.9868129
0.9945423
0.9949841
0.9972417
0.9970754
0.9944708
0.9927602
0.9938602
0.9932322
0.9950108
0.9961449
0.9979228
0.9280632
0.9540806
0.9674562
0.9693169
0.975024
0.963846
0.9868903
0.9540031
0.9897254
0.98989
0.957041
0.9948473
0.9930847
0.9886116
0.9922538
0.98907
0.9947559
0.9915721
0.9860489
0.9882106
0.9904599
0.9893883
0.9906438
0.9891528
0.9880719
0.9885217
0.9844626
0.9846326
0.9907912
0.9873788
0.9517095
0.9935436
0.9848526
0.9851133
0.9863569
0.9877277
0.9863695
0.9868211
0.9451575
0.9953144
0.9863102
0.9853951
0.9901006
0.9882251
0.990941
0.9893988
0.9889995
0.9874879
0.9893349
0.9899983
0.9873629
0.9909153
0.9916747
0.9874638
0.988424
0.9973307
0.9912089
0.9890457
0.9897231
0.9890427
0.965148
0.9887647
0.9882888
0.9889236
0.98774
0.9877964
0.9872271
0.9898821
0.9888246
0.9890347
0.9866019
0.9877791
0.9513432
0.9839126
0.9417393
0.9530523
0.8760054
0.8992738
0.9001861
0.8978848
0.9883064
0.9156834
0.9402143
0.9160056
0.9331486
0.9230884
0.8922485
0.9322258
0.9012205
0.9856972
0.9869168
0.9920554
0.9926835
0.9958672
0.9843341
0.9844328
0.9914722
0.9928053
0.9954721
0.9958431
0.9856282
0.9876894
0.9881208
0.9881421
0.9879706
0.9886376
0.9875756
0.9861134
0.9870076
0.9140112
0.9874613
0.9895307
0.9925453
0.9226766
0.9441544
0.9882606
0.9893069
0.9818162
0.8947377
0.8629849
0.9224756
0.8713596
0.9474049
0.88159
0.8503657
0.8931815
0.8776531
0.9292977
0.9096119
0.9018999
0.9874095
0.992366
0.931214
0.9311745
0.87137
0.8708752
0.8520311
0.8559045
0.987775
0.9935007
0.9836428
0.8991832
0.904785
0.9040145
0.9495723
0.9030283
0.8884184
0.9249463
0.9013045
0.9134377
0.8705652
0.9405837
0.939511
0.8685492
0.8765684
0.9988197
0.9421786
0.9848438
0.917524
0.9874636
0.9890931
0.9901253
0.9575509
0.9769648
0.964554
0.9896907
0.991022
0.9699751
0.9868497
0.9476567
0.9867537
0.9370946
0.9920336
0.9922791
0.9910507
0.9916231
0.9871944
0.9882292
0.987657
0.9877036
0.9327914
0.989472
0.9916627
0.9896595
0.9923983
0.9907168
0.9885921
0.9911726
0.9859686
0.99436
0.9932683
0.9970105
0.9956916
0.9970892
0.9931859
0.9927169
0.9938144
0.9951986
0.9981912
0.9933854
0.9291385
0.9540252
0.9543137
0.9661347
0.9646829
0.9713227
0.986227
0.9455822
0.9889098
0.9902021
0.9434962
0.9940752
0.9935356
0.9899738
0.992358
0.9874469
0.991612
0.9896086
0.9860655
0.988143
0.9896456
0.9895568
0.9915723
0.9894697
0.9882741
0.9881335
0.9837319
0.9871979
0.991242
0.9891018
0.9298176
0.991984
0.9870242
0.9866775
0.9855345
0.9895889
0.9866632
0.9869859
0.9302003
0.9947813
0.9885373
0.9851555
0.988859
0.9866987
0.9919764
0.9893105
0.9897053
0.987655
0.9897114
0.9912699
0.9865879
0.992333
0.990965
0.9867817
0.988415
0.9993275
0.9919376
0.9887976
0.9901809
0.9868268
0.9623086
0.9935885
0.9593306
0.9674908
0.9564713
0.9901122
0.9931624
0.9613759
0.9888462
0.9448723
0.9929522
0.9381605
0.9921883
0.9939309
0.9913253
0.9926425
0.9855903
0.987219
0.9871472
0.9863277
0.9426502
0.9888434
0.9909957
0.989195
0.9931214
0.9903204
0.9887859
0.9914885
0.9868349
0.9943768
0.994302
0.9959549
0.9954833
0.9952519
0.9906146
0.9916245
0.9965178
0.9952184
0.9971686
0.9991082
0.9306735
0.9379784
0.9487331
0.9583822
0.9534198
0.9639781
0.9940545
0.9301913
0.9897062
0.9907091
0.9403922
0.992609
0.9908189
0.9908716
0.9917548
0.9894373
0.9927392
0.9868444
0.9859075
0.9874115
0.9904339
0.9898549
0.9902908
0.989113
0.9879731
0.9888975
0.9848125
0.9866192
0.990949
0.9893732
0.9100604
0.9932769
0.9866544
0.98516
0.9859338
0.9888063
0.9869306
0.985968
0.9355092
0.9950544
0.9872683
0.9841662
0.9886758
0.9869476
0.9918865
0.9888613
0.9887962
0.9902893
0.9893551
0.9886577
0.9857467
0.9918625
0.9911734
0.9870126
0.9891508
0.9983278
0.9928459
0.9895891
0.9906512
0.9919339
0.9577603
0.9934653
0.8918919
0.9078699
0.9619608
0.9901163
0.9873442
0.9276329
0.9866405
0.9216473
0.9875552
0.9515748
0.9896408
0.9942606
0.9899719
0.9906118
0.9885223
0.9888753
0.987977
0.9891344
0.9556825
0.9901939
0.9903491
0.9886233
0.9907617
0.9907433
0.9897182
0.9899254
0.9895046
0.9926891
0.9942049
0.9967398
0.994217
0.9972966
0.9935642
0.9932682
0.9947633
0.9973398
0.9962983
0.9947692
0.9580392
0.9637073
0.9058333
0.9201073
0.9121382
0.9167536
0.9858072
0.956905
0.9877723
0.989158
0.9571372
0.9945519
0.9951874
0.9916785
0.9910947
0.9828571
0.9929773
0.9921163
0.9874681
0.9893331
0.9900782
0.9906631
0.9894233
0.9891414
0.9892389
0.9904925
0.987879
0.9884378
0.9899664
0.9885182
0.9477538
0.9915601
0.9891628
0.988318
0.9882174
0.9898853
0.9890529
0.9897169
0.9443782
0.994929
0.9862295
0.9876273
0.9899715
0.9906807
0.9919243
0.9885634
0.9907402
0.9920297
0.9897154
0.9893814
0.9890466
0.9902484
0.9903331
0.989748
0.9900418
0.9996545
0.9917255
0.9909211
0.989555
0.9838169
0.9285714
0.9912144
0.9066723
0.9223342
0.9628747
0.9921584
0.9913505
0.9396395
0.9854437
0.8457483
0.9844835
0.9577632
0.9930888
0.9952092
0.9922509
0.9938363
0.9870173
0.9867919
0.9875377
0.9872375
0.9592202
0.9905895
0.9928332
0.9910817
0.9927411
0.9917003
0.9894636
0.9927305
0.9865505
0.9924449
0.9941349
0.995137
0.9950669
0.9919668
0.9931825
0.9946585
0.9940438
0.9968461
0.9946033
0.9959171
0.9414614
0.9638197
0.8877442
0.9218717
0.9176989
0.9106763
0.9841873
0.9479479
0.9874104
0.9914087
0.9561229
0.9935213
0.9948414
0.991363
0.9936825
0.9852531
0.9938272
0.9907654
0.9853716
0.9875116
0.9912049
0.9904581
0.9931569
0.9903757
0.9876144
0.9890641
0.9833562
0.9852468
0.9913265
0.9883632
0.9478644
0.9911435
0.9850917
0.9852989
0.9856426
0.9878368
0.9871714
0.9868447
0.9591108
0.995356
0.9869097
0.9847203
0.9894416
0.9863383
0.9929848
0.9902869
0.9885695
0.9915118
0.9899707
0.9901442
0.9865605
0.992995
0.9926877
0.9865856
0.9892369
0.9985821
0.9934046
0.9909927
0.990443
0.9856201
0.9111535
0.9705121
0.9888694
0.9893701
0.9881852
0.9869951
0.9717435
0.9919122
0.9614207
0.9772543
0.9017443
0.9843478
0.9949009
0.9963362
0.9949779
0.9959166
0.9862733
0.9860188
0.9859333
0.9860475
0.9840777
0.9902028
0.993959
0.9911559
0.993867
0.9925849
0.9892211
0.9948913
0.9845413
0.9948685
0.9944818
0.9955811
0.9948308
0.9944736
0.9958275
0.9944957
0.9944716
0.9954884
0.996769
0.9946541
0.9868624
0.9868548
0.9821253
0.9824527
0.9852362
0.9845361
0.9596146
0.9888397
0.9850514
0.9915954
0.9846751
0.994862
0.9911986
0.9910646
0.9953658
0.9618756
0.9958932
0.9927331
0.9840407
0.9861896
0.991918
0.9907102
0.9948124
0.990395
0.9855567
0.9863678
0.9791888
0.9847021
0.9909599
0.9900993
0.9862828
0.9919313
0.9840376
0.9846908
0.9829929
0.9869307
0.9849033
0.9851224
0.9872538
0.9963918
0.9894215
0.9840329
0.9878832
0.9852533
0.994661
0.9900188
0.9865234
0.991246
0.9904001
0.9903399
0.9835032
0.9939441
0.9931649
0.9845833
0.9856158
0.9989369
0.9948234
0.9911861
0.9908826
0.950403
0.9875789
0.9631336
0.9896747
0.9853986
0.9876161
0.9856186
0.9670352
0.9862722
0.9520872
0.9873519
0.9666044
0.9886647
0.991727
0.9921207
0.9900309
0.9923504
0.9898824
0.9888335
0.9885739
0.9890686
0.9872439
0.9902049
0.9916103
0.9915775
0.9909483
0.990689
0.989517
0.9917264
0.9893118
0.9929397
0.9939697
0.9955889
0.9953118
0.9942085
0.9930351
0.9933635
0.995334
0.9945909
0.9956966
0.9940364
0.9884438
0.9866795
0.9886984
0.9830809
0.9808527
0.9865666
0.9695925
0.9880792
0.98409
0.9906251
0.9895914
0.9948698
0.9951107
0.9907084
0.9917458
0.8651535
0.9947751
0.9884465
0.9885486
0.9896536
0.9895391
0.9904365
0.9912631
0.9893194
0.9895241
0.9894737
0.9878892
0.9886157
0.990824
0.9905011
0.9864995
0.9929943
0.9875299
0.9877294
0.9880294
0.9893076
0.9891115
0.9888172
0.9896114
0.9940706
0.9892686
0.988771
0.9898251
0.989024
0.9916228
0.9901818
0.9915535
0.9902728
0.9901307
0.9887749
0.9888369
0.9913074
0.9912322
0.9889468
0.9883162
0.9992935
0.9918358
0.9917782
0.9897576
0.9696172
0.9831949
0.9920834
0.898273
0.9189246
0.967723
0.9887072
0.9869064
0.9334409
0.9879921
0.9290825
0.9869004
0.9559489
0.9897885
0.9926745
0.9894237
0.9888499
0.9892061
0.9893414
0.9891755
0.9895978
0.957388
0.98972
0.989984
0.9890897
0.9896261
0.990972
0.9892136
0.9903251
0.989601
0.9904169
0.9924658
0.9956322
0.9953607
0.9961936
0.9941655
0.9953488
0.9947446
0.9973298
0.995214
0.9950526
0.9609651
0.9609421
0.9190584
0.9287035
0.9281745
0.9285714
0.9841521
0.9575805
0.9898623
0.9894169
0.9499503
0.9941554
0.9964431
0.9921801
0.9893119
0.9807845
0.9933284
0.9904963
0.9891942
0.9893814
0.9896932
0.9904693
0.9894896
0.9894404
0.9896914
0.9911099
0.9902731
0.9889126
0.990444
0.9895003
0.9564875
0.9922998
0.9894817
0.987101
0.9887423
0.990399
0.989688
0.9898557
0.9552268
0.9969504
0.988353
0.9890119
0.9897761
0.9903169
0.9910953
0.9897651
0.9912502
0.9919374
0.9905017
0.9888729
0.9896415
0.9881412
0.9898273
0.9903015
0.990848
0.9996524
0.9899268
0.9901253
0.9900723
0.9847676
0.9256575
0.9708292
0.9888345
0.9863339
0.9855863
0.9877543
0.96875
0.9903269
0.949679
0.9862682
0.9627615
0.9878308
0.9919244
0.9924852
0.9910389
0.9920841
0.9888807
0.9889759
0.9883458
0.9899007
0.9858059
0.990392
0.9909317
0.9906576
0.9913191
0.9903673
0.9891142
0.9920575
0.9884965
0.9955013
0.9937705
0.9953426
0.9952852
0.9975097
0.992383
0.9925191
0.9940235
0.9959267
0.9972973
0.9943092
0.9842627
0.9874031
0.9828706
0.9842053
0.9839858
0.9861001
0.9641687
0.9899749
0.9873713
0.9900032
0.9867961
0.9944625
0.9937775
0.9924919
0.9920733
0.9001083
0.9953166
0.9914576
0.9889539
0.9892963
0.9913919
0.9902716
0.9913052
0.9899477
0.9890556
0.9897112
0.9874027
0.9888716
0.9910025
0.9906816
0.9848632
0.993476
0.9891671
0.9877134
0.9870968
0.9892567
0.9891747
0.9884736
0.9860357
0.9974147
0.9907315
0.9898701
0.990452
0.9886539
0.9926325
0.9904168
0.9918909
0.9910646
0.9906452
0.9898321
0.988775
0.9909209
0.99223
0.9880698
0.9885261
0.9975018
0.9922734
0.9917403
0.9892825
0.9663128
0.9819014
0.9899561
0.9897954
0.9909976
0.9915738
0.9945726
0.9926713
0.9882459
0.9919431
0.9926087
0.9942963
0.9921828
0.8150248
0.9124315
0.8464107
0.7879561
0.9512342
0.9512654
0.9477925
0.9465236
0.9915754
0.9105671
0.8324913
0.9108847
0.8640253
0.8540954
0.8929637
0.8199756
0.9488956
0.9867143
0.9882441
0.9935351
0.9942031
0.9959808
0.9860536
0.9869263
0.9925325
0.9924134
0.9958938
0.9985137
0.9931532
0.9919715
0.9909611
0.9922122
0.9922575
0.9916936
0.993614
0.991371
0.9919691
0.8526228
0.991599
0.988212
0.9968589
0.90905
0.8447656
0.991618
0.9875858
0.9922588
0.9643882
0.9248471
0.88696
0.8491755
0.799836
0.8491164
0.9324814
0.9503712
0.9822903
0.9784834
0.8922728
0.923466
0.9908352
0.9957893
0.9788857
0.9805606
0.96213
0.9445507
0.9259274
0.9451029
0.9906719
0.996266
0.9898515
0.9584305
0.9424877
0.97251
0.8478087
0.9243349
0.9488077
0.9039186
0.9066337
0.9351333
0.9636076
0.8182426
0.8326997
0.9644931
0.9496714
0.9992023
0.8080341
0.9942882
0.8954683
0.9949815
0.9916263
0.9900233
0.9904384
0.9912047
0.9912962
0.9942509
0.9930915
0.9882426
0.9920194
0.9928578
0.9946631
0.9917377
0.8176699
0.9104859
0.8484571
0.7923228
0.9528117
0.9522435
0.9509449
0.9489431
0.9918054
0.909548
0.8347835
0.9123907
0.8682522
0.8561191
0.8953302
0.822468
0.9502906
0.9873159
0.9883848
0.9932381
0.9939819
0.9960819
0.9866738
0.9874418
0.9933169
0.9916988
0.9956182
0.9986496
0.9928693
0.9915415
0.9916505
0.9927343
0.9916935
0.9917596
0.994097
0.9913993
0.9921911
0.854169
0.991685
0.9894452
0.9966013
0.9109344
0.8442047
0.992214
0.9871912
0.9922036
0.9652917
0.9280799
0.8891338
0.8537161
0.8014129
0.8567738
0.9351366
0.9506827
0.9825352
0.9776311
0.8931699
0.9249578
0.9908899
0.995857
0.9785689
0.9809155
0.9637813
0.9463784
0.9284771
0.9461405
0.9905988
0.9956611
0.9907199
0.9598852
0.9451349
0.9733653
0.850676
0.9261256
0.948939
0.9034481
0.9084395
0.9374701
0.9650544
0.8210707
0.8330111
0.9648231
0.9500113
0.9990917
0.8065771
0.9940037
0.8970832
0.9941941
0.992101
0.9896018
0.9909904
0.9903117
0.991429
0.9939588
0.9927925
0.9883746
0.9923561
0.9921318
0.9941256
0.9921488
0.8202481
0.91121
0.8493495
0.7903343
0.9521196
0.9506988
0.9498473
0.9474204
0.991502
0.9101165
0.834317
0.9114884
0.8670901
0.8583624
0.8956996
0.8227253
0.949903
0.987318
0.9879929
0.993174
0.9941725
0.9959967
0.9864052
0.9877001
0.9928675
0.9930621
0.9956871
0.9985232
0.9930727
0.9915038
0.9918017
0.9924407
0.9920824
0.9918616
0.993426
0.9919347
0.9923814
0.8540293
0.9914786
0.9889853
0.9966302
0.909671
0.8462568
0.9917365
0.9871713
0.9918506
0.9640667
0.9261849
0.889817
0.8519967
0.800596
0.8544699
0.9334854
0.9504241
0.9828958
0.9778929
0.8926664
0.9238136
0.9912432
0.9956538
0.9790256
0.9802322
0.9624547
0.9469532
0.9275176
0.9458774
0.9902176
0.9955341
0.990438
0.9585134
0.9454639
0.9724249
0.8510737
0.9251391
0.9516895
0.9030615
0.9076628
0.9375619
0.9642215
0.8218683
0.8328359
0.963851
0.9488915
0.9990069
0.809239
0.9940238
0.8960918
0.9948289
0.9922217
0.9895603
0.9908943
0.9905283
0.9911413
0.994108
0.9929717
0.9884822
0.9924904
0.9923149
0.9940137
0.9919054
0.819647
0.911508
0.8489245
0.7886684
0.9514837
0.9507168
0.9498259
0.9472795
0.9914984
0.910006
0.8337245
0.9117408
0.8660261
0.8578947
0.8943824
0.8218243
0.9496977
0.9871954
0.9880305
0.9931136
0.9941308
0.9962129
0.9866129
0.9873654
0.9927134
0.992954
0.9956857
0.9986047
0.9931555
0.9917132
0.9917254
0.9924796
0.9920995
0.9920934
0.993602
0.9920471
0.9923496
0.8537856
0.9917592
0.9892084
0.9967448
0.9087787
0.8453642
0.9913515
0.9868087
0.9919154
0.9642329
0.9260199
0.8892155
0.8507179
0.8012946
0.8539263
0.9330257
0.9494924
0.9824351
0.9777774
0.8914742
0.9239432
0.9913593
0.9955797
0.9789052
0.9802183
0.9626419
0.9464723
0.9269961
0.9453035
0.9904578
0.9956547
0.9902304
0.9587153
0.9449277
0.9726563
0.8501905
0.9245784
0.9513309
0.90235
0.9068052
0.9370729
0.9635292
0.8194485
0.832842
0.9633971
0.9487691
0.9990122
0.8086485
0.9943369
0.895466
0.9948791
0.9925224
0.9895374
0.9893505
0.9915417
0.9923134
0.993406
0.9931454
0.9885828
0.9921708
0.9933897
0.9951022
0.9923192
0.8002519
0.920005
0.8368415
0.7894015
0.9539762
0.9505115
0.9499148
0.9486449
0.9909242
0.9093268
0.8286332
0.9145931
0.8637545
0.850357
0.8839757
0.8200863
0.951306
0.9869049
0.9888804
0.9938617
0.9936784
0.9960854
0.9861178
0.9873761
0.9928425
0.9927476
0.9951244
0.9986601
0.9927169
0.9919398
0.9906063
0.9919955
0.9918292
0.9924131
0.9933486
0.9914007
0.9920787
0.8474092
0.9915143
0.9883111
0.995748
0.908257
0.8426822
0.9911785
0.9870829
0.9909722
0.9650153
0.9257241
0.8842335
0.8466704
0.7316362
0.8482276
0.9368035
0.9520499
0.9821494
0.9794716
0.88937
0.9231509
0.9908566
0.9956972
0.97981
0.9811338
0.9621953
0.9454974
0.926119
0.9456893
0.9894379
0.995289
0.9896488
0.9558738
0.9452974
0.9729096
0.8502031
0.9222408
0.9517519
0.9001398
0.9059667
0.9339754
0.9660186
0.8232769
0.8216315
0.966392
0.9464769
0.9987217
0.8060221
0.9931668
0.8965492
0.9942443
0.9926276
0.9932572
0.96721
0.9764323
0.9489164
0.9899924
0.9880591
0.969324
0.9832981
0.9586974
0.9867032
0.936965
0.991718
0.9957268
0.9913333
0.9924418
0.9833742
0.985071
0.9844524
0.9850801
0.932077
0.989213
0.9918414
0.9883155
0.9920943
0.9911482
0.9877037
0.9911837
0.9854067
0.9919054
0.9953419
0.9961993
0.996645
0.9934589
0.992488
0.9942024
0.9940913
0.9952576
0.9982175
0.9934969
0.9171797
0.9581262
0.9612642
0.96869
0.9600543
0.9565388
0.9900593
0.929663
0.9873323
0.9888866
0.943301
0.9915503
0.994858
0.9896932
0.9923148
0.9887426
0.9946014
0.9907487
0.9829148
0.9860097
0.9915081
0.9889303
0.9919564
0.9886224
0.9857739
0.9864438
0.9796772
0.9830896
0.9895862
0.9881341
0.940571
0.9913495
0.9837776
0.9820107
0.9821626
0.9864043
0.9848932
0.984483
0.9386802
0.9941148
0.9834379
0.9818417
0.9862186
0.9816905
0.9926211
0.9879897
0.985856
0.989299
0.9891387
0.9901729
0.9835959
0.9910637
0.9920653
0.9825889
0.9869442
0.9996702
0.9926328
0.9872317
0.9889913
0.9871648
0.9701234
0.9906258
0.9888611
0.9886726
0.9893105
0.990503
0.9892819
0.9898348
0.9894722
0.9893691
0.9905155
0.9885963
0.9317581
0.9768613
0.9236555
0.9328356
0.9045572
0.9197513
0.9226732
0.9198005
0.9895445
0.9209517
0.9273302
0.9204371
0.911227
0.9185974
0.9055493
0.9185135
0.9311777
0.9856129
0.9870394
0.9911037
0.992485
0.9950771
0.9841257
0.9863558
0.9902134
0.9935815
0.9940721
0.9968917
0.989606
0.9897787
0.9896455
0.990074
0.9906805
0.989221
0.9899333
0.9896382
0.9899195
0.914024
0.9890239
0.9871258
0.993953
0.9398026
0.923057
0.9890081
0.9877115
0.9876739
0.9336591
0.8917264
0.9060402
0.8888513
0.9274992
0.8829344
0.871733
0.9103367
0.9339101
0.954559
0.9160711
0.9151934
0.989578
0.9938891
0.9560102
0.9554759
0.9182169
0.8940969
0.8907311
0.8859032
0.9885924
0.9949953
0.9862902
0.9322741
0.9248639
0.9348151
0.9381406
0.914139
0.9244488
0.939509
0.9083832
0.9033598
0.9123704
0.9218729
0.9317961
0.9147555
0.9091041
0.998995
0.9304043
0.9906232
0.9278481
0.9891786
0.9897476
0.988807
0.9901388
0.9914389
0.9910373
0.9921589
0.9924599
0.9884982
0.9913746
0.9920677
0.9927029
0.9906265
0.8532557
0.9322968
0.8659511
0.8453046
0.9233713
0.9376028
0.9356042
0.9362021
0.9905466
0.8922078
0.8518116
0.8941384
0.8577609
0.8510669
0.8586858
0.8363569
0.9233596
0.9859879
0.988099
0.9926437
0.9943501
0.9959048
0.9855804
0.9865545
0.9916976
0.9930324
0.9953717
0.9975608
0.9912675
0.9913048
0.9907272
0.9917459
0.9912719
0.9911907
0.9908793
0.991326
0.9923038
0.8311974
0.9907741
0.9897603
0.9951945
0.8592202
0.8677694
0.9912047
0.9891734
0.9880473
0.9378669
0.8877671
0.8880086
0.779223
0.8508432
0.8212446
0.8962883
0.918183
0.9577853
0.9661515
0.8619289
0.8970138
0.9901895
0.995327
0.9679496
0.9665626
0.9246064
0.9147202
0.8742612
0.9079159
0.9900942
0.9951558
0.9881613
0.9387059
0.9212857
0.9482668
0.8714592
0.8962121
0.9188186
0.8528189
0.8771226
0.9250221
0.9283916
0.8550661
0.8339608
0.9280944
0.9092013
0.9987536
0.8273776
0.9914788
0.8787141
0.9918469
0.9914012
0.9903683
0.9886865
0.9885292
0.990099
0.9903898
0.9891295
0.989247
0.9904611
0.9906473
0.9899139
0.9895099
0.9220168
0.9723234
0.9144771
0.9234813
0.908277
0.9236998
0.9267647
0.9232851
0.9899018
0.9144103
0.9190448
0.9179861
0.8987711
0.9106792
0.8980646
0.9060063
0.9305091
0.9850705
0.9872886
0.9905736
0.9937354
0.9960095
0.9845252
0.9876166
0.9908249
0.9924935
0.9948135
0.9972389
0.9890786
0.989648
0.9899446
0.990167
0.9906502
0.9891554
0.9893988
0.9896805
0.9899862
0.908776
0.9899024
0.9876348
0.9944875
0.9289062
0.9118856
0.9891748
0.9876116
0.9872643
0.9336471
0.8959389
0.9013703
0.8789351
0.9180596
0.8757027
0.8756616
0.9112069
0.93916
0.9571639
0.9090301
0.9105888
0.9902478
0.9942195
0.9590065
0.9584779
0.9250108
0.8965623
0.8939072
0.8920235
0.9900192
0.9946044
0.9864088
0.9339481
0.9271325
0.9399755
0.930066
0.909468
0.9246863
0.9278213
0.9031618
0.9060282
0.9175159
0.9127667
0.9227872
0.9178204
0.9090967
0.9990111
0.9201741
0.9905655
0.921473
0.9911156
0.9899884
0.9896211
0.9886945
0.989195
0.9876776
0.9881428
0.9882346
0.9898753
0.9888906
0.9886367
0.9892083
0.9873923
0.9067868
0.97566
0.8942611
0.9152977
0.8489556
0.8385192
0.8380202
0.8380589
0.9881331
0.8758807
0.8955322
0.8720667
0.9052826
0.8714197
0.8254167
0.8874814
0.8455678
0.9855942
0.9866843
0.9911077
0.9924805
0.9955426
0.9840681
0.9850102
0.9910418
0.9928859
0.9953812
0.9969226
0.986915
0.9875041
0.988602
0.9882795
0.9876379
0.9887809
0.9890956
0.9875989
0.9882359
0.8531055
0.9868929
0.9881392
0.9936636
0.9047008
0.9089268
0.9891594
0.9885219
0.9846191
0.8492689
0.7372777
0.8657308
0.707374
0.8967603
0.7241633
0.7261347
0.8702048
0.8860734
0.9229815
0.8656495
0.867359
0.9883104
0.9936517
0.9241596
0.9261054
0.8563368
0.8376031
0.7135284
0.7450345
0.9877421
0.9940152
0.9837892
0.8537014
0.8867445
0.9010279
0.9217321
0.8690198
0.8717909
0.9065654
0.8522801
0.864551
0.8549121
0.8982873
0.8932003
0.8588727
0.8630881
0.998779
0.9069544
0.9875278
0.8846255
0.9877525
0.9887411
0.9904102
0.9895658
0.9901187
0.9910169
0.9908549
0.9909371
0.9893002
0.9905021
0.9900632
0.9919733
0.9908843
0.9178263
0.9714855
0.9121987
0.9147593
0.9118369
0.9236336
0.9265727
0.923141
0.9906811
0.9170578
0.9156735
0.9204748
0.9024775
0.9105882
0.8981425
0.9015286
0.9358281
0.9856064
0.9874721
0.9917898
0.993024
0.9952934
0.9841825
0.9853624
0.9911479
0.9915957
0.9951597
0.9976218
0.9904308
0.9896971
0.9904142
0.9906343
0.9905199
0.989974
0.9915726
0.9907715
0.99068
0.9060439
0.9903154
0.988072
0.9951836
0.9337038
0.9089618
0.990588
0.9867775
0.9882041
0.9376998
0.8991968
0.9007768
0.8822944
0.9129443
0.8772264
0.8806384
0.9155596
0.943634
0.9602519
0.9073763
0.9142122
0.9907413
0.9948321
0.9615683
0.9635197
0.9283107
0.8989092
0.8976479
0.8986295
0.9909656
0.995386
0.9875966
0.9369542
0.9291315
0.9436328
0.9262127
0.9124472
0.9259983
0.9308986
0.9041451
0.9071339
0.9232769
0.9024161
0.918922
0.9237227
0.9125279
0.9987547
0.9114273
0.9905208
0.921038
0.9911217
0.991192
0.9912689
0.9899464
0.9903952
0.9912283
0.9927476
0.9915849
0.9898806
0.9916564
0.9910755
0.9915765
0.9906694
0.900978
0.9643896
0.9018679
0.893778
0.925013
0.931054
0.934159
0.9301531
0.9904744
0.9148227
0.9028032
0.91758
0.8874517
0.8983911
0.8957705
0.8790698
0.9384866
0.9858731
0.9882266
0.9923014
0.9928245
0.9956084
0.9852451
0.986038
0.9916572
0.9917044
0.9951454
0.9978662
0.9903424
0.991421
0.9908402
0.9914837
0.9918333
0.9905276
0.9916535
0.9908041
0.9907705
0.8965705
0.9911228
0.9880264
0.9953624
0.9279988
0.8916748
0.991522
0.9868664
0.9900005
0.9450686
0.9065445
0.8929575
0.87334
0.8950855
0.8692793
0.8936326
0.9229552
0.9568417
0.9650952
0.9017718
0.9145584
0.9905052
0.9947485
0.9660351
0.966697
0.9361152
0.9113283
0.9059491
0.9115067
0.9904775
0.9945015
0.9883669
0.9463736
0.9312528
0.9517701
0.9072368
0.9143068
0.9288895
0.9247768
0.903788
0.9125623
0.9351807
0.88192
0.9104393
0.935089
0.9193789
0.9988095
0.8959265
0.9920726
0.9155847
0.9919519
0.9917209
0.990358
0.9898066
0.9915728
0.993013
0.9944214
0.9940077
0.9874162
0.9928534
0.9924994
0.9942622
0.9922389
0.812722
0.9160897
0.8486305
0.7682221
0.9531875
0.9497362
0.9506827
0.9467241
0.9920281
0.8938442
0.8082593
0.9022434
0.8394859
0.83995
0.8716006
0.7894292
0.9529605
0.9882721
0.9892509
0.9939733
0.9939825
0.9960464
0.986891
0.9868748
0.9924
0.9930049
0.9951105
0.9982917
0.9931994
0.9916164
0.9912369
0.9928423
0.9925428
0.9918699
0.9941837
0.9915042
0.9931512
0.8395209
0.9927855
0.9886548
0.9965632
0.8915535
0.8135458
0.992946
0.9869031
0.9925634
0.9670873
0.9255322
0.882598
0.8251954
0.7961911
0.8421247
0.9350142
0.9500979
0.983083
0.9803594
0.8752544
0.9162424
0.9922602
0.995786
0.980858
0.9803707
0.9634417
0.9495663
0.922952
0.9459434
0.9905131
0.9963987
0.9894548
0.9566306
0.9454354
0.9732263
0.8132487
0.9153766
0.9359058
0.881271
0.8950741
0.9357044
0.9655658
0.7965096
0.8139426
0.9667068
0.9454575
0.9985641
0.783547
0.9935688
0.8717569
0.9945052
0.9917112
0.9910354
0.9896715
0.9892017
0.9895995
0.9897178
0.9903995
0.9893749
0.9901595
0.9896586
0.9904713
0.9898649
0.9279769
0.9738853
0.9188323
0.9307426
0.9094375
0.9258772
0.9262404
0.9240614
0.989374
0.9202021
0.9232019
0.9213586
0.9086668
0.9127485
0.9019166
0.9134589
0.9316501
0.9852848
0.9861219
0.9909626
0.9919709
0.9956617
0.9845447
0.985066
0.9912113
0.9912866
0.9952321
0.9975696
0.9903448
0.9901166
0.9895586
0.989638
0.9896363
0.9895695
0.9899844
0.9894093
0.9894867
0.911259
0.9889472
0.9902416
0.9951681
0.9325989
0.9177461
0.9903319
0.9886798
0.9876478
0.9343989
0.8940898
0.9053208
0.8799286
0.9245431
0.8784419
0.8754298
0.9135425
0.9385751
0.9554684
0.9122217
0.9144996
0.9881241
0.9943738
0.9569282
0.9580778
0.9200752
0.8946709
0.892126
0.891265
0.9892067
0.9952554
0.9852783
0.9343717
0.9251511
0.9371621
0.9316903
0.9144126
0.9229755
0.9304309
0.9067092
0.9104858
0.9150731
0.9168255
0.9258821
0.9178813
0.9085009
0.9989226
0.9257242
0.9889283
0.9250067
0.9911557
0.989659
0.9887188
0.9879823
0.9898535
0.9872245
0.9870368
0.9853921
0.9905172
0.9867879
0.9864636
0.9866198
0.9857933
0.9705733
0.9900315
0.9631463
0.9750681
0.8798035
0.8944616
0.8918288
0.8945355
0.9875617
0.9336951
0.9644765
0.9267544
0.9587291
0.9514547
0.9201093
0.9602897
0.8892165
0.9876948
0.9867766
0.9914425
0.9915843
0.9961125
0.9872625
0.9870258
0.9927716
0.9946924
0.9954319
0.9943915
0.9854525
0.9873807
0.9878728
0.9862279
0.986411
0.9851257
0.9860349
0.9859041
0.987597
0.9419783
0.9860419
0.9898714
0.9915001
0.932325
0.9694929
0.9877583
0.9918835
0.9824536
0.8720937
0.8723186
0.9464554
0.9058377
0.9694015
0.9132737
0.8633643
0.9024248
0.8670463
0.9140036
0.9353745
0.9234071
0.98705
0.991299
0.9135685
0.914001
0.8774385
0.8842972
0.8592673
0.8605177
0.988418
0.9920009
0.9834472
0.8833216
0.9115519
0.8978894
0.9707406
0.9221504
0.8912121
0.9365854
0.922574
0.9285714
0.8718708
0.9653244
0.9603038
0.8741833
0.8970877
0.9990889
0.9668869
0.9828941
0.937163
0.9848775
0.9865128
0.9887453
0.9889997
0.9904167
0.9877349
0.9871359
0.985228
0.9912534
0.9882022
0.9873198
0.9874317
0.9887943
0.9700191
0.9860383
0.9633928
0.9717253
0.9229245
0.9257966
0.9252654
0.9277993
0.9886325
0.9469107
0.9641363
0.9405972
0.9600412
0.9552648
0.9405725
0.9610414
0.924133
0.9878601
0.9890528
0.9921717
0.9929408
0.9961528
0.9854113
0.9863091
0.9923443
0.9933607
0.9954853
0.9974675
0.9864553
0.9875962
0.9900927
0.9880455
0.9875437
0.9873736
0.9899906
0.9889916
0.9861459
0.9520732
0.9879394
0.9905352
0.9922748
0.951236
0.9684874
0.9894016
0.9905798
0.9848879
0.9179613
0.917555
0.9509852
0.9326243
0.9677221
0.9317671
0.9074581
0.9283448
0.9216874
0.9366791
0.949229
0.9398609
0.9887398
0.9928967
0.9368569
0.9383166
0.9194457
0.9248924
0.9121891
0.9087389
0.9880445
0.9928519
0.9854341
0.9269214
0.9383328
0.9338031
0.9710541
0.9426379
0.9339412
0.9508721
0.9380099
0.9394354
0.9188929
0.9640011
0.9615345
0.9183861
0.930532
0.9992865
0.9664081
0.9858229
0.9513925
0.987647
0.9882793
0.9900526
0.9630769
0.9836564
0.9708554
0.9896226
0.9905571
0.9786317
0.9899028
0.9709918
0.9908578
0.9618523
0.9919455
0.9943957
0.9912118
0.9917929
0.9850946
0.9873071
0.9858834
0.9869836
0.9660148
0.9885261
0.9919143
0.9905624
0.9912033
0.9902662
0.9884488
0.9914077
0.9876562
0.9915993
0.9958472
0.9947202
0.9959768
0.9939948
0.9956606
0.9931045
0.9953252
0.9972067
0.9972003
0.998532
0.960381
0.9697828
0.9566899
0.9759954
0.9773333
0.977386
0.9908414
0.9578887
0.9914752
0.9890561
0.9626809
0.9910042
0.9936353
0.9904381
0.992509
0.9912548
0.9947879
0.9878133
0.9858143
0.9860742
0.9894235
0.9895023
0.991468
0.9886813
0.9870462
0.9878016
0.9833762
0.9860058
0.9904559
0.9873634
0.9639537
0.9935976
0.9860849
0.9866681
0.9847762
0.9872637
0.9864297
0.9866999
0.9579992
0.9926435
0.9883293
0.9845559
0.9882173
0.9870497
0.992339
0.9897019
0.9874653
0.9908014
0.9875597
0.9898687
0.9853806
0.9919419
0.9919531
0.9865809
0.9870276
0.9990119
0.9923409
0.9893009
0.9898968
0.9944909
0.9677731
0.9893307
0.9895237
0.9898954
0.9920446
0.9932101
0.9931876
0.9891766
0.9917686
0.9922034
0.9931652
0.9915238
0.8396466
0.9178707
0.8604538
0.8156182
0.939058
0.9438733
0.9446945
0.9424211
0.9908451
0.8957306
0.8391997
0.901049
0.8584699
0.8501153
0.8717407
0.8220817
0.9405668
0.9867272
0.9892891
0.9932311
0.9939202
0.995633
0.9849214
0.9874823
0.9923867
0.9932391
0.9954686
0.9975288
0.9921952
0.9923419
0.9908777
0.9924554
0.9914215
0.9915001
0.9923364
0.9913973
0.9918979
0.8442503
0.9912671
0.9886373
0.9952917
0.8898786
0.8480687
0.991896
0.9885547
0.9900732
0.9561653
0.9130141
0.8853132
0.819943
0.8306259
0.8362179
0.9161058
0.9342079
0.9747204
0.9734091
0.8741779
0.9066703
0.9902572
0.9960632
0.9748682
0.9744975
0.9473309
0.9352221
0.904425
0.9277536
0.9911636
0.9953129
0.9882699
0.9510713
0.9335224
0.9631772
0.8550771
0.9061923
0.9382849
0.881713
0.8908123
0.9296635
0.9506163
0.8257625
0.8360436
0.9525791
0.9318254
0.9985811
0.8187276
0.9927869
0.881798
0.9918726
0.9920087
0.9908767
0.9897871
0.9902449
0.9921879
0.9940283
0.9936893
0.9884715
0.9915438
0.9918758
0.9939749
0.9920499
0.814559
0.924082
0.8418432
0.7824475
0.938549
0.938071
0.938354
0.9343241
0.9912799
0.8943543
0.8198635
0.89801
0.8490451
0.8333547
0.8572327
0.8010135
0.9406003
0.9856047
0.9873658
0.9925077
0.9946212
0.9957428
0.9855741
0.9866005
0.9926758
0.9919355
0.9949315
0.9982148
0.9915671
0.9911921
0.9905573
0.9913404
0.991125
0.990225
0.9928098
0.9918895
0.993256
0.8316182
0.9923496
0.9895734
0.996396
0.8998988
0.8191008
0.9918124
0.9881429
0.9911188
0.9559738
0.9047965
0.8689174
0.8072298
0.8014478
0.8147486
0.9123794
0.9367301
0.9743915
0.9748913
0.8743975
0.9079267
0.9911573
0.9959781
0.9752184
0.9750578
0.9503895
0.92817
0.9001634
0.925882
0.9901209
0.9958167
0.989619
0.9475646
0.9310687
0.9637836
0.8326113
0.9061556
0.9404545
0.8934532
0.8906618
0.9195746
0.952793
0.7893867
0.8238379
0.9533869
0.9331163
0.9990838
0.7928496
0.9924961
0.8828483
0.9934876
0.9909967
0.9905704
0.98969
0.9899704
0.9924817
0.9938497
0.9937412
0.988583
0.991709
0.992151
0.993634
0.9918055
0.8133867
0.922695
0.8411373
0.7825647
0.9391104
0.9392923
0.9392561
0.9350615
0.9914433
0.8936066
0.8191184
0.8982851
0.8481425
0.8317846
0.8583685
0.7994153
0.9415057
0.9859833
0.9874879
0.99268
0.9941896
0.9957351
0.9857735
0.9868421
0.9925956
0.9916868
0.9948639
0.9977262
0.9916782
0.9912114
0.9905729
0.9914684
0.9913597
0.9900223
0.9926592
0.9911059
0.9926613
0.829562
0.9916588
0.9892052
0.9963377
0.8985608
0.8200447
0.991314
0.9883603
0.9908881
0.9561567
0.9050585
0.8701537
0.8077331
0.7999089
0.8153816
0.9132065
0.9368071
0.9740329
0.9749629
0.8745907
0.9069255
0.9909251
0.995571
0.9757114
0.9761783
0.9493145
0.928936
0.9007545
0.9254517
0.9904036
0.9956638
0.9895579
0.9480621
0.9316477
0.9636065
0.8338828
0.9058382
0.9400697
0.8921083
0.8881457
0.9203315
0.9530631
0.7890242
0.8231008
0.9530391
0.9330524
0.9990781
0.7916162
0.9926125
0.8827055
0.9929827
0.990799
0.9904084
0.9902487
0.9909573
0.9928905
0.9953391
0.9932443
0.9877564
0.9922443
0.9932989
0.9949755
0.9927346
0.7899821
0.8969433
0.837291
0.7474282
0.9591901
0.9568397
0.9583344
0.9552165
0.9917164
0.9079556
0.8097327
0.9088901
0.8530698
0.8399137
0.8873026
0.7977661
0.9545814
0.9871084
0.9892045
0.9937832
0.9950579
0.9956249
0.9869256
0.9882522
0.9931816
0.9924346
0.9959183
0.9985465
0.9927326
0.9921332
0.9916838
0.9935023
0.9920484
0.9917649
0.9940199
0.9924352
0.9923383
0.8414027
0.9930302
0.9901564
0.9967127
0.9048577
0.8265696
0.9923144
0.9872171
0.992075
0.9721704
0.9355249
0.8901189
0.8387214
0.7827496
0.843398
0.9442546
0.953603
0.9853596
0.9802391
0.8838466
0.923556
0.9913501
0.996192
0.9813175
0.9812441
0.9688021
0.9540191
0.9311592
0.9555204
0.990957
0.9951551
0.9901362
0.9638679
0.9443552
0.9769277
0.8322811
0.9228549
0.9545435
0.8910846
0.9064714
0.9431346
0.970047
0.7987387
0.8030403
0.9703209
0.9545542
0.9992312
0.7756165
0.9941376
0.8890336
0.9947805
0.992576
0.9926084
0.9916456
0.993152
0.9930769
0.9900039
0.9945259
0.9936709
0.9932886
0.9879711
0.9933374
0.9921561
0.9919048
0.9930295
0.9906746
0.991305
0.9888631
0.9873934
0.9881815
0.9873402
0.9913445
0.9909513
0.9919714
0.9905156
0.9925414
0.9911752
0.9884435
0.9925762
0.9881759
0.9908404
0.9948392
0.9953714
0.9953162
0.998079
0.992572
0.992553
0.9959763
0.9966292
0.9978552
0.9959324
0.9927175
0.9932924
0.9896907
0.9912246
0.9912144
0.9919497
0.9934705
0.9944635
0.9940488
0.9901581
0.9930902
0.9881498
0.9943401
0.99059
0.9923011
0.9962635
0.9874155
0.9902482
0.987531
0.9887559
0.9905173
0.9903477
0.9911467
0.989281
0.9886037
0.9898274
0.9848378
0.9868315
0.9917865
0.9899158
0.9925287
0.9935233
0.9877531
0.9884459
0.9863215
0.9886539
0.9885289
0.9885347
0.9917514
0.9948533
0.9887752
0.988119
0.9885878
0.9883868
0.9929874
0.9899148
0.9893203
0.9914262
0.98934
0.9894203
0.9876069
0.9914988
0.9922804
0.9878827
0.9876377
0.9989414
0.9928919
0.9940907
0.9909405
0.995858
0.9897939
0.9911586
0.9892638
0.9894258
0.9888105
0.989545
0.9890148
0.9898943
0.9913137
0.9897186
0.9899645
0.9895797
0.939743
0.9794577
0.9306152
0.9413417
0.9072743
0.9182055
0.9172762
0.9171573
0.9885499
0.9178236
0.9354777
0.9172455
0.9213677
0.921676
0.9094719
0.9251122
0.927571
0.9859793
0.9874787
0.9913829
0.9920614
0.995215
0.9853032
0.9874416
0.9918419
0.9926663
0.9950164
0.9973828
0.9884662
0.9889037
0.989265
0.9892
0.9903969
0.98951
0.9910766
0.9901333
0.9886656
0.922054
0.9884629
0.9892669
0.9950118
0.9399489
0.9290681
0.9908472
0.9885402
0.9866148
0.9307579
0.8882841
0.9119275
0.8879022
0.936606
0.8852888
0.8667513
0.9072759
0.9309974
0.9510713
0.9096695
0.9132346
0.9888472
0.9941664
0.9534924
0.9535211
0.9144961
0.891447
0.8879764
0.8825572
0.9901884
0.9943505
0.9880358
0.9320548
0.9262523
0.9320405
0.9432981
0.9132992
0.9157426
0.9424825
0.9074963
0.9070174
0.9105231
0.9303369
0.9389612
0.9123303
0.9084947
0.9991089
0.9388775
0.9901361
0.9275076
0.9903172
0.9900113
0.9923091
0.9561761
0.9699016
0.9591641
0.9905589
0.9868996
0.9612373
0.9842641
0.9568073
0.9864971
0.9175421
0.991818
0.9949111
0.990743
0.991765
0.9849376
0.9861635
0.9859541
0.9866108
0.9199444
0.9899826
0.9918408
0.9899937
0.990018
0.9908114
0.9876512
0.9913168
0.9857346
0.9962785
0.9951723
0.992792
0.9955187
0.9955579
0.9923331
0.9941997
0.9949073
0.9961207
0.9933419
0.9922986
0.9279953
0.9381946
0.9443465
0.9594726
0.9608375
0.9573302
0.987536
0.9205219
0.9877026
0.989932
0.9358247
0.9933957
0.9946078
0.9891266
0.9911829
0.9889292
0.9947795
0.9909169
0.9850673
0.9867706
0.98973
0.9896722
0.9906492
0.9890391
0.9872403
0.9874465
0.9822208
0.9859454
0.9908649
0.9877336
0.9178245
0.9930864
0.9853664
0.9856251
0.9836229
0.9877796
0.986009
0.9853499
0.9340767
0.9960813
0.9918634
0.9846089
0.9873592
0.9852126
0.9924629
0.9884705
0.9864869
0.9889443
0.9884385
0.9889752
0.9852402
0.9919402
0.9913392
0.9857933
0.9876745
1.
0.9921437
0.9907749
0.9898396
0.9871574
0.9504717
0.9896543
0.9916693
0.9917838
0.9912309
0.9921908
0.9923312
0.9894853
0.9918168
0.9921539
0.9927137
0.9909526
0.8626521
0.9383437
0.8743827
0.8334633
0.9319648
0.935178
0.9361268
0.9339679
0.991354
0.8926044
0.8399846
0.8965504
0.8593884
0.8454188
0.8539856
0.8227479
0.9312943
0.9860985
0.9890064
0.9929372
0.9941131
0.9956161
0.9853014
0.9862636
0.9921664
0.993437
0.9950017
0.9978762
0.9906459
0.9909296
0.9911219
0.9916259
0.9911984
0.9905619
0.9916114
0.9906683
0.9919209
0.839958
0.9910298
0.9889867
0.9953294
0.874156
0.8562475
0.9909837
0.9905092
0.9888729
0.942017
0.8973716
0.8881636
0.8070074
0.8458694
0.8337773
0.9058933
0.924576
0.9621527
0.9673449
0.866889
0.8963674
0.9903419
0.9954512
0.9682769
0.9681357
0.9338015
0.9184921
0.886265
0.9147626
0.9898331
0.9953498
0.9884871
0.9350892
0.9261746
0.9531881
0.8588019
0.8950718
0.920553
0.8659972
0.8828361
0.9252086
0.9397327
0.8478772
0.8312019
0.9398721
0.9203498
0.998805
0.8126806
0.9921091
0.8771752
0.9923029
0.9911542
0.9890718
0.9886698
0.9898455
0.9885487
0.990845
0.9880599
0.9904648
0.9897249
0.989196
0.9886077
0.9896363
0.9366008
0.9732228
0.9282326
0.9322813
0.8931606
0.9160895
0.9138085
0.9151011
0.9901143
0.9044912
0.922533
0.914988
0.91114
0.9085831
0.8800117
0.9126695
0.9149716
0.9852489
0.9882263
0.9919003
0.9939823
0.9961013
0.9848634
0.9845909
0.9912877
0.9926732
0.9957783
0.9968113
0.9881229
0.9897399
0.9907743
0.9889079
0.9896624
0.9890045
0.9895861
0.9888548
0.9888468
0.9039269
0.9893609
0.9909867
0.99367
0.9140589
0.9289743
0.9904283
0.9899116
0.9851817
0.9140001
0.878371
0.9114609
0.8596023
0.9289405
0.8715536
0.8741578
0.9036746
0.9146219
0.9468129
0.8951344
0.9019617
0.9904947
0.9942198
0.9471446
0.948947
0.8923626
0.8897547
0.8616295
0.8726479
0.9910044
0.9947209
0.9840995
0.9153533
0.9119701
0.9186972
0.9297404
0.8970772
0.9003287
0.9135333
0.8935592
0.919795
0.8928041
0.922308
0.9176713
0.8943018
0.8914215
0.9985328
0.9213621
0.9877245
0.9090426
0.9881246
0.9894678
0.9903073
0.990727
0.9914659
0.9933668
0.992992
0.992824
0.9887133
0.9926213
0.9936929
0.9944588
0.9925173
0.8535252
0.9335043
0.8737921
0.8223833
0.9485351
0.949479
0.9515333
0.9496608
0.9929267
0.9057051
0.8461563
0.9158388
0.8561026
0.8627241
0.8894685
0.8331337
0.9565299
0.9862848
0.9893335
0.9933817
0.9944918
0.9955695
0.9856113
0.9875973
0.9922394
0.9924053
0.9957237
0.9983546
0.992929
0.9924037
0.9918652
0.9927192
0.9931883
0.9922402
0.9939487
0.9924342
0.9932571
0.8661805
0.9914617
0.9890892
0.9969112
0.913135
0.0949479
0.9925944
0.9869523
0.9921943
0.9658797
0.9281151
0.8896927
0.8650444
0.8441657
0.8694275
0.9344196
0.9431075
0.9769365
0.9792886
0.8912012
0.9202477
0.9922944
0.995656
0.9801055
0.9802298
0.9575507
0.9404897
0.9276949
0.942519
0.9912148
0.9964844
0.9891158
0.9568946
0.9441035
0.9701315
0.8443749
0.9201292
0.9415311
0.9071085
0.9054728
0.9357152
0.960692
0.8234996
0.8578758
0.9609695
0.943137
0.9989793
0.8263559
0.9935671
0.8947962
0.9946406
0.9933229
0.9905348
0.9900362
0.9907213
0.9921048
0.9930584
0.9930288
0.9892998
0.9927982
0.9932052
0.9944733
0.9923333
0.8513535
0.934026
0.8757835
0.8226966
0.9490725
0.9483655
0.9515179
0.9495522
0.9923836
0.9050474
0.8458021
0.9147082
0.8551785
0.8633328
0.8891183
0.8323636
0.9568839
0.9866616
0.9893906
0.9931683
0.9945915
0.9958462
0.9856321
0.9875955
0.992052
0.9921603
0.9953111
0.9983794
0.9921368
0.9918867
0.9915123
0.9923965
0.992423
0.9918322
0.9937678
0.9920838
0.9931857
0.8656823
0.991358
0.9892023
0.9972169
0.9144505
0.2975333
0.9931601
0.9873115
0.9923401
0.966754
0.9287413
0.89023
0.8656442
0.8452765
0.8687718
0.9337477
0.9425298
0.9760965
0.9797693
0.8909492
0.9194031
0.9916939
0.9953307
0.9800494
0.9804649
0.9558936
0.9398028
0.9265111
0.9421118
0.9909994
0.9966183
0.9882454
0.9578201
0.9435314
0.9697123
0.8445282
0.9192482
0.9416681
0.906539
0.9065594
0.9347256
0.960609
0.823181
0.8580331
0.9607744
0.943223
0.9988596
0.8258092
0.9935518
0.8945593
0.9944616
0.992641
0.9915398
0.9540767
0.9650553
0.9488074
0.9886321
0.9880342
0.9581895
0.9871598
0.9451723
0.9878646
0.8903134
0.9929219
0.9936456
0.9912819
0.9927516
0.9858047
0.9850172
0.9863449
0.9854472
0.8741186
0.988438
0.9919588
0.9891774
0.9923795
0.9910621
0.9891538
0.9920726
0.9870204
0.9942439
0.9931518
0.9961905
0.994382
0.9973863
0.9945938
0.9946658
0.9942834
0.993942
0.9956477
0.9922803
0.8278759
0.8476372
0.9498243
0.9563693
0.9625896
0.9560353
0.988294
0.930561
0.9876843
0.9892956
0.8778926
0.9922752
0.9945972
0.9894814
0.9937715
0.9896848
0.9940465
0.9891697
0.9848987
0.9867186
0.9900841
0.9896716
0.9921873
0.9890771
0.9866964
0.9884187
0.9818976
0.9847004
0.9912055
0.9877577
0.8921449
0.9928236
0.9855245
0.9861104
0.9844888
0.986943
0.9868242
0.9861294
0.8956769
0.9963199
0.9884597
0.9846624
0.9869121
0.9858064
0.9919249
0.9886018
0.9880323
0.9897671
0.9880072
0.9876611
0.9853465
0.9914646
0.992086
0.9864626
0.9860177
0.999669
0.9922644
0.9879563
0.9898648
0.9877206
0.9590004
0.9895366
0.9895862
0.9895991
0.9878347
0.9901177
0.9901623
0.9905374
0.9899409
0.9892453
0.9891116
0.9891125
0.9313049
0.9725826
0.926271
0.9248641
0.8925294
0.9011682
0.9027101
0.9010106
0.9892004
0.8944095
0.9102243
0.9015881
0.9112337
0.8981432
0.8689727
0.9037807
0.8981602
0.9858892
0.9881201
0.9919992
0.9929501
0.9954238
0.9861234
0.9839954
0.9906619
0.9928842
0.9952892
0.9968566
0.9881226
0.9882864
0.9894228
0.9889473
0.9890164
0.9899488
0.9885478
0.9882197
0.9899032
0.8891577
0.9872487
0.9901031
0.9931984
0.9004496
0.9196753
0.9901534
0.9907322
0.9849027
0.8947908
0.8583047
0.9111726
0.8310261
0.9222285
0.8553242
0.8609233
0.904386
0.9071795
0.9378748
0.8856616
0.8904046
0.989298
0.9940353
0.939117
0.9397873
0.887051
0.8910992
0.8368496
0.8576891
0.9887573
0.994398
0.9859322
0.8949764
0.9085628
0.9150931
0.9204392
0.8917393
0.8860082
0.8984873
0.8848884
0.9202074
0.8931491
0.9202
0.906332
0.8954684
0.8926442
0.9987824
0.9117217
0.9877051
0.8932421
0.9887847
0.9911955
0.9886284
0.9900779
0.9897271
0.9892309
0.9914771
0.9917032
0.9884334
0.9904038
0.9901848
0.9910504
0.9901305
0.8650019
0.9421377
0.874793
0.8509048
0.9225224
0.9198863
0.9206218
0.9193667
0.989917
0.8908985
0.8454013
0.8937184
0.8722302
0.84456
0.8565697
0.8372171
0.9181235
0.986294
0.9871089
0.9927605
0.9927235
0.9957209
0.9845167
0.9861855
0.9916782
0.9925559
0.9944316
0.9973799
0.9904509
0.9902796
0.9892605
0.990797
0.9898263
0.9897438
0.9913715
0.9886854
0.9910741
0.4511969
0.9894422
0.9880818
0.994643
0.8784639
0.8680048
0.990728
0.9874756
0.9873953
0.9264673
0.877102
0.885477
0.7932006
0.8484959
0.8186109
0.8841393
0.9228488
0.9516438
0.9614341
0.8669554
0.8943349
0.9896919
0.9943314
0.9617838
0.963978
0.9233048
0.9094463
0.8642074
0.897619
0.9891779
0.9950865
0.9881343
0.9247913
0.9243372
0.9488184
0.8619631
0.8927712
0.9261517
0.8727228
0.8770759
0.9209446
0.9314293
0.8482299
0.8348581
0.9328174
0.9175203
0.9988483
0.8361278
0.9914591
0.8818608
0.9912772
0.9904694
0.9887534
0.9899552
0.9896471
0.9896269
0.9920419
0.991144
0.9885051
0.9904818
0.990885
0.9907994
0.9891465
0.8649755
0.9424406
0.8712243
0.8484203
0.920619
0.9196892
0.9201497
0.9185437
0.9895911
0.8907201
0.8425574
0.8921003
0.8716773
0.8432249
0.8562649
0.8369781
0.9193216
0.9857875
0.9870519
0.9928768
0.9933138
0.9961142
0.984574
0.9859579
0.991567
0.9920715
0.9948652
0.997174
0.9899674
0.9900603
0.9899933
0.9909434
0.9898572
0.9904317
0.991378
0.9889778
0.9911413
0.3950457
0.9897785
0.988234
0.9953941
0.8797303
0.8676345
0.990239
0.9882925
0.9879299
0.9271442
0.8764814
0.884252
0.7901375
0.8467059
0.8164022
0.8819871
0.9225355
0.9521494
0.9612902
0.8666933
0.8947269
0.9901736
0.9944805
0.9620158
0.9638337
0.923631
0.9102168
0.8641957
0.8973068
0.9888257
0.9948625
0.9884311
0.9254694
0.9255064
0.9485207
0.861998
0.8930404
0.9264243
0.8718574
0.8775435
0.9204414
0.9322466
0.8470059
0.8342907
0.9325397
0.9157453
0.9988096
0.8343766
0.9914828
0.8796971
0.9921821
0.9904153
0.9884546
0.9872114
0.9890572
0.9858631
0.9870191
0.9866071
0.9898037
0.9877989
0.9868291
0.9861718
0.9867806
0.9588485
0.9846747
0.9492378
0.9611688
0.8419797
0.8758597
0.8739742
0.8758952
0.9875665
0.911279
0.9460089
0.9058197
0.9402349
0.9251114
0.8819717
0.9394221
0.8761168
0.9834713
0.9877755
0.9913586
0.991719
0.9962083
0.9850837
0.9857243
0.9906894
0.9924824
0.9958474
0.9963092
0.9849602
0.9862998
0.9881189
0.9862071
0.986478
0.9882163
0.9870681
0.9851459
0.9850458
0.9122193
0.98657
0.9888001
0.991253
0.9170184
0.9515703
0.9874593
0.9900385
0.9813536
0.8600679
0.8201602
0.9246719
0.8482709
0.953117
0.8640025
0.7989148
0.863319
0.8359518
0.9120317
0.9067164
0.8931818
0.9858477
0.991086
0.9124216
0.9111726
0.8235086
0.844181
0.7988094
0.8088307
0.9877509
0.9927556
0.9817331
0.874445
0.895418
0.8912349
0.95654
0.8928571
0.8653682
0.9215368
0.8887424
0.9045397
0.8345172
0.9462134
0.94045
0.8355168
0.8659418
0.9991128
0.9488921
0.9841024
0.9159404
0.9852696
0.9876529
0.9902168
0.8398944
0.8568619
0.9705939
0.9903624
0.9897585
0.9331733
0.9841301
0.8973147
0.9878244
0.9512147
0.9902806
0.9941225
0.9900279
0.9912197
0.9879688
0.9884863
0.9887458
0.9886245
0.9524278
0.990339
0.9906437
0.9901402
0.9912894
0.9902424
0.9885642
0.990603
0.9880747
0.9933576
0.9930355
0.9950216
0.9951768
0.9935345
0.9946646
0.9926541
0.9954205
0.9946973
0.9973774
0.9929685
0.9467561
0.9535385
0.9189023
0.9209932
0.9320862
0.9122551
0.9882629
0.9607767
0.9914773
0.9901549
0.9583822
0.9945794
0.9962302
0.9918337
0.9915445
0.9851359
0.9902268
0.9909218
0.9876972
0.9883249
0.9898704
0.9907464
0.9904618
0.9899392
0.9884949
0.991525
0.9877341
0.9894222
0.9911627
0.9893261
0.9500982
0.9941728
0.9891787
0.9882258
0.9870252
0.9890134
0.9890781
0.9888735
0.9438402
0.9962274
0.992048
0.9870687
0.989347
0.9884257
0.9917729
0.9902316
0.9903759
0.9924181
0.9899698
0.9902821
0.9884819
0.9906119
0.9921817
0.9896161
0.9897247
0.9989723
0.9917309
0.9898267
0.9906326
0.9856947
0.9109076
0.9717702
0.9890364
0.9852025
0.9868144
0.9881737
0.9691273
0.9862622
0.9043478
0.9877276
0.9647541
0.9861243
0.9919686
0.9941141
0.9916752
0.9924164
0.9889836
0.9887536
0.9876351
0.9893827
0.9872211
0.9898099
0.9912402
0.9908766
0.9917471
0.991798
0.9891836
0.9916945
0.9881449
0.9931779
0.993013
0.9925926
0.9946919
0.9956768
0.9928013
0.9947251
0.9962414
0.9955664
0.9952456
0.9969372
0.9870575
0.9882062
0.9839675
0.9874372
0.9858527
0.9883268
0.9608792
0.9866996
0.986631
0.9905065
0.9868396
0.9966305
0.992906
0.992067
0.9923704
0.9540765
0.9953976
0.9940632
0.9873607
0.9881575
0.9908885
0.9904414
0.9915814
0.989947
0.9879721
0.990143
0.9874488
0.9880654
0.9897848
0.9905452
0.9859074
0.9956787
0.9878518
0.9879948
0.9862624
0.989572
0.9884051
0.9881066
0.9870575
0.9967163
0.9908735
0.9882544
0.9897841
0.9874995
0.9917997
0.990601
0.9900847
0.9922962
0.9905296
0.9904165
0.9885579
0.9910839
0.9918375
0.9884088
0.9883652
0.9979289
0.9922665
0.9935958
0.9894473
0.9588128
0.9875704
0.9885538
0.9836006
0.983468
0.9778262
0.9908942
0.9903249
0.986693
0.9883871
0.9785795
0.9938214
0.979982
0.9919577
0.9948371
0.9913737
0.9920134
0.9835056
0.9833301
0.9832708
0.9841883
0.9787851
0.9875682
0.9913545
0.9894519
0.9905041
0.9902199
0.9870706
0.9917755
0.985577
0.9929014
0.9937016
0.9945111
0.9972133
0.997518
0.9944606
0.9943718
0.9941165
0.9962771
0.9941492
0.9969325
0.9834294
0.9715588
0.9787779
0.9805683
0.9775446
0.9832443
0.9894795
0.9836449
0.9888609
0.9897636
0.9800869
0.9918382
0.9955587
0.9911101
0.9906524
0.9880228
0.9937315
0.9873481
0.9826457
0.9841266
0.9897532
0.9890645
0.9920151
0.9877128
0.9844985
0.985269
0.9773691
0.9837954
0.9888791
0.9871066
0.9775484
0.9917414
0.9832369
0.9838796
0.9815845
0.9851559
0.983908
0.9828467
0.9821461
0.9950854
0.989294
0.9827923
0.9871209
0.982625
0.9922893
0.987144
0.9861612
0.9916975
0.9870254
0.986645
0.9823674
0.9901108
0.9919189
0.9824286
0.9844159
0.9996898
0.992837
0.9896558
0.9894027
0.987433
0.9857064
0.9898521
0.989911
0.9918239
0.9921496
0.9939925
0.9937412
0.9889503
0.9921758
0.993363
0.9937697
0.9921565
0.8593466
0.9332381
0.8764375
0.8242465
0.9443738
0.9521863
0.9540841
0.9478918
0.9915959
0.9067089
0.853802
0.9147593
0.8444676
0.8663619
0.8848143
0.826763
0.9552753
0.9858248
0.988607
0.9929613
0.9943004
0.9952928
0.9862108
0.9859672
0.991844
0.9926597
0.9959944
0.9985512
0.9923481
0.992403
0.9915287
0.9929141
0.9924405
0.9919604
0.9926745
0.9921008
0.9921227
0.8685858
0.9918186
0.9898007
0.9968707
0.8989522
0.840763
0.9919259
0.9885488
0.9916717
0.9660593
0.9292706
0.8951109
0.857345
0.8469937
0.8701597
0.9350121
0.9375683
0.9762586
0.9807006
0.882366
0.9140994
0.9919881
0.9963829
0.9823982
0.9817326
0.9534003
0.9354023
0.9254498
0.9407308
0.9905978
0.9956418
0.9887486
0.9585613
0.9395877
0.9682859
0.8579049
0.9156239
0.9341232
0.8908736
0.9023823
0.9324962
0.956273
0.8371436
0.8490209
0.9561726
0.9394782
0.9988287
0.809855
0.9931281
0.8914318
0.9939822
0.9924642
0.9900788
0.9911108
0.9914416
0.9934192
0.9940847
0.9943928
0.9881648
0.9923336
0.9931007
0.9949256
0.9924662
0.8705616
0.9198575
0.8887164
0.8255907
0.958244
0.9585247
0.9586975
0.9564928
0.9919643
0.9092449
0.8455025
0.9176515
0.8709497
0.8663523
0.895237
0.832744
0.954985
0.9875607
0.9895745
0.9940373
0.9940186
0.9965206
0.9874349
0.9877218
0.992531
0.9927835
0.9961433
0.9982056
0.9921844
0.9913145
0.9909874
0.9923198
0.9914783
0.9915008
0.9925798
0.991939
0.9923666
0.8603778
0.9919648
0.9889619
0.9964531
0.8870402
0.8646726
0.9920853
0.989616
0.9919825
0.9615181
0.9364894
0.9111638
0.8613096
0.8516299
0.8863223
0.9473666
0.9528625
0.9814437
0.9809242
0.891565
0.9240838
0.9923711
0.9966108
0.9815956
0.9798828
0.9602128
0.9528948
0.929761
0.9523925
0.9914396
0.9959715
0.990179
0.9576654
0.9479883
0.9725071
0.8508987
0.9208001
0.9459613
0.8771993
0.907469
0.949551
0.96439
0.8570033
0.8268067
0.9651537
0.9487498
0.9988448
0.8023616
0.9946934
0.8888832
0.9943217
0.9927489
0.9885448
0.9887838
0.9894786
0.9886925
0.9876181
0.986773
0.9891141
0.9880482
0.9861593
0.9863221
0.988074
0.954877
0.9811894
0.9459979
0.9587427
0.8701257
0.8994046
0.8966001
0.9026282
0.9886949
0.913406
0.9451962
0.9125571
0.9404852
0.9310084
0.8996136
0.9404267
0.8694594
0.9833291
0.9873712
0.9923652
0.9932953
0.9961451
0.9864383
0.9870061
0.9914537
0.9935906
0.9954296
0.9958813
0.9855764
0.9874404
0.988654
0.9873881
0.9868865
0.9865856
0.98649
0.9870517
0.9867275
0.9196448
0.9866245
0.989284
0.9909402
0.9163677
0.9546088
0.9890475
0.991
0.9815592
0.8828377
0.8522932
0.9310152
0.8636177
0.9532893
0.8786564
0.8366941
0.8765853
0.8653426
0.9201383
0.9083252
0.9050533
0.9871015
0.9919318
0.9199292
0.9179652
0.8584044
0.8704893
0.8345253
0.8448935
0.9887507
0.9927163
0.9825133
0.8936285
0.9053028
0.8990075
0.9576879
0.9063574
0.8675605
0.9184675
0.8998273
0.9168258
0.8552473
0.9475529
0.9413153
0.8602097
0.8776737
0.9988538
0.9473979
0.9858472
0.9177867
0.9858051
0.9874059
0.9904503
0.9902786
0.9908413
0.9918797
0.9943428
0.9924823
0.9885727
0.99235
0.9922406
0.9940213
0.99201
0.8189451
0.9111524
0.8503189
0.7870569
0.9537867
0.9538514
0.951607
0.9504237
0.9916581
0.9120264
0.8341226
0.913917
0.8666944
0.858151
0.8992168
0.8210002
0.9508673
0.9868573
0.9883446
0.9931529
0.9943717
0.9959209
0.9871242
0.9871572
0.993159
0.9920514
0.9955211
0.9983796
0.9927755
0.9916103
0.9915732
0.9924879
0.9922137
0.9919339
0.9933912
0.991638
0.9924011
0.8573184
0.9914103
0.9888601
0.996913
0.912275
0.8454901
0.9917786
0.9872682
0.9919214
0.9667592
0.9301196
0.8911137
0.8574944
0.8020252
0.8582294
0.9367296
0.9521109
0.9837449
0.978814
0.8959263
0.9258974
0.9912889
0.9957669
0.9803311
0.9810377
0.9639082
0.9472959
0.9311791
0.9495316
0.9902197
0.9959472
0.9908144
0.9601049
0.9454099
0.9740944
0.8494872
0.9266774
0.95236
0.9057751
0.9085535
0.9380679
0.9662516
0.8193681
0.8343243
0.9665799
0.951161
0.9991697
0.8082874
0.9947051
0.8972394
0.9950521
0.9921105
0.9913289
0.9759358
0.9782901
0.970297
0.99205
0.9924171
0.9804327
0.9886821
0.975265
0.9894201
0.9530408
0.9914361
0.9935651
0.9899012
0.9919167
0.987358
0.9877685
0.9890142
0.9890908
0.9582612
0.9893988
0.9908069
0.9889269
0.9903876
0.9901758
0.9884429
0.9903978
0.9877982
0.9917175
0.9921247
0.9951137
0.9961755
0.9960609
0.9936747
0.9940223
0.9948854
0.9941432
0.9976929
0.9943486
0.9557522
0.9474195
0.9708477
0.9727081
0.9762224
0.9719047
0.9902074
0.9588438
0.9880329
0.9901894
0.9584775
0.9920708
0.9935882
0.9909348
0.991012
0.989272
0.9925752
0.9894936
0.9871225
0.9881479
0.9912429
0.9897967
0.9904343
0.9892211
0.9887978
0.9889828
0.985847
0.9882397
0.9885725
0.9891379
0.9639451
0.9928004
0.9884667
0.9889331
0.9873073
0.9889672
0.9878906
0.9884916
0.967079
0.9970487
0.9902197
0.9869868
0.9894392
0.9875515
0.9904042
0.9898005
0.9885431
0.9909697
0.9890201
0.9890804
0.9879096
0.9900605
0.9917435
0.9881356
0.9883712
0.9996676
0.9897624
0.9914862
0.989779
0.9911827
0.9777052
0.9900876
0.9897777
0.9906409
0.9922541
0.9938578
0.9935479
0.9891106
0.9916069
0.9929592
0.9936511
0.992167
0.7813589
0.9175084
0.8159739
0.738229
0.932035
0.9317193
0.9322812
0.9290674
0.991519
0.877906
0.7817537
0.8855043
0.8257696
0.8030583
0.8336254
0.7615195
0.9368755
0.986453
0.9884327
0.9927847
0.9943878
0.9951664
0.986197
0.9866107
0.9921787
0.9925156
0.9952896
0.9982102
0.9918819
0.9917266
0.9909444
0.9923512
0.9919372
0.9913259
0.9931047
0.9912761
0.99219
0.7967106
0.9917259
0.9887798
0.9960951
0.8906498
0.7886081
0.9916073
0.9877814
0.991542
0.9523431
0.8862387
0.8466422
0.7468556
0.7656184
0.7613843
0.8937334
0.9304217
0.9733912
0.9755308
0.8542207
0.8936832
0.9914819
0.995729
0.9766935
0.9769226
0.9459392
0.9234828
0.8808275
0.9153989
0.9905635
0.9955216
0.9890011
0.9426935
0.9262418
0.9647589
0.8082419
0.8943127
0.9331051
0.8814764
0.8717168
0.9124535
0.9501534
0.7542274
0.7940417
0.9519208
0.9274306
0.998793
0.7567307
0.9930442
0.864206
0.9941363
0.9919222
0.9901049
0.9895395
0.9905901
0.9922181
0.9938108
0.9933878
0.9890961
0.9915752
0.9927772
0.9936695
0.9922213
0.781187
0.9178504
0.8165782
0.7388783
0.9313514
0.9308255
0.9321488
0.9281338
0.991565
0.8776823
0.7820552
0.8850512
0.8253003
0.8029021
0.8336636
0.7618525
0.9367211
0.9863671
0.9883845
0.9928222
0.9943366
0.9953045
0.9862151
0.9864725
0.9920269
0.9923869
0.9954006
0.9982359
0.9919638
0.9917071
0.9910201
0.991904
0.9918135
0.9910904
0.9931525
0.9913237
0.9923466
0.7958658
0.9917833
0.9888062
0.9961484
0.890419
0.789815
0.9914985
0.9877889
0.9914473
0.951956
0.8850969
0.84634
0.7454065
0.7661175
0.7599018
0.8926154
0.9296471
0.973171
0.9751921
0.8547009
0.8935237
0.9916307
0.9958237
0.9763363
0.9765079
0.9453861
0.923179
0.879581
0.9143565
0.9906033
0.995553
0.9887195
0.9427193
0.9261705
0.9641082
0.8093217
0.8936807
0.9331692
0.8818079
0.8719194
0.9120453
0.9495188
0.7546463
0.7938955
0.9511549
0.9270687
0.9987102
0.7569268
0.992811
0.8638478
0.9940107
0.9918499
0.9897487
0.9898398
0.9904107
0.9921455
0.9938443
0.9933345
0.9888859
0.9917487
0.9928801
0.9934743
0.9922251
0.7813274
0.9178703
0.8166307
0.7390695
0.9313962
0.9304665
0.9311968
0.9281407
0.9914831
0.8779158
0.7817068
0.8850526
0.8251322
0.8024168
0.8325824
0.7620739
0.9359973
0.9865676
0.9884216
0.9926816
0.9942391
0.995382
0.985997
0.9861759
0.992096
0.9924671
0.995271
0.9981681
0.9921093
0.9916754
0.9909793
0.9919989
0.9916408
0.9910876
0.9929219
0.991026
0.9923371
0.7958046
0.9920318
0.9888926
0.9960795
0.8900363
0.7886186
0.9916853
0.9878936
0.9917598
0.9524734
0.8848254
0.8452834
0.74519
0.7656669
0.7592327
0.8923066
0.9299959
0.9732044
0.9748699
0.8539534
0.8934932
0.9914719
0.9959625
0.9757604
0.9762245
0.9445358
0.9231648
0.8790783
0.9137759
0.9904624
0.9956547
0.9888309
0.9430652
0.9265211
0.9634947
0.8090759
0.8938779
0.9324841
0.8810639
0.8712123
0.9116995
0.9499089
0.7555237
0.7939949
0.9509162
0.9267205
0.9987822
0.7569894
0.9927226
0.8644989
0.9940558
0.9918941
0.9901426
0.9895377
0.9904222
0.9921302
0.9936997
0.9933401
0.9892356
0.9916921
0.9929469
0.9937505
0.9919538
0.7822176
0.917953
0.8170761
0.7390507
0.9313808
0.9310031
0.9316057
0.9283192
0.9914375
0.8773982
0.7818422
0.8853715
0.8251692
0.8025136
0.8337589
0.7624537
0.9369825
0.98622
0.9884196
0.9927862
0.9943157
0.9954279
0.9860043
0.9863511
0.992274
0.9923761
0.9953681
0.9982594
0.9919525
0.9916312
0.9909432
0.9921367
0.9917249
0.9912968
0.9930659
0.9913629
0.9923872
0.7959262
0.9919002
0.9889066
0.9960523
0.8902951
0.7895751
0.991641
0.9875132
0.9914609
0.9521335
0.8846198
0.8464124
0.7460666
0.7662233
0.7595128
0.8924356
0.9299631
0.9731617
0.9748791
0.8541025
0.8936374
0.9914777
0.9958437
0.9759222
0.9763208
0.9450066
0.9227717
0.8793189
0.9143995
0.9904614
0.9955467
0.9887933
0.9427299
0.9263383
0.9640671
0.8093536
0.8942644
0.9332119
0.881466
0.8715399
0.9119821
0.9502093
0.7554614
0.7948666
0.9514525
0.9270844
0.9986823
0.7573889
0.9928521
0.8643223
0.9938742
0.9920313
0.9900761
0.9895337
0.9905037
0.9920994
0.993782
0.9931023
0.9884953
0.9919873
0.9930239
0.9939619
0.992089
0.7709658
0.9173802
0.8110073
0.7190227
0.9340267
0.9331542
0.9324183
0.9291698
0.991684
0.8825353
0.7851424
0.8881444
0.8185485
0.8067775
0.8385406
0.7552418
0.9426106
0.9856321
0.9886723
0.9930183
0.9941414
0.9954006
0.9856219
0.9866459
0.9922826
0.9923792
0.9952233
0.9984808
0.9921848
0.9917961
0.9911918
0.9923702
0.9916891
0.9910314
0.993513
0.991284
0.9928484
0.8044805
0.992752
0.9889911
0.9967908
0.8965774
0.7788113
0.9920989
0.987653
0.9914869
0.9570753
0.890615
0.8474798
0.7624529
0.7548534
0.7750788
0.8974544
0.9319494
0.9744099
0.9772548
0.8555651
0.899025
0.991283
0.9957245
0.977613
0.9776747
0.9481623
0.9255985
0.888872
0.9211496
0.9902954
0.9957538
0.9883572
0.9468872
0.9303503
0.9666483
0.8043325
0.8989025
0.9330847
0.8882595
0.8751889
0.9118594
0.9525698
0.7464414
0.7931685
0.9545991
0.9313787
0.9989966
0.7484064
0.993198
0.8662322
0.9946902
0.9915338
0.9896907
0.9914182
0.9912946
0.9935556
0.9937493
0.994068
0.9883474
0.9922511
0.9931838
0.9941615
0.992898
0.8244881
0.9165653
0.8544586
0.7903138
0.9555602
0.9521492
0.9531868
0.951337
0.9922306
0.9059775
0.8281742
0.9113732
0.8550718
0.8510233
0.8825271
0.8150499
0.9522687
0.9883677
0.9889131
0.9945671
0.9945567
0.9967393
0.9868097
0.9874492
0.992465
0.9932083
0.9950992
0.9984856
0.9939464
0.9923695
0.9907987
0.9934091
0.9921941
0.9919357
0.9937399
0.9922347
0.9917947
0.8520286
0.9932601
0.9900623
0.9963845
0.9012409
0.8419235
0.9916083
0.9899696
0.9923094
0.9653003
0.9295658
0.887564
0.8300445
0.8071542
0.8524307
0.9364191
0.9496538
0.9838264
0.9802888
0.8857371
0.9209917
0.9927822
0.9962888
0.9811641
0.9803717
0.9641191
0.9501039
0.9241073
0.943328
0.9912017
0.9958924
0.9901116
0.9587046
0.9450849
0.9709703
0.8443795
0.9222734
0.94496
0.893274
0.9036464
0.9381329
0.965224
0.8358753
0.8137374
0.9634838
0.9442183
0.9989501
0.7944432
0.9932192
0.8876352
0.994061
0.9925805
0.9891441
0.9894983
0.9901344
0.9915731
0.9932901
0.9931141
0.9891193
0.9918044
0.992381
0.9929178
0.9911701
0.8382846
0.9349273
0.8573647
0.8059755
0.932531
0.9372833
0.9365788
0.9359865
0.9912438
0.8919094
0.8315836
0.9024451
0.8472879
0.8427322
0.8561552
0.818479
0.9410619
0.9860855
0.9876959
0.9930159
0.9942415
0.9958615
0.9848011
0.986109
0.9915901
0.9930032
0.9945966
0.9984259
0.992198
0.991537
0.9909237
0.9918743
0.9921457
0.9910497
0.992776
0.9908002
0.9926615
0.8340319
0.9913803
0.9887582
0.996021
0.9012535
0.8331266
0.991883
0.9869433
0.9903154
0.9544411
0.9014756
0.8710391
0.8142376
0.8224767
0.8283118
0.9089071
0.9308887
0.9683157
0.9749907
0.8687702
0.9046396
0.9913436
0.9951874
0.9761886
0.976032
0.9394347
0.9202399
0.8936971
0.9210826
0.9902723
0.9954468
0.9873767
0.9468647
0.9325699
0.9611442
0.849097
0.9018308
0.9294939
0.8911195
0.8844897
0.9191161
0.9480324
0.8185575
0.8371438
0.9487192
0.9251681
0.9987358
0.8087213
0.9911133
0.8851041
0.9929905
0.9911689
0.989223
0.9894598
0.9900569
0.9919429
0.9933682
0.9930368
0.9891395
0.9917074
0.9924204
0.9931715
0.9914039
0.8390328
0.9346119
0.857592
0.8065972
0.9331349
0.9374391
0.9366448
0.9363086
0.9914388
0.8921183
0.830933
0.9022576
0.8478276
0.8433419
0.8573799
0.8184407
0.9410897
0.9865101
0.9879484
0.9928394
0.9941236
0.9957424
0.9848982
0.9862834
0.9915317
0.9928461
0.9944377
0.998426
0.9921597
0.9916153
0.9908073
0.9917386
0.9918544
0.9909917
0.9928931
0.9909175
0.9925455
0.8340376
0.9911668
0.9889346
0.9961201
0.9011385
0.8325151
0.9919419
0.9868853
0.9899487
0.9547541
0.9010437
0.8711574
0.8145155
0.8225296
0.8283428
0.9086903
0.9306078
0.9685212
0.9750078
0.8690547
0.9039961
0.9910523
0.995148
0.976477
0.976097
0.9398132
0.920369
0.8938831
0.9216893
0.9903314
0.9955263
0.9875895
0.9471737
0.932141
0.9608785
0.8491203
0.9025991
0.9299679
0.8919679
0.8846694
0.9194827
0.9484926
0.8172416
0.8385197
0.9488666
0.9248573
0.9986957
0.8090499
0.9911332
0.8844288
0.993127
0.9911499
0.9891567
0.9896647
0.9908339
0.9921922
0.9927444
0.9925753
0.9877388
0.9910565
0.9927076
0.9931603
0.9918627
0.8401933
0.9173282
0.8607278
0.8134541
0.9397455
0.9460049
0.9456986
0.9414454
0.9911881
0.896878
0.8400022
0.8999675
0.8542875
0.8504314
0.8721208
0.8232728
0.940722
0.9868806
0.9890969
0.992908
0.9936983
0.9950553
0.9862409
0.9875902
0.9921957
0.9928728
0.9957297
0.9977587
0.9922791
0.9917136
0.990612
0.9920143
0.991216
0.991357
0.9924408
0.9912762
0.9914809
0.8441826
0.9912724
0.9886357
0.9954888
0.8908932
0.8476751
0.9924225
0.9885955
0.9899598
0.9542248
0.9112761
0.883068
0.818691
0.8291678
0.8328854
0.9180751
0.9349239
0.9745596
0.9729471
0.8771038
0.9079613
0.9907086
0.996149
0.9742799
0.9755739
0.9467343
0.9359233
0.9046336
0.9299929
0.9903722
0.9949752
0.9889118
0.9509066
0.9333899
0.9621971
0.851339
0.9060349
0.9356793
0.8847042
0.8899991
0.9281406
0.9503739
0.824793
0.8356988
0.9527959
0.9312416
0.9985891
0.8147241
0.9920315
0.881183
0.9929657
0.9916113
0.989296
0.9901655
0.990875
0.9923446
0.9929626
0.992414
0.9884225
0.9920909
0.9925465
0.9929591
0.9915719
0.8381526
0.9148278
0.8605641
0.8074695
0.9416918
0.9459578
0.9458083
0.9417304
0.9911676
0.8980919
0.8371399
0.9001318
0.8544765
0.8485555
0.8744017
0.8198856
0.9436465
0.9871108
0.9890042
0.9926611
0.9937322
0.9959384
0.9847449
0.987283
0.9917122
0.9934784
0.9959244
0.9980515
0.9926628
0.9918638
0.9907576
0.9920819
0.9909846
0.9904712
0.9924051
0.9906452
0.9924503
0.8450519
0.9917785
0.9895962
0.9955529
0.8941313
0.8471606
0.9925131
0.9880982
0.9906863
0.9575676
0.9141457
0.8832182
0.8209156
0.82828
0.8361155
0.9197497
0.9367787
0.9745656
0.9737469
0.8766752
0.910287
0.9907912
0.9958943
0.9745415
0.9746482
0.9490206
0.9357489
0.9058965
0.9327972
0.9903689
0.9957029
0.9889019
0.9519967
0.9344757
0.9631178
0.8509479
0.9093818
0.9379549
0.8848107
0.8898958
0.9305445
0.9527137
0.8229595
0.8348963
0.9548016
0.9339715
0.998735
0.8116996
0.9922671
0.8810424
0.9916251
0.991424
0.9896492
0.9898195
0.9897051
0.992506
0.9928481
0.9923452
0.9881517
0.9918988
0.9922253
0.9930956
0.9914886
0.8388807
0.9163014
0.8622798
0.8098688
0.9408167
0.9431604
0.9448077
0.9402745
0.9908361
0.8940616
0.8352035
0.8997126
0.8570556
0.8486474
0.8706309
0.8202293
0.9405281
0.9873085
0.9891476
0.9926531
0.9940131
0.9956697
0.9862989
0.9875003
0.9921332
0.9934432
0.9950786
0.9976575
0.992238
0.9917783
0.9899882
0.991932
0.9911357
0.9913602
0.9924828
0.9909869
0.9920893
0.842366
0.9918607
0.9891079
0.9952245
0.889212
0.8482835
0.9915224
0.9885853
0.9894057
0.9562133
0.9124766
0.8821707
0.8172587
0.8290187
0.8322637
0.9156408
0.9340443
0.973745
0.9740544
0.8735578
0.9067819
0.9897502
0.9957552
0.9756073
0.9748328
0.9469252
0.9343904
0.9042787
0.9290495
0.9906083
0.9952881
0.9886739
0.9502312
0.9346729
0.9629279
0.8502948
0.9075822
0.9369837
0.881772
0.887535
0.9288586
0.9510594
0.8239422
0.8313253
0.9513677
0.9307713
0.9986365
0.8140933
0.9920745
0.8801441
0.992316
0.9915719
0.9888014
0.9898196
0.9902209
0.9914443
0.9931795
0.9928094
0.9893042
0.9915192
0.9923875
0.9931185
0.9912358
0.8390588
0.9334954
0.8583318
0.8069557
0.9320441
0.9368559
0.9369563
0.935803
0.9917564
0.8923227
0.831543
0.9025667
0.8491406
0.8429145
0.8561001
0.8186564
0.9420143
0.9861164
0.9878611
0.9927666
0.994089
0.9957657
0.9847561
0.9858314
0.9915973
0.9928912
0.9946212
0.9983276
0.9920688
0.991719
0.9909508
0.9917257
0.9918025
0.9907064
0.9925294
0.9905357
0.9929197
0.8343297
0.9916596
0.9889824
0.9962812
0.9025
0.8336838
0.9919483
0.9866023
0.9901111
0.9530765
0.9012202
0.8701171
0.81461
0.8219654
0.8285771
0.9076573
0.9298199
0.9680729
0.9750237
0.8686598
0.9038215
0.9914869
0.9950925
0.9760933
0.9762398
0.9391324
0.9197128
0.8932531
0.9206652
0.9904947
0.9956684
0.9877532
0.9472011
0.9307959
0.9611538
0.8496285
0.903117
0.9299912
0.893456
0.8845782
0.9188126
0.9479692
0.8175427
0.8382506
0.9485096
0.9253052
0.9987168
0.8091873
0.9910819
0.8844176
0.993249
0.9910595
0.9897398
0.9910727
0.9929944
0.9943318
0.9948636
0.9939432
0.9900775
0.9926968
0.9941284
0.9941757
0.9935636
0.8413141
0.8954504
0.8741138
0.7832457
0.9597769
0.9622172
0.9633824
0.9597766
0.9931575
0.9105961
0.8322497
0.9164969
0.856095
0.8594585
0.898844
0.8140094
0.9606335
0.9880856
0.9897893
0.9944246
0.9947339
0.9966975
0.9884412
0.9879538
0.9930288
0.993501
0.9960506
0.9979827
0.9937908
0.9932454
0.9926013
0.9942355
0.993315
0.992329
0.9946527
0.9936208
0.9934724
0.8577045
0.9931579
0.9904656
0.9968411
0.8946734
0.836739
0.9921492
0.9899744
0.9928191
0.9726278
0.9421809
0.9048142
0.8628517
0.8200735
0.8793927
0.9502063
0.9547033
0.9852083
0.9822193
0.8907862
0.9277409
0.9927586
0.9965128
0.9835634
0.9831778
0.9662977
0.9550554
0.9353183
0.956367
0.9906571
0.9960999
0.9918955
0.9672989
0.9516254
0.9749825
0.8278843
0.9272049
0.9469919
0.8877361
0.9115646
0.9505054
0.9704805
0.8272206
0.8257002
0.9688831
0.9498496
0.9990266
0.7772681
0.9932787
0.8872892
0.9942795
0.9933688
0.9888051
0.9905211
0.990645
0.9917111
0.992411
0.9924283
0.9885366
0.991051
0.9921144
0.9924249
0.9915287
0.8488281
0.9301035
0.8620385
0.828579
0.9247561
0.9393141
0.9382952
0.9377209
0.9913937
0.8910084
0.8422367
0.8949296
0.8521848
0.8448776
0.861187
0.8245474
0.927791
0.9870118
0.9886066
0.9927429
0.9938658
0.9957479
0.9861045
0.988334
0.9915963
0.99328
0.9958697
0.9975431
0.9915456
0.9907574
0.9914233
0.9916451
0.9913626
0.9914888
0.992045
0.9910037
0.9924233
0.8278217
0.9908125
0.9899386
0.9949869
0.8675757
0.8562922
0.9916719
0.9896379
0.9899758
0.9418292
0.8912895
0.8851949
0.7852839
0.8375547
0.8184381
0.8992852
0.9212335
0.9616264
0.9691085
0.8612597
0.8946162
0.99012
0.9961289
0.9706326
0.9698718
0.9287779
0.9164014
0.8791807
0.9117512
0.9900631
0.9949675
0.9881276
0.941593
0.9233646
0.9531471
0.8607417
0.8964591
0.9217023
0.8593368
0.876593
0.9270845
0.9338851
0.838775
0.8286979
0.9336376
0.9136151
0.9987642
0.8144928
0.9922227
0.8759904
0.9923459
0.9917725
0.9885443
0.9881812
0.9895418
0.9871582
0.9873406
0.9871527
0.9899084
0.9879036
0.9872387
0.9869062
0.9869871
0.9576563
0.9816935
0.9499449
0.9602187
0.882954
0.9104564
0.9047201
0.9122552
0.9881089
0.9254693
0.9489325
0.9231187
0.9445674
0.9370946
0.9093136
0.9441915
0.9070969
0.9846362
0.9859452
0.9909672
0.9927021
0.995881
0.9847393
0.9866381
0.9912642
0.993979
0.9956718
0.995823
0.9858184
0.9860931
0.9883355
0.9863972
0.987346
0.9875174
0.9867003
0.9860683
0.9884128
0.9260393
0.9867642
0.9898315
0.991479
0.9304399
0.9536049
0.989192
0.9902549
0.9828474
0.8996504
0.8730377
0.9316248
0.8893223
0.9550847
0.8939917
0.8555309
0.8920264
0.8795278
0.9277295
0.9214843
0.916455
0.9869224
0.9919466
0.9276009
0.9276362
0.8745382
0.8823815
0.8580324
0.8610142
0.9876551
0.992835
0.9833363
0.9079269
0.9134811
0.9070593
0.9577083
0.9150244
0.8948816
0.9309517
0.9116744
0.9193513
0.8700229
0.9463615
0.9477701
0.8723041
0.8875095
0.9990029
0.9515323
0.9853061
0.929243
0.9867942
0.9859561
0.9924741
0.9488737
0.9682047
0.9655963
0.9895715
0.9878211
0.9686192
0.9847989
0.953316
0.9892305
0.9327583
0.9921415
0.9925241
0.9913046
0.9918655
0.9860316
0.9856856
0.9866615
0.9867287
0.9222509
0.9885731
0.9902082
0.9895207
0.9908218
0.9904083
0.9893076
0.9918261
0.9870932
0.9937656
0.992636
0.9934085
0.9950495
0.9950105
0.9938299
0.9916483
0.9963258
0.9963235
0.9976953
0.9931588
0.8918809
0.8838405
0.9657165
0.9603499
0.9645349
0.9645086
0.9892452
0.9548771
0.9876636
0.9899475
0.9276108
0.9946701
0.9918559
0.9897764
0.9913722
0.987536
0.9962135
0.9891529
0.9860244
0.9868693
0.990841
0.9892108
0.9914862
0.988562
0.9873682
0.9881182
0.9830026
0.9865782
0.9906787
0.9885538
0.9332679
0.9943041
0.9865033
0.9873036
0.9846532
0.9880454
0.9868339
0.9870493
0.9281768
0.9950763
0.9882806
0.9848578
0.9884292
0.9871956
0.9915753
0.987501
0.9880578
0.9903238
0.9891338
0.9881889
0.9873656
0.990822
0.9908589
0.9875224
0.9881831
0.9976713
0.9913575
0.9909326
0.9899718
0.9892535
0.9652022
0.9873045
0.9878109
0.9894313
0.9865592
0.983864
0.9849375
0.9894997
0.9864313
0.9844843
0.9849263
0.9854355
0.9789176
0.9914412
0.9718642
0.9796453
0.8455871
0.8932942
0.8894225
0.8953609
0.9851556
0.9320307
0.9672326
0.9250262
0.9620077
0.9538047
0.9172639
0.9654076
0.8902692
0.9857444
0.9870201
0.9917011
0.9926844
0.9955477
0.9875511
0.9867242
0.9912465
0.9936424
0.9956993
0.9947036
0.9834481
0.9857969
0.9863394
0.9860614
0.9858236
0.9862451
0.9850106
0.9839249
0.98512
0.9444606
0.9847874
0.9884853
0.9894335
0.9400103
0.9723142
0.9884464
0.9909046
0.9791551
0.8701322
0.8544403
0.9474877
0.9056905
0.9750108
0.9125873
0.8341055
0.873509
0.790776
0.8988114
0.9337402
0.9184533
0.9852635
0.9884491
0.8986373
0.8986289
0.8346009
0.8595682
0.8404376
0.8375767
0.987704
0.9928299
0.9792805
0.8857433
0.9083452
0.8835247
0.9748872
0.9202299
0.860522
0.9452366
0.9203011
0.9220528
0.829202
0.967194
0.9678108
0.8309431
0.8769127
0.9992217
0.9709728
0.9810664
0.9331491
0.9839321
0.9874921
0.9917417
0.9695636
0.9795489
0.964129
0.9917012
0.989011
0.9644013
0.9902709
0.9427073
0.9904483
0.9398175
0.9914155
0.9911911
0.9914309
0.9919992
0.9875176
0.9878243
0.9868144
0.9885314
0.9467261
0.9893773
0.9905479
0.9897471
0.9915755
0.9904538
0.9884816
0.9913391
0.9864171
0.9956555
0.994
0.9957726
0.9946176
0.9958203
0.9933924
0.9938843
0.99593
0.9954712
0.9971939
0.9967561
0.9344935
0.9404669
0.9628417
0.9622897
0.965251
0.9554902
0.9871475
0.9395999
0.9880797
0.9896894
0.9469506
0.9937649
0.9933742
0.9890968
0.9926173
0.9912398
0.992785
0.9910898
0.9848744
0.9877082
0.9898012
0.9888706
0.9911629
0.9893008
0.9878801
0.9879612
0.9852278
0.9849764
0.9907964
0.9894361
0.9452505
0.9935834
0.9862422
0.9847505
0.9856678
0.9891297
0.9868694
0.9863154
0.9378168
0.9968184
0.9892834
0.9846943
0.9882772
0.9859304
0.9917692
0.9890319
0.9891215
0.9902698
0.9876929
0.9892538
0.9876168
0.9911105
0.9921101
0.9876679
0.9880532
0.9986781
0.992559
0.9909611
0.9909332
0.9879333
0.9535567
0.9916334
0.9903097
0.9908081
0.9886792
0.9894676
0.9896413
0.9949476
0.9872043
0.9882629
0.9879184
0.9881779
0.9915267
0.9929441
0.9914903
0.9919588
0.9873427
0.9871339
0.9880208
0.986786
0.9886963
0.9884188
0.9916118
0.9894333
0.991905
0.991177
0.9895399
0.9916829
0.9859127
0.9948203
0.9959616
0.9941998
0.9981843
0.997344
0.9925588
0.9939769
0.9956647
0.9958425
0.9974039
0.9933555
0.9829868
0.9870008
0.9889734
0.9868018
0.9850374
0.9861165
0.9842105
0.9835973
0.9909707
0.9909644
0.9875566
0.993311
0.9935114
0.9909814
0.9911662
0.9899536
0.9952633
0.9929041
0.9847631
0.9877483
0.9914227
0.989934
0.991476
0.9884883
0.988153
0.9880745
0.983643
0.9854617
0.9914673
0.9884049
0.987587
0.9927136
0.984486
0.982382
0.9851361
0.9897203
0.9868044
0.9863163
0.98758
0.994009
0.990959
0.9860316
0.9883153
0.9845316
0.9922255
0.9880473
0.9886422
0.9899258
0.9897756
0.9889542
0.9861171
0.9914286
0.9922566
0.9854571
0.987733
0.9983085
0.9922285
0.990656
0.9898754
0.9832326
0.9873199
0.9901715
0.8865564
0.9021716
0.959332
0.9883586
0.9865628
0.9261582
0.9866483
0.9320652
0.9889824
0.9542779
0.9900469
0.9932115
0.9891568
0.9909004
0.989288
0.9884548
0.9890337
0.9886671
0.9552974
0.98956
0.9908547
0.9891941
0.9906177
0.9899419
0.9892173
0.9900606
0.9891022
0.9931724
0.9931787
0.9969598
0.9951501
0.9967568
0.9918687
0.9961661
0.9932914
0.9951155
0.9973608
0.9947741
0.9492095
0.9574259
0.9072572
0.9221582
0.9108333
0.9129525
0.9828097
0.9624148
0.9883588
0.9884463
0.9516002
0.9930425
0.9946822
0.9910242
0.9909568
0.950843
0.9913043
0.991944
0.9880742
0.9895736
0.9897218
0.9897958
0.9903862
0.9890252
0.989553
0.9906014
0.9895343
0.988709
0.9900588
0.9890794
0.9484088
0.9954175
0.9890003
0.9895766
0.9896123
0.9895933
0.9888444
0.9892231
0.9469202
0.9959504
0.9875634
0.9875999
0.9902256
0.9896887
0.9929376
0.9896902
0.9905409
0.990675
0.9900773
0.9901362
0.9897016
0.9907495
0.9901057
0.9901953
0.9899344
1.
0.9906945
0.9918791
0.9898855
0.9852275
0.916129
0.9890164
0.9894937
0.9892568
0.9893129
0.9900562
0.9893703
0.9890114
0.9913558
0.9898273
0.9903866
0.9900777
0.9008924
0.9601918
0.8994437
0.8877412
0.8971637
0.9058703
0.9088698
0.9061987
0.9905468
0.8780629
0.8785751
0.8878923
0.8930976
0.8700559
0.8560536
0.864435
0.9020959
0.9852566
0.9881933
0.9920514
0.9920877
0.9961751
0.984758
0.9857106
0.9920218
0.9926883
0.9956418
0.9970949
0.9888613
0.9894492
0.9893235
0.9897562
0.989166
0.990641
0.9903859
0.9889396
0.9893707
0.8643762
0.9886312
0.9896847
0.9937883
0.9037335
0.8940135
0.9913944
0.9888137
0.986157
0.9089244
0.8562244
0.8934238
0.7997355
0.8889573
0.8176577
0.8583502
0.9027631
0.9260183
0.946976
0.8677079
0.8585362
0.9881398
0.9934766
0.9486963
0.9481615
0.8975086
0.8944982
0.8404173
0.8676007
0.9888993
0.9945976
0.9861173
0.9044869
0.9152
0.9294476
0.8991149
0.8577042
0.8927453
0.8982673
0.8416303
0.9131424
0.9045569
0.8789989
0.8809661
0.9066187
0.8978979
0.9989486
0.8819376
0.9889227
0.8753594
0.9890553
0.9904916
0.9901612
0.9902583
0.9900588
0.9907174
0.9919038
0.9918783
0.9902477
0.9915866
0.9916
0.9925347
0.9907007
0.8821855
0.9535277
0.8874148
0.8671908
0.9301572
0.931662
0.9326042
0.9305052
0.9903887
0.8973524
0.8577794
0.9079817
0.8798552
0.8419122
0.8712457
0.8591696
0.9350764
0.9855901
0.9885153
0.9930559
0.9930115
0.9956764
0.9857352
0.986363
0.9911814
0.9933753
0.9947648
0.9979051
0.9910047
0.9913811
0.990661
0.9915538
0.9907496
0.9901508
0.992458
0.9902286
0.9902461
0.8570386
0.9903891
0.9890066
0.9950277
0.9048191
0.8735632
0.9915401
0.9893145
0.9884994
0.9438149
0.8989499
0.8944644
0.8381166
0.8668403
0.8519635
0.9067405
0.927791
0.9604638
0.9688605
0.8818978
0.9034756
0.9907695
0.9953629
0.9688424
0.9693785
0.9355516
0.9210601
0.8941151
0.9143339
0.9897773
0.9947859
0.9883344
0.9349645
0.9311906
0.9536255
0.8739758
0.9031122
0.9301121
0.898384
0.8924566
0.9250769
0.9404278
0.8699795
0.8615351
0.9418689
0.924317
0.9989687
0.8570708
0.9903253
0.8902843
0.9922462
0.991029
0.9885242
0.9873438
0.9887616
0.9843503
0.9831199
0.9860842
0.989615
0.9865108
0.9843532
0.9837407
0.9854694
0.9761321
0.9920385
0.9675551
0.9790271
0.8209546
0.8647576
0.8634764
0.8674756
0.9853494
0.9220387
0.9637375
0.9178406
0.9601146
0.9474775
0.9009673
0.9599699
0.8724043
0.9849987
0.9866163
0.9917574
0.9928149
0.9958898
0.9846348
0.986402
0.9910793
0.9932666
0.995392
0.9948924
0.9817784
0.9855739
0.9857443
0.9850995
0.9852078
0.9874901
0.9835073
0.9842805
0.984352
0.9366933
0.9837729
0.9875719
0.9887119
0.9426287
0.9691333
0.9863463
0.9904461
0.9794046
0.849077
0.8193134
0.9384144
0.888593
0.9727919
0.8955555
0.7966878
0.8638632
0.7705711
0.893866
0.9286435
0.9072349
0.9843601
0.9881342
0.8911115
0.8897508
0.8118323
0.8410897
0.8007198
0.7975783
0.9868711
0.9921441
0.9791778
0.8631245
0.901641
0.8724662
0.9726144
0.910068
0.8542542
0.945802
0.9063497
0.9080432
0.8133044
0.9655998
0.9658154
0.8136817
0.8677044
0.9991098
0.9700508
0.9818723
0.9285725
0.9823662
0.984673
0.9901074
0.9889402
0.989015
0.9871661
0.9872115
0.9873598
0.990115
0.9881706
0.9882326
0.9877521
0.9872282
0.9326669
0.9848208
0.9174925
0.9434311
0.8204867
0.841233
0.8385969
0.8425955
0.9873283
0.8910636
0.9245735
0.8842354
0.9220859
0.8985952
0.8451694
0.9151227
0.862308
0.9849124
0.9860874
0.9909815
0.9927624
0.9954931
0.9837425
0.9847084
0.9907018
0.9924324
0.9956357
0.9966613
0.9866167
0.9873755
0.9888145
0.9881229
0.9881566
0.9895869
0.9889272
0.9877682
0.9869366
0.8842192
0.987087
0.9884948
0.9928463
0.926733
0.9292792
0.989331
0.9893428
0.9838227
0.8554948
0.7407855
0.8838268
0.7694129
0.9287925
0.7782112
0.6906603
0.8458296
0.849502
0.9142082
0.8832714
0.8777619
0.9874799
0.9928789
0.915677
0.9170959
0.832628
0.8126706
0.7230336
0.7289624
0.9884325
0.9941606
0.982133
0.864047
0.8863985
0.887876
0.9434291
0.8780486
0.8602882
0.9279014
0.8665455
0.8606878
0.8288135
0.9177057
0.927852
0.8322264
0.8510803
0.9988117
0.9352287
0.9864817
0.904182
0.9871449
0.98882
0.9935499
0.9926067
0.9944672
0.9924493
0.9942349
0.9930087
0.996719
0.9936709
0.9901039
0.9891878
0.9927417
0.9982393
0.9985543
0.9975356
0.9981495
0.9870901
0.9896048
0.9893318
0.9897903
0.9915134
0.9928551
0.9971865
0.9933684
0.9967688
0.9955168
0.9921148
0.9974539
0.9894624
0.9941321
0.9946403
0.9960872
0.9978897
0.9966368
0.994012
0.9963727
0.9968111
0.9977084
0.9949239
0.9964206
0.9891612
0.994606
0.993573
0.9945029
0.9920825
0.9917755
0.9926668
0.9910861
0.9931684
0.9954388
0.9931781
0.9916123
0.9921233
0.9949057
0.9974996
0.994655
0.9954597
0.992329
0.9875056
0.9896299
0.9954128
0.9939037
0.9979463
0.9937364
0.9896884
0.9897237
0.9809633
0.9880557
0.9949598
0.9911277
0.9917802
0.9937952
0.9867824
0.986879
0.9854837
0.9903397
0.9883848
0.987961
0.9939024
0.9948718
0.9939559
0.9886052
0.991109
0.9861357
0.9980643
0.9921476
0.9884873
0.9949901
0.9922415
0.9929981
0.9858371
0.9969722
0.99713
0.9855548
0.989316
0.9994652
0.9976185
0.9915789
0.9945726
0.9929199
0.9930154
0.9956815
0.9948828
0.9959161
0.9928019
0.9937364
0.9964597
0.9970884
0.9953103
0.9963657
0.994012
0.9949881
0.9985533
0.9991644
0.9981615
0.9987955
0.9904754
0.9926249
0.9926993
0.993048
0.9960223
0.9940414
0.9979397
0.9954491
0.9968709
0.9966544
0.9945479
0.9976537
0.9938109
0.9939495
0.9974851
0.9948119
0.9989396
1.
0.9978179
0.9968421
0.9966381
0.9959933
0.9964789
0.9982838
0.993374
0.9944356
0.9959688
0.9924057
0.9951233
0.9923246
0.9964049
0.9920614
0.9952179
0.9965179
0.9946921
0.9965995
0.9938424
0.9964041
0.9977786
0.9930958
0.9966837
0.9914306
0.9918174
0.9930802
0.9961143
0.995598
0.9979701
0.9956836
0.9933127
0.9930416
0.986194
0.9906979
0.9948783
0.9940966
0.9952419
0.9971074
0.9908738
0.9917297
0.9907838
0.9938469
0.9923556
0.9921558
0.9968304
0.9958983
0.9937487
0.9934191
0.9942036
0.9905964
0.9976388
0.9936486
0.9926199
0.9962598
0.9944045
0.99521
0.9904537
0.9973749
0.9976791
0.9905516
0.9920392
1.
0.9979414
0.993941
0.9945824
0.9913937
0.992627
0.9978243
0.9931899
0.9967033
0.9951665
0.9953322
0.9939344
0.9978638
0.9952633
0.9923448
0.9951079
0.9936
0.9983966
0.998994
0.9981346
0.9981233
0.9922349
0.9932311
0.9931478
0.9942082
0.9919355
0.9949203
0.9971007
0.9958008
0.9973162
0.9969747
0.9949663
0.9971717
0.9933635
0.9943265
0.995612
0.9983655
0.9989259
0.9976766
0.9961977
0.9951126
0.9969107
0.9973
0.997319
0.9988325
0.9919614
0.9957254
0.9945652
0.9959061
0.9956248
0.9930844
0.9952461
0.9930611
0.9954411
0.9967625
0.9949103
0.9957717
0.9891168
0.9960294
0.9982618
0.9969436
0.9971693
0.9937725
0.9920084
0.9930002
0.9965012
0.9957823
0.9983514
0.9955167
0.9933755
0.9937916
0.9880642
0.9917293
0.9958376
0.9949157
0.9930463
0.9949559
0.99139
0.9914158
0.9899615
0.9918959
0.9924969
0.992281
0.9927711
0.9970894
0.9936998
0.9933242
0.9930742
0.9911312
0.9975702
0.9949148
0.9929989
0.9966528
0.9948863
0.9956952
0.9906994
0.9979576
0.9977936
0.9906582
0.9919189
0.9977612
0.9977632
0.9914689
0.9954848
0.9941275
0.9950481
0.9970052
0.9978302
0.995322
0.9962436
0.9950549
0.9939327
0.9973276
0.9963808
0.9971775
0.9930776
0.9968094
0.9986814
0.9981541
0.9981345
0.9986065
0.9922083
0.9934351
0.9934003
0.9941067
0.9967889
0.9952908
0.9976917
0.9962831
0.997047
0.9973834
0.9951243
0.9976746
0.9944798
0.996645
0.9944496
0.9967245
0.9974892
0.9976755
0.997
0.9974555
0.9950464
0.9989889
0.9973178
0.9988318
0.9949225
0.9962607
0.9970174
0.9972737
0.9928689
0.996968
0.9960872
0.9962746
0.9959786
0.9965725
0.9954472
0.9949735
0.9954224
0.9956893
0.9976905
0.9955469
0.9984576
0.993771
0.9931455
0.9941247
0.9962816
0.9959751
0.9982317
0.9961777
0.9938009
0.9941275
0.9901146
0.9934754
0.9956731
0.9956568
0.9984034
0.9987432
0.9930523
0.9929549
0.9923958
0.993726
0.993384
0.9936138
0.997334
0.9962531
0.996098
0.9934707
0.9940316
0.9924796
0.9980307
0.9958256
0.9937716
0.9965611
0.9960194
0.9951183
0.992002
0.9978845
0.9976306
0.992082
0.9942728
0.9977595
0.9980905
0.9954847
0.9966456
0.9941259
0.9967033