0.9872496
0.9917469
0.9891289
0.9923213
0.992241
0.9890179
0.9924155
0.958382
0.765873
0.8458005
0.8895641
0.851868
0.9202291
0.9848397
0.9882607
0.9881963
0.9937859
0.9936855
0.9930371
0.9960017
0.9960793
0.9954292
0.9963226
0.9965789
0.9935837
0.9985789
0.9404668
0.9947447
0.9881708
0.9884038
0.9881475
0.9867979
0.9873107
0.9883475
0.9864537
0.9871676
0.987883
0.9886989
0.9884859
0.988841
0.98889
0.9875445
0.988184
0.9897549
0.9916199
0.9895017
0.9855971
0.9875082
0.9871105
0.9874963
0.9881775
0.987969
0.9877332
0.9879713
0.9881602
0.9868249
0.9872485
0.9883949
0.9871251
0.9878671
0.9872726
0.9883921
0.9874489
0.9899139
0.9878188
0.9880313
0.9868477
0.988568
0.9936371
0.9923879
0.9896182
0.9895026
0.9879813
0.95748
0.9525576
0.9581213
0.9911077
0.9908514
0.9918001
0.990381
0.990023
0.9902115
0.9931003
0.9914805
0.9912917
0.9899977
0.9895508
0.9904806
0.991816
0.9898898
0.9914612
0.9899466
0.9903451
0.9889602
0.9913432
0.9906475
0.9869363
0.9906793
0.9853735
0.9867293
0.9860375
0.9924738
0.9899339
0.9937763
0.992545
0.9905266
0.9918053
0.9876025
0.9878284
0.9903456
0.9886364
0.9893245
0.9901544
0.9520049
0.99068
0.9876121
0.9931088
0.9947303
0.9954611
0.9963876
0.9936011
0.9976917
0.9960085
0.9946595
0.9921048
0.9961575
0.9862517
0.993406
0.9884422
0.9894853
0.9890131
0.9897528
0.9869784
0.9874011
0.9884795
0.9876836
0.9884859
0.9902865
0.9877057
0.9954093
0.9889762
0.9886263
0.9885937
0.9904284
0.9915197
0.9886364
0.9870723
0.9876366
0.9884003
0.9882572
0.9885525
0.9875438
0.9881476
0.9890415
0.9890487
0.9872493
0.9898025
0.9887861
0.9863362
0.988396
0.9887332
0.9877798
0.9883123
0.9927979
0.9884848
0.9889705
0.9868623
0.9887904
0.99252
0.9926511
0.9911353
0.9924003
0.9886658
0.9895078
0.9891635
0.9894656
0.9913905
0.9923871
0.9929269
0.9916864
0.9907862
0.9913334
0.9926648
0.992467
0.9930061
0.9928596
0.9928176
0.9926525
0.9923698
0.9925484
0.9923476
0.9928795
0.9901902
0.9881744
0.9913246
0.9925766
0.9866756
0.9927446
0.9862517
0.9872178
0.9852818
0.9938115
0.9889382
0.9935183
0.9933566
0.9884892
0.9919596
0.9481855
0.9623812
0.9671243
0.9676612
0.9550098
0.9760445
0.9887146
0.9883808
0.9872796
0.9919864
0.9917482
0.993534
0.997096
0.994405
0.9957532
0.996124
0.9968952
0.9930233
0.9969619
0.9364332
0.9950751
0.988567
0.988041
0.9884734
0.9877912
0.9836715
0.9856538
0.9847594
0.9859642
0.9864526
0.9894467
0.9863775
0.9905308
0.985155
0.9864736
0.9866204
0.9894042
0.9914886
0.9880126
0.9829844
0.9857905
0.9851393
0.9856345
0.9888919
0.9869851
0.9854458
0.9860583
0.9876861
0.9851104
0.9870421
0.9879271
0.98463
0.9871162
0.9850032
0.9870094
0.9867946
0.9925313
0.984627
0.9876295
0.9850941
0.9880214
0.9957511
0.9924937
0.9902425
0.9914469
0.9865767
0.933767
0.9094014
0.928827
0.9914579
0.9928806
0.9937699
0.9915857
0.9895748
0.9921779
0.9949874
0.9934778
0.9941013
0.9930701
0.992868
0.9915358
0.9921558
0.9929815
0.9933961
0.9930364
0.9908133
0.9867515
0.9914576
0.9921377
0.9844669
0.9922059
0.9832211
0.9840649
0.826626
0.9613634
0.8899015
0.9603247
0.9599653
0.9121394
0.9640465
0.9853092
0.9871041
0.9870715
0.9866461
0.9875549
0.9870434
0.9855147
0.9073013
0.8352992
0.9857644
0.9869611
0.9927175
0.9923677
0.9925652
0.9956795
0.9961067
0.9967273
0.9864756
0.9939831
0.9873893
0.9919609
0.8772845
0.8755145
0.8756632
0.8742498
0.8479306
0.8421004
0.8443158
0.8105719
0.8368233
0.932337
0.837145
0.9911807
0.8898592
0.8502094
0.861805
0.9181945
0.9615576
0.8943245
0.8357946
0.8276322
0.8443327
0.8614521
0.8722294
0.8530803
0.8349746
0.852688
0.8488908
0.8518184
0.8833205
0.877605
0.8947733
0.8237092
0.8937434
0.8599714
0.8335307
0.9655452
0.8059098
0.8503165
0.89008
0.8554045
0.9903375
0.9672997
0.9481143
0.9486692
0.8555103
0.9844352
0.9849367
0.984629
0.9360516
0.9625156
0.9709907
0.9469639
0.917191
0.9507299
0.968872
0.9637111
0.9711022
0.9517231
0.9517918
0.9660306
0.9603662
0.9513906
0.9635827
0.9506322
0.9281663
0.880746
0.9470526
0.9643682
0.8296604
0.9623755
0.827966
0.8742458
0.9888432
0.997618
0.9944629
0.9973329
0.9971085
0.9943586
0.9972777
0.993228
0.9938791
0.9936061
0.9944091
0.9914948
0.9946374
0.9924714
0.994222
0.9924423
0.9955008
0.996715
0.995222
0.9976615
0.9978528
0.9996173
0.9967624
0.9975659
0.9942688
0.9979167
0.9891742
0.9623739
0.9925138
0.9924308
0.992061
0.9926721
0.9874982
0.9885323
0.9884876
0.9909472
0.9928426
0.9949654
0.9891283
0.9877535
0.9928539
0.9932034
0.9938756
0.9947958
0.9969176
0.9932148
0.9893888
0.9912462
0.9925007
0.9892199
0.9935607
0.9923824
0.9925437
0.9929923
0.993304
0.9891243
0.9926734
0.9932983
0.9901626
0.9916917
0.9919562
0.9929222
0.9926915
0.997495
0.9900091
0.9929534
0.9902569
0.9913449
0.9369149
0.9974635
0.9958933
0.9972872
0.9932739
0.9934624
0.9912237
0.9941905
0.9968014
0.997097
0.9979433
0.9969048
0.995549
0.9960276
0.9972491
0.9969137
0.99782
0.997485
0.9975732
0.9976519
0.9976146
0.9973463
0.9968469
0.9973769
0.9956725
0.9931453
0.9950371
0.9966671
0.988888
0.9969885
0.9866304
0.9895413
0.9784001
0.9918268
0.9854592
0.9916854
0.9915095
0.9862673
0.9921681
0.9914947
0.9917224
0.9897764
0.9920584
0.9923249
0.9915511
0.9921235
0.9822676
0.9809662
0.9904736
0.9904115
0.9946055
0.9951641
0.9937733
0.9953815
0.9971158
0.9960752
0.9890496
0.9958119
0.9910194
0.9952381
0.9820069
0.9804911
0.9810089
0.9823317
0.9787001
0.97731
0.9784463
0.9781112
0.9816168
0.9883789
0.9782447
0.9932
0.9827221
0.9823675
0.9832575
0.9861045
0.9917257
0.9830045
0.9807476
0.9798902
0.9812946
0.9813292
0.9819115
0.9806886
0.9818423
0.9820699
0.9816408
0.9785388
0.9816153
0.9822681
0.9796818
0.9808206
0.9847506
0.9822357
0.9809104
0.9907894
0.9777621
0.9824666
0.9797578
0.9831189
0.9921403
0.9907595
0.9877557
0.9884258
0.9824083
0.9898862
0.9903952
0.9914516
0.9891802
0.9910022
0.9912844
0.9896115
0.9823984
0.9894475
0.9920454
0.9909338
0.9911672
0.9908331
0.9903485
0.9916385
0.9896025
0.9903474
0.9909194
0.9904303
0.9879841
0.9804241
0.9874995
0.9907351
0.9806691
0.9913324
0.9771041
0.9811805
0.9830751
0.991685
0.9871064
0.9922239
0.9907387
0.988591
0.9936206
0.9933228
0.9928826
0.9928699
0.993791
0.9921203
0.9950213
0.9924379
0.9864047
0.9845665
0.9911635
0.991237
0.9954425
0.9929522
0.9949566
0.9962903
0.9942446
0.9961631
0.9909536
0.9945367
0.9929701
0.9968007
0.9837423
0.9843841
0.984541
0.9839075
0.983017
0.9835341
0.9834519
0.984024
0.985286
0.9872304
0.9827619
0.9965478
0.9857617
0.9856866
0.9863055
0.9876353
0.9914481
0.9850549
0.9826368
0.9842407
0.9851239
0.9840087
0.985489
0.9843474
0.9852298
0.9858943
0.9852273
0.9838906
0.9840315
0.9857528
0.9847761
0.9856839
0.9851639
0.9857551
0.9846706
0.9918048
0.9839762
0.9860506
0.9849225
0.9864949
0.9948897
0.9923523
0.9894132
0.9907297
0.98542
0.9950791
0.99298
0.9934629
0.9901285
0.9914734
0.992747
0.9913479
0.9861867
0.9912821
0.9925166
0.9920577
0.993538
0.9914901
0.9913831
0.9923356
0.9919561
0.9912648
0.9916924
0.9914925
0.9898625
0.9830761
0.990377
0.9927467
0.9834081
0.9923764
0.9833965
0.9844311
0.9856588
0.9945182
0.9914426
0.9951109
0.9945532
0.9912063
0.9950074
0.9950544
0.9933708
0.9951778
0.9945957
0.9935314
0.9963892
0.9938987
0.9895061
0.987551
0.9957895
0.9943757
0.9963235
0.9953062
0.9969907
0.9964549
0.9966035
0.9971647
0.9914796
0.9974632
0.9940606
0.9981253
0.9890948
0.9891657
0.9893833
0.9897454
0.9865619
0.9849792
0.9850261
0.9862875
0.9881101
0.991422
0.9868031
0.9951259
0.9878395
0.9882709
0.9891843
0.9896613
0.995072
0.989008
0.9858277
0.9867234
0.9875141
0.9875142
0.988848
0.9876639
0.9879103
0.9881745
0.988611
0.9851107
0.9885553
0.9888258
0.9857235
0.9874252
0.9891641
0.9879082
0.9881378
0.9945311
0.9853649
0.9883315
0.987021
0.9882103
0.9914999
0.9951094
0.9928165
0.9943637
0.9882329
0.995641
0.9922772
0.9940215
0.9930328
0.9947994
0.9959136
0.9939825
0.9893793
0.9935148
0.9949967
0.9946093
0.9956469
0.9947488
0.9945783
0.9954906
0.9950788
0.9947449
0.9944486
0.9947861
0.9920808
0.9874342
0.9921004
0.9947455
0.9856927
0.9945745
0.984814
0.9873281
0.989034
0.9944268
0.9915929
0.9944588
0.9941118
0.9908651
0.9951781
0.9936427
0.9944134
0.9961307
0.9937808
0.9948097
0.9950527
0.9952111
0.9911628
0.9898733
0.9936568
0.9945717
0.9951038
0.9961427
0.9962378
0.9967046
0.995625
0.9965571
0.9936064
0.995283
0.9944962
0.9952858
0.9913317
0.9908606
0.9899482
0.9900967
0.9892955
0.9898435
0.9903589
0.9893235
0.9892337
0.9917815
0.988322
0.9970326
0.9898035
0.9901346
0.9901645
0.990768
0.9942193
0.9899388
0.9877584
0.9896954
0.9899162
0.990307
0.9899489
0.9905089
0.9896485
0.990512
0.9895215
0.9893171
0.9890723
0.9897178
0.9900057
0.9911686
0.9903924
0.9906999
0.9894081
0.9943913
0.9901162
0.9897906
0.9895886
0.9905694
0.9970033
0.9954912
0.9927183
0.9933821
0.9901705
0.9942687
0.9957788
0.995742
0.9930965
0.9942552
0.9949146
0.9930314
0.9911502
0.9927443
0.9949459
0.994241
0.994753
0.9939791
0.9942553
0.9945793
0.9940711
0.9941447
0.9940822
0.9939448
0.9923193
0.990143
0.9933184
0.9946299
0.9895472
0.9938979
0.9897527
0.9907108
0.9883305
0.9958655
0.9929134
0.9963646
0.9956198
0.9923662
0.9964301
0.9942643
0.9944009
0.9952904
0.9964333
0.9950406
0.9937135
0.9943195
0.9920459
0.9899482
0.9962891
0.9936853
0.9958567
0.9964646
0.9976334
0.9965057
0.9963492
0.9983394
0.9946467
0.9964902
0.994709
0.9975093
0.9903077
0.990795
0.9903364
0.9901722
0.9875241
0.9882433
0.9895507
0.9887954
0.9905657
0.9925948
0.9883167
0.996224
0.9902345
0.9910962
0.9908618
0.9919432
0.9951452
0.9915346
0.9887773
0.989411
0.9896759
0.9894279
0.9912078
0.9897585
0.9896892
0.9903571
0.9906367
0.9874343
0.9908621
0.9911545
0.9891038
0.9899958
0.9907709
0.9907759
0.9902705
0.9960578
0.9882103
0.9909349
0.9893512
0.9923124
0.9984137
0.9958985
0.9941451
0.9939555
0.9903249
0.9958048
0.9951606
0.9942235
0.9946215
0.9960081
0.9961981
0.9943484
0.9916323
0.9954615
0.9965858
0.9958316
0.9959268
0.9953856
0.9956374
0.9958831
0.9956822
0.9953931
0.9956821
0.995423
0.994301
0.9890247
0.9932133
0.9953408
0.9881436
0.9959927
0.9866727
0.9898553
0.989646
0.9947978
0.9932513
0.9942441
0.9950867
0.9923451
0.9954197
0.9952456
0.9951702
0.9956221
0.994953
0.9946685
0.9972407
0.9960354
0.9916345
0.9913811
0.9954825
0.9966053
0.9959829
0.9966146
0.9975557
0.996366
0.9972366
0.9982699
0.9952615
0.9966657
0.9961556
0.9980601
0.9903279
0.9914454
0.9911534
0.9913262
0.9896755
0.9891502
0.9901785
0.9900424
0.9909348
0.9921225
0.9896463
0.9937705
0.9918717
0.9915755
0.9916018
0.9914705
0.9946468
0.9918699
0.9899002
0.9908709
0.9915507
0.9906132
0.991223
0.990896
0.991534
0.9914843
0.9910793
0.989759
0.9905265
0.9911536
0.9914901
0.9911596
0.9913424
0.9921375
0.9911406
0.9944463
0.9899676
0.9915591
0.9909796
0.9916227
0.9956996
0.9953856
0.9932415
0.9939621
0.991393
0.9966002
0.9952553
0.9938342
0.9950918
0.9957799
0.9949521
0.9949229
0.9922647
0.9941732
0.995922
0.9955149
0.9949986
0.9948691
0.9946977
0.9942598
0.994885
0.9947199
0.9954141
0.9947982
0.9936362
0.9911534
0.9948086
0.9948351
0.9890167
0.9949184
0.9895343
0.9912274
0.9929949
0.9975096
0.9951409
0.9975176
0.9976865
0.9945534
0.9972355
0.9956287
0.9955497
0.9971174
0.9955637
0.997365
0.9968562
0.9954739
0.9948299
0.9943861
0.995805
0.9962488
0.9956547
0.9966767
0.9971429
0.9971989
0.997463
0.9991529
0.9949556
0.9989189
0.9961459
0.9980484
0.9934659
0.9935823
0.9930148
0.9931396
0.992795
0.9933518
0.9928695
0.9929131
0.9936461
0.9957595
0.9928222
0.9972332
0.9939043
0.9944064
0.9944834
0.9952584
0.9973027
0.9936188
0.993117
0.9933225
0.9936675
0.9938347
0.9945523
0.9936149
0.9942018
0.9940548
0.9938787
0.9934435
0.9941775
0.9944037
0.9917646
0.9938549
0.9956076
0.9941424
0.9936845
0.9975617
0.99261
0.9940017
0.9916414
0.9940714
0.9963928
0.9977383
0.9968019
0.9962319
0.9939084
0.9958752
0.9946071
0.9976714
0.9959478
0.9976
0.9977254
0.9967647
0.9950054
0.9970387
0.997837
0.9973084
0.9976026
0.9970255
0.9969633
0.9975693
0.9965525
0.9971373
0.9973085
0.9975353
0.996191
0.9926987
0.9963467
0.9971547
0.9927086
0.9970284
0.9925799
0.9937218
0.9955959
0.9961021
0.9956532
0.9961186
0.9958464
0.9952427
0.9952659
0.9984383
0.9946794
0.9976064
0.9978853
0.9981283
0.9973411
0.9983823
0.9957062
0.9954249
0.996567
0.9948
0.9967628
0.9963088
0.9980614
0.9967213
0.9943478
0.9969539
0.9977606
0.9959395
0.9945141
0.9972022
0.9958328
0.9959595
0.9958729
0.9957052
0.9959739
0.9951614
0.9950867
0.9955875
0.9956011
0.9955419
0.99534
0.9971683
0.9952951
0.9955714
0.9957334
0.995352
0.9951625
0.9951645
0.9951232
0.9962876
0.9955375
0.995891
0.9956135
0.9955749
0.9956401
0.9957456
0.9955584
0.9952452
0.9957167
0.9951587
0.9952812
0.9961169
0.9955761
0.9957517
0.9952139
0.9956945
0.9957406
0.9955785
0.9954842
0.9953138
0.997541
0.9955848
0.9956047
0.9952237
0.9956437
0.9968627
0.9958344
0.9981622
0.9953194
0.9954506
0.9951666
0.9950922
0.9956357
0.9952564
0.9961306
0.9953094
0.9948673
0.9960015
0.996188
0.9958088
0.9957772
0.9958904
0.9954449
0.9960939
0.9947248
0.9952401
0.9956199
0.9956325
0.9959743
0.995422
0.9961173
0.9951825
0.9945608
0.9970846
0.9965661
0.9977571
0.9976666
0.9968495
0.9977378
0.998626
0.9977572
0.9952086
0.9963626
0.9974533
0.9980337
0.995422
0.9955267
0.9954152
0.9968421
0.9975052
0.997184
0.9970492
0.9986174
0.9968708
0.9957143
0.9990472
0.9963845
0.9948062
0.9966969
0.9986968
0.9949121
0.9950843
0.9952676
0.9954891
0.9942118
0.9949955
0.9958835
0.9949914
0.9951722
0.9964208
0.9946362
0.9995602
0.996062
0.9958522
0.9956444
0.9958326
0.997618
0.9959031
0.9945973
0.994891
0.9952557
0.9958341
0.9959228
0.9950883
0.9952204
0.9950902
0.9954412
0.9945349
0.994813
0.9951589
0.9945208
0.9958063
0.9962847
0.9957741
0.9952438
0.997423
0.9951356
0.9958137
0.9938106
0.9958216
0.9977649
0.9972432
0.9967469
0.9969195
0.9957567
0.9977931
0.9986294
0.9977802
0.9969024
0.9972666
0.9969348
0.9973244
0.9961727
0.9971552
0.9978191
0.9971725
0.996974
0.9978149
0.997704
0.9975275
0.9972313
0.9978859
0.9971502
0.9977973
0.9970612
0.9948424
0.9975529
0.9975355
0.9942783
0.9975613
0.9948265
0.9952105
0.996058
0.998022
0.9966142
0.9978193
0.9978943
0.9953789
0.9980307
0.9966574
0.9974461
0.9971534
0.9983046
0.9951206
0.998295
0.996819
0.9969581
0.9951389
0.9961743
0.9974832
0.997782
0.9963407
1.
0.9968109
0.9985465
0.9990277
0.9976425
0.9979749
0.9955394
0.9986726
0.9963916
0.9960331
0.9957751
0.9959232
0.9953244
0.9956552
0.9963991
0.9958643
0.99605
0.9965674
0.9953078
0.9977558
0.9954702
0.9960503
0.9960486
0.9958787
0.9973696
0.9960971
0.9951822
0.9953597
0.9958507
0.9962629
0.9955637
0.9952534
0.9958298
0.9958726
0.9962072
0.9952121
0.9963113
0.9955936
0.9957407
0.9962679
0.9955235
0.99594
0.9958453
0.997445
0.9954586
0.9959095
0.9961748
0.9964928
0.996808
0.9974622
0.9975517
0.9977503
0.9956939
0.9966471
0.997223
0.9963452
0.9974904
0.9973373
0.9977337
0.99739
0.9951524
0.9973087
0.9975941
0.997575
0.9975566
0.9976305
0.9975548
0.9978829
0.9978323
0.997568
0.9975964
0.9975034
0.9975253
0.9960042
0.9969693
0.9977328
0.9959189
0.9977028
0.9951441
0.9953966
0.9954294
0.9962044
0.9961979
0.9966433
0.9965072
0.9957284
0.9966473
0.9966546
0.9968741
0.9977221
0.9988694
0.9962697
0.9962952
0.9976865
0.995992
0.9959189
0.9965986
0.9968501
0.9990497
0.9986711
0.9968343
0.9986339
0.9980583
0.9970732
0.9982855
0.9983786
0.9969351
0.998227
0.994687
0.9953482
0.9955064
0.9954841
0.9951793
0.9954882
0.994527
0.9957808
0.9961697
0.9969899
0.9950533
0.9977528
0.9970779
0.9964795
0.9961837
0.997063
0.9964792
0.9959263
0.9954555
0.9960534
0.9962064
0.9959524
0.9961465
0.9956238
0.9962803
0.9963034
0.9961678
0.9958091
0.9957411
0.9968564
0.9959943
0.9958792
0.9965327
0.996631
0.9958155
0.9967793
0.9955769
0.9961728
0.9960109
0.9953582
0.9954275
0.9968572
0.9968325
0.9964985
0.9964767
0.9974853
0.9952659
0.9971886
0.9965351
0.9970921
0.9970649
0.9966803
0.9966487
0.996773
0.9975621
0.9970025
0.9971835
0.9970637
0.9969277
0.996936
0.9972283
0.9970837
0.9969816
0.9971194
0.9959536
0.9960039
0.9965826
0.9972079
0.9954723
0.9969825
0.9947457
0.9956698
0.995632
0.9977427
0.9969566
0.9979077
0.9978515
0.9966496
0.998748
0.9979751
0.9979339
0.9979278
0.9970562
0.9946188
0.9973357
0.9984967
0.9969733
0.996124
0.9973759
0.9989217
0.9986759
0.9975627
0.995935
0.9990301
1.
0.9989578
0.9982344
0.9982847
0.9976859
0.996695
0.9960868
0.99521
0.9955406
0.9954203
0.9956641
0.9945968
0.9955836
0.9955501
0.9963146
0.9970989
0.9951478
0.9971278
0.9958901
0.9964348
0.9964768
0.996952
0.9982508
0.9963952
0.9952316
0.9958484
0.9964
0.9954056
0.9963651
0.9959851
0.9962553
0.9962887
0.9966058
0.9960499
0.9958302
0.9960709
0.995801
0.9962489
0.9965462
0.9964691
0.9961761
0.9983005
0.9957312
0.9963337
0.9954544
0.9957308
0.9956162
0.9978023
0.9975716
0.9976689
0.9962989
0.9970956
0.9976912
0.9973707
0.9977452
0.9977459
0.9980203
0.9979421
0.9965294
0.9980158
0.9983797
0.9982838
0.9980284
0.9976978
0.9979919
0.997978
0.9981398
0.997655
0.9982517
0.9979364
0.997433
0.9961028
0.9975316
0.9981007
0.9957633
0.9980801
0.994611
0.9962849
0.9657737
0.9936021
0.9838898
0.9930545
0.9932878
0.9836062
0.9942687
0.9903493
0.9914953
0.9938195
0.991511
0.9909826
0.9911724
0.9898326
0.9829219
0.9762999
0.9896502
0.991301
0.9942782
0.9953162
0.99484
0.9951607
0.9972233
0.9968203
0.9918464
0.9965099
0.9915864
0.9940624
0.9767865
0.9764956
0.9764345
0.9759014
0.9649898
0.9660006
0.9675683
0.9722898
0.9772295
0.9881015
0.9657538
0.9934464
0.9790334
0.97898
0.9803047
0.9850161
0.9928199
0.9803407
0.9714395
0.9739833
0.9781126
0.9724048
0.9791615
0.9757845
0.9768404
0.9790307
0.9795152
0.9704701
0.980758
0.9805224
0.9760076
0.9736913
0.9801397
0.9804603
0.9766041
0.9933575
0.9701397
0.9793238
0.9763491
0.9729023
0.9918399
0.9919571
0.9908644
0.9905888
0.9794003
0.9909523
0.9906714
0.9907678
0.9904202
0.9935776
0.9948479
0.9918746
0.9848152
0.9908257
0.9940492
0.9938947
0.9947931
0.9924237
0.9927144
0.9942906
0.9931368
0.9930733
0.9938117
0.9924958
0.9875821
0.9756559
0.9867817
0.9938303
0.9669964
0.9930439
0.9598749
0.9771153
0.9759363
0.9943097
0.9892754
0.9942824
0.9947226
0.9875879
0.9947342
0.9912409
0.9918744
0.9912995
0.9933763
0.995
0.9939092
0.9934701
0.9872994
0.9829158
0.9933384
0.9917306
0.9946661
0.9943032
0.9938973
0.9975716
0.9962293
0.997232
0.9946711
0.9933654
0.9939956
0.9952027
0.9839515
0.9842625
0.9841106
0.9827335
0.9750455
0.9748225
0.9766608
0.9793045
0.9837626
0.99133
0.9777283
0.9922462
0.9854927
0.9844762
0.9856933
0.9892855
0.9946411
0.9863481
0.9792562
0.9816698
0.9829496
0.9810567
0.9853787
0.9840954
0.9832188
0.9845407
0.98508
0.9782211
0.9855418
0.9863325
0.9812799
0.9822508
0.9845747
0.9861342
0.9837369
0.9949671
0.9790279
0.9851341
0.9804869
0.9809486
0.9936585
0.9956265
0.9933647
0.9930306
0.98536
0.9919605
0.9929065
0.9887764
0.9932886
0.9953944
0.9962152
0.9942899
0.9871775
0.9938786
0.9956046
0.9954889
0.9962807
0.9939198
0.9942275
0.9956133
0.9948281
0.9941363
0.9953455
0.9942947
0.9913701
0.9809303
0.9898434
0.9957356
0.9751681
0.9952989
0.9716942
0.9825118
0.9728654
0.9953387
0.9895185
0.9947558
0.9953275
0.9873924
0.9959932
0.9897062
0.9933887
0.9908936
0.9892127
0.9908554
0.9931883
0.9865255
0.9875627
0.983179
0.9959957
0.9935721
0.9967631
0.9958272
0.9956813
0.997995
0.9979248
0.9968774
0.9940948
0.9976526
0.9927239
0.9930538
0.9820605
0.9823653
0.9818568
0.982057
0.9731634
0.9708034
0.9730258
0.9783704
0.9839629
0.9903697
0.9742707
0.9904786
0.9860197
0.9850484
0.9865726
0.9898142
0.9945916
0.9850308
0.9770817
0.980605
0.9841377
0.9775505
0.9857181
0.9837435
0.9832477
0.9858883
0.9850018
0.9775827
0.9844066
0.9871704
0.9793966
0.9816801
0.9857598
0.9860526
0.983308
0.9968448
0.978048
0.9853896
0.9791699
0.9783338
0.9898888
0.995549
0.9937125
0.9936252
0.9857182
0.9879767
0.9906664
0.9863997
0.9937997
0.9965099
0.9973015
0.9948381
0.9895173
0.9941421
0.9949841
0.9959344
0.9972866
0.9954541
0.9957564
0.9964581
0.9960216
0.9955532
0.9959688
0.9956685
0.9903327
0.9819773
0.990325
0.9970884
0.9742225
0.9956083
0.9660593
0.9803058
0.9832218
0.9952939
0.9925854
0.9946673
0.9954114
0.9927977
0.9956772
0.9939694
0.9936584
0.9943057
0.993675
0.9925044
0.9951881
0.9922274
0.9918635
0.9885031
0.991819
0.9951898
0.9940575
0.9965619
0.9928131
0.9969335
0.9977629
0.996471
0.9958057
0.9971695
0.9965636
0.9939614
0.9898056
0.9891805
0.9889908
0.9895975
0.985306
0.9836613
0.9835668
0.9858474
0.9891352
0.9938862
0.9846989
0.9963526
0.9897585
0.9895666
0.9904557
0.9925595
0.9954297
0.990447
0.9871742
0.9878257
0.9891216
0.987299
0.9902101
0.9885542
0.9888772
0.9898085
0.9900658
0.9852235
0.9892807
0.9904785
0.9860228
0.9880027
0.989802
0.9904934
0.9891324
0.9970061
0.9861394
0.9903885
0.9877286
0.9861088
0.9935345
0.9967143
0.9960588
0.9946211
0.9899592
0.9924324
0.9896373
0.9910831
0.9948544
0.9964972
0.9972246
0.9955588
0.992102
0.9951445
0.9962283
0.9965416
0.9970283
0.9959706
0.9959546
0.9968929
0.9962133
0.9961534
0.9966407
0.9960796
0.9933743
0.9886946
0.992693
0.997037
0.9833729
0.9969644
0.9823164
0.987892
0.9860454
0.9962363
0.9935149
0.9959295
0.9958858
0.9928888
0.9958952
0.9958782
0.9941739
0.9943951
0.9948908
0.9948381
0.9955701
0.9914611
0.9926038
0.9905005
0.9974508
0.9951228
0.9943935
0.9981545
0.9958598
0.9963013
0.9985945
1.
0.9941046
0.9975377
0.9947284
0.9973667
0.9890586
0.9896892
0.9888425
0.9893324
0.9859816
0.9855664
0.9859049
0.9889636
0.9904391
0.9935971
0.9865487
0.9963394
0.9911788
0.9910708
0.9918597
0.9928307
0.9963219
0.992082
0.9893238
0.9895251
0.9909382
0.9874042
0.9914254
0.9900819
0.9904757
0.9919701
0.9907589
0.9879387
0.9909243
0.991356
0.9895658
0.9898359
0.9928776
0.9920075
0.9899661
0.9964288
0.9880167
0.9909587
0.9895986
0.9876062
0.9976478
0.9955961
0.9951743
0.9952854
0.9913782
0.989138
0.9938173
0.9925943
0.9954656
0.9968823
0.9970466
0.9955042
0.9941229
0.9951801
0.996288
0.9965185
0.9968757
0.9963653
0.9962798
0.9964436
0.9957834
0.996262
0.9963162
0.9959148
0.9930823
0.9908592
0.9936267
0.9967955
0.9871162
0.996543
0.9823896
0.9901601
0.9897581
0.9969622
0.9955405
0.997506
0.9975772
0.9946749
0.9977792
0.9957288
0.9964674
0.9964578
0.9945726
0.9969863
0.997006
0.9952935
0.9954883
0.9936809
0.9979479
0.9975649
0.9984931
0.9962085
0.9986715
0.9983036
0.9954894
0.9986462
0.9968893
0.9988597
0.9946567
0.9950228
0.9924925
0.9923844
0.9922326
0.9926273
0.9897878
0.9894436
0.9893887
0.9924108
0.9937572
0.9966741
0.9891081
0.9936922
0.9948516
0.9947285
0.9951171
0.9954426
0.997474
0.9939336
0.9929698
0.9931864
0.9943189
0.9921617
0.9947501
0.9931609
0.9939626
0.9947528
0.9939786
0.9910793
0.9941042
0.9950387
0.9910782
0.9928125
0.9955917
0.99535
0.9938342
0.9979454
0.992416
0.9942084
0.9916745
0.9906612
0.991453
0.9974433
0.9965793
0.996806
0.9949689
0.9965222
0.9984064
0.9973118
0.9972724
0.9976647
0.9976901
0.9973802
0.9951729
0.9974516
0.9977956
0.9983908
0.9978055
0.9974552
0.9973231
0.9976878
0.9978647
0.9973711
0.9984284
0.9973649
0.9955858
0.993011
0.9959379
0.997891
0.9898504
0.9972096
0.9872031
0.9932869
0.9919248
0.9969403
0.9953078
0.9967056
0.9969317
0.9950137
0.9963505
0.996114
0.996308
0.9976234
0.9963197
0.9968102
0.9936407
0.9962446
0.9947998
0.994047
0.9961824
0.9952277
0.9970811
0.9957265
0.9977571
0.9995958
0.9974293
0.9978513
0.9965538
0.9981765
0.9976726
0.9972321
0.9938738
0.9944792
0.9943231
0.9933291
0.9905161
0.9915176
0.9921894
0.9927012
0.9935741
0.9953352
0.9927034
0.9963957
0.9949172
0.9941748
0.9944999
0.9959068
0.996935
0.9946598
0.9929864
0.9937044
0.9937598
0.9929013
0.9940806
0.9939817
0.9940697
0.9941216
0.9938374
0.9933243
0.9937338
0.9948214
0.9920492
0.9937647
0.9953031
0.9948321
0.9937222
0.9969724
0.9926363
0.9944978
0.9927305
0.9939226
0.9995955
0.9959366
0.9959657
0.9965464
0.9942526
0.9966243
0.9956038
0.9963437
0.9960322
0.9969655
0.9974051
0.995921
0.995453
0.9963265
0.9969221
0.9969272
0.9972834
0.996605
0.9966493
0.9967793
0.996598
0.9964495
0.9966721
0.9966424
0.9956598
0.9933456
0.9956255
0.9965313
0.9922566
0.9970978
0.9909862
0.9932257
0.9835991
0.9962476
0.9932539
0.9965777
0.9972476
0.9922139
0.9977659
0.9923475
0.9929175
0.9940531
0.9927074
0.9926335
0.9935956
0.9916435
0.9913077
0.9895063
0.9935275
0.9939513
0.9940209
0.995872
0.9983888
0.9983724
0.997615
0.9979508
0.995295
0.9985048
0.9928025
0.99584
0.9899272
0.9895666
0.989907
0.9894525
0.9840962
0.9827946
0.9840214
0.9870959
0.9898366
0.9927549
0.9855165
0.9945002
0.9887466
0.989707
0.9906743
0.9926978
0.996332
0.989947
0.9856081
0.9877344
0.9889104
0.9857468
0.9903251
0.9881973
0.9890369
0.9901628
0.9906193
0.9858231
0.9913037
0.9911429
0.9889844
0.9885152
0.9894779
0.9907156
0.9896478
0.9971611
0.9857869
0.99083
0.9886364
0.9882096
0.9954263
0.9964776
0.9952166
0.995561
0.9897762
0.9914182
0.9932675
0.9888535
0.9950435
0.997417
0.9976809
0.9967121
0.9914827
0.9966815
0.9976898
0.9973676
0.9975861
0.9966958
0.9966859
0.997754
0.9976406
0.9966354
0.9974829
0.9968768
0.9945427
0.9887744
0.9930942
0.9976345
0.9841209
0.9970212
0.9805025
0.9870144
0.9856034
0.9956655
0.9934896
0.9960465
0.9961011
0.9915581
0.9968195
0.9936813
0.9942952
0.9952392
0.9945498
0.9954545
0.9928452
0.9915295
0.9924843
0.9901431
0.9968542
0.9948624
0.9968823
0.9978419
0.9943391
0.9958449
0.9978253
0.9967249
0.9957025
0.9971546
0.9932116
0.9966113
0.9902959
0.9913685
0.9906399
0.9902808
0.9845368
0.9862234
0.9866643
0.9885181
0.9908522
0.9937299
0.9868267
0.9934753
0.9905769
0.9912235
0.9917993
0.9920165
0.9964329
0.9921755
0.9870962
0.9888296
0.9905837
0.9878655
0.9918175
0.9897311
0.9900854
0.9918654
0.9914619
0.9876834
0.9910075
0.991231
0.9880692
0.9902401
0.9907867
0.9917907
0.9902557
0.99647
0.9881803
0.9910687
0.9885965
0.9889547
0.9923505
0.9972059
0.9956629
0.9961468
0.9914625
0.992483
0.9939295
0.9922078
0.9963533
0.9969724
0.9973289
0.9963346
0.9937937
0.9965807
0.9972734
0.9971925
0.9972612
0.9965225
0.9965658
0.9972414
0.9970367
0.996422
0.9971238
0.996397
0.9939757
0.9899911
0.9935544
0.9965428
0.9856368
0.9966543
0.983745
0.9883705
0.9935806
0.9978479
0.9967006
0.9979441
0.9976568
0.9964205
0.9973982
0.9951429
0.9965076
0.9976676
0.9982629
0.9973584
0.9944461
0.9979272
0.9958787
0.9956306
0.9969723
0.9995738
0.9967405
0.9979494
0.9952847
0.998107
1.
0.9974606
0.9969419
0.9987427
0.9965773
0.9967757
0.9957262
0.9959759
0.9957908
0.9953774
0.9935309
0.9934333
0.9936804
0.9939089
0.9955065
0.9965586
0.9932835
0.9967305
0.9968419
0.9958269
0.9963974
0.9969561
0.9974243
0.995803
0.9953212
0.9955906
0.9959413
0.994135
0.9965302
0.9960392
0.9958965
0.9964474
0.9958199
0.9948865
0.9956801
0.9958959
0.9941929
0.9957871
0.9963739
0.9965129
0.9953468
0.9981056
0.9949187
0.9958573
0.9943958
0.9940643
0.9962031
0.9976466
0.9973053
0.9970083
0.9962195
0.9954155
0.9957277
0.995098
0.9973477
0.9980676
0.9985047
0.9974708
0.9964273
0.9970578
0.997333
0.9983575
0.9984043
0.9975903
0.9975879
0.9978783
0.9982631
0.9976014
0.9983484
0.9976641
0.9964364
0.9951096
0.9971021
0.9981782
0.9938373
0.9981786
0.9926577
0.9956327
0.9085594
0.9187685
0.8727126
0.9170634
0.9163955
0.9001127
0.9147045
0.9897133
0.9901584
0.9911108
0.990107
0.9900679
0.9906204
0.9889913
0.9035409
0.8733735
0.9864296
0.9837011
0.9896175
0.9913467
0.9915024
0.995398
0.9942261
0.9945631
0.9855317
0.9944863
0.9892769
0.9937247
0.9071517
0.908168
0.9097488
0.9058553
0.9187358
0.9166977
0.9119691
0.8818053
0.8713231
0.9105807
0.9109678
0.9940284
0.9214922
0.8790592
0.8761799
0.9138903
0.9222753
0.9062865
0.9055228
0.8864223
0.8868683
0.9139385
0.8965327
0.8977254
0.881459
0.885398
0.8694808
0.9133953
0.9056368
0.8973779
0.9328778
0.8921346
0.9196766
0.8938027
0.8712694
0.915996
0.8962094
0.8649454
0.9311561
0.8976098
0.9941071
0.9212097
0.9150782
0.9147346
0.8856748
0.9899284
0.9900157
0.9899773
0.8941671
0.9157349
0.9247402
0.8963234
0.9263611
0.9012339
0.9210414
0.9156725
0.9245751
0.9057441
0.9066731
0.9196826
0.915966
0.9060842
0.9161509
0.9053446
0.8921371
0.9146552
0.9375972
0.9165838
0.9103309
0.9189301
0.9258853
0.920427
0.9604665
0.8536265
0.8800131
0.8506629
0.8524873
0.9183735
0.8429146
0.9928728
0.9904368
0.9895476
0.991467
0.9921407
0.9909487
0.9921906
0.923881
0.9211934
0.9880894
0.9869699
0.9916907
0.990614
0.9912973
0.9945264
0.9950953
0.9957432
0.9864869
0.994336
0.9913387
0.9956806
0.9401455
0.9395686
0.9392317
0.9407917
0.966634
0.9681679
0.9649394
0.9451768
0.9151188
0.9205151
0.9601721
0.9958821
0.9526804
0.9215076
0.9124305
0.9287635
0.8642843
0.9379357
0.9567295
0.94209
0.9343697
0.955707
0.9327274
0.9449761
0.9307069
0.9302421
0.9124001
0.960377
0.9352702
0.9326766
0.9689751
0.9466119
0.9502425
0.9364611
0.9213586
0.8418421
0.9567954
0.9054601
0.9667006
0.9338602
0.9963183
0.8522046
0.8888382
0.8694543
0.9263667
0.9928139
0.9925058
0.9924687
0.8631596
0.8485173
0.835279
0.8322019
0.9464916
0.851086
0.84858
0.8436114
0.8363025
0.8376306
0.8389771
0.8432916
0.8545116
0.837214
0.8438724
0.8385635
0.872981
0.9544829
0.943064
0.841449
0.9600244
0.8489404
0.9746062
0.960908
0.9254944
0.904
0.881766
0.9034974
0.9022938
0.9065281
0.8862294
0.9902955
0.9918114
0.9911598
0.991372
0.9907993
0.9906285
0.991471
0.9236902
0.8844653
0.9879682
0.9870406
0.9936261
0.9924638
0.9932378
0.9949662
0.996046
0.9966555
0.988958
0.9946143
0.9891731
0.9950059
0.9318527
0.9284272
0.9285227
0.9314243
0.947232
0.9437026
0.938342
0.911935
0.8974318
0.9188998
0.9228024
0.9949405
0.9406968
0.899839
0.9077761
0.9289685
0.9061728
0.9199168
0.9240534
0.9160299
0.9191425
0.9396092
0.9205754
0.9284754
0.9117815
0.9204165
0.9040677
0.9261655
0.9298146
0.9207557
0.9408886
0.9186848
0.9417438
0.9070669
0.9062351
0.9120368
0.9245658
0.8773743
0.940458
0.892453
0.995636
0.9001899
0.9208832
0.9174957
0.9144953
0.990499
0.9904751
0.9904341
0.88192
0.9098976
0.9150836
0.8938386
0.9428365
0.8908051
0.8944143
0.9031179
0.9164708
0.8991315
0.9002792
0.9154982
0.9107588
0.899965
0.9014457
0.9002226
0.8672422
0.9377901
0.9322764
0.9083839
0.9253951
0.9096285
0.9480051
0.9244334
0.9032195
0.9414145
0.8788393
0.9415648
0.9444917
0.9223364
0.947848
0.9883097
0.9897936
0.9891285
0.9895676
0.9890715
0.989231
0.98942
0.9086485
0.8604489
0.9841004
0.9828728
0.9906476
0.9912046
0.9911165
0.9940299
0.9955787
0.99563
0.9840323
0.9936826
0.9898116
0.9944041
0.9019738
0.901309
0.9017339
0.9030742
0.9109685
0.9081211
0.9107123
0.8747642
0.8563632
0.9154936
0.9094021
0.9932513
0.8932013
0.8579867
0.8599293
0.9107501
0.9410938
0.9182644
0.8750366
0.8620038
0.856383
0.9055868
0.8795864
0.8709912
0.8503331
0.8505469
0.8589351
0.9002046
0.9052386
0.8762755
0.9316143
0.8637485
0.8891858
0.8640008
0.8536275
0.9375532
0.8649636
0.8657786
0.9293846
0.9137857
0.9941079
0.9540048
0.9336243
0.9238915
0.8573486
0.9882555
0.9887708
0.9882237
0.9155035
0.9393674
0.9445694
0.9207062
0.9012795
0.9367112
0.9553779
0.9463942
0.9449005
0.925846
0.9256385
0.9399679
0.9379009
0.925719
0.9463805
0.9252042
0.9242686
0.9064627
0.9461925
0.9394304
0.9053303
0.9383062
0.9021467
0.9061578
0.9579722
0.8396259
0.856504
0.8347088
0.8376703
0.9094229
0.8169116
0.9914613
0.9901956
0.9895047
0.9909592
0.9904338
0.9909794
0.9912864
0.9164791
0.912085
0.987911
0.987376
0.9906269
0.9919337
0.9916525
0.9942926
0.9950053
0.9951304
0.9874412
0.9949809
0.990016
0.9955566
0.9318628
0.9327828
0.9344115
0.9326796
0.9650288
0.9655361
0.9616833
0.9373787
0.9055324
0.9239186
0.9576601
0.996105
0.9498
0.9116527
0.9006394
0.9250452
0.8688792
0.940362
0.9577998
0.93405
0.9292953
0.9576079
0.9262469
0.9380947
0.9214011
0.9226575
0.9016812
0.9580318
0.9296245
0.927093
0.967688
0.9375292
0.9448703
0.9269176
0.9131225
0.8206464
0.9513644
0.8985081
0.9662695
0.9248244
0.9970792
0.8475096
0.8615527
0.8525257
0.9193637
0.9923392
0.991561
0.9925064
0.8483211
0.8205767
0.7991832
0.8030171
0.939568
0.8294364
0.8436094
0.8386807
0.7991404
0.7909145
0.7908971
0.8179704
0.8241804
0.7917603
0.8384789
0.7898408
0.858522
0.9502303
0.9401845
0.8196637
0.9586499
0.8291524
0.9741475
0.9616884
0.9242569
0.8636383
0.8220979
0.8620335
0.8619779
0.8892371
0.8542966
0.9896591
0.9891216
0.9892507
0.9897978
0.989752
0.9899437
0.9907565
0.9043036
0.8497095
0.9843841
0.9844743
0.9902712
0.9906973
0.9912172
0.9944827
0.9946971
0.9954384
0.9843895
0.9935081
0.9896779
0.9949063
0.9075269
0.9090898
0.9076676
0.9071327
0.9397403
0.9405893
0.9365494
0.8941176
0.8524086
0.8992848
0.9258099
0.9946378
0.9186286
0.8531874
0.8449062
0.9028932
0.8647971
0.9151535
0.9034431
0.8851659
0.8739692
0.9290596
0.8891689
0.9007472
0.8600419
0.8690033
0.8517257
0.9229984
0.9113449
0.8886839
0.9484542
0.8952947
0.9145663
0.8752512
0.8610975
0.8526122
0.9087462
0.8281074
0.9442127
0.8932742
0.9957538
0.869994
0.8843283
0.867023
0.8613725
0.9894513
0.9896982
0.9906618
0.8466433
0.858636
0.8582566
0.8271805
0.9258999
0.8499055
0.8740126
0.8602637
0.8570969
0.8350403
0.8361655
0.8556312
0.8556585
0.8366992
0.8599283
0.8348133
0.845617
0.9291395
0.9326759
0.8510879
0.9248992
0.8566998
0.9445469
0.9234359
0.8290568
0.9633952
0.8947183
0.9624749
0.9618861
0.9146376
0.9659715
0.9850773
0.9870964
0.9871536
0.9869789
0.9876033
0.9871544
0.9851708
0.9095299
0.842253
0.9861564
0.9871225
0.9928771
0.9924159
0.9923783
0.9956109
0.9960317
0.9968772
0.986877
0.9941886
0.9873368
0.9917348
0.8798835
0.8790513
0.8787227
0.8771023
0.8497937
0.8445883
0.8458915
0.8168995
0.844385
0.9342088
0.838729
0.9913492
0.8931988
0.8570207
0.8683669
0.9193123
0.9630051
0.8962963
0.8405569
0.8340568
0.8511132
0.8644111
0.8772239
0.8577831
0.8424045
0.8596971
0.8551665
0.8534285
0.8858269
0.8818783
0.8965305
0.8303778
0.8963598
0.8661344
0.8405984
0.9677833
0.8130455
0.8564853
0.8918853
0.8586295
0.9902037
0.9692102
0.9498853
0.9512296
0.8623186
0.9844292
0.9851425
0.9846953
0.9388297
0.9646482
0.9732908
0.9497292
0.9201287
0.9529602
0.970205
0.965452
0.9734464
0.9542398
0.9543494
0.9677607
0.9624338
0.953814
0.9655035
0.9531808
0.9290307
0.8833038
0.9479492
0.9665829
0.8316781
0.964316
0.8318463
0.8770255
0.78561
0.9730353
0.8926227
0.9733412
0.973084
0.9115437
0.9783503
0.9840795
0.985899
0.9866388
0.9851318
0.9861349
0.9867771
0.9844925
0.9018739
0.8088576
0.9868739
0.987585
0.9930243
0.9928311
0.9934355
0.9954228
0.9965581
0.9971748
0.9862173
0.9940362
0.9863381
0.9920888
0.8583438
0.8617473
0.859705
0.8568669
0.7991751
0.7833897
0.7934497
0.754618
0.8124543
0.9341432
0.803482
0.9900477
0.868599
0.8277711
0.8442333
0.9170644
0.9731143
0.8870828
0.7950838
0.7871086
0.8105408
0.8302896
0.8563792
0.8245559
0.8035099
0.823298
0.8284898
0.8144205
0.8753133
0.8628208
0.8736068
0.7736951
0.8736003
0.8376254
0.8055086
0.974979
0.73877
0.8427329
0.8731689
0.8461644
0.9887899
0.9793195
0.959084
0.9570711
0.8304457
0.9828585
0.9841938
0.9823223
0.9501494
0.9748777
0.9806943
0.961941
0.9044592
0.9639287
0.9792758
0.9766928
0.9809544
0.963713
0.9637078
0.9772724
0.9726544
0.96386
0.9769331
0.9638286
0.9406023
0.8537268
0.9495559
0.9761678
0.7920192
0.9735793
0.7520621
0.852413
0.8424962
0.9610083
0.8934122
0.9604815
0.9597992
0.9176194
0.9639548
0.9870401
0.9880269
0.9859346
0.9874058
0.9882838
0.9884408
0.9864211
0.902839
0.8432414
0.9854618
0.9840976
0.9899979
0.9907667
0.9911748
0.9946188
0.9955472
0.9960667
0.9844571
0.99439
0.9873678
0.9940182
0.8761948
0.8821378
0.8810132
0.8753697
0.8572789
0.8433208
0.8517164
0.8167002
0.8432705
0.9291874
0.8469992
0.9919907
0.8944597
0.8603563
0.8674542
0.9168986
0.963337
0.8916409
0.8455726
0.8375129
0.8504596
0.8639607
0.8719992
0.8577253
0.8468229
0.8586737
0.8522642
0.8547875
0.8828709
0.8765326
0.896782
0.8327757
0.8926388
0.8668201
0.8382098
0.9624799
0.8188586
0.8608798
0.8951996
0.8779252
0.9912139
0.9653688
0.9429663
0.9467304
0.8615631
0.9853656
0.9868947
0.9838595
0.9319532
0.9614846
0.9680891
0.945656
0.9106862
0.9526581
0.9659175
0.9629519
0.9682871
0.9506245
0.9506623
0.9643179
0.9603959
0.9509358
0.9624148
0.9504931
0.9297514
0.8726682
0.9496527
0.9628738
0.8466674
0.9602852
0.8434169
0.8789383
0.9864595
0.993644
0.9897774
0.9936662
0.9935366
0.9905085
0.9926996
0.9655377
0.906661
0.941128
0.9147059
0.9067236
0.943977
0.9878704
0.9896708
0.9880959
0.9907731
0.9924445
0.997065
0.9950163
0.9948349
0.9965879
0.9970084
0.9978214
0.9932864
0.997061
0.9522663
0.996123
0.9888704
0.9888684
0.9889435
0.9890198
0.9864888
0.9881058
0.9860434
0.9876417
0.988586
0.9896788
0.9890464
0.9942589
0.9878076
0.9881377
0.9883956
0.990237
0.9926208
0.9902334
0.9859106
0.9873027
0.9873022
0.9884076
0.9889372
0.987343
0.9875867
0.9879166
0.9888628
0.9871921
0.9881669
0.9889791
0.9865323
0.9885211
0.9875274
0.9875176
0.9883421
0.9926399
0.9876043
0.9886692
0.9853333
0.988886
0.9963226
0.9930901
0.9910269
0.9912877
0.9885952
0.9521512
0.9519231
0.9425545
0.9920611
0.9927524
0.9929114
0.9920237
0.9902741
0.9920794
0.994168
0.992939
0.9931969
0.9920957
0.9921196
0.9923393
0.9922607
0.9920987
0.9930451
0.9920262
0.9918968
0.9880364
0.9912915
0.9925614
0.9864278
0.9926837
0.9847142
0.9873491
0.9865189
0.9941794
0.990562
0.9938738
0.9937779
0.9895176
0.9940125
0.988445
0.9818182
0.9884646
0.9832803
0.9831325
0.9884692
0.9667351
0.9908494
0.9874883
0.991335
0.995407
0.9929683
0.9975925
0.9961372
0.9973369
0.9950166
0.9980636
0.9925735
0.9950212
0.9884472
0.9947451
0.9891642
0.9879928
0.9880225
0.9887191
0.9862529
0.98628
0.9866161
0.9864835
0.9878402
0.9909764
0.986971
0.9949696
0.9878401
0.9885503
0.9891113
0.9906406
0.9934939
0.9894745
0.9838342
0.9865268
0.9866131
0.9871242
0.9884464
0.9867467
0.9869676
0.9875763
0.988217
0.9865897
0.9887312
0.9887286
0.9858125
0.9872883
0.9871886
0.9884843
0.987267
0.9940647
0.9856931
0.9883703
0.9871028
0.9878792
0.9906116
0.9943907
0.9931226
0.9937804
0.9877344
0.9870283
0.991423
0.989169
0.9921045
0.9943828
0.9955619
0.9936595
0.9894025
0.9934181
0.9952526
0.9939027
0.9957077
0.9944708
0.9943342
0.9941397
0.9942223
0.9941706
0.9937252
0.994383
0.991638
0.9871862
0.9926742
0.9941513
0.98578
0.9940498
0.9832489
0.9858605
0.9825504
0.8332741
0.9016083
0.8287006
0.8305264
0.9298916
0.8123527
0.9924253
0.9914071
0.9917839
0.9926172
0.9925715
0.9925432
0.9945619
0.9469973
0.9528135
0.9902155
0.9889039
0.9927288
0.9926217
0.9927914
0.9945312
0.9957671
0.9946837
0.9888661
0.9947974
0.9922536
0.9960828
0.9637935
0.964343
0.9656582
0.9643791
0.983429
0.9858184
0.9826158
0.9712651
0.9508562
0.9448313
0.9808178
0.9965436
0.9683897
0.9497123
0.9423081
0.9459075
0.8605504
0.9621169
0.9816162
0.9701505
0.9624075
0.9762939
0.955714
0.9662909
0.9601071
0.9588424
0.9469846
0.9803524
0.9584424
0.9577575
0.9835918
0.9718957
0.9682174
0.9604096
0.9547486
0.8191245
0.9807321
0.9393758
0.9830563
0.9570033
0.9976481
0.8163563
0.8968854
0.8676301
0.9554009
0.9943447
0.9943143
0.994512
0.8731085
0.8143434
0.7930799
0.8242197
0.9606153
0.8355935
0.8140315
0.8134595
0.7945058
0.8114416
0.8121364
0.8182477
0.8313578
0.8110971
0.8134142
0.8117999
0.8782033
0.9744087
0.9471054
0.8157457
0.9820158
0.8230823
0.9907439
0.9800753
0.9450972
0.97631
0.95676
0.975389
0.9761606
0.9571871
0.9767162
0.9876202
0.9892591
0.9908009
0.9895636
0.9886414
0.9899912
0.9901724
0.9635284
0.9467456
0.9899146
0.9898178
0.9910821
0.9923577
0.9920313
0.9951776
0.9964294
0.9961826
0.9861224
0.9955178
0.989681
0.9943969
0.9525275
0.9532386
0.9535077
0.9534832
0.9456471
0.9443317
0.9465571
0.9426935
0.9473201
0.9649814
0.9457758
0.9940605
0.9538872
0.9462863
0.9496744
0.9617395
0.973871
0.9590399
0.9387896
0.9438443
0.9453051
0.9503875
0.9536698
0.9505979
0.9446923
0.948712
0.9495084
0.9458968
0.9569512
0.9539482
0.9576828
0.9468154
0.9566599
0.9500877
0.9466442
0.9748054
0.9423917
0.9489665
0.9586969
0.9523398
0.9937208
0.9760276
0.9690048
0.9723686
0.9478047
0.9869457
0.9880701
0.9887722
0.9693948
0.9746176
0.9762068
0.9702166
0.9632364
0.9716265
0.9756389
0.9745514
0.9761539
0.9720075
0.9719949
0.9769548
0.9731564
0.9719548
0.9750941
0.9719498
0.9638303
0.9554332
0.9719133
0.9745713
0.9472575
0.9750167
0.9433483
0.9474166
0.9648639
0.9820472
0.971739
0.9821576
0.9823875
0.9728552
0.9819994
0.9916949
0.9914274
0.989538
0.9902923
0.9909807
0.9935011
0.9890579
0.9750932
0.9657695
0.9894844
0.9907433
0.9929253
0.9940178
0.9939105
0.9946358
0.9957648
0.9961254
0.9897203
0.9941075
0.9897278
0.9941984
0.9699013
0.9698225
0.969958
0.9695691
0.9661704
0.9660777
0.9668559
0.9652266
0.966467
0.9747823
0.9633635
0.9917818
0.9683543
0.9659705
0.9675278
0.9703745
0.9810912
0.9698825
0.9599939
0.9657036
0.9653429
0.9692349
0.9687128
0.9679961
0.964293
0.9674554
0.9669909
0.9657208
0.9686308
0.9695346
0.970428
0.9667414
0.9693067
0.967659
0.9679982
0.9819724
0.9646771
0.9662638
0.9704461
0.9696521
0.9935545
0.9827387
0.9764464
0.9791144
0.9662765
0.9888832
0.987554
0.9893803
0.9794802
0.9810333
0.9830835
0.9792038
0.9764832
0.9793942
0.9831768
0.9821868
0.982838
0.979669
0.9799543
0.9830202
0.9803926
0.9794978
0.9820497
0.9791132
0.9754504
0.9712564
0.9773817
0.9814084
0.9631215
0.9803996
0.9658596
0.9655445
0.9666732
0.9833602
0.9753732
0.9843789
0.9842315
0.9755606
0.9849215
0.9927978
0.9916164
0.9922836
0.9892581
0.9932803
0.9910444
0.9909879
0.9768047
0.9691867
0.9898101
0.9874766
0.9937187
0.9944431
0.9937281
0.9960836
0.9954793
0.996009
0.9890602
0.9930441
0.9919051
0.9927225
0.9714874
0.973312
0.9728331
0.9725517
0.9657435
0.9676172
0.9669152
0.9669105
0.9699777
0.9765314
0.967301
0.9940065
0.97286
0.969481
0.9698096
0.974709
0.9835861
0.9713368
0.9639521
0.9681763
0.9680182
0.9697882
0.9726603
0.9708535
0.9683333
0.9698844
0.9703345
0.9672685
0.9713399
0.9737823
0.9733006
0.9695679
0.9724503
0.9697685
0.9694026
0.9827067
0.9666044
0.9698229
0.9727133
0.9703499
0.993322
0.9845872
0.9813013
0.9805203
0.9692682
0.9896506
0.9902342
0.9910893
0.9820365
0.9841287
0.9855888
0.9817906
0.9769897
0.9821055
0.9851957
0.9838359
0.9856409
0.9824871
0.9823651
0.9847629
0.9824565
0.9822574
0.9842217
0.9823378
0.9769799
0.9725793
0.981634
0.9832077
0.9679138
0.9840228
0.9668964
0.9685971
0.9619604
0.9826199
0.9719521
0.9830217
0.9833421
0.9726554
0.9827866
0.9927536
0.9912717
0.9931041
0.9926098
0.9918592
0.9925948
0.9904927
0.975332
0.9649388
0.9892834
0.9905243
0.9936902
0.9927312
0.9956621
0.9952142
0.9966844
0.9968002
0.9911706
0.9952478
0.9919428
0.9946654
0.969193
0.9700696
0.9699375
0.9685712
0.961471
0.9640548
0.9633284
0.9627383
0.9670405
0.9752128
0.9609404
0.9938272
0.9684781
0.9660774
0.9676943
0.9718132
0.9839241
0.9736945
0.9606438
0.9634544
0.9641622
0.9655677
0.9697229
0.9682433
0.9641226
0.9663275
0.9669669
0.9635387
0.9713533
0.9697534
0.9689526
0.9642094
0.9698835
0.9667489
0.9663685
0.9830925
0.9622111
0.9659003
0.9683952
0.9676016
0.9921536
0.9845311
0.9809339
0.9806638
0.9654118
0.9913228
0.9886926
0.9905899
0.9788241
0.9823278
0.9839499
0.9807743
0.9756279
0.9795057
0.9817866
0.981697
0.9840302
0.9800668
0.9801322
0.9828822
0.9815031
0.9801439
0.9821146
0.9805123
0.9769538
0.969682
0.978717
0.9831004
0.9624187
0.9823193
0.9611906
0.9643515
0.9576841
0.9820567
0.9701194
0.9828533
0.9812512
0.9688472
0.9826473
0.9892327
0.9886663
0.9901367
0.9884822
0.9906094
0.989448
0.9881971
0.9734069
0.9609522
0.9886961
0.9905127
0.9926322
0.99345
0.9925008
0.9971092
0.9949095
0.9957009
0.9887393
0.9946987
0.9881542
0.9961309
0.9668608
0.9681235
0.9670669
0.9682302
0.9564277
0.9567223
0.9580119
0.9584093
0.9623654
0.9725365
0.9603438
0.9919813
0.9641291
0.962128
0.9643674
0.9692142
0.9811141
0.9708129
0.9528087
0.9579884
0.9593676
0.9614887
0.9672447
0.9626561
0.9590888
0.9626181
0.9640788
0.9571351
0.9666923
0.9660677
0.9641553
0.9622655
0.9650051
0.9629343
0.9625191
0.9812838
0.9562856
0.963571
0.9644466
0.9664582
0.992177
0.9833025
0.9781162
0.9794193
0.9621764
0.9878452
0.9909047
0.9881161
0.9785267
0.9827638
0.9839153
0.9802225
0.9721248
0.9806937
0.9825234
0.9836494
0.9835546
0.9810428
0.9804717
0.9840238
0.9817062
0.9810328
0.9833986
0.9807118
0.9762251
0.9686791
0.9770778
0.9808721
0.9590497
0.982514
0.9547355
0.9581585
0.9576707
0.9811148
0.9676407
0.9811908
0.9800722
0.9689127
0.9792196
0.9880964
0.9890998
0.9894829
0.9882273
0.9902487
0.9900749
0.989724
0.9714066
0.961219
0.9898787
0.9887875
0.9919493
0.9932687
0.9933644
0.9963427
0.9966258
0.9962838
0.9901918
0.9928741
0.9917076
0.9934864
0.9648269
0.9652183
0.964719
0.9635989
0.9583807
0.9579662
0.9628914
0.9610033
0.9633268
0.9724041
0.9594139
0.99123
0.9657536
0.9630599
0.9643334
0.9701683
0.9802665
0.9699623
0.955614
0.9615982
0.9624799
0.962921
0.9669691
0.9653297
0.9609139
0.9658853
0.9649937
0.9599921
0.9675818
0.9659467
0.9661543
0.9621459
0.968296
0.9639277
0.9629767
0.979313
0.9590171
0.9627053
0.9644887
0.9630238
0.9920962
0.9798122
0.977671
0.9771002
0.9634585
0.9886716
0.9896698
0.988354
0.9757447
0.9798522
0.980245
0.9773907
0.9736388
0.9769526
0.9798183
0.9803848
0.9810135
0.9787153
0.97894
0.9807599
0.980263
0.979181
0.9803047
0.9790917
0.972713
0.9672455
0.9762389
0.9780334
0.9576479
0.9797798
0.9590377
0.9613119
0.9620605
0.9824113
0.969126
0.9833108
0.9810132
0.9690915
0.9837733
0.9903301
0.9923454
0.9901555
0.9891839
0.9919244
0.9935256
0.989803
0.9743329
0.9630964
0.987988
0.9902666
0.9937989
0.9943281
0.99042
0.9960683
0.9972659
0.9955454
0.9889253
0.9954183
0.9903311
0.9955347
0.9680853
0.9691306
0.9686475
0.967465
0.9633406
0.9653698
0.9644836
0.9630206
0.9650292
0.9744246
0.9616353
0.9934905
0.9673036
0.9647727
0.9651554
0.9708845
0.9795212
0.9709294
0.9580595
0.9623634
0.962696
0.9671186
0.9683776
0.9658437
0.9618233
0.9650857
0.9656604
0.9615129
0.9706148
0.9678515
0.9676951
0.9649029
0.9659038
0.9655089
0.9649881
0.980923
0.9626422
0.9639718
0.9670066
0.9673011
0.9939196
0.9832657
0.9785881
0.9801244
0.9644503
0.9892326
0.9899444
0.9904976
0.9788696
0.9812367
0.9826019
0.978846
0.9750571
0.9800402
0.9814324
0.9807825
0.9818715
0.9797875
0.9801222
0.9821294
0.9815455
0.9802535
0.9808257
0.980433
0.9755484
0.9699761
0.9767796
0.9790652
0.9620149
0.9808627
0.9640862
0.9620675
0.9576632
0.9822322
0.9696277
0.9832682
0.9826737
0.9696478
0.9819056
0.989751
0.9891954
0.9916193
0.9892079
0.9910171
0.9911351
0.9909892
0.9732515
0.9610971
0.9910938
0.9912243
0.9929262
0.9951584
0.9960045
0.9956078
0.9957655
0.9956497
0.9910583
0.9945559
0.9897519
0.9944305
0.9668403
0.9675471
0.9672447
0.9668384
0.9601085
0.9601687
0.9588321
0.9597044
0.9637174
0.9745875
0.9604158
0.993861
0.9659382
0.9640782
0.9648312
0.969368
0.9812018
0.9695035
0.956068
0.9618345
0.9628268
0.9652404
0.9673838
0.9646253
0.9622911
0.9647159
0.9652686
0.9597243
0.9680664
0.9683371
0.9650752
0.9619649
0.9700817
0.9648445
0.9627323
0.9822898
0.9604525
0.9637119
0.9652046
0.9639333
0.9936173
0.980724
0.9780575
0.9802783
0.9640984
0.9918668
0.9896631
0.9873844
0.9779903
0.982055
0.9819179
0.9799012
0.9732457
0.9781994
0.9822064
0.9793199
0.9826071
0.9791344
0.9795312
0.9827495
0.9814772
0.9795033
0.9800684
0.979039
0.9735749
0.9663357
0.9768461
0.9816286
0.9590748
0.9825603
0.9576871
0.9611492
0.9544901
0.9818782
0.9667558
0.9809385
0.9804696
0.9652144
0.9823493
0.9887811
0.9884398
0.9895171
0.99026
0.9885884
0.9895189
0.9900117
0.9719554
0.9583182
0.9890626
0.9887051
0.9935472
0.9931769
0.9941221
0.9949531
0.9968338
0.9958048
0.9883636
0.9956799
0.9903102
0.9943786
0.9641865
0.9632325
0.9628761
0.9620804
0.9545974
0.9548552
0.9534171
0.9555717
0.9587059
0.9709419
0.9550443
0.9921292
0.9628881
0.9594266
0.9610936
0.9665569
0.9781699
0.9674855
0.9510588
0.956058
0.9580088
0.9572313
0.9642767
0.9621744
0.9576258
0.9597977
0.9596329
0.9541704
0.9643119
0.9648404
0.9603491
0.958663
0.9627922
0.9607933
0.9578676
0.9801117
0.9548084
0.959776
0.9599679
0.961657
0.9930204
0.9803363
0.9755342
0.9785187
0.9586995
0.9909285
0.9878896
0.9894709
0.9769148
0.9811045
0.9820639
0.9771874
0.9692224
0.9769387
0.9810531
0.9810993
0.9825126
0.9788944
0.9788996
0.980738
0.978859
0.978951
0.9810568
0.979149
0.973763
0.9642874
0.975539
0.98056
0.956127
0.9797978
0.9525445
0.956176
0.9548111
0.9799784
0.9655446
0.9796762
0.9803354
0.9655507
0.9789932
0.9896943
0.990696
0.989445
0.990086
0.9908475
0.9900686
0.9889478
0.9699478
0.9556366
0.9878759
0.9893752
0.9932151
0.9922929
0.9926457
0.9970408
0.9955952
0.9955916
0.9877502
0.9935409
0.9916325
0.9919188
0.9617769
0.960506
0.9602428
0.9592939
0.955606
0.9554864
0.9571943
0.9560857
0.9581615
0.9680604
0.9558198
0.9930891
0.9616067
0.9578452
0.9601997
0.9660849
0.9783366
0.9641053
0.9482947
0.9557882
0.9565544
0.9601162
0.9620307
0.9604846
0.9559183
0.9595357
0.9599386
0.9533197
0.9628056
0.9629465
0.9611663
0.9581152
0.9627152
0.9593186
0.9579914
0.9775057
0.9546953
0.9570485
0.9611307
0.959698
0.9926675
0.975825
0.9737635
0.9752135
0.9583285
0.9855162
0.9866958
0.9862917
0.9741234
0.9785332
0.9791377
0.9748219
0.9700658
0.975155
0.9782401
0.9767299
0.9792779
0.9760608
0.9760613
0.9786889
0.9777507
0.9763085
0.9770513
0.9758838
0.9727995
0.9659478
0.9751031
0.9775109
0.9531028
0.9787356
0.9532639
0.9558081
0.959527
0.981906
0.9667181
0.981745
0.9822926
0.9679889
0.9807408
0.9902877
0.9905982
0.9897507
0.9903297
0.99113
0.9910566
0.9909167
0.9739918
0.9579763
0.9863917
0.989981
0.9909403
0.9941199
0.9928431
0.9945652
0.994594
0.9960805
0.9894728
0.9941021
0.9925039
0.9949128
0.9663853
0.965833
0.9665664
0.9646282
0.9559054
0.9591099
0.9589586
0.9574723
0.9616568
0.9690015
0.9599152
0.9942684
0.9619225
0.9602142
0.9618027
0.967595
0.9790212
0.96752
0.9493532
0.9565095
0.9575105
0.9614144
0.9661419
0.9618819
0.9572869
0.9593658
0.9627367
0.9578362
0.9655927
0.9641869
0.9640784
0.960962
0.9634712
0.9609943
0.9613636
0.9804013
0.9568927
0.9589153
0.9646672
0.963354
0.9943538
0.9810951
0.9777811
0.978797
0.9603318
0.9909258
0.9919569
0.9903519
0.9772894
0.980263
0.9834448
0.9787705
0.9728795
0.9774848
0.9803548
0.9807799
0.9833191
0.9797129
0.9793376
0.9819295
0.9796458
0.9798339
0.9813214
0.9798016
0.9716526
0.9667945
0.9750172
0.9805507
0.9603559
0.9807748
0.9562162
0.9545219
0.9529836
0.9776399
0.9627334
0.9768914
0.9761001
0.9636099
0.978653
0.9898649
0.990309
0.9923891
0.990235
0.9920411
0.9893811
0.9892473
0.9677455
0.9538921
0.9879737
0.9876441
0.992585
0.9936207
0.9939701
0.99621
0.9952216
0.9963473
0.9880853
0.9929431
0.9907804
0.9937339
0.9629469
0.9631461
0.9628608
0.9605701
0.9544831
0.955751
0.957387
0.953222
0.9568198
0.9664952
0.9537349
0.9927858
0.9602057
0.9565246
0.958054
0.9651752
0.9781011
0.9646868
0.9495232
0.9531575
0.9537336
0.9594721
0.9603307
0.9584992
0.9540718
0.9572004
0.9581106
0.9540099
0.9628233
0.9611484
0.960928
0.9559632
0.9614037
0.956668
0.9558464
0.9781014
0.9531412
0.9542581
0.9612555
0.9573056
0.9931373
0.9778353
0.9738051
0.9751228
0.9563175
0.9886045
0.9887066
0.9889192
0.9738456
0.9774093
0.979163
0.9746674
0.9697703
0.9752479
0.9776888
0.9750111
0.9794805
0.9739837
0.974768
0.9781756
0.9770859
0.9742805
0.9757313
0.9746348
0.9676784
0.9645575
0.9730981
0.9780068
0.9535171
0.9774626
0.9540374
0.953991
0.9685053
0.9864685
0.9762428
0.9866994
0.9868616
0.9746167
0.9864269
0.9894223
0.9904015
0.9902719
0.9902969
0.9937939
0.9911017
0.9932973
0.9800075
0.9694941
0.9891864
0.9906962
0.9921865
0.992921
0.9922648
0.99587
0.9974793
0.996914
0.991535
0.9937492
0.9920009
0.9952186
0.9723057
0.9723947
0.9724133
0.9723568
0.9646373
0.9680562
0.9682712
0.9687525
0.9709723
0.9753827
0.9694753
0.9951989
0.9706664
0.9697942
0.9712458
0.9733826
0.9840116
0.9766011
0.9630455
0.9690714
0.9677107
0.9690928
0.9727929
0.9726556
0.9679692
0.9702127
0.9732215
0.9664645
0.9736185
0.9722451
0.9733627
0.9718391
0.9723889
0.9724792
0.9707621
0.9853214
0.9678602
0.9703941
0.9724821
0.9738352
0.9936517
0.9865499
0.9833566
0.9833194
0.9702276
0.9915215
0.9917748
0.989972
0.9824641
0.9857102
0.9856943
0.984014
0.9786026
0.9847838
0.9869081
0.9858575
0.9858185
0.9845194
0.9843612
0.985901
0.984496
0.9846725
0.9858189
0.9841804
0.9804592
0.9752409
0.9821078
0.984403
0.9688343
0.9863197
0.965353
0.9675809
0.9556653
0.9800998
0.9640018
0.9784129
0.9781693
0.9665378
0.9787201
0.9903667
0.9907392
0.9913317
0.9895479
0.9904559
0.9926171
0.9883552
0.9699271
0.9566329
0.9897186
0.9889856
0.9900842
0.9919269
0.9923534
0.9960978
0.9950782
0.9970118
0.9875612
0.9942368
0.9901969
0.9953598
0.9621446
0.9617558
0.9615144
0.9629375
0.9573514
0.9564513
0.9584744
0.9543323
0.958174
0.9701201
0.9556734
0.9946783
0.9632288
0.9567642
0.9590514
0.9655638
0.9782366
0.9662588
0.9495635
0.9556556
0.9554278
0.9588856
0.9636593
0.9598263
0.9542358
0.9592415
0.9593292
0.9548664
0.9642748
0.9627267
0.9623463
0.9583387
0.9612125
0.9572308
0.9580142
0.9772793
0.955744
0.9569574
0.9627046
0.9597352
0.9924525
0.9781296
0.9750862
0.9740027
0.9575727
0.9910405
0.9892646
0.9893987
0.9749261
0.9780891
0.9791324
0.9748426
0.9712168
0.9750019
0.9777466
0.9770541
0.9787738
0.9745005
0.9744393
0.9782492
0.9754922
0.9750259
0.9774732
0.9746731
0.9702959
0.9654227
0.9736343
0.9778629
0.954824
0.977424
0.9554327
0.957567
0.9465116
0.9792859
0.959905
0.979708
0.9796913
0.9612607
0.9798319
0.9880595
0.9901074
0.9893181
0.9898826
0.991021
0.9907257
0.9893518
0.9673999
0.9475805
0.9857722
0.986476
0.9900573
0.9920495
0.9937459
0.9957214
0.9961928
0.9959293
0.9889727
0.9943049
0.9878265
0.9922262
0.9597159
0.9583009
0.9579639
0.9568273
0.9450389
0.9483082
0.9500804
0.9468488
0.9516437
0.9646334
0.9474076
0.9941016
0.9529761
0.9499325
0.9520902
0.9611461
0.9771574
0.9620837
0.9376489
0.9465881
0.9461795
0.9540127
0.9573937
0.950121
0.9453978
0.9492192
0.9538587
0.9489174
0.9578798
0.9561284
0.9570928
0.9520464
0.9542601
0.9503752
0.9508575
0.9787398
0.9457122
0.9489352
0.9583993
0.9540729
0.9927032
0.9788507
0.9742784
0.9749001
0.9500821
0.9891405
0.9893903
0.9884206
0.973492
0.9772723
0.9816316
0.9752555
0.9653889
0.9738652
0.9786047
0.9770875
0.9815609
0.9749655
0.9754334
0.9792381
0.9781006
0.9755704
0.9775771
0.9751346
0.9672375
0.9589479
0.9733054
0.977311
0.9467146
0.9771439
0.9474719
0.9419877
0.9401002
0.9752565
0.954515
0.975353
0.9752759
0.9570705
0.9765861
0.9888873
0.9889045
0.9905283
0.988559
0.9893774
0.9906712
0.9894247
0.9606718
0.94212
0.9877265
0.9887532
0.9932539
0.9933285
0.9945772
0.9946915
0.9958068
0.9965839
0.9876238
0.9942698
0.9882517
0.9927881
0.9533157
0.9537479
0.9545154
0.952016
0.9415087
0.9444345
0.9446428
0.9404065
0.9456147
0.961042
0.9398081
0.9930038
0.9511824
0.9459166
0.947512
0.9587789
0.975422
0.9568671
0.9343609
0.9411785
0.9428845
0.9481395
0.9508027
0.9485336
0.9426372
0.9460198
0.9481347
0.9418522
0.9533172
0.9509437
0.9523277
0.9440441
0.9512643
0.946346
0.9455283
0.975291
0.9377236
0.9446975
0.9500635
0.9483988
0.9921315
0.9760332
0.9702229
0.9711287
0.9458081
0.987746
0.9881876
0.9877279
0.9692524
0.976558
0.979186
0.9720259
0.963812
0.9712405
0.9769803
0.9741948
0.979339
0.9724147
0.9725181
0.9776999
0.9744963
0.972857
0.9742225
0.972694
0.9644698
0.9559069
0.9705596
0.9757022
0.9406491
0.9753307
0.9404713
0.9396611
0.9426517
0.9764855
0.9569729
0.9762508
0.9763598
0.9574278
0.9765553
0.9904961
0.9881056
0.9891974
0.9878959
0.9874154
0.9883923
0.9864993
0.96489
0.9439054
0.9870894
0.987071
0.9920594
0.9921236
0.9945463
0.9962621
0.9966249
0.9953301
0.9882038
0.9942273
0.9882387
0.9928526
0.9562671
0.9539657
0.9530271
0.9516253
0.9428902
0.9443393
0.9473518
0.9425649
0.9472201
0.9622812
0.9456584
0.992274
0.9508569
0.9481884
0.9485331
0.9593241
0.9741641
0.9611756
0.9355174
0.9427173
0.9452026
0.9479077
0.9553432
0.9502157
0.9445542
0.948027
0.950141
0.9420594
0.9558674
0.9547946
0.9521579
0.9458133
0.9539714
0.9485207
0.9478669
0.975296
0.9408013
0.9455644
0.9505593
0.9495019
0.991045
0.9771438
0.9728461
0.9706236
0.9474802
0.9874973
0.9883184
0.987405
0.9703968
0.9753718
0.9774446
0.9724164
0.9645346
0.9713841
0.9771783
0.9752499
0.9770623
0.9741394
0.973737
0.97659
0.9745348
0.9737932
0.9746554
0.9735343
0.9647609
0.9564337
0.9701271
0.9753379
0.9433885
0.9766591
0.9404111
0.9420238
0.923988
0.9687033
0.9342248
0.968555
0.9683005
0.9402661
0.967759
0.9879555
0.9894592
0.9894024
0.9876109
0.9892874
0.988579
0.9888565
0.9500383
0.9181732
0.9851891
0.9844969
0.9915074
0.9919687
0.9933298
0.9953332
0.9951889
0.9952417
0.9870663
0.9921133
0.9899067
0.9940428
0.9375839
0.9401248
0.9382698
0.9397743
0.9293164
0.9287258
0.9308996
0.9188939
0.9215064
0.9486582
0.9262811
0.991736
0.9361114
0.920021
0.9225729
0.9422325
0.9626413
0.9439654
0.9092544
0.9185343
0.9179132
0.932883
0.9339692
0.9306479
0.917172
0.9233569
0.924609
0.9234895
0.9369754
0.9339667
0.9413782
0.9257927
0.9349855
0.9241236
0.922109
0.9620773
0.9201494
0.9204612
0.9388918
0.9332831
0.9941317
0.9656773
0.9599283
0.9579908
0.9228386
0.9884117
0.9869318
0.9883993
0.954923
0.9636649
0.965731
0.9561574
0.9527316
0.9576563
0.9655224
0.9623452
0.965634
0.9590827
0.9593054
0.9640774
0.9611142
0.9594945
0.9624288
0.9590163
0.9486088
0.9406441
0.9586101
0.9619021
0.9237726
0.962436
0.9312852
0.9241768
0.9471553
0.977673
0.9618413
0.9768325
0.9777373
0.9638848
0.9780921
0.9872587
0.988779
0.988929
0.9882344
0.9883529
0.9912274
0.9882436
0.9654235
0.9495906
0.9898823
0.9876808
0.9934867
0.9929996
0.9937361
0.9962651
0.9961325
0.9963947
0.990285
0.9934474
0.9893924
0.9943733
0.956811
0.9571373
0.9568652
0.9558945
0.9478555
0.9479775
0.9516293
0.9474022
0.9522285
0.9668103
0.9497847
0.9915579
0.9555275
0.9512849
0.9537171
0.9640329
0.9747676
0.9619017
0.9412091
0.9483076
0.9496238
0.9561021
0.9590704
0.9536177
0.9492426
0.9521743
0.9550719
0.9483317
0.9584808
0.9581102
0.9569811
0.9496156
0.958571
0.9526196
0.9515743
0.9762439
0.9463106
0.9514217
0.9573399
0.9537967
0.9936417
0.9766378
0.9739471
0.973512
0.9522568
0.9881185
0.9880581
0.9865119
0.971536
0.9765454
0.9786128
0.97184
0.9658429
0.973641
0.9781016
0.97446
0.9787949
0.97491
0.9747376
0.9772063
0.9758445
0.9745374
0.9746893
0.9743937
0.9673557
0.9600334
0.9724084
0.9754303
0.9478076
0.9764283
0.944971
0.948033
0.9581626
0.9823777
0.9699454
0.9826731
0.98159
0.9713796
0.9834964
0.9876359
0.9914991
0.98967
0.9918115
0.9913707
0.9912904
0.988696
0.9763428
0.9623962
0.986971
0.9868562
0.99201
0.9934778
0.995622
0.9944859
0.9966236
0.9965035
0.9875564
0.9958834
0.9902546
0.9924554
0.9680034
0.968808
0.9680345
0.9685361
0.9603244
0.9587845
0.9607368
0.9626868
0.9654256
0.9746728
0.9594442
0.9913882
0.9678866
0.9654379
0.9672758
0.9721535
0.9802437
0.9689561
0.9580714
0.9627345
0.9643605
0.962402
0.9687388
0.9664375
0.9636522
0.9661588
0.9661597
0.9596147
0.9682727
0.9693405
0.9648531
0.963864
0.9715979
0.9664544
0.9644922
0.9818991
0.961248
0.9650217
0.9645439
0.9639174
0.9942535
0.9814192
0.9800976
0.9800459
0.9662401
0.9891359
0.9884531
0.988608
0.9785977
0.9816641
0.983442
0.9799994
0.974666
0.9792214
0.9843194
0.9808151
0.9834771
0.9796074
0.9801292
0.9823954
0.9806544
0.9794704
0.9804984
0.9798157
0.9719094
0.9670522
0.9776509
0.9822244
0.9598734
0.9814959
0.9587573
0.9616277
0.9684074
0.9863457
0.9756357
0.986151
0.9863364
0.9747108
0.9864788
0.9895857
0.9892696
0.9898407
0.9897501
0.9929618
0.9896098
0.9925857
0.9790244
0.9690625
0.9890266
0.9908229
0.99195
0.9937752
0.9916407
0.9960811
0.9978016
0.9977992
0.9909322
0.994385
0.9915487
0.9943609
0.971754
0.9719543
0.9725861
0.9717589
0.964657
0.9666502
0.9682196
0.9686717
0.9705511
0.9752532
0.9684118
0.9940669
0.9703308
0.9693936
0.9710085
0.9728108
0.9838792
0.97596
0.9624754
0.968888
0.9674087
0.9683894
0.9726298
0.9721788
0.9673572
0.9697801
0.9726485
0.9667107
0.974083
0.9718009
0.9728363
0.9706738
0.9724503
0.9715792
0.9703552
0.9844698
0.9676016
0.970393
0.9721153
0.9734417
0.9933586
0.9852597
0.9832023
0.9829886
0.9697691
0.9919982
0.9916714
0.9896635
0.9822398
0.9851741
0.9858601
0.9830908
0.9781124
0.9842718
0.9854243
0.9848774
0.9856482
0.9842121
0.9841899
0.9846259
0.9839686
0.9842901
0.9846523
0.9839937
0.9795812
0.9736696
0.9818842
0.9837008
0.9683995
0.986054
0.9651439
0.9675869
0.951718
0.9781959
0.9616043
0.9770941
0.9776411
0.9631379
0.9790368
0.9880631
0.9901543
0.9918846
0.9904122
0.9917871
0.9890688
0.9874297
0.9702749
0.9528668
0.9895194
0.9878286
0.9907854
0.9926533
0.9951616
0.9956999
0.9960181
0.9952703
0.9895591
0.9944579
0.9886429
0.9938013
0.9614502
0.9614714
0.9600904
0.9597826
0.9560333
0.9542972
0.9567819
0.9517964
0.955915
0.9683901
0.9529777
0.9942439
0.9604861
0.9558682
0.9573399
0.9641848
0.9761758
0.9632084
0.9448876
0.9531001
0.9542148
0.9584637
0.9602318
0.9588892
0.9519399
0.956858
0.9565242
0.9528262
0.9640227
0.9613674
0.9606442
0.9550333
0.9619433
0.9550364
0.9554525
0.9762559
0.9519468
0.9537913
0.9599764
0.9570869
0.9941344
0.9770988
0.9762118
0.974592
0.9559938
0.9895408
0.9895578
0.9870354
0.9715198
0.976834
0.980855
0.974743
0.968524
0.9731152
0.9760211
0.9749054
0.9807633
0.9753848
0.975115
0.9772519
0.9763303
0.9750837
0.9747448
0.9751442
0.9667801
0.9636602
0.972674
0.9778051
0.9517901
0.9767522
0.9533273
0.9503403
0.9354559
0.970236
0.9462342
0.9704312
0.9717216
0.9497524
0.9704661
0.9890333
0.9886853
0.9889814
0.9892981
0.9895122
0.9904938
0.9880337
0.9550137
0.9328931
0.9875707
0.9850613
0.9903452
0.9934235
0.9934198
0.995676
0.9964221
0.994719
0.9867423
0.9944113
0.988612
0.9929741
0.9458113
0.9424693
0.9442183
0.9447679
0.9388395
0.9359503
0.9403354
0.93156
0.9357221
0.9575052
0.9364485
0.9936754
0.9452807
0.9345554
0.9374544
0.9531729
0.9685244
0.9494915
0.9274597
0.9320817
0.9333729
0.9439493
0.9446383
0.9397711
0.9313225
0.9365413
0.937527
0.9388882
0.9469337
0.9454211
0.9513977
0.9370204
0.9467871
0.9382184
0.9349639
0.9689356
0.9311507
0.9358421
0.9474675
0.9387728
0.9941823
0.9703444
0.9661204
0.9644633
0.9355553
0.9862448
0.9873501
0.986531
0.961571
0.9692899
0.9717463
0.9634448
0.9577051
0.9650965
0.9716093
0.9692965
0.9714613
0.9655564
0.9651998
0.9705721
0.9691315
0.9650754
0.968995
0.9646562
0.9576406
0.9475365
0.9660904
0.9705504
0.9364357
0.9693872
0.938024
0.9355495
0.9614143
0.984005
0.9731969
0.9849038
0.984145
0.9715724
0.9858875
0.9885366
0.9926455
0.9903346
0.9886789
0.9918877
0.9920124
0.9873166
0.9750469
0.9645786
0.9921514
0.9918221
0.9925695
0.9924508
0.9933237
0.9950916
0.9965982
0.9981787
0.9909015
0.9958285
0.9893727
0.9946492
0.9671502
0.968071
0.967875
0.9666326
0.9615361
0.9604697
0.9621564
0.9611287
0.9658153
0.9745965
0.960862
0.9928273
0.966598
0.9666258
0.9678054
0.9743299
0.9830389
0.9703362
0.9579622
0.9635948
0.9645346
0.9657855
0.9712667
0.9684432
0.9643896
0.9674137
0.9670962
0.9604991
0.9695447
0.9703536
0.966522
0.9651328
0.9690259
0.9672191
0.9661812
0.98352
0.9614745
0.966134
0.9661295
0.9642641
0.992073
0.9829938
0.9825244
0.9827724
0.9661719
0.9931042
0.9924974
0.9909035
0.9810727
0.983626
0.9853773
0.9808211
0.9761511
0.9818907
0.9825849
0.9827285
0.9850543
0.9816763
0.9815663
0.9854326
0.9840167
0.9815733
0.9830756
0.9821215
0.9766252
0.9694193
0.9784292
0.984645
0.9601326
0.9846251
0.9599878
0.9614207
0.9924206
0.9965242
0.9944836
0.996593
0.9966538
0.9946614
0.9955871
0.9937562
0.9939024
0.9951666
0.993921
0.994625
0.9949135
0.9930215
0.9948981
0.9937934
0.9957098
0.9961442
0.9932698
0.9953326
0.9990851
0.9980945
0.9983936
0.9983884
0.9936909
0.9972347
0.994009
0.9350752
0.9932675
0.9940628
0.9935206
0.9925776
0.9913937
0.992057
0.9922258
0.992814
0.9938037
0.9953267
0.9914713
0.993187
0.9935171
0.9941837
0.9943994
0.9950229
0.9957359
0.9941198
0.9919392
0.9932459
0.993372
0.9930887
0.9944824
0.993863
0.9934477
0.9939835
0.9937679
0.9928165
0.9934495
0.994447
0.9927702
0.9934133
0.9938687
0.9936889
0.9937811
0.9957869
0.9925938
0.9941844
0.9921687
0.9921188
0.9567117
0.9965539
0.9955985
0.9959998
0.9942209
0.993739
0.9927663
0.9924376
0.9953859
0.9954462
0.9960919
0.9960492
0.9951804
0.9953419
0.9968115
0.9963238
0.9961341
0.996251
0.9961639
0.9967665
0.9963709
0.996256
0.9964497
0.9962885
0.9949773
0.9933743
0.9937098
0.9958009
0.9920397
0.9956086
0.9899217
0.9917574
0.9872418
0.991623
0.9906194
0.9927347
0.9918362
0.9900382
0.9916332
0.9861031
0.9827316
0.988663
0.9875292
0.9838264
0.9904428
0.9660743
0.9908443
0.9881627
0.9909767
0.9935837
0.9958281
0.9933146
0.9959893
0.9971369
0.9983836
0.997839
0.9913931
0.9939024
0.9882534
0.9940889
0.9885934
0.9894479
0.9891889
0.9889325
0.9873006
0.9874754
0.9883721
0.9883089
0.9885296
0.9902711
0.9877148
0.9937824
0.9880906
0.9892779
0.9889667
0.9910277
0.992126
0.9904335
0.9854631
0.9877517
0.9882579
0.9883879
0.9892303
0.9882647
0.9882812
0.9886738
0.9891606
0.9872026
0.9892095
0.9895921
0.9882395
0.988463
0.9874133
0.9892784
0.9882764
0.9922626
0.9877125
0.9888283
0.9874971
0.9889409
0.9918848
0.9935535
0.9919009
0.9915801
0.9889943
0.9882262
0.990794
0.98994
0.9926105
0.9922821
0.9929686
0.9916124
0.9914712
0.9916931
0.9926526
0.9928512
0.9928418
0.9925839
0.9925396
0.9922954
0.993298
0.9926322
0.9926367
0.9924069
0.9915287
0.9889843
0.9905792
0.9924456
0.9873343
0.9925023
0.9864342
0.9865067
0.9853619
0.9935455
0.9903591
0.9932577
0.9940082
0.9903247
0.994116
0.9899244
0.9874016
0.9845728
0.9888213
0.9857143
0.9889764
0.965166
0.9906324
0.9873049
0.992364
0.9927502
0.9968481
0.9963132
0.9961789
0.9960506
0.9978202
0.9961707
0.9926306
0.9945853
0.9877694
0.9955924
0.9883213
0.9898428
0.9890123
0.9892074
0.9853007
0.9853657
0.986754
0.9871702
0.9878659
0.9909306
0.986356
0.9950327
0.9866811
0.988456
0.9889357
0.9900138
0.992353
0.9890203
0.9850566
0.9868562
0.9868819
0.9890937
0.9893514
0.9870741
0.9869737
0.9875527
0.9881044
0.9857201
0.9889718
0.9891695
0.9858396
0.9872958
0.9878203
0.9877782
0.9875897
0.9940476
0.9853194
0.9884927
0.9867361
0.9893781
0.9915322
0.9945511
0.9932473
0.9934784
0.9886347
0.9883314
0.9913077
0.9884811
0.9928611
0.9938199
0.9943306
0.9934161
0.9896491
0.9929038
0.9948043
0.9940713
0.9942244
0.9940824
0.9941048
0.9935773
0.9942522
0.9939027
0.9940301
0.993816
0.9927033
0.9874522
0.9921928
0.9939646
0.9850081
0.9931483
0.9855804
0.9851832
0.9863229
0.992694
0.9895665
0.9937101
0.9922245
0.9903183
0.9926514
0.9667839
0.9223622
0.932582
0.9309217
0.9225177
0.9406383
0.9902057
0.9894341
0.9881354
0.9930872
0.9931486
0.9964818
0.9935801
0.9969074
0.996904
0.9967923
0.9991983
0.992399
0.997107
0.9647681
0.9972067
0.9888873
0.9894328
0.9897435
0.9892975
0.9852342
0.987361
0.9871393
0.9868933
0.988324
0.9899605
0.9876169
0.9943546
0.9885235
0.9874862
0.9880054
0.9894683
0.9917803
0.9897019
0.9838125
0.9864975
0.9865149
0.9871111
0.9894439
0.9886037
0.987224
0.9876597
0.9882114
0.9870491
0.9885138
0.9883183
0.9866879
0.9883932
0.9872762
0.9877354
0.9877174
0.9921734
0.9871313
0.9883451
0.9868133
0.9887617
0.9948267
0.993195
0.991563
0.991158
0.9871088
0.9560831
0.9621865
0.9548618
0.9918311
0.9925023
0.9925875
0.9918829
0.9897467
0.9915907
0.9937545
0.9924636
0.9925137
0.991818
0.9917853
0.9921781
0.9920847
0.9918708
0.9923671
0.9917665
0.9914312
0.9883058
0.9924442
0.9924761
0.9868041
0.9925549
0.9851309
0.9859329
0.9882103
0.9919877
0.9897152
0.9920561
0.9920045
0.9903194
0.990949
0.9619533
0.8794509
0.8892203
0.8885587
0.8839209
0.9196355
0.9904128
0.989131
0.9892491
0.9908748
0.9939366
0.9948229
0.9946615
0.9942478
0.9945764
0.9959925
0.9981298
0.9938379
0.9990387
0.9447877
0.9951715
0.9900487
0.9888392
0.9889854
0.9899625
0.9882863
0.9891559
0.9885928
0.9884805
0.9883146
0.989233
0.9892308
0.9961627
0.9885995
0.9887941
0.9887364
0.9905962
0.9894169
0.9904987
0.9873575
0.9883245
0.9882105
0.9895975
0.9893809
0.9888205
0.9881959
0.9881597
0.9883988
0.989585
0.9894215
0.9886394
0.9896609
0.9887676
0.9886554
0.9886563
0.9886165
0.9905465
0.9885702
0.9890467
0.9892246
0.9901022
0.993273
0.9918852
0.9899467
0.9895587
0.9884713
0.9438112
0.955065
0.9555291
0.9907737
0.9906233
0.9912173
0.9903377
0.9908085
0.9905469
0.9930568
0.9919781
0.9908905
0.9903822
0.9904644
0.9912859
0.9914753
0.990757
0.9919546
0.9906366
0.9901664
0.9881971
0.990596
0.9909006
0.9881598
0.9908527
0.9878032
0.9878241
0.8851827
0.9399641
0.8683449
0.940516
0.9394504
0.9130334
0.9411033
0.9897395
0.9888092
0.9889586
0.9878732
0.9886732
0.9894663
0.9887912
0.8279408
0.8587526
0.9841837
0.9844292
0.9911826
0.9896897
0.9921144
0.9939849
0.9954213
0.9949002
0.985136
0.9937173
0.9882206
0.9939166
0.8848156
0.8856674
0.8862198
0.8878515
0.8977871
0.8874305
0.8854308
0.8449685
0.8390508
0.9187004
0.8886931
0.9934445
0.9033687
0.8623334
0.85903
0.9116391
0.9434249
0.8967481
0.8945233
0.8507143
0.8582263
0.8958602
0.8685389
0.8649791
0.8574814
0.8591172
0.8393483
0.8992396
0.8839024
0.8647623
0.9251446
0.8476093
0.9021797
0.8644628
0.8349678
0.9338528
0.8483834
0.8676333
0.9222119
0.8981355
0.9945038
0.9438317
0.9112649
0.9210413
0.8611572
0.9887747
0.9896912
0.9890476
0.9037856
0.9359043
0.9395759
0.9105943
0.8957456
0.9246656
0.9431841
0.9347324
0.9392857
0.92032
0.9200185
0.9355484
0.9326288
0.9204905
0.9340726
0.9200555
0.9105677
0.8764823
0.9460176
0.9358865
0.8870136
0.9356401
0.9022971
0.910742
0.9693285
0.9874679
0.9794787
0.9866944
0.9868289
0.9783922
0.9875531
0.9918151
0.9927246
0.9927158
0.9913919
0.99196
0.9938167
0.9915586
0.9769209
0.9730495
0.9926814
0.9910233
0.9930221
0.9943204
0.9947292
0.9968364
0.9969208
0.9969172
0.988657
0.9947295
0.99218
0.9934201
0.9753231
0.9747399
0.9743658
0.973487
0.9673223
0.967088
0.9669757
0.9674914
0.9714333
0.9818002
0.969176
0.9938254
0.9738398
0.9736229
0.9746583
0.9783244
0.9863698
0.9755527
0.9713706
0.9702596
0.9721615
0.972403
0.9734154
0.9729906
0.9723565
0.9728237
0.9728054
0.9706334
0.973759
0.9743441
0.9724678
0.9710852
0.976094
0.9740815
0.9714657
0.9863233
0.9673645
0.9753303
0.9731803
0.9738327
0.9914678
0.9864025
0.9835396
0.9843074
0.974444
0.990344
0.9913389
0.9905638
0.9840555
0.9870449
0.9886849
0.9843187
0.978218
0.9843543
0.9875524
0.9865486
0.9890389
0.9854873
0.9853535
0.9872199
0.9871381
0.9859374
0.9863742
0.985629
0.980537
0.971079
0.9829324
0.9874221
0.9702968
0.9858286
0.9697962
0.9757807
0.9792228
0.9897751
0.9835403
0.9888783
0.9888275
0.9836858
0.9859947
0.9903675
0.9943334
0.9944751
0.9920931
0.9946075
0.993876
0.9915459
0.983311
0.981078
0.992124
0.9929427
0.9941613
0.9958078
0.9906822
0.9962915
0.9961963
0.9952336
0.9911753
0.9923786
0.9954298
0.9952276
0.9807811
0.9810715
0.9806975
0.980636
0.9805237
0.9791521
0.9789852
0.9798272
0.9807434
0.9852239
0.9781839
0.9964977
0.9833512
0.9819805
0.9817248
0.9848317
0.9884773
0.9832677
0.9800315
0.9805918
0.9808933
0.9800931
0.9817418
0.9812113
0.9808964
0.9823747
0.9798843
0.9814069
0.9797505
0.9822228
0.9825691
0.9810902
0.9835347
0.982706
0.9793847
0.9889754
0.9794572
0.9817087
0.9810307
0.9808568
0.9961039
0.9874058
0.9854653
0.9867489
0.982308
0.9922963
0.9942503
0.9909226
0.9858667
0.9888965
0.9901495
0.9867928
0.9837901
0.9859948
0.9890428
0.9880913
0.9892399
0.9876337
0.9874432
0.9892979
0.9881705
0.9879166
0.987742
0.987373
0.9840196
0.9777501
0.9868626
0.9884262
0.9797388
0.9884029
0.9794895
0.982798
0.9844006
0.990181
0.9865818
0.9898653
0.9897918
0.986716
0.9901571
0.9934074
0.9942105
0.9949069
0.9942227
0.9929341
0.9964943
0.99164
0.9859253
0.9865332
0.9874214
0.9932208
0.9938086
0.9914943
0.9960278
0.9954359
0.9967082
0.9952819
0.989568
0.9944062
0.995847
0.9957246
0.9852822
0.9850987
0.9849223
0.9852835
0.9867859
0.9866791
0.9859546
0.98506
0.9846371
0.9863033
0.9847545
0.9963776
0.9877824
0.9866638
0.9865938
0.9874382
0.9899809
0.9850023
0.9846801
0.9855857
0.9867633
0.9866834
0.9859206
0.9853119
0.9867699
0.9868914
0.9848932
0.9840319
0.9858648
0.9858649
0.9851363
0.9865056
0.9876279
0.9866536
0.9843945
0.9899009
0.9857367
0.9858948
0.9841198
0.9853952
0.9942857
0.9906539
0.9873755
0.9888077
0.9865976
0.9925191
0.9946367
0.9942479
0.9888668
0.9891304
0.9902812
0.9877533
0.9871125
0.988447
0.9890441
0.9888086
0.99037
0.9898089
0.9897058
0.989576
0.9896914
0.9895168
0.9887432
0.9895977
0.9871546
0.9845365
0.9884583
0.9901942
0.9849194
0.988366
0.986105
0.9858574
0.9859537
0.9921078
0.9889088
0.992607
0.9922164
0.9876294
0.992484
0.9934283
0.9940883
0.9959357
0.9935448
0.9936791
0.9944516
0.9945815
0.9885092
0.9873235
0.9933242
0.9936842
0.9952485
0.9928484
0.9932418
0.9980516
0.9962159
0.9959545
0.9911193
0.9954191
0.9945305
0.9934908
0.9867483
0.9878063
0.9868883
0.9867519
0.9855201
0.9860157
0.985748
0.985996
0.9866949
0.9895911
0.9841433
0.9953951
0.9882655
0.988072
0.9879305
0.9893794
0.9912773
0.9876871
0.9850036
0.9867811
0.9870897
0.9882688
0.9885896
0.9879339
0.9869825
0.9875204
0.9866945
0.9863868
0.9872231
0.9876095
0.9866467
0.9876791
0.9901313
0.9886196
0.9860355
0.9915014
0.9858094
0.9870756
0.9871199
0.9855096
0.9919098
0.9920301
0.9909003
0.990374
0.9878381
0.9930467
0.9941723
0.9917234
0.9913184
0.9924003
0.992219
0.9916153
0.9886717
0.9915016
0.9931028
0.990911
0.9929148
0.9914934
0.9914402
0.9923692
0.9916825
0.9916312
0.9909194
0.9912814
0.9890723
0.9865103
0.9896578
0.9923963
0.9859121
0.9924314
0.9866232
0.986122
0.9927201
0.9915772
0.9920458
0.992168
0.9917305
0.992372
0.9904306
0.9953211
0.9946004
0.9956757
0.9956961
0.9941253
0.9937202
0.9929809
0.9922839
0.9926659
0.9924151
0.9960878
0.9964871
0.991963
0.996214
0.9963768
0.9974851
0.9971627
0.9944512
0.9977703
0.9961759
0.9988169
0.9928779
0.9926305
0.9924338
0.9926282
0.9928247
0.9935583
0.9938465
0.9925519
0.9917781
0.9911849
0.9915783
0.9973102
0.9936288
0.992386
0.9922083
0.9917779
0.9906517
0.9922114
0.9921163
0.9921352
0.992264
0.9921763
0.9923214
0.9921222
0.9923468
0.9926505
0.9918212
0.9924547
0.9915103
0.9924934
0.992729
0.992985
0.9924179
0.9924425
0.9917671
0.9908058
0.9929323
0.9911052
0.9927748
0.9920818
0.9987945
0.9903431
0.9911607
0.9911352
0.9925125
0.9953102
0.9946899
0.9961489
0.9912185
0.9903264
0.9912185
0.9914548
0.9933404
0.9911348
0.9913244
0.9910023
0.9912536
0.9916264
0.9921214
0.9903808
0.9913846
0.9917685
0.9910568
0.9916469
0.9920223
0.9925301
0.9917864
0.9903799
0.9934949
0.9915352
0.9929997
0.9911601
0.9910913
0.9953816
0.992941
0.9955464
0.9944963
0.9939012
0.9956699
0.9965683
0.9967465
0.9958032
0.9958246
0.9948393
0.9969739
0.996934
0.9932996
0.9917769
0.9970861
0.994579
0.9964404
0.9963031
0.9972444
0.9986586
0.9971861
0.9982382
0.9933641
0.9978468
0.9951901
0.9967073
0.9920993
0.9924742
0.9923003
0.9914843
0.9917141
0.9915601
0.9913429
0.9913818
0.9921203
0.9936864
0.9898269
0.993998
0.9931974
0.9920609
0.9925364
0.9942232
0.9951802
0.9925301
0.9907258
0.9918554
0.9919544
0.9922793
0.9921188
0.9921282
0.9918804
0.9926068
0.9922372
0.9914026
0.9917448
0.9923239
0.9923395
0.9921931
0.9935498
0.9923008
0.9920266
0.9951681
0.9915415
0.9921796
0.9921996
0.9913495
0.9935919
0.9948793
0.993703
0.994681
0.9925174
0.9967897
0.9942792
0.9918963
0.9944161
0.9955576
0.9956818
0.9950357
0.9939654
0.9943209
0.9945154
0.9948041
0.9955944
0.9951359
0.9949119
0.9957898
0.9945211
0.9951021
0.9948958
0.9949563
0.992914
0.9908594
0.993861
0.9953456
0.9907683
0.9948411
0.990687
0.9916473
0.9916548
0.9963188
0.994021
0.9965211
0.996516
0.9934673
0.9962009
0.9947991
0.9968825
0.9947001
0.9954502
0.9954017
0.9959115
0.9919236
0.993044
0.992419
0.9947615
0.9966741
0.9968429
0.9983611
0.995702
0.9975395
0.9992634
0.9959229
0.9971762
0.9974326
0.9962237
0.9975912
0.9917359
0.9920137
0.991937
0.9928104
0.9920305
0.9916876
0.992399
0.9916158
0.9923198
0.9932438
0.9915799
0.9986106
0.9932756
0.9930896
0.9925816
0.9936806
0.995855
0.9933159
0.9910979
0.9917181
0.9921108
0.9917267
0.993392
0.9919093
0.9921504
0.9926265
0.9923453
0.9910041
0.9922046
0.993082
0.9924632
0.9923555
0.9924792
0.9929921
0.9920359
0.9958339
0.9917467
0.9925404
0.9927594
0.9920409
0.9964789
0.9958905
0.9942696
0.995052
0.9926599
0.9935928
0.995521
0.9942803
0.9945413
0.9960753
0.9967732
0.9949743
0.9938387
0.9952764
0.9957112
0.995778
0.9966289
0.9957045
0.9957592
0.9958261
0.9958178
0.9957918
0.9956746
0.9959413
0.9942434
0.9912484
0.9945284
0.9955031
0.9921159
0.9955843
0.9908568
0.9924564
0.9919839
0.9959418
0.9940446
0.9948678
0.9955613
0.9939139
0.9961556
0.9973404
0.9970487
0.9965466
0.9973033
0.9977706
0.9975369
0.9919638
0.9932843
0.9933696
0.9959977
0.99623
0.9940315
0.9971847
0.9952719
0.9970792
0.9969278
0.9973046
0.9942219
0.997676
0.9956416
0.9957082
0.992054
0.9919448
0.9920379
0.9924292
0.9912868
0.9904703
0.9922231
0.9917427
0.992712
0.9943885
0.9922552
0.998558
0.9934098
0.993492
0.9937297
0.9952868
0.9963257
0.9927899
0.9931096
0.9924388
0.9937252
0.9931442
0.9934938
0.9935735
0.9936356
0.9937164
0.9931159
0.9922201
0.9924668
0.9936354
0.9918467
0.992872
0.9933864
0.9940943
0.9926614
0.9958233
0.9922074
0.9932553
0.991722
0.9924529
0.9981752
0.9954064
0.9941926
0.9950881
0.993913
0.9946524
0.9961353
0.993149
0.9948253
0.9959927
0.9961569
0.9952007
0.9937158
0.9949335
0.9948196
0.9960745
0.9964618
0.9958053
0.995513
0.9960428
0.9962377
0.9956727
0.9963425
0.9953707
0.9949687
0.9921271
0.9945959
0.9957142
0.9917056
0.9960724
0.9921084
0.993573
0.9920324
0.9962541
0.9945807
0.9965891
0.9962582
0.9945181
0.9960713
0.9959779
0.9946209
0.9948652
0.9969427
0.9945764
0.9938351
0.9971429
0.9934657
0.9936857
0.9941003
0.996118
0.9963298
0.9952844
0.9972205
0.9965184
0.9959167
0.9954918
0.9968336
0.9964986
0.9939562
0.9965986
0.9929952
0.9928414
0.9927138
0.9922067
0.9918497
0.9920147
0.9913623
0.9925603
0.9932216
0.9940929
0.9918568
0.9980916
0.9944761
0.9937221
0.994064
0.9948433
0.9967944
0.9931545
0.9927311
0.9928463
0.9934638
0.9935127
0.993995
0.9933387
0.9934555
0.9937071
0.9934407
0.9924415
0.9922822
0.9937653
0.9922984
0.9929839
0.9948413
0.9938963
0.9933734
0.9963948
0.9926492
0.993714
0.9923603
0.9927142
0.9949593
0.9963298
0.9949401
0.9959233
0.9936085
0.9939379
0.9942211
0.9944162
0.9963686
0.99678
0.9969631
0.9962486
0.994248
0.9960259
0.9957709
0.9972195
0.9968435
0.9958847
0.9959596
0.9966368
0.9963439
0.9960127
0.996822
0.996177
0.9946565
0.9928017
0.9955551
0.9961943
0.9917818
0.9972249
0.9922089
0.9934378
0.9961922
0.9970111
0.9962865
0.9971319
0.9974637
0.9971241
0.9961831
0.997761
0.9980029
0.9991426
0.9974395
0.9976959
0.9968508
0.997383
0.9967477
0.9961814
0.9967997
0.9976832
0.9977671
0.995642
0.9971691
0.9977022
0.9965669
0.9965534
0.9965517
0.9979575
0.9960762
1.
0.9963655
0.996251
0.9964555
0.9960674
0.9968013
0.9963517
0.9959983
0.9962381
0.9960392
0.9962931
0.9967435
0.9986419
0.9960812
0.9960894
0.9959036
0.995927
0.9970917
0.9964355
0.9959376
0.995842
0.995923
0.9969115
0.9961292
0.9966154
0.9959392
0.9963223
0.9958619
0.9956647
0.9962057
0.996208
0.9961183
0.9964925
0.9970605
0.9964105
0.9963485
0.9967778
0.9965376
0.9958501
0.9962124
0.9964187
0.9981609
0.9972377
0.9961405
0.9963495
0.9959677
0.9985975
0.9994426
0.9983065
0.9972117
0.9970418
0.9967421
0.9964086
0.9967272
0.9972182
0.997116
0.996643
0.9967822
0.9967516
0.9969082
0.9972163
0.9967917
0.9966726
0.9966963
0.9967891
0.9957392
0.9962295
0.9958056
0.9969815
0.9959723
0.9968851
0.996477
0.9959413
0.996671
0.9972679
0.9970452
0.9973816
0.9967551
0.9972782
0.9977559
0.9976717
0.9979216
0.9976169
0.9970388
0.9966987
0.9979167
0.9972744
0.996867
0.9967872
0.9967033
0.9982661
0.9956551
0.9950791
0.9962784
0.9960707
0.9994759
0.9994737
0.9968923
0.999568
0.9970888
0.9966635
0.9963534
0.9963365
0.9970056
0.9960298
0.9960966
0.9958332
0.9967816
0.9963283
0.9964138
0.9971275
0.9961085
0.9936954
0.9969896
0.996554
0.9966295
0.9975568
0.9975417
0.996906
0.9960524
0.9964799
0.9964935
0.9968984
0.9964612
0.9963042
0.9967455
0.9964841
0.9965264
0.9968178
0.9960362
0.9965079
0.9961383
0.9964864
0.9970251
0.996678
0.9965809
0.9976822
0.9967083
0.9965575
0.9957388
0.9964311
0.9965602
0.9970017
0.9974799
0.9971507
0.9966238
0.9959052
0.9953448
0.9985324
0.9972399
0.9977203
0.9977241
0.9973492
0.9965812
0.9974335
0.9972949
0.9973266
0.9977869
0.9973671
0.9973074
0.9975662
0.9979452
0.9973928
0.9970418
0.9973496
0.9974745
0.9967288
0.9975778
0.9980246
0.9960969
0.9974051
0.996242
0.9968586
0.8815122
0.9465008
0.9096247
0.9471372
0.9469011
0.920392
0.9468727
0.9864474
0.9892327
0.9902013
0.9894534
0.9891483
0.990202
0.9878337
0.9355061
0.8839462
0.9888064
0.9881713
0.9917117
0.992252
0.9929032
0.996136
0.9964163
0.9967898
0.988199
0.9951397
0.9891157
0.993533
0.9130028
0.914251
0.9146835
0.9108888
0.9026668
0.8970273
0.8967383
0.8795763
0.8951189
0.9360051
0.8858746
0.9918378
0.931101
0.9023598
0.9086828
0.9360032
0.9423991
0.9106885
0.8876952
0.8939252
0.9051123
0.9051594
0.918234
0.9120351
0.8981497
0.913072
0.9014177
0.8950861
0.9215447
0.9208406
0.9194792
0.8948772
0.9281848
0.9119728
0.8949983
0.9521627
0.8894266
0.8856234
0.9179349
0.8834152
0.9907733
0.9417414
0.9511227
0.9450083
0.9094869
0.988175
0.9873905
0.9864682
0.9251345
0.9503562
0.9574863
0.9397615
0.9503566
0.9354716
0.9397034
0.9403417
0.957578
0.9417801
0.9424881
0.9561139
0.951196
0.9427885
0.9399591
0.9423393
0.912635
0.9211525
0.9490242
0.9526608
0.8842009
0.9492116
0.8955489
0.9027956
0.9540447
0.8347777
0.8250678
0.8301285
0.8323366
0.8948807
0.818521
0.9918421
0.989416
0.9897076
0.9907555
0.9900336
0.9907705
0.992261
0.9101711
0.8919551
0.9875167
0.9857611
0.9913722
0.9912754
0.9918598
0.9946713
0.9952916
0.9952909
0.9869287
0.9941054
0.9912949
0.9954942
0.9217234
0.9226101
0.9236216
0.9232913
0.9624461
0.9630855
0.9578972
0.9259167
0.8806448
0.9111966
0.9535166
0.9958071
0.9384061
0.883232
0.869663
0.9104612
0.852901
0.9299051
0.9502181
0.9198321
0.9059541
0.9518608
0.908914
0.926047
0.8969324
0.8968908
0.8755066
0.9537545
0.9232943
0.9101626
0.9651305
0.9212163
0.9364951
0.9008551
0.8888617
0.7961946
0.9424629
0.871334
0.9628494
0.9247627
0.9968984
0.8201711
0.8528963
0.8333438
0.8926349
0.9917311
0.9917705
0.992184
0.8250686
0.8014921
0.7785673
0.7692206
0.9297276
0.8074243
0.8223009
0.7960651
0.7779515
0.1884163
0.1903186
0.7994117
0.8040214
0.1663643
0.7954884
0.2375602
0.842134
0.9463811
0.9374864
0.795705
0.9541137
0.8090569
0.9724336
0.953269
0.9683841
0.8142779
0.8539753
0.8091312
0.8087557
0.8988286
0.7762101
0.9920594
0.9907481
0.9900124
0.9907743
0.9910013
0.9911009
0.9926718
0.9218457
0.9212371
0.9886252
0.9869762
0.9924764
0.9927603
0.9920143
0.994752
0.9953415
0.9948553
0.9884976
0.99469
0.9906216
0.9955324
0.9440461
0.9455891
0.9473643
0.9457456
0.9723952
0.9761776
0.970615
0.9485783
0.9154918
0.9137641
0.9674952
0.9965663
0.9520229
0.9179108
0.9050137
0.9174688
0.84027
0.9385642
0.9709482
0.9482114
0.9377702
0.962237
0.9313595
0.9462649
0.9327579
0.9318783
0.9130628
0.967393
0.9371495
0.9316595
0.9732331
0.9533336
0.9535325
0.9350304
0.9243261
0.7765429
0.9657107
0.9005063
0.9724489
0.9411267
0.9973828
0.7979899
0.8654804
0.838984
0.9282087
0.9931628
0.9925081
0.9925009
0.8133179
0.7901926
0.7608898
0.7644595
0.942863
0.8065849
0.7931099
0.7483535
0.7593728
0.770628
0.7707645
0.7785369
0.7920437
0.769684
0.7483763
0.7699562
0.8396034
0.9569765
0.9349953
0.774684
0.9681406
0.7898483
0.9836154
0.9669559
0.9511008
0.8569728
0.8433402
0.8525422
0.8507564
0.894179
0.8293892
0.992348
0.990499
0.9894466
0.9907796
0.9901282
0.9908613
0.9918349
0.9139268
0.899593
0.9877176
0.9851032
0.9909846
0.9919286
0.9912503
0.9945894
0.9949678
0.9954703
0.9874115
0.9945561
0.9911327
0.9954032
0.9274381
0.9286665
0.929767
0.9280786
0.9616244
0.9627366
0.9564581
0.9287741
0.8890771
0.9225082
0.9504313
0.9959448
0.9455755
0.8980504
0.8836691
0.9138444
0.8653457
0.9309075
0.9513012
0.92018
0.914118
0.9527724
0.9185981
0.9326031
0.9075194
0.909213
0.8841332
0.9522869
0.9239288
0.9174568
0.9618584
0.9289113
0.9448757
0.9099733
0.8966869
0.8258795
0.944445
0.8790123
0.9616605
0.917668
0.9964864
0.8257867
0.8729078
0.8543527
0.9018498
0.9915147
0.9928603
0.9922576
0.8281361
0.8236099
0.8254391
0.7968857
0.9370915
0.5566655
0.8257175
0.8134408
0.8243907
0.8045543
0.8057174
0.8265809
0.8244422
0.8041705
0.814185
0.8049381
0.8473636
0.9448507
0.936189
0.8248644
0.9512724
0.8293633
0.972531
0.9534712
0.9648578
0.8471151
0.8576748
0.8418264
0.8421164
0.90227
0.8271603
0.9922869
0.9907798
0.9904551
0.9912427
0.991326
0.9915378
0.9924934
0.9262861
0.9200469
0.9883488
0.9883185
0.9914905
0.9924616
0.9925965
0.9955739
0.9948278
0.9953938
0.9877273
0.9946193
0.9915069
0.995815
0.9391493
0.9388905
0.938699
0.9411514
0.9723092
0.97417
0.9698989
0.9463914
0.912595
0.921832
0.965296
0.9962113
0.9520479
0.9135759
0.8987202
0.9167316
0.8423151
0.932773
0.9620324
0.9405517
0.9295564
0.9603233
0.9278506
0.943595
0.9268696
0.9247939
0.9052012
0.9659031
0.9371912
0.9281481
0.971342
0.947324
0.9532508
0.9278744
0.9179521
0.7982954
0.9603004
0.8948322
0.9692621
0.9368393
0.9967954
0.7951299
0.8736919
0.8482994
0.918415
0.9933846
0.9929299
0.9929691
0.8235827
0.8110526
0.7967443
0.7840618
0.9448997
0.8166365
0.7872647
0.2136266
0.795636
0.7935113
0.7946527
0.8029487
0.8035444
0.7949397
0.1808127
0.7946167
0.8486956
0.9546372
0.9400234
0.7978785
0.9651946
0.813285
0.9833783
0.9625513
0.9450624
0.8504364
0.8343263
0.847092
0.8488492
0.8975427
0.8384649
0.991035
0.9899483
0.9890455
0.9899702
0.9899225
0.9906701
0.9914417
0.9011115
0.8896565
0.9868181
0.98535
0.9921171
0.9911691
0.9915561
0.9946986
0.9952026
0.9953413
0.9867295
0.9940937
0.9905866
0.9954989
0.9139725
0.9168525
0.9161095
0.9145862
0.9557632
0.9568603
0.9514087
0.9178102
0.8747168
0.9126616
0.944971
0.9950793
0.9371908
0.8835954
0.8698525
0.9077906
0.8602632
0.924168
0.9435628
0.9125799
0.9042579
0.943322
0.902354
0.9194281
0.8966279
0.8960835
0.8675219
0.9483986
0.9153914
0.90423
0.9607742
0.9173547
0.9344755
0.9023383
0.880591
0.8120118
0.9359067
0.8652863
0.9585477
0.9137948
0.9964256
0.8379349
0.860251
0.8363894
0.8906334
0.9916956
0.9908611
0.9918091
0.8329682
0.823909
0.8108309
0.7858971
0.9290941
0.8207607
0.8331662
0.814735
0.8089203
0.7942326
0.7930611
0.8195149
0.8224423
0.7945233
0.8139247
0.7938921
0.8504364
0.934968
0.940876
0.8141717
0.9460246
0.8316056
0.9657944
0.9543842
0.9700139
0.835034
0.8502525
0.8303692
0.8291021
0.9045467
0.80636
0.9922437
0.9908042
0.9904616
0.9911695
0.9908884
0.9918454
0.9926282
0.9264254
0.9224601
0.9867617
0.9863107
0.9921438
0.9911094
0.9916288
0.9948305
0.9951633
0.9953717
0.9879513
0.9949549
0.9913395
0.9956479
0.9425521
0.9430761
0.9441104
0.9465977
0.9749534
0.9798055
0.9738632
0.9525206
0.9146397
0.9268552
0.9693523
0.9955754
0.955534
0.918629
0.9011237
0.9207306
0.8321676
0.947274
0.9674119
0.9466363
0.9346736
0.9681295
0.9319039
0.947947
0.9290169
0.9298706
0.9071367
0.9685956
0.9415263
0.9340338
0.9759252
0.9526324
0.9556001
0.9294159
0.9215213
0.7686809
0.9671409
0.9002189
0.975227
0.935839
0.9970755
0.8009927
0.8628817
0.8351936
0.9228616
0.9935282
0.9926968
0.9931191
0.817948
0.7783297
0.751301
0.7632566
0.9455993
0.8013258
0.7947046
0.7610776
0.7499921
0.7740737
0.7750067
0.775789
0.7790189
0.7755676
0.7600727
0.7743224
0.8339837
0.9599453
0.9386603
0.7682168
0.9702171
0.7812559
0.9847766
0.966867
0.9450977
0.8513563
0.8346725
0.8474613
0.8500849
0.8975953
0.839688
0.9911934
0.9902854
0.9894246
0.9899757
0.9902794
0.9904984
0.991502
0.9009678
0.8888949
0.9871958
0.9856742
0.9921564
0.990975
0.9914592
0.9946526
0.9954532
0.9952737
0.9870502
0.9936739
0.991038
0.9955499
0.9135437
0.915951
0.915444
0.9143659
0.955528
0.9565757
0.9505322
0.9170162
0.8738223
0.913516
0.9450069
0.9950919
0.9372372
0.8834076
0.8695331
0.9078294
0.8604355
0.9230415
0.94273
0.9124379
0.9044753
0.9427709
0.9012946
0.9187788
0.8964982
0.896181
0.8664017
0.9481008
0.9151909
0.9042005
0.9613078
0.9173714
0.9342442
0.9017601
0.8804726
0.8123334
0.9352258
0.8647638
0.9582393
0.9140976
0.9960194
0.8385563
0.8594902
0.8369947
0.8909556
0.991794
0.9911366
0.9921791
0.8329486
0.8247605
0.8119685
0.7884609
0.928544
0.821673
0.8334276
0.8151392
0.8102751
0.7934054
0.7924559
0.8201592
0.8226181
0.7937447
0.8145445
0.7931351
0.8499522
0.9347372
0.9410727
0.8154223
0.9464379
0.8323069
0.9657423
0.9540091
0.8779782
0.9506237
0.8949016
0.950411
0.9494626
0.9131467
0.9521893
0.9875731
0.9887258
0.9884036
0.9885072
0.9891606
0.9900591
0.9870089
0.9234752
0.8666679
0.9887033
0.9868185
0.9918694
0.9928599
0.9924354
0.9954637
0.9963977
0.9964625
0.9869623
0.9933219
0.9891953
0.9938342
0.8992486
0.9007509
0.8988207
0.8953037
0.8925751
0.8866001
0.8838793
0.8635215
0.8719017
0.9235772
0.8854762
0.9928086
0.9097376
0.8794943
0.8881602
0.9208119
0.9513083
0.8970082
0.8726547
0.8722263
0.88408
0.8933541
0.9015079
0.8924687
0.872991
0.8880413
0.883921
0.8874123
0.9045061
0.902714
0.9085474
0.8739708
0.9122946
0.888592
0.8775628
0.9526649
0.8693471
0.8700181
0.9088059
0.8865043
0.992669
0.9495383
0.9421486
0.9423311
0.8867589
0.987282
0.9876722
0.9872417
0.9272143
0.952014
0.9589364
0.9370982
0.9356801
0.9376064
0.9511656
0.9446069
0.9588559
0.9399274
0.9393514
0.9529922
0.9493915
0.9397149
0.9434565
0.9399665
0.9214531
0.9105748
0.9464811
0.9530758
0.8792453
0.951944
0.8891182
0.8913728
0.9704713
0.8499165
0.9007408
0.8487077
0.8479063
0.9243364
0.8286606
0.9932877
0.9911641
0.9907647
0.9927491
0.9917163
0.9919537
0.9930608
0.9423099
0.9378988
0.9891709
0.9880423
0.9928241
0.9916165
0.9925819
0.9949571
0.9952089
0.9955514
0.9887715
0.9953087
0.991711
0.9964349
0.9557767
0.9567461
0.9567358
0.9559235
0.9787155
0.9797097
0.975329
0.9611241
0.9349932
0.9404496
0.9690816
0.9959876
0.9669828
0.9415912
0.9333246
0.9427273
0.8677058
0.9495433
0.9729818
0.95948
0.955088
0.9723993
0.9478118
0.9584697
0.9494634
0.9520632
0.9322649
0.9715016
0.9506253
0.950221
0.9756889
0.9630703
0.9675056
0.9496313
0.9422646
0.8411129
0.972078
0.9219146
0.9759366
0.9393255
0.9970415
0.8180888
0.8923626
0.8726534
0.9469984
0.9944325
0.9931913
0.9950181
0.8677004
0.8396271
0.8321634
0.8373834
0.9588804
0.8388044
0.8051677
0.8294516
0.8312428
0.8327636
0.8351201
0.8443607
0.852267
0.8338163
0.8283811
0.8335459
0.8655488
0.9666716
0.9449047
0.841838
0.9703907
0.8439171
0.9850785
0.9727069
0.964052
0.8513677
0.8536326
0.8470922
0.8493612
0.9102254
0.8351901
0.991936
0.990505
0.9898869
0.9908388
0.9904742
0.9905742
0.9913906
0.9230472
0.9166293
0.9871589
0.9865502
0.9918048
0.9911788
0.9907363
0.9942879
0.9950712
0.9950702
0.9865881
0.9947824
0.9901897
0.9955292
0.9356259
0.9369925
0.9375402
0.9386987
0.9696201
0.9723841
0.9700461
0.9463802
0.9068696
0.9213971
0.9658791
0.9960814
0.9472836
0.9078778
0.8941337
0.9138996
0.847991
0.9437389
0.9580088
0.9394721
0.9252077
0.9607382
0.923904
0.9385762
0.9218167
0.917996
0.9009748
0.9608259
0.9340762
0.9255121
0.9719035
0.9434187
0.941287
0.9221771
0.9142986
0.7325824
0.9579417
0.8967134
0.9699294
0.9405932
0.9969712
0.8330517
0.8712517
0.8434843
0.9121893
0.992617
0.9919377
0.9916706
0.8457757
0.7978246
0.7871062
0.7877316
0.9366406
0.8318629
0.8342531
0.8077237
0.7847606
0.7997791
0.7995609
0.7731858
0.7848039
0.7995071
0.8070012
0.7981872
0.8613535
0.9546165
0.9410506
0.7026807
0.9646414
0.8028879
0.9803975
0.960647
0.9687479
0.8203063
0.8575038
0.8146877
0.8155124
0.9013575
0.7808109
0.9931408
0.9905468
0.9902567
0.9917943
0.9906835
0.991599
0.9918514
0.9234816
0.9235135
0.9892657
0.9870097
0.9912365
0.9922711
0.991293
0.9939887
0.9954465
0.9956916
0.9882233
0.9948336
0.9908018
0.9961042
0.9463677
0.9464698
0.9480749
0.9471919
0.9740369
0.9756217
0.9722079
0.9490358
0.9176327
0.9167141
0.9672306
0.9963948
0.9539102
0.9208437
0.9077974
0.9210221
0.8385029
0.9426474
0.9709893
0.9512263
0.9398803
0.9638554
0.9333432
0.9489529
0.9349876
0.9340806
0.9144055
0.9686149
0.9394822
0.9354506
0.9760239
0.9541839
0.9554558
0.9363048
0.9269102
0.7808885
0.966474
0.9029871
0.9752158
0.9414217
0.9976382
0.792106
0.8702011
0.8417477
0.9304878
0.993639
0.9933089
0.9932786
0.8202009
0.7921805
0.7638976
0.7706841
0.9463945
0.8028544
0.7949842
0.7595028
0.7637266
0.7724286
0.7735728
0.7809764
0.793628
0.7724416
0.7590969
0.7717863
0.8383639
0.9590009
0.9373235
0.77859
0.9685913
0.7945342
0.9834534
0.9669159
0.9510752
0.8578076
0.8433107
0.8527012
0.8535364
0.8942138
0.8320492
0.9926605
0.9903912
0.9893747
0.9909106
0.9897154
0.991036
0.9918008
0.9157393
0.9002776
0.9877626
0.9858522
0.9913133
0.9918731
0.9913209
0.9944416
0.9948002
0.9953505
0.9871792
0.9942339
0.9909004
0.9956563
0.9276462
0.9298367
0.931018
0.9287611
0.9632795
0.9627881
0.9570501
0.929659
0.889573
0.921861
0.9497649
0.995785
0.9475561
0.8984405
0.8840116
0.9145865
0.8660206
0.931014
0.9519984
0.9212543
0.914116
0.9525798
0.9188076
0.9320516
0.9067915
0.9090382
0.8840725
0.9527505
0.923767
0.9183482
0.9618789
0.92939
0.9454917
0.9112169
0.8972557
0.8272098
0.944457
0.8785386
0.9611279
0.9172807
0.9967905
0.8276806
0.873844
0.8561844
0.901989
0.9911991
0.9920831
0.992205
0.8299192
0.8262507
0.826432
0.7970559
0.9394314
0.5306183
0.8275187
0.817277
0.8257349
0.8064306
0.8076895
0.8279697
0.8264522
0.8064886
0.818132
0.8063959
0.8489758
0.9445318
0.9366245
0.8269075
0.9512474
0.8310013
0.9734943
0.9526531
0.9350979
0.8742085
0.8003279
0.8715242
0.8711439
0.8816705
0.8551554
0.9901356
0.9889209
0.9888066
0.988939
0.988674
0.9900113
0.9900826
0.8909187
0.8632556
0.9852004
0.9842123
0.9903889
0.9901564
0.9914256
0.9942995
0.9948076
0.9945467
0.9851738
0.9939038
0.9888047
0.9948402
0.9018779
0.9037919
0.9039484
0.9033876
0.9487823
0.9472071
0.9413526
0.8977152
0.8399905
0.9014091
0.9333994
0.9956154
0.9198116
0.8477533
0.8289259
0.8942586
0.8744318
0.9147429
0.9236723
0.8826419
0.8675699
0.9349517
0.8823497
0.898589
0.8595604
0.8571108
0.832906
0.9358439
0.9031525
0.8815455
0.9509285
0.895406
0.9187109
0.8643723
0.8478687
0.8332909
0.9149041
0.8342025
0.9486371
0.9049329
0.996115
0.8654134
0.8610642
0.8495794
0.8548708
0.9906142
0.990185
0.989826
0.8134126
0.8411643
0.8350073
0.7827742
0.9114838
0.8253745
0.8640838
0.8266598
0.8351018
0.803473
0.80366
0.8339436
0.8295636
0.8047007
0.8275346
0.8032195
0.8455895
0.923825
0.9353795
0.8324642
0.934952
0.8471949
0.9595948
0.9350059
0.9499794
0.8122646
0.7720666
0.8067252
0.8090728
0.8764366
0.7938799
0.9919763
0.9906548
0.9900596
0.9902174
0.9904702
0.9903699
0.9925034
0.893655
0.8671005
0.9864297
0.9859141
0.990753
0.9909174
0.9914315
0.9944034
0.9954366
0.9953189
0.9874469
0.9940205
0.9908178
0.9954481
0.9125981
0.9143567
0.914087
0.9148387
0.958419
0.9599433
0.954031
0.9108542
0.8486908
0.9041448
0.9495455
0.9955373
0.9308201
0.8551041
0.8324436
0.895269
0.8299938
0.9230097
0.9431897
0.9038436
0.8834326
0.9469468
0.8893397
0.909944
0.8731697
0.870971
0.8372703
0.9497542
0.9111532
0.8903382
0.9649324
0.9071496
0.9287379
0.8830248
0.8595938
0.7555622
0.9322841
0.8353823
0.9620012
0.9130999
0.9968855
0.7933729
0.8344633
0.8005441
0.8651661
0.9926563
0.9919515
0.9925901
0.7823022
0.7609843
0.7409788
0.7102776
0.9187738
0.7736266
0.7846166
0.7489334
0.7419401
0.711607
0.7130747
0.7594147
0.7681158
0.7136865
0.7475659
0.7104425
0.8125918
0.9371482
0.9308085
0.7587154
0.9497892
0.7689708
0.971316
0.949486
0.8334149
0.9181812
0.7312549
0.9157782
0.9162513
0.8466816
0.9175015
0.9874817
0.9880597
0.9885761
0.9885102
0.9890907
0.9887909
0.9886287
0.8741811
0.6634193
0.9842502
0.9841712
0.9906667
0.9911025
0.9918893
0.9947555
0.9949832
0.9950512
0.9831224
0.993121
0.9881166
0.9939286
0.8416094
0.8438374
0.8435861
0.8407257
0.8681293
0.8621644
0.8559139
0.7353352
0.6878431
0.8705515
0.8432988
0.9940441
0.8417597
0.6771186
0.6765785
0.8550076
0.9043187
0.8640599
0.7730415
0.7170213
0.6871197
0.861279
0.7929956
0.7881102
0.6646941
0.6906885
0.700843
0.8394851
0.8549087
0.7924251
0.8925739
0.7459421
0.8438922
0.715772
0.6887936
0.9006568
0.7537531
0.3810164
0.8885369
0.8349741
0.9935042
0.9170245
0.9018409
0.8888186
0.6921953
0.9875097
0.9878051
0.9873214
0.859675
0.9035816
0.9166933
0.8588274
0.8856373
0.8821894
0.9199955
0.8962039
0.9161685
0.8711196
0.8717119
0.9077504
0.8980577
0.8732814
0.8952304
0.8708002
0.8543196
0.8667982
0.9251731
0.9028435
0.8361934
0.901158
0.8689735
0.8335261
0.9834024
0.9936568
0.9892075
0.9936785
0.9933618
0.9891757
0.9927814
0.943539
0.9639622
0.960279
0.9604476
0.9542074
0.9639066
0.9885758
0.9880589
0.9863569
0.9904674
0.9939237
0.9953843
0.9958678
0.9946501
0.9940313
0.9966641
0.994848
0.9942928
0.9948778
0.9398482
0.9943669
0.9871774
0.9879767
0.987698
0.987324
0.9831649
0.983772
0.9837308
0.9848489
0.9860559
0.988175
0.9850734
0.9883346
0.9856375
0.9858667
0.9866505
0.9882854
0.9921407
0.9881852
0.9822242
0.9845949
0.9849123
0.9848355
0.9870269
0.9848086
0.9849169
0.9853742
0.9869711
0.9830458
0.9872012
0.9872439
0.9854081
0.9858089
0.9856037
0.9865625
0.9857488
0.992845
0.9840281
0.9871158
0.984603
0.9874176
0.9945287
0.9938935
0.9906523
0.9924011
0.9858981
0.9145026
0.9094181
0.8925941
0.9919038
0.9934993
0.9937482
0.9921686
0.9886776
0.9930256
0.994961
0.9922369
0.9936704
0.9930731
0.993105
0.9930964
0.9927444
0.9930755
0.9920739
0.9930573
0.9912108
0.9858783
0.991467
0.9929867
0.9836898
0.9936715
0.9813573
0.9839421
0.9900822
0.9969243
0.9945637
0.9969492
0.9970463
0.993946
0.9972155
0.9915233
0.9954522
0.9941669
0.995719
0.9925926
0.9941698
0.9935683
0.9942526
0.9923603
0.9961135
0.99577
0.9961024
0.9968107
0.9972636
0.9965857
0.9984038
0.9971944
0.9952904
0.9979389
0.9937826
0.9780967
0.9928585
0.9925339
0.9923585
0.9917547
0.9896749
0.9884108
0.9894491
0.9910765
0.9927046
0.9947008
0.9903782
0.993228
0.9928087
0.9930854
0.9936067
0.9942243
0.9966781
0.9928257
0.9912908
0.991846
0.9925975
0.9914582
0.9932892
0.9925209
0.9922548
0.9926607
0.9932765
0.9902708
0.9927308
0.9937057
0.9908894
0.9923483
0.9936706
0.9932812
0.9930304
0.9974237
0.9909797
0.99319
0.9906343
0.9920497
0.9727944
0.9973719
0.9962822
0.9967793
0.9933066
0.9907431
0.9910403
0.9919618
0.9957847
0.997075
0.9972845
0.996235
0.9943088
0.9963402
0.997283
0.9972464
0.9972429
0.9969967
0.996971
0.9970717
0.9968751
0.9969784
0.9972003
0.9968524
0.9957385
0.9928403
0.9947597
0.9969666
0.9899296
0.9966578
0.9888117
0.992006
0.9862448
0.9939111
0.9889502
0.9934913
0.9930155
0.9895142
0.9923412
0.9628217
0.9635276
0.9729885
0.9583978
0.9628982
0.9702381
0.9887576
0.9888928
0.9871561
0.9898383
0.9922339
0.9969916
0.9946159
0.9950749
0.9967718
0.9976899
0.9971693
0.9925777
0.9955742
0.9556622
0.9953454
0.9880048
0.9877138
0.988313
0.9866338
0.9851723
0.98723
0.9859245
0.986879
0.9871248
0.9885517
0.9861935
0.9933234
0.9853617
0.9875548
0.987652
0.9885533
0.9916405
0.9877996
0.9840907
0.9858311
0.9867348
0.9854631
0.98717
0.9870724
0.9866224
0.9873842
0.987659
0.9854497
0.9894601
0.9881067
0.9873678
0.9874061
0.986414
0.9870644
0.9868268
0.9923444
0.9857354
0.9880117
0.987393
0.9878391
0.9957722
0.992923
0.9907661
0.9916647
0.9871284
0.937989
0.9593201
0.9431307
0.9909158
0.9914628
0.9934135
0.9914891
0.9900444
0.991358
0.9936319
0.9918204
0.9933113
0.9923048
0.9920421
0.9924788
0.9918788
0.9922934
0.9920273
0.992307
0.9906308
0.9876121
0.9885877
0.9916099
0.9854241
0.9915354
0.9838919
0.9865728
0.9855733
0.9917311
0.9889874
0.9924605
0.9920042
0.9878073
0.9917706
0.9608746
0.9613592
0.9659113
0.9706221
0.9615234
0.9734768
0.9923737
0.9893926
0.9865532
0.9949278
0.9934381
0.9943446
0.9962617
0.9939694
0.9942428
0.9971591
0.996374
0.9936454
0.9967259
0.9542648
0.9940814
0.9874064
0.9869693
0.9872865
0.9877431
0.9852304
0.9856208
0.9861229
0.9856321
0.9864724
0.9887191
0.9864041
0.9930366
0.986947
0.987043
0.9871893
0.9883513
0.9914293
0.9888347
0.9845809
0.9861979
0.9863341
0.9868615
0.9875336
0.9873835
0.9862886
0.9866565
0.9875285
0.9846397
0.9887267
0.9876547
0.9864758
0.9873279
0.9874145
0.9873963
0.9866262
0.9909091
0.9855838
0.9872002
0.9861808
0.9878094
0.9937359
0.992554
0.9900402
0.9916604
0.9864747
0.9416716
0.9521143
0.9443356
0.991815
0.992004
0.9924833
0.9912373
0.9885404
0.9913105
0.9926285
0.9926245
0.9926411
0.9914968
0.9914435
0.9908669
0.9913361
0.9914527
0.99271
0.9916424
0.9910612
0.9876872
0.9904686
0.9918473
0.9848189
0.9927165
0.9849198
0.9848902