0.9210823
0.8617327
0.912594
0.8625587
0.8772399
0.8993724
0.9052944
0.8695418
0.8538926
0.8859392
0.9070612
0.9043776
0.8571164
0.9212587
0.9010413
0.9023718
0.905013
0.9042303
0.9126599
0.9167241
0.8642394
0.8667111
0.8153309
0.9021021
0.8789665
0.8898408
0.8642389
0.8565871
0.8691153
0.9209028
0.8814367
0.8564441
0.8639944
0.908942
0.9031234
0.9021662
0.8214381
0.8604209
0.859095
0.8803784
0.8789709
0.8798009
0.9016641
0.8853482
0.9079405
0.902734
0.9038593
0.9030275
0.8445918
0.8939372
0.8523573
0.9165335
0.9075434
0.8993558
0.9028709
0.9018193
0.9000071
0.9021697
0.820628
0.8737407
0.8624415
0.8877695
0.8690367
0.9116598
0.8797602
0.8814905
0.9039711
0.8824317
0.8822683
0.8898956
0.848071
0.9072838
0.8910256
0.8658163
0.8684173
0.8882389
0.9135405
0.8474069
0.8445742
0.8860993
0.8667975
0.8817072
0.8768805
0.8817302
0.9074048
0.867048
0.8871882
0.8819404
0.8810809
0.9097716
0.9109798
0.8428015
0.9169896
0.9100249
0.9115458
0.9149819
0.9138484
0.9128298
0.9134996
0.91236
0.9208825
0.8604848
0.9171835
0.8628135
0.8829841
0.9000286
0.9056617
0.8656362
0.8619132
0.8915836
0.9055424
0.903725
0.8574703
0.9214761
0.9008676
0.903372
0.904523
0.9047551
0.9197006
0.9225339
0.8708486
0.8710485
0.8190396
0.9042708
0.8745714
0.8946491
0.8600103
0.856773
0.8714265
0.9230227
0.8790096
0.856588
0.8660918
0.9126231
0.90005
0.9046339
0.8234038
0.8663756
0.8664593
0.8832473
0.8847044
0.8848362
0.9015682
0.8872531
0.9099028
0.9038642
0.9030098
0.9021856
0.8428111
0.8981604
0.8513524
0.918677
0.9043747
0.8977495
0.9036756
0.9011395
0.9004213
0.9004035
0.81608
0.8802921
0.863745
0.8920093
0.8712263
0.9155657
0.884796
0.8823888
0.9017576
0.8863064
0.8834057
0.8906205
0.8549689
0.9144513
0.8926187
0.8698108
0.8677674
0.8897649
0.91807
0.850576
0.8492695
0.8886259
0.8693826
0.8819658
0.8777893
0.8794748
0.9087896
0.8624251
0.8870747
0.8845725
0.8824
0.911385
0.9177595
0.8455624
0.9214629
0.9159195
0.9195027
0.9197973
0.9194046
0.9175718
0.9206194
0.9222463
0.8812755
0.9070277
0.8684111
0.9123204
0.9111396
0.8957069
0.900598
0.9131242
0.9286896
0.9065889
0.8857675
0.8843974
0.9073961
0.9126428
0.8857354
0.8923907
0.892997
0.8929095
0.8997074
0.9007559
0.905202
0.8981241
0.9040058
0.8907172
0.9015437
0.9141448
0.909731
0.9089668
0.9109028
0.8688803
0.9037263
0.9087217
0.9098777
0.8585973
0.8901925
0.897434
0.9044107
0.9011755
0.9006911
0.8989888
0.9016667
0.9019438
0.892719
0.9032012
0.8992544
0.8890877
0.8916296
0.8954203
0.9090452
0.9133615
0.9024674
0.9083406
0.8921823
0.8900842
0.8969382
0.8957153
0.8887999
0.8881361
0.8990131
0.916271
0.9090942
0.9026792
0.9064598
0.8563615
0.901904
0.9206539
0.8971587
0.9070979
0.9110779
0.909936
0.9076298
0.8996233
0.907048
0.9093595
0.9143684
0.9121692
0.9133786
0.9079075
0.9174045
0.9194828
0.9105824
0.9232869
0.9149191
0.9032235
0.9293404
0.9117394
0.9145076
0.9041979
0.9040549
0.909056
0.903059
0.9144041
0.8679492
0.8561896
0.8564347
0.8653738
0.8615379
0.8574558
0.8595328
0.8593426
0.8707017
0.9092896
0.8548375
0.9180634
0.9153554
0.8981804
0.8994291
0.9168271
0.9246463
0.9094829
0.8911093
0.8889619
0.9122312
0.9105254
0.890399
0.8982661
0.8965542
0.8968661
0.9011968
0.9014157
0.9092485
0.9045627
0.9101179
0.894561
0.910168
0.9173453
0.9127493
0.9138374
0.9139747
0.8629029
0.9033386
0.9127188
0.9162405
0.8453659
0.8950014
0.8990708
0.9098694
0.9016546
0.9017318
0.9008066
0.9003711
0.9012328
0.8992834
0.9049724
0.9016328
0.8965341
0.8978158
0.9008986
0.9109267
0.9155049
0.9085771
0.9112665
0.8982766
0.8943084
0.9001437
0.8947839
0.8877734
0.8870794
0.9034928
0.9186378
0.91155
0.9051951
0.9096315
0.8585238
0.9011545
0.9181752
0.901885
0.9094373
0.9108869
0.9077005
0.9142526
0.9032398
0.9124771
0.9117782
0.9191747
0.9137244
0.9149201
0.9128946
0.9171517
0.9212785
0.9133617
0.926311
0.9167359
0.902845
0.9308846
0.915052
0.9160925
0.907714
0.9120941
0.9122272
0.9048116
0.9139301
0.8542202
0.8441681
0.8467775
0.8550445
0.8528503
0.8473763
0.8508366
0.8500541
0.8666741
0.9104777
0.8553683
0.9189255
0.9150518
0.9015249
0.9006459
0.9176087
0.9245749
0.9080899
0.8895181
0.8870383
0.9120375
0.9116862
0.8923155
0.8987723
0.8997458
0.8997027
0.9024839
0.9037883
0.9083567
0.9014135
0.908689
0.8956628
0.9112439
0.9179107
0.9130542
0.9127264
0.9131692
0.8590506
0.9029414
0.9124872
0.9174626
0.8439398
0.8963005
0.8989456
0.9074685
0.9034594
0.9037744
0.9006815
0.9023625
0.9041559
0.8974091
0.9049674
0.9011112
0.8970877
0.8990444
0.900695
0.9103085
0.9172586
0.9073303
0.9089284
0.9010205
0.8954633
0.9004922
0.8957224
0.8889168
0.8866671
0.9030173
0.9200292
0.91051
0.9067448
0.9114403
0.8548063
0.9041559
0.9206894
0.9032131
0.9113554
0.9121806
0.9060971
0.9132195
0.9014437
0.9127057
0.9135824
0.9195819
0.9137231
0.9133403
0.9141587
0.9177934
0.9212433
0.9150625
0.9264271
0.916248
0.9039309
0.9282845
0.9148226
0.9155202
0.9097127
0.9112042
0.9112552
0.9029091
0.9135086
0.8496032
0.844266
0.8447504
0.8541667
0.8505095
0.8439639
0.8492592
0.8470958
0.8690758
0.911455
0.8497445
0.9198347
0.9166025
0.9095384
0.9134985
0.9205159
0.9258794
0.9046702
0.8968156
0.8945178
0.9140192
0.9130652
0.9002129
0.9028147
0.9072607
0.9082736
0.8998259
0.9021591
0.911846
0.90714
0.9123651
0.904544
0.9111072
0.9151492
0.9171395
0.9150903
0.916799
0.8428229
0.9071179
0.9150814
0.9175805
0.8414921
0.9057601
0.9079367
0.9100341
0.9022624
0.9018653
0.8989145
0.9079327
0.9077717
0.9073482
0.905314
0.9069097
0.9054113
0.9054982
0.9130636
0.9102068
0.9099502
0.9113793
0.8990583
0.9109463
0.9093789
0.9140964
0.9102623
0.8977698
0.8995583
0.9101528
0.9179279
0.9145652
0.9007524
0.9115361
0.8572439
0.9077717
0.9219054
0.912564
0.9118739
0.9144139
0.90586
0.9180622
0.9002224
0.9095983
0.9081905
0.9188883
0.9092299
0.9083159
0.9184012
0.9205164
0.9228571
0.9183823
0.9241348
0.9196283
0.9100263
0.9312004
0.9166872
0.9135204
0.9105343
0.9099016
0.9100717
0.8985449
0.9189569
0.85321
0.8536036
0.8520881
0.8589353
0.8585408
0.8517324
0.8540654
0.8539238
0.8231617
0.9155554
0.862108
0.921941
0.917069
0.9192434
0.9204533
0.92606
0.9265227
0.9079612
0.9033141
0.9108204
0.9131566
0.9112456
0.913056
0.9191404
0.9223156
0.9219
0.9053808
0.9088725
0.9153435
0.9177808
0.9174354
0.9174854
0.9149535
0.9141122
0.920296
0.9145083
0.9185774
0.8574947
0.911049
0.9148467
0.914346
0.854821
0.9196419
0.9171273
0.9132608
0.9063687
0.9063722
0.9013416
0.9136406
0.914018
0.9206003
0.9096003
0.9102852
0.91552
0.9132541
0.9187012
0.9202408
0.9016488
0.9091955
0.8857945
0.9264234
0.9180074
0.9206321
0.9188606
0.907377
0.9086412
0.9139312
0.9233303
0.9193651
0.9117195
0.9155386
0.8696749
0.9139406
0.9238005
0.9193589
0.9109154
0.9216436
0.9070103
0.9190012
0.8907703
0.9090062
0.9143316
0.9226742
0.9085954
0.9059127
0.9239311
0.9169371
0.9229862
0.924706
0.9230986
0.918677
0.9115022
0.9326095
0.920677
0.9094618
0.9106907
0.9104462
0.9123354
0.8897839
0.918983
0.8653473
0.8600925
0.8607557
0.8724497
0.8691551
0.8632504
0.863852
0.867086
0.9220074
0.8676733
0.9171824
0.8770239
0.8818152
0.908946
0.9144904
0.8780998
0.8553204
0.8898092
0.9109953
0.9130822
0.860963
0.9271583
0.9182013
0.9163647
0.9188308
0.918
0.9235387
0.9248781
0.8700829
0.8830027
0.8663178
0.9150005
0.8767074
0.8978569
0.8695414
0.861108
0.879374
0.9207317
0.8840784
0.8612183
0.8722984
0.918708
0.9106784
0.9137086
0.8336478
0.8743814
0.8738114
0.8871166
0.8891004
0.8878306
0.9136209
0.8831244
0.9126307
0.9153443
0.9118737
0.9169596
0.8555108
0.8943377
0.8627321
0.9109073
0.9172153
0.9140997
0.917911
0.9121164
0.9129736
0.9145457
0.8344734
0.8806516
0.8758213
0.8952691
0.880523
0.9167834
0.8877907
0.8845769
0.9165817
0.882963
0.8899918
0.8935512
0.8550634
0.9090028
0.8923132
0.8800769
0.8795398
0.8834857
0.9164286
0.8598841
0.8518341
0.8918102
0.8738392
0.8866609
0.8850852
0.8919074
0.908768
0.8724688
0.8850935
0.8784365
0.8862732
0.9174256
0.9098703
0.8504302
0.9203205
0.9179411
0.919951
0.9191877
0.9201914
0.9184425
0.9222311
0.9204653
0.9101232
0.8774476
0.9078024
0.8912268
0.879532
0.8963873
0.9020088
0.8911437
0.8989307
0.8832794
0.8906651
0.8888318
0.8723975
0.9140441
0.8905197
0.8976284
0.897896
0.8978915
0.9119232
0.9108896
0.8854859
0.8640158
0.8772751
0.8941818
0.8803403
0.8962849
0.8907436
0.8766592
0.8904843
0.9119513
0.8630992
0.8764403
0.8847066
0.905657
0.8930663
0.8981273
0.8705232
0.8828925
0.8826231
0.8741282
0.876612
0.8782307
0.8993269
0.8723255
0.9033565
0.8976533
0.8978923
0.8992865
0.8821966
0.8999821
0.8739957
0.9044579
0.8990664
0.8897854
0.8984019
0.8959552
0.8933424
0.8936826
0.87301
0.8758676
0.8850203
0.8779827
0.884002
0.9072933
0.8781486
0.8990122
0.9017042
0.8870799
0.8797972
0.8789896
0.8804736
0.893603
0.8859448
0.8853461
0.8945724
0.8800979
0.9134883
0.8869391
0.8889128
0.9053387
0.8860487
0.8987383
0.8928673
0.60264
0.9101589
0.892434
0.9002903
0.8890372
0.8861738
0.9074785
0.9010642
0.883432
0.9100463
0.9028617
0.9069684
0.909891
0.908071
0.9071038
0.9072805
0.9083882
0.915694
0.9094405
0.9165853
0.9142184
0.9155495
0.9063572
0.9146486
0.9161511
0.9185847
0.9089867
0.9031012
0.9045327
0.9063839
0.9194668
0.9099052
0.9143115
0.9170561
0.9161959
0.9185504
0.9124745
0.9113309
0.9123639
0.9066133
0.9128155
0.9087872
0.9147951
0.9153192
0.908437
0.915171
0.9110768
0.9117944
0.9081998
0.9055369
0.9142161
0.9121765
0.9154488
0.912582
0.9084855
0.9080315
0.9082989
0.9119709
0.9123774
0.9126909
0.9081447
0.9167278
0.9117813
0.9125672
0.9179453
0.9143262
0.912953
0.9064884
0.904127
0.9192748
0.9180964
0.916629
0.9141841
0.9082639
0.9091883
0.9078433
0.9211352
0.9068124
0.9097959
0.9146092
0.9111173
0.9122643
0.9185415
0.9171981
0.9074267
0.9177529
0.9110467
0.91044
0.8990397
0.9079507
0.9111297
0.9171546
0.9114214
0.8932621
0.9151662
0.9162381
0.9151449
0.9167065
0.9201155
0.9136519
0.9079176
0.9285401
0.9176418
0.9139495
0.9029448
0.9042206
0.8879016
0.9009623
0.912535
0.9144027
0.9104967
0.9124809
0.9171551
0.9149997
0.9149821
0.9159367
0.9156835
0.9094126
0.8832069
0.9067296
0.8928673
0.8819786
0.8999099
0.9062108
0.8910075
0.8994671
0.8859726
0.8939322
0.8938496
0.8807162
0.9175148
0.8952505
0.9025671
0.9019178
0.9015993
0.9129113
0.9127141
0.8841255
0.8692102
0.8778643
0.8952023
0.8828868
0.8983908
0.8921261
0.8824793
0.8923888
0.9155976
0.8694961
0.8832388
0.8839103
0.9078014
0.8981098
0.9016534
0.8724884
0.8855689
0.8852219
0.8741416
0.8784352
0.8792707
0.9037179
0.8746225
0.9052848
0.8984835
0.9015572
0.9002629
0.8833934
0.9002441
0.8750046
0.9104612
0.8981412
0.8947541
0.9040164
0.8983518
0.8999536
0.8977354
0.877781
0.8762085
0.8868178
0.8798435
0.8856031
0.9101962
0.8791887
0.9026646
0.9015326
0.8879847
0.8834531
0.8813099
0.8846768
0.8984792
0.8887519
0.8836573
0.8937786
0.8799093
0.9119278
0.8877266
0.892199
0.9037915
0.8886619
0.8989997
0.8938726
0.6174814
0.9133902
0.8921364
0.9027942
0.8922169
0.8911693
0.9096182
0.9047119
0.8876539
0.9091039
0.904543
0.9090649
0.9098431
0.9084108
0.9090034
0.9103436
0.9106298
0.9116331
0.8876433
0.9112807
0.8943441
0.8686105
0.9061983
0.9130824
0.8932937
0.8980809
0.8797992
0.8961791
0.8973074
0.8797436
0.9175773
0.9009166
0.9071898
0.9086904
0.909003
0.9076565
0.908068
0.8859393
0.8678725
0.8836386
0.9059271
0.8927885
0.8884563
0.8863272
0.8819252
0.8971592
0.9115943
0.8746861
0.8825657
0.8819253
0.9039683
0.9022678
0.9072985
0.878641
0.8814872
0.881999
0.8691008
0.8725588
0.8739499
0.9109833
0.8775992
0.912793
0.9030243
0.9038392
0.9078442
0.8900225
0.8966278
0.8742878
0.9049774
0.9078684
0.9048536
0.9104065
0.9074602
0.8985346
0.9009579
0.8741729
0.8726261
0.8879436
0.8773394
0.8948302
0.9103493
0.8739914
0.9009153
0.9106241
0.8950007
0.8781491
0.8776016
0.8851898
0.8964491
0.8935846
0.8904209
0.8934444
0.8781886
0.9125402
0.8895844
0.8904544
0.9049611
0.8913324
0.9041223
0.8961737
0.8595673
0.9093408
0.8897387
0.8984933
0.8902642
0.8936379
0.9133407
0.8995691
0.885016
0.9122519
0.9071197
0.9110483
0.9090228
0.9119806
0.9071185
0.9096793
0.9121044
0.8898463
0.916417
0.8936687
0.9168601
0.91437
0.9243852
0.9290576
0.9177806
0.9197726
0.9026571
0.9071069
0.9053167
0.9144918
0.9133189
0.9140831
0.9240886
0.9267055
0.9274846
0.9065926
0.9090738
0.9107591
0.9160071
0.9179789
0.9216267
0.9115067
0.9114243
0.9190194
0.91504
0.9210906
0.8802769
0.9116016
0.9156984
0.9042702
0.8918113
0.9201476
0.9188342
0.9115173
0.9035308
0.9025573
0.896796
0.9104788
0.9098758
0.9276416
0.9034323
0.9132321
0.9254697
0.915687
0.9327839
0.9128382
0.8917767
0.9059929
0.8588054
0.9285074
0.9255389
0.9308645
0.9255041
0.9101933
0.9090679
0.9149292
0.9227419
0.9137137
0.9051926
0.9127778
0.8984973
0.9098361
0.9262444
0.9302184
0.910949
0.921755
0.9024922
0.92
0.8528654
0.8941507
0.9113809
0.9162287
0.9030174
0.8934941
0.9174578
0.912628
0.9192291
0.9221922
0.922424
0.9122292
0.9094055
0.932352
0.9223224
0.8998456
0.9023178
0.9017113
0.9073451
0.8635716
0.9168594
0.9004938
0.897031
0.8973145
0.8998862
0.9010844
0.8988486
0.9004971
0.8949937
0.9216509
0.8880704
0.914874
0.8923696
0.8766764
0.899729
0.9041759
0.8953683
0.9034067
0.8864151
0.8978002
0.8920858
0.8802484
0.9172331
0.9000143
0.8977703
0.9043262
0.9031571
0.9139298
0.9130262
0.8942617
0.8658932
0.8834431
0.8986111
0.8849726
0.8993135
0.8909156
0.8834833
0.8939854
0.9208304
0.8754321
0.8837519
0.8925383
0.9145826
0.8976333
0.904631
0.8790007
0.8872287
0.8874525
0.8760349
0.8744413
0.8742554
0.9023223
0.8779344
0.9089873
0.9006207
0.9062299
0.9030893
0.8890641
0.9059297
0.8776594
0.9169814
0.9034805
0.8925428
0.9024251
0.902818
0.8974395
0.8971493
0.8805537
0.8738826
0.8871309
0.8835449
0.8938116
0.9136214
0.8742145
0.9030743
0.9027027
0.8898338
0.8773039
0.8876246
0.8872517
0.9065776
0.8974715
0.892041
0.8957385
0.888422
0.921867
0.8923688
0.8972629
0.9071055
0.8890701
0.9067047
0.9015231
0.8589093
0.9105519
0.8912446
0.9103024
0.8961269
0.8949706
0.9132863
0.9129739
0.8919662
0.9202306
0.9138508
0.9172102
0.920341
0.9135088
0.9153946
0.9180282
0.9166346
0.9130955
0.887326
0.905598
0.8902705
0.8816337
0.8899996
0.897857
0.8945763
0.9086674
0.8863183
0.8852508
0.8799547
0.8839104
0.9042046
0.8836819
0.8931196
0.8985986
0.8982304
0.8968365
0.8975687
0.8852647
0.8594685
0.8789828
0.8907386
0.8796441
0.8991487
0.8911132
0.8839619
0.8932956
0.9115949
0.8746721
0.8840317
0.8862498
0.9020464
0.8848566
0.8970604
0.8744482
0.875682
0.8750989
0.8653606
0.8666541
0.8670629
0.8930015
0.8751875
0.9019376
0.8866313
0.8872575
0.897385
0.8871158
0.9006395
0.8756187
0.9110405
0.8923773
0.8874405
0.8909084
0.8943167
0.8820013
0.8825221
0.8793638
0.8777486
0.8898833
0.8753084
0.8902169
0.9049802
0.8669777
0.9086473
0.8934411
0.8947946
0.8826429
0.8825353
0.8868509
0.8964256
0.8893934
0.891168
0.900032
0.8901066
0.9182723
0.8911793
0.8954322
0.9091846
0.8901439
0.9084558
0.9024881
0.8651275
0.919276
0.8929554
0.9062613
0.8910459
0.8884026
0.9119947
0.9022776
0.8924376
0.9064389
0.9062557
0.9044402
0.9070872
0.9048988
0.9023392
0.9035648
0.9048243
0.9419024
0.9275837
0.9439711
0.9281947
0.9215297
0.9465154
0.9482432
0.9281345
0.9197979
0.9290174
0.9497761
0.9507765
0.9277609
0.9476177
0.9522286
0.9499037
0.9472453
0.947803
0.9532104
0.9516857
0.9302626
0.9314007
0.9312228
0.949645
0.934318
0.9290137
0.92493
0.9273419
0.9321987
0.9406552
0.9297233
0.9272969
0.9225945
0.9447269
0.9502228
0.9477176
0.9283367
0.9332282
0.9331486
0.9298916
0.9325025
0.9326284
0.9466722
0.9308222
0.9453217
0.9489092
0.9477672
0.9476386
0.9289278
0.9273942
0.9315686
0.9343647
0.948565
0.9507833
0.9476774
0.9466187
0.9471351
0.9472536
0.931526
0.9171888
0.9299725
0.9320422
0.9313579
0.9446356
0.9325913
0.929413
0.9484011
0.9313555
0.9285269
0.9287822
0.9331783
0.9369909
0.9229445
0.9320361
0.9269747
0.9195868
0.9355334
0.9269805
0.923168
0.9309425
0.9323929
0.9212106
0.9266855
0.9241713
0.9269834
0.9248462
0.9258209
0.9301202
0.9323965
0.9420843
0.9438763
0.9247989
0.9406205
0.9426275
0.9420009
0.9424725
0.9419905
0.9426439
0.9425335
0.939591
0.9159584
0.8823275
0.9102249
0.892842
0.8768748
0.9022267
0.9067483
0.8941028
0.9032087
0.8824146
0.8932554
0.8984135
0.8813081
0.9134704
0.8969547
0.9027436
0.9007672
0.9002928
0.9070906
0.9072594
0.8885411
0.8710282
0.8822488
0.9004778
0.8879646
0.8962184
0.8868407
0.881764
0.8929224
0.9094087
0.8728324
0.8819532
0.8849622
0.9060709
0.8987536
0.9005889
0.8817243
0.8817781
0.8839133
0.8664084
0.8746766
0.8763318
0.9033367
0.8760907
0.9020567
0.9006479
0.8984104
0.9028496
0.8874973
0.9006339
0.8765108
0.9093729
0.9025023
0.8924251
0.901357
0.9038604
0.891757
0.8931216
0.8795431
0.8806281
0.885915
0.8760421
0.8896802
0.9092354
0.87625
0.9056471
0.902305
0.8890324
0.8798044
0.8817381
0.8870388
0.898011
0.8926637
0.8913254
0.8975937
0.8829406
0.9142837
0.8883004
0.8933992
0.9030763
0.892685
0.9086003
0.8959434
0.8665493
0.9088215
0.8897731
0.9005871
0.8877049
0.8924739
0.9065883
0.903415
0.8933934
0.9121946
0.9073909
0.9100018
0.9104231
0.9113509
0.907234
0.9102668
0.9107817
0.9108003
0.8957001
0.9052658
0.9005748
0.8978732
0.9078137
0.9115352
0.9042374
0.9121537
0.8890513
0.8949034
0.9022038
0.8926263
0.9148495
0.9
0.9092828
0.9097897
0.9085636
0.9073879
0.9066845
0.8981108
0.8823168
0.8929864
0.9066995
0.8981383
0.897952
0.902159
0.8949867
0.8989678
0.9077092
0.8878665
0.8952496
0.8978701
0.9018718
0.9040821
0.9058593
0.89171
0.8913909
0.891855
0.8742278
0.8839619
0.8850916
0.909582
0.8852494
0.9053968
0.9025334
0.9065334
0.9111462
0.8944661
0.9033406
0.8889764
0.9020362
0.9097086
0.9058518
0.9109374
0.9109391
0.8977489
0.8986225
0.8882564
0.8964015
0.8972981
0.8850962
0.8978255
0.9053646
0.8850118
0.9065911
0.912981
0.9003873
0.8904158
0.8933219
0.8962004
0.8965579
0.8987579
0.8989341
0.9039649
0.88946
0.9151005
0.9008481
0.8981533
0.9085594
0.904795
0.9122232
0.9066694
0.8827915
0.9189967
0.9039245
0.9032144
0.8948448
0.8998439
0.912728
0.9030346
0.8973181
0.9091931
0.9049369
0.9043417
0.9095773
0.9071311
0.9091324
0.9069269
0.9064071
0.9217082
0.8905586
0.9160613
0.8939372
0.8761344
0.9016298
0.9063392
0.8953212
0.9041268
0.8888079
0.8993294
0.8911198
0.8821502
0.9166308
0.9002073
0.8981646
0.9028505
0.9020147
0.9150495
0.9137703
0.8938326
0.8640766
0.8842875
0.8992576
0.8872277
0.8993339
0.8908701
0.8850625
0.8948362
0.9222242
0.8764843
0.8850499
0.8932881
0.9141659
0.8977446
0.9034064
0.8806827
0.8873633
0.8880828
0.877765
0.8768862
0.8766962
0.9036311
0.8789849
0.9093742
0.9015118
0.9070478
0.9019445
0.8912094
0.9065363
0.8791205
0.9164121
0.9022684
0.8927295
0.9029778
0.9043946
0.899684
0.9006528
0.8804484
0.8743632
0.8872222
0.8866372
0.8947005
0.914971
0.8766547
0.904214
0.9036153
0.8922262
0.8775122
0.8889909
0.8868579
0.9080426
0.898059
0.8920554
0.8945656
0.8915325
0.9225262
0.8946833
0.8977628
0.9070267
0.8897138
0.9070484
0.9022831
0.859783
0.9106475
0.8926123
0.910005
0.8958928
0.8946332
0.9148164
0.9132323
0.8941475
0.9215665
0.9141219
0.9176148
0.9205282
0.9154759
0.9153426
0.9192149
0.9170285
0.9121918
0.8864426
0.907296
0.8895484
0.8818165
0.8958205
0.8979961
0.8953529
0.9072205
0.8848811
0.8859892
0.8876297
0.8850683
0.9047053
0.8819034
0.8942656
0.8968555
0.8957738
0.9046177
0.9035784
0.8874891
0.8646482
0.8835365
0.8926903
0.8859751
0.8992632
0.8921321
0.8862515
0.8924751
0.9143369
0.8726575
0.8871681
0.8896321
0.9041249
0.8891149
0.8983191
0.8801521
0.8774267
0.877646
0.8725537
0.8748898
0.876393
0.8990832
0.8777198
0.9041899
0.8932731
0.8925995
0.8986465
0.8919485
0.9054054
0.8776066
0.9066306
0.8951697
0.8895255
0.8943946
0.8964626
0.8853301
0.8868033
0.8801642
0.8818975
0.8873454
0.882662
0.8897672
0.9082324
0.8764753
0.9063991
0.8968983
0.8995774
0.8843405
0.8874804
0.887064
0.8980861
0.8898035
0.885732
0.8979327
0.8890542
0.91911
0.8926801
0.8934356
0.9078671
0.8969714
0.9040034
0.8998656
0.8635067
0.9150416
0.8954086
0.9013514
0.8929806
0.8883868
0.9131632
0.9010218
0.8956985
0.9097039
0.9037293
0.9035976
0.9079196
0.9038943
0.9050724
0.905956
0.9057797
0.9095907
0.8893687
0.9042364
0.8939893
0.8844075
0.9070462
0.9090484
0.8991528
0.9060825
0.8811714
0.8967503
0.896869
0.8864208
0.9089139
0.8988511
0.9089798
0.9091855
0.9090681
0.9065071
0.9061933
0.8941663
0.8782203
0.8852106
0.9077928
0.8880216
0.8943568
0.8895154
0.8883753
0.8989965
0.9063406
0.8749029
0.8886867
0.8920918
0.9032328
0.9027573
0.9049749
0.8829717
0.88583
0.8860974
0.8687204
0.8796075
0.8806501
0.9073927
0.8771152
0.9117265
0.9051236
0.9027778
0.9100632
0.8916691
0.8994222
0.8822902
0.9043611
0.9116744
0.904833
0.9082357
0.907054
0.8996092
0.9012063
0.8849976
0.8885597
0.8907618
0.8815954
0.8959933
0.9048201
0.8806501
0.9097569
0.9080286
0.8910765
0.8851966
0.882457
0.8919272
0.8975906
0.8911691
0.8950864
0.9007092
0.8818262
0.9083269
0.8915575
0.8900083
0.9055196
0.8966023
0.909422
0.9037215
0.8745621
0.9122461
0.8900947
0.8988196
0.8879201
0.8934767
0.909829
0.8942396
0.8894985
0.9109981
0.904024
0.9070445
0.9080345
0.9069392
0.9071806
0.9102527
0.906945
0.8880428
0.9152999
0.8857577
0.920237
0.9174448
0.9132403
0.9165625
0.9257895
0.9257174
0.9104593
0.9080314
0.9101413
0.9162468
0.9195474
0.9095455
0.9152885
0.918106
0.918268
0.9067399
0.9090771
0.919115
0.917068
0.9190448
0.9126281
0.9169803
0.9165701
0.9224066
0.9176659
0.9159934
0.8825747
0.9111864
0.918209
0.9146131
0.8883568
0.9158577
0.9122422
0.9154466
0.9024208
0.9035664
0.9080068
0.9150805
0.9161399
0.9159444
0.9139066
0.9095917
0.914126
0.9069168
0.9197585
0.9208612
0.904857
0.9166055
0.9008351
0.9215066
0.9147649
0.9192483
0.9164511
0.9002469
0.9041046
0.9170514
0.9239873
0.9151074
0.9132316
0.9131727
0.8814896
0.9161003
0.9287374
0.9207486
0.9158524
0.9205845
0.9126439
0.9208834
0.9006002
0.9118522
0.91801
0.9249365
0.9129908
0.908164
0.9225367
0.9187977
0.9252336
0.9240865
0.92938
0.9215314
0.9168552
0.9325164
0.9254012
0.9130323
0.9097003
0.9099236
0.9150491
0.8965765
0.9242243
0.8846183
0.882803
0.8833755
0.8879401
0.8896508
0.8816033
0.8836244
0.8832045
0.8832264
0.9117183
0.8776669
0.9207949
0.9149687
0.9085178
0.9141231
0.9186387
0.9259031
0.906578
0.9021248
0.9051714
0.9134633
0.9144793
0.8998388
0.9082848
0.9114812
0.9117636
0.9038594
0.9069305
0.9095168
0.9110493
0.912224
0.90625
0.9120798
0.9146027
0.9157139
0.913302
0.9139236
0.8709516
0.9067309
0.9147665
0.910637
0.8759847
0.9062129
0.9144217
0.9068976
0.8958522
0.8963426
0.9003442
0.9068511
0.9078554
0.9131306
0.9023254
0.9072882
0.9075453
0.9038078
0.9168292
0.9147008
0.9070929
0.9091819
0.893473
0.9154278
0.908669
0.9145836
0.9114008
0.8941089
0.8966745
0.9055931
0.9202723
0.9116749
0.907356
0.9105595
0.879856
0.907815
0.9266978
0.9131526
0.9111144
0.9194261
0.9058705
0.913616
0.8959957
0.9073321
0.911833
0.9219493
0.9088054
0.9074679
0.9172626
0.9127326
0.9190206
0.921746
0.925887
0.9187135
0.9147531
0.9315767
0.9180567
0.9100192
0.9048533
0.9060967
0.9091072
0.8968089
0.9156662
0.8838028
0.87741
0.8765018
0.885341
0.8844963
0.8776644
0.8743228
0.8807322
0.8743225
0.9132053
0.8690153
0.9213922
0.9177864
0.9085213
0.9126617
0.9215037
0.9275577
0.9011535
0.8951694
0.8994434
0.9156855
0.9095729
0.895236
0.9031671
0.9083445
0.9092914
0.8914846
0.8985121
0.9096149
0.9102439
0.9150231
0.9036473
0.9158992
0.9127665
0.9202281
0.916884
0.9183046
0.8655456
0.9098559
0.916759
0.9152524
0.8732827
0.9078914
0.9054434
0.909422
0.9003185
0.9002346
0.895214
0.9044791
0.9056638
0.907764
0.9033126
0.9017038
0.9067691
0.9010192
0.910294
0.9166577
0.9012933
0.9101558
0.8857738
0.9136352
0.9095059
0.9086123
0.9084011
0.8902612
0.8934292
0.9120966
0.9270299
0.9111359
0.9035848
0.9138414
0.8709377
0.9056638
0.9256852
0.9084818
0.9168867
0.9181844
0.9054983
0.921194
0.8883364
0.9062172
0.9133249
0.922773
0.9110031
0.9025928
0.9191547
0.9180764
0.9256371
0.9195836
0.9267101
0.9198917
0.9085504
0.9351064
0.9232925
0.9083369
0.909463
0.9103895
0.905153
0.8897898
0.919022
0.8760054
0.8712229
0.8704217
0.8834322
0.8785823
0.8712379
0.8732189
0.8738594
0.875739
0.9191708
0.8742795
0.9218088
0.9195953
0.9077095
0.9138718
0.9224021
0.9268928
0.9062567
0.8960551
0.9002641
0.9196378
0.9119844
0.8947812
0.9061393
0.9096175
0.9098532
0.89582
0.9009968
0.9105248
0.912685
0.9154759
0.9053049
0.913597
0.9148417
0.9246624
0.9190581
0.9158492
0.8668149
0.9075082
0.9194333
0.9132946
0.8702478
0.9088129
0.9094259
0.9129081
0.9022491
0.9019279
0.8980239
0.9069157
0.9076569
0.9108621
0.9032702
0.9044718
0.9010411
0.9005023
0.9145624
0.9169872
0.9034413
0.911223
0.884109
0.9145614
0.9099138
0.9136944
0.9061838
0.8890624
0.8896109
0.9142028
0.92475
0.9141715
0.9058323
0.9134853
0.8720347
0.9076569
0.9240125
0.9146433
0.9154032
0.9205226
0.902424
0.9195117
0.8898431
0.9025263
0.9134374
0.922434
0.9127243
0.9053112
0.91955
0.9166755
0.9164918
0.9203891
0.9272573
0.9235171
0.9097003
0.9336519
0.9266995
0.9082747
0.9101368
0.9091401
0.9102488
0.8903369
0.9199532
0.8798965
0.8770151
0.8730791
0.8809252
0.8766505
0.8745127
0.8758478
0.8748981
0.908542
0.8831098
0.9049867
0.8909046
0.8790501
0.8952997
0.8984268
0.8906283
0.9015079
0.8842132
0.8891131
0.8887055
0.8796428
0.9102876
0.890958
0.8953854
0.8975661
0.8974424
0.9071752
0.9095873
0.8876653
0.8666939
0.8780603
0.8912926
0.8803444
0.8980797
0.8905376
0.8797362
0.8900777
0.9150334
0.8707084
0.8806204
0.8811186
0.9043416
0.888764
0.8932447
0.8746378
0.8804731
0.8803648
0.869805
0.8767018
0.8771705
0.8960403
0.8777965
0.8976427
0.890143
0.8951878
0.8969697
0.8793449
0.9035843
0.8771891
0.9047945
0.897035
0.8891292
0.901207
0.8941603
0.8921041
0.8895796
0.8723153
0.8730528
0.8845749
0.8749038
0.885543
0.9022314
0.8770063
0.9000922
0.8976494
0.8855064
0.8795991
0.8768081
0.8795804
0.8955787
0.8864692
0.8881352
0.8920762
0.8859996
0.9066961
0.8870985
0.8951766
0.903863
0.890861
0.8986068
0.8974813
0.7159333
0.9138268
0.8912699
0.8988563
0.8867856
0.887024
0.9045063
0.901965
0.885617
0.9099064
0.9037896
0.9029112
0.9044293
0.9056348
0.9066148
0.9071426
0.9067712
0.9204769
0.8505495
0.9151922
0.8663282
0.8689139
0.9045361
0.9034715
0.8703611
0.8562034
0.8895803
0.9078607
0.9069525
0.8416176
0.924407
0.9131869
0.9091749
0.912424
0.9119635
0.9249244
0.923401
0.8705745
0.8751651
0.858721
0.9096253
0.8755334
0.8901091
0.8589222
0.8451963
0.8726794
0.9211335
0.8774356
0.8456536
0.8680239
0.9165843
0.9080431
0.9098052
0.8285703
0.8681477
0.8676465
0.8856645
0.8847295
0.8838126
0.9019601
0.8794926
0.9123952
0.9083219
0.9082401
0.9115969
0.8479454
0.8906205
0.8545651
0.9165011
0.9122213
0.9055512
0.9107682
0.9106181
0.905343
0.909822
0.8254593
0.8714581
0.8645906
0.888324
0.8731401
0.9140463
0.883853
0.8800014
0.9121397
0.8763396
0.8829887
0.8843117
0.8513976
0.9085574
0.884877
0.8726387
0.8711311
0.8797441
0.9118544
0.8536558
0.8499926
0.8929967
0.8657796
0.8781728
0.8772458
0.8837504
0.9069987
0.8609679
0.8836789
0.8765831
0.8683813
0.910942
0.9084909
0.8512655
0.9184039
0.9189446
0.9187535
0.9193926
0.918164
0.9175051
0.920858
0.9173371
0.9218195
0.8624329
0.9177426
0.8705257
0.8785222
0.9066073
0.9094823
0.8770223
0.8576493
0.8960495
0.9139132
0.9123516
0.8577827
0.9265759
0.9148914
0.9124672
0.9139314
0.9129727
0.9278784
0.9254703
0.8740183
0.8821254
0.8610906
0.9150534
0.8778089
0.8937729
0.8682685
0.8582261
0.8740595
0.9217585
0.8847898
0.8592231
0.8732307
0.9180872
0.9087072
0.910964
0.8363492
0.8758175
0.8755381
0.8927772
0.8929328
0.8932161
0.9054611
0.8892023
0.9143417
0.9102905
0.9126162
0.9119909
0.8537718
0.8933242
0.8596791
0.9213372
0.9140319
0.9088529
0.9150987
0.9115079
0.9058101
0.908947
0.8364318
0.8784008
0.8732292
0.8958856
0.8727492
0.9185149
0.8931764
0.8861978
0.9138035
0.8841516
0.8825749
0.8875413
0.8564234
0.9149744
0.8876851
0.8722055
0.8747243
0.8846795
0.9164479
0.8595243
0.8575684
0.8942775
0.8648048
0.8812061
0.8818442
0.8843845
0.9106638
0.8693155
0.8858454
0.8802664
0.8791454
0.9122927
0.9134505
0.8506735
0.9214145
0.9216569
0.920135
0.921483
0.9233189
0.919837
0.920494
0.9211421
0.9091212
0.9105211
0.8986047
0.9172409
0.9119994
0.8434127
0.8499902
0.9199415
0.9285585
0.9071895
0.8806153
0.8871902
0.9086992
0.9123444
0.832035
0.8449898
0.8537751
0.8531721
0.8960874
0.894749
0.9085546
0.8958396
0.9062431
0.8425342
0.9079433
0.9191145
0.9148749
0.9107445
0.9110841
0.9052746
0.9056429
0.9110548
0.9156037
0.8969679
0.8342738
0.8294308
0.907953
0.898729
0.8988891
0.9003176
0.8994979
0.9017841
0.844011
0.903113
0.8178437
0.8286543
0.8453417
0.8483333
0.9106657
0.9153556
0.908458
0.9103284
0.8518648
0.8416855
0.8476377
0.8347399
0.8195507
0.8169691
0.9047884
0.914373
0.9049994
0.9065942
0.909396
0.8927222
0.9017026
0.9240151
0.8482042
0.9124318
0.9118965
0.9088008
0.9105404
0.9111103
0.9135195
0.9075683
0.9231586
0.9195352
0.9166607
0.9154682
0.9158916
0.9219838
0.9145829
0.9252465
0.9179266
0.9037045
0.9353064
0.917457
0.9198833
0.9080418
0.9118006
0.9132277
0.9074844
0.9214966
0.9043059
0.8989903
0.8978326
0.9035993
0.9049717
0.8980255
0.9008409
0.9009069
0.9155349
0.9014803
0.8992403
0.9116658
0.9098797
0.8360592
0.8402767
0.9127926
0.9229642
0.9093153
0.8801786
0.8771238
0.9004354
0.9098265
0.8274519
0.8435698
0.842089
0.8435821
0.8906638
0.8898056
0.907367
0.8884541
0.8993117
0.8391259
0.908115
0.9158795
0.9104229
0.9029668
0.9109741
0.9169401
0.9012699
0.9022751
0.9107325
0.8994949
0.7929256
0.8125863
0.9011247
0.8974871
0.8972763
0.8986128
0.8947659
0.8965973
0.8372148
0.9051611
0.8314226
0.8206604
0.8437695
0.8422745
0.9071527
0.9208851
0.9034589
0.9225163
0.8432355
0.8313205
0.8404388
0.8201913
0.8191377
0.8187185
0.8962821
0.9132058
0.9043348
0.8989614
0.9090314
0.9024649
0.8964351
0.924953
0.8446077
0.9113594
0.9089533
0.9091208
0.9085003
0.9107967
0.9128244
0.9062306
0.91657
0.9141047
0.9163239
0.9089817
0.9106815
0.9193702
0.9099067
0.9272079
0.9146815
0.9009695
0.9318469
0.9103613
0.9217095
0.9082905
0.9126701
0.912137
0.9100784
0.9165826
0.9046504
0.9023269
0.9037235
0.9063455
0.9040661
0.9053086
0.9034478
0.9041912
0.9141762
0.9065523
0.9013322
0.9129601
0.9136681
0.836083
0.8446712
0.912657
0.9246933
0.9093744
0.8894016
0.8821579
0.906371
0.9091722
0.8378121
0.8450741
0.8444143
0.8443003
0.899963
0.8956596
0.9022849
0.894009
0.9038023
0.8402177
0.90513
0.9202366
0.912112
0.9085818
0.9098355
0.9118215
0.9011682
0.9084946
0.9098282
0.9047176
0.8271487
0.8330685
0.9051776
0.8968372
0.8965904
0.9009488
0.8986993
0.8995671
0.8356123
0.9045372
0.8201724
0.8221174
0.8464229
0.8525223
0.9054362
0.9174008
0.9020866
0.9192403
0.8481202
0.8394599
0.848839
0.8328728
0.8219481
0.8162656
0.8995871
0.9133635
0.9053309
0.9054641
0.9104515
0.8972556
0.8995277
0.9223348
0.8505894
0.9084021
0.9104006
0.9079766
0.906758
0.9099567
0.912454
0.9103625
0.9164979
0.9119345
0.9185042
0.9124106
0.9104399
0.9191585
0.9121629
0.9255382
0.9175887
0.9031085
0.932632
0.915761
0.9203033
0.9101473
0.9116831
0.9099952
0.9085903
0.913068
0.9082915
0.9016087
0.9006924
0.9075618
0.9044852
0.9015043
0.9048995
0.905232
0.891472
0.9129353
0.8790457
0.9171399
0.9177933
0.8947637
0.8992772
0.918191
0.9284363
0.9088243
0.890693
0.8931017
0.9165542
0.9057321
0.8903432
0.896257
0.8990473
0.8984446
0.8957538
0.8947034
0.9077651
0.9034792
0.906616
0.8933469
0.907327
0.9169043
0.9202945
0.9143548
0.9127519
0.885671
0.9069006
0.9146159
0.9102582
0.8741596
0.8921822
0.8987574
0.9110086
0.9018875
0.9016864
0.9046432
0.9036739
0.9047345
0.8993699
0.9083884
0.8999416
0.8915279
0.8986929
0.8981703
0.9095459
0.9155777
0.9079037
0.9124685
0.8983112
0.894907
0.9007988
0.8962554
0.8891384
0.8882366
0.9057976
0.9166109
0.911073
0.9087196
0.9128293
0.8717047
0.9048132
0.9247747
0.8994924
0.9121583
0.915479
0.9115702
0.9126487
0.9056562
0.9142215
0.911069
0.9221151
0.9151316
0.9163116
0.9179611
0.9181194
0.9218251
0.9151684
0.9263532
0.920713
0.9075672
0.9349221
0.9194923
0.9210051
0.9096839
0.9097442
0.9156797
0.9031234
0.9183312
0.8822253
0.8743782
0.8803082
0.8840543
0.8779652
0.8777085
0.8798144
0.8772169
0.9057059
0.9095476
0.9013266
0.9193612
0.9211723
0.9071749
0.9090741
0.9206479
0.9277525
0.9083849
0.8788286
0.8817496
0.9154296
0.901719
0.8967147
0.9062118
0.9065102
0.9061852
0.8893671
0.8907755
0.9146583
0.9073971
0.9146337
0.8994902
0.9161238
0.9149739
0.9207002
0.9137994
0.9175525
0.8993881
0.9072924
0.9139887
0.9127089
0.8974215
0.897607
0.9024958
0.9123136
0.9020574
0.9020561
0.9023618
0.9052301
0.9036064
0.9114998
0.9099099
0.9002216
0.8974019
0.8987304
0.9073738
0.9157098
0.9118274
0.9098969
0.8995197
0.9075618
0.8996197
0.9070614
0.9064179
0.8921208
0.8937472
0.9103553
0.9232321
0.9128156
0.90529
0.9152958
0.9021642
0.9035659
0.9259937
0.9112882
0.9165391
0.9168478
0.9139
0.9127202
0.8999811
0.9123439
0.9124568
0.9224452
0.9075072
0.913402
0.9227129
0.9176782
0.9198771
0.9192979
0.9275855
0.91973
0.9095422
0.9371882
0.9221868
0.9214702
0.9112673
0.9121053
0.913481
0.8995706
0.9224879
0.90267
0.8960596
0.8986945
0.9046441
0.9015913
0.9008925
0.8994045
0.9006982
0.9057449
0.9108445
0.905353
0.9147383
0.9131831
0.9045191
0.9072619
0.9171164
0.9236067
0.9089236
0.8758113
0.8799564
0.9116525
0.9040044
0.8992368
0.9011656
0.9054211
0.9044241
0.8975288
0.8997481
0.9084077
0.9060894
0.9076829
0.8990069
0.9062262
0.9146051
0.9181753
0.9116123
0.9097864
0.9039484
0.9061502
0.9127763
0.9088702
0.8942138
0.8972793
0.9030729
0.9096327
0.9010409
0.900191
0.9026261
0.9073773
0.9078458
0.9034561
0.9024755
0.9025108
0.897769
0.89911
0.9087677
0.9140774
0.9124545
0.9022183
0.9024659
0.9082363
0.8997785
0.9097351
0.9050992
0.8929872
0.8908302
0.9072999
0.9210722
0.9065471
0.9076734
0.9070205
0.9028696
0.9078458
0.9210564
0.9092063
0.908367
0.9141666
0.9064617
0.9082711
0.8991135
0.9085979
0.9099288
0.91932
0.9092486
0.9127192
0.9108761
0.9130078
0.9163442
0.9161288
0.9208217
0.9203041
0.9069448
0.9317841
0.9190665
0.9148951
0.9040769
0.9032529
0.913526
0.89212
0.914635
0.9046026
0.9018927
0.9032023
0.9062477
0.9047775
0.9021458
0.9031683
0.905696
0.8982492
0.9101315
0.895602
0.908982
0.9156665
0.9000579
0.9042499
0.9123198
0.9257157
0.9039613
0.8433217
0.8376721
0.9076231
0.8962817
0.891062
0.8969932
0.899693
0.8992119
0.8913394
0.8899141
0.909743
0.8963825
0.9069992
0.8930879
0.9042988
0.9170648
0.9160847
0.9097259
0.913427
0.8990204
0.9007
0.9090552
0.9095792
0.8929339
0.8922473
0.8937583
0.9078354
0.8994592
0.9002941
0.8950393
0.9018198
0.9018579
0.9043554
0.8975845
0.8993876
0.8925358
0.8949491
0.9013652
0.9074663
0.9074379
0.9027337
0.8965379
0.8992357
0.8971498
0.8979295
0.8948773
0.8805943
0.8814349
0.9045324
0.9165436
0.9048949
0.8996216
0.9140845
0.8947235
0.9018579
0.9219105
0.9021618
0.9071709
0.9158721
0.9037698
0.9101884
0.894731
0.9096203
0.9117511
0.9155139
0.9103406
0.9147325
0.9122188
0.91561
0.9226059
0.9162458
0.9229767
0.916489
0.8995753
0.9315452
0.9178532
0.9145263
0.9041747
0.9051373
0.9103971
0.8936991
0.9158461
0.8997906
0.8948287
0.8953518
0.8982855
0.8958371
0.896262
0.89553
0.8985889
0.9131076
0.9152134
0.9013419
0.9206612
0.9175571
0.8914196
0.8944701
0.9198589
0.936174
0.9160238
0.8755583
0.8773346
0.9178222
0.8983165
0.8753394
0.8864005
0.8873738
0.8856431
0.8730321
0.8705141
0.913721
0.8967236
0.9125431
0.8880824
0.9097971
0.921915
0.9211905
0.9166332
0.9176501
0.9142434
0.9083989
0.9175333
0.9154024
0.8992077
0.8805936
0.8943452
0.9139671
0.9012932
0.9011265
0.9014767
0.9047196
0.9058485
0.8913807
0.9112939
0.8989128
0.8861932
0.8837707
0.8921234
0.9181812
0.9205747
0.9075322
0.9178906
0.8883007
0.8796779
0.8935946
0.8863066
0.8790977
0.8776908
0.9094871
0.9230187
0.9113966
0.9034003
0.9143591
0.903602
0.9058081
0.9295855
0.8929175
0.9181355
0.9142297
0.9167955
0.9157168
0.9074728
0.9167002
0.9100693
0.9236455
0.9222056
0.9237684
0.922183
0.9220718
0.9275244
0.9162298
0.934461
0.9263026
0.9044012
0.940996
0.923339
0.931022
0.9174282
0.9147652
0.9151573
0.9021502
0.9262876
0.9047195
0.9013832
0.9030064
0.904943
0.9036403
0.9024182
0.9032976
0.9049434
0.908649
0.9051614
0.9006948
0.9113056
0.9123528
0.8942836
0.900436
0.9093121
0.9236065
0.9061254
0.8701008
0.8729249
0.9044291
0.8977738
0.8924301
0.896685
0.8987009
0.8974267
0.8919151
0.8934698
0.9064705
0.8968349
0.9031798
0.8957898
0.9030609
0.916757
0.9141302
0.9063412
0.912091
0.908516
0.905489
0.905747
0.9061394
0.8977609
0.8885422
0.8937042
0.9060427
0.8985827
0.8985775
0.8995998
0.9007847
0.9007448
0.8944194
0.9025371
0.8971861
0.8854494
0.8958956
0.9006044
0.9083994
0.9149388
0.9003094
0.9114128
0.8963445
0.8919947
0.9002814
0.890955
0.8841999
0.8839831
0.9040762
0.9136127
0.907439
0.897127
0.9077115
0.8978016
0.9007054
0.9190264
0.8994995
0.9015563
0.9105691
0.9038669
0.9092489
0.9038706
0.9103475
0.9098737
0.911845
0.9112571
0.9135682
0.9119276
0.9151175
0.9200097
0.9150706
0.9214331
0.9155062
0.902405
0.9305197
0.9157094
0.9188152
0.9057871
0.9088247
0.909671
0.9011543
0.9133953
0.9030212
0.8958484
0.8991073
0.9026959
0.9006416
0.9003987
0.8982088
0.897245
0.8626069
0.911794
0.8392706
0.9146851
0.9134123
0.903885
0.9106527
0.916064
0.9288265
0.903511
0.894673
0.895564
0.912402
0.9132622
0.8919107
0.8996012
0.9060813
0.9058438
0.8979638
0.8986837
0.9108285
0.9057974
0.9076532
0.9006864
0.9121448
0.9146677
0.9127321
0.9119743
0.9139712
0.8464597
0.9062522
0.9125463
0.9110195
0.7573472
0.9008091
0.9041066
0.9072387
0.9029439
0.9017478
0.8935114
0.9030632
0.903416
0.9049741
0.900825
0.8993607
0.9007006
0.9012089
0.905344
0.9133718
0.908485
0.9085517
0.8948486
0.9039603
0.900424
0.9051132
0.9054456
0.8908894
0.8926342
0.9096258
0.9230419
0.9079752
0.9050135
0.9113327
0.8522312
0.903416
0.9243774
0.9044784
0.910277
0.913466
0.9033157
0.9186347
0.8942861
0.9039257
0.9105813
0.9170963
0.9081099
0.9133312
0.9124906
0.9171454
0.920943
0.9169769
0.9234539
0.9157382
0.9025575
0.9342005
0.9132475
0.9095233
0.9054518
0.9128488
0.9105068
0.8905166
0.9177354
0.8440922
0.8406285
0.839268
0.8511535
0.8476493
0.8420091
0.8405731
0.8414987
0.8971039
0.9090812
0.8947156
0.9130588
0.9119631
0.8891051
0.8984287
0.9135876
0.9224193
0.8962952
0.8775327
0.8756844
0.9071413
0.9044331
0.8827101
0.8906978
0.8955904
0.8952225
0.8893967
0.8885911
0.9036075
0.9013716
0.9069851
0.8890272
0.9058887
0.9121861
0.9132905
0.9073775
0.9177794
0.8929255
0.9024046
0.9082299
0.9063109
0.8909765
0.8862986
0.8863603
0.9043977
0.8951725
0.8936217
0.8915579
0.900029
0.9003075
0.8935444
0.8966372
0.8859008
0.8793142
0.8879454
0.8948214
0.9121834
0.9022918
0.9052769
0.890364
0.8966619
0.8941953
0.895892
0.8877819
0.8741349
0.8741212
0.9043865
0.9192144
0.9082101
0.8972115
0.9134464
0.887033
0.9002677
0.9216313
0.8920334
0.9061378
0.9139831
0.901306
0.907806
0.8842432
0.9041897
0.9123857
0.9147508
0.9050384
0.9066653
0.9148373
0.9117877
0.9161507
0.9137133
0.9211356
0.9145792
0.8991639
0.9316171
0.9144252
0.9110514
0.901106
0.9042807
0.9110068
0.8908297
0.9124705
0.8960519
0.8907356
0.8944294
0.8948649
0.8952824
0.89155
0.8960183
0.893755
0.9244342
0.8847381
0.9230661
0.8898784
0.8941056
0.9182465
0.9190952
0.8913226
0.8866581
0.8979824
0.9144805
0.9139327
0.8810357
0.9237525
0.9204306
0.9216981
0.919312
0.919807
0.9262148
0.9206452
0.8919035
0.8929816
0.8847453
0.9201857
0.8924435
0.9028762
0.8897001
0.8837427
0.8949057
0.9209073
0.8950679
0.8829267
0.8622975
0.919456
0.9166725
0.9164721
0.8822171
0.8914947
0.8923204
0.8970451
0.8994886
0.8998403
0.9183235
0.8935492
0.920296
0.9185737
0.9179957
0.9190013
0.8895969
0.9027207
0.8819077
0.9166784
0.9204906
0.919087
0.9208608
0.9196441
0.9194901
0.9192448
0.8784206
0.8966041
0.8686887
0.8964485
0.8963871
0.923101
0.8996842
0.9028143
0.9210066
0.8919468
0.8981778
0.8992068
0.8791958
0.9113128
0.8991292
0.8895507
0.8895832
0.8923743
0.9153801
0.8916297
0.8862664
0.9027093
0.8948426
0.8728124
0.9003041
0.9001631
0.915599
0.8919709
0.89544
0.8921691
0.8965641
0.914584
0.9107327
0.8843391
0.9209856
0.9194871
0.9203159
0.9233758
0.9214942
0.9193779
0.9190889
0.9173193
0.8922417
0.9048868
0.8849436
0.9114475
0.9094082
0.8939649
0.901786
0.9154123
0.9268688
0.8940359
0.8766645
0.8791484
0.90379
0.90023
0.8829369
0.8949004
0.8964248
0.8960977
0.8857154
0.8869338
0.9039593
0.9008051
0.9113657
0.8910435
0.9069106
0.9116477
0.9157748
0.9060398
0.9141876
0.8801237
0.903234
0.905439
0.9065458
0.8857238
0.8826674
0.8896705
0.9054215
0.8904841
0.8910825
0.8848313
0.8948556
0.8944572
0.8946286
0.8925487
0.8834778
0.8861482
0.8865232
0.900916
0.913586
0.8979006
0.9011772
0.8882562
0.8997716
0.8958134
0.8984221
0.8910051
0.874977
0.8773599
0.9046603
0.9153563
0.9048665
0.8937853
0.9110322
0.8879528
0.8944974
0.9181421
0.8989586
0.9063319
0.913062
0.8988543
0.9132671
0.8816297
0.8959721
0.9074495
0.9161133
0.906535
0.9084393
0.9126241
0.9139522
0.9147885
0.9130635
0.9240076
0.9154999
0.8993155
0.9321904
0.9167853
0.904494
0.8989162
0.903124
0.9057145
0.8856973
0.9143357
0.8849043
0.884165
0.8857469
0.8942909
0.8912352
0.890724
0.8871305
0.8860248
0.9036213
0.8836479
0.902988
0.8966869
0.8791201
0.9039066
0.9093206
0.89501
0.9019204
0.7939716
0.8953602
0.9003507
0.8833195
0.9171063
0.8972946
0.9082823
0.9120801
0.9120813
0.9050101
0.9017207
0.8881033
0.8617191
0.8894366
0.9058644
0.8894096
0.8232446
0.8871614
0.8794787
0.8941666
0.9018429
0.8686516
0.8798316
0.886614
0.8993178
0.8996066
0.9057545
0.8767368
0.8820929
0.8816598
0.718942
0.7851989
0.7826516
0.9085812
0.8658987
0.9026437
0.9044934
0.9048202
0.9083861
0.8860115
0.8953013
0.8792757
0.8979238
0.9112242
0.9069249
0.9079332
0.903975
0.8955559
0.8967565
0.8766177
0.8884995
0.886917
0.7705049
0.8890452
0.9065361
0.7826035
0.9063795
0.9069511
0.8953501
0.8774014
0.8694689
0.8912349
0.8968719
0.875
0.8866416
0.8950751
0.8836602
0.9037568
0.8892257
0.8916363
0.9018072
0.8925006
0.9057072
0.8965469
0.8795133
0.8622336
0.8898987
0.8884482
0.8848594
0.8841902
0.9092221
0.8889457
0.8900668
0.9016399
0.9031762
0.9005333
0.9080456
0.905136
0.9000072
0.9037557
0.9020181
0.9066944
0.9149604
0.9029951
0.9221756
0.917454
0.9000504
0.9072867
0.919606
0.9304176
0.9098527
0.8733244
0.8738745
0.9134204
0.8897279
0.8884227
0.9012053
0.9015045
0.9005141
0.8900437
0.8892459
0.9125935
0.8976278
0.9165609
0.8959836
0.9130512
0.9180093
0.9205077
0.9151453
0.918001
0.9040641
0.9050959
0.9155959
0.9123631
0.9006162
0.8903464
0.8929419
0.9119432
0.896183
0.8964554
0.8952933
0.9047075
0.9057976
0.9007661
0.9004028
0.8992631
0.8929266
0.8915654
0.9013522
0.9151117
0.9154785
0.9080871
0.9038323
0.8979262
0.8963103
0.90119
0.8981375
0.8869258
0.8879925
0.9090001
0.9207396
0.9084867
0.8989047
0.9156703
0.900208
0.9057196
0.9257012
0.9011187
0.9156856
0.9143158
0.9080653
0.9137212
0.9002298
0.9115475
0.9112691
0.9221633
0.9156494
0.913154
0.9205919
0.9198952
0.9257274
0.9168906
0.9253987
0.921481
0.9046736
0.9335003
0.9208098
0.9207963
0.9132783
0.9124381
0.9128969
0.8956166
0.9254378
0.9007329
0.9007744
0.8987068
0.9021052
0.8998888
0.8992482
0.8978079
0.8997738
0.9054005
0.9186915
0.9069087
0.9254305
0.9213075
0.9083515
0.9148534
0.9225444
0.9319699
0.9115305
0.8906738
0.8925859
0.9181619
0.9036406
0.9023121
0.9087913
0.9089966
0.9079419
0.9002674
0.8998775
0.9149645
0.9120836
0.9202171
0.9077253
0.9203234
0.9194807
0.9223704
0.9192268
0.9182635
0.9024717
0.9119273
0.9193327
0.9183217
0.9034165
0.9045945
0.9072558
0.9193822
0.9075147
0.9075194
0.9066968
0.9100143
0.9105115
0.9097607
0.9068158
0.9031193
0.900782
0.9080422
0.911235
0.9226195
0.91754
0.9131179
0.9043434
0.9112852
0.9099541
0.9131648
0.9090489
0.8940733
0.8940167
0.9159114
0.9256267
0.9176737
0.9081658
0.9171566
0.9026403
0.9105115
0.9316579
0.9153466
0.9196451
0.9233158
0.911551
0.9193344
0.9045832
0.9116412
0.91765
0.9244941
0.9191273
0.9140456
0.926207
0.924078
0.9227368
0.9281732
0.93014
0.9231676
0.911911
0.9366811
0.9233496
0.9194266
0.9109093
0.9152066
0.9148995
0.9029772
0.9207997
0.9108042
0.9081354
0.9062735
0.9109942
0.9075774
0.9091851
0.9098665
0.9103094
0.9170718
0.9089427
0.9077892
0.9207749
0.9200447
0.9024793
0.9065223
0.9215956
0.9299569
0.9136912
0.8825767
0.8852133
0.9127094
0.9020025
0.8999205
0.9011839
0.9056496
0.9033323
0.8976454
0.8968896
0.9127676
0.908228
0.9143604
0.8992953
0.9137259
0.9222493
0.9174073
0.9128234
0.9190513
0.9143123
0.911659
0.9133142
0.9118798
0.9070551
0.8976741
0.902906
0.9100284
0.9051318
0.9050551
0.9087462
0.9095177
0.9090457
0.9052556
0.9042054
0.9061914
0.8957006
0.9021542
0.9070317
0.9184961
0.921073
0.9064648
0.9116677
0.9054199
0.8970519
0.9059043
0.9011861
0.8968081
0.8977362
0.9110399
0.9227528
0.914218
0.9098087
0.9140772
0.9041169
0.9089293
0.9278051
0.9040545
0.9142897
0.9178298
0.9103875
0.9163463
0.9092422
0.9131884
0.9120625
0.9234005
0.9176998
0.9148736
0.9199281
0.9217622
0.9228252
0.9203035
0.9275964
0.9206047
0.9098658
0.9360063
0.9181735
0.9273077
0.9119155
0.9105958
0.9123924
0.9062941
0.919263
0.9111198
0.9026899
0.9071114
0.9119637
0.910348
0.9079877
0.9091751
0.9126362
0.9102656
0.9197622
0.9104939
0.9235709
0.9264169
0.9167407
0.9183318
0.9248823
0.9317889
0.9128506
0.8904371
0.8899062
0.920189
0.9062151
0.9126888
0.9176763
0.9150933
0.916021
0.9053165
0.9035062
0.9209775
0.91809
0.9196136
0.9151037
0.9246563
0.9215241
0.9226033
0.9200324
0.9218899
0.9087273
0.9119723
0.9202143
0.9227971
0.9068899
0.9127897
0.9136052
0.9225104
0.9118659
0.9126165
0.9090942
0.9170443
0.9157664
0.9180486
0.9106499
0.9116525
0.9110162
0.9095078
0.9163911
0.9215244
0.9214787
0.9169865
0.9090058
0.9189113
0.9127867
0.916426
0.9128432
0.9048974
0.9063565
0.9210554
0.928095
0.920844
0.9125596
0.9194968
0.9125164
0.9157664
0.9290714
0.9154298
0.920297
0.9210628
0.912958
0.922114
0.90467
0.914738
0.9153884
0.9263007
0.9170269
0.9143923
0.9256082
0.9237454
0.9251921
0.9236681
0.9306675
0.9269675
0.9121878
0.9358094
0.9232794
0.9270088
0.9178618
0.9146328
0.9128845
0.9058081
0.9231174
0.9093313
0.9084552
0.9129474
0.9125466
0.9118212
0.9109042
0.9140206
0.9098884
0.9154626
0.9246803
0.9113924
0.9253679
0.9256788
0.9101801
0.9153567
0.9259272
0.9374455
0.9171275
0.8953239
0.8921311
0.9226019
0.9025751
0.9025546
0.9076272
0.9093729
0.9082307
0.8995086
0.8970075
0.9151554
0.9088243
0.9203754
0.9021507
0.9200983
0.925208
0.926586
0.9233605
0.9256084
0.9176343
0.9159528
0.9241914
0.9266439
0.9097712
0.904062
0.9070661
0.9224533
0.9137919
0.9145487
0.9123756
0.9142612
0.9152603
0.9158043
0.9152159
0.9121266
0.9073782
0.9028521
0.9120614
0.9262286
0.92478
0.9183527
0.9134038
0.9124991
0.9085537
0.914125
0.911531
0.901447
0.9033232
0.9191721
0.9266589
0.9255839
0.9133085
0.9265321
0.9122511
0.9152215
0.9307553
0.9139035
0.9269635
0.9219438
0.9222985
0.9248762
0.9115681
0.9234404
0.9268396
0.9280526
0.9243796
0.9263831
0.9294147
0.9283035
0.9319171
0.9264845
0.9351446
0.9287429
0.912855
0.9376728
0.9300116
0.932693
0.9195684
0.923598
0.9229735
0.9069946
0.9281936
0.9143216
0.9106337
0.9115889
0.9139158
0.9143952
0.9111327
0.9122467
0.9141311
0.922126
0.9194576
0.9131911
0.9248718
0.9264587
0.9041398
0.9115487
0.9263249
0.9335057
0.921668
0.88844
0.8911927
0.9214936
0.9041842
0.8941702
0.9072336
0.9044041
0.9050354
0.9015457
0.9017261
0.9174142
0.9042715
0.918463
0.8999384
0.9181051
0.9278653
0.9282369
0.9216415
0.9230115
0.9226832
0.9127832
0.9224345
0.9236205
0.915163
0.8964226
0.9029021
0.919041
0.9131891
0.9127691
0.9112279
0.9150189
0.9154724
0.9093112
0.9143799
0.9121937
0.9002649
0.9023043
0.907221
0.9234062
0.9295452
0.9176672
0.9231044
0.9054769
0.901278
0.9052124
0.9056624
0.898935
0.899511
0.9163211
0.9252173
0.9216929
0.9139927
0.9238969
0.9134055
0.9154724
0.9311413
0.9084847
0.9224001
0.9243636
0.9207199
0.9198752
0.917512
0.9254544
0.9238976
0.928
0.9241829
0.9287865
0.9275802
0.930493
0.9296047
0.9254977
0.9323097
0.9289853
0.9153986
0.9393501
0.928712
0.9347202
0.9189247
0.9203694
0.9204851
0.9136482
0.9278376
0.9163987
0.914418
0.9145804
0.9131242
0.9141836
0.9146302
0.9145687
0.9145409
0.9272305
0.9263897
0.9178211
0.9268361
0.9285916
0.9061965
0.9110788
0.9263385
0.9355304
0.9208324
0.8937009
0.888947
0.9232745
0.9050478
0.9040228
0.9028874
0.9053045
0.9037858
0.9084512
0.9056363
0.9217264
0.9076093
0.9207291
0.9012887
0.9207992
0.9316929
0.9281909
0.9236911
0.9265245
0.9244909
0.9154254
0.9238363
0.9254201
0.9194984
0.8973476
0.9074295
0.9246253
0.9160811
0.9166455
0.9164619
0.917391
0.9180775
0.9087391
0.9209194
0.9142253
0.9044398
0.9059018
0.9065118
0.9242397
0.9321661
0.9183865
0.9298466
0.9040762
0.9025308
0.9092697
0.9033943
0.9022573
0.9019211
0.9183159
0.9277983
0.9198927
0.917451
0.9266503
0.9176779
0.9181163
0.9306326
0.908582
0.9187972
0.9255387
0.9247138
0.9207217
0.923703
0.9293938
0.9276095
0.9305081
0.9268614
0.9288207
0.9266493
0.9282415
0.931134
0.9244817
0.9332038
0.9301066
0.9139135
0.940942
0.9290876
0.93627
0.9247904
0.9224252
0.9238893
0.9190417
0.9301041
0.9174586
0.9170728
0.9184783
0.9196365
0.9201634
0.9201939
0.9182661
0.9185066
0.9034796
0.8828926
0.903082
0.8963884
0.8797361
0.9035693
0.9097249
0.8954104
0.9011157
0.7953755
0.8956146
0.9011601
0.8837344
0.9167405
0.8979041
0.9080652
0.9120969
0.9122906
0.9058293
0.9024623
0.8880349
0.8619793
0.8893288
0.9059188
0.8897019
0.8231087
0.88649
0.8799768
0.8944971
0.9017786
0.8682011
0.8802888
0.886787
0.9002404
0.8995421
0.905615
0.8766644
0.8827569
0.8822432
0.7217449
0.7849959
0.782976
0.9087533
0.8651515
0.902105
0.9051026
0.9043228
0.9078971
0.8854189
0.8944817
0.8785487
0.898614
0.9113946
0.9068622
0.9072084
0.9043398
0.8947819
0.8961418
0.8758873
0.8886306
0.8864465
0.770097
0.8894179
0.9063188
0.782928
0.9062796
0.9062656
0.8955608
0.8773704
0.8694352
0.8910482
0.896926
0.8745157
0.8866129
0.895281
0.8842376
0.9048051
0.8898788
0.8917675
0.9029723
0.8925526
0.9051403
0.8966381
0.8796861
0.8629443
0.89019
0.88838
0.8851118
0.8840796
0.9095376
0.8900533
0.8893205
0.902635
0.9022093
0.9008625
0.9081387
0.9053848
0.8997853
0.9032235
0.9021894
0.8671391
0.911842
0.8482769
0.9176141
0.9166315
0.9053655
0.9081948
0.9162558
0.9281766
0.9092467
0.888257
0.8913676
0.9129136
0.9102587
0.895178
0.9058472
0.9082171
0.907668
0.8974991
0.9027159
0.9105671
0.9067613
0.9113248
0.9026507
0.9129289
0.9142142
0.9161345
0.9154575
0.9174439
0.8545213
0.9074858
0.9149865
0.9128975
0.7607364
0.8998411
0.9035769
0.9102601
0.9029653
0.9027662
0.8977636
0.904384
0.9055589
0.9048739
0.9059094
0.8993871
0.9020124
0.9027935
0.9066614
0.9142288
0.9137078
0.9060127
0.9048119
0.9057098
0.8995652
0.9064743
0.902048
0.8924863
0.8933473
0.9053631
0.9189901
0.9128455
0.9062881
0.9164861
0.8572659
0.9055589
0.9229802
0.9046555
0.9134602
0.9143925
0.9060652
0.9186733
0.896922
0.9095492
0.9161717
0.917136
0.915039
0.9138702
0.9173266
0.922495
0.9237766
0.9170554
0.9251512
0.9208776
0.9049002
0.9332988
0.9156806
0.9158085
0.9077329
0.9160365
0.910593
0.897664
0.9165102
0.8474352
0.8455427
0.8440112
0.8565336
0.8475313
0.8496411
0.8476551
0.8460782
0.8763344
0.9178657
0.8781835
0.9219342
0.9160515
0.9123741
0.9195308
0.9244504
0.9293839
0.9001941
0.9015372
0.9028515
0.9205022
0.9143941
0.9025519
0.9129286
0.9180625
0.9170279
0.9008805
0.9037451
0.9133556
0.9135705
0.9167934
0.9129831
0.9158951
0.9149348
0.9202188
0.9185151
0.9177786
0.8720787
0.9092893
0.9201467
0.913321
0.879372
0.9127538
0.9141471
0.9126272
0.9018274
0.901786
0.8976655
0.9085033
0.9089644
0.9175147
0.9061535
0.904275
0.9098328
0.9034849
0.9203929
0.9199732
0.8999352
0.9128169
0.8866169
0.9217796
0.9173545
0.9185926
0.913732
0.8975563
0.8965505
0.9148807
0.9250828
0.9147314
0.9050025
0.9130079
0.8777031
0.9089255
0.9245368
0.9195529
0.9134949
0.9188024
0.9066244
0.9190048
0.8888272
0.9064681
0.9145062
0.9212579
0.9078557
0.90218
0.9228924
0.9143532
0.9239055
0.9207496
0.9276134
0.9183425
0.9126155
0.9294305
0.9207126
0.9046562
0.9049709
0.9081354
0.9089335
0.8849695
0.9178411
0.8818568
0.8755684
0.8767648
0.8849026
0.8844104
0.8788781
0.8810135
0.8771917
0.8965854
0.9147769
0.896752
0.9188039
0.9170904
0.9184978
0.9200235
0.9213323
0.9233254
0.9012515
0.898257
0.9018234
0.9124986
0.9137088
0.9092767
0.9193051
0.9238745
0.9223059
0.9023359
0.902773
0.9117983
0.9121319
0.9190097
0.9207272
0.9187221
0.914162
0.9208098
0.9151275
0.9236455
0.8859515
0.9100388
0.9156348
0.9128814
0.8894808
0.9160513
0.9142167
0.9110816
0.9004798
0.9003115
0.8961244
0.9110743
0.9111864
0.9204127
0.9074081
0.9095661
0.9154125
0.9065957
0.9220204
0.9197283
0.8965517
0.9103461
0.8796094
0.9259879
0.9241669
0.9246776
0.9210613
0.9058547
0.9064383
0.9162529
0.9271039
0.9158944
0.9072684
0.920231
0.8937675
0.9111062
0.9271552
0.9228517
0.917391
0.9217643
0.9033715
0.9185291
0.880361
0.9020854
0.9183284
0.9221733
0.9100472
0.9057536
0.9192385
0.9194677
0.9229917
0.9254589
0.9258816
0.9195249
0.9124729
0.9351789
0.9234345
0.9051287
0.9074674
0.9066587
0.909569
0.8773356
0.917285
0.8966201
0.8986365
0.8984667
0.9021179
0.903737
0.8965569
0.9016381
0.8962849
0.8938458
0.9105735
0.9008624
0.9156795
0.9128224
0.9075923
0.9151694
0.9174958
0.926831
0.8995548
0.8903661
0.8951492
0.9145501
0.910541
0.9022089
0.9114397
0.9152894
0.9137887
0.8950629
0.8944975
0.9077485
0.9078536
0.9152561
0.9045433
0.911919
0.9097875
0.922004
0.9136416
0.9199075
0.8946168
0.9084283
0.9147354
0.9084946
0.8875744
0.9075159
0.9092993
0.9111759
0.8969724
0.8960608
0.8911153
0.9035349
0.9032909
0.9160599
0.9043273
0.9029537
0.9079583
0.9022638
0.9170913
0.91329
0.9047392
0.904392
0.8804874
0.9151533
0.912328
0.9164567
0.9097821
0.892306
0.8943654
0.9074672
0.9219214
0.9095349
0.897523
0.9139812
0.8952409
0.9033714
0.926733
0.9144077
0.9102117
0.9151072
0.9055728
0.9177602
0.8827269
0.9032874
0.9123095
0.9185018
0.9086788
0.9091202
0.9194395
0.9189664
0.9231856
0.9215651
0.9280854
0.9139585
0.9024149
0.9287634
0.9216512
0.9102377
0.9106164
0.9043462
0.9137901
0.8809298
0.9161358
0.900863
0.8941592
0.8985389
0.8994446
0.8956847
0.8993797
0.8997713
0.9007695
0.9098466
0.9088366
0.9121394
0.9177301
0.9164509
0.9123337
0.9150441
0.9177983
0.9221946
0.9122341
0.9001089
0.9009431
0.9101705
0.9155812
0.9094225
0.9146225
0.9150074
0.9135851
0.9160436
0.9137465
0.9144251
0.9130218
0.9114816
0.9145184
0.9082438
0.9202522
0.9181303
0.9109034
0.9156516
0.9129564
0.9089905
0.9114722
0.9119633
0.9099151
0.9113605
0.9155138
0.9112743
0.9064036
0.9059356
0.9051186
0.9114602
0.9113749
0.9154468
0.9082088
0.9156605
0.9100393
0.9091662
0.9172597
0.9147892
0.9151937
0.908507
0.905879
0.9142231
0.9136825
0.9179496
0.9125737
0.9037602
0.9058374
0.9093791
0.9216949
0.9134921
0.9100497
0.9188627
0.9094267
0.9113749
0.9288649
0.9169942
0.9117221
0.9127001
0.9071574
0.9145498
0.8983026
0.9094075
0.9151865
0.918368
0.9113619
0.9151772
0.9153022
0.9201005
0.9213328
0.917854
0.9255223
0.9170749
0.9017723
0.9308271
0.9164966
0.9177706
0.9108834
0.9096712
0.9147484
0.8978315
0.9152596
0.9138683
0.9107277
0.9100427
0.9153086
0.9111292
0.910833
0.9087576
0.9118315
0.9026493
0.9164162
0.9078826
0.9249511
0.9202097
0.9257745
0.929758
0.9243114
0.9305933
0.9067893
0.9094653
0.9182457
0.9163762
0.9148624
0.9207264
0.9292003
0.9314857
0.9307255
0.9113881
0.9117614
0.9173839
0.9252486
0.9239115
0.9264297
0.9231714
0.9184488
0.9245215
0.9197844
0.9249189
0.8922979
0.9126189
0.920791
0.9155444
0.9014565
0.9236362
0.9206756
0.9183762
0.9074525
0.9080226
0.9021997
0.9147425
0.9142181
0.9249491
0.9068158
0.9170956
0.9264065
0.9188722
0.9326093
0.9240009
0.9029133
0.9144758
0.8820276
0.9321961
0.930805
0.931801
0.9253415
0.9127772
0.9140551
0.9219691
0.9292073
0.9195236
0.9113133
0.9170726
0.9068369
0.9142181
0.9303193
0.9308432
0.9188847
0.9246639
0.9041876
0.9283049
0.8881759
0.9068555
0.9200145
0.926222
0.9111915
0.9029309
0.9237221
0.9200776
0.925236
0.9271563
0.9283227
0.9192817
0.9174528
0.935752
0.9268687
0.9092838
0.914808
0.9146337
0.9130712
0.890114
0.920266
0.9052143
0.9035276
0.904444
0.9080367
0.9078779
0.902403
0.9063407
0.9022889
0.9006945
0.9075407
0.9039618
0.9202454
0.9137986
0.9124434
0.91918
0.9184505
0.9232806
0.9026089
0.9009353
0.903103
0.9116605
0.913772
0.9090679
0.9152621
0.9198246
0.9189035
0.902643
0.9032715
0.9083561
0.9136864
0.9143775
0.9125883
0.9120249
0.9114755
0.9201818
0.911893
0.9148275
0.890414
0.9083573
0.9122337
0.9059384
0.8916887
0.9143818
0.9108515
0.913126
0.9025908
0.90191
0.8998507
0.9075673
0.9076011
0.9140262
0.9045621
0.9055325
0.911278
0.9082104
0.9210883
0.9167795
0.9005251
0.9035542
0.8833005
0.921982
0.9151046
0.9204021
0.9126075
0.8997553
0.9018312
0.9184519
0.9259428
0.912487
0.9075866
0.9093326
0.8999493
0.9076011
0.9266706
0.9190869
0.909995
0.9178406
0.902486
0.921144
0.8808337
0.9011582
0.908417
0.9185732
0.9065596
0.9079612
0.9189584
0.9152795
0.9205171
0.9220032
0.9224205
0.919204
0.9057609
0.9358518
0.9209846
0.909316
0.9083262
0.9038266
0.9127687
0.8826205
0.9179046
0.9006783
0.8974724
0.9011503
0.9055789
0.9051413
0.9016524
0.9009603
0.903644
0.8991833
0.9018351
0.9063555
0.9115274
0.9102322
0.9092113
0.9106944
0.9137832
0.9190403
0.8951806
0.8932358
0.89493
0.9000699
0.907744
0.9054215
0.9114977
0.9124098
0.9131657
0.902337
0.9024311
0.9031864
0.9021407
0.9025666
0.9105716
0.9042869
0.9087999
0.9118085
0.903255
0.9088984
0.9007526
0.8997859
0.9032067
0.903158
0.8973825
0.9054431
0.9035445
0.9058602
0.8988459
0.8991522
0.8936863
0.9011089
0.899916
0.9095171
0.8962078
0.9051378
0.9068015
0.9037911
0.9117115
0.9053504
0.9019512
0.90026
0.8566653
0.913678
0.9097427
0.9129466
0.9086753
0.8985962
0.8996138
0.9029028
0.9132224
0.9028039
0.9002801
0.9082502
0.9019327
0.899916
0.9198039
0.9151097
0.907155
0.9102851
0.8975436
0.9077441
0.8700582
0.9005637
0.9100573
0.9153096
0.8966014
0.9033409
0.9094542
0.9089343
0.9159331
0.9087975
0.9150608
0.9109631
0.9029197
0.9298659
0.9154188
0.9068304
0.899693
0.8971521
0.9062415
0.768684
0.9102236
0.9031389
0.8975778
0.9013645
0.9036619
0.9036548
0.9028487
0.9036768
0.9022028
0.898429
0.9149906
0.9001599
0.9199735
0.9197282
0.9189707
0.9223573
0.9218093
0.9337988
0.9042096
0.8989707
0.9041255
0.9165988
0.9058556
0.908663
0.9187529
0.9230987
0.9215041
0.8977281
0.9006937
0.9168526
0.9111915
0.9191192
0.9128236
0.9191855
0.9174791
0.921239
0.9186231
0.924848
0.8919878
0.9089348
0.919492
0.9134711
0.8921547
0.9116641
0.9119086
0.9135504
0.9017473
0.9005909
0.8985843
0.9065093
0.9051351
0.9220488
0.9036331
0.9107876
0.9139637
0.9089135
0.9202326
0.9201186
0.9032513
0.913975
0.8650502
0.9208204
0.9202147
0.9189709
0.917828
0.9029407
0.9066629
0.919949
0.9262341
0.9143414
0.9016959
0.9211762
0.9018136
0.9051351
0.9295589
0.9192392
0.9162544
0.9208381
0.9063073
0.9233661
0.8736743
0.9039558
0.9213269
0.9225833
0.9114713
0.9089125
0.9252718
0.919599
0.9285567
0.92554
0.9287663
0.9204048
0.9117992
0.9317821
0.9220332
0.9153726
0.9102946
0.9067212
0.9118693
0.8608919
0.9224386
0.9041563
0.8998084
0.9024952
0.9074239
0.903544
0.9027943
0.9041175
0.8989262
0.8971243
0.9103549
0.9066342
0.9198358
0.9154955
0.9227893
0.9284295
0.9230316
0.9258307
0.9034806
0.9070311
0.9126175
0.9152754
0.9176395
0.9219772
0.9300071
0.9304354
0.9293847
0.9124722
0.9137193
0.915685
0.9207995
0.9209294
0.9260742
0.9181928
0.910435
0.9217974
0.9175889
0.9192343
0.8884822
0.9090287
0.9179266
0.9123859
0.8987166
0.9221827
0.9199277
0.9142193
0.9031507
0.902711
0.9008914
0.9137839
0.9136575
0.9303474
0.9017417
0.9162425
0.9239945
0.9196252
0.9323685
0.9200185
0.8973698
0.9091696
0.8509094
0.930647
0.9280323
0.9297549
0.9262575
0.9136755
0.9170799
0.9195004
0.9212621
0.9133076
0.914348
0.9211985
0.9041175
0.9136575
0.9294138
0.9306346
0.910856
0.9261155
0.8990444
0.9196961
0.8646479
0.9020729
0.9184263
0.920414
0.8988242
0.899726
0.9208879
0.9167817
0.9243487
0.9264177
0.9218556
0.9138812
0.9146315
0.9331716
0.9244597
0.901273
0.907116
0.9057717
0.9103127
0.8519086
0.9164471
0.904059
0.9023176
0.904531
0.9064466
0.908921
0.9049478
0.9064315
0.9042392
0.8939203
0.9125281
0.8965879
0.9176344
0.9148067
0.9177396
0.9227388
0.9185208
0.9237731
0.9002425
0.9024884
0.9069826
0.9146989
0.909065
0.910166
0.9226176
0.9224915
0.9218915
0.9025028
0.9013872
0.9123067
0.9146726
0.9142002
0.918706
0.9123402
0.910728
0.9164734
0.915879
0.9154082
0.8873281
0.9069403
0.9163652
0.9050947
0.8930636
0.9173004
0.9149668
0.9060901
0.8977473
0.8971443
0.896543
0.905657
0.9066624
0.9216351
0.8990174
0.9110316
0.9163208
0.910306
0.9264845
0.9110208
0.8955658
0.9020716
0.8512257
0.9259156
0.921497
0.9262053
0.9214899
0.9019976
0.9063558
0.9113946
0.9189603
0.9102215
0.9068801
0.9104583
0.8957482
0.90674
0.9197362
0.9237003
0.9084131
0.9201015
0.9011699
0.916216
0.8642962
0.8998249
0.9106782
0.9198606
0.8971621
0.8916187
0.9205403
0.9134588
0.917583
0.9209806
0.9207038
0.9082466
0.91161
0.9330325
0.9175807
0.9015079
0.9053317
0.900294
0.9052646
0.8493866
0.9191962
0.8980455
0.8925862
0.8947444
0.9002923
0.9012597
0.8984193
0.8985242
0.8951902
0.8924782
0.9068943
0.9089888
0.9178976
0.9143464
0.9159571
0.9196071
0.9155514
0.9183579
0.8983866
0.898664
0.9024462
0.9071044
0.9108818
0.9117954
0.9162015
0.9209403
0.9217122
0.9051179
0.9053331
0.9051132
0.9127589
0.9099982
0.9179463
0.9105173
0.9074219
0.9160705
0.9070268
0.9153388
0.8887372
0.9067623
0.9079961
0.9035861
0.892784
0.9173707
0.9124176
0.9097461
0.9005788
0.9002552
0.8921472
0.9087615
0.9087943
0.9178146
0.898896
0.9086125
0.9172429
0.9114342
0.9223929
0.9140809
0.8994389
0.9017902
0.8441972
0.9244209
0.9222402
0.9248586
0.9163648
0.9003376
0.9013453
0.9101394
0.9218228
0.9113716
0.9017264
0.9134024
0.9004554
0.9088334
0.9171716
0.9228171
0.9084111
0.9157805
0.8971076
0.9142654
0.8625399
0.8907618
0.9138985
0.9165511
0.8977372
0.8957539
0.9122279
0.9086477
0.918674
0.9207167
0.9178651
0.9104762
0.9080184
0.9305536
0.9183066
0.9011013
0.9009969
0.8983088
0.9064844
0.8262536
0.9124278
0.9045556
0.8997892
0.9010184
0.9056394
0.9043741
0.905363
0.9066067
0.9008931
0.891751
0.9116603
0.9005309
0.9174338
0.9160801
0.9243376
0.9283913
0.916817
0.9207746
0.9023747
0.9071042
0.9096819
0.9081964
0.9169221
0.91594
0.9228349
0.9254591
0.9260073
0.9063421
0.9126731
0.9123387
0.9196643
0.9181287
0.9202155
0.9138344
0.9092189
0.9169017
0.9103403
0.9193298
0.8834929
0.9098082
0.9110433
0.9088781
0.8951472
0.9224775
0.9222043
0.9091307
0.9021108
0.9027999
0.896838
0.9095217
0.9100309
0.9284837
0.9026239
0.9166911
0.920213
0.9164771
0.9297823
0.9140163
0.8956271
0.9102709
0.859612
0.9269981
0.9238061
0.9272255
0.923954
0.9095188
0.9109183
0.9141734
0.9225415
0.9099938
0.905351
0.9160051
0.9006834
0.9099913
0.9225616
0.9290925
0.9094015
0.9238995
0.9015182
0.9167148
0.857698
0.8936619
0.9131985
0.9192715
0.9041021
0.8932956
0.9183917
0.9123098
0.9209419
0.9246724
0.9250054
0.9149438
0.9083686
0.9345535
0.9199093
0.9017831
0.9018353
0.8983396
0.9079613
0.8633667
0.9146187
0.8975287
0.9009009
0.8980489
0.9021432
0.9038631
0.899458
0.9015079
0.8976845
0.8940932
0.9143009
0.9001752
0.9232782
0.915059
0.9285815
0.9318631
0.9209094
0.9231799
0.901676
0.9058412
0.9127665
0.9154153
0.9098849
0.9200986
0.9291266
0.9325669
0.9326886
0.9064484
0.9065802
0.91509
0.9198472
0.9161838
0.928647
0.9152796
0.9096586
0.923976
0.9162224
0.9207429
0.8828872
0.9087152
0.916868
0.9149446
0.8960111
0.9242885
0.9206658
0.912344
0.898407
0.8988838
0.894854
0.9115196
0.91225
0.9286652
0.9021566
0.9161083
0.9192966
0.9134664
0.9315619
0.9187664
0.8945934
0.9090124
0.8587113
0.9360185
0.9329758
0.9310308
0.9262177
0.9103809
0.9115997
0.9161965
0.923352
0.9146519
0.9086899
0.9177546
0.901757
0.91225
0.9243871
0.931376
0.9142217
0.9231767
0.897263
0.9190971
0.8620821
0.8999855
0.9145806
0.9185206
0.899526
0.8939367
0.9194414
0.916496
0.9209483
0.9260409
0.9241462
0.918128
0.9078886
0.9316017
0.9251435
0.9013312
0.9048882
0.903682
0.9072732
0.8553785
0.9141545
0.8998623
0.8972184
0.9023623
0.9055107
0.9041273
0.9012337
0.9045456
0.8979784
0.8900287
0.9106031
0.9001172
0.915556
0.9125089
0.9149249
0.9214516
0.9169691
0.9226306
0.8984366
0.8944024
0.9006134
0.9105093
0.9061773
0.9101892
0.9145465
0.9188137
0.9183535
0.9026916
0.9059336
0.9090386
0.9102147
0.9128864
0.91413
0.9091105
0.9071054
0.9205204
0.9128864
0.9161309
0.8890492
0.9052529
0.9123322
0.9070179
0.8910695
0.9124174
0.912621
0.911392
0.896122
0.8958708
0.8941698
0.9047017
0.9048959
0.9163184
0.900709
0.9099204
0.9130831
0.9077479
0.9188822
0.9133562
0.9000109
0.90404
0.8381932
0.9244246
0.9200606
0.9187298
0.9146455
0.9036694
0.8996613
0.9080178
0.9181603
0.9062039
0.9015069
0.9131806
0.8970733
0.9047774
0.9231283
0.9183432
0.9087225
0.915914
0.8967511
0.9150933
0.8586578
0.9017207
0.9178694
0.9180009
0.9003845
0.8971365
0.9167471
0.9124111
0.9205862
0.9213171
0.9192361
0.9100173
0.9085256
0.9306483
0.9222403
0.9052411
0.9012123
0.9013239
0.9036014
0.7511894
0.9159655
0.8977198
0.8912764
0.8958995
0.90215
0.8959843
0.8948406
0.898527
0.8981936
0.8938818
0.9114673
0.9001326
0.9153286
0.9146469
0.918092
0.9181818
0.9155286
0.9204234
0.8989956
0.8999101
0.9012896
0.9137406
0.9111764
0.9100694
0.9182557
0.9196491
0.9184431
0.9058124
0.9047064
0.9114724
0.9090523
0.9095795
0.9154895
0.9121932
0.9108194
0.9179281
0.9138908
0.9158885
0.8963744
0.9016982
0.9139958
0.9125048
0.8993538
0.913016
0.9152596
0.909331
0.9065776
0.9058028
0.8972387
0.9052784
0.9057769
0.9175588
0.9007509
0.9104647
0.9109587
0.9071719
0.9188091
0.9124093
0.9059343
0.9049443
0.8279943
0.9246468
0.916826
0.9178997
0.9125735
0.9003631
0.9005005
0.908985
0.9182155
0.9091293
0.90491
0.9137236
0.9019983
0.9057769
0.9241898
0.9211547
0.909974
0.9164298
0.8993605
0.9163497
0.8705887
0.9001811
0.9149339
0.9154392
0.9023431
0.905479
0.9134494
0.9143642
0.9225049
0.9172826
0.9199081
0.9138181
0.904935
0.9294238
0.9189105
0.9072325
0.9040691
0.9048616
0.9058376
0.8452417
0.9144764
0.9011161
0.89557
0.8963595
0.9026658
0.9037053
0.8981577
0.901587
0.895814
0.892375
0.9075772
0.8991106
0.916287
0.9128917
0.9187803
0.9224351
0.9156479
0.9202005
0.9009542
0.8961092
0.9042901
0.9111263
0.9067541
0.9142341
0.9222349
0.9247185
0.9240728
0.9080636
0.9081937
0.9069373
0.9148836
0.9115165
0.9188706
0.9112175
0.9085322
0.9176433
0.9115556
0.9188455
0.890794
0.9063802
0.9116242
0.9058499
0.8923971
0.9151076
0.9117204
0.9073733
0.8990288
0.8977298
0.8920829
0.9076829
0.9059011
0.9203397
0.8962892
0.9126831
0.9186114
0.9080905
0.9257147
0.9109313
0.8990936
0.9013777
0.8477718
0.9241438
0.9174521
0.9238123
0.9178195
0.9052976
0.9050426
0.9067358
0.9152097
0.9090189
0.9085694
0.9141144
0.8992361
0.9059406
0.9209839
0.925066
0.9097277
0.9178776
0.8960987
0.914707
0.8651299
0.8998508
0.912934
0.9158963
0.8968989
0.8932112
0.9185747
0.9144575
0.9207526
0.9211444
0.9223605
0.911204
0.9098467
0.9298674
0.9196127
0.9082188
0.9000652
0.9026913
0.9055756
0.8343357
0.9151554
0.8989239
0.8984378
0.8975071
0.9024373
0.9021088
0.8986612
0.9004914
0.8957786
0.9079333
0.914398
0.9132705
0.9200493
0.9227018
0.9175546
0.9220933
0.9206462
0.9264569
0.9131998
0.9061264
0.9081437
0.9142787
0.9176075
0.9159036
0.9227987
0.925323
0.9250685
0.9138211
0.9137825
0.9171336
0.9148593
0.9170316
0.921442
0.9128915
0.9196834
0.9181085
0.9159012
0.9157752
0.9040672
0.9078975
0.917023
0.9139265
0.9063406
0.9180631
0.9187944
0.9147614
0.903235
0.902845
0.9040266
0.9144503
0.9127336
0.9216008
0.9089694
0.9180737
0.9188664
0.917031
0.9224081
0.9165101
0.9108776
0.9101459
0.8725942
0.9230876
0.9224858
0.9244075
0.9157602
0.9089293
0.9118679
0.9135582
0.9253956
0.9153085
0.9111632
0.9119448
0.9134034
0.9128096
0.9259247
0.9219234
0.9183857
0.9222341
0.9058099
0.9178154
0.8817507
0.9072375
0.9150133
0.9195153
0.9095948
0.9145982
0.9229116
0.917593
0.9284169
0.9215081
0.9234756
0.9214688
0.9133834
0.9342261
0.9197978
0.9154905
0.9109173
0.9083765
0.9110439
0.8682153
0.9176475
0.911578
0.9092287
0.9120382
0.9132422
0.9101679
0.9083395
0.9105038
0.9095246
0.8948799
0.9145157
0.903899
0.9259996
0.9202698
0.9271499
0.9291543
0.9236846
0.9262354
0.9063404
0.9041729
0.9097714
0.9165971
0.9130547
0.9203937
0.9270099
0.9315757
0.9319684
0.9114172
0.9104354
0.9178003
0.9231188
0.9223777
0.9266402
0.9193665
0.9147295
0.9256234
0.9168298
0.9234628
0.8887969
0.9091376
0.9181937
0.9146195
0.8949858
0.9231493
0.9239564
0.9145
0.9051
0.9045343
0.8977484
0.9137403
0.9140071
0.9250064
0.9025291
0.9196995
0.9226359
0.9172246
0.9342686
0.9202055
0.9006012
0.9098415
0.8465805
0.9321706
0.928522
0.9310818
0.9238129
0.9143766
0.9154146
0.917043
0.9272371
0.9178623
0.909071
0.9207039
0.9040567
0.9140071
0.9274403
0.9299326
0.9113141
0.9234511
0.9023957
0.9219032
0.8634706
0.9059644
0.9177599
0.9221976
0.8996012
0.9010202
0.9245957
0.9195947
0.9224367
0.9274013
0.9255637
0.9188794
0.9142483
0.9381168
0.9261918
0.9038645
0.9101332
0.9041258
0.9107491
0.85092
0.9176684
0.9016502
0.9012071
0.9008319
0.9079876
0.9081087
0.9001257
0.9030689
0.902324
0.88992
0.9055336
0.9021196
0.9176447
0.9112323
0.9167386
0.9203723
0.9159987
0.919308
0.8970995
0.9019469
0.9066545
0.9089525
0.9130964
0.9133319
0.9204049
0.9242045
0.9245419
0.9081603
0.9085972
0.9123213
0.9123727
0.912976
0.9211791
0.9153891
0.9091689
0.9159875
0.9106859
0.9127718
0.88858
0.9003396
0.9108271
0.9066787
0.8958869
0.9170197
0.9125706
0.9087064
0.9029191
0.9024176
0.8982663
0.9057417
0.9062316
0.9176715
0.8972774
0.9128234
0.9183282
0.9072252
0.9251619
0.9147383
0.8964163
0.905071
0.8484681
0.9252697
0.919135
0.9237384
0.9172009
0.9037191
0.9043075
0.9127861
0.9178367
0.9095656
0.9071277
0.9095697
0.8985239
0.9062316
0.9217887
0.925643
0.9066611
0.9188821
0.8944878
0.9165551
0.8572588
0.9003843
0.9116334
0.9157269
0.8976281
0.8968533
0.9165834
0.9118464
0.9186521
0.9201872
0.9188346
0.9106187
0.9078309
0.9325012
0.917926
0.9016839
0.9004349
0.8988377
0.9043193
0.8480187
0.915048
0.9014198
0.8968212
0.8963153
0.8999965
0.903966
0.8988961
0.8992297
0.8966303
0.8880079
0.9148819
0.9022249
0.9226199
0.9177671
0.9259518
0.9304715
0.9221432
0.9224321
0.9043673
0.9057389
0.9151754
0.9169188
0.9165984
0.9224192
0.9300612
0.9326519
0.9327394
0.9125796
0.9114555
0.9151408
0.9208401
0.921727
0.9284642
0.9199337
0.9132653
0.9245594
0.915636
0.9184215
0.8772446
0.9076647
0.9162269
0.9132957
0.8916638
0.9277996
0.9224684
0.9148676
0.9018416
0.901425
0.8937785
0.9115146
0.9108595
0.9268203
0.9026964
0.9171308
0.929747
0.9155732
0.9358143
0.920587
0.8945562
0.9099291
0.8364868
0.9349975
0.9351204
0.9333675
0.926491
0.9102924
0.9132403
0.9174135
0.9254713
0.9211464
0.9091856
0.9147407
0.8973674
0.9108595
0.927043
0.9329386
0.9138784
0.9242738
0.8986203
0.9207684
0.8569841
0.90003
0.9162193
0.9205559
0.9022745
0.8920292
0.9239841
0.9161229
0.9248985
0.9284373
0.9268961
0.9169151
0.9124393
0.9355127
0.9281965
0.8977529
0.9050772
0.9044438
0.9102601
0.8422844
0.9169707
0.9018025
0.8951515
0.8933535
0.9026979
0.901372
0.8933449
0.8989542
0.8947865
0.8925593
0.9092544
0.9017851
0.9141934
0.9140701
0.9201956
0.9269787
0.9144422
0.9207102
0.9034402
0.901528
0.9091268
0.9119659
0.9142796
0.9171677
0.9246347
0.9251827
0.9242483
0.9089147
0.9090013
0.9101771
0.913617
0.9133052
0.9212648
0.9122869
0.9105999
0.9150081
0.9116195
0.9161921
0.8906057
0.9070454
0.9115718
0.9051623
0.8967254
0.918918
0.9179118
0.9122974
0.9062511
0.9050792
0.8941104
0.91229
0.9119359
0.9229441
0.8983002
0.9119894
0.92285
0.9139094
0.9271736
0.9160576
0.8997035
0.905936
0.7824838
0.9285814
0.9261965
0.9258428
0.9204903
0.9084415
0.910301
0.9116501
0.9209302
0.9120135
0.9095381
0.9110223
0.9030536
0.9119359
0.9239728
0.9279254
0.907359
0.9183162
0.9013984
0.916655
0.8639295
0.9004462
0.9113579
0.9126774
0.8985766
0.8973043
0.916303
0.9121118
0.9220953
0.9240511
0.9216638
0.9115386
0.9065811
0.9326772
0.9165002
0.900403
0.9043521
0.9038606
0.9032882
0.8450875
0.9117906
0.9043224
0.8963693
0.8988208
0.9069438
0.9044944
0.9003433
0.9020161
0.8996463
0.8918293
0.9079746
0.9012237
0.9130989
0.9117678
0.909669
0.916181
0.9177259
0.9201903
0.8972112
0.891543
0.8953514
0.9078341
0.9071577
0.9080451
0.9131359
0.9152068
0.9146635
0.902796
0.9010857
0.9074555
0.9048554
0.9062207
0.9082476
0.9055929
0.9067806
0.9161664
0.9108918
0.9129811
0.892377
0.901178
0.9117025
0.9037128
0.8936412
0.9059606
0.904978
0.9059971
0.8977535
0.8977068
0.8916593
0.9040917
0.9037717
0.9147522
0.8946116
0.9080435
0.9114895
0.9008307
0.9206639
0.9046381
0.9003486
0.9027086
0.8411356
0.9177475
0.9153243
0.9184216
0.9094628
0.8977084
0.8970131
0.9050381
0.9170889
0.9079227
0.9006098
0.9062274
0.8997313
0.9037321
0.9180363
0.9181515
0.9066312
0.9122095
0.89725
0.9095187
0.8618502
0.9010634
0.9105837
0.9165709
0.9006827
0.8982536
0.9133245
0.9125218
0.9175279
0.9199549
0.918315
0.9080358
0.9022333
0.931819
0.9171775
0.9010587
0.8994826
0.8978116
0.9047769
0.5039547
0.9094239
0.8969708
0.8970034
0.898088
0.9034007
0.8977252
0.9019579
0.8992248
0.8974873
0.9010234
0.9149795
0.9077968
0.9167571
0.9156928
0.9218772
0.9281
0.9174725
0.9241595
0.9025704
0.9009449
0.9055713
0.917702
0.9143768
0.9139184
0.9208191
0.9254542
0.9250053
0.9082782
0.9064302
0.9132987
0.9176978
0.9156652
0.920776
0.9164567
0.9121228
0.9203221
0.9190756
0.9192202
0.8933226
0.9093057
0.9193725
0.9102298
0.8978992
0.9202054
0.9178116
0.9143487
0.9052863
0.9054469
0.8944208
0.906016
0.9068336
0.9270885
0.9029735
0.9138272
0.9203164
0.9174358
0.9304051
0.9178587
0.9058971
0.9102275
0.8526935
0.9307205
0.9260975
0.9285109
0.9224653
0.9091425
0.9099355
0.9134701
0.9262009
0.9157536
0.9041106
0.9163856
0.9026914
0.9068336
0.9267003
0.9268224
0.9161683
0.9205704
0.9028842
0.9180368
0.8675244
0.9017597
0.9148754
0.9156147
0.9052847
0.9029253
0.9212462
0.9170097
0.9238612
0.9202111
0.9219411
0.9128682
0.9092207
0.9297991
0.9222973
0.9078787
0.9084921
0.9068555
0.9099695
0.8511993
0.918363
0.9030248
0.9018035
0.9010795
0.9069335
0.907793
0.8996352
0.9026313
0.9018246
0.8961785
0.9132161
0.9043983
0.9187619
0.912621
0.9211763
0.9254317
0.9218883
0.9181439
0.9002956
0.9049611
0.908055
0.9141189
0.9124534
0.9181235
0.9256543
0.9257139
0.925058
0.9114116
0.9093941
0.9129894
0.9183815
0.9167243
0.9209091
0.9156816
0.9091339
0.9183629
0.9152246
0.919193
0.8842025
0.9082407
0.9154129
0.9086289
0.8888597
0.9196549
0.9175497
0.9143859
0.9001752
0.8993091
0.8929909
0.9090375
0.9089909
0.9235152
0.9013943
0.9124028
0.9219926
0.9143936
0.9288635
0.9165331
0.8975396
0.9060445
0.8388306
0.9286538
0.9300204
0.9279983
0.9231103
0.9102695
0.9111216
0.9167398
0.921381
0.9112688
0.9054004
0.9169917
0.8988294
0.9090309
0.9277556
0.9279739
0.9107913
0.9197249
0.8977726
0.9176235
0.855048
0.8986394
0.9167488
0.9199024
0.8994738
0.8972575
0.9166697
0.9146478
0.9208569
0.9207921
0.9226122
0.9164932
0.9085174
0.9321025
0.9220812
0.9003882
0.90713
0.9052709
0.9099669
0.8297269
0.9175658
0.8989603
0.897151
0.8994428
0.9041116
0.9050339
0.8983246
0.9029945
0.8951421
0.8899498
0.9116022
0.9002664
0.9229871
0.9153865
0.9273621
0.9324537
0.9231605
0.9236538
0.9035094
0.9079879
0.9147432
0.9129664
0.9173178
0.9220981
0.9286457
0.9318709
0.9301619
0.9101996
0.9145982
0.9147545
0.9237096
0.9191375
0.9275082
0.9185431
0.9133536
0.9193183
0.9134362
0.9197511
0.8820631
0.9101132
0.9146033
0.9091075
0.8951867
0.9280861
0.9244199
0.9144087
0.9048284
0.9041852
0.898905
0.9145182
0.9139583
0.9289466
0.9009843
0.9168522
0.9269561
0.9202711
0.933785
0.9196506
0.8924854
0.9092235
0.8383088
0.9361687
0.930351
0.9331402
0.9295539
0.9149104
0.9171831
0.9143033
0.927104
0.9169308
0.9134779
0.9170276
0.900542
0.9139975
0.9271924
0.9329123
0.9115191
0.9233038
0.8974766
0.9233852
0.8589387
0.897041
0.9173348
0.9190383
0.9010184
0.8941011
0.9224302
0.9146678
0.9194835
0.9251044
0.9247104
0.9109611
0.9169369
0.9329266
0.9236461
0.897769
0.9063929
0.9055865
0.90784
0.8511794
0.9150984
0.897519
0.8970648
0.8977938
0.905275
0.9053906
0.9028276
0.8984969
0.8962955
0.8950508
0.9132271
0.9024459
0.9181716
0.9189606
0.9168927
0.9236147
0.9199162
0.92525
0.9084252
0.9025856
0.9066629
0.9163407
0.9103644
0.9132351
0.9197599
0.9222902
0.9215869
0.9052989
0.9057053
0.9158752
0.9180995
0.9143471
0.9162327
0.9187217
0.9156788
0.9231828
0.916338
0.9198439
0.8946485
0.9112422
0.9164418
0.9091736
0.8964453
0.917288
0.9158891
0.9109725
0.902552
0.9031334
0.8999682
0.9115343
0.912094
0.9215577
0.9040436
0.9129135
0.9156355
0.9112067
0.9227337
0.9171309
0.9041307
0.9076022
0.8634696
0.9269189
0.9239028
0.9231569
0.919297
0.9077783
0.9095382
0.9127236
0.9230218
0.9154861
0.9112504
0.9167418
0.9026111
0.9120562
0.9265541
0.9241132
0.9123196
0.9211192
0.904886
0.9214059
0.8813942
0.9020097
0.9131918
0.918683
0.9051057
0.9035592
0.921039
0.9165664
0.9213768
0.9245469
0.9253808
0.9170107
0.9112286
0.9320725
0.9247651
0.9076783
0.9089234
0.9054097
0.9070636
0.8616174
0.9200496
0.905477
0.899374
0.9030476
0.9083176
0.9092717
0.9027221
0.9067414
0.899676
0.9227472
0.8783322
0.91723
0.8845704
0.886828
0.9074506
0.9101461
0.890275
0.8892056
0.8957741
0.9090941
0.9083108
0.8744979
0.9255916
0.9074815
0.9117264
0.9130298
0.913527
0.9214357
0.9192593
0.8778532
0.8831253
0.8779617
0.9090269
0.8819527
0.9059501
0.8786917
0.8759754
0.8903571
0.919778
0.8908258
0.8770169
0.887496
0.9134639
0.9067997
0.9098573
0.8640372
0.8810362
0.8809299
0.8929608
0.8913757
0.8925275
0.9092229
0.8914429
0.9169547
0.9102162
0.9111726
0.9117895
0.8707228
0.9069817
0.875713
0.9185237
0.9119131
0.9078572
0.9112365
0.912869
0.9081797
0.9087324
0.8638864
0.8930035
0.8798214
0.8957681
0.884998
0.9203337
0.8924486
0.897389
0.9104898
0.8889008
0.8871644
0.8980087
0.8793836
0.9183608
0.8931437
0.885283
0.8894308
0.8918166
0.9206214
0.879743
0.8843714
0.8966406
0.8879884
0.8965566
0.8894368
0.8908034
0.9140846
0.8837884
0.8992632
0.8861899
0.8887412
0.9119108
0.9169611
0.8787278
0.9169579
0.916468
0.9176076
0.9218853
0.9195114
0.9182577
0.9186484
0.9155195
0.8985995
0.9135789
0.8959997
0.917304
0.9171581
0.9096539
0.9116837
0.9181252
0.9272861
0.9094115
0.9017474
0.9051299
0.9139564
0.9197693
0.9051721
0.9092342
0.9102958
0.9096338
0.9094761
0.9130817
0.9133601
0.9133808
0.911562
0.9090259
0.9117699
0.9211575
0.9189619
0.9148009
0.9159786
0.892243
0.9143416
0.9150609
0.910491
0.887548
0.9064112
0.9111458
0.9139456
0.9063468
0.9063897
0.9107411
0.9132428
0.9141975
0.9091073
0.9125223
0.9087135
0.9072244
0.9042503
0.9106645
0.9162654
0.9097945
0.9089672
0.9086585
0.9131949
0.908588
0.9138005
0.909721
0.9007963
0.9023851
0.913841
0.9242947
0.9121137
0.9117542
0.9133604
0.8892198
0.9141975
0.9231118
0.9133878
0.9140379
0.9181219
0.9137814
0.9188159
0.9074222
0.9112283
0.9133514
0.9209251
0.9127588
0.9146652
0.9174344
0.9137834
0.923608
0.9190917
0.925392
0.9226232
0.9176566
0.9332966
0.9178957
0.9138415
0.9108841
0.9103303
0.9111641
0.9066464
0.9193696
0.8909408
0.8873899
0.8884189
0.8918596
0.8915479
0.8891437
0.8884884
0.8898173
0.8641135
0.9100701
0.8419896
0.9142282
0.9170235
0.9082731
0.911148
0.9173963
0.9299842
0.9032642
0.8889178
0.8979164
0.9137167
0.9144341
0.8954217
0.9030899
0.9086877
0.9077023
0.8975967
0.9015732
0.9103443
0.9063543
0.9048288
0.9015014
0.912058
0.9140162
0.9167974
0.9121984
0.9129204
0.8447513
0.9058602
0.9123837
0.9098674
0.7545706
0.898469
0.9034291
0.9082301
0.9008904
0.8993195
0.8940232
0.9038448
0.9053045
0.9078336
0.9017215
0.8994936
0.8979569
0.9006644
0.9058585
0.9112649
0.9095976
0.9065123
0.899293
0.9054166
0.9005618
0.9066207
0.9058388
0.8935145
0.8966551
0.9096053
0.9256152
0.9100628
0.9032293
0.9124525
0.8530168
0.9053045
0.9227228
0.9035992
0.9117405
0.9171531
0.9072792
0.9194626
0.8914377
0.9031651
0.9115047
0.916545
0.9107894
0.9102998
0.9168751
0.9156238
0.92644
0.9190112
0.9249054
0.9170416
0.9053918
0.9336246
0.917073
0.9105983
0.9040337
0.9151076
0.9085896
0.8953604
0.9186373
0.846702
0.8357052
0.8398358
0.8516741
0.8457469
0.8417005
0.8468362
0.8437953
0.9068938
0.8777213
0.9025829
0.8877573
0.8774065
0.8979929
0.9018062
0.8917341
0.897094
0.8660393
0.893459
0.8935381
0.8760656
0.9130172
0.8912114
0.8990671
0.9042747
0.9032557
0.9048388
0.9055733
0.8823657
0.8239834
0.8753416
0.8963154
0.8822249
0.8794855
0.8801597
0.8758741
0.8809455
0.9088243
0.7819299
0.875
0.8770378
0.9006492
0.8893061
0.8963301
0.8697567
0.8761251
0.8772503
0.8505756
0.8556571
0.8553926
0.8975469
0.7905411
0.8983474
0.8946927
0.893778
0.9016569
0.877525
0.8972679
0.8730083
0.9040865
0.8993104
0.8938352
0.8965468
0.8986922
0.8922703
0.8939129
0.8734326
0.8785003
0.8776327
0.866198
0.8785142
0.901419
0.8552226
0.9001095
0.8974783
0.8822338
0.8792905
0.8005717
0.8795544
0.9001053
0.8681638
0.8774081
0.8934793
0.8785649
0.9091225
0.8843422
0.8824524
0.89918
0.88556
0.894686
0.8946253
0.8706796
0.9015269
0.883146
0.8915537
0.8877342
0.8864049
0.9080495
0.8975958
0.8806408
0.907252
0.9008066
0.9014271
0.9097333
0.904074
0.9012937
0.904253
0.9036106
0.9131463
0.9005749
0.9021213
0.9087859
0.9136457
0.8358386
0.8427824
0.913195
0.9266496
0.9051276
0.8845069
0.8818959
0.8983901
0.9080866
0.8361078
0.8438536
0.8424399
0.841176
0.8944567
0.896754
0.9012145
0.8920342
0.9002593
0.8392142
0.9028263
0.9177249
0.9093151
0.9008928
0.9048457
0.9092257
0.8979303
0.9005258
0.909929
0.9040234
0.827141
0.8356874
0.9008947
0.8955398
0.8958135
0.8992195
0.8991836
0.898906
0.8321227
0.9047911
0.8370899
0.8186298
0.8470647
0.8396591
0.9038876
0.9149421
0.8964565
0.9166278
0.8421613
0.8306706
0.844313
0.8283513
0.8221676
0.8232023
0.8994025
0.9080901
0.9049618
0.8995594
0.9042086
0.8975296
0.8987072
0.9190185
0.838511
0.9109789
0.9088038
0.9082589
0.9035362
0.9108526
0.9111381
0.9017789
0.9160866
0.912674
0.9162942
0.9103532
0.9113938
0.9179027
0.9095891
0.9246698
0.9193757
0.9001478
0.9306238
0.9104616
0.9192274
0.9075264
0.9099626
0.9114915
0.9101848
0.9148551
0.9071631
0.9024355
0.9006369
0.9062343
0.9059964
0.9047791
0.9021143
0.9033234
0.9029456
0.8836111
0.9049071
0.8965262
0.8800951
0.9042098
0.9091135
0.8984034
0.9009764
0.7997589
0.8952758
0.9013754
0.8844528
0.9153612
0.898756
0.9079982
0.9122193
0.9127206
0.9063233
0.9030423
0.8895449
0.8627509
0.888637
0.9064753
0.890009
0.8226661
0.8874833
0.8822018
0.8926148
0.9015184
0.8674987
0.8816628
0.8847577
0.8989555
0.8988913
0.9077526
0.8786655
0.8818115
0.8814192
0.7196578
0.7845062
0.7819582
0.9096192
0.8639018
0.905039
0.9034533
0.9042186
0.909304
0.8851281
0.894346
0.8800583
0.897122
0.9116713
0.9073841
0.9093207
0.9038877
0.8950404
0.8976918
0.877364
0.8881024
0.8867578
0.7714718
0.888965
0.9048938
0.7819101
0.9080552
0.9087647
0.8956221
0.8773684
0.8698153
0.8919888
0.8964651
0.8757889
0.8867638
0.8984549
0.8810285
0.9048566
0.8881831
0.8895756
0.9021443
0.8934412
0.9061615
0.8952179
0.8799666
0.8614633
0.8905353
0.891484
0.8876671
0.8837066
0.9102573
0.8872796
0.8886292
0.9040969
0.9038331
0.9035848
0.9091134
0.9059805
0.9024721
0.9062
0.9023617
0.9244803
0.8724392
0.9208767
0.871969
0.8891891
0.906446
0.9100782
0.8785229
0.8729342
0.8925115
0.9104228
0.9111531
0.8671341
0.9228937
0.9118874
0.9112789
0.9101714
0.9099795
0.9227537
0.9215053
0.8770022
0.8735414
0.8450573
0.9083786
0.8822893
0.8989365
0.871064
0.8673577
0.8825905
0.9238299
0.8863866
0.8679631
0.8807117
0.9168424
0.9083048
0.9134857
0.8463115
0.8694086
0.8697028
0.8862832
0.8894665
0.8889964
0.9076786
0.8874878
0.91564
0.9103816
0.9128874
0.9066752
0.8575166
0.9070597
0.8642502
0.9193548
0.9132632
0.9089125
0.9078102
0.9060344
0.9061919
0.9064418
0.8465014
0.8895444
0.8743832
0.8951875
0.8810711
0.9205199
0.8889168
0.8898939
0.9087662
0.8897266
0.89114
0.8900822
0.8645525
0.9126772
0.8929491
0.8797755
0.8774667
0.8885538
0.9193255
0.8630419
0.8606611
0.8923962
0.8748429
0.8900969
0.8826435
0.8859791
0.9136153
0.8740169
0.8922406
0.8900707
0.8941501
0.912999
0.9153745
0.8602944
0.9162254
0.9142424
0.9158885
0.9185054
0.914508
0.9160501
0.916179
0.9131824
0.9221297
0.8971742
0.9174662
0.8961873
0.8864054
0.9128185
0.9142308
0.9003239
0.9047702
0.8520586
0.91215
0.9085597
0.8914539
0.922119
0.9105725
0.9140821
0.917744
0.9173709
0.9238024
0.9244023
0.8959593
0.8719104
0.8961172
0.9141703
0.9011159
0.860439
0.8968304
0.8913822
0.9030944
0.9217704
0.8740149
0.8903478
0.8982517
0.9170909
0.9083555
0.9124397
0.8953274
0.8976283
0.8980536
0.8371579
0.8346213
0.8362763
0.9116882
0.8799798
0.9163186
0.9146139
0.9145101
0.915923
0.8953266
0.9089542
0.8945984
0.9184501
0.9167448
0.9111943
0.9170536
0.9140687
0.9134449
0.9136131
0.8919535
0.8867991
0.89421
0.8583708
0.9000705
0.9160533
0.8362763
0.9084899
0.9170584
0.9051781
0.8935071
0.88869
0.8957289
0.915268
0.8869627
0.9009025
0.8999897
0.8960368
0.9225892
0.8944029
0.9001852
0.9076992
0.8939129
0.9084183
0.9025868
0.888031
0.8830508
0.8994692
0.9025367
0.9014687
0.8953744
0.9217613
0.913649
0.8953258
0.9193353
0.9190064
0.9197557
0.9207538
0.9201813
0.9184864
0.921456
0.9201163
0.9086637
0.9051
0.911548
0.9097432
0.9099774
0.9104783
0.9173974
0.9111157
0.9146779
0.9050892
0.9023944
0.9029011
0.9031381
0.9148434
0.9109023
0.9176619
0.919018
0.9188708
0.9159482
0.9159461
0.9057003
0.9052452
0.9071509
0.9128802
0.9061553
0.9111072
0.9084361
0.905843
0.9130572
0.9064346
0.9057331
0.9062181
0.9059893
0.9057527
0.9123872
0.9143305
0.9055079
0.9027135
0.9023999
0.8966121
0.9046526
0.9037599
0.9157802
0.9012183
0.9121495
0.9110596
0.9063035
0.9178744
0.9079179
0.9040317
0.8992452
0.8914533
0.9183517
0.9143455
0.9185198
0.9118336
0.904989
0.9065038
0.9063118
0.9111907
0.9027224
0.9045551
0.9088127
0.9077919
0.9037599
0.9212319
0.9164739
0.9040879
0.9098792
0.9022594
0.9096774
0.8849949
0.9001028
0.9090685
0.9107448
0.9039692
0.9017419
0.9069177
0.90832
0.9210042
0.9134739
0.9170208
0.9134244
0.9029946
0.9292014
0.9088774
0.9103289
0.9055649
0.9009993
0.8989321
0.8884533
0.9088581
0.9134555
0.909922
0.9104357
0.9092472
0.9138335
0.9107187
0.9111197
0.9120123
0.9079491
0.9078059
0.9088203
0.9170246
0.9146308
0.9088796
0.915612
0.9184979
0.920574
0.9077641
0.9055567
0.9062923
0.9068633
0.9181563
0.9117585
0.9172435
0.9187493
0.9195442
0.9125442
0.9110148
0.9125708
0.9126244
0.9087406
0.9166434
0.908941
0.914433
0.916394
0.9083964
0.9169626
0.9037311
0.9092571
0.9089221
0.90713
0.904536
0.9145634
0.9128981
0.9124624
0.9078659
0.9074841
0.9048175
0.9105116
0.9099699
0.9079516
0.9060592
0.9112346
0.9156268
0.9137925
0.9170396
0.9094668
0.9119994
0.9081266
0.8957594
0.921687
0.9164196
0.9169617
0.9158904
0.9056643
0.9089261
0.9086814
0.9196404
0.9118387
0.9104927
0.9140901
0.9094958
0.9099317
0.9177289
0.9141956
0.9116477
0.9223264
0.9055542
0.9135316
0.8928158
0.9020806
0.9119512
0.9151995
0.9070414
0.8838423
0.9144624
0.9107273
0.9201499
0.92049
0.9175469
0.9136181
0.9061841
0.9285569
0.9168895
0.903777
0.9087254
0.9042986
0.8896554
0.8896809
0.913742
0.9095287
0.9060445
0.9101041
0.9094156
0.9095342
0.9089694
0.9101759
0.9060091
0.9037284
0.9098761
0.9013778
0.9180869
0.9147664
0.9076609
0.9119146
0.915788
0.9274363
0.9061921
0.8912458
0.8943875
0.9124589
0.9106321
0.9007735
0.9097799
0.911254
0.9108195
0.9019719
0.901325
0.9120851
0.9066013
0.9103316
0.9052693
0.9124344
0.9145617
0.9195101
0.9137919
0.917492
0.900281
0.9090082
0.9137825
0.9081201
0.8915591
0.905712
0.9059541
0.9098399
0.9026633
0.9027839
0.8934587
0.9027463
0.9023838
0.9108089
0.9058561
0.9027265
0.9038519
0.9026493
0.9154557
0.9148928
0.904305
0.907877
0.8914388
0.9135686
0.9091277
0.9145423
0.9071892
0.8914908
0.8930963
0.9108324
0.9205241
0.9080485
0.9023241
0.9101499
0.8992674
0.9023838
0.9263489
0.9137268
0.9117594
0.9115873
0.9054529
0.9200201
0.8887927
0.9049807
0.9083533
0.9166462
0.908939
0.911119
0.9171386
0.9208933
0.9249386
0.9215902
0.9273472
0.9170718
0.9015921
0.9348533
0.9202465
0.914069
0.9085384
0.9066759
0.9122573
0.8875877
0.9214324
0.9023801
0.9004487
0.9016904
0.9046077
0.9014373
0.8983649
0.9026228
0.8990651
0.9100666
0.9116255
0.9047159
0.9105163
0.9139036
0.9101108
0.9093779
0.9121473
0.9210124
0.9064024
0.8990942
0.8985345
0.9134464
0.9152231
0.9022019
0.9058602
0.9087017
0.9074251
0.9093923
0.906494
0.9088279
0.906568
0.9125672
0.9102976
0.9126214
0.910405
0.915674
0.9138258
0.9162841
0.9027136
0.9062378
0.9143118
0.9075413
0.9001967
0.9074467
0.9073265
0.9099855
0.9017209
0.9012863
0.8980798
0.9104783
0.910279
0.9113533
0.9071631
0.9106621
0.9086961
0.9041071
0.9113405
0.9133336
0.9119366
0.9055182
0.8991301
0.9136089
0.9077732
0.9102423
0.9113982
0.8995261
0.9021869
0.9092163
0.919361
0.9093599
0.9049391
0.9107092
0.9079542
0.9102406
0.9214379
0.9101879
0.9092476
0.9135403
0.9041643
0.9130206
0.8910577
0.9060785
0.9104288
0.9129273
0.9051669
0.8755538
0.9142234
0.9144141
0.9196915
0.9192467
0.9200837
0.9194753
0.9060092
0.9321699
0.9180654
0.9131031
0.9069137
0.9085785
0.8811523
0.8939888
0.9114382
0.9097978
0.904153
0.9023044
0.908684
0.9050133
0.9072264
0.9055808
0.9060265
0.9102128
0.9149364
0.9133709
0.9140568
0.918421
0.9183753
0.9265893
0.9205972
0.9163934
0.9040484
0.9126881
0.9139313
0.9145093
0.9223838
0.9222699
0.9251763
0.9243262
0.9246353
0.9194384
0.9146881
0.917983
0.9215992
0.9151985
0.921671
0.9164483
0.9143038
0.9166785
0.9155821
0.9198151
0.9045726
0.9133514
0.9167609
0.9132246
0.9124223
0.9222062
0.9223941
0.913343
0.9135626
0.9142346
0.909667
0.9129493
0.9123997
0.9230196
0.911879
0.9205279
0.9225786
0.9202101
0.9268241
0.9141267
0.9109774
0.909533
0.8951971
0.9300423
0.9236935
0.9267716
0.9242169
0.9154112
0.9182843
0.9150139
0.9232861
0.9145953
0.9121578
0.9169145
0.9151221
0.9124769
0.9223666
0.9256166
0.9135912
0.9214947
0.9092799
0.9179102
0.8967072
0.8998921
0.9167936
0.9171031
0.907103
0.871651
0.9152566
0.9101536
0.9203362
0.9221855
0.9144394
0.9165447
0.9124046
0.9304234
0.919848
0.9068389
0.9066392
0.906047
0.8803777
0.8952297
0.9145233
0.91405
0.9102
0.9125445
0.9185919
0.9164306
0.9119763
0.9113351
0.9139002
0.9017223
0.9071513
0.9029144
0.9143261
0.9097878
0.9129668
0.9222242
0.9131319
0.9201093
0.9048977
0.8984525
0.9004339
0.9103443
0.9114304
0.9127388
0.9206366
0.9193923
0.9193191
0.9098141
0.9099818
0.9087931
0.9088637
0.9079922
0.9121729
0.9073306
0.9156153
0.9130964
0.9135802
0.9135639
0.8948318
0.9054773
0.9145421
0.9010438
0.8975315
0.9129185
0.9146711
0.9090713
0.9001755
0.9002122
0.8988313
0.9056372
0.9065407
0.9195873
0.8987277
0.9135086
0.912045
0.912699
0.9176795
0.9100316
0.9049633
0.9054162
0.8732685
0.9172801
0.9193974
0.9186122
0.9152603
0.9045601
0.9045807
0.9076912
0.915857
0.9057182
0.9002541
0.9128625
0.905259
0.9065407
0.920055
0.9191163
0.9084381
0.9137539
0.9057063
0.9106919
0.8418679
0.903771
0.911641
0.9127458
0.9014437
0.9074625
0.9138686
0.9119784
0.9205867
0.9158271
0.9163812
0.912166
0.9038621
0.9272594
0.9137303
0.9125305
0.9069976
0.9027848
0.9081472
0.8732145
0.9130139
0.902501
0.899865
0.9010585
0.9071534
0.9051783
0.8998035
0.9050049
0.9056583
0.8755704
0.9169329
0.8774716
0.9206304
0.9176144
0.9128247
0.9160613
0.9253278
0.9269477
0.9025308
0.9025879
0.9059829
0.914563
0.9147832
0.9022358
0.9145509
0.9179993
0.9181214
0.8993258
0.9024111
0.9123609
0.913776
0.9209353
0.9096957
0.9149775
0.9127772
0.9218614
0.9147982
0.9189671
0.8646875
0.9086892
0.916251
0.9145935
0.878444
0.9124569
0.9084453
0.9132026
0.8963517
0.896757
0.8946483
0.9051848
0.9055437
0.9103081
0.9014393
0.9049075
0.9126517
0.9069152
0.9164439
0.9184334
0.8992587
0.9103192
0.8797974
0.9180143
0.9146644
0.9170367
0.9139005
0.8971797
0.900283
0.9122949
0.9280632
0.9166667
0.9067756
0.914983
0.8762197
0.905584
0.9238488
0.9197299
0.9121898
0.9234967
0.9029346
0.9225676
0.8871183
0.9046144
0.9139824
0.9245914
0.9114207
0.9030154
0.9198719
0.9168534
0.9232818
0.924315
0.9259273
0.9226898
0.9143796
0.9341565
0.9230269
0.9033531
0.9074162
0.9102762
0.9127195
0.8865372
0.9165515
0.8737794
0.8706979
0.874178
0.8831013
0.8822954
0.8742738
0.8745305
0.8715893
0.893077
0.9113088
0.8880398
0.9212942
0.9148981
0.90803
0.9093149
0.9211457
0.9263231
0.9097323
0.9052848
0.9052795
0.9061455
0.9192754
0.9003496
0.908507
0.9102259
0.9116978
0.9113641
0.913751
0.9132003
0.9132586
0.9111787
0.9078737
0.9162256
0.9196516
0.9169132
0.9068074
0.9167636
0.8822773
0.9125204
0.9068363
0.9122776
0.8855496
0.906631
0.9076378
0.909191
0.9041716
0.9050785
0.9051662
0.9123521
0.9128435
0.9068107
0.9061484
0.9071968
0.9101241
0.9046811
0.9107868
0.916514
0.9064648
0.9121223
0.9039556
0.9127279
0.9098591
0.9137152
0.9106947
0.8954269
0.8991848
0.90989
0.9233442
0.9115357
0.9094751
0.9148139
0.886343
0.9127666
0.9247427
0.9115649
0.9142585
0.9197169
0.9063429
0.9179118
0.903754
0.9072011
0.9125363
0.9191116
0.9122931
0.9058815
0.9180975
0.9165121
0.9192118
0.9157043
0.9240183
0.9195538
0.9172506
0.9334612
0.9179838
0.9160171
0.9137281
0.9125458
0.9108679
0.9025927
0.916523
0.88474
0.8778222
0.884436
0.8874222
0.8856064
0.885734
0.8840654
0.8846336
0.885957
0.9130954
0.8767264
0.9208794
0.9172646
0.9101917
0.9101935
0.9206164
0.9249275
0.9102984
0.899291
0.9006817
0.9149368
0.9135305
0.8979001
0.9026529
0.9082159
0.9084154
0.8984045
0.8997645
0.9120791
0.9110558
0.9136756
0.9073546
0.9124695
0.9120646
0.914643
0.9132028
0.912435
0.8755318
0.9065088
0.913745
0.9090942
0.8771466
0.9033052
0.9070352
0.9047514
0.9004999
0.9005375
0.9024273
0.9047863
0.9056238
0.9102767
0.9036481
0.9014121
0.9062535
0.904106
0.9122179
0.9103978
0.9070269
0.9099689
0.8985087
0.9125423
0.9056695
0.9127205
0.9085519
0.8909392
0.891045
0.9064677
0.9247871
0.9102088
0.9047253
0.911167
0.8791126
0.9055838
0.9243443
0.9144804
0.9104873
0.9184046
0.909311
0.9159494
0.8960219
0.9057833
0.9077311
0.9208835
0.9105887
0.9086513
0.915702
0.9137763
0.9196615
0.9204351
0.9243305
0.9200526
0.9149121
0.9322111
0.9152414
0.9124936
0.9076028
0.9068854
0.9100997
0.8965775
0.9175362
0.8797026
0.8737133
0.8749009
0.8797442
0.8809043
0.8781249
0.8774482
0.879097
0.8898896
0.9148921
0.87874
0.9211001
0.9212789
0.9035951
0.9074682
0.9212149
0.9287436
0.9045334
0.8863338
0.8916135
0.9156293
0.9102386
0.8845522
0.901876
0.9029016
0.9029793
0.8925107
0.8946391
0.9116935
0.9044899
0.9122623
0.8992674
0.9089261
0.9183071
0.9169362
0.9159386
0.9157694
0.8778108
0.9059141
0.9162023
0.9101507
0.8722218
0.8980602
0.9027864
0.9077873
0.8983113
0.8978175
0.897485
0.9016824
0.9030014
0.9058215
0.9053093
0.9003511
0.8999963
0.8940471
0.9081042
0.9137552
0.9061523
0.9107817
0.9033445
0.9091964
0.8976357
0.9072003
0.9009537
0.8899025
0.8914292
0.9095698
0.9228477
0.9137235
0.8992903
0.9135397
0.8759429
0.9030413
0.9251131
0.9048767
0.9118792
0.9091268
0.9093362
0.9165559
0.8993786
0.9094007
0.9129019
0.923093
0.9118669
0.9127443
0.9175607
0.9168749
0.9272111
0.9212325
0.9308988
0.9194768
0.9062364
0.9326943
0.9191134
0.9118699
0.9062149
0.911254
0.908816
0.8954535
0.9215343
0.8839993
0.8791122
0.8813989
0.8847249
0.8805715
0.8790639
0.880231
0.8819834
0.8722537
0.9178724
0.8747955
0.9196907
0.9201451
0.9169832
0.9209411
0.9222755
0.9278479
0.9015519
0.8995374
0.9049738
0.9176353
0.9117072
0.898739
0.9135553
0.9170324
0.9163099
0.9005221
0.8974089
0.9136758
0.9170244
0.9189918
0.9115418
0.9166543
0.9135257
0.9229607
0.9185922
0.9166574
0.8661853
0.9082356
0.9184632
0.913519
0.8736667
0.9099985
0.9119231
0.9102349
0.9000645
0.9006874
0.8976656
0.9061856
0.90614
0.9166947
0.9046562
0.9057913
0.9128013
0.9023396
0.9177863
0.9182397
0.9054049
0.9129915
0.8846703
0.9187347
0.9157475
0.9186337
0.9129806
0.8981298
0.8976157
0.9124767
0.9288986
0.9155572
0.9050977
0.9135954
0.8741518
0.90614
0.9269614
0.9164586
0.9189119
0.9214639
0.9056831
0.9152982
0.8933781
0.9030973
0.9146782
0.9227346
0.9136133
0.9027916
0.9240474
0.9197726
0.9218134
0.9243841
0.9311265
0.922887
0.9118085
0.9334342
0.9247742
0.9104539
0.9095034
0.9067354
0.9128238
0.890251
0.9192453
0.8779567
0.8691167
0.8741973
0.8830628
0.8775573
0.8738161
0.8762048
0.8757369
0.8776602
0.9138555
0.87725
0.9216597
0.9169108
0.9093966
0.9162514
0.9216173
0.9260665
0.9025357
0.8981164
0.9021306
0.9135263
0.9111777
0.8963255
0.906792
0.9100671
0.9111235
0.896584
0.8969942
0.9083293
0.9136516
0.9137255
0.9056808
0.9137043
0.9098777
0.9212558
0.9157712
0.9188362
0.8625882
0.9054697
0.9163622
0.910352
0.8682198
0.9069107
0.9047105
0.9120618
0.8953903
0.8958848
0.8934523
0.9032596
0.9036262
0.9102978
0.8994009
0.9007894
0.9060245
0.9015839
0.913372
0.9188133
0.9065323
0.909169
0.8874703
0.9150653
0.9074144
0.9139681
0.9094685
0.8938037
0.8955659
0.9134848
0.9246682
0.9105519
0.9018814
0.9163214
0.8734338
0.9035852
0.925699
0.9156761
0.9134114
0.9151784
0.9041833
0.9193554
0.8865166
0.9054256
0.9128529
0.9249625
0.9108591
0.8969084
0.9217029
0.9166544
0.9202974
0.9221883
0.9278542
0.9198375
0.9114854
0.933661
0.9233079
0.9054977
0.9055783
0.9028498
0.9066093
0.8853275
0.9183418
0.8707659
0.8685395
0.8721285
0.8824089
0.875192
0.8724889
0.8760419
0.868058
0.8944196
0.9136563
0.8884627
0.9203237
0.9221221
0.906551
0.9146596
0.9242846
0.9330653
0.9144185
0.9010448
0.9023918
0.9166395
0.9166789
0.9021284
0.9115634
0.9105739
0.9118883
0.9023677
0.9048773
0.9166636
0.9147652
0.9159691
0.9077554
0.9190921
0.9172681
0.9222062
0.915812
0.9171741
0.8874586
0.9139628
0.9165882
0.917624
0.8866942
0.9094367
0.9100167
0.9159646
0.9029309
0.9024426
0.9094313
0.9084662
0.9098935
0.9106026
0.9136068
0.9098833
0.9088138
0.9075543
0.9122262
0.9178975
0.9157616
0.9094142
0.9073273
0.9145277
0.9054235
0.9095721
0.9114099
0.899319
0.8996231
0.9121794
0.9230852
0.9172761
0.914321
0.916588
0.8838852
0.9098935
0.9266662
0.9107156
0.9158946
0.9185775
0.9141822
0.9180014
0.9024874
0.9134297
0.9125916
0.9231012
0.9188043
0.9153086
0.9205804
0.9212195
0.9236884
0.9231098
0.9280186
0.9205338
0.9198642
0.9338287
0.9233645
0.9180548
0.9152315
0.9132373
0.9128363
0.9037889
0.925132
0.8900522
0.8843583
0.8834165
0.8921071
0.8872447
0.8855476
0.8849577
0.8857068
0.8938031
0.9159932
0.8882438
0.9215706
0.9199285
0.9083069
0.911835
0.9204707
0.924612
0.9112788
0.9055643
0.905208
0.916406
0.9186409
0.9058686
0.9114973
0.9086341
0.9086723
0.9062319
0.9072713
0.9157121
0.9139589
0.9180948
0.9097605
0.916275
0.9158156
0.9213386
0.9159135
0.9175587
0.8821972
0.9088386
0.9165074
0.9140169
0.8883864
0.9089218
0.9120638
0.9109011
0.9004126
0.9003312
0.9067584
0.9100172
0.9098957
0.9129149
0.9103293
0.9063233
0.9111498
0.904071
0.913048
0.9179138
0.9120372
0.9053954
0.9026542
0.9140006
0.9116179
0.9115826
0.9130556
0.9012203
0.9005087
0.9128501
0.9215605
0.9114967
0.9093872
0.9137462
0.8866879
0.9098957
0.9265138
0.9109137
0.9109267
0.9206104
0.9089948
0.9153803
0.9012239
0.910968
0.9135479
0.9219298
0.9172786
0.9109561
0.9205622
0.9206562
0.9217545
0.9181809
0.9294663
0.9226154
0.9164957
0.9345087
0.9210754
0.9126641
0.9126396
0.9092028
0.9132748
0.9034975
0.9175454
0.8896912
0.8844284
0.8901523
0.8911134
0.8887857
0.8870459
0.8880343
0.8853223
0.8798552
0.9122121
0.8681131
0.9171035
0.9171086
0.8986814
0.9022991
0.9181821
0.9270258
0.905846
0.8899086
0.8910027
0.9108935
0.9100253
0.8884768
0.9019242
0.9036717
0.9031601
0.8970381
0.895713
0.9047111
0.9005428
0.9088882
0.8966458
0.9062211
0.9124711
0.9180276
0.9117772
0.9132952
0.8731785
0.9061854
0.9115372
0.9098241
0.8763764
0.8949034
0.8997256
0.9097193
0.8960908
0.895923
0.8964784
0.8973265
0.897052
0.9021223
0.9020296
0.8983235
0.8909371
0.8931837
0.9026207
0.9093517
0.9104081
0.905306
0.8970508
0.9045398
0.8949724
0.902305
0.8996506
0.8834132
0.8835592
0.9066909
0.9192577
0.9110954
0.8996316
0.9118729
0.8729537
0.897052
0.9241816
0.9019559
0.9122084
0.9113511
0.9040232
0.9136133
0.8953442
0.9064533
0.9112072
0.9204483
0.9125053
0.9050715
0.9201967
0.9146286
0.9212255
0.9173013
0.9255916
0.9153213
0.905295
0.9311763
0.9192057
0.9117772
0.9067488
0.9072919
0.9090158
0.8931097
0.9194955
0.8740969
0.8724548
0.8732829
0.8815546
0.8761508
0.8733764
0.8760563
0.8687047