0.888652
0.9059902
0.8937921
0.8945461
0.8937932
0.8916539
0.9017662
0.8943199
0.891465
0.8955083
0.9006651
0.8988397
0.8942167
0.9007785
0.8920753
0.8902804
0.8887831
0.8890986
0.9042519
0.8950656
0.912872
0.9156728
0.8983388
0.8789504
0.8996101
0.9127526
0.8994242
0.9001559
0.8824183
0.8820416
0.8981203
0.9032328
0.9078106
0.9072499
0.9063578
0.9155379
0.9160319
0.9109668
0.910841
0.88676
0.907532
0.9057029
0.9084982
0.8311289
0.9092945
0.9013744
0.9055067
0.9063672
0.9052265
0.9089843
0.9206645
0.9118925
0.8861919
0.9090714
0.8360775
0.9088107
0.8920198
0.9104335
0.9114148
0.8932343
0.9738582
0.8879549
0.9014777
0.8913756
0.9096126
0.9135393
0.899795
0.9030103
0.9225387
0.9196123
0.9173962
0.898644
0.9126776
0.894344
0.9065344
0.9057981
0.9099105
0.9057238
0.9037861
0.9036093
0.904876
0.9139049
0.9108346
0.9024661
0.899104
0.9058836
0.9047959
0.900802
0.9033489
0.9029248
0.899418
0.9060548
0.9044115
0.9007978
0.8989475
0.9184947
0.9052405
0.8954417
0.8949334
0.8964242
0.889003
0.9064892
0.8957336
0.8947597
0.8945262
0.8919949
0.9010592
0.8945746
0.8926511
0.8956802
0.9016978
0.8987259
0.8956379
0.9020446
0.8930209
0.891393
0.8899839
0.8894846
0.9053116
0.8945109
0.9128524
0.9149624
0.8986638
0.8786664
0.8983442
0.9132323
0.8999891
0.9012332
0.8819591
0.881666
0.8987246
0.901535
0.9084653
0.9057241
0.9061144
0.917544
0.9163514
0.9102086
0.911954
0.8871546
0.9071271
0.9082272
0.9088017
0.8324324
0.909552
0.9027978
0.906942
0.9068657
0.9055733
0.9081198
0.9216122
0.9129267
0.8853105
0.9088242
0.8371836
0.9083295
0.8920785
0.9109572
0.9116286
0.8926467
0.9742528
0.8881448
0.9015179
0.892455
0.911941
0.9152776
0.9005364
0.9035195
0.9222009
0.9187819
0.9186538
0.8995286
0.9129664
0.8940351
0.9066429
0.9070016
0.9106652
0.908055
0.9048028
0.9052887
0.9050662
0.9144211
0.910433
0.9036011
0.8994709
0.9060745
0.9046736
0.9029491
0.9049899
0.9046635
0.8997845
0.9070492
0.9065056
0.901937
0.89867
0.9198572
0.9056734
0.8974109
0.8967038
0.8979105
0.8907
0.9040211
0.8979215
0.8955073
0.8952717
0.8942715
0.9014417
0.8936402
0.8906665
0.8936255
0.9025972
0.8981166
0.8963087
0.9017578
0.8940958
0.8921073
0.8885924
0.8898345
0.9033688
0.8990645
0.9168418
0.9166667
0.8976574
0.878367
0.8970599
0.9147563
0.8969704
0.8983936
0.8821114
0.8826853
0.897319
0.9002987
0.9109538
0.909555
0.9102472
0.9182614
0.9171849
0.9131989
0.9129938
0.8896184
0.9049808
0.9067389
0.9107214
0.8261121
0.9135122
0.9028662
0.9085253
0.9094205
0.902853
0.9114327
0.9216821
0.9119039
0.8871603
0.9051312
0.8387171
0.9096078
0.8949581
0.9120243
0.9120805
0.8942437
0.9744573
0.8856721
0.9044882
0.893723
0.9127229
0.915493
0.9009317
0.9006325
0.9229453
0.920901
0.918834
0.9007534
0.9159922
0.8941043
0.9069055
0.9053899
0.9121905
0.9064874
0.9072176
0.9041052
0.9052124
0.9157542
0.9125795
0.9013556
0.8976899
0.9040395
0.9041555
0.8999003
0.9025722
0.9049762
0.8963875
0.9080792
0.9060922
0.8992561
0.8990634
0.9154961
0.907615
0.897878
0.8971311
0.900404
0.8903888
0.906202
0.8937016
0.8948591
0.8934628
0.8941797
0.9031518
0.8920112
0.8904385
0.8937325
0.901943
0.898
0.8927108
0.9021716
0.8954946
0.8919659
0.8882323
0.8906125
0.9040269
0.8972917
0.9159247
0.915097
0.8965379
0.8781291
0.8972993
0.9136306
0.8962827
0.8977964
0.8794714
0.8797621
0.8961166
0.9001518
0.9098325
0.9086311
0.9102192
0.9157281
0.91553
0.9121282
0.9140667
0.8885305
0.9068384
0.9067363
0.9086388
0.825363
0.9123393
0.9019367
0.9072817
0.9079864
0.9045718
0.9084239
0.9214231
0.9127823
0.8877836
0.9043325
0.837988
0.9100075
0.8924508
0.9108068
0.9111332
0.8946755
0.9746327
0.885255
0.9038482
0.8940768
0.910585
0.9159353
0.9007603
0.9003681
0.9220597
0.9203812
0.9191045
0.8991661
0.9152169
0.8947812
0.9081917
0.9038482
0.9092005
0.9065621
0.9057654
0.9021235
0.9056746
0.9168231
0.9101639
0.901411
0.8987022
0.9049041
0.904692
0.9017431
0.9032792
0.9054934
0.8964249
0.9079213
0.9079054
0.899264
0.8968333
0.9158504
0.9046939
0.895797
0.8991673
0.9004563
0.8906078
0.9065973
0.8935861
0.8922949
0.8973722
0.8933406
0.901911
0.8924649
0.8889982
0.8918064
0.9025164
0.8966318
0.8946947
0.9024267
0.8927179
0.8905219
0.8891083
0.8934725
0.9051836
0.8955865
0.9114321
0.9118996
0.8968938
0.8792054
0.897811
0.9148786
0.8988126
0.9008618
0.8802699
0.8805583
0.8995049
0.9030218
0.9118152
0.9068436
0.9080258
0.9166637
0.9160827
0.9121934
0.9133495
0.889931
0.9085394
0.9085698
0.9111191
0.8295253
0.911748
0.903575
0.9063491
0.909618
0.9051715
0.909623
0.9182659
0.9101495
0.8910202
0.9069776
0.8355976
0.9078136
0.8949908
0.9095255
0.9097736
0.8953598
0.9761272
0.887177
0.9025665
0.8919232
0.909631
0.9145281
0.8996374
0.9002734
0.9210738
0.9190122
0.9172177
0.8986744
0.9123847
0.8993269
0.9064784
0.9078515
0.9080004
0.9083978
0.9038503
0.9052007
0.9075157
0.9145729
0.9108522
0.9008809
0.899094
0.9028833
0.9091394
0.9003841
0.9003527
0.9023831
0.8976744
0.9066799
0.9029776
0.9002753
0.8963001
0.9159857
0.9076172
0.8958356
0.8964868
0.8982131
0.8883404
0.9112897
0.9033774
0.9016701
0.9023645
0.9008097
0.903851
0.8981169
0.9016583
0.9016447
0.9062477
0.9041284
0.8990689
0.9077177
0.9022889
0.900913
0.8957248
0.893301
0.9114142
0.8939941
0.9165993
0.9199607
0.9009224
0.8844139
0.904045
0.9152722
0.9073181
0.9055212
0.8879123
0.8885981
0.901819
0.9066619
0.9192578
0.9029175
0.9133264
0.9159861
0.9204256
0.9155837
0.9120296
0.8967336
0.9197964
0.9116705
0.9171557
0.7474097
0.9117877
0.9044616
0.9016229
0.9075087
0.9085665
0.9061942
0.9268231
0.911715
0.900151
0.9133763
0.8324996
0.9091758
0.9021719
0.9146079
0.9139743
0.8992417
0.9749173
0.8914909
0.9058798
0.8924596
0.9127323
0.9261616
0.8961127
0.9035252
0.9240462
0.9198729
0.9221124
0.9035896
0.916321
0.8996133
0.9063081
0.9098703
0.9134656
0.9121208
0.899278
0.9079606
0.9073094
0.9171947
0.912473
0.9019158
0.9045171
0.9103683
0.9080435
0.9123983
0.9128201
0.9129668
0.9021509
0.9142951
0.9140717
0.9035464
0.9027446
0.9221948
0.9145855
0.9001883
0.9057351
0.9071742
0.889126
0.9084883
0.8988789
0.8976956
0.8992005
0.8973839
0.9012523
0.8975987
0.8968781
0.900452
0.9040335
0.9005907
0.8980282
0.9025576
0.8957332
0.8953133
0.8929862
0.8904537
0.9048856
0.8939171
0.9119235
0.9170594
0.8987323
0.8835729
0.9043181
0.9118377
0.9094853
0.9050821
0.8881674
0.8886474
0.9010631
0.9054787
0.9114568
0.9076824
0.9078928
0.9118433
0.9141974
0.9124211
0.9110449
0.8947273
0.9097875
0.9107709
0.9067597
0.766362
0.9120497
0.8989468
0.9029992
0.9072692
0.9001732
0.904158
0.9164863
0.909746
0.8957617
0.9046761
0.8428294
0.909834
0.895389
0.90932
0.9090263
0.8976835
0.9759377
0.8925158
0.9016335
0.8916206
0.9115521
0.9165862
0.8946977
0.9004001
0.9224087
0.9180652
0.9213817
0.9009987
0.9126493
0.89696
0.9089937
0.9068977
0.9128808
0.9107168
0.9016954
0.9038847
0.9059358
0.914456
0.9096433
0.8980825
0.8999854
0.9035759
0.9060101
0.9040434
0.9081603
0.9081049
0.8954066
0.9079459
0.9082525
0.9013853
0.8997128
0.9155854
0.9084376
0.8972359
0.8973662
0.901442
0.8859048
0.9105278
0.8998335
0.8977351
0.8994751
0.8948647
0.9064974
0.8960789
0.8979164
0.8977014
0.9044978
0.8985134
0.8965041
0.9017999
0.8981391
0.8996344
0.8904845
0.8948699
0.902225
0.8954654
0.9124401
0.9154707
0.8977738
0.8816829
0.9037964
0.9145855
0.9040087
0.8974704
0.8844817
0.8859966
0.8992694
0.9036976
0.9144295
0.9020842
0.9097548
0.9169853
0.9186248
0.9149271
0.9090322
0.8971373
0.9082728
0.9098221
0.9090021
0.7624028
0.9138773
0.9009705
0.9033447
0.9033829
0.900605
0.9041096
0.9195075
0.9070548
0.8902362
0.9071429
0.8389782
0.9058604
0.8972724
0.9102305
0.909977
0.896002
0.9755588
0.8897516
0.9042987
0.8890916
0.9098683
0.9174555
0.8944775
0.8993262
0.9239932
0.9195998
0.9182553
0.8996369
0.9151318
0.8950254
0.906018
0.9084841
0.9083959
0.9100004
0.9007411
0.9073169
0.9073294
0.9161215
0.9134048
0.8992284
0.9007046
0.9080539
0.905764
0.9073748
0.9056279
0.9100971
0.8965037
0.9047584
0.9095224
0.8994127
0.9033381
0.9154387
0.9122259
0.8944731
0.8983627
0.9026246
0.8879677
0.9078573
0.9032653
0.8978055
0.8997382
0.8964595
0.9025636
0.8954743
0.8996145
0.9019749
0.9053773
0.9021163
0.8998915
0.9035531
0.8973709
0.8967128
0.8955256
0.8967749
0.9060289
0.8967548
0.9130465
0.9201579
0.9033487
0.8819964
0.9038124
0.9155693
0.902157
0.8983806
0.8883581
0.8885097
0.9028987
0.9048915
0.9122895
0.9046043
0.909367
0.9181161
0.9197098
0.9154578
0.9120357
0.8958507
0.9084355
0.9099783
0.911717
0.7502767
0.9119873
0.9024548
0.901205
0.9082344
0.9034258
0.9061878
0.9238002
0.909887
0.8920077
0.9095716
0.8331164
0.910363
0.8984984
0.9123061
0.9119017
0.8960371
0.9756876
0.8930127
0.9007839
0.8897635
0.9078623
0.918368
0.8989265
0.9038448
0.9223843
0.918704
0.9193683
0.8987057
0.9170723
0.8932876
0.9078564
0.9058395
0.911169
0.9099627
0.9021042
0.9109677
0.9085025
0.9138474
0.9138958
0.9000429
0.9058286
0.9090056
0.9023772
0.9060998
0.9063982
0.911894
0.8969415
0.9117583
0.9125581
0.9031615
0.8988475
0.9179041
0.9080301
0.8983032
0.8984713
0.9026434
0.8860736
0.9076484
0.8960538
0.895637
0.8975515
0.8959626
0.9013488
0.895173
0.8938491
0.8982394
0.9028239
0.8980933
0.8939836
0.9020611
0.895712
0.8933999
0.8896009
0.8938457
0.9051793
0.8909561
0.9130894
0.9173406
0.8972732
0.8789041
0.9023608
0.9158512
0.9006012
0.8982108
0.8814207
0.8812931
0.9044873
0.9046695
0.9123693
0.9063748
0.9115047
0.9137159
0.9177495
0.913567
0.9086333
0.8926904
0.9062466
0.9074808
0.9102197
0.7455184
0.9070232
0.9012314
0.9048607
0.9049392
0.9005481
0.9088517
0.9226673
0.9078344
0.8866913
0.9072517
0.8381667
0.9076575
0.8956888
0.9091425
0.9085773
0.8939278
0.9757347
0.8895563
0.9026752
0.893325
0.9097491
0.9188008
0.8955365
0.9010122
0.9202667
0.9176974
0.9195089
0.8947157
0.9128581
0.8945962
0.9052643
0.9037364
0.9098567
0.9075027
0.901199
0.9048045
0.9043849
0.9116926
0.9128648
0.8983782
0.9008881
0.9058242
0.9026181
0.9019956
0.9059776
0.906872
0.8941246
0.909764
0.9088731
0.9033261
0.8965632
0.9178472
0.9063402
0.8917481
0.895785
0.9004268
0.8898528
0.9094487
0.9013338
0.8999928
0.902303
0.9030046
0.9067833
0.9002198
0.897756
0.9033613
0.9069117
0.9046883
0.8999385
0.9084097
0.9012372
0.9003823
0.8980929
0.8989993
0.9054049
0.8981738
0.9128572
0.9177372
0.9005113
0.8853681
0.9036607
0.9111629
0.9079407
0.9027592
0.8938153
0.8935953
0.9038503
0.9068529
0.9159646
0.9035956
0.9117018
0.9176956
0.9175367
0.916462
0.9080225
0.8991296
0.9127095
0.9102905
0.914377
0.7746122
0.913487
0.9055279
0.9061766
0.9106769
0.9047261
0.9051427
0.9257072
0.9160335
0.896662
0.9077413
0.8415334
0.9102102
0.9007274
0.911195
0.9105585
0.9009012
0.9761449
0.8935898
0.906191
0.8899577
0.9106277
0.9221383
0.9013283
0.90161
0.9247825
0.9215851
0.9208338
0.9055748
0.9161932
0.900243
0.9076272
0.910199
0.9135811
0.9105071
0.9029359
0.9033099
0.9059004
0.9137334
0.9114416
0.9023659
0.9078119
0.9127746
0.9105075
0.9094232
0.9137694
0.9157853
0.9036854
0.9139367
0.9166424
0.9072505
0.9033613
0.9208844
0.9128138
0.9002954
0.903773
0.9074803
0.8872799
0.907033
0.895608
0.8955931
0.8982167
0.896397
0.8990855
0.8971296
0.8964507
0.8977511
0.9041451
0.9005928
0.8961544
0.9014495
0.8943426
0.8932
0.8923223
0.8919261
0.903772
0.8919834
0.914381
0.9194469
0.9000902
0.8798791
0.899452
0.9155327
0.9014637
0.900912
0.8850015
0.8851994
0.9015791
0.9035037
0.9106913
0.9083647
0.9084628
0.9144781
0.9146652
0.9126655
0.9078541
0.8928545
0.9057423
0.9062801
0.9084464
0.7470574
0.9114063
0.9041357
0.9032696
0.906085
0.9012439
0.9053212
0.9181496
0.9075261
0.8862952
0.9066714
0.8357301
0.9095006
0.8970035
0.9098018
0.9094322
0.8951323
0.9750706
0.8871942
0.8993864
0.891497
0.9103183
0.9193382
0.8950118
0.9036745
0.918426
0.9184809
0.9183552
0.8970845
0.913892
0.8959656
0.9068757
0.9038703
0.9123926
0.9064574
0.8994819
0.9051309
0.9045952
0.9115352
0.9147383
0.896745
0.9011518
0.9072217
0.9020877
0.9037541
0.9066676
0.9068405
0.897404
0.9047199
0.9035143
0.9014245
0.8976123
0.9133383
0.9079029
0.8962882
0.8972571
0.9012043
0.8921569
0.9102391
0.8997108
0.8985293
0.8990374
0.9013537
0.907302
0.901413
0.8979953
0.9005228
0.9060222
0.902248
0.9022874
0.9030555
0.9019169
0.9017351
0.8964141
0.8974571
0.9046282
0.8972876
0.9144051
0.9195451
0.9014663
0.8801994
0.9022505
0.9169688
0.9019707
0.8968698
0.887621
0.8870784
0.9031887
0.9049855
0.9137863
0.9078092
0.9080982
0.9163837
0.9224359
0.9144765
0.9115133
0.8956172
0.905334
0.911893
0.9128759
0.7564014
0.9121249
0.9037301
0.9059549
0.9105405
0.9026133
0.9071758
0.9192789
0.9138869
0.8909448
0.9070901
0.8391979
0.9091755
0.9003355
0.9108676
0.9109618
0.8979621
0.9763512
0.8907002
0.9009529
0.8927699
0.909132
0.9204347
0.8976772
0.9051539
0.922717
0.922186
0.9186802
0.8980355
0.913801
0.8955932
0.903818
0.9078459
0.9136797
0.9119171
0.900618
0.9100213
0.9092979
0.9139481
0.9151831
0.9004081
0.898974
0.9064175
0.9060252
0.9073605
0.9064953
0.910399
0.9014151
0.9085953
0.9092245
0.905204
0.9000697
0.9170942
0.9108627
0.8981532
0.8984409
0.9010347
0.8909729
0.9114359
0.8979791
0.8965642
0.8982272
0.8966899
0.903803
0.8976202
0.8961456
0.9016075
0.9035144
0.8996858
0.8965692
0.9013751
0.898199
0.8980197
0.8967978
0.8987051
0.9056218
0.8941176
0.9118825
0.9189274
0.8995424
0.8848283
0.9022648
0.9085983
0.9059499
0.8961727
0.8902698
0.8900121
0.9009505
0.9040542
0.9123877
0.9041622
0.9097787
0.9153794
0.9156039
0.9100021
0.9094097
0.8975991
0.9062523
0.9067426
0.9057116
0.7799112
0.9111229
0.8999928
0.9054179
0.9071703
0.9004596
0.9093869
0.9198558
0.9103782
0.8902403
0.9062355
0.8470873
0.9071099
0.8981705
0.9130542
0.9124211
0.9002488
0.973809
0.8917088
0.9048077
0.896036
0.9065183
0.9156697
0.8995443
0.9020247
0.9211188
0.9204661
0.9180648
0.9007667
0.9125279
0.8994665
0.9083452
0.9048095
0.9132176
0.9068029
0.9013837
0.907076
0.9061932
0.913022
0.9112296
0.8971537
0.9046238
0.909186
0.9047873
0.9049611
0.9052259
0.9060304
0.8974968
0.9113038
0.9099875
0.9026804
0.8993217
0.9131995
0.9095988
0.8949844
0.8990168
0.9009324
0.8990552
0.9145178
0.9009926
0.9039902
0.9042021
0.9007705
0.9137998
0.9021747
0.9010621
0.9041667
0.9105662
0.9063993
0.9020989
0.9115028
0.9038649
0.9040371
0.8991423
0.8991708
0.9098135
0.9027596
0.917524
0.920302
0.904081
0.8908704
0.909743
0.9188734
0.9102038
0.9033306
0.8930141
0.893442
0.9101373
0.9140198
0.9172264
0.9112173
0.9131999
0.9242217
0.9242509
0.920338
0.9161297
0.9017239
0.9160847
0.9157039
0.9160415
0.8549199
0.9138205
0.9109367
0.909962
0.9142847
0.9148483
0.9148891
0.928698
0.916024
0.899387
0.9163766
0.8574804
0.9128359
0.909234
0.9188175
0.9183079
0.9039617
0.9747789
0.9
0.90994
0.8994653
0.9192694
0.9312392
0.9044248
0.9072342
0.9267258
0.9233573
0.9231919
0.9108161
0.9149959
0.9038796
0.9102459
0.917844
0.9176417
0.9156916
0.9065581
0.9124996
0.9091103
0.9229042
0.9159889
0.9079602
0.9087424
0.9132703
0.9137657
0.913026
0.9149768
0.918972
0.9027055
0.9190393
0.9180543
0.9056014
0.9060197
0.9278957
0.9162937
0.9073616
0.912187
0.9109738
0.8954973
0.9103106
0.8948229
0.8953707
0.9007247
0.8944545
0.9059314
0.8951072
0.8940268
0.8982469
0.9064857
0.8999747
0.8995325
0.9034401
0.8960058
0.892008
0.8949569
0.900886
0.9052503
0.895455
0.9177084
0.918559
0.8983988
0.8829853
0.9000252
0.9165081
0.9035135
0.898618
0.8905866
0.8910198
0.9031793
0.9037978
0.9139371
0.9084227
0.9077392
0.9187147
0.917906
0.9170647
0.9074812
0.8938375
0.9092352
0.9057917
0.9067256
0.8502682
0.9135047
0.905256
0.9077772
0.9118106
0.9069218
0.9061188
0.9208531
0.9132211
0.8887075
0.9075136
0.8552246
0.9123608
0.8968613
0.9127841
0.9122261
0.8970716
0.974479
0.8917024
0.9043978
0.8913288
0.9099212
0.9208036
0.9010661
0.9068678
0.9205671
0.9222612
0.9228548
0.8991835
0.9154107
0.8906405
0.9156652
0.9086955
0.9123357
0.9060079
0.9047414
0.9116018
0.9094855
0.9162074
0.9169366
0.9046736
0.9037678
0.9110261
0.9049249
0.9012655
0.9062078
0.9084688
0.8966541
0.9123709
0.908616
0.9020308
0.8977114
0.9154893
0.9047723
0.9000505
0.9026689
0.9029633
0.8931502
0.9102965
0.895183
0.8944086
0.8998633
0.8936085
0.9056361
0.8969095
0.8925349
0.896773
0.904731
0.8997825
0.8988193
0.9030192
0.8964477
0.8963488
0.8933431
0.8967719
0.9038045
0.8965492
0.9174035
0.9181036
0.8984033
0.885234
0.9004295
0.9164284
0.902251
0.9007398
0.8903323
0.8908891
0.9031525
0.9060145
0.9135021
0.9085218
0.9067787
0.918524
0.9170238
0.916366
0.9114959
0.894277
0.9077586
0.9092011
0.9079735
0.8496631
0.915494
0.9065306
0.9050257
0.9121473
0.9071759
0.9062533
0.9215271
0.9117277
0.8872888
0.9114037
0.8521667
0.9117279
0.8989793
0.9146931
0.9140222
0.8944246
0.9751247
0.8902672
0.902842
0.8912114
0.9115727
0.9232851
0.8991523
0.9067693
0.9244182
0.9217749
0.9207181
0.9011866
0.9173241
0.8940836
0.9120009
0.9064916
0.9103638
0.9093405
0.9040884
0.9106215
0.9081079
0.9186145
0.9141382
0.9050018
0.9046596
0.9085277
0.9047058
0.9043126
0.9054648
0.9097769
0.8971414
0.910728
0.9094826
0.9053678
0.898689
0.9166482
0.9063881
0.8990626
0.9027993
0.9027778
0.8928467
0.9102806
0.895847
0.8952308
0.8997661
0.8937098
0.905502
0.8978904
0.8931195
0.8973541
0.9047139
0.9002826
0.8993208
0.9035148
0.8970305
0.8971314
0.8940902
0.8966736
0.9042223
0.8967732
0.9180725
0.9182412
0.8989032
0.8854965
0.9007289
0.9161459
0.9023929
0.9007617
0.8904755
0.8913171
0.9028184
0.905762
0.9134089
0.9082725
0.9071547
0.9185861
0.9171625
0.916622
0.9116751
0.894982
0.908058
0.9091849
0.9079172
0.8498524
0.9160923
0.9066317
0.9047347
0.9126728
0.9070809
0.9062756
0.9216309
0.9120247
0.887806
0.9117384
0.8530056
0.9110888
0.8988414
0.9151759
0.9145058
0.8948479
0.9750169
0.8907371
0.9034927
0.8913036
0.9120108
0.9235302
0.8993205
0.9071833
0.9239537
0.921875
0.9204403
0.9016072
0.9178838
0.8943476
0.912642
0.9065922
0.9103095
0.9093243
0.9041893
0.9106831
0.9081305
0.9189437
0.9141614
0.9051804
0.904363
0.9090251
0.9050409
0.9048198
0.905688
0.9097603
0.8974058
0.9108313
0.9095061
0.9056631
0.8990353
0.9171138
0.9063311
0.8992038
0.9026632
0.9031164
0.8866591
0.9086477
0.8960544
0.8943172
0.9006394
0.8924313
0.8992927
0.8920769
0.8916785
0.8936333
0.9054234
0.901042
0.8946716
0.9040673
0.8962346
0.8954942
0.8882256
0.891886
0.9059586
0.8907575
0.9123833
0.9178515
0.8951914
0.8783088
0.9005338
0.919188
0.9040276
0.9048926
0.8912205
0.8916936
0.8994864
0.9022169
0.914605
0.9061309
0.9125388
0.9179255
0.9208958
0.9181578
0.9143143
0.8921697
0.9119109
0.9117396
0.9158902
0.8439484
0.9116635
0.9039942
0.9028921
0.9105784
0.9056293
0.908102
0.9303958
0.9109633
0.8898412
0.9142562
0.8424339
0.90694
0.9018653
0.9120996
0.9119635
0.8946143
0.9763122
0.885708
0.9028653
0.8950078
0.9116279
0.9253563
0.8953512
0.9025083
0.9246535
0.9219382
0.9219344
0.9042711
0.9121074
0.8959711
0.9096182
0.9064735
0.9094575
0.9116863
0.9057597
0.9022047
0.9070755
0.9193907
0.9160316
0.9067413
0.9084944
0.9106775
0.9085474
0.9130244
0.9064477
0.9179173
0.8984615
0.9115035
0.9113454
0.896387
0.9068026
0.9229581
0.9093557
0.9013535
0.9050699
0.9100709
0.8929352
0.9109533
0.8952774
0.8987542
0.8991019
0.895587
0.9043049
0.8940823
0.8935655
0.8977711
0.9066466
0.9036404
0.897179
0.9051019
0.8946968
0.8956783
0.893489
0.8939214
0.9104914
0.8950638
0.916495
0.9159029
0.897009
0.8837772
0.9039906
0.9206737
0.9045987
0.9022248
0.8934121
0.893717
0.904298
0.9070174
0.9200876
0.9096528
0.9116601
0.9207552
0.9211643
0.9168708
0.9171629
0.8951365
0.9123536
0.9107149
0.9158049
0.8474039
0.9156182
0.9061261
0.9070403
0.9137122
0.9111135
0.9080204
0.9318076
0.9128092
0.8960481
0.9167551
0.8453402
0.9112186
0.9044892
0.9142887
0.9132773
0.9009242
0.9749338
0.8921762
0.9049177
0.8977105
0.9168041
0.9265046
0.8991068
0.9035138
0.9261661
0.921559
0.9226797
0.9094652
0.9154925
0.8981545
0.9110703
0.9115116
0.9135357
0.9105841
0.9052999
0.9047314
0.9073482
0.922162
0.9170114
0.910761
0.9088812
0.9121837
0.9086179
0.911133
0.9099808
0.9204072
0.9009923
0.9152659
0.9152468
0.899512
0.9096971
0.9265617
0.908198
0.9023708
0.9085922
0.9109094
0.8877731
0.9094303
0.8921175
0.8942848
0.8994211
0.8933643
0.9020591
0.8938166
0.8869076
0.8922724
0.9015961
0.9029147
0.8933484
0.9025364
0.8933061
0.8933304
0.8900223
0.8873823
0.9047825
0.889537
0.9142254
0.9159927
0.8958001
0.8802799
0.8970806
0.9167548
0.9033183
0.9059265
0.8901273
0.8915389
0.9025499
0.9016706
0.9163518
0.9044595
0.9113788
0.9183904
0.9194534
0.9165031
0.9145919
0.88979
0.9123875
0.9091103
0.9144123
0.845672
0.9104721
0.9018675
0.9010504
0.9114365
0.9075943
0.9047212
0.9289285
0.9114392
0.8906314
0.9153068
0.8428865
0.9096476
0.9038101
0.9119904
0.9114305
0.8971885
0.9761071
0.8892857
0.904089
0.8934082
0.9147603
0.9274141
0.8962146
0.9026336
0.9237193
0.9226255
0.920472
0.9062162
0.9115724
0.8959787
0.9074866
0.9100274
0.9121953
0.9090553
0.9044716
0.9039797
0.9045012
0.9187864
0.9154636
0.9072933
0.9068366
0.9062976
0.9104923
0.911599
0.9085301
0.915746
0.9006032
0.9129006
0.913348
0.8992012
0.9071288
0.9258865
0.9096798
0.8992551
0.9091527
0.9110523
0.8862357
0.9120899
0.891888
0.8951747
0.8985945
0.8930541
0.9008809
0.89467
0.8913771
0.8937722
0.9036938
0.9010119
0.8969376
0.9017083
0.8943636
0.8928182
0.8892259
0.8927074
0.9048202
0.8929819
0.9152043
0.9149879
0.899397
0.8788365
0.9004251
0.9197457
0.9040733
0.9057263
0.8916489
0.8921206
0.9048783
0.9054122
0.918186
0.9065623
0.9093836
0.9178387
0.9219833
0.9163338
0.9143469
0.8913828
0.9110063
0.9103056
0.9143608
0.8449512
0.9119303
0.9065156
0.9061843
0.9117365
0.9091883
0.9048755
0.9297516
0.9108829
0.8903993
0.9143661
0.8437488
0.9106537
0.9070335
0.9124417
0.9121524
0.8965155
0.9753423
0.8880339
0.9049489
0.8931625
0.9145979
0.925998
0.8993352
0.904796
0.9249355
0.9266732
0.9218445
0.9058972
0.9150683
0.8937267
0.9081818
0.9104467
0.9101116
0.9104064
0.9059594
0.9049575
0.908168
0.9197972
0.9166344
0.9085318
0.9075853
0.908509
0.9057868
0.9089577
0.9078074
0.9147006
0.8949571
0.9110632
0.9111829
0.8988511
0.9007485
0.9263327
0.9099102
0.9004113
0.9075447
0.9118214
0.8865426
0.9121128
0.8968919
0.8958348
0.8974267
0.8941987
0.9027887
0.896573
0.8927262
0.8951967
0.9054894
0.9009146
0.8968787
0.9048029
0.8979118
0.89861
0.8933722
0.892608
0.908223
0.8976237
0.9166345
0.9170293
0.8987822
0.8852358
0.9001297
0.9194659
0.9061573
0.9056305
0.8929291
0.893803
0.904152
0.9038627
0.9176328
0.9065846
0.9124416
0.9199238
0.9183147
0.9209377
0.9160727
0.8932989
0.9141195
0.9102897
0.9181997
0.8469786
0.9112978
0.9055568
0.9045273
0.9108316
0.9105723
0.9086294
0.9298937
0.9127021
0.8901323
0.9148921
0.8437191
0.9108713
0.904856
0.9127718
0.9122906
0.8979754
0.9760272
0.8909131
0.9045407
0.8971508
0.9140574
0.9274128
0.8987635
0.9033253
0.9246224
0.9213412
0.9213048
0.9098131
0.9130142
0.8961693
0.9030897
0.9126759
0.9110186
0.9102742
0.906412
0.906893
0.906086
0.9197831
0.9174205
0.9077
0.9070535
0.9151238
0.9121284
0.9132418
0.904633
0.9191139
0.9010696
0.9142597
0.913241
0.9021343
0.9068282
0.9243892
0.9110417
0.9024926
0.9076455
0.9128542
0.8865041
0.9108233
0.8946156
0.8985344
0.9001986
0.8957757
0.9030414
0.8928415
0.8910228
0.8958128
0.906154
0.9008799
0.8981894
0.9008653
0.8957252
0.8967944
0.8917501
0.8915978
0.9056235
0.892306
0.9164992
0.9184616
0.897252
0.8776611
0.8995321
0.9176254
0.9037199
0.9033969
0.8897763
0.890787
0.9048893
0.9051105
0.9178112
0.9053691
0.913137
0.9181947
0.9222466
0.920093
0.9151928
0.8901732
0.9137694
0.9128357
0.914114
0.8453789
0.9113622
0.9079151
0.9042779
0.911749
0.9105939
0.9073525
0.9308064
0.9102606
0.8924679
0.9156376
0.8418252
0.9109729
0.9050029
0.9111822
0.9106183
0.8973209
0.9759884
0.8903264
0.9048423
0.8949793
0.9135308
0.9310792
0.8990916
0.9063827
0.9262671
0.9235165
0.9237253
0.9069456
0.9123903
0.8985316
0.9068034
0.9095535
0.9105013
0.9127052
0.9057799
0.9042997
0.906121
0.9199334
0.9148687
0.9055508
0.9076923
0.9133647
0.9090097
0.9131999
0.9083572
0.9182348
0.899338
0.9159716
0.9147589
0.9013579
0.9049388
0.9252867
0.9075954
0.9019899
0.908947
0.9112868
0.8847637
0.9118445
0.8960289
0.898697
0.9003613
0.8955752
0.9012684
0.8924755
0.8926013
0.8977029
0.905687
0.9016835
0.8971443
0.9028571
0.8970567
0.8993665
0.8915039
0.8923217
0.9058291
0.8942699
0.9158634
0.9184775
0.8957657
0.8785554
0.897655
0.9195545
0.9050847
0.9048363
0.8901014
0.8911527
0.9062816
0.9058679
0.9151478
0.9054548
0.9123298
0.9178643
0.9211571
0.9190273
0.9146613
0.8908217
0.9142537
0.9118771
0.9152671
0.845299
0.9119167
0.9079635
0.90322
0.908172
0.9099005
0.9079469
0.9288447
0.9105471
0.8905254
0.9154576
0.8409875
0.910004
0.9044155
0.9109609
0.9106679
0.8999309
0.9756246
0.8882671
0.9037064
0.8927029
0.9123309
0.928099
0.8971564
0.9046554
0.924252
0.9220136
0.9206093
0.9065573
0.9122857
0.8984132
0.903981
0.9083109
0.9124051
0.9119402
0.9049593
0.9055661
0.9063252
0.9215554
0.9154985
0.9068917
0.9068638
0.9145185
0.9094094
0.9134923
0.9076047
0.9170587
0.8987332
0.9164624
0.9124899
0.9003742
0.9043008
0.924276
0.905598
0.89916
0.9069499
0.9099651
0.8861951
0.9107696
0.8934812
0.8954813
0.8991857
0.8931548
0.9019875
0.8937689
0.893047
0.8966857
0.9044956
0.9012936
0.8948752
0.904361
0.8910714
0.8944914
0.8898047
0.8913604
0.9068862
0.8922668
0.9154379
0.9200182
0.896558
0.8818404
0.9001879
0.9190018
0.9035273
0.9049117
0.8911347
0.8915273
0.90339
0.9035754
0.9174276
0.9065421
0.9111684
0.9193828
0.9212078
0.920973
0.9161724
0.8933795
0.9133929
0.9132784
0.9162794
0.8429339
0.9135076
0.9057079
0.9039688
0.9110723
0.9110079
0.905554
0.9302258
0.9096972
0.8912358
0.9151822
0.8379092
0.9112305
0.907486
0.912631
0.9118398
0.8976678
0.9764087
0.8881217
0.9020143
0.8946081
0.9134328
0.9298766
0.8977748
0.9057924
0.9275175
0.9224784
0.9217173
0.9066657
0.9139934
0.8986348
0.9065661
0.9097371
0.9108343
0.9131486
0.9057802
0.9053638
0.9063942
0.9186696
0.9180189
0.9078943
0.9076867
0.9119274
0.90756
0.9142502
0.9071104
0.918671
0.9000037
0.9132056
0.9122168
0.8984128
0.9047008
0.9279061
0.9074304
0.9035471
0.9085462
0.912751
0.8850299
0.9114324
0.8938643
0.8974572
0.9010602
0.894863
0.902826
0.8927414
0.8925036
0.8976227
0.9056896
0.9010285
0.8975478
0.9051195
0.8962168
0.8974406
0.8903157
0.8901753
0.904291
0.8924925
0.9156677
0.9197124
0.8981344
0.8830101
0.8995665
0.9184285
0.9005829
0.9036541
0.8905042
0.8914273
0.9048631
0.9048475
0.9161523
0.9055756
0.9118741
0.9191512
0.9218508
0.9213531
0.9164049
0.8947292
0.9124167
0.9138213
0.9167476
0.8427369
0.9128554
0.9064645
0.9044894
0.9100299
0.9102734
0.9075893
0.9305239
0.9093104
0.8931877
0.9131289
0.8389588
0.9115079
0.9078862
0.9127113
0.9118824
0.8964828
0.9768773
0.8901941
0.9017511
0.8954283
0.9135109
0.9298658
0.8985322
0.9041908
0.9247353
0.9221702
0.9214119
0.9066349
0.9130697
0.8972833
0.9071212
0.9093538
0.9111857
0.9136921
0.9061033
0.9040404
0.9066767
0.9201552
0.918094
0.9079796
0.9094765
0.9129525
0.9082294
0.9163111
0.9089548
0.9172457
0.899293
0.9162569
0.9136976
0.8965282
0.9031844
0.9270707
0.9089517
0.9022524
0.9087879
0.9128321
0.8877907
0.9113569
0.8946661
0.8995136
0.8994648
0.8954192
0.9040206
0.8959119
0.8910142
0.8965754
0.9046403
0.9041407
0.8955332
0.9064671
0.8974508
0.8966717
0.8900778
0.8966151
0.9105071
0.8986504
0.9172943
0.9212835
0.9002706
0.8850546
0.9042148
0.9175406
0.9092909
0.9091072
0.8935975
0.8947926
0.9051932
0.9078392
0.914792
0.9083872
0.9130388
0.9235826
0.9234608
0.9204917
0.9200511
0.8936805
0.9187169
0.9120068
0.9191832
0.8472259
0.9151573
0.9059663
0.9036442
0.9141259
0.9100054
0.9060443
0.9331844
0.9124839
0.8933915
0.919102
0.8441879
0.9115872
0.9042037
0.910557
0.9103426
0.9014151
0.9753767
0.8919097
0.9044404
0.8965143
0.9154978
0.9296134
0.9027248
0.9025948
0.9232462
0.9208241
0.9189831
0.9056999
0.9163338
0.9033883
0.9104308
0.9135789
0.9129133
0.9118764
0.9054504
0.9086605
0.9097603
0.9221121
0.9169395
0.9112411
0.9116872
0.9115006
0.9090134
0.9155135
0.9134364
0.9181434
0.8996418
0.9194694
0.9154023
0.9044194
0.9070047
0.9290384
0.9139754
0.9018774
0.9069967
0.9120157
0.8880131
0.8052263
0.7466694
0.770217
0.7614631
0.7472077
0.80156
0.7595232
0.7452496
0.7613824
0.8104381
0.7946929
0.7602552
0.8338809
0.7564911
0.7603126
0.7607854
0.8912071
0.9146234
0.9116575
0.8447747
0.8262489
0.7612138
0.8959886
0.9122053
0.8938645
0.9136088
0.916402
0.9045826
0.9052187
0.8766319
0.8689936
0.9063033
0.8994087
0.9033474
0.9175726
0.9106766
0.9079537
0.9055785
0.7408741
0.9140209
0.8965051
0.914553
0.910137
0.8906267
0.9032969
0.8360342
0.8925638
0.9009035
0.8097389
0.9168385
0.9080521
0.9064102
0.912181
0.9107832
0.8947972
0.9039659
0.4904033
0.4894939
0.908417
0.9695571
0.8642769
0.7679288
0.9085372
0.919951
0.9179475
0.9085217
0.8889248
0.9194912
0.9020447
0.9037094
0.8984883
0.8884506
0.9088284
0.8936481
0.9128618
0.8234318
0.8967567
0.8966858
0.8877767
0.7605775
0.8558731
0.8974441
0.8999717
0.9106664
0.914242
0.9133858
0.9106361
0.911219
0.9082609
0.9056604
0.9082615
0.9146443
0.9107812
0.9032106
0.9150422
0.9106643
0.9018602
0.8973122
0.9027031
0.8868055
0.8301262
0.8116121
0.8194874
0.8192932
0.8133026
0.8355954
0.8123363
0.8058587
0.8222086
0.8393099
0.8289379
0.8109206
0.8575073
0.8127797
0.81503
0.8124179
0.8912492
0.9133074
0.9125781
0.824089
0.8041363
0.8172266
0.8989953
0.9103898
0.8929601
0.9106959
0.91432
0.9050467
0.9049374
0.8750867
0.8670626
0.9035313
0.8971031
0.9005275
0.9157014
0.9102447
0.90678
0.902332
0.8136632
0.9084683
0.8938287
0.9136514
0.9114362
0.8886466
0.8971766
0.8439199
0.8897517
0.8985894
0.7727111
0.9092134
0.906604
0.9057312
0.9084731
0.9123111
0.8909424
0.90236
0.8221979
0.8229604
0.9084465
0.9713666
0.8688379
0.8266278
0.9034784
0.9162856
0.9122771
0.9067489
0.8848843
0.9180885
0.9040545
0.9035499
0.8986833
0.889052
0.9072224
0.8938854
0.9122388
0.7806754
0.8937643
0.8888011
0.8888571
0.8231767
0.8520929
0.8950545
0.8964905
0.906399
0.9124119
0.9084873
0.9082974
0.9096013
0.9095992
0.9056529
0.9095935
0.9103774
0.9105037
0.9052639
0.9088871
0.9094012
0.9002889
0.9012741
0.9017988
0.9195801
0.912341
0.9185317
0.9154537
0.912376
0.9155219
0.9158179
0.9164661
0.9177658
0.9163645
0.9163526
0.9107482
0.9110666
0.9128234
0.9120733
0.9141738
0.9182256
0.9198244
0.9110596
0.9216347
0.9163256
0.9178676
0.9159807
0.9140522
0.9224857
0.9193632
0.9148959
0.9191274
0.9118042
0.9123413
0.914001
0.9143425
0.9132825
0.9159952
0.9152069
0.9204467
0.9212226
0.9161624
0.9134151
0.9125574
0.9123197
0.9147142
0.9133828
0.9206885
0.9163236
0.9112045
0.9124435
0.9091099
0.9118972
0.9199394
0.9051365
0.9096645
0.9146926
0.9104645
0.924793
0.9158354
0.912549
0.921312
0.9213348
0.9196199
0.969512
0.9130143
0.9182551
0.9063261
0.9099148
0.9069134
0.9093701
0.9162293
0.9198763
0.9193398
0.9190615
0.9146786
0.9184888
0.9182643
0.9214564
0.916441
0.9213422
0.9152666
0.9101932
0.9157157
0.9191423
0.9105314
0.9207103
0.9072154
0.9149079
0.9172792
0.9102743
0.9051532
0.9102555
0.9054127
0.9125739
0.914993
0.9125952
0.9138474
0.9084577
0.9074912
0.9151184
0.9074673
0.9141391
0.912689
0.893823
0.888015
0.885198
0.8880952
0.8867938
0.8859866
0.888981
0.8835061
0.8917246
0.8864224
0.8824304
0.8817992
0.8824241
0.8851595
0.8832955
0.8832883
0.8844284
0.9018992
0.898673
0.9055067
0.8969354
0.9011457
0.8946608
0.85869
0.9072007
0.9046403
0.8962408
0.8997726
0.8959517
0.89565
0.8846827
0.8902081
0.8931469
0.902837
0.8980701
0.9027768
0.9039099
0.8966253
0.9011586
0.8829359
0.8957037
0.897062
0.8976235
0.9062601
0.9016487
0.8076264
0.8980541
0.891781
0.8877085
0.8982047
0.8937319
0.902512
0.8924731
0.891168
0.9167967
0.8997159
0.6272997
0.8995765
0.8996261
0.8988286
0.9665416
0.8841454
0.8956525
0.8977131
0.9070445
0.8908702
0.8958214
0.89304
0.9098401
0.9136612
0.9131195
0.8083816
0.901802
0.8973177
0.9058936
0.9034008
0.9034324
0.8967224
0.8993799
0.8958169
0.8930858
0.893042
0.9063186
0.859838
0.8959504
0.9020219
0.8950104
0.8841991
0.8946749
0.8802857
0.8944442
0.9015816
0.895219
0.9063739
0.8881825
0.8801111
0.8978554
0.7952666
0.492939
0.522533
0.8922325
0.9117082
0.8977372
0.8957532
0.9009256
0.8971213
0.9037579
0.8998949
0.8963738
0.8989591
0.9059986
0.9018093
0.8986489
0.9017116
0.8966736
0.8946831
0.8926729
0.8949598
0.9081508
0.8923361
0.9150308
0.92106
0.9008653
0.8848688
0.9005823
0.9154217
0.9079009
0.8974079
0.8898524
0.8893477
0.9028747
0.9085331
0.9152354
0.9032951
0.9123473
0.916714
0.9219136
0.917674
0.9133101
0.8951034
0.9074121
0.9100318
0.9115836
0.7455208
0.913326
0.9055924
0.9086657
0.9068719
0.905298
0.9070406
0.9229083
0.911433
0.8956544
0.9108751
0.8350179
0.9095187
0.8999275
0.9116385
0.9108443
0.8931532
0.9751022
0.8915463
0.9019735
0.8925836
0.9112875
0.9234757
0.8988469
0.9049691
0.9220483
0.9221956
0.921511
0.9020206
0.9152783
0.8951169
0.9064916
0.9062635
0.9138053
0.9097825
0.9015613
0.9075982
0.9039635
0.9182655
0.9146622
0.9006363
0.9031421
0.9120159
0.9052187
0.9074231
0.9075153
0.9125202
0.8948106
0.909545
0.9131874
0.9023141
0.9025269
0.9180838
0.9116543
0.8987737
0.9024813
0.9044009
0.9025414
0.9038973
0.894966
0.8959592
0.8974415
0.8950786
0.9012185
0.8907144
0.8948905
0.895196
0.8946368
0.8973816
0.8931233
0.8955746
0.8949854
0.8946849
0.8907146
0.9027733
0.8595537
0.8671037
0.9097755
0.9158736
0.8982853
0.8853691
0.8452218
0.9174848
0.8359245
0.8684082
0.8897157
0.8905638
0.8952078
0.8997061
0.9001019
0.9126981
0.9015097
0.9101043
0.9088887
0.9047014
0.9009134
0.8925953
0.84272
0.9051027
0.8757319
0.9025781
0.9135776
0.900581
0.9081625
0.909846
0.8988568
0.9078227
0.9016632
0.9019615
0.8479625
0.8438527
0.9091828
0.9144548
0.8958911
0.9115753
0.9112053
0.8401274
0.9700664
0.8868058
0.9053918
0.8990216
0.9040287
0.8996551
0.9006077
0.9092901
0.9182859
0.9222038
0.9227265
0.8935748
0.9154197
0.7569301
0.9165629
0.8524992
0.9108932
0.9056353
0.9055033
0.914301
0.9048613
0.9048852
0.9203252
0.8936348
0.8966598
0.905515
0.8961772
0.8899069
0.8886022
0.8867682
0.8954253
0.8918757
0.8887673
0.9052107
0.8909728
0.8977165
0.8913707
0.8935937
0.9025468
0.9004107
0.9057062
0.908407
0.9015824
0.9001553
0.9036957
0.8981743
0.9036071
0.8989489
0.9008963
0.9014385
0.9008941
0.8983069
0.8978596
0.9002131
0.8988923
0.8990313
0.8980876
0.9037778
0.8689509
0.8713303
0.912459
0.9193412
0.902859
0.8923477
0.8525975
0.9236357
0.8528987
0.8746795
0.8919993
0.8928375
0.9076165
0.9053165
0.9054093
0.9161363
0.9086732
0.9111816
0.9153529
0.9136281
0.9106906
0.900087
0.8550978
0.9134776
0.8835078
0.9052119
0.918461
0.9005315
0.9083937
0.9155199
0.9015537
0.9133177
0.9078665
0.9049274
0.8590145
0.8580393
0.9132381
0.914348
0.9024417
0.9125602
0.9128864
0.8503618
0.9734005
0.8983392
0.9077857
0.8992363
0.9118526
0.9083733
0.9011898
0.9102184
0.9202921
0.9240747
0.9247649
0.8972256
0.9189151
0.7598636
0.9181342
0.8630015
0.9144509
0.9136184
0.9108278
0.9165426
0.9119678
0.9141083
0.9244741
0.8981538
0.899535
0.909529
0.9016105
0.89638
0.8933417
0.8978094
0.8989621
0.8948288
0.9013556
0.9057283
0.8951884
0.9042051
0.8996395
0.9010162
0.9039127
0.9053932
0.9052217
0.9046079
0.8960953
0.8959578
0.8946355
0.8939466
0.8999892
0.8951292
0.8951307
0.8986531
0.8950389
0.891753
0.8898998
0.8921418
0.8942952
0.8959757
0.8905072
0.9003543
0.8658779
0.871114
0.9093527
0.91415
0.8966372
0.8898222
0.8519403
0.9205148
0.8427668
0.8647305
0.8905336
0.8895342
0.9001891
0.9009826
0.8984979
0.9131674
0.9041359
0.9101861
0.9116257
0.9068469
0.905178
0.8915358
0.8477635
0.9075018
0.8721232
0.9050053
0.9154369
0.9009006
0.9072646
0.911487
0.8972951
0.9068085
0.8960087
0.9037614
0.8529208
0.8470041
0.9113089
0.9114134
0.895688
0.9064411
0.906534
0.8489006
0.9707915
0.8854349
0.9059052
0.8948556
0.907373
0.89643
0.8986365
0.9098811
0.9175655
0.92324
0.9233384
0.8907597
0.9171233
0.7490524
0.9182238
0.8576155
0.9118253
0.9076023
0.9111191
0.9192798
0.9052177
0.906342
0.9206759
0.8973552
0.8951101
0.9073135
0.8984894
0.8898614
0.8886811
0.8899529
0.8962397
0.892329
0.8907728
0.9058794
0.8869005
0.8920072
0.8916152
0.8929029
0.8965492
0.895108
0.9032481
0.9030557
0.897351
0.8966092
0.8996323
0.8977763
0.8999856
0.8934913
0.8953856
0.8991734
0.8972625
0.8958592
0.8958493
0.8953446
0.894998
0.897352
0.8953955
0.9018529
0.8667215
0.8682791
0.9069545
0.9143271
0.9003224
0.8880825
0.8435146
0.9172733
0.844268
0.8676625
0.8933799
0.8940935
0.9024523
0.9005385
0.9051024
0.9076122
0.9064064
0.9100686
0.911814
0.9072924
0.9072091
0.8948769
0.850376
0.9047295
0.8781589
0.8999782
0.9143404
0.899181
0.905161
0.9091883
0.8994143
0.9050615
0.907069
0.906917
0.8525668
0.8519513
0.9103652
0.9130061
0.8999819
0.9123068
0.9124792
0.8444385
0.9721545
0.8932342
0.9058415
0.8969855
0.9055468
0.9018873
0.8996395
0.9064374
0.9172336
0.9239134
0.9250558
0.8956544
0.9176737
0.7475381
0.916315
0.8604582
0.9087296
0.9049071
0.9038282
0.9174848
0.9035837
0.90702
0.9201818
0.8970031
0.8950429
0.9072836
0.8984516
0.8889804
0.891116
0.8927314
0.8982771
0.892973
0.8978366
0.9023281
0.8943273
0.9015345
0.8936942
0.8945375
0.902852
0.9020764
0.9042251
0.9045298
0.8947925
0.8992616
0.8998882
0.8976332
0.8992904
0.8952391
0.8949993
0.8971507
0.8977603
0.897122
0.8945328
0.8959219
0.8959807
0.8933411
0.8968208
0.902425
0.8659578
0.8711354
0.9106517
0.9155019
0.8980244
0.8924373
0.8487156
0.9206204
0.8411409
0.869653
0.8944931
0.8946769
0.8998839
0.9020656
0.9017504
0.9137594
0.9024734
0.9126186
0.9077463
0.9075512
0.9083339
0.8934795
0.8519013
0.9129398
0.8764028
0.9022676
0.9128998
0.9000362
0.9081943
0.9096786
0.8985953
0.9081669
0.901305
0.9030477
0.8561237
0.8468379
0.9071269
0.9131867
0.8986823
0.9136026
0.9137369
0.8471519
0.9712318
0.8910855
0.9052349
0.8986741
0.9071743
0.8997086
0.9036104
0.9058299
0.9170312
0.9204465
0.922531
0.8944575
0.9152777
0.7633513
0.9171482
0.8604547
0.9087133
0.9131968
0.909384
0.9145864
0.905609
0.9071199
0.9226412
0.9021298
0.8966024
0.9055147
0.8950051
0.888993
0.8931065
0.8916657
0.9008398
0.8942662
0.89219
0.9036438
0.8901872
0.8987776
0.8987276
0.8970845
0.8990939
0.9004241
0.9065857
0.9046684
0.8976127
0.8958341
0.8974673
0.8966791
0.9025988
0.8983309
0.8975315
0.9008989
0.8984825
0.8979281
0.9001596
0.896251
0.9007855
0.9021131
0.896306
0.9049272
0.8704929
0.8750281
0.9108453
0.9146479
0.9030305
0.8921385
0.8528692
0.9211968
0.8466033
0.8716003
0.8948313
0.8970717
0.9049881
0.9059541
0.9041165
0.9127895
0.9048698
0.9143506
0.915
0.9082308
0.9052355
0.8981109
0.8541509
0.9087897
0.8785262
0.9076995
0.9184493
0.9006677
0.9098734
0.9087119
0.8997477
0.9094169
0.9039445
0.9073072
0.8582767
0.8555961
0.9119121
0.9143428
0.9024953
0.9098608
0.9099933
0.851334
0.9705265
0.8927392
0.9052538
0.9001215
0.9090498
0.9031605
0.9049164
0.9102587
0.9179637
0.9212906
0.9228706
0.8975292
0.9192843
0.7758607
0.9205242
0.8629974
0.912953
0.9089289
0.9114104
0.9161121
0.9084751
0.9104743
0.9194598
0.9014115
0.8978217
0.9096893
0.8993792
0.8945999
0.895048
0.8978727
0.8996268
0.8974748
0.900679
0.9050741
0.8932944
0.9011331
0.9023193
0.898248
0.9028983
0.905678
0.9066924
0.9035009
0.8934213
0.8938189
0.8972369
0.8929721
0.8983547
0.8941151
0.8946023
0.8972041
0.8964069
0.893415
0.892466
0.8931493
0.8969992
0.8943554
0.8891139
0.9042729
0.8654041
0.8718336
0.9100856
0.9154157
0.8982409
0.8945615
0.8471287
0.9210843
0.842493
0.8720761
0.8927424
0.8938272
0.901584
0.8991029
0.9006586
0.9118853
0.9004288
0.9103001
0.9073202
0.905296
0.9039823
0.892954
0.8465175
0.9081647
0.8739847
0.9053986
0.916936
0.9015751
0.9060839
0.9097682
0.8981327
0.9041361
0.9037507
0.902839
0.8549474
0.8473498
0.9113057
0.9153521
0.8962484
0.9130466
0.9134516
0.8448006
0.9695978
0.886714
0.9034187
0.8961711
0.9068332
0.8979052
0.9017914
0.9088588
0.9183659
0.9217893
0.9266077
0.8927547
0.9175826
0.7597357
0.9167586
0.8607372
0.9081774
0.9082654
0.9088458
0.9142256
0.9043074
0.9064957
0.9206349
0.8981887
0.8990505
0.9067119
0.8968113
0.8908572
0.8890094
0.8899069
0.897539
0.8935677
0.8925213
0.9024548
0.8912549
0.8977953
0.8965006
0.8952847
0.8973892
0.8991664
0.9047792
0.906722
0.895749
0.8947694
0.9006744
0.8927568
0.8994017
0.8921182
0.892891
0.8968202
0.8955812
0.8922254
0.8924944
0.8959514
0.8962925
0.8961531
0.8917562
0.8994079
0.8616993
0.8670474
0.9111544
0.9135112
0.8965316
0.8862966
0.847704
0.9201341
0.8403238
0.8660134
0.8891682
0.8880881
0.9025856
0.902179
0.9058322
0.9125271
0.9037377
0.9107941
0.9107513
0.9058892
0.9065583
0.8890806
0.8493056
0.9105357
0.8779722
0.9007877
0.9171774
0.9026155
0.9061593
0.9074923
0.9009364
0.907074
0.9037123
0.9055495
0.8500309
0.850938
0.9033251
0.9106129
0.8980334
0.9129895
0.9134322
0.84163
0.9723946
0.8920524
0.9043669
0.8951656
0.9054878
0.90631
0.8995007
0.9071639
0.9205433
0.9220179
0.9240471
0.8914808
0.9201983
0.6739791
0.9208684
0.8580643
0.9111891
0.9109484
0.9078182
0.9164417
0.9057633
0.9091884
0.9191509
0.8981241
0.8954949
0.9051925
0.8969887
0.8925073
0.8900403
0.8929817
0.8936461
0.8966403
0.8933808
0.8991835
0.8878937
0.9004298
0.8979057
0.8961512
0.9026683
0.8998584
0.9062691
0.901316
0.8956185
0.8959219
0.8997173
0.8944117
0.9030454
0.8918174
0.8928248
0.8978739
0.8953324
0.8904324
0.8898889
0.8952226
0.895638
0.8933788
0.8933885
0.906141
0.8631336
0.8717748
0.9087166
0.9111369
0.8987396
0.8911286
0.8479913
0.9216577
0.8394401
0.8672343
0.8897029
0.8894053
0.8990383
0.8982057
0.9039297
0.9158553
0.9036201
0.9121229
0.9111166
0.9067733
0.9056326
0.8962363
0.8453341
0.9063344
0.8763686
0.9060496
0.9182048
0.8987547
0.9071484
0.9084297
0.8966895
0.9065811
0.9014829
0.9021786
0.8507856
0.8481242
0.9079954
0.9123369
0.8968105
0.9076483
0.9080496
0.8459998
0.9717391
0.8914658
0.9063477
0.8954871
0.9073342
0.9016103
0.8971358
0.9058488
0.9185543
0.9183817
0.9221987
0.894647
0.9167136
0.6844591
0.9182218
0.8556206
0.909555
0.9070553
0.9085218
0.9153032
0.902701
0.904094
0.9207987
0.8989206
0.8946387
0.9037139
0.8976386
0.886417
0.8890533
0.8891542
0.8963615
0.8979629
0.8922791
0.9024321
0.8899638
0.8939297
0.89476
0.893901
0.900352
0.8990205
0.9046569
0.8987922
0.8927078
0.889688
0.897811
0.8925449
0.8995092
0.8911842
0.8905046
0.8939048
0.8938294
0.8918141
0.8892057
0.8954426
0.8909098
0.8906939
0.8868843
0.9030585
0.8655265
0.8695326
0.9098086
0.9118103
0.8958989
0.8886562
0.8474077
0.9206845
0.8396212
0.867772
0.8903612
0.8916069
0.8980735
0.8951668
0.9035776
0.9124395
0.9038586
0.9106388
0.9076463
0.9069015
0.903788
0.8905487
0.8427916
0.9050558
0.8764233
0.9033803
0.9153057
0.8980682
0.9060697
0.90825
0.8978268
0.90628
0.8985798
0.9028516
0.8507743
0.8508402
0.9047105
0.9101465
0.8959563
0.9055277
0.9063188
0.8439173
0.9720452
0.8912732
0.9053427
0.8937945
0.9061281
0.901569
0.8960086
0.9030327
0.9157063
0.9206254
0.9234084
0.8936992
0.9153321
0.6871424
0.9172309
0.8569456
0.9087248
0.9055452
0.9077187
0.9130681
0.9034069
0.9050353
0.9182275
0.8957053
0.8946173
0.9011641
0.8980207
0.8884082
0.8895107
0.8895329
0.8950495
0.8964012
0.8951775
0.9016089
0.8916531
0.8921521
0.8939651
0.8945594
0.9000684
0.8965804
0.9054351
0.8991846
0.8947235
0.892914
0.8991148
0.8932359
0.9020196
0.8939268
0.8906789
0.8978613
0.895917
0.892992
0.8928571
0.8947292
0.8946624
0.8946053
0.8926884
0.9037151
0.8658387
0.8719922
0.912314
0.913468
0.8971777
0.8921463
0.8515669
0.9209099
0.8421676
0.8695507
0.8913091
0.8910507
0.9007702
0.8999748
0.9040796
0.9157813
0.9031795
0.9128541
0.9092975
0.9062971
0.9057836
0.8943419
0.8471192
0.9062122
0.8761703
0.904355
0.9160773
0.8990205
0.9058221
0.9100514
0.896
0.9073122
0.8995996
0.904345
0.8504229
0.8478507
0.904384
0.9133419
0.8982293
0.9078757
0.9082387
0.8416037
0.9721306
0.8929472
0.9061866
0.8924157
0.9102431
0.9034713
0.8953438
0.9060381
0.9178773
0.9199803
0.9225428
0.895595
0.9139606
0.6873053
0.9190244
0.8575311
0.9079361
0.9065447
0.9092558
0.9171775
0.9064024
0.9056852
0.9182686
0.898712
0.894785
0.9037458
0.8973496
0.8879702
0.8919039
0.8887187
0.8977982
0.8982345
0.8955518
0.9039056
0.8930533
0.8962799
0.8972977
0.8950052
0.898004
0.8979761
0.9033042
0.9003586
0.8922387
0.8920764
0.8973195
0.8909071
0.9004447
0.8901047
0.8907177
0.8942035
0.8937261
0.8898838
0.8900274
0.8946224
0.8911242
0.8905435
0.8875005
0.9025422
0.8653624
0.8715813
0.9084674
0.9120138
0.8958401
0.8876177
0.8467678
0.9211293
0.839977
0.8674856
0.8909024
0.8922298
0.8990557
0.8965056
0.9030198
0.9132604
0.9054311
0.9112298
0.9082346
0.9059188
0.9063096
0.8919352
0.8429743
0.9043497
0.8780388
0.903455
0.9162812
0.898253
0.905719
0.908216
0.8983289
0.906359
0.8970868
0.9032036
0.8489826
0.850253
0.9048271
0.9106229
0.8977767
0.9060333
0.9065922
0.8432648
0.9718167
0.8886719
0.9044026
0.8934082
0.9070059
0.9033619
0.8962891
0.9051118
0.9174399
0.9182543
0.9217895
0.894322
0.9143121
0.6836077
0.9159887
0.8541932
0.9085374
0.9047227
0.9078007
0.9141226
0.903049
0.9066748
0.91886
0.8975124
0.8971466
0.9043102
0.9001398
0.8871263
0.8895202
0.8904571
0.896367
0.8978534
0.8926383
0.9008155
0.892159
0.8939657
0.8961833
0.8936943
0.8989848
0.8969229
0.9046515
0.9000789
0.8946526
0.8900571
0.8972363
0.8919116
0.9011899
0.895098
0.8921258
0.8951227
0.8958908
0.8943249
0.8899828
0.894298
0.8961181
0.8926412
0.8909915
0.9039536
0.8617448
0.8711953
0.9098902
0.9127015
0.8966767
0.8898645
0.8513244
0.9200647
0.8375601
0.869254
0.889347
0.8903133
0.8989325
0.8986135
0.9053465
0.9109062
0.9019148
0.9154345
0.9104472
0.9070973
0.905676
0.8898265
0.8427022
0.905599
0.8783683
0.9030163
0.915129
0.9005559
0.9065354
0.9111625
0.8984445
0.906161
0.8995869
0.9048256
0.851054
0.8489432
0.9075784
0.9108535
0.8975334
0.9092102
0.9093811
0.8459815
0.9724061
0.8917708
0.9070182
0.8951935
0.9080304
0.9013661
0.8954665
0.9067153
0.9161417
0.917755
0.922951
0.8937934
0.9168818
0.6884492
0.9177468
0.8578686
0.9097306
0.9053851
0.9073286
0.9147737
0.9043018
0.9069054
0.9192374
0.8975483
0.8979906
0.9066512
0.8972497
0.889822
0.8886081
0.8923606
0.8960796
0.8980944
0.8940808
0.9004186
0.888534
0.8963373
0.8947543
0.8921201
0.8994185
0.901379
0.905907
0.9094457
0.8962268
0.8978805
0.903197
0.8970524
0.9042049
0.8950687
0.8973053
0.9011416
0.90151
0.8998121
0.8988117
0.9031575
0.8980449
0.9000542
0.8953999
0.9034357
0.8689742
0.8756807
0.912475
0.9157278
0.8980388
0.8921233
0.8498777
0.918125
0.8552846
0.8733459
0.9006362
0.8990509
0.9048269
0.9041832
0.9101509
0.9180818
0.9095619
0.9157087
0.9159331
0.9115016
0.911181
0.8982818
0.8608205
0.9111387
0.8840114
0.9049022
0.9121808
0.9042645
0.9068327
0.9117564
0.9045232
0.9085139
0.915694
0.9074161
0.8624535
0.8601106
0.9046164
0.914241
0.9026943
0.9103855
0.9104794
0.8574
0.9724675
0.8919919
0.9056395
0.8998033
0.911192
0.9122104
0.9016136
0.9087668
0.9237421
0.9232926
0.9213659
0.9029193
0.9133945
0.7441128
0.9147643
0.8575796
0.9124727
0.9113556
0.9074689
0.9134745
0.9086964
0.9086774
0.9198414
0.9034146
0.9026838
0.9095175
0.9030013
0.8971143
0.8983163
0.9041066
0.9027596
0.9047706
0.9051025
0.9068191
0.8972643
0.9084114
0.9003516
0.9032502
0.9069826
0.9088437
0.9021129
0.9012694
0.8936696
0.8927808
0.8996663
0.8926213
0.8998997
0.8958786
0.8918301
0.8972996
0.8996172
0.8944271
0.8931668
0.8968343
0.8957759
0.8937121
0.8908985
0.9044267
0.8627246
0.8695701
0.9107269
0.9127266
0.8981287
0.8859573
0.8502654
0.918786
0.8385908
0.8700405
0.890072
0.8898955
0.8987863
0.8991031
0.9057404
0.9122056
0.9038551
0.9131853
0.9112121
0.9075265
0.9077569
0.8932868
0.8464471
0.9094108
0.876126
0.9012804
0.9163348
0.8996935
0.9034493
0.9098757
0.8964708
0.9068594
0.9011906
0.9016174
0.8466569
0.8500113
0.9049827
0.9112325
0.8981863
0.908083
0.9084467
0.8453577
0.9732215
0.8930965
0.9066652
0.8910119
0.9048665
0.9017188
0.8958936
0.9065571
0.9169211
0.92157
0.9238545
0.8958682
0.9188456
0.6838194
0.9179149
0.8588989
0.9113366
0.9094336
0.9069352
0.912988
0.9054382
0.9061242
0.9192121
0.8985518
0.8977235
0.905064
0.8990829
0.8889427
0.8881054
0.8895703
0.8925684
0.8973762
0.89266
0.9025451
0.8905417
0.8949013
0.8907734
0.8944354
0.8999063
0.9000397
0.9038336
0.9060655
0.8973752
0.8944269
0.8978685
0.8925758
0.8985439
0.8929888
0.8945644
0.895593
0.8964438
0.8925305
0.8958729
0.8935187
0.8969136
0.8965731
0.8942483
0.9039698
0.8568517
0.8675204
0.911005
0.9130143
0.8965091
0.8916033
0.8470673
0.9207401
0.843912
0.8700852
0.8931581
0.8930593
0.8984928
0.9003653
0.9042592
0.9079525
0.9035905
0.912586
0.9083393
0.9056611
0.9090483
0.8950613
0.8482228
0.9081253
0.875234
0.9032678
0.9146415
0.8985271
0.9061683
0.9098407
0.8958046
0.9089905
0.9026624
0.9054402
0.8543331
0.8515196
0.9067393
0.9129594
0.8965668
0.908816
0.9084434
0.8438645
0.9716524
0.8906434
0.9049276
0.894268
0.9078681
0.9043691
0.8988836
0.9067797
0.9187533
0.9215949
0.921594
0.8934525
0.915515
0.1384083
0.9163089
0.8567034
0.9122726
0.9085772
0.9056672
0.9142837
0.9047123
0.906931
0.9233663
0.8990925
0.8978662
0.9059997
0.8987141
0.8914108
0.8915089
0.893003
0.8957858
0.8951796
0.8935676
0.9034937
0.8908144
0.8983281
0.8937581
0.8950033
0.8993006
0.8981549
0.9060458
0.9012403
0.8927182
0.8921934
0.8993614
0.895599
0.8992406
0.8924032
0.8910801
0.8978295
0.8952422
0.8950425
0.8941874
0.893453
0.8942245
0.8955705
0.8918427
0.9070115
0.8648306
0.8733558
0.9082345
0.9124252
0.8984189
0.8899503
0.8512518
0.9204179
0.8384993
0.8669921
0.8924857
0.8916179
0.9010989
0.9026307
0.9031887
0.9143593
0.9015762
0.9105252
0.911063
0.9068664
0.9020152
0.893743
0.8402988
0.9024774
0.8763995
0.9036227
0.9164906
0.9032617
0.9058015
0.911698
0.8968016
0.9087655
0.8973586
0.9064525
0.8546663
0.8464388
0.9095756
0.9151856
0.8969232
0.9088239
0.9097662
0.8506224
0.9732687
0.8927054
0.9027659
0.8985954
0.9073495
0.8984656
0.8970559
0.9075012
0.9176454
0.92123
0.9225448
0.8945549
0.9162901
0.6961312
0.9180316
0.8584199
0.9106897
0.9026928
0.9082288
0.916293
0.9021179
0.9037508
0.9202749
0.8983263
0.8938167
0.9047153
0.8953363
0.8876744
0.8921906
0.8901259
0.8931522
0.8939158
0.8918899
0.901537
0.8911316
0.890782
0.8930783
0.8934866
0.9008276
0.8949904
0.9015414
0.9068321
0.8973211
0.8950963
0.8999603
0.8957031
0.9011431
0.8973613
0.891444
0.895499
0.897393
0.8940949
0.8922998
0.8931834
0.8950077
0.8969207
0.8912781
0.9013897
0.8633652
0.8691783
0.9141386
0.9164845
0.90105
0.888171
0.8526781
0.9181677
0.8491229
0.8666467
0.8940402
0.8949956
0.9005146
0.9025728
0.903451
0.9115859
0.9057488
0.9168561
0.9143447
0.9091171
0.9073399
0.8957726
0.8501107
0.9058402
0.8780388
0.8999492
0.91597
0.896271
0.9070133
0.9082654
0.8987479
0.9092463
0.9028512
0.9035174
0.852389
0.8495565
0.9082592
0.913798
0.8971946
0.9113556
0.9111411
0.8486495
0.9721818
0.8928361
0.9080443
0.8953896
0.9057119
0.9034345
0.9002425
0.9053884
0.9181258
0.9207386
0.925447
0.8919781
0.916075
0.6184844
0.9165603
0.8587526
0.9142534
0.9062142
0.9085534
0.9148067
0.9076367
0.906524
0.9210721
0.8963762
0.8973662
0.9043887
0.9010349
0.8910662
0.8887274
0.894729
0.8964223
0.8964799
0.8936369
0.900843
0.8907604
0.899642
0.8954219
0.8951909
0.9000036
0.8979407
0.9039087
0.904645
0.8896657
0.893207
0.89905
0.8914029
0.8981412
0.890403
0.8912145
0.8930836
0.8970078
0.8936479
0.8936348
0.8950218
0.8980728
0.8962984
0.8916539
0.9025157
0.8628855
0.8690846
0.9111072
0.9142857
0.8969128
0.890085
0.8486753
0.921834
0.8442004
0.8701463
0.8897771
0.8902109
0.9012199
0.8993959
0.9042916
0.910624
0.9069218
0.9146777
0.9135973
0.9111222
0.9079546
0.8918644
0.8525782
0.9085582
0.8785553
0.9027943
0.9163236
0.8975654
0.9059543
0.9108016
0.8994646
0.9096473
0.9004299
0.9057011
0.8544178
0.8552799
0.905657
0.910336
0.8988788
0.9098966
0.9099516
0.8505972
0.9725045
0.8907699
0.9062411
0.8934124
0.9078381
0.9044758
0.9011573
0.9058194
0.9201635
0.918708
0.9253974
0.8974508
0.9157404
0.6778257
0.9160704
0.8560883
0.9145413
0.9086193
0.9092332
0.914211
0.9033732
0.9107782
0.9194617
0.9002216
0.8972993
0.9057041
0.8990593
0.8916982
0.8893741
0.8934856
0.8956748
0.8971918
0.8960576
0.8998537
0.8917592
0.8979492
0.8983219
0.893257
0.9030777
0.9008458
0.9070139
0.9058697
0.8954854
0.8960723
0.9029416
0.894551
0.9015527
0.8958902
0.8914567
0.8965166
0.8977277
0.8981731
0.8965983
0.9006002
0.9002398
0.8988188
0.8950155
0.9064841
0.8644799
0.8710601
0.911082
0.9142049
0.8984318
0.892365
0.8539372
0.9211963
0.8474966
0.8720666
0.8952724
0.8950497
0.9061204
0.9018744
0.9063943
0.9158048
0.9084403
0.9126636
0.913124
0.9100767
0.9075924
0.8944564
0.8553612
0.9090617
0.8823486
0.9020361
0.9162179
0.9059493
0.9099925
0.9125588
0.9016642
0.9085627
0.9092827
0.9035327
0.8559153
0.8533857
0.9091007
0.9111263
0.8982897
0.9105988
0.9110803
0.8553944
0.9728366
0.8948432
0.906692
0.8990439
0.9096205
0.9046371
0.9010334
0.9062298
0.9215259
0.9191158
0.9245665
0.8977737
0.9173996
0.6926448
0.9181512
0.8657661
0.9120031
0.9093574
0.9053131
0.9160956
0.9036499
0.9085712
0.9216604
0.9004388
0.8991196
0.9092559
0.9020361
0.8982087
0.8934432
0.9010343
0.8943194
0.8978463
0.8985194
0.9049049
0.8896169
0.9019335
0.8999926
0.8986933
0.9026012
0.9043233
0.9177452
0.9018456
0.8994204
0.9031565
0.8996614
0.901249
0.9022913
0.896872
0.9007017
0.9072802
0.894793
0.8984059
0.8933929
0.8951693
0.8998863
0.8971156
0.903785
0.9196068
0.9094676
0.913783
0.904856
0.9131413
0.903287
0.9020012
0.9113297
0.9143736
0.9017124
0.9101496
0.9026008
0.9016828
0.9005013
0.9049333
0.9020225
0.9166548
0.9027514
0.911417
0.9090548
0.9024355
0.9036396
0.9019357
0.8969446
0.9089958
0.901215
0.9241355
0.9162584
0.8990849
0.913223
0.9069456
0.8995217
0.910922
0.8718593
0.8906853
0.9017363
0.8928177
0.9280843
0.9161048
0.897068
0.9125752
0.9130606
0.9094212
0.9654258
0.8986836
0.9123431
0.9049777
0.9113243
0.8835855
0.9086832
0.9145613
0.9114268
0.9238315
0.9224445
0.8874716
0.9166368
0.9021079
0.9217174
0.9125158
0.9175346
0.9094123
0.9163793
0.9223149
0.908835
0.9038357
0.9210994
0.8986909
0.8982617
0.9073489
0.8966233
0.8883126
0.894382
0.8811718
0.901066
0.8911814
0.8901537
0.9068511
0.8884792
0.8772673
0.8965942
0.8980018
0.8967186
0.8922147
0.9180989
0.898636
0.9005965
0.9016146
0.8968559
0.9032068
0.9019543
0.8978192
0.9047566
0.9063155
0.8940765
0.8953112
0.8960826
0.8865259
0.9011486
0.9001075
0.9068584
0.9235146
0.9094918
0.9168603
0.8987513
0.9100977
0.9071127
0.9033472
0.9115733
0.9183247
0.9023855
0.9092181
0.9009923
0.8998583
0.8951517
0.9037386
0.8950992
0.9169134
0.9022148
0.9113038
0.9084368
0.90295
0.9048533
0.9021196
0.8898091
0.9040188
0.8942918
0.9229541
0.915023
0.8998891
0.9123011
0.9063825
0.8963794
0.9092991
0.8574087
0.891661
0.9005157
0.8844278
0.9336997
0.9135884
0.8978124
0.9153013
0.9155174
0.9095651
0.9643069
0.8969366
0.9098229
0.9057952
0.9101287
0.8758916
0.9047798
0.9123063
0.9131236
0.9248995
0.9216078
0.885738
0.9155216
0.9026213
0.9250494
0.9116618
0.9183842
0.9041196
0.913955
0.9212738
0.905257
0.9017464
0.9226047
0.8908472
0.8962151
0.9074713
0.8949581
0.8855322
0.8870248
0.8732811
0.9011602
0.8854678
0.8849906
0.9085951
0.8910485
0.8699383
0.8947627
0.892643
0.8936059
0.8938593
0.9063963
0.9083476
0.9002759
0.9013942
0.8979267
0.9020423
0.9051116
0.8960699
0.900029
0.90105
0.8996262
0.8999128
0.8983458
0.8966693
0.9012955
0.8987172
0.8988139
0.9047346
0.8656532
0.8780123
0.91593
0.9207403
0.9033855
0.8944633
0.8522337
0.9213622
0.6874864
0.8668915
0.8954944
0.8960815
0.9052293
0.9068263
0.9059376
0.916472
0.9062151
0.9141891
0.916498
0.9124043
0.9116907
0.8968505
0.8462659
0.9133869
0.8774847
0.9032853
0.9155798
0.8993838
0.9082952
0.9130001
0.9018405
0.9102879
0.9042715
0.9132938
0.8503873
0.8485412
0.9093919
0.9177809
0.8969867
0.9159275
0.9159093
0.8491189
0.9687904
0.895958
0.9100253
0.9049446
0.9075025
0.9074022
0.9030069
0.9121472
0.9207437
0.925702
0.9213813
0.8959795
0.9147976
0.848875
0.9208788
0.8356379
0.9181828
0.9135279
0.9120169
0.9181077
0.9068476
0.9105723
0.9225845
0.904593
0.9020777
0.9062557
0.9026841
0.895807
0.8981259
0.8984302
0.8994934
0.903078
0.9005471
0.9055087
0.8944521
0.8987213
0.902517
0.9006267
0.8985607
0.8948423
0.9080277
0.905738
0.899448
0.8998952
0.8978988
0.9026073
0.9045709
0.8964038
0.8978052
0.8993875
0.8973977
0.8957938
0.8950175
0.8970817
0.9003086
0.8980882
0.8965379
0.9055677
0.8651715
0.8766898
0.9128716
0.9169778
0.9028004
0.8915175
0.8508805
0.9209451
0.6841806
0.8670886
0.893721
0.8947175
0.9035766
0.9035246
0.9027788
0.9135925
0.9030627
0.911792
0.9172698
0.9095494
0.9094246
0.8959388
0.844977
0.9119983
0.878219
0.9032153
0.9147375
0.8972777
0.9043506
0.912734
0.8992697
0.9085468
0.9048503
0.911968
0.8512645
0.8465659
0.9084953
0.9175904
0.8965179
0.9129742
0.9127614
0.848631
0.9694356
0.8949572
0.9083179
0.9043059
0.9064401
0.905694
0.9005789
0.910713
0.91915
0.9238105
0.9203249
0.8928375
0.9136435
0.8466218
0.9194683
0.8343908
0.9149026
0.9122163
0.9103101
0.9173431
0.9022181
0.9078143
0.9216369
0.9013361
0.8982205
0.904151
0.89914
0.8951622
0.8978121
0.8974149
0.898292
0.9026823
0.8982217
0.903873
0.8906029
0.8973614
0.9015182
0.8983235
0.8965329
0.8964226
0.9104375
0.9055573
0.9005139
0.9011527
0.8993993
0.9006496
0.9054879
0.8975613
0.899552
0.9011659
0.8970732
0.9001521
0.8973492
0.9008938
0.9002571
0.9007126
0.8982977
0.9065995
0.867447
0.8766949
0.9138253
0.9179159
0.9037312
0.8954333
0.8587368
0.9194808
0.6880539
0.8717539
0.8985322
0.897463
0.9029641
0.9072375
0.9057235
0.9164255
0.9073748
0.9152657
0.9147215
0.9138869
0.9122807
0.8945722
0.8500762
0.9136188
0.8780533
0.9041061
0.9163017
0.8997832
0.9087381
0.914004
0.900688
0.9090199
0.905962
0.9128266
0.8575629
0.8482612
0.9104986
0.9184993
0.8983529
0.9130865
0.9130665
0.8510566
0.970628
0.8958082
0.9113528
0.9051823
0.9082805
0.904068
0.9015634
0.9105212
0.9156308
0.9243482
0.9242867
0.8949442
0.9170204
0.8487677
0.9178469
0.8322765
0.9156965
0.9140292
0.9129506
0.9139503
0.9042846
0.9114711
0.9232387
0.906767
0.903711
0.9075457
0.9016546
0.8927361
0.9027416
0.8988443
0.901786
0.903594
0.9007495
0.906389
0.8897094
0.899346
0.9046365
0.8976783
0.8992016
0.8983781
0.9108338
0.9059713
0.8946119
0.8978489
0.8929609
0.8976567
0.9023619
0.8961058
0.8963472
0.8990559
0.8955735
0.8959778
0.891877
0.8952211
0.8962849
0.8950577
0.8935734
0.9067432
0.8614748
0.8746994
0.9100674
0.9128895
0.9014421
0.8910112
0.8585232
0.9180281
0.6914912
0.866046
0.893863
0.8942513
0.896986
0.9004633
0.8983008
0.9127529
0.8999129
0.9080546
0.9148178
0.9066739
0.902347
0.8928924
0.8418945
0.9072508
0.8729908
0.9003414
0.9125872
0.8979837
0.9076009
0.9116954
0.9031106
0.9067158
0.90084
0.9071284
0.8526762
0.8447527
0.9083796
0.9153997
0.8931975
0.9100448
0.9101779
0.8430788
0.9692114
0.8882309
0.9055392
0.9009454
0.9079306
0.9011614
0.9007919
0.9097426
0.9159215
0.9218982
0.9224983
0.8888193
0.9111325
0.8435975
0.9158792
0.8261372
0.9130327
0.9079381
0.91129
0.9145847
0.9015779
0.9122532
0.9180751
0.8993477
0.9001064
0.9036263
0.895825
0.891297
0.8951391
0.8948807
0.8973047
0.8965504
0.8973842
0.9061405
0.8930084
0.8942938
0.9012668
0.8965856
0.8936605
0.8876982
0.9107653
0.9016906
0.8925133
0.8950891
0.8939707
0.8946103
0.9012239
0.8923178
0.8918771
0.8969796
0.8927527
0.8892113
0.8887826
0.8911122
0.8930585
0.8932046
0.8918344
0.9096082
0.8616849
0.8707524
0.9088392
0.9108556
0.8960079
0.8886386
0.8548144
0.9191873
0.6994637
0.8644654
0.8921142
0.891608
0.8973939
0.9015445
0.9028201
0.9136522
0.9020716
0.9091202
0.911339
0.9074737
0.8998
0.8879741
0.843221
0.9037639
0.8733288
0.9039722
0.9117071
0.8983106
0.9062791
0.9090974
0.8974675
0.9081691
0.8988739
0.9058294
0.8542139
0.8381445
0.908153
0.91374
0.8914213
0.9111008
0.9108083
0.8472995
0.9696928
0.8910266
0.9037383
0.9017484
0.9091227
0.8985788
0.8977895
0.9073236
0.9149742
0.9210731
0.9242811
0.8918849
0.9128512
0.8414507
0.9151584
0.8266651
0.9121576
0.9040992
0.9140215
0.9129706
0.8997221
0.91001
0.9201116
0.8975266
0.8970377
0.9021107
0.8959508
0.8864235
0.8928027
0.8865867
0.8977172
0.8939219
0.8931292
0.9049358
0.8878892
0.8927459
0.8964777
0.8950631
0.892818
0.890756
0.9054732
0.9138692
0.9043306
0.9041243
0.905351
0.9011862
0.9083295
0.9024303
0.9011218
0.9048114
0.9074929
0.9060986
0.9006503
0.9064532
0.9058887
0.9053516
0.9000397
0.9062122
0.8671695
0.8808455
0.9199386
0.9226669
0.9036646
0.8935315
0.8575484
0.9211788
0.761463
0.8755081
0.9046603
0.9046294
0.9063586
0.90673
0.9121675
0.9157076
0.9105303
0.917572
0.9184428
0.9155657
0.915089
0.9002777
0.8624146
0.9164316
0.8884682
0.9039595
0.9158128
0.9019439
0.9141657
0.9132126
0.9074173
0.912594
0.9138569
0.9116784
0.8638411
0.8599955
0.9092795
0.9188433
0.9029744
0.9150529
0.9146908
0.8543255
0.9720155
0.8977786
0.9102964
0.9062581
0.9150543
0.914786
0.9071369
0.9097346
0.9220331
0.9222549
0.9233706
0.90094
0.9193106
0.8531614
0.9181914
0.8380804
0.9203602
0.916305
0.9120434
0.9151926
0.9127495
0.9196796
0.9220925
0.9057966
0.9065803
0.9126887
0.90628
0.9050152
0.9043202
0.908173
0.9052716
0.9087323
0.9109988
0.9097178
0.9027955
0.913895
0.9115858
0.9027414
0.9049069
0.9034332
0.9061789
0.911182
0.9002059
0.8988254
0.9044845
0.8973627
0.9073185
0.8998051
0.8994446
0.8984759
0.9027693
0.8999241
0.8981649
0.9031123
0.9000289
0.8995302
0.8945474
0.9067537
0.8710084
0.8782576
0.9152578
0.9178553
0.8988663
0.8933477
0.8558798
0.9196068
0.7630202
0.8715273
0.8977024
0.8975592
0.9048611
0.9031552
0.9091723
0.913151
0.9090909
0.9136323
0.9167373
0.9139101
0.9116459
0.8968766
0.8595499
0.9124486
0.8862203
0.9017381
0.9145218
0.9035898
0.9105521
0.9125257
0.9042431
0.9111756
0.9095862
0.9114873
0.8613485
0.8582073
0.9095531
0.9170927
0.9017002
0.9148711
0.9149671
0.8537173
0.9720395
0.8944538
0.9094075
0.9051116
0.9113784
0.9125842
0.9061135
0.9097744
0.9196372
0.9194695
0.9225685
0.898294
0.9156209
0.8482693
0.9179767
0.838843
0.9144966
0.9122029
0.9107314
0.9176516
0.911134
0.9136174
0.9212057
0.9091716
0.9046305
0.908174
0.9033087
0.8995088
0.9038715
0.901262
0.8999489
0.9060907
0.9061867
0.9078233
0.8985523
0.9067809
0.9083039
0.8998016
0.9017089
0.9027928
0.9099601
0.9132601
0.9040564
0.9051061
0.9058991
0.9031587
0.909107
0.9053051
0.9023856
0.9048131
0.9063598
0.9017629
0.9041752
0.905908
0.9054583
0.904803
0.90317
0.9102528
0.8755165
0.8814194
0.9124723
0.9225998
0.9054345
0.8957101
0.8624628
0.9262615
0.758971
0.8768691
0.9029943
0.9019714
0.9067526
0.9096547
0.910773
0.917238
0.9121251
0.9144374
0.9190208
0.9178457
0.9121899
0.8996823
0.8624432
0.9168577
0.8866215
0.9077689
0.9173437
0.9046612
0.9085422
0.9152129
0.9052711
0.9142464
0.912747
0.9107463
0.8660596
0.8564366
0.9113468
0.9206843
0.9005654
0.91681
0.9173249
0.8574427
0.9704096
0.8995017
0.9137291
0.9068299
0.9134476
0.9112692
0.9079389
0.9117908
0.9217397
0.9260268
0.9261004
0.9005427
0.9154248
0.8537508
0.921084
0.8399032
0.919122
0.9169988
0.9174292
0.919054
0.9109803
0.915723
0.9264188
0.9063044
0.9017312
0.9093991
0.9057765
0.9017118
0.9015931
0.9017623
0.9012058
0.9062981
0.9045004
0.9071697
0.8989325
0.9071126
0.9046473
0.9032942
0.8992689
0.8981699
0.9096693
0.9050175
0.897352
0.898248
0.8967299
0.896817
0.8980437
0.8957075
0.8924888
0.8962535
0.8987842
0.8932798
0.8948426
0.893941
0.8981744
0.8948615
0.8921648
0.9068843
0.8640162
0.8769743
0.9157632
0.91757
0.9000036
0.8919857
0.8545119
0.9205846
0.7584871
0.8668265
0.8894218
0.8896544
0.8986285
0.9011338
0.90185
0.9138451
0.9034435
0.9122795
0.9108392
0.9073686
0.9034907
0.8938305
0.8449743
0.907508
0.8699019
0.9022077
0.9172914
0.9006548
0.9059817
0.9107792
0.8970626
0.909463
0.8967233
0.9085328
0.8484241
0.8372004
0.9094603
0.9190747
0.8909828
0.9125722
0.9125133
0.8497193
0.9691278
0.8913204
0.9075213
0.8987675
0.9106136
0.8995756
0.9006023
0.9090974
0.9145501
0.9225404
0.9244849
0.8890808
0.9168617
0.8400523
0.9213562
0.833722
0.9148854
0.9073736
0.9127038
0.9150568
0.9078947
0.9067439
0.9211628
0.8976798
0.8965061
0.9034963
0.8973805
0.8877769
0.8918196
0.8892813
0.8986013
0.8953631
0.8929668
0.9057749
0.8897237
0.8873529
0.8976137
0.894459
0.8955571
0.8931501
0.9045862
0.9039397
0.8966452
0.8973901
0.8917498
0.8969546
0.9009364
0.893571
0.8925599
0.9012085
0.8963952
0.8930304
0.8905656
0.8959991
0.8909352
0.8907578
0.8937406
0.901383
0.8616338
0.8681673
0.9125431
0.9118935
0.8952088
0.8856495
0.8474854
0.9175609
0.7723024
0.8661388
0.8886495
0.889132
0.8951879
0.8986563
0.900897
0.9120632
0.9023849
0.9115705
0.9132428
0.906577
0.9017099
0.8915906
0.8497119
0.9077471
0.872859
0.8968748
0.9144192
0.8945384
0.9058574
0.9121682
0.8995673
0.9033919
0.9043703
0.9037226
0.8469582
0.8467388
0.9023671
0.9142508
0.8852277
0.9119472
0.9119263
0.84147
0.9691409
0.8859335
0.9041348
0.8997053
0.9098717
0.9079703
0.9059711
0.9036999
0.9158679
0.9246551
0.923004
0.8859177
0.9123442
0.8334177
0.9180258
0.8317084
0.9125022
0.9078479
0.9082718
0.9114505
0.9048667
0.9120659
0.9205612
0.898181
0.8946413
0.9036754
0.8984389
0.8909576
0.8942028
0.896303
0.8901009
0.8967334
0.8944595
0.9015862
0.8873636
0.9009579
0.89829
0.8907226
0.8932601
0.8901313
0.9150472
0.9121511
0.9031186
0.9039022
0.9053706
0.9023766
0.9101487
0.9030314
0.9026686
0.9054594
0.906106
0.9031558
0.9036332
0.9099202
0.9036175
0.9053713
0.9022262
0.9092401
0.872572
0.8770743
0.9200196
0.9213255
0.9042695
0.8961263
0.8604729
0.9258339
0.8179575
0.8790973
0.9012832
0.900896
0.9077973
0.9078528
0.9133064
0.9193617
0.9136071
0.9200156
0.9188243
0.9175265
0.9103995
0.8981999
0.8640386
0.9169587
0.8866452
0.9107732
0.9242079
0.9057791
0.9115985
0.9176866
0.9039899
0.91591
0.9159081
0.9100011
0.8620703
0.862029
0.9124799
0.9232839
0.9048408
0.9178637
0.9177706
0.8590644
0.9710891
0.8965947
0.9125058
0.9069228
0.9185597
0.9135683
0.9070164
0.9154699
0.9246846
0.9255218
0.9286185
0.900701
0.9231934
0.852768
0.9238557
0.8492635
0.9194205
0.9170238
0.9160332
0.9237643
0.9097391
0.9153972
0.924449
0.9064039
0.9083518
0.9110107
0.9086797
0.9033365
0.9032495
0.9041644
0.900805
0.9026082
0.9033381
0.9078554
0.8995325
0.9103538
0.9067831
0.9051203
0.9068907
0.9061668
0.9131348
0.8992007
0.8993685
0.8982169
0.8967709
0.8985465
0.9004409
0.8928689
0.8988817
0.9021873
0.8948448
0.8936686
0.8936147
0.8915782
0.8961248
0.8995294
0.8974528
0.9135069
0.8609201
0.8757252
0.9094565
0.9169499
0.8980961
0.8927262
0.8545847
0.9202875
0.8044354
0.866408
0.8938151
0.8940417
0.8994825
0.9003197
0.8995149
0.9184825
0.8989652
0.9098614
0.907544
0.9054403
0.8997665
0.8950724
0.8403947
0.9050466
0.8706096
0.9121719
0.9122563
0.8985935
0.9103804
0.9095247
0.8975068
0.9133782
0.895478
0.903021
0.8569339
0.8417743
0.9171213
0.9172938
0.8967457
0.9128871
0.9136409
0.8495042
0.9704007
0.8912923
0.9081277
0.9001257
0.9089666
0.8938975
0.903662
0.9082199
0.9129445
0.9209929
0.925267
0.886696
0.9154593
0.8426901
0.919568
0.8328333
0.9150565
0.9051858
0.913528
0.9171239
0.9056332
0.9034072
0.92064
0.8968067
0.8984994
0.9038546
0.8963054
0.8869739
0.8911727
0.8883596
0.90141
0.8959345
0.8946537
0.9070384
0.888814
0.8852528
0.8982731
0.8995228
0.8967203
0.8938212
0.918846
0.8925875
0.8979396
0.8995365
0.890536
0.9000736
0.8966972
0.8917985
0.8996832
0.9005598
0.8875709
0.8887645
0.8870382
0.8852404
0.8934557
0.8928226
0.8980786
0.9222537
0.9029788
0.9173796
0.8951689
0.9040421
0.898849
0.9010833
0.9124677
0.9145019
0.9028936
0.9068853
0.8957252
0.89521
0.8992362
0.9025867
0.8938365
0.9142208
0.8976148
0.9058875
0.9030855
0.8990306
0.8999298
0.8953437
0.88767
0.90026
0.8938481
0.923088
0.9113434
0.8948712
0.9041925
0.8987681
0.8912721
0.9060832
0.8513717
0.8873239
0.9033392
0.8864764
0.9308824
0.9132081
0.8922871
0.9047584
0.9052097
0.9062752
0.9638056
0.8967318
0.9022839
0.9002039
0.9057765
0.8765068
0.9020967
0.9087199
0.9084667
0.9199655
0.9217833
0.8892005
0.9126231
0.9033715
0.9181308
0.9098247
0.910823
0.9004396
0.9075924
0.9189676
0.899164
0.8907017
0.9166966
0.8937282
0.8987313
0.905529
0.8923626
0.8816895
0.8862626
0.8698292
0.8991336
0.8914422
0.8881571
0.9053794
0.8839422
0.8686721
0.8947309
0.8899427
0.890127
0.8866502
0.9136548
0.8972302
0.8988478
0.8999927
0.8908829
0.8991532
0.8995758
0.8911171
0.9005444
0.9013789
0.8903636
0.8886196
0.8887644
0.8855547
0.8943756
0.8942354
0.8982543
0.9219754
0.9010467
0.9130691
0.9014718
0.9053976
0.8984145
0.8989265
0.9115978
0.9145007
0.902821
0.9041535
0.8923935
0.8922111
0.8963593
0.902193
0.895777
0.9169122
0.9025671
0.9051353
0.9033342
0.9026125
0.8975004
0.8910457
0.8874831
0.9019178
0.8905025
0.9219512
0.910242
0.8920602
0.907106
0.9005523
0.8900993
0.9076745
0.8507906
0.8826205
0.9008014
0.884545
0.9330472
0.9116243
0.8888021
0.9057971
0.9062477
0.9054381
0.9650224
0.8965402
0.9047723
0.902487
0.9027798
0.8733397
0.899552
0.9101124
0.9124757
0.9191063
0.91955
0.887933
0.9120724
0.8989419
0.919875
0.9084791
0.9116473
0.9019773
0.9082733
0.9174051
0.9054714
0.8902704
0.9177822
0.8892128
0.8932144
0.9050492
0.8905432
0.8815885
0.8878062
0.8742448
0.9000895
0.8919237
0.8871999
0.9040334
0.8854084
0.8677758
0.8938733
0.8837818
0.8900642
0.8876266
0.900798
0.8878718
0.8832459
0.8871015
0.8812867
0.8844116
0.8941989
0.877016
0.8817669
0.8887473
0.8828013
0.8792062
0.8781784
0.8817849
0.8822341
0.8855397
0.8846408
0.8936377
0.8976438
0.9072389
0.8979199
0.9026036
0.8856548
0.8831338
0.8989622
0.9105544
0.8940639
0.8953852
0.8913777
0.8922143
0.8879854
0.8925234
0.8937414
0.9070246
0.896801
0.906669
0.908379
0.8996998
0.8950328
0.8774645
0.8886074
0.8971835
0.9003968
0.9053452
0.902526
0.8908589
0.898178
0.8885188
0.7662526
0.8967099
0.8957448
0.8967083
0.8901676
0.8876372
0.9124848
0.9036002
0.8847335
0.8969489
0.8966813
0.8960432
0.9720546
0.8764817
0.8949358
0.8972826
0.9065034
0.8896054
0.8951887
0.8950693
0.9104546
0.9151663
0.9129749
0.8842678
0.9012673
0.8938586
0.9011056
0.9050665
0.9031022
0.8973981
0.8953786
0.9019783
0.8932771
0.8949849
0.9088654
0.8868246
0.8928309
0.9043475
0.8957218
0.8872882
0.8876146
0.8884523
0.8965038
0.8954594
0.8951343
0.9003106
0.8885719
0.8902665
0.8924132
0.8841258
0.881905
0.8825103
0.896538
0.8965974
0.8883108
0.8923388
0.8898748
0.8922593
0.8949821
0.8886468
0.8915105
0.8930947
0.8898044
0.8903622
0.8845408
0.8896692
0.8903059
0.8938665
0.892191
0.8933118
0.9027683
0.9071465
0.9003188
0.9069398
0.8923661
0.8926882
0.9099378
0.9077184
0.9027236
0.9079484
0.9006956
0.9006297
0.8909387
0.8925593
0.9004172
0.9039083
0.9044399
0.9125716
0.9060722
0.9094612
0.8993192
0.8878862
0.8997682
0.8955823
0.9087603
0.9115344
0.9020598
0.8946229
0.898864
0.8970062
0.7236891
0.8983843
0.9039914
0.9030458
0.893843
0.8984167
0.9100891
0.9004884
0.8918214
0.8992066
0.8989816
0.9050433
0.9712518
0.8860206
0.8996213
0.8998595
0.9107618
0.8990458
0.8997928
0.8980302
0.9161125
0.9130619
0.9143097
0.8929661
0.9024486
0.9008895
0.9008774
0.907977
0.9043429
0.8957564
0.8975454
0.9029213
0.8954544
0.8985668
0.908924
0.8889649
0.9045621
0.9077383
0.9010582
0.8982027
0.895512
0.8984441
0.9054719
0.9052162
0.905388
0.908169
0.8983051
0.8996788
0.9044503
0.8906205
0.8926429
0.8937685
0.8945586
0.8924987
0.890227
0.8901935
0.8877222
0.8890221
0.8941751
0.8827273
0.8849422
0.8898616
0.8814025
0.8844127
0.8804883
0.8830439
0.8889496
0.8898268
0.8858135
0.896912
0.9017426
0.9096818
0.8962029
0.89874
0.8920271
0.8889609
0.903665
0.9111998
0.8988597
0.9011802
0.895401
0.8965467
0.8905155
0.8931825
0.8979923
0.906556
0.8996724
0.905887
0.9032673
0.9031538
0.8962472
0.8829324
0.8937824
0.8966012
0.8971564
0.9115518
0.9031546
0.8902762
0.8959343
0.8955706
0.7535395
0.9011263
0.8937835
0.8991965
0.8921959
0.892742
0.916643
0.9014343
0.887647
0.9002599
0.9007408
0.8995997
0.9689051
0.8781491
0.8969327
0.8995678
0.9076394
0.8912662
0.9022149
0.8965554
0.91083
0.9139641
0.9156214
0.8850356
0.9039758
0.8970519
0.9037742
0.9057297
0.9076728
0.8966174
0.8993575
0.9055401
0.8940114
0.8978107
0.9088207
0.8877367
0.8962054
0.9024408
0.8981856
0.8898803
0.8893699
0.8873972
0.8986501
0.8993778
0.8960104
0.9048853
0.8932651
0.889577
0.8979921
0.8867595
0.8856466
0.888521
0.8998008
0.8950786
0.8892164
0.8920785
0.8898118
0.8920387
0.8958767
0.8865168
0.8904845
0.8953946
0.8908292
0.8911463
0.881973
0.8930159
0.8900411
0.8906329
0.890397
0.9003005
0.9020109
0.905402
0.8999965
0.9036085
0.8935885
0.8865555
0.9086568
0.9098778
0.8961691
0.9017268
0.891356
0.8916244
0.8877284
0.8980363
0.8969914
0.9075517
0.900338
0.9060709
0.9082448
0.9028682
0.899506
0.8875364
0.8952697
0.8997926
0.9019117
0.9091656
0.9024034
0.8945657
0.9003072
0.8952094
0.7379384
0.8977419
0.8952615
0.9031177
0.8948413
0.8947806
0.9120319
0.9030025
0.8883758
0.9041912
0.9042432
0.8985607
0.9707665
0.8843931
0.9014959
0.8992012
0.9071349
0.895337
0.8985294
0.8997561
0.9139517
0.9139099
0.9104305
0.8872802
0.9001252
0.8978073
0.9093583
0.9080145
0.904841
0.9000859
0.8986792
0.904711
0.8967855
0.896857
0.9099643
0.8916595
0.8982915
0.9035844
0.8962849
0.8949704
0.8955361
0.8931068
0.9012076
0.9030034
0.8983753
0.9085926
0.8892953
0.8938346
0.8939361
0.887571
0.8874714
0.8853194
0.8977557
0.89297
0.8852441
0.8854329
0.8860329
0.8853837
0.8919803
0.8806937
0.8858006
0.8869132
0.8812102
0.884746
0.8789383
0.8827687
0.882157
0.8845578
0.8862658
0.8943227
0.9019587
0.9027647
0.8945794
0.9013011
0.8885217
0.8916717
0.908249
0.9106652
0.8987236
0.9002092
0.8932545
0.8935194
0.8899089
0.8864643
0.8983747
0.9065278
0.89684
0.9098547
0.9077611
0.9028941
0.8966738
0.8814701
0.8944993
0.8938539
0.9017
0.9064535
0.90395
0.8903142
0.8967134
0.8962328
0.7581239
0.8936262
0.8914656
0.8991399
0.8901062
0.8963689
0.9119322
0.9019657
0.8883359
0.9000071
0.8999004
0.898035
0.970103
0.8764216
0.8947822
0.8983994
0.9054481
0.8956397
0.8979305
0.8968998
0.9125549
0.9137712
0.9120498
0.8877693
0.9027015
0.9005499
0.9072885
0.9068701
0.9028879
0.8941468
0.9015842
0.9035256
0.8938044
0.8971257
0.9069743
0.8922143
0.8965153
0.9046002
0.8956453
0.8927553
0.8890818
0.888603
0.9036258
0.8979832
0.8982844
0.9058294
0.8890079
0.8888218
0.8935654
0.8863578
0.8870687
0.8858506
0.9049539
0.9004063
0.8923859
0.8936727
0.8950836
0.8916977
0.8995429
0.8939272
0.8898878
0.8958833
0.8925442
0.8898622
0.891877
0.8911894
0.8935774
0.8949326
0.8906519
0.9071541
0.858816
0.8710807
0.9062877
0.9125159
0.8962772
0.8874283
0.8479727
0.9214223
0.8406528
0.8642935
0.8947542
0.8932731
0.9009743
0.8978623
0.9026782
0.9094729
0.9019707
0.9120836
0.9101364
0.9064171
0.902333
0.8897681
0.8444095
0.9037399
0.8780242
0.9027577
0.9122894
0.9003295
0.9032686
0.9076604
0.894691
0.9050938
0.8991449
0.9036577
0.8544938
0.844863
0.9064676
0.9088197
0.8975374
0.9090133
0.9088742
0.8473268
0.9721178
0.8903276
0.9042649
0.8948988
0.9049653
0.8984087
0.898668
0.9050546
0.9140887
0.920603
0.9205727
0.8952026
0.9137796
0.6849476
0.915155
0.8522548
0.9117356
0.9037992
0.9065753
0.9166341
0.9030253
0.9036019
0.919567
0.8965579
0.9003772
0.9073563
0.8937032
0.8870544
0.889952
0.8904367
0.8958356
0.8953536
0.8928732
0.9043618
0.8910733
0.8924454
0.8938912
0.8935627
0.8967508
0.8974424
0.910847
0.9044419
0.8989063
0.9013513
0.9003831
0.9008057
0.9013303
0.9003454
0.8985012
0.9008862
0.8963642
0.8952357
0.8941306
0.8868493
0.8996902
0.901948
0.9004081
0.9096871
0.8610912
0.8839276
0.9117407
0.9153688
0.9063212
0.897831
0.8733316
0.9202729
0.8606504
0.8710257
0.8936806
0.8930915
0.9000218
0.902447
0.9001747
0.9143162
0.8988249
0.9107226
0.9106017
0.9001021
0.9001457
0.8957046
0.855896
0.903084
0.8702949
0.9121702
0.9153097
0.8975311
0.9106153
0.9105418
0.8964464
0.9121357
0.8897034
0.9063011
0.8532814
0.8470127
0.9183907
0.9176323
0.8908644
0.9118013
0.9118966
0.8643112
0.9680611
0.891735
0.9079759
0.8995969
0.9057531
0.8883001
0.9007123
0.9098319
0.9101556
0.9237967
0.9214358
0.8850056
0.9156455
0.8630412
0.9180194
0.8699387
0.9196772
0.903578
0.9111087
0.916806
0.9096414
0.9080579
0.9208536
0.8962309
0.891995
0.901697
0.8929635
0.8854202
0.8886354
0.8816024
0.8939461
0.8918261
0.8862373
0.9039862
0.8906337
0.880237
0.8934636
0.8854754
0.8901956
0.893526
0.9144123
0.8990453
0.9018676
0.9013474
0.9021692
0.9021608
0.9028768
0.8975561
0.9002921
0.9028825
0.8930845
0.893979
0.8909804
0.888
0.9003222
0.9014254
0.8997141
0.9161683
0.860264
0.889167
0.9088732
0.9131163
0.9028355
0.9008791
0.8771231
0.9230824
0.8590748
0.8724716
0.8913746
0.8916061
0.8969461
0.9078928
0.8945027
0.9173975
0.8960625
0.9078567
0.9046516
0.8994866
0.9009803
0.8971705
0.8468489
0.901697
0.8651737
0.9184055
0.9161905
0.8942692
0.9138987
0.9099579
0.8937878
0.910353
0.8788599
0.9080372
0.8557172
0.843654
0.9277332
0.9174787
0.8892087
0.9138319
0.9142
0.868213
0.9642292
0.8942276
0.9094215
0.9024996
0.906543
0.8790947
0.9015254
0.9067941
0.9088695
0.9220705
0.9230905
0.8832519
0.9155595
0.8650311
0.9249326
0.8788193
0.9177727
0.9019153
0.912801
0.9208951
0.9079498
0.9033075
0.9221355
0.9002031
0.897359
0.9045204
0.8951739
0.8837218
0.8916882
0.8792226
0.8957923
0.8915204
0.8853457
0.9109479
0.8854732
0.8708117
0.8931694
0.8868301
0.8899285
0.8863149
0.9130451
0.9011611
0.8973259
0.897263
0.8986358
0.8964563
0.9024114
0.8951225
0.8986255
0.8983257
0.8941713
0.8917854
0.8920579
0.8874433
0.8952208
0.8922071
0.8975868
0.9165975
0.86445
0.8897419
0.9075964
0.9121539
0.9024471
0.8970185
0.8798352
0.9222492
0.8583812
0.8780258
0.8898849
0.8901622
0.8978108
0.9033854
0.8985341
0.9115012
0.9009784
0.9073535
0.9062762
0.8988241
0.8991544
0.8942372
0.8494486
0.901462
0.868272
0.9146444
0.917631
0.8946259
0.911128
0.9062591
0.8967473
0.9103857
0.8827836
0.9095345
0.8561908
0.8507503
0.9215807
0.9138276
0.8883305
0.9145158
0.9146135
0.8685079
0.9667728
0.8948764
0.9082192
0.8978437
0.9085623
0.883387
0.8972751
0.9082729
0.9117584
0.9221924
0.9217651
0.8786873
0.9176632
0.8653478
0.9234597
0.876839
0.9136662
0.9013605
0.912182
0.916925
0.9062546
0.9027656
0.9224887
0.8971747
0.8988517
0.9052784
0.8954128
0.8822989
0.8908596
0.8818052
0.8968664
0.8908974
0.88432
0.9088179
0.8859409
0.875514
0.8939405
0.8845981
0.887446
0.8814848
0.9053995
0.9039187
0.8974144
0.8985123
0.8978284
0.8965969
0.9045961
0.8957657
0.8982952
0.8982397
0.8953938
0.8962822
0.8961115
0.889584
0.8962268
0.896047
0.8935936
0.9057133
0.8620248
0.876647
0.9098684
0.9155383
0.8995132
0.8888122
0.869826
0.9193298
0.8548676
0.8694414
0.8907774
0.8901894
0.9006137
0.9024769
0.8976826
0.9136772
0.8995387
0.9065172
0.9077309
0.9029317
0.8987761
0.8946522
0.8499809
0.9010565
0.867631
0.9089335
0.9137827
0.8966835
0.906222
0.9073603
0.8958008
0.911419
0.8901256
0.9025047
0.8511115
0.8498196
0.9172036
0.9112277
0.8898094
0.9139827
0.9144256
0.8666392
0.9684817
0.8872989
0.9069034
0.8947752
0.9058939
0.887079
0.8963871
0.903996
0.9123816
0.9229683
0.9225786
0.8835271
0.9139996
0.8557623
0.9178408
0.8671433
0.9171725
0.9012337
0.9043397
0.9138478
0.9083351
0.9068684
0.9205211
0.8966664
0.896445
0.9031338
0.8946873
0.8893184
0.8908359
0.8855037
0.8938223
0.8902914
0.8912708
0.9037393
0.8852361
0.8831692
0.8943659
0.8897727
0.8922661
0.8866093
0.906166
0.9029084
0.8973957
0.8985323
0.8986853
0.8981414
0.9053148
0.8963923
0.8993943
0.9022872
0.8997495
0.8934801
0.8931424
0.8940607
0.8974565
0.8996003
0.894631
0.909169
0.8552522
0.8796784
0.9108003
0.9162256
0.9009675
0.8884006
0.8718568
0.9174507
0.8566869
0.8740078
0.8914623
0.8925483
0.9003519
0.9031257
0.8984253
0.915488
0.8983586
0.9076245
0.9084822
0.9007126
0.8986757
0.8964901
0.85331
0.9051344
0.8743579
0.9066955
0.9155169
0.898748
0.9101356
0.9060371
0.9000181
0.9102984
0.8963127
0.9023202
0.8492008
0.8539903
0.9154163
0.9138826
0.889922
0.9106642
0.9106425
0.8631705
0.9689785
0.8872102
0.9066777
0.8944317
0.9057509
0.8901877
0.8986803
0.9096252
0.9126152
0.9223496
0.918863
0.8861624
0.9165453
0.8562312
0.9172991
0.8690971
0.9190359
0.9053123
0.9069492
0.9161634
0.9092014
0.9090259
0.9219581
0.8945331
0.8981301
0.9054266
0.8947521
0.8840389
0.890412
0.8861724
0.8953986
0.8943759
0.8952844
0.9030062
0.887396
0.8865779
0.8959458
0.8904947
0.8872191
0.8898653
0.9070078
0.9092491
0.901912
0.8991031
0.9020521
0.9000252
0.9063846
0.9018266
0.900436
0.9013724
0.9026112
0.9007984
0.9036123
0.9029548
0.9030827
0.9015944
0.8980723
0.9030769
0.8735152
0.879134
0.9163221
0.9177794
0.903104
0.8957698
0.8610003
0.9222553
0.7681567
0.8770328
0.9027047
0.9027556
0.9063935
0.906335
0.9110054
0.9128821
0.9116598
0.9153628
0.9190676
0.9111875
0.9123848
0.8971164
0.8631496
0.9163282
0.8885575
0.9032409
0.9179982
0.9066151
0.9101267
0.9122944
0.9056941
0.9102886
0.9141433
0.9143685
0.8639378
0.860724
0.9111516
0.9168235
0.8982873
0.91403
0.9135894
0.8616449
0.9702683
0.8981623
0.90933
0.9065393
0.9114538
0.9113438
0.9086614
0.9137227
0.9199398
0.9231066
0.9241777
0.8993727
0.9181831
0.8539798
0.915262
0.8408205
0.9156398
0.9165842
0.9139014
0.9145112
0.9090812
0.9146544
0.9210923
0.908474
0.9080805
0.9099473
0.9078307
0.9038002
0.9032695
0.9036153
0.9066957
0.9047252
0.9079974
0.9102591
0.8976207
0.9088948
0.911866
0.9020992
0.9049788
0.901686
0.9010949
0.8992684
0.8925892
0.8964478
0.8919951
0.8914545
0.8975664
0.892758
0.8918317
0.898696
0.8908825
0.8920147
0.8930142
0.8902974
0.8911457
0.8896266
0.8922761
0.8983265
0.8986024
0.8973198
0.9101446
0.9143888
0.8945929
0.8873009
0.8942346
0.9169941
0.8883551
0.896456
0.715379
0.7173616
0.8906462
0.9026875
0.9012592
0.9107003
0.8987144
0.9086023
0.9103165
0.9055654
0.9038977
0.8915949
0.8924731
0.8997223
0.893355
0.8916871
0.9111539
0.8952946
0.9069359
0.904661
0.8948555
0.9071454
0.896597
0.9068512
0.8803968
0.8855231
0.9015275
0.9148175
0.8888563
0.9107809
0.9104881
0.8908511
0.9707171
0.8818165
0.9042026
0.8962916
0.906401
0.897952
0.8962168
0.9084906
0.9161897
0.9209457
0.9188288
0.883226
0.9131117
0.8921197
0.9183384
0.902505
0.9097138
0.9001371
0.9089866
0.9150866
0.9004688
0.9058971
0.9215451
0.8931251
0.8930404
0.8999707
0.8871361
0.8880087
0.8860873
0.8839303
0.894251
0.8881515
0.886566
0.8955612
0.8827147
0.8849933
0.8891992
0.8917447
0.8909516
0.8923729
0.9097135
0.9027251
0.8987901
0.9006663
0.8966524
0.9018661
0.9029685
0.8969928
0.8982683
0.9006388
0.9003722
0.8983069
0.8968589
0.8981044
0.9002859
0.9018525
0.8991664
0.9118692
0.8764552
0.8413169
0.9095884
0.9143139
0.9043491
0.8958618
0.8772776
0.9196485
0.8749907
0.8683524
0.9002878
0.8995011
0.9012092
0.9040043
0.9051184
0.9138382
0.9098229
0.9118902
0.9121953
0.905095
0.9078073
0.8959294
0.8707676
0.9076748
0.8854798
0.9108812
0.9113246
0.9050305
0.9091103
0.9100836
0.9024154
0.9109371
0.8995573
0.9110113
0.8687602
0.8698234
0.9144479
0.9146237
0.9001734
0.9146776
0.9143906
0.8775375
0.9723151
0.8928021
0.9106775
0.9025517
0.9149488
0.9027938
0.9034644
0.9063708
0.9175917
0.9232281
0.9236256
0.8948155
0.909366
0.8728615
0.9190085
0.8825979
0.9156766
0.9078525
0.912468
0.9131221
0.9081382
0.9073025
0.9194671
0.902254
0.9032587
0.904793
0.9010922
0.8940875
0.9005917
0.8961692
0.8994037
0.903379
0.9036243
0.9088199
0.902083
0.8971811
0.904062
0.899382
0.9014125
0.9015873
0.9106493
0.9062779
0.9005353
0.9038178
0.8963267
0.9056048
0.9040592
0.8985817
0.9043219
0.903797
0.8962565
0.8974201
0.8983334
0.9002415
0.9005175
0.9024795
0.9002752
0.9120949
0.8703924
0.8393381
0.9087344
0.9141167
0.9046574
0.8981501
0.8754471
0.917512
0.8707351
0.8593233
0.8925741
0.8919484
0.9008449
0.9017491
0.9000832
0.9143312
0.9053505
0.9116904
0.9100588
0.9076093
0.9067007
0.8967232
0.8695327
0.905444
0.8859656
0.9089213
0.91704
0.9014709
0.9118524
0.9062255
0.8994017
0.9113552
0.8997545
0.9092021
0.8700313
0.8672915
0.9179179
0.9158153
0.8959391
0.9127548
0.9131188
0.8753282
0.9724867
0.8957922
0.9106711
0.8955991
0.9124601
0.8994857
0.9016196
0.9099147
0.9171294
0.925599
0.9255271
0.8923038
0.915652
0.8657489
0.9205254
0.8839755
0.9143732
0.9061294
0.9133511
0.9149253
0.910927
0.9072959
0.921206
0.8991352
0.9014917
0.9059383
0.8970562
0.8918557
0.898114
0.8934423
0.8987115
0.9035737
0.8980745
0.9054333
0.8918749
0.894135
0.9065738
0.8988175
0.8958348
0.8979222
0.8956673
0.8959409
0.8852356
0.8905463
0.888897
0.8894004
0.895505
0.8855832
0.8871581
0.8894745
0.8877517
0.8894266
0.886523
0.8840424
0.8859938
0.8844143
0.8819633
0.8910974
0.8952762
0.8910994
0.9078303
0.9107946
0.8895891
0.8838729
0.8900905
0.9144295
0.8839232
0.8926885
0.7215705
0.7217923
0.8901378
0.8991431
0.897927
0.9097887
0.8959226
0.9058943
0.9058526
0.9020396
0.9001536
0.8840574
0.8883889
0.8997205
0.8938056
0.8860136
0.908248
0.893278
0.9022722
0.906783
0.8936497
0.9033654
0.8924813
0.9031751
0.8787018
0.8872433
0.8993269
0.9097257
0.8863216
0.904618
0.9047893
0.8841289
0.9713388
0.8798964
0.8990159
0.8915506
0.9037749
0.8980957
0.8929169
0.9035546
0.9168265
0.9191124
0.9163775
0.8789442
0.910496
0.8864195
0.9144238
0.8982853
0.9057862
0.9000581
0.9014714
0.9118291
0.8954217
0.9037982
0.9163727
0.8960614
0.8882048
0.8910159
0.8891735
0.8787382
0.8870877
0.8829759
0.8885984
0.8866049
0.8823619
0.8961751
0.8814219
0.8860954
0.8877968
0.8885035
0.8872943
0.8878674
0.9082163
0.9063842
0.8993423
0.9004872
0.9009038
0.8984587
0.9058152
0.8926596
0.8972921
0.8994399
0.9032488
0.8992204
0.8985845
0.9037418
0.8978656
0.8984372
0.8969523
0.9033946
0.8757211
0.8766583
0.9167071
0.9207644
0.9023305
0.8945668
0.8576764
0.9238375
0.8382984
0.8792707
0.9006256
0.9011127
0.9041476
0.9052982
0.9105375
0.9147133
0.9115313
0.9184492
0.9201003
0.9154795
0.9120172
0.8947784
0.8603768
0.912007
0.8906324
0.9040268
0.9213666
0.9034355
0.9094803
0.9169807
0.908491
0.9121194
0.9159071
0.9081081
0.8585193
0.864839
0.9086368
0.9189909
0.9036363
0.9113734
0.9107817
0.8539752
0.9736343
0.8939619
0.904609
0.900159
0.9122633
0.9111483
0.903628
0.9108953
0.9246356
0.9245309
0.9250592
0.9005264
0.9210307
0.852863
0.9210508
0.8492367
0.9131675
0.9119164
0.9143198
0.9179104
0.9089055
0.9176339
0.9233988
0.905074
0.9015443
0.9058158
0.9020349
0.9014028
0.8998512
0.8993992
0.8987607
0.8995625
0.9001501
0.9055503
0.8948404
0.9129082
0.9033225
0.9032889
0.9070187
0.9077773
0.9040929
0.9092124
0.8967795
0.8985719
0.9039878
0.8968851
0.9073382
0.8971758
0.8958311
0.8993279
0.9025974
0.9002112
0.9013504
0.9051963
0.8990931
0.8993877
0.8935741
0.9024754
0.8745239
0.871657
0.9170107
0.9210371
0.90332
0.8923949
0.8555997
0.9215761
0.8397144
0.8685676
0.8991666
0.9003707
0.9062278
0.9088401
0.9121081
0.9118977
0.9097121
0.9178125
0.9234168
0.91525
0.9138949
0.8984588
0.8654632
0.9129931
0.8896094
0.9029864
0.9190874
0.908037
0.9119568
0.9199303
0.9086698
0.9136731
0.9182219
0.9069635
0.8603276
0.8736599
0.9060209
0.9197193
0.9029867
0.9146316
0.9137027
0.8525141
0.97498
0.8952381
0.9094078
0.9001658
0.9167179
0.9158936
0.9057808
0.9131093
0.9215639
0.9224192
0.9266291
0.9040346
0.9218315
0.8550024
0.9175575
0.85029
0.9144121
0.9131702
0.9142415
0.9169698
0.9063096
0.9195258
0.9223325
0.908137
0.9052669
0.906659
0.9043346
0.9030553
0.9030901
0.9041126
0.8985261
0.9007737
0.9026542
0.9042564
0.8973331
0.9157671
0.9068576
0.9054477
0.9058372
0.9087686
0.8582011
0.9002594
0.881791
0.8874074
0.888717
0.8808415
0.8919171
0.8850608
0.8840206
0.8895635
0.8945625
0.893445
0.8866298
0.902652
0.8840833
0.8902113
0.8844389
0.8917513
0.919157
0.9126433
0.8946248
0.8951948
0.8841111
0.8912134
0.9152094
0.8573324
0.9218474
0.9177685
0.9176914
0.9184904
0.8850971
0.8835135
0.9024643
0.8842041
0.9084354
0.9208935
0.9169122
0.9117166
0.9049064
0.8834407
0.925371
0.8590359
0.9249691
0.9094075
0.8546759
0.9019111
0.8847388
0.8890925
0.9082049
0.8852807
0.9314456
0.9176754
0.915865
0.924192
0.9048826
0.8650785
0.9036794
0.8931309
0.8934926
0.9168579
0.9713932
0.8828882
0.8958929
0.9114234
0.9222673
0.933293
0.9105393
0.8414643
0.9152649
0.8826376
0.8850895
0.9094184
0.8538847
0.9165039
0.8458725
0.920445
0.8908572
0.8590738
0.8703744
0.8505226
0.8913527
0.8936505
0.851082
0.902054
0.9175423
0.9185443
0.9236413
0.9167749
0.9223464
0.9231932
0.9119682
0.9252413
0.9273138
0.9170653
0.9198641
0.9318379
0.9217797
0.9045038
0.9043107
0.9069817
0.8557883
0.8883424
0.8819285
0.8861327
0.8824997
0.8816301
0.8865468
0.8834944
0.8805823
0.8841337
0.8877662
0.8885225
0.8815194
0.8929945
0.8832034
0.8855078
0.8811957
0.8956829
0.9132991
0.9097566
0.886539
0.8894083
0.8858644
0.8867674
0.9159359
0.8673313
0.9138594
0.9189141
0.9112318
0.9111547
0.8811726
0.8820284
0.8976624
0.8775931
0.9031038
0.9113054
0.9127573
0.9011438
0.9000825
0.8755176
0.911793
0.8711809
0.9180089
0.9093331
0.8620221
0.8905483
0.8746955
0.8741809
0.9013582
0.8803437
0.9148983
0.9113199
0.912549
0.9119646
0.9087807
0.8610226
0.8964415
0.8905318
0.8906557
0.9107073
0.9718531
0.8783784
0.8897584
0.9030132
0.9123024
0.917275
0.89863
0.8482483
0.9111632
0.8826523
0.8832683
0.9027329
0.864144
0.9138821
0.8552982
0.916997
0.8900774
0.8708947
0.86336
0.7392864
0.8831521
0.8842853
0.8654402
0.8957561
0.9135189
0.9137974
0.9179595
0.9111602
0.913347
0.9135753
0.9052632
0.9183571
0.9177275
0.9123576
0.9077207
0.9156618
0.9155167
0.8919494
0.8928032
0.8956731
0.8549489
0.893805
0.8767731
0.877449
0.8787328
0.8711194
0.8893599
0.8758151
0.8746016
0.8765915
0.8830426
0.8842469
0.8764738
0.8937716
0.8752157
0.8776041
0.8736296
0.8888289
0.9119923
0.9077948
0.8962241
0.8919584
0.8812491
0.8890164
0.909755
0.8612857
0.9125468
0.9135114
0.9089703
0.9098325
0.8789318
0.8759911
0.8992318
0.8861552
0.8983355
0.9118456
0.9113808
0.9051043
0.9038881
0.8748991
0.916557
0.8506791
0.9195962
0.90313
0.852854
0.9016341
0.8819806
0.8839428
0.9026807
0.8845032
0.9233657
0.9134516
0.9074751
0.9144302
0.9033158
0.8660117
0.8996702
0.8893184
0.8887256
0.9121394
0.9713366
0.8743572
0.8863735
0.9050354
0.920882
0.9246294
0.9044679
0.8346198
0.9125
0.8814485
0.8851943
0.9010681
0.8518422
0.910277
0.8446181
0.9161687
0.8871152
0.8507129
0.8651884
0.8586792
0.8834442
0.8959346
0.8568899
0.8998257
0.9127851
0.9164736
0.9153517
0.9112417
0.91515
0.9175538
0.9077422
0.9191465
0.9203179
0.9103727
0.9097313
0.9235701
0.9149792
0.8991214
0.8971543
0.9034298
0.904253
0.904321
0.8944802
0.8955428
0.8982699
0.8933968
0.8999572
0.8940056
0.894606
0.8952261
0.8969429
0.8969856
0.8969776
0.8970271
0.8949384
0.89528
0.8952921
0.902002
0.8658514
0.867387
0.9119098
0.915642
0.90033
0.8903633
0.8493048
0.9206698
0.8391712
0.8675391
0.8925292
0.8917866
0.9035778
0.9039175
0.905259
0.9108199
0.9051835
0.9145907
0.913897
0.9096098
0.9080074
0.8930199
0.8430321
0.9077195
0.879591
0.9019221
0.9187336
0.9010532
0.9055487
0.9087629
0.8955556
0.9085777
0.9041943
0.9037971
0.8552057
0.8480556
0.9057575
0.9162337
0.8994004
0.9122376
0.9127901
0.84724
0.9716069
0.8897537
0.9052131
0.8943449
0.9056185
0.9008124
0.8987338
0.9074344
0.92081
0.9245211
0.9260907
0.8947483
0.9187673
0.7279906
0.9190543
0.860447
0.9132398
0.9077027
0.9069949
0.9154241
0.90667
0.9088177
0.9205275
0.8999501
0.8966709
0.9035531
0.9007117
0.8909125
0.8922358
0.8917474
0.8931521
0.8978947
0.8930055
0.9043371
0.8935834
0.8987833
0.8971239
0.8996806
0.9029525
0.9016734
0.9049784
0.902361
0.8946599
0.8927153
0.8975333
0.8917053
0.9007884
0.8943413
0.894988
0.8978227
0.8984327
0.8949368
0.8920882
0.8959113
0.8952444
0.8971585
0.8885785
0.9049039
0.8593827
0.8723364
0.9082549
0.9142029
0.897655
0.8919428
0.847704
0.9217704
0.8391155
0.8666517
0.8892503
0.8893196
0.8979963
0.9020997
0.9038914
0.9124884
0.9039754
0.9116502
0.9112183
0.9094419
0.9018761
0.8924141
0.8404333
0.9052968
0.8750703
0.9056345
0.9142157
0.900348
0.9079202
0.9115853
0.8963076
0.9085947
0.8961497
0.9070955
0.8502971
0.8399464
0.9089369
0.913735
0.8935689
0.9104775
0.9108045
0.8435769
0.9719414
0.8913982
0.9044062
0.894946
0.9061778
0.8984631
0.8974177
0.9088887
0.9208091
0.9194621
0.9244604
0.8890321
0.9170158
0.7386021
0.9198754
0.8584923
0.912808
0.9055926
0.9103997
0.9159795
0.9067441
0.9064135
0.9228034
0.8944149
0.8935385
0.9022705
0.894674
0.8858841
0.8859708
0.8863816
0.8938504
0.8925197
0.8874981
0.9020269
0.8872708
0.8889524
0.8920535
0.8919956
0.8956006
0.8939167
0.9028106
0.9048232
0.8961928
0.8983321
0.9023645
0.8977816
0.90074
0.8954719
0.898275
0.8983395
0.9026894
0.8957453
0.8954935
0.8986288
0.8976979
0.8974778
0.8955235
0.9034713
0.8724812
0.8748829
0.9090813
0.9164612
0.8984519
0.8944294
0.8486396
0.9234982
0.852062
0.873381
0.898892
0.8988276
0.9055788
0.903709
0.9111526
0.915304
0.9103263
0.9154469
0.9144005
0.9130154
0.9102311
0.8949248
0.8586035
0.9117092
0.8854136
0.9043905
0.9161772
0.9076503
0.9058264
0.912909
0.904957
0.9084921
0.9113817
0.9076262
0.8598373
0.8599625
0.9049338
0.9171834
0.9049816
0.9102168
0.9103884
0.8550834
0.9728715
0.8930397
0.9073267
0.9002928
0.9106888
0.9096342
0.9039235
0.9093706
0.9222733
0.9243154
0.9248162
0.9043841
0.9176641
0.7258289
0.9175721
0.8551491
0.9109279
0.9119658
0.9090063
0.9149389
0.9075047
0.9076038
0.9249027
0.9008116
0.9028371
0.9091436
0.9046443
0.9022631
0.8999152
0.9032928
0.8965403
0.8995816
0.899974
0.9074133
0.8952353
0.9051169
0.9005773
0.9012623
0.9077393
0.9051653
0.9127573
0.9041408
0.9031139
0.901191
0.897815
0.9
0.9004533
0.8968728
0.9012985
0.9012846
0.895081
0.8963401
0.8927859
0.8922105
0.8952286
0.9014692
0.8962791
0.9148501
0.8672296
0.8799669
0.9092273
0.9120722
0.899148
0.8978526
0.8611363
0.9205983
0.8436641
0.8697995
0.8901827
0.8903748
0.8994916
0.902652
0.8985162
0.9177863
0.9021438
0.9054098
0.9085269
0.9010619
0.9025094
0.894822
0.8421604
0.9014217
0.8678951
0.9149343
0.9146433
0.901732
0.9086622
0.9043623
0.8923709
0.9090648
0.8926271
0.9052074
0.8587686
0.8413902
0.9218134
0.9166247
0.8981183
0.9107245
0.9111318
0.8536288
0.9673234
0.8959914
0.9062353
0.900282
0.90774
0.885485
0.8977176
0.9067579
0.9136203
0.9222266
0.9264954
0.888724
0.9147076
0.7656121
0.922757
0.8620729
0.9133022
0.9021578
0.9108051
0.9176971
0.9079925
0.9010045
0.9202615
0.8935464
0.8972402
0.9082952
0.8976269
0.8872744
0.8868933
0.8827321
0.9006138
0.8955582
0.893936
0.9084085
0.8925283
0.882757
0.8956904
0.8943579
0.898816
0.8951098
0.9144043
0.9032432
0.8993335
0.9028059
0.9021927
0.8999927
0.9032119
0.8977273
0.9000472
0.9046482
0.895828
0.8949813
0.8956983
0.8960774
0.897668
0.8978491
0.9002331
0.9092766
0.8589928
0.8789866
0.9082376
0.9142321
0.8989855
0.8992868
0.8506993
0.9211242
0.8411449
0.871366
0.8983406
0.8976702
0.9006865
0.9047688
0.90008
0.91356
0.9035551
0.9074161
0.9097227
0.9076895
0.9079214
0.8988707
0.8389703
0.9091951
0.8717862
0.9114047
0.9197013
0.9035434
0.9095429
0.9135521
0.8974759
0.9088506
0.895077
0.9050907
0.8522333
0.8361267
0.9155339
0.9178787
0.8973593
0.9122832
0.9123786
0.8550275
0.9689598
0.895601
0.9115462
0.9015788
0.9078431
0.8939924
0.8978349
0.9086369
0.9178353
0.9212183
0.921372
0.8922545
0.9167793
0.7515159
0.9193377
0.8585745
0.9146436
0.9091398
0.9105805
0.9173983
0.9042856
0.9053724
0.9203702
0.9015844
0.9002865
0.9085978
0.896836
0.8928812
0.8923942
0.8909002
0.9006837
0.8978787
0.8965737
0.9065574
0.8911205
0.8858028
0.8966079
0.8960362
0.8996951
0.8955338
0.8949772
0.900289
0.8890854
0.8831145
0.8934907
0.8863519
0.8939008
0.8830165
0.8824943
0.8895748
0.8955475
0.8880118
0.8841563
0.8939023
0.8858991
0.8866706
0.8813811
0.8959477
0.8618438
0.8629386
0.9092365
0.9114906
0.8905453
0.8864748
0.8404292
0.9219402
0.8381521
0.8592542
0.8913736
0.890784
0.8925559
0.8985339
0.9026111
0.909985
0.8987393
0.9080315
0.9115117
0.9098114
0.9042584
0.8843394
0.8465327
0.9074606
0.8778749
0.8977609
0.9129287
0.8993301
0.9020966
0.9079316
0.898003
0.9024768
0.9059144
0.9012716
0.8472826
0.8458688
0.9021213
0.9152068
0.8934877
0.9062813
0.9066877
0.8394815
0.9726465
0.8818674
0.8975707
0.8933324
0.9090559
0.9019277
0.8988486
0.9014278
0.9169235
0.9209276
0.9199831
0.8863005
0.9140377
0.7667324
0.9111867
0.8539708
0.9096577
0.9074827
0.9062117
0.9136138
0.8985864
0.9055124
0.9200397
0.894819
0.8937021
0.9037884
0.8937137
0.8907554
0.8885726
0.8908083
0.894957
0.8958676
0.889619
0.9000361
0.8863722
0.8964038
0.8958743
0.8911767
0.8968158
0.898114
0.9136633
0.9035464
0.902557
0.9037453
0.899714
0.9013328
0.9048955
0.898509
0.8993486
0.9013337
0.8968515
0.8983051
0.8957134
0.8976197
0.8976861
0.8966185
0.9010172
0.9114613
0.8637596
0.8795212
0.9091653
0.9153912
0.9077968
0.900933
0.8551169
0.9242595
0.8355787
0.8754294
0.896046
0.8961875
0.9009494
0.9048773
0.8988182
0.9189563
0.904774
0.9107796
0.9118679
0.905184
0.9029525
0.898529
0.8408195
0.9050688
0.8765066
0.9135207
0.9163348
0.9013803
0.905895
0.909192
0.9003737
0.913124
0.8952994
0.902164
0.8603215
0.8430359
0.9197323
0.9147042
0.8975781
0.9124786
0.9125743
0.8526684
0.9685206
0.8964298
0.9106113
0.9001124
0.9041872
0.8949045
0.9016476
0.9091432
0.9167729
0.9231422
0.9241846
0.8886631
0.9180987
0.7633097
0.9220687
0.8610976
0.916416
0.9051289
0.9154869
0.9156712
0.9084838
0.9031933
0.9227483
0.8999422
0.9011983
0.9089915
0.8974118
0.8877213
0.893395
0.8867953
0.8998968
0.8915758
0.8923529
0.9059621
0.891211
0.8875497
0.8956825
0.8974209
0.8964662
0.8947003
0.9133078
0.9034302
0.9016012
0.9003665
0.9007918
0.9014156
0.9034383
0.8968651
0.9012709
0.9011772
0.8954045
0.8991134
0.8961234
0.8990262
0.897449
0.897228
0.9003792
0.912356
0.8639067
0.8759923
0.9081945
0.9140426
0.9049498
0.9032664
0.8526671
0.9215929
0.8356552
0.8730034
0.8967421
0.8968015
0.9009527
0.9040075
0.8998251
0.916572
0.900676
0.9089408
0.9099939
0.900915
0.9035926
0.8940948
0.839189
0.9060152
0.8756339
0.9136753
0.9156768
0.9009843
0.90778
0.9064477
0.8991395
0.9137415
0.8963845
0.9009239
0.8557789
0.8420005
0.9213487
0.9164129
0.8988273
0.913907
0.9143507
0.8526048
0.9684279
0.897734
0.9087356
0.8999339
0.9080299
0.8906722
0.9003514
0.9089863
0.9147721
0.9232129
0.9257213
0.8894096
0.9159361
0.7604145
0.9204199
0.8558837
0.9153389
0.9064298
0.9107745
0.9162867
0.9086407
0.9043403
0.9211438
0.8989917
0.9005551
0.9087928
0.8938943
0.8860526
0.8928239
0.887688
0.900346
0.8940283
0.893609
0.9051786
0.893777
0.8876439
0.8960976
0.8941594
0.8961896
0.89511
0.9175422
0.9000581
0.8997912
0.9026024
0.8964574
0.9027368
0.9019388
0.8978522
0.9019114
0.9052141
0.896144
0.8941124
0.8945485
0.8923388
0.9002968
0.9003148
0.9005351
0.9192125
0.864092
0.8851752
0.9061548
0.91069
0.9038511
0.903751
0.8598729
0.9218478
0.8441312
0.877285
0.8894021
0.8889344
0.898333
0.9036223
0.8959359
0.9156037
0.9019558
0.9074415
0.9043116
0.9020792
0.902562
0.896819
0.8350379
0.9000363
0.8666794
0.9177683
0.914119
0.901263
0.9118925
0.9092711
0.8940016
0.9094338
0.8854505
0.9026133
0.860293
0.8389935
0.927189
0.91762
0.8929781
0.91
0.9104858
0.8564468
0.9676567
0.8949768
0.910932
0.9026232
0.9099061
0.8822006
0.9008315
0.9104036
0.9144141
0.9202922
0.9231935
0.8877373
0.9172897
0.7764532
0.9228197
0.8589661
0.9132047
0.9005342
0.9123919
0.9216518
0.9075746
0.9027677
0.92132
0.8985792
0.8988007
0.9070296
0.8950246
0.8841086
0.8900744
0.8793968
0.8987511
0.8918644
0.8875969
0.9103042
0.8903734
0.8797723
0.8934285
0.8931857
0.8931604
0.8907985
0.9045723
0.9014211
0.8958243
0.8946892
0.8993819
0.8944525
0.9005232
0.8933387
0.8937035
0.8981267
0.8944539
0.8911061
0.8917774
0.896624
0.8931498
0.8923682
0.8919727
0.9080181
0.8629702
0.8691438
0.9115761
0.9120054
0.8984779
0.8915167
0.8488096
0.9206979
0.8413568
0.8685653
0.8913163
0.8917076
0.9005272
0.899333
0.9049127
0.9157052
0.9039707
0.9111443
0.9100164
0.906151
0.9047688
0.8955224
0.8435934
0.9055593
0.8778047
0.9054249
0.9179115
0.9001227
0.9073131
0.9097635
0.8980917
0.9080252
0.8993863
0.9018109
0.8506563
0.8485959
0.9094168
0.9136062
0.8954201
0.9085109
0.9090683
0.846291
0.9723235
0.8904366
0.907445
0.8952001
0.9088254
0.9015987
0.8985916
0.9065966
0.9182255
0.9219661
0.9220372
0.8933577
0.9179436
0.6888166
0.9194151
0.8559411
0.911496
0.9059319
0.9102477
0.9165694
0.9040278
0.9076435
0.9219928
0.8989776
0.8950457
0.9053804
0.9000215
0.890082
0.8880012
0.8895919
0.8960053
0.8987103
0.8937178
0.9019923
0.8930248
0.8946793
0.89521
0.8941006
0.8989855
0.8976837