0.905187
0.9144162
0.9031109
0.9171074
0.9076047
0.9085587
0.9073507
0.9152881
0.9048314
0.9070251
0.8973154
0.8966169
0.8830677
0.8537231
0.9286926
0.9281831
0.9013435
0.8537194
0.8945447
0.8982669
0.8969251
0.8928715
0.9056316
0.905624
0.9076046
0.9071914
0.7814253
0.7829753
0.797028
0.9174739
0.9205422
0.9078406
0.8446409
0.9115009
0.8995964
0.9089872
0.8996756
0.9132451
0.9113822
0.9121972
0.9099016
0.9167076
0.9096609
0.9040521
0.9074881
0.9070796
0.9036029
0.9078012
0.9041391
0.9156301
0.908726
0.8463216
0.9049698
0.9052662
0.9114237
0.9033026
0.9125906
0.841417
0.8422103
0.841903
0.9140984
0.9073462
0.920415
0.9229528
0.9139619
0.9221408
0.9087747
0.9036548
0.9006725
0.9090234
0.9195035
0.8967791
0.9046838
0.9132784
0.7774302
0.90761
0.9111987
0.908949
0.9174671
0.9176862
0.9107876
0.9057477
0.9141705
0.9216993
0.9093685
0.9090102
0.778656
0.9144467
0.9062633
0.9134582
0.9048312
0.9016388
0.9139087
0.9075225
0.9160479
0.9111356
0.909523
0.9148277
0.9135032
0.9076208
0.908725
0.9075445
0.9026571
0.9107788
0.9065401
0.9060635
0.9019835
0.9135802
0.9024043
0.9039614
0.894923
0.8901103
0.8734836
0.8450075
0.9250398
0.9232122
0.9013604
0.847818
0.8861974
0.8905542
0.8921757
0.8896063
0.9001786
0.8987439
0.9042007
0.904226
0.7710104
0.7715913
0.7888418
0.9165194
0.9207615
0.9067286
0.8356908
0.9076562
0.8987893
0.8995547
0.9007117
0.9055098
0.9097049
0.905119
0.907477
0.9167484
0.9069878
0.8982706
0.9100822
0.9109427
0.9018241
0.9036264
0.9004826
0.9146813
0.9024882
0.8333776
0.9015548
0.9024737
0.9078831
0.8998042
0.9048181
0.8380348
0.8386148
0.8373824
0.9176676
0.9066975
0.9166463
0.9212115
0.9160505
0.9222134
0.9048655
0.896588
0.8957303
0.9050862
0.9136537
0.8935341
0.899406
0.9114911
0.7655055
0.9062279
0.9085207
0.9071766
0.9161926
0.9159614
0.9094195
0.9047939
0.9143278
0.9227811
0.9045546
0.908168
0.7664372
0.9142617
0.90971
0.9122825
0.8991836
0.8936984
0.9155492
0.903778
0.9119963
0.914155
0.907303
0.9082356
0.913241
0.9046561
0.9048405
0.9108992
0.9016674
0.9148734
0.9047552
0.9060493
0.9037163
0.9122653
0.9059474
0.9074593
0.8984886
0.8945436
0.8814
0.8473663
0.9252468
0.9255388
0.8993535
0.8495182
0.8902716
0.8937418
0.8927729
0.887685
0.9045182
0.9053838
0.9050131
0.9043696
0.78255
0.7772546
0.7999611
0.9170882
0.9197868
0.9067139
0.8430043
0.9081923
0.8999572
0.9047721
0.9014039
0.9101124
0.9086911
0.9090208
0.9085055
0.9161966
0.9091342
0.900303
0.9091423
0.9111557
0.9030598
0.9062511
0.9033532
0.9133263
0.9052337
0.8430265
0.9023238
0.9019147
0.9074809
0.8990496
0.9090553
0.8393335
0.8410459
0.8389457
0.9162474
0.9061778
0.9181356
0.9232654
0.9126573
0.9187935
0.9072282
0.9005907
0.8944061
0.9080143
0.915141
0.8972275
0.9026921
0.91197
0.7768608
0.9048953
0.911648
0.9071616
0.9145545
0.9155281
0.9123789
0.9036579
0.9150686
0.9226081
0.9077345
0.9036406
0.7743025
0.912532
0.9067638
0.9121122
0.8971696
0.8980612
0.9131334
0.9024687
0.9109701
0.9125945
0.9107795
0.9109372
0.9152846
0.90425
0.9083013
0.8923866
0.9014601
0.8794809
0.9093064
0.8999678
0.8703704
0.9098428
0.9057367
0.9084667
0.8967898
0.8945881
0.8949981
0.9102665
0.8953768
0.9018246
0.8660195
0.91012
0.8922816
0.8905973
0.8955927
0.8928782
0.9085335
0.9102508
0.8624751
0.8636773
0.9128895
0.9110473
0.9104339
0.91962
0.9214513
0.9101019
0.9027285
0.912796
0.8605293
0.8585384
0.8595845
0.8666394
0.8628779
0.8651971
0.8625437
0.9165106
0.8979493
0.9052428
0.9115661
0.9160092
0.9081087
0.9085046
0.8639213
0.9045217
0.8756837
0.9073589
0.9036567
0.8999316
0.90392
0.9051124
0.8665895
0.908398
0.9062601
0.9090259
0.9172479
0.9165424
0.9065909
0.8703388
0.9158076
0.9208984
0.9049857
0.8941356
0.8985839
0.9083354
0.897977
0.8996524
0.8974146
0.910589
0.9148371
0.9169644
0.901688
0.9079847
0.9157246
0.9246357
0.922921
0.9110458
0.9222214
0.9207883
0.9005815
0.8968274
0.9130623
0.9166784
0.912196
0.9121591
0.895447
0.8925486
0.9126124
0.8626944
0.8601227
0.9193807
0.9141232
0.9011316
0.9279807
0.8708583
0.9121588
0.8932463
0.9021649
0.8762334
0.9110922
0.9025962
0.86679
0.9131406
0.9035175
0.9026601
0.89007
0.8912618
0.886623
0.9062062
0.8986274
0.9009226
0.8666566
0.9076691
0.8905301
0.8874805
0.8964205
0.891128
0.904092
0.9050074
0.8613439
0.8615692
0.9060437
0.9091793
0.9064671
0.9212038
0.9237372
0.902231
0.8971757
0.9104385
0.8639479
0.8631385
0.864437
0.8672256
0.8719835
0.8705628
0.8634619
0.918223
0.8946222
0.9033151
0.9116977
0.9185269
0.9050247
0.9061695
0.856986
0.904089
0.8717862
0.900644
0.9022751
0.9027698
0.9008759
0.9027952
0.8625831
0.905541
0.9054773
0.9027037
0.9160894
0.9120769
0.907723
0.867692
0.9157939
0.9199524
0.9045275
0.8921422
0.8967629
0.9103301
0.8953382
0.9003591
0.8991931
0.911723
0.9058909
0.9181042
0.8994325
0.9111556
0.91723
0.9256879
0.9244306
0.9113304
0.9225253
0.9201039
0.8932229
0.8993235
0.9068519
0.9144069
0.913836
0.9158274
0.892422
0.8938245
0.9165134
0.860669
0.8662212
0.9207995
0.9133362
0.8993803
0.9269768
0.87343
0.9110642
0.8973728
0.9055935
0.8807454
0.9135637
0.9040525
0.8734987
0.9099933
0.902676
0.9078634
0.896072
0.9011257
0.8959104
0.9100674
0.8990623
0.9044166
0.8735055
0.9075829
0.8986266
0.8973974
0.8991413
0.9006332
0.9105564
0.9126681
0.8702971
0.869528
0.9078867
0.9116267
0.9127874
0.920232
0.9189976
0.9064766
0.9049287
0.9158511
0.8665753
0.8630332
0.8685191
0.8694589
0.8732559
0.8722098
0.8698623
0.9163076
0.8959821
0.9053614
0.9130265
0.9151931
0.9119818
0.9118711
0.8680465
0.9055405
0.8756365
0.9043341
0.9068664
0.9031715
0.9021135
0.9020576
0.8712253
0.9050692
0.9054766
0.9044835
0.9153271
0.9142583
0.9062411
0.8728851
0.9169007
0.9212955
0.9075327
0.8974703
0.9003078
0.9100416
0.8984679
0.9058735
0.9005618
0.9108539
0.9106507
0.9155343
0.9065367
0.9091136
0.9172281
0.9226736
0.9195068
0.9057744
0.9173853
0.9208852
0.8980665
0.8985894
0.9120768
0.91537
0.9090941
0.9133427
0.8964536
0.8989925
0.9167812
0.8701893
0.8671227
0.9133777
0.9148801
0.9050353
0.9227522
0.8771287
0.9082442
0.9028129
0.9040302
0.8890026
0.9071586
0.9041758
0.8801494
0.9189113
0.901214
0.9057077
0.8965733
0.896477
0.8871215
0.8966555
0.9182425
0.9191643
0.8769744
0.8981897
0.8944221
0.8990752
0.897556
0.8938357
0.8996125
0.9014563
0.8789006
0.8781602
0.8958895
0.8946946
0.8982274
0.9200781
0.9194695
0.9053142
0.8902829
0.9037404
0.8706654
0.8728511
0.8735937
0.8789165
0.875367
0.8766167
0.8759773
0.9136276
0.9027902
0.9052151
0.9088343
0.9156284
0.9057415
0.9066896
0.7614924
0.9119869
0.8867416
0.8946085
0.9070792
0.9063218
0.9087556
0.9049274
0.8779981
0.8966593
0.897119
0.8975428
0.9153394
0.9068923
0.9167196
0.8850444
0.9176823
0.9245651
0.9035416
0.8937215
0.8979741
0.9094872
0.9098832
0.9001271
0.9069567
0.9165459
0.8924427
0.9098929
0.9071768
0.9058049
0.920615
0.9217
0.9185089
0.9086701
0.9177501
0.9227346
0.9010069
0.9016761
0.8917795
0.9155741
0.91246
0.9156145
0.8979025
0.8988562
0.9141489
0.8792177
0.8807105
0.9169201
0.9128507
0.9086517
0.9245416
0.8748044
0.9043273
0.9082674
0.9016446
0.9101511
0.9036592
0.9049172
0.9030246
0.9181465
0.9049395
0.8995768
0.8916648
0.8934453
0.8715393
0.7960209
0.9271377
0.9266411
0.8993621
0.7919717
0.8831097
0.8924349
0.890414
0.8822963
0.8949669
0.8925168
0.898736
0.9011175
0.8340518
0.8327599
0.838678
0.9170443
0.9146133
0.8998247
0.8268857
0.9032293
0.8925986
0.9040924
0.8953126
0.9030179
0.9033105
0.9058288
0.9041882
0.9139334
0.9082147
0.8995275
0.9016762
0.9031041
0.8984118
0.9053118
0.8926441
0.9118468
0.9075059
0.8303227
0.8986119
0.898983
0.9039723
0.8953084
0.9082001
0.831696
0.8300175
0.8317469
0.9134943
0.9002115
0.9212994
0.9216887
0.9146909
0.92063
0.9035121
0.8965784
0.8935954
0.9058012
0.9172512
0.8927937
0.9008638
0.9141231
0.8314257
0.9006606
0.9057606
0.9000681
0.9170664
0.9146847
0.9122407
0.9039532
0.912151
0.920557
0.9031886
0.9037815
0.8258551
0.9140732
0.9050885
0.9108998
0.9000071
0.8945275
0.9147164
0.9005115
0.9110189
0.9085287
0.9087893
0.9082992
0.9143139
0.9045907
0.8719588
0.8871233
0.881134
0.9132391
0.8821779
0.8657373
0.9084896
0.8745138
0.8877959
0.9194992
0.9013295
0.8987666
0.9002732
0.9107647
0.8944756
0.8976463
0.9073615
0.9060044
0.9081744
0.9073057
0.905934
0.9068223
0.9182483
0.9183592
0.9065657
0.9057156
0.9103867
0.9150147
0.9137171
0.8900373
0.8999895
0.8844116
0.9082369
0.9253158
0.911169
0.9050128
0.9112266
0.9133633
0.9140249
0.9134178
0.9070242
0.8675323
0.9032978
0.8860552
0.8559404
0.8619458
0.8848454
0.8860004
0.910261
0.8966015
0.9010161
0.9130481
0.8775563
0.873612
0.8842302
0.8757805
0.9047688
0.9066246
0.9073052
0.9058819
0.8638265
0.8731462
0.8815909
0.904119
0.8960904
0.8961169
0.8930472
0.8928089
0.8742057
0.8815631
0.8908684
0.8822013
0.8818022
0.860314
0.9138204
0.875662
0.8939454
0.8805334
0.8886574
0.8866628
0.8885799
0.8723185
0.8879707
0.8852809
0.8899854
0.8844773
0.9121561
0.895977
0.8762762
0.8703792
0.8879069
0.902415
0.8533777
0.9098691
0.9067076
0.8827106
0.8788664
0.9161829
0.8992181
0.9043274
0.8898759
0.8882276
0.7588003
0.9110078
0.8708844
0.8625409
0.900287
0.8945072
0.891752
0.9088589
0.897506
0.9001269
0.889608
0.905003
0.9041597
0.9070761
0.8964837
0.9010981
0.8951368
0.8965316
0.9056047
0.89066
0.9119199
0.9114585
0.8987914
0.8990293
0.9018883
0.9029722
0.9033177
0.9094711
0.9125698
0.8808364
0.897735
0.9151452
0.9061211
0.9056327
0.906731
0.9052617
0.9074663
0.9087233
0.9087846
0.8945973
0.9076199
0.7611321
0.8876177
0.8922812
0.7971902
0.8051767
0.905947
0.8326453
0.9042078
0.9010146
0.8106689
0.8101075
0.7759917
0.8122594
0.9043709
0.8992365
0.9006727
0.9008948
0.896955
0.893489
0.8806779
0.9113911
0.7603118
0.8042468
0.8971429
0.8889361
0.8540009
0.8445845
0.8962428
0.7504698
0.7473779
0.890928
0.9043644
0.8938072
0.9025845
0.8948978
0.9035094
0.9069662
0.9002872
0.8880903
0.9083528
0.9009421
0.894861
0.891441
0.9010048
0.7567828
0.8897649
0.893382
0.8894375
0.8933367
0.8908863
0.9046253
0.9105566
0.8932788
0.8955128
0.9059264
0.9067992
0.9070351
0.913168
0.9047031
0.9033008
0.9151329
0.9071717
0.9074281
0.9097472
0.9139833
0.9035427
0.9158113
0.9022012
0.907869
0.8997829
0.9045555
0.9142134
0.9133333
0.9112091
0.9035249
0.9055822
0.9097146
0.9101811
0.9016911
0.9137483
0.9117047
0.9067367
0.9067941
0.9005786
0.8998151
0.9038549
0.9174987
0.9202796
0.9020893
0.8995131
0.9124867
0.9082308
0.9073009
0.9085982
0.9112997
0.9142689
0.9125078
0.9114605
0.9170798
0.9117902
0.908989
0.9073977
0.9137997
0.9065905
0.9087382
0.9095087
0.9128057
0.9103965
0.9056903
0.904215
0.9028487
0.9085047
0.9011751
0.9107199
0.9025096
0.9044198
0.904678
0.9170902
0.9057958
0.9124328
0.9198456
0.9149274
0.9188615
0.9060643
0.8999238
0.9038925
0.907349
0.9067433
0.903953
0.9055115
0.9178929
0.9023209
0.9062927
0.9091701
0.9066554
0.9191975
0.9149945
0.9137144
0.9064791
0.918397
0.9220476
0.9005431
0.9015762
0.8985943
0.9127752
0.9116765
0.9095591
0.9026518
0.9037693
0.9153294
0.912692
0.9165847
0.9154313
0.9105485
0.9157333
0.9159161
0.9097649
0.9080947
0.9058489
0.9064432
0.9155184
0.9133514
0.9016119
0.9114813
0.9110312
0.9027159
0.9171638
0.9063798
0.9084228
0.9072334
0.9090973
0.8995118
0.9024829
0.9075329
0.9125191
0.9065805
0.906549
0.9077612
0.90592
0.915724
0.9107264
0.9086813
0.9085417
0.9132892
0.912521
0.9136833
0.9178558
0.9181986
0.9056248
0.9086861
0.9172975
0.9113898
0.9076626
0.9121622
0.913225
0.9120705
0.9104699
0.9125863
0.915208
0.9054059
0.9051462
0.9107124
0.9128764
0.910369
0.9114323
0.9134073
0.9154949
0.904191
0.9137121
0.9066931
0.9086604
0.9096161
0.90681
0.9084628
0.9091004
0.9104426
0.911306
0.9151112
0.910889
0.9074472
0.9109035
0.9164637
0.9178896
0.9067187
0.9016095
0.9056265
0.9110818
0.9042519
0.9090559
0.9052705
0.9112678
0.9106936
0.9144122
0.9073965
0.9077831
0.9133753
0.920609
0.9139182
0.9050945
0.9214618
0.9152449
0.9054549
0.9048203
0.9095966
0.9159364
0.9092867
0.9109191
0.9020047
0.9072581
0.9115115
0.9118028
0.9141218
0.9115703
0.9117881
0.9151254
0.9172307
0.9116009
0.910151
0.9044174
0.9080352
0.9212017
0.9159892
0.9097427
0.9166345
0.9125643
0.9098729
0.924336
0.9112407
0.9122949
0.9130867
0.9186694
0.907384
0.9084434
0.9151455
0.9157887
0.914623
0.9148083
0.914676
0.9112912
0.9190399
0.9213237
0.9159614
0.9154276
0.9185615
0.9170523
0.9176471
0.9180284
0.9204318
0.9087016
0.9111389
0.9247097
0.9172483
0.912421
0.9185986
0.9138585
0.9169246
0.9179963
0.9179847
0.9146371
0.9134118
0.9134882
0.9122132
0.9150458
0.9148053
0.9156335
0.9193397
0.9143233
0.9053424
0.9175451
0.908509
0.9054106
0.909189
0.9085855
0.9117359
0.9150331
0.9160951
0.9149984
0.9135683
0.9130752
0.9116226
0.9115393
0.9180513
0.9210849
0.9118054
0.9055893
0.9114394
0.9150643
0.9079476
0.9129297
0.9054906
0.9093741
0.917263
0.9121451
0.9107143
0.9155369
0.9147409
0.9182846
0.9166667
0.906984
0.9202332
0.9162036
0.906606
0.9072223
0.9159608
0.9188633
0.9112814
0.9127135
0.9031074
0.910985
0.9125553
0.9157374
0.9154787
0.9148625
0.9132804
0.9210313
0.9202053
0.9138751
0.9112604
0.8814196
0.8949409
0.9047602
0.9119117
0.8958385
0.8967756
0.9068888
0.8934795
0.9157136
0.8961194
0.897099
0.8975253
0.9210087
0.8771042
0.8817701
0.8934227
0.9146354
0.9002592
0.8947958
0.9074752
0.894075
0.9143051
0.9193543
0.896137
0.8948765
0.9195511
0.9167047
0.919375
0.9210827
0.9187776
0.9051308
0.9106662
0.9253347
0.9017523
0.8947124
0.9026779
0.89783
0.9013431
0.9073642
0.8981567
0.9113898
0.8991896
0.9019781
0.9057844
0.9124485
0.9069335
0.9064036
0.9110175
0.9039389
0.893414
0.9125259
0.9005298
0.8965676
0.9001628
0.8996857
0.8975
0.9106296
0.9112148
0.9134562
0.9102005
0.9104032
0.8975371
0.8922291
0.9143798
0.9125324
0.8991666
0.8939156
0.9001319
0.9040778
0.8829919
0.9046437
0.8950932
0.9032982
0.9218881
0.911415
0.9003768
0.9082688
0.912994
0.9202906
0.9171448
0.9012094
0.9168458
0.9156289
0.8928497
0.8932115
0.9200239
0.9121063
0.9049527
0.907353
0.8901209
0.8929875
0.9084839
0.9002672
0.8969261
0.9106273
0.9114277
0.9098076
0.9239232
0.9050817
0.9074506
0.9015532
0.9063401
0.9077998
0.9063701
0.9009046
0.9041797
0.9136956
0.901132
0.9054265
0.8944668
0.8998341
0.891699
0.9007512
0.9055814
0.9107798
0.9016734
0.8939417
0.8956499
0.9000113
0.9032741
0.8948389
0.9004025
0.9025512
0.9021629
0.9029329
0.8998617
0.8986446
0.9023831
0.9192656
0.924113
0.9018641
0.8921221
0.907199
0.8983788
0.9043773
0.8996886
0.9095409
0.9084646
0.9083306
0.9078273
0.9165968
0.9031762
0.9041577
0.9077693
0.9089907
0.9037716
0.9082953
0.899313
0.911618
0.9063703
0.900719
0.9029658
0.9009126
0.9044942
0.9022434
0.9033894
0.8971049
0.8969195
0.8969853
0.916412
0.9066938
0.9127392
0.9129827
0.9142556
0.9230189
0.902425
0.9007928
0.8993671
0.9064297
0.9064332
0.9048434
0.9025776
0.913229
0.9018587
0.9132171
0.9045341
0.9050881
0.9186737
0.9191727
0.9149531
0.9047129
0.9181805
0.9183134
0.8990028
0.8966058
0.9002105
0.9174379
0.9113474
0.9165364
0.8976036
0.8964983
0.9116604
0.9080511
0.9091349
0.914896
0.9159511
0.9049113
0.9196006
0.9048952
0.9107532
0.8947932
0.9046696
0.9095992
0.9170033
0.900802
0.9047023
0.9110646
0.9002177
0.9179806
0.89635
0.8993072
0.9005107
0.9158226
0.8799193
0.8863377
0.9005038
0.9087811
0.9002482
0.8984856
0.9066833
0.8972627
0.9116848
0.9166696
0.9048128
0.9044862
0.9137598
0.9147053
0.9165333
0.9187744
0.9190483
0.9034964
0.9098484
0.9181083
0.9079483
0.9022797
0.9072451
0.9044422
0.9098738
0.9086418
0.9055913
0.9102313
0.9012328
0.9081719
0.9100196
0.9169649
0.9087183
0.9075009
0.9139956
0.9089922
0.8949184
0.9122025
0.9075763
0.9054506
0.9061104
0.9044306
0.9004343
0.9092347
0.9104336
0.9109981
0.9136296
0.9151085
0.8997751
0.9019899
0.9139096
0.9178986
0.9018026
0.8974475
0.8996899
0.9067579
0.895502
0.9079575
0.9019289
0.9078433
0.9181895
0.9132968
0.9000176
0.9107813
0.916489
0.9185277
0.9132952
0.903625
0.9170882
0.9160216
0.8940783
0.8905138
0.9154289
0.9158558
0.9089636
0.9077197
0.8978133
0.8948564
0.9085447
0.905324
0.9030834
0.9115316
0.9121678
0.9076785
0.9224084
0.9144748
0.8946355
0.8864026
0.8335111
0.9033242
0.877823
0.8743693
0.892949
0.8980958
0.8947641
0.9059035
0.8890857
0.8905217
0.8871352
0.9055442
0.8947901
0.8964751
0.8970863
0.9015081
0.8876164
0.8883114
0.9008345
0.8888273
0.9057857
0.9066593
0.8980364
0.8965567
0.9008768
0.9050874
0.9045953
0.9125511
0.9167666
0.8850407
0.8981718
0.9131803
0.9034567
0.898622
0.8993224
0.9045091
0.9052561
0.9042436
0.9046581
0.8989823
0.9036551
0.8396259
0.8953827
0.9018451
0.8383544
0.8421192
0.9067714
0.8556463
0.8965316
0.8975767
0.8497901
0.8440588
0.8506791
0.8488289
0.8932014
0.8952274
0.8955671
0.895989
0.8974662
0.8974618
0.8868279
0.9052466
0.859506
0.8736425
0.8999895
0.8918564
0.8651887
0.8637407
0.8945871
0.8330204
0.8371191
0.8937278
0.9051849
0.8981614
0.8951222
0.8983106
0.9038828
0.9118296
0.9079594
0.8963356
0.9090555
0.9069817
0.8932073
0.8888768
0.902971
0.8614822
0.8955224
0.8963369
0.889966
0.8862991
0.9007606
0.8988671
0.8994306
0.9042201
0.899725
0.9047636
0.9119202
0.9029298
0.911568
0.9041121
0.905632
0.8883499
0.9090748
0.909962
0.8834144
0.9168783
0.9065805
0.9067407
0.8985699
0.899675
0.8879526
0.8952305
0.9195816
0.9243126
0.8776777
0.8937659
0.8982541
0.8968615
0.8941379
0.8939802
0.900103
0.9033552
0.8774692
0.8768575
0.8974675
0.8980836
0.9002156
0.921058
0.9241737
0.9070241
0.8907575
0.9035726
0.8716737
0.8756061
0.8725566
0.8785291
0.8799927
0.8806853
0.875184
0.913361
0.9017644
0.9045367
0.9133042
0.9205158
0.9045149
0.9074147
0.7665974
0.9146938
0.8844833
0.8974693
0.906711
0.9068545
0.90811
0.9065577
0.8786479
0.9000144
0.9005871
0.8999387
0.9191138
0.9107398
0.9130404
0.8907734
0.9182814
0.9267379
0.9056335
0.8938216
0.8992633
0.9082965
0.9092287
0.9039391
0.905174
0.9176848
0.8962674
0.9101008
0.9087905
0.9088828
0.9221751
0.9236647
0.9192564
0.9112386
0.9210859
0.9238394
0.9019359
0.9030181
0.8965442
0.9159915
0.9143161
0.9163759
0.8982691
0.8971703
0.9154159
0.8797387
0.8866988
0.9167588
0.9151196
0.9075535
0.9236426
0.872707
0.9111581
0.9047087
0.9068143
0.890929
0.9095865
0.9092363
0.8833959
0.9168961
0.9055819
0.9073515
0.8976375
0.89895
0.8870666
0.8959058
0.9204362
0.924378
0.8783662
0.8937992
0.8975235
0.898233
0.8954263
0.8937694
0.9007912
0.9037222
0.8781113
0.8767901
0.8983051
0.8978413
0.8985914
0.9204157
0.9224692
0.9078914
0.8911498
0.9047393
0.8719341
0.8763284
0.8732737
0.8793313
0.8796029
0.8808676
0.8750737
0.9137607
0.9011931
0.9055231
0.9130095
0.9207659
0.9057738
0.9091752
0.7671886
0.9156328
0.8856605
0.897866
0.9064445
0.9059612
0.9082749
0.9050787
0.8791217
0.8997364
0.9005085
0.9002165
0.919172
0.9103618
0.9135152
0.8899139
0.9190603
0.9276594
0.9044564
0.8938151
0.9006603
0.908695
0.9083713
0.9048925
0.9068691
0.9174745
0.8958196
0.9103834
0.9093818
0.9090096
0.9221982
0.9236893
0.9184412
0.9107871
0.920425
0.9239772
0.9028658
0.9030214
0.8967421
0.9173065
0.9133291
0.9166608
0.8990208
0.898217
0.9169638
0.8806262
0.8863151
0.9170862
0.9145988
0.908001
0.9240087
0.8739349
0.9110986
0.9048904
0.9055434
0.8923379
0.9116837
0.9099137
0.88609
0.913651
0.9058871
0.9077748
0.9014595
0.9000657
0.8901336
0.8961387
0.9192157
0.9231354
0.8815946
0.8963547
0.8990506
0.901683
0.8988011
0.898193
0.9010218
0.9005939
0.8811119
0.8816105
0.8966156
0.8983924
0.9002839
0.9216389
0.9236886
0.9077561
0.8907456
0.9041231
0.873987
0.8767979
0.8751928
0.8810696
0.8807547
0.881809
0.8781016
0.9155817
0.9021622
0.9060945
0.912214
0.9181439
0.9067343
0.9088059
0.7709772
0.9127965
0.886403
0.8974582
0.9081829
0.9058664
0.9099308
0.9060403
0.8807847
0.9000829
0.9020398
0.9018683
0.9207375
0.9092892
0.9152919
0.8928169
0.9199033
0.9244542
0.9055474
0.8918044
0.9003299
0.9087927
0.9086676
0.9046005
0.9055175
0.918057
0.8966989
0.9064699
0.9102136
0.9083655
0.9233657
0.9251127
0.9194374
0.9109206
0.9195596
0.9228915
0.9009196
0.9030076
0.898344
0.918231
0.9132286
0.9159086
0.8991297
0.8966338
0.9163255
0.8813359
0.8880767
0.9157827
0.9154169
0.9094158
0.9256384
0.878037
0.9122201
0.9029449
0.9047516
0.8935109
0.9079064
0.9091427
0.8860792
0.9146652
0.904632
0.9063249
0.9000734
0.9002488
0.8888474
0.8955506
0.9206338
0.9243435
0.8800673
0.8971275
0.8968412
0.9000586
0.8954715
0.896464
0.9028651
0.9019572
0.8814213
0.8795998
0.8993537
0.9008093
0.8995134
0.919231
0.9215478
0.9070909
0.8908265
0.9045561
0.8752766
0.8755148
0.8751151
0.8819526
0.8814666
0.8795892
0.8747601
0.9149457
0.9023126
0.9060516
0.9134626
0.9196593
0.9070841
0.9098983
0.7659418
0.9153174
0.8828021
0.8963124
0.9067769
0.9059798
0.9082966
0.9050962
0.8786891
0.9012564
0.9020661
0.9011013
0.9195884
0.9092929
0.913582
0.891409
0.917802
0.9254656
0.9026335
0.8947219
0.8989921
0.9084051
0.9074047
0.9030472
0.9046453
0.9180808
0.8946925
0.9092403
0.9090553
0.9078187
0.922087
0.9259735
0.9212087
0.9110827
0.9215638
0.9228506
0.9029575
0.9025217
0.8971928
0.9155805
0.9135118
0.9158125
0.8972813
0.8943747
0.9155782
0.8790358
0.8861432
0.9179707
0.9157031
0.907343
0.9238989
0.8743715
0.9112191
0.9029654
0.9061001
0.8935583
0.9103049
0.9086808
0.885241
0.9135401
0.9061766
0.9067784
0.8995385
0.9003576
0.888951
0.8961513
0.9197329
0.9224332
0.8804056
0.8963673
0.8974867
0.9026542
0.8990933
0.8968686
0.9003455
0.8988183
0.8802621
0.8803501
0.8956661
0.8989632
0.9007288
0.9226681
0.9231006
0.907412
0.8914035
0.903411
0.8730147
0.8756983
0.8742651
0.8811307
0.8794285
0.8806517
0.8733697
0.9164281
0.9027437
0.9055544
0.9119099
0.9207366
0.9078333
0.9096278
0.768508
0.9143039
0.884036
0.8981083
0.9087734
0.9070864
0.9098203
0.9037403
0.8782002
0.9019932
0.9020891
0.9023917
0.9215714
0.9104248
0.9141093
0.889322
0.9173252
0.9271379
0.9051364
0.8937453
0.8992636
0.9115922
0.907689
0.905201
0.9061536
0.9189721
0.8972341
0.906946
0.909562
0.9075519
0.9222423
0.924366
0.9198178
0.91027
0.919903
0.9237185
0.9013554
0.9023855
0.8982754
0.916253
0.9154636
0.9162556
0.8984678
0.8952308
0.9183127
0.8796635
0.8851463
0.9183732
0.9146165
0.90779
0.9268806
0.8762283
0.8617072
0.9004268
0.8848454
0.9177478
0.8790832
0.8757405
0.9132556
0.8731558
0.8957037
0.9227753
0.9083956
0.9070873
0.8962528
0.9037391
0.918217
0.9205709
0.9127027
0.8993949
0.9055594
0.9121289
0.905
0.9045669
0.9114299
0.9129774
0.9081783
0.9085839
0.9010089
0.8981768
0.8999001
0.8880467
0.8926467
0.8707418
0.8968183
0.9156315
0.9044332
0.9131207
0.9081094
0.9110362
0.9139679
0.9128334
0.9101593
0.8655055
0.9149418
0.8818274
0.8534999
0.854401
0.8797312
0.8856988
0.9051074
0.8987003
0.9124174
0.8989913
0.8774849
0.8726248
0.8892177
0.8713251
0.9085814
0.9016657
0.9012902
0.9008049
0.861823
0.8614199
0.8967751
0.9226071
0.8861214
0.8997564
0.9001979
0.8916781
0.8749079
0.8804024
0.9054773
0.8748989
0.8853482
0.8577384
0.8980906
0.8632107
0.9058332
0.8827571
0.89071
0.8783152
0.8794685
0.8660953
0.8938977
0.887065
0.8944257
0.8961762
0.8968093
0.8867538
0.8673469
0.8717257
0.8923453
0.9081031
0.8494588
0.911748
0.914727
0.8712952
0.864848
0.9206105
0.8878019
0.9071375
0.8621509
0.8993607
0.8850421
0.9178686
0.8791161
0.8754864
0.9131433
0.8745405
0.8963118
0.9235582
0.9089105
0.9069323
0.8967379
0.903349
0.9184604
0.9205783
0.9132154
0.8981319
0.9049274
0.9125238
0.9057106
0.9049259
0.9115127
0.9131002
0.9087683
0.9088211
0.9012066
0.8976994
0.899114
0.8883921
0.8925283
0.8718071
0.8970541
0.9157539
0.9038496
0.9132412
0.9086533
0.9109628
0.914011
0.9126475
0.9102787
0.8652425
0.9159765
0.8814957
0.8540366
0.8550219
0.8796424
0.8851701
0.9039672
0.8984244
0.9126162
0.8983976
0.8780079
0.8726147
0.8903354
0.8719748
0.909908
0.9018626
0.9013299
0.9002542
0.8615158
0.8617431
0.8969311
0.9234467
0.886676
0.8997563
0.9005799
0.8912836
0.8742352
0.8793774
0.9056366
0.8754273
0.8863537
0.8578914
0.8971722
0.8638257
0.9054867
0.8824664
0.8910617
0.8786703
0.8797443
0.8677423
0.8938559
0.8871401
0.8937227
0.8968094
0.8966881
0.8878679
0.8670437
0.8724962
0.8927006
0.9090484
0.84944
0.9115971
0.9148095
0.8722007
0.8640435
0.9210432
0.8890412
0.9073358
0.8889166
0.8943773
0.7826859
0.9118021
0.8676626
0.8601286
0.9015469
0.8920704
0.8931185
0.9171502
0.9016536
0.9010287
0.8932663
0.9036102
0.9074319
0.9076733
0.9051279
0.9019049
0.8991514
0.9029046
0.9074909
0.8969406
0.9154166
0.9152835
0.9005686
0.9023761
0.9035172
0.9028324
0.9028665
0.9010187
0.9070669
0.884496
0.9005937
0.9165892
0.9044191
0.9058735
0.90445
0.9062422
0.9064272
0.9134756
0.908278
0.8909657
0.911129
0.7968762
0.8817853
0.8892796
0.5428343
0.5800917
0.9081789
0.84316
0.9073179
0.90151
0.8084139
0.8066983
0.8128628
0.80283
0.9019903
0.9028331
0.9023418
0.9008415
0.8886264
0.8871119
0.8800158
0.9090619
0.8101425
0.8334018
0.8979464
0.8918995
0.856226
0.8370624
0.8974414
0.7756599
0.7824627
0.8917038
0.9037475
0.8874141
0.9045787
0.8940742
0.9044836
0.9008671
0.9003532
0.8880854
0.9049215
0.9039828
0.896379
0.8909045
0.9036348
0.8102544
0.8860381
0.8896791
0.8923303
0.8965605
0.889839
0.9033042
0.908718
0.8933338
0.8880455
0.9132092
0.9016737
0.9101492
0.856325
0.9071383
0.8904983
0.924114
0.879964
0.8753678
0.9160172
0.8568422
0.8994868
0.9262045
0.9189247
0.9143613
0.9125167
0.9096582
0.9201048
0.9196338
0.9172569
0.9096289
0.9133446
0.9184554
0.9136001
0.913743
0.9239061
0.9198174
0.9099818
0.9124368
0.9085014
0.906538
0.9122863
0.8800183
0.890812
0.8746988
0.9059896
0.9294188
0.918363
0.9206696
0.9207886
0.9185563
0.9243776
0.9212508
0.9193379
0.8434704
0.9185721
0.8906329
0.8378012
0.8452047
0.8877158
0.8900111
0.9176629
0.9033324
0.9197489
0.9130404
0.8790686
0.8796306
0.8915194
0.8777201
0.9147427
0.9121684
0.9120257
0.9113628
0.841312
0.8652079
0.8917866
0.9236967
0.8919092
0.8997319
0.9008981
0.8954012
0.8769282
0.8799056
0.9083877
0.8839133
0.8859411
0.8466091
0.9103123
0.8653896
0.9080423
0.8784277
0.8894303
0.8691308
0.8794603
0.8628941
0.8856382
0.8865322
0.899475
0.9007724
0.9069634
0.8943579
0.8490292
0.8540796
0.8973919
0.9131897
0.8084681
0.9215341
0.9191104
0.8586665
0.8464259
0.925951
0.889069
0.9185993
0.9131957
0.8899651
0.897502
0.8635306
0.9090327
0.899791
0.8543176
0.9124457
0.9004273
0.9014797
0.8890336
0.8901942
0.8840913
0.9124198
0.8942017
0.8988299
0.8527489
0.9059176
0.8902806
0.8928624
0.8950195
0.8872803
0.9045847
0.9065141
0.7620597
0.764426
0.9034378
0.9042155
0.9052245
0.9239302
0.9262455
0.9051187
0.8980368
0.9128944
0.8534727
0.851356
0.8548539
0.8544519
0.8610624
0.8598155
0.8531909
0.9168592
0.8905789
0.8995872
0.9116553
0.9171644
0.9032212
0.9018462
0.8808408
0.9026746
0.8656621
0.8981984
0.9042132
0.9035645
0.9017063
0.9003429
0.842844
0.8985181
0.8988968
0.8983217
0.9165632
0.9139839
0.9020994
0.8550642
0.9164957
0.9225892
0.9011491
0.8944383
0.8957334
0.9071513
0.8957598
0.8997122
0.8975012
0.9111768
0.9074162
0.9131398
0.8993835
0.9122436
0.916904
0.9249102
0.9202651
0.9058293
0.9226373
0.9174231
0.8955952
0.8976326
0.9031963
0.9152602
0.9126772
0.914877
0.8915395
0.8820235
0.9128623
0.8540606
0.8555619
0.9189741
0.9168055
0.9000222
0.9267638
0.8422206
0.8759327
0.9031083
0.8900216
0.9176172
0.8875456
0.8825609
0.914529
0.880659
0.8976664
0.9146827
0.9109434
0.9104173
0.8985322
0.9006109
0.9216555
0.9194222
0.9114042
0.8972779
0.9093428
0.9087968
0.9068875
0.9062726
0.9157653
0.9124177
0.9077072
0.9088541
0.8981741
0.8987055
0.9019845
0.8925557
0.8955136
0.8787625
0.8941467
0.9181389
0.9105137
0.9148431
0.9111479
0.9166725
0.9192581
0.9176295
0.9147191
0.8803187
0.9200464
0.89219
0.8667498
0.8715908
0.8902382
0.8954893
0.9114732
0.9027812
0.9147323
0.9040314
0.8888009
0.8847461
0.8950575
0.8834068
0.9138439
0.9033178
0.9033338
0.9033603
0.8757615
0.8766608
0.9037259
0.9260463
0.8998336
0.9107124
0.9024154
0.8931061
0.8865844
0.8893046
0.9039457
0.8859895
0.891168
0.8624257
0.8964707
0.8818034
0.9043257
0.8850612
0.892072
0.8880945
0.8792283
0.8737377
0.8967531
0.8922885
0.9000874
0.8986431
0.8944638
0.9002728
0.8731496
0.8798079
0.9008044
0.908611
0.8685854
0.9102299
0.9185581
0.8825933
0.8760648
0.9225551
0.8940105
0.9133542
0.9166931
0.9219345
0.915587
0.9230469
0.9180542
0.9145111
0.9205255
0.9240279
0.9166606
0.9149662
0.915953
0.9128905
0.9101598
0.9022828
0.9347889
0.9304008
0.9177541
0.9009449
0.9091108
0.9135502
0.9164353
0.9086354
0.9093443
0.9066534
0.9149044
0.9158394
0.9067496
0.9074463
0.9082269
0.925188
0.9243375
0.9153679
0.9011624
0.9123933
0.9191341
0.9227807
0.9205556
0.9229812
0.9210053
0.92
0.9205042
0.921812
0.9020246
0.9167795
0.9145403
0.917868
0.9127548
0.9185861
0.9116286
0.92576
0.9213596
0.9099187
0.9164383
0.9163222
0.9174501
0.9132233
0.9194345
0.9080931
0.909362
0.9089209
0.920363
0.9153172
0.9241151
0.9283745
0.921881
0.9268055
0.9167301
0.912798
0.9115737
0.9174283
0.9244966
0.9147874
0.9159667
0.919617
0.9084642
0.9153605
0.9210201
0.9134653
0.9247008
0.9233778
0.9203889
0.9204124
0.9232531
0.9261529
0.9146614
0.9202592
0.9062113
0.9210461
0.9185947
0.919299
0.9135926
0.9012835
0.9230715
0.9203448
0.9261003
0.9191008
0.9179289
0.919189
0.9237708
0.9165438
0.9162582
0.9093302
0.9132427
0.9145468
0.9165488
0.9118255
0.9118675
0.9215852
0.90958
0.9095841
0.9076473
0.9068409
0.8956859
0.9032118
0.9237335
0.9214935
0.9074766
0.9013977
0.8975296
0.9053807
0.9079904
0.9023888
0.9045004
0.903881
0.9131221
0.9140653
0.9047067
0.902698
0.9013072
0.9231165
0.925323
0.9124414
0.9003831
0.9094302
0.9108308
0.9102522
0.9108893
0.9130747
0.9190461
0.9149411
0.9162565
0.9241606
0.8989486
0.9123058
0.9180736
0.9175078
0.9138626
0.9159547
0.9039968
0.9239661
0.9153485
0.9037807
0.9147616
0.9130901
0.9150775
0.9144456
0.9137025
0.9057087
0.905921
0.9065407
0.9258165
0.9142919
0.9182079
0.9178009
0.9229309
0.9264223
0.9112844
0.9086459
0.9083635
0.9170671
0.9179808
0.9096784
0.9112396
0.9218529
0.903708
0.917236
0.9138679
0.9146926
0.9247286
0.9255824
0.9244707
0.9171096
0.9224825
0.9255039
0.9114075
0.9150292
0.9011456
0.923123
0.917043
0.9151051
0.9066283
0.8928902
0.9233265
0.9120384
0.9172424
0.9219448
0.9191398
0.9089808
0.9261927
0.9100188
0.8872697
0.8854574
0.7761164
0.9078462
0.8689495
0.8522122
0.8944515
0.8896285
0.894762
0.9108509
0.8949936
0.8949031
0.8908395
0.9040185
0.9000998
0.9031869
0.8978272
0.9019231
0.8983703
0.8963114
0.9033115
0.8956322
0.9118441
0.9122097
0.8960969
0.896461
0.9056463
0.9064884
0.909732
0.9049938
0.9091065
0.8823317
0.9041188
0.9150193
0.9005375
0.9002866
0.899559
0.9024782
0.9057907
0.910417
0.903023
0.8863955
0.8994943
0.799448
0.8800188
0.8895745
0.7358915
0.7390808
0.9052665
0.8369488
0.9013603
0.9052804
0.8099288
0.8016994
0.8084671
0.8076716
0.8974691
0.9049565
0.9079576
0.9077152
0.8829244
0.892128
0.8712465
0.9041891
0.8136362
0.8301767
0.8995669
0.8887869
0.8529401
0.8360187
0.8953858
0.7807126
0.7695227
0.8866741
0.906042
0.885224
0.8980607
0.8915459
0.9063396
0.9049984
0.8961592
0.8842657
0.9022285
0.9001307
0.8973228
0.8895617
0.9064426
0.8137068
0.8881345
0.887986
0.8862843
0.8902621
0.8833819
0.902184
0.9055746
0.8901473
0.887384
0.9090712
0.9005586
0.9031784
0.8859753
0.8830719
0.778436
0.90912
0.8738199
0.8545899
0.8928454
0.8910944
0.8903952
0.9142162
0.8914814
0.8949978
0.8921873
0.9124225
0.8872022
0.8948496
0.8943842
0.9110031
0.8988412
0.8941946
0.904034
0.8932605
0.9134251
0.9172083
0.8958757
0.8950821
0.9131764
0.9133606
0.9150721
0.9058779
0.9118353
0.885531
0.910378
0.9173008
0.9011256
0.8958341
0.9002606
0.9004772
0.9044936
0.9072332
0.8990655
0.8876182
0.9006296
0.800702
0.8851972
0.8934329
0.7449678
0.7499493
0.9106913
0.8347645
0.8952132
0.9098577
0.8101016
0.8016522
0.8092342
0.8115579
0.8968968
0.9077805
0.9085706
0.9081335
0.8867082
0.8975428
0.8678955
0.8950005
0.8164948
0.8284456
0.8988338
0.8821579
0.8525065
0.8414616
0.8799853
0.7844018
0.7764481
0.8847652
0.9162719
0.8912175
0.8939454
0.8908644
0.9043249
0.9027035
0.89951
0.886163
0.9023125
0.8995422
0.8916207
0.8792883
0.912961
0.8129841
0.8878383
0.8869697
0.8850109
0.8900527
0.8855617
0.9012812
0.8995049
0.8917919
0.8912357
0.9079592
0.9039647
0.9046079
0.9122139
0.8977941
0.899837
0.909203
0.9117719
0.898606
0.8984865
0.9083881
0.9033801
0.9145987
0.900335
0.8978945
0.9039442
0.9148698
0.8918919
0.8985898
0.8980174
0.9103397
0.9040132
0.9018995
0.9071728
0.8978316
0.9121426
0.9134815
0.9027604
0.9060624
0.9131032
0.9131323
0.9099607
0.9156338
0.9190849
0.908254
0.9095308
0.9192582
0.9063578
0.9054878
0.9059237
0.9052754
0.9095195
0.911132
0.9076139
0.9154567
0.9041391
0.9025648
0.9143435
0.9174143
0.9060577
0.9054886
0.9089039
0.9046781
0.898375
0.9107771
0.9038272
0.9032304
0.9052839
0.9044888
0.9017409
0.9086845
0.9101163
0.9106051
0.9142649
0.9153693
0.9013352
0.9068512
0.9152202
0.9128074
0.907415
0.9001389
0.9011157
0.908622
0.8976898
0.9028992
0.8957628
0.9084778
0.9112929
0.9120353
0.9088779
0.9116119
0.912029
0.9193067
0.9162599
0.906599
0.9243625
0.9153423
0.8975858
0.8962852
0.909956
0.9145723
0.908683
0.9091925
0.8946134
0.9016823
0.9094086
0.9077871
0.907813
0.9155009
0.9125757
0.9141398
0.9208041
0.9113602
0.8688894
0.8948203
0.8834948
0.9120128
0.8904408
0.8795133
0.911361
0.8735938
0.8925473
0.9189043
0.9069961
0.9073434
0.9000329
0.9080055
0.9083214
0.9124769
0.9089958
0.9053722
0.9064499
0.9038079
0.9038378
0.9105096
0.9183659
0.9159779
0.9066695
0.9064145
0.9047653
0.9060801
0.9070963
0.8869818
0.8921671
0.8809853
0.9027298
0.92003
0.9054659
0.9080985
0.9073556
0.9169725
0.9161153
0.9114802
0.9136003
0.8688597
0.9095077
0.8860595
0.8615294
0.8702002
0.8888369
0.8886528
0.9070509
0.8915598
0.908302
0.9085314
0.8801206
0.8764775
0.8926773
0.8765284
0.9077044
0.9076595
0.9094166
0.9052894
0.8655234
0.8762706
0.8928571
0.9135881
0.8943975
0.9020257
0.8983446
0.8907222
0.8799252
0.8880193
0.8961768
0.8849264
0.8824535
0.8647212
0.9050801
0.8778429
0.9006823
0.886869
0.8924262
0.8870985
0.8915396
0.8773068
0.8900724
0.8935124
0.8915229
0.8953254
0.9030351
0.8952676
0.8656278
0.8701076
0.8907351
0.905011
0.8540949
0.9053773
0.906222
0.875432
0.8719079
0.9183029
0.9013477
0.9091884
0.8729729
0.8984941
0.8856038
0.9149236
0.887264
0.8792075
0.9100276
0.8716558
0.8959565
0.9240007
0.9124883
0.9111024
0.9058866
0.9133258
0.9092444
0.9116421
0.9131433
0.9108746
0.9113624
0.9087806
0.9097634
0.9110943
0.9215931
0.9247177
0.9074962
0.908215
0.909989
0.9111387
0.91371
0.8878778
0.8916594
0.8819736
0.9068195
0.9254908
0.9117263
0.9093819
0.9123566
0.9155059
0.9152679
0.9137552
0.9132089
0.8694365
0.9113401
0.8912684
0.8570795
0.8651793
0.8945994
0.8942174
0.9107569
0.8949231
0.9106818
0.9101578
0.880584
0.8756012
0.8955245
0.880375
0.9110069
0.9104066
0.9108039
0.909136
0.8634915
0.8769102
0.8963508
0.9140779
0.8944656
0.8988645
0.9020619
0.8931386
0.8772322
0.8872199
0.8988707
0.8887721
0.8838845
0.8624798
0.9134256
0.8768448
0.9042737
0.8895619
0.8939083
0.8829286
0.8916135
0.8745602
0.897764
0.8905843
0.8980363
0.8994995
0.9077232
0.8942722
0.8701085
0.8698154
0.8940663
0.910667
0.8442522
0.9128815
0.9100118
0.8810836
0.8677834
0.9227998
0.9017927
0.9119824
0.9087028
0.9052045
0.912713
0.9165742
0.9157407
0.9080193
0.9086761
0.9127658
0.9042992
0.9217204
0.9072794
0.9123091
0.9086436
0.914139
0.9065711
0.9066218
0.9141256
0.9099109
0.9090265
0.9095309
0.9124044
0.9061223
0.9177923
0.9159047
0.9137714
0.9139623
0.9149203
0.9161214
0.9152267
0.917026
0.9215935
0.9055945
0.9128507
0.9224195
0.9102221
0.9118654
0.9140101
0.9142867
0.9168242
0.9155577
0.9166868
0.9152115
0.9115121
0.9119556
0.9054789
0.9122789
0.9126385
0.911249
0.9169748
0.9156106
0.9055538
0.915037
0.9118167
0.9072215
0.9132138
0.9086016
0.9110653
0.9118005
0.9127943
0.9108945
0.9168299
0.9093381
0.9121997
0.9119705
0.9197634
0.9209837
0.9080592
0.9034284
0.9068648
0.9119176
0.904067
0.9124882
0.9095157
0.9125875
0.9151547
0.9112914
0.9110681
0.9115888
0.9171212
0.9184424
0.9187543
0.9065459
0.918649
0.915918
0.9057249
0.901212
0.9135404
0.9201314
0.9114468
0.9120894
0.905192
0.9036606
0.9106507
0.914729
0.9109272
0.9106999
0.9107778
0.9196353
0.9194709
0.9144574
0.9127251
0.8883213
0.898051
0.8637284
0.9091394
0.8987881
0.8538615
0.9129398
0.9009471
0.9017953
0.8884007
0.8894823
0.8824372
0.9116296
0.894524
0.8985723
0.8523348
0.9042081
0.8893601
0.891948
0.8941943
0.8867276
0.903766
0.9056555
0.7607539
0.7641943
0.9016727
0.9035282
0.9040706
0.9237381
0.9257965
0.9057786
0.8996998
0.9120514
0.8528934
0.8514701
0.8546221
0.8545654
0.8614289
0.8602662
0.8533474
0.9170043
0.8914474
0.8992175
0.9114123
0.91704
0.901786
0.9015187
0.8803692
0.9019912
0.8665459
0.8982274
0.9042028
0.9030395
0.9017751
0.9001733
0.8424707
0.8982269
0.898126
0.8976298
0.9169001
0.9132741
0.9009449
0.8553507
0.9154127
0.9235239
0.9015247
0.8943481
0.8945072
0.9065128
0.8963162
0.9004223
0.8967676
0.9111285
0.9082789
0.9124701
0.9004034
0.9123902
0.9173902
0.9236628
0.9202186
0.9065631
0.9221728
0.9180258
0.8937324
0.8987429
0.901902
0.9141731
0.9133662
0.9145211
0.8920523
0.880338
0.9137428
0.8526056
0.85585
0.9193912
0.917334
0.9017992
0.9259599
0.8416679
0.8949801
0.8975908
0.8310295
0.9183595
0.8743199
0.8656412
0.907915
0.8942151
0.9003534
0.9216318
0.9090844
0.908018
0.9018853
0.9136531
0.9055635
0.9062205
0.9119225
0.9094467
0.9123647
0.9110032
0.9159352
0.9084285
0.9221195
0.9223554
0.9089808
0.9096137
0.9171912
0.9153534
0.9130069
0.9067909
0.9105109
0.8917981
0.9112422
0.9240574
0.9122511
0.9139208
0.9122678
0.9121948
0.9190475
0.9148692
0.9153623
0.8903141
0.9150827
0.8406318
0.8868879
0.8889485
0.8401555
0.844298
0.9176313
0.8645711
0.913497
0.9093062
0.8084134
0.8044921
0.8495003
0.7995129
0.9126931
0.9055408
0.9075657
0.9087893
0.8903182
0.8949814
0.8811942
0.91486
0.8492979
0.8644811
0.9045048
0.8997944
0.8656777
0.8231254
0.8975641
0.8320373
0.8346973
0.892039
0.9132932
0.8958422
0.9074471
0.8977933
0.9046971
0.9024748
0.9035929
0.8921101
0.9087435
0.9067301
0.902594
0.897338
0.9156217
0.8490698
0.8879894
0.8939222
0.8956212
0.9076989
0.887403
0.9119052
0.9121339
0.897987
0.8897009
0.9202906
0.9052345
0.915392
0.8859923
0.8801335
0.72808
0.907711
0.8631738
0.8423544
0.8906003
0.8867577
0.8893514
0.9042932
0.8918382
0.8960053
0.8840001
0.9058937
0.8901495
0.8939057
0.8941379
0.8997342
0.8909492
0.8905343
0.9016732
0.88716
0.9085685
0.9107956
0.8932584
0.8923447
0.9059271
0.9015324
0.9045547
0.9001734
0.9063072
0.8806275
0.9007803
0.9121475
0.9003907
0.8964344
0.8996026
0.8982703
0.9018232
0.903427
0.9020296
0.8890053
0.899948
0.7474582
0.8791129
0.8834211
0.7840522
0.7894385
0.906098
0.8204744
0.8978227
0.8995679
0.801241
0.7958078
0.7592345
0.8056624
0.89538
0.8988129
0.900768
0.8990938
0.8875703
0.8920816
0.8685744
0.9024154
0.7601941
0.7992729
0.8980725
0.8878893
0.8492307
0.8355702
0.8835327
0.7266767
0.7216745
0.8797574
0.9051827
0.8900051
0.895448
0.8909335
0.8957445
0.8998868
0.9005761
0.877874
0.9039679
0.9013104
0.8934922
0.8830121
0.8999855
0.7614407
0.8852792
0.8874707
0.882064
0.8845515
0.8870671
0.8956777
0.8980776
0.8953189
0.891823
0.9044421
0.9046107
0.902653
0.8841665
0.8780443
0.7275297
0.9071357
0.8650823
0.8451349
0.8900552
0.8824533
0.8871816
0.9076342
0.8890037
0.8929226
0.887466
0.9133696
0.8845528
0.8871209
0.8911946
0.9111333
0.8925273
0.8888438
0.8983193
0.891572
0.9104065
0.914729
0.8926013
0.8913631
0.9083674
0.9090583
0.9101667
0.8994476
0.9078656
0.8820288
0.9033758
0.9136204
0.9027151
0.8965492
0.903416
0.8976711
0.9065052
0.9031205
0.9013236
0.882644
0.8959633
0.7446416
0.8789595
0.8855048
0.7895775
0.7921225
0.90508
0.8215301
0.895286
0.9063116
0.8006178
0.7916535
0.7602623
0.7997733
0.8919933
0.9029607
0.9059985
0.9026098
0.8868286
0.8932735
0.8631051
0.8948321
0.7610144
0.7985118
0.8970285
0.8871985
0.8509375
0.8388672
0.8765112
0.727983
0.7089495
0.8773599
0.9130809
0.891595
0.8954018
0.8935292
0.8957385
0.9019483
0.9011638
0.880208
0.9035831
0.9008432
0.8892363
0.8818019
0.9111839
0.7579248
0.8857433
0.8839467
0.8762637
0.8875705
0.8838593
0.9028429
0.895668
0.8938259
0.8884518
0.9002679
0.9083624
0.9042807
0.9131123
0.8803647
0.8982675
0.9042165
0.9185909
0.8997836
0.8889814
0.9093025
0.895709
0.910784
0.8926872
0.8945152
0.8981979
0.9202074
0.8747159
0.8802733
0.8928356
0.9198594
0.9014501
0.8968445
0.9076502
0.9012383
0.9127859
0.9168497
0.892687
0.8919142
0.9212392
0.920884
0.9231822
0.9239986
0.9314171
0.9084095
0.9166939
0.9256553
0.9043896
0.8912109
0.9018067
0.8987857
0.9037513
0.9007118
0.8993657
0.9157037
0.8953792
0.9070704
0.9167089
0.9245093
0.9087591
0.9056921
0.912701
0.9037249
0.8886586
0.9148905
0.9055692
0.9012846
0.9012482
0.9017579
0.8882803
0.9155714
0.9171572
0.9171907
0.9155225
0.9233744
0.8998023
0.8865397
0.9181076
0.915093
0.9062111
0.8944559
0.8996321
0.9109791
0.8820833
0.9037694
0.8953657
0.9138929
0.9283615
0.921253
0.9041546
0.9149548
0.9180492
0.9287256
0.9242457
0.9107733
0.9256169
0.9195522
0.8914554
0.8852447
0.9233943
0.91627
0.9187929
0.9165464
0.8866751
0.8919245
0.9197824
0.8967418
0.8958754
0.9229623
0.9225413
0.9042721
0.9316832
0.9057644
0.9112683
0.8946925
0.9041999
0.908358
0.908789
0.901141
0.8973315
0.9118636
0.9043498
0.9053637
0.8972316
0.8985978
0.8865187
0.903385
0.9031676
0.8998132
0.8975424
0.9024426
0.8921485
0.8982813
0.904063
0.8982913
0.9039515
0.9025532
0.902254
0.903247
0.90584
0.9042693
0.9075288
0.9178352
0.918975
0.9055704
0.8983507
0.9094647
0.8969485
0.9006976
0.8994342
0.9047204
0.9054739
0.9059009
0.9038399
0.9182249
0.8988243
0.9026555
0.9108726
0.9168332
0.9053289
0.9053767
0.905174
0.9117742
0.8998162
0.9033583
0.9000145
0.8992733
0.9007949
0.9014181
0.9005666
0.9004765
0.899334
0.9016387
0.9191923
0.9116832
0.9100722
0.9055058
0.9145071
0.9191666
0.9094567
0.8991875
0.891851
0.905834
0.9006093
0.8995906
0.9009022
0.9160172
0.9102611
0.9166369
0.9062253
0.9093402
0.9183695
0.9250639
0.9174969
0.9093351
0.9224425
0.9230498
0.9041543
0.8975042
0.9068128
0.9166193
0.9111191
0.9134156
0.8928063
0.8894925
0.9149968
0.9038314
0.9059274
0.9175963
0.9166281
0.9050224
0.925289
0.9087472
0.9190975
0.8755212
0.8900911
0.8945573
0.9185348
0.9065452
0.8805947
0.9085712
0.8990098
0.9037957
0.8757339
0.8824556
0.885035
0.9198239
0.863177
0.8693559
0.883227
0.9189089
0.8889619
0.8772094
0.898079
0.8867851
0.9054473
0.9114175
0.8895757
0.8887058
0.9237119
0.9229942
0.9263752
0.926755
0.9317242
0.9074924
0.9127385
0.9200377
0.8954779
0.8867997
0.8931511
0.8921651
0.8956535
0.8990193
0.8930801
0.9187456
0.8847219
0.9002856
0.9190913
0.9254781
0.9067512
0.901764
0.9103534
0.8990798
0.8895079
0.9145156
0.9061042
0.9003345
0.9002557
0.9040646
0.8851956
0.9140413
0.9149798
0.9168243
0.9221188
0.921864
0.8939485
0.8731115
0.915656
0.9161576
0.9022436
0.8901691
0.8953679
0.9133934
0.8770384
0.8992958
0.8916784
0.9161019
0.9275099
0.9220837
0.8965207
0.9143803
0.9202271
0.9331824
0.9260257
0.9062256
0.9287536
0.9192781
0.8936808
0.8855113
0.924437
0.9148897
0.9173834
0.9160898
0.8857838
0.8818393
0.9212564
0.8854259
0.8877496
0.9284371
0.9240219
0.8888803
0.9369304
0.8992063
0.9107567
0.8733272
0.8921495
0.8962456
0.9106049
0.9040279
0.881614
0.9108451
0.8952708
0.8937553
0.8689679
0.8777098
0.8673353
0.9061825
0.869758
0.8761152
0.8759777
0.9061942
0.8779361
0.879644
0.8946908
0.8791644
0.8979428
0.9006978
0.8840519
0.8817802
0.9149015
0.9126326
0.9153079
0.9256909
0.9303381
0.899929
0.9043688
0.9107763
0.8912118
0.8855139
0.8933088
0.8887205
0.8941862
0.8978327
0.8856959
0.9160087
0.8819959
0.8990424
0.9141163
0.9194594
0.9021448
0.9015826
0.9001624
0.9026424
0.8831234
0.9040338
0.9028848
0.8990088
0.8952921
0.9018718
0.8840851
0.9026714
0.9027295
0.9033715
0.9159036
0.9159993
0.8981709
0.8829621
0.9158752
0.9157025
0.8965492
0.8872999
0.8899703
0.9085185
0.8813579
0.8932531
0.8871408
0.9124173
0.9166853
0.9161611
0.895957
0.9129228
0.9186565
0.9289302
0.9229066
0.9070703
0.9271442
0.9186483
0.8876513
0.8893008
0.9110695
0.9167002
0.9148858
0.915076
0.8773326
0.8753492
0.9185226
0.8913852
0.8888338
0.9220185
0.9201868
0.8843738
0.9340186
0.8987877
0.9069876
0.8739641
0.8924366
0.8979937
0.9086783
0.8963386
0.8884791
0.909656
0.8910594
0.9064479
0.8796673
0.8844776
0.8861121
0.909888
0.8744985
0.8787355
0.8864126
0.9100164
0.8902558
0.8842988
0.9009036
0.8929471
0.9066096
0.9114442
0.890222
0.8889179
0.9143387
0.9146466
0.9165405
0.9208113
0.9229353
0.9037121
0.9026901
0.9172581
0.8944966
0.890042
0.8955618
0.8917938
0.8927681
0.8969196
0.8880948
0.9095781
0.889579
0.8983822
0.9076945
0.9167147
0.9022298
0.8999123
0.9064788
0.8984987
0.8884102
0.9084407
0.899462
0.8927439
0.8947833
0.896812
0.888864
0.9012979
0.9010336
0.9017445
0.9130247
0.9116365
0.8946291
0.8855175
0.9109712
0.910352
0.8987459
0.8890501
0.8926965
0.9046995
0.8799321
0.8983795
0.8938991
0.9102194
0.9199476
0.9151876
0.8989855
0.9089552
0.9130124
0.9203687
0.9181974
0.9009717
0.9223353
0.9129374
0.8893518
0.8851007
0.9134098
0.9100544
0.9086986
0.9093436
0.8819703
0.8855195
0.9095674
0.8959591
0.8935323
0.9171297
0.9130763
0.8978045
0.9272786
0.8944005
0.9136051
0.8843366
0.8920676
0.9014475
0.9138951
0.9041076
0.8876971
0.9103165
0.8997879
0.9024824
0.8847032
0.8845556
0.8779115
0.9069955
0.8884587
0.8900624
0.8921035
0.9090077
0.8847544
0.8831026
0.904102
0.8852802
0.9071091
0.9082138
0.8922927
0.893262
0.9145137
0.9135504
0.9146417
0.9258564
0.9290654
0.9026946
0.9088452
0.9112087
0.8948382
0.8909003
0.8968863
0.8983999
0.8984619
0.9044934
0.89609
0.9147447
0.892809
0.8976471
0.9113288
0.919328
0.9009999
0.9067948
0.9050267
0.9041493
0.8907279
0.9041545
0.9045891
0.9006998
0.8992437
0.9006099
0.8928705
0.9007456
0.9027875
0.9031783
0.9162905
0.9152431
0.9059929
0.8952841
0.9101775
0.9211598
0.9037748
0.8934322
0.890625
0.9093331
0.8908018
0.8957108
0.8946078
0.9148982
0.9209459
0.9172131
0.900561
0.91141
0.9200428
0.9296601
0.926918
0.9120206
0.9242163
0.9207385
0.8973329
0.8926871
0.9159772
0.9089358
0.9145014
0.9167659
0.8905386
0.8783763
0.9175451
0.8962292
0.8994748
0.922204
0.915441
0.8910127
0.9359724
0.9003756
0.9093228
0.8960883
0.9035072
0.912774
0.914416
0.9050687
0.9018335
0.9142766
0.9016485
0.9116944
0.9032708
0.8996552
0.8983195
0.9120859
0.9074033
0.9063574
0.903861
0.9079902
0.9021105
0.8996658
0.9083753
0.898625
0.9113045
0.907106
0.9064293
0.9078343
0.9120259
0.9126025
0.9128683
0.9207911
0.9211484
0.9072313
0.908342
0.9177571
0.9052533
0.9032445
0.9070876
0.908283
0.9069319
0.9087485
0.908302
0.9136299
0.9020817
0.9040642
0.9138441
0.9199703
0.9093348
0.9101593
0.9108059
0.9108992
0.8993343
0.909885
0.9023907
0.8960441
0.9042733
0.9022013
0.9011233
0.9080617
0.9075259
0.907908
0.9125693
0.9117025
0.9077301
0.9063063
0.915011
0.9195652
0.9052944
0.8990744
0.8987203
0.906001
0.8987161
0.8998728
0.9024073
0.9134755
0.9146851
0.9148186
0.9096257
0.9105446
0.9173684
0.9237421
0.9179068
0.9077318
0.9218001
0.9191834
0.9013437
0.9004309
0.9108158
0.9124619
0.9160153
0.914466
0.8890913
0.8980311
0.9143831
0.9068649
0.9110349
0.9169652
0.9171589
0.9096068
0.9282648
0.9092947
0.8911715
0.8907548
0.7699613
0.9127192
0.8692856
0.8603471
0.9016067
0.8910873
0.8958119
0.9104277
0.9009571
0.9027136
0.8939672
0.9035153
0.9051251
0.9080589
0.9053898
0.8998071
0.8973669
0.897069
0.9076356
0.8977178
0.9125234
0.912734
0.9035504
0.9039702
0.9024408
0.9040312
0.9018346
0.9050742
0.910162
0.8849378
0.8956985
0.9148799
0.9021422
0.9069129
0.9029178
0.9100287
0.9108692
0.907789
0.9084604
0.8941441
0.9051575
0.7758908
0.8884972
0.8948422
0.804696
0.8119668
0.9073087
0.8353872
0.9058946
0.9020792
0.8212691
0.8150253
0.7869897
0.8172779
0.9052282
0.9006999
0.9038078
0.9030143
0.893349
0.891601
0.8805335
0.9134843
0.777769
0.8102134
0.8986116
0.890265
0.8619703
0.8436166
0.9003964
0.757647
0.7600435
0.8866597
0.9019566
0.892045
0.9017294
0.8926131
0.9008474
0.9055402
0.8987745
0.8880086
0.9069144
0.9080827
0.8957727
0.8887886
0.8981893
0.7742254
0.8896789
0.8947856
0.8865905
0.8945283
0.8889686
0.9062243
0.9079667
0.8948204
0.8905937
0.910695
0.9038776
0.9076489
0.8762716
0.9046195
0.8885251
0.9203769
0.8813462
0.8784443
0.919541
0.8854036
0.9015281
0.9234239
0.9162743
0.9170872
0.9082585
0.9063741
0.9198375
0.9201465
0.9196613
0.9070435
0.9140335
0.9158859
0.9170535
0.9125636
0.9231344
0.9194768
0.9141244
0.9150473
0.9063312
0.9102364
0.9058578
0.8897227
0.8971255
0.8847167
0.904531
0.9234292
0.9164418
0.9184708
0.9165646
0.9206516
0.9216836
0.9182973
0.9204792
0.8744281
0.9222547
0.8860983
0.8610784
0.8693113
0.8817624
0.8904728
0.9160292
0.9019928
0.9207868
0.9057703
0.8766059
0.8764719
0.8917378
0.8737462
0.9184752
0.9078873
0.9095213
0.9095504
0.8722694
0.8762248
0.8953459
0.9258678
0.8937371
0.8973211
0.9041464
0.8996124
0.8811321
0.8771179
0.9072618
0.8803789
0.8846084
0.8769825
0.9050073
0.8742408
0.9125228
0.8860207
0.8959148
0.8850738
0.8911628
0.8764053
0.8991814
0.8962648
0.9023423
0.9011153
0.9022208
0.8917302
0.8759524
0.8795315
0.9028245
0.9132187
0.8687432
0.9190674
0.9220884
0.8816973
0.8767302
0.9282981
0.8829584
0.9159325
0.8812016
0.9006047
0.8834094
0.9211809
0.8848166
0.876757
0.9247521
0.8853938
0.9004608
0.9255959
0.9170119
0.9126394
0.9124264
0.908801
0.9169338
0.9205048
0.9228172
0.9093129
0.9180995
0.9166607
0.9148618
0.9120129
0.9244524
0.9213817
0.9172815
0.9168142
0.9057707
0.908249
0.9068492
0.8941075
0.8979366
0.8913949
0.9047467
0.9250488
0.9182672
0.9186292
0.9171366
0.9198652
0.9249082
0.9185283
0.9193164
0.8780727
0.9217992
0.8912122
0.8657494
0.8750727
0.8909339
0.8969613
0.9151459
0.9034123
0.919344
0.9102155
0.8782533
0.8797909
0.8945181
0.8831895
0.9174497
0.9153754
0.9160335
0.9137718
0.8778662
0.8789809
0.8974696
0.9272341
0.8930719
0.8982644
0.9069591
0.8958801
0.8875368
0.8823742
0.903717
0.8873858
0.8842739
0.8751269
0.9075756
0.8783391
0.9137381
0.8832252
0.896312
0.889378
0.8946302
0.8826114
0.897394
0.8981875
0.9025512
0.9043382
0.9059798
0.8936254
0.8827078
0.8839032
0.8998754
0.9137592
0.8689117
0.9202932
0.9221384
0.8823336
0.8798282
0.9255754
0.8857658
0.918158
0.8960768
0.9184077
0.9046194
0.9309672
0.8963113
0.8982724
0.9281517
0.9001237
0.9094992
0.9326477
0.9275104
0.9249136
0.920767
0.9145821
0.9340732
0.9331316
0.9256337
0.9120654
0.9236106
0.9242185
0.9237204
0.9232225
0.9232574
0.9244944
0.9227195
0.9247882
0.9070465
0.9106424
0.9125826
0.8994148
0.90453
0.8990813
0.9124625
0.9276018
0.920252
0.9272653
0.9232404
0.9271892
0.9250671
0.9249657
0.9254838
0.8945894
0.9282558
0.9052248
0.8886258
0.8917765
0.8999207
0.9068971
0.9207044
0.9150693
0.9268957
0.9162059
0.9018926
0.9023659
0.903692
0.8961335
0.9245796
0.9192321
0.9203026
0.9183528
0.8933605
0.8901218
0.9114543
0.9338344
0.9028423
0.9113625
0.9152784
0.909381
0.9017463
0.9010092
0.9193653
0.9013142
0.9042531
0.8928855
0.9064504
0.8923291
0.9171205
0.898629
0.9095362
0.8945639
0.9045507
0.8928016
0.9014341
0.9098188
0.9144842
0.9118382
0.9058517
0.9058502
0.8954904
0.8963499
0.9133499
0.9241724
0.8906986
0.9286415
0.926821
0.8951703
0.8920358
0.9320398
0.8979853
0.9219694
0.9132286
0.875127
0.8931931
0.8964716
0.9121112
0.8982543
0.883414
0.9124306
0.8971476
0.9051996
0.875672
0.8842455
0.8811953
0.9168083
0.8656798
0.8780657
0.8824221
0.9151677
0.8843579
0.8830535
0.899581
0.8859347
0.9086651
0.9107794
0.8879149
0.8868193
0.9190423
0.915894
0.9185135
0.9250545
0.9270978
0.9050935
0.9103498
0.9147281
0.8943143
0.888243
0.8942435
0.8931267
0.8962706
0.8963783
0.892218
0.9158444
0.8848109
0.8979187
0.9144981
0.9212819
0.9051294
0.9025022
0.9044863
0.8981573
0.8853826
0.9098961
0.9019357
0.8980476
0.8991014
0.8969548
0.8848528
0.9077288
0.9077826
0.9087267
0.9193127
0.9195875
0.8950947
0.8855377
0.9096214
0.9114287
0.8970772
0.8912422
0.8903666
0.9095691
0.8829859
0.8954655
0.8932663
0.9114604
0.9223234
0.9194609
0.9000912
0.91104
0.9175973
0.9282219
0.9259378
0.9065657
0.9231675
0.9190906
0.8918215
0.8851623
0.9184261
0.9090154
0.9138031
0.9169147
0.8800328
0.8825085
0.9155882
0.8907622
0.8910773
0.9233325
0.91793
0.8964597
0.9342675
0.9011192
0.9186122
0.8863619
0.9068451
0.9042659
0.9241436
0.906178
0.8962773
0.9117872
0.9088786
0.9159576
0.892577
0.8925738
0.9014842
0.9324898
0.8721485
0.879166
0.8975733
0.9298732
0.9072419
0.8994437
0.9109054
0.9047833
0.9210058
0.9247284
0.9037595
0.9021958
0.9397806
0.9359404
0.9351369
0.9282931
0.9309073
0.9146795
0.9247537
0.9262422
0.9069742
0.8974646
0.9059186
0.9030146
0.9093924
0.9087407
0.9004582
0.9199059
0.898076
0.9139479
0.9216523
0.9270916
0.9184021
0.9127661
0.921257
0.9136788
0.8910092
0.927998
0.9168393
0.9124858
0.9105024
0.9156491
0.9010601
0.9229291
0.923403
0.9235565
0.921505
0.9293774
0.9024176
0.8821734
0.921656
0.9210771
0.9101935
0.902826
0.9059072
0.9212194
0.8876035
0.913323
0.9044403
0.9142847
0.9396722
0.9287948
0.9048857
0.919613
0.9258785
0.932442
0.9265064
0.9114748
0.9308336
0.922823
0.9007705
0.8972883
0.9351204
0.9211133
0.9221263
0.9194066
0.8972177
0.9038289
0.9225225
0.9061655
0.8958177
0.9279884
0.9261213
0.9045289
0.9420563
0.9070354
0.9091005
0.9085061
0.9006098
0.9141457
0.9024087
0.9037846
0.9052059
0.9181352
0.9052975
0.9036052
0.8906923
0.887511
0.872306
0.6778819
0.9241779
0.9214113
0.9049869
0.6645445
0.8793174
0.8890197
0.891472
0.8850128
0.8961192
0.8951023
0.8983986
0.9012248
0.8412753
0.8411944
0.8494362
0.9172896
0.916564
0.9022505
0.8294198
0.9017812
0.894124
0.9015206
0.8973485
0.9071671
0.9050172
0.9056731
0.9066054
0.9168956
0.9048271
0.8999857
0.9039772
0.9094779
0.8991831
0.9049197
0.8970764
0.9143584
0.9088063
0.833397
0.901352
0.9029039
0.9021622
0.8978568
0.9051042
0.8300401
0.8262436
0.8264136
0.9145814
0.9024058
0.9138204
0.9193993
0.9143289
0.9248112
0.9050659
0.8953874
0.8979326
0.9030253
0.9119177
0.8959699
0.8994677
0.9105743
0.8407042
0.9043339
0.9064973
0.9010804
0.9139124
0.9180642
0.9098762
0.9074422
0.9149977
0.9180597
0.9023355
0.9045608
0.8406135
0.9151971
0.9075759
0.9114866
0.9031348
0.8925968
0.9129361
0.9012519
0.9127836
0.912508
0.9053872
0.906554
0.9086966
0.9067141
0.9069718
0.9009926
0.9007956
0.8642319
0.9082028
0.9010762
0.86567
0.9122368
0.9018657
0.9018576
0.8949548
0.8981643
0.8824956
0.8974479
0.914871
0.9142878
0.8608193
0.8986919
0.8945169
0.8921932
0.8957424
0.8869472
0.9044874
0.9059176
0.8395137
0.8404649
0.8954132
0.8926989
0.8996742
0.9203266
0.9185792
0.9024347
0.8972942
0.9072696
0.8525718
0.856586
0.8547967
0.860628
0.8630854
0.8687518
0.8644789
0.9138552
0.9033942
0.901235
0.9057974
0.9115066
0.8999213
0.9038914
0.8750185
0.9042019
0.8800709
0.8997913
0.8991368
0.8964625
0.9018752
0.8978473
0.8527497
0.8972531
0.8984221
0.8983276
0.9128796
0.9079501
0.9126166
0.8697643
0.9124398
0.9224365
0.9046347
0.8908382
0.8944025
0.9032868
0.904597
0.8948017
0.8979518
0.9109417
0.8995725
0.9076693
0.9044624
0.9088189
0.9185007
0.9189077
0.9160477
0.9090106
0.9213149
0.9196622
0.8993921
0.8997449
0.8918524
0.909819
0.9108098
0.9120062
0.8948409
0.8902341
0.9098816
0.8549151
0.86908
0.9169331
0.9098584
0.9100708
0.92095
0.8574648
0.879132
0.8814222
0.8072369
0.9090683
0.8573692
0.847861
0.8991557
0.8834629
0.8912416
0.9121499
0.8975734
0.900595
0.8874879
0.9040577
0.8958162
0.9018946
0.8962278
0.9005372
0.89742
0.9019231
0.9040202
0.8951087
0.912509
0.9148451
0.9016435
0.8987392
0.9027858
0.8986908
0.9052598
0.9028818
0.9110012
0.8830046
0.8996139
0.9188414
0.9026018
0.90114
0.9029489
0.9019994
0.9029247
0.9070276
0.904504
0.8875217
0.9059643
0.8184159
0.8773375
0.880635
0.8113856
0.8160089
0.907198
0.8529664
0.9005535
0.9009652
0.7452826
0.7347023
0.8267491
0.7433545
0.8995062
0.8991461
0.9010167
0.9005697
0.8875333
0.885596
0.8746682
0.9075486
0.834186
0.8461453
0.8978219
0.8850832
0.8444874
0.8051005
0.8889701
0.7981359
0.801844
0.8824104
0.9025393
0.8865502
0.89827
0.8871482
0.9002506
0.8997847
0.8965566
0.8741806
0.9057199
0.902294
0.8883062
0.8876841
0.8982449
0.833798
0.8796539
0.8843032
0.8832149
0.8941683
0.882804
0.9006339
0.9052669
0.8868881
0.8828461
0.9086589
0.9010145
0.9062848
0.8852702
0.8772838
0.8808772
0.907215
0.8950205
0.8850269
0.8919019
0.884698
0.8913652
0.9152704
0.8918359
0.8939968
0.8961256
0.9146394
0.876846
0.8857282
0.897854
0.9128634
0.8992137
0.896359
0.9049626
0.8955488
0.9134395
0.9180829
0.9004485
0.8990421
0.9167233
0.9174145
0.9189802
0.9024781
0.9091949
0.8849768
0.9101328
0.9221093
0.9006381
0.9002649
0.8981388
0.9008572
0.9027847
0.9065344
0.8990756
0.8920858
0.9020076
0.8885689
0.8815365
0.8940359
0.8899066
0.8877807
0.9116247
0.892571
0.8941362
0.9108187
0.8847165
0.8804978
0.8878471
0.8818903
0.8971295
0.910328
0.911003
0.9126286
0.8894765
0.8931287
0.881296
0.893528
0.8973669
0.8988832
0.8993439
0.8863897
0.8783183
0.8926693
0.8777447
0.8838802
0.8808052
0.8879701
0.9208456
0.8897091
0.8904263
0.8930637
0.9027447
0.9086705
0.9044275
0.8860226
0.900972
0.8953664
0.8852547
0.8847169
0.9165678
0.8978493
0.8873475
0.887926
0.8803212
0.8987722
0.8827327
0.8996328
0.8959781
0.8979109
0.8947767
0.904879
0.9158553
0.9002402
0.8880075
0.9005696
0.8701318
0.9135477
0.8717087
0.8643492
0.910478
0.8948899
0.9005454
0.9153468
0.9075103
0.9098689
0.8969068
0.9044479
0.9134743
0.9162241
0.9114135
0.9055577
0.9032176
0.9076416
0.9100921
0.9034541
0.9116301
0.9121171
0.9081243
0.9083753
0.9004803
0.9054438
0.9058475
0.903938
0.9080889
0.8896822
0.9008961
0.9161646
0.9052605
0.915996
0.9064994
0.9108035
0.9167722
0.9156665
0.9117428
0.8955771
0.9136075
0.8755552
0.8825886
0.8919768
0.8780078
0.8820744
0.9095257
0.8880191
0.9094871
0.906269
0.8660579
0.8606762
0.8809837
0.8620345
0.9069609
0.9076615
0.9064645
0.9052002
0.8962403
0.8889252
0.8842048
0.9169356
0.8813897
0.8946374
0.8989518
0.8979145
0.8327509
0.874197
0.9045381
0.8733301
0.8666864
0.8930497
0.9031663
0.8902677
0.9069726
0.8896677
0.9045804
0.9063149
0.9058336
0.8906098
0.9094452
0.9053963
0.9043396
0.8984462
0.9015388
0.8789355
0.8913726
0.8974019
0.8908453
0.9013721
0.8902553
0.9088626
0.914436
0.8969506
0.8898501
0.9161724
0.9003301
0.9117795
0.892062
0.8937383
0.7361008
0.9121949
0.8692772
0.8636314
0.8996914
0.8939638
0.8940114
0.9095673
0.9040585
0.9068227
0.8879805
0.9012831
0.9057752
0.9102117
0.9023364
0.8943054
0.8949443
0.9003808
0.9069375
0.8929081
0.9131658
0.9093549
0.9012982
0.9003024
0.8999174
0.9009232
0.9024199
0.9010352
0.9051409
0.8849119
0.8981349
0.9168429
0.9051461
0.9073096
0.9058744
0.9063903
0.9116469
0.9128792
0.907695
0.888601
0.9050407
0.7468983
0.8865113
0.8925715
0.7829928
0.791497
0.9091917
0.8232468
0.9082533
0.9013711
0.805761
0.8017037
0.7607838
0.8039504
0.9035056
0.9019146
0.9028323
0.9016827
0.8882507
0.8925831
0.8752222
0.9125385
0.7387384
0.7947965
0.8989123
0.892478
0.8579968
0.842832
0.9005124
0.7347107
0.7331162
0.8855149
0.9005302
0.8935399
0.9043337
0.8890776
0.901348
0.8987904
0.9004462
0.8866683
0.9068051
0.9081292
0.8971966
0.8878836
0.8970652
0.7318011
0.8902987
0.896467
0.8863661
0.8927829
0.8941105
0.9048199
0.9093801
0.8957266
0.89252
0.9121617
0.9016925
0.9086327
0.8913745
0.8945063
0.7498382
0.9142455
0.8732659
0.8692218
0.9074653
0.8954704
0.9003212
0.9193131
0.9068312
0.9069426
0.9010161
0.9101151
0.9052187
0.9124855
0.9112481
0.9075791
0.9068772
0.9077078
0.9141213
0.904076
0.9191612
0.9189635
0.9081075
0.9080452
0.9147043
0.9134296
0.9129213
0.9057237
0.9110185
0.8915132
0.9091582
0.9231889
0.9117813
0.9139515
0.9121809
0.9148652
0.9171659
0.9191503
0.9145194
0.8957191
0.9147219
0.7649079
0.8841859
0.8926287
0.8045081
0.8128568
0.9178595
0.7479892
0.9118642
0.9068909
0.8181679
0.812632
0.7644873
0.8128518
0.9105616
0.9072238
0.9092836
0.9098135
0.8918514
0.8975852
0.8845368
0.9159986
0.4607141
0.7893922
0.9054993
0.9001465
0.8655403
0.8427466
0.9024723
0.7399877
0.7480213
0.8947892
0.9127052
0.8956847
0.9086565
0.8949554
0.9047503
0.9057809
0.9043769
0.8883009
0.908497
0.9086614
0.9043964
0.9020501
0.9118328
0.4231802
0.8968034
0.8981117
0.8968011
0.9027648
0.8914386
0.9147018
0.9149366
0.8954145
0.8977204
0.9196773
0.9046304
0.9108387
0.9211295
0.8939012
0.9033712
0.9082599
0.9156678
0.9061535
0.895406
0.9161174
0.9113617
0.8799538
0.8880783
0.8931773
0.8823192
0.9087557
0.9016237
0.9041256
0.8971907
0.9089649
0.8866982
0.8873702
0.9003306
0.8892417
0.8956141
0.902879
0.8965607
0.8949641
0.9105581
0.9086673
0.9107947
0.9283961
0.9298841
0.9095046
0.9035761
0.9071862
0.8993937
0.9002254
0.9008059
0.9033325
0.9102555
0.9040693
0.9041712
0.92096
0.8953226
0.9094054
0.918499
0.9224308
0.9090975
0.9103714
0.90625
0.9120708
0.8957579
0.9076596
0.9104516
0.9093723
0.9078275
0.9098566
0.8975642
0.9038363
0.9030483
0.9019471
0.9234289
0.9227636
0.9110573
0.9048929
0.9254501
0.9231835
0.9070542
0.899265
0.9022462
0.9164228
0.9044466
0.9033233
0.8981632
0.9212863
0.9149334
0.9217745
0.906183
0.9179005
0.9240201
0.9300384
0.9263566
0.9131062
0.9296306
0.9253779
0.9062847
0.9032708
0.9122826
0.9241143
0.9187408
0.9192999
0.8975339
0.881336
0.9220105
0.9016957
0.900771
0.9286769
0.919268
0.7393475
0.9345515
0.9044631
0.87788
0.8813149
0.8535626
0.9050812
0.8561908
0.8357989
0.8960135
0.8870402
0.8822405
0.905168
0.891398
0.892009
0.8879419
0.9012044
0.896633
0.9006126
0.8933775
0.9010207
0.8936882
0.89099
0.8955681
0.8962732
0.9100731
0.9086059
0.8937546
0.8943708
0.9012595
0.9022304
0.9052481
0.8994301
0.9081139
0.8800453
0.8962923
0.915644
0.8967293
0.8944864
0.8965368
0.8981699
0.9032166
0.9047366
0.9000826
0.8854208
0.9011969
0.8613228
0.8729657
0.8796263
0.8606974
0.8650248
0.9008953
0.8764374
0.8958713
0.8986752
0.8456356
0.8436651
0.8612816
0.8463215
0.8946316
0.8935708
0.8951115
0.8910859
0.8853171
0.8855872
0.8669656
0.9012164
0.8711057
0.87964
0.8891161
0.8797934
0.7959588
0.8603286
0.8834458
0.8485078
0.8503312
0.880032
0.9047774
0.8833831
0.8903235
0.8866186
0.898346
0.9004922
0.8972206
0.8776559
0.9010997
0.9021148
0.8839011
0.8814527
0.9027989
0.8704572
0.8823958
0.8888769
0.8751284
0.8893509
0.8788354
0.8953716
0.8980163
0.8874543
0.8785142
0.9059111
0.9067884
0.900851
0.8771842
0.9058786
0.9004027
0.9236121
0.8906973
0.8875981
0.9225941
0.8902203
0.9057317
0.929325
0.9196155
0.9166874
0.9160102
0.917223
0.9199826
0.9206783
0.9227573
0.913451
0.9226892
0.924348
0.9178835
0.9230141
0.9255769
0.9219785
0.9187582
0.9167964
0.9133128
0.9133423
0.9119541
0.8986062
0.9033569
0.8943695
0.9138179
0.923842
0.9192707
0.9197522
0.9194258
0.9234724
0.925667
0.924076
0.9212981
0.8874317
0.9208412
0.897032
0.8733246
0.8783025
0.8960385
0.8971133
0.9170504
0.9110079
0.9219197
0.9176781
0.8885414
0.8865816
0.9031158
0.8901197
0.9229824
0.9140209
0.9161306
0.9158957
0.8833621
0.8829691
0.901516
0.9234965
0.9036734
0.9078837
0.9050639
0.9044437
0.8876588
0.8928635
0.9068461
0.8972194
0.8938921
0.8816581
0.9175462
0.8849787
0.910097
0.8853692
0.9003022
0.8867314
0.8997844
0.885543
0.9015256
0.9054614
0.9097201
0.9028455
0.9123245
0.9027601
0.8823487
0.8839866
0.9042338
0.9149437
0.874669
0.9214507
0.9236724
0.8900228
0.877891
0.9273824
0.899537
0.9182923
0.8754256
0.8985079
0.8809559
0.9119352
0.8840512
0.8742106
0.9079732
0.8804995
0.8921943
0.9175157
0.9038811
0.9062218
0.9024515
0.9075639
0.9075422
0.9086224
0.9070872
0.9057412
0.9074215
0.9107362
0.9083453
0.9060344
0.9169041
0.9147332
0.9032153
0.9033223
0.9061548
0.906649
0.9065746
0.8944619
0.9011763
0.8808005
0.9028953
0.9199785
0.9067308
0.9076945
0.9085037
0.9117877
0.9110797
0.9105591
0.9102496
0.8802386
0.9091378
0.8867815
0.8638413
0.863633
0.8848107
0.8857981
0.9089179
0.9025304
0.9097801
0.9088703
0.8795247
0.8762766
0.887112
0.8785803
0.905808
0.9055377
0.9070746
0.9077653
0.8750046
0.8805043
0.8940229
0.9122414
0.8948929
0.9000885
0.8951015
0.89379
0.8759733
0.8862475
0.8939929
0.8814429
0.877438
0.8754417
0.9050177
0.8812011
0.8993897
0.8844347
0.8990657
0.8890436
0.8899613
0.8720216
0.8949706
0.896607
0.8963002
0.8903866
0.9020523
0.8956867
0.8824512
0.881187
0.8919445
0.9023258
0.8657029
0.9075136
0.9122688
0.8885122
0.8795964
0.9169191
0.8953861
0.9132702
0.8697233
0.8940807
0.8777404
0.9170613
0.8764179
0.8713132
0.9077151
0.8754188
0.8925216
0.916147
0.9078681
0.9097452
0.9047619
0.9062578
0.906512
0.9041196
0.9069481
0.9056839
0.9129449
0.9113382
0.9060835
0.905698
0.9170268
0.9163895
0.9043861
0.9038593
0.9072703
0.9074902
0.9060889
0.8943432
0.8996009
0.886087
0.904014
0.9196704
0.9084582
0.9114104
0.9085593
0.9129201
0.9115534
0.9091549
0.9079798
0.8810673
0.9102762
0.8780933
0.8531734
0.8638811
0.8772563
0.880176
0.9141899
0.8991026
0.9096781
0.9068223
0.8772935
0.8707248
0.8855039
0.8752829
0.9044149
0.9081298
0.909036
0.9063425
0.8762137
0.8773651
0.8854951
0.9110937
0.8929146
0.8951948
0.8952517
0.8915573
0.8694959
0.87985
0.8948746
0.877182
0.8758525
0.8704502
0.9079486
0.8767243
0.8992621
0.8744176
0.8937387
0.8799425
0.888211
0.8675021
0.8968608
0.8931339
0.8923186
0.8916721
0.906151
0.8934306
0.8765135
0.876567
0.8911861
0.9027491
0.8614307
0.9107685
0.9098267
0.8797475
0.8781488
0.9210432
0.8970451
0.9104825
0.8674285
0.9027896
0.8827394
0.9184588
0.8851055
0.8789003
0.9143956
0.8730895
0.9034122
0.9274145
0.9126925
0.9118936
0.9112032
0.9131031
0.9114954
0.9121661
0.9138879
0.9111588
0.9155652
0.9189036
0.915997
0.9149179
0.9249734
0.92188
0.9159914
0.9145695
0.9134317
0.9143815
0.9148936
0.8873983
0.8962646
0.8779295
0.9100401
0.9256797
0.9159667
0.9124859
0.917565
0.9170263
0.9195211
0.9174118
0.9173193
0.664459
0.9149886
0.888534
0.8598258
0.8663672
0.8869434
0.8898666
0.9162779
0.8953927
0.9138671
0.9180489
0.8800289
0.8773424
0.8893393
0.8778778
0.9125623
0.9126091
0.9128876
0.9134149
0.648083
0.8759955
0.8880765
0.9171664
0.8941514
0.8962882
0.9076068
0.8978181
0.8799154
0.8827556
0.9009077
0.8829868
0.8852122
0.8574678
0.9173849
0.8723366
0.9096516
0.8844905
0.8922306
0.8789015
0.8832558
0.8681714
0.8940299
0.8884262
0.8983299
0.9049796
0.9134124
0.891244
0.8666934
0.8695794
0.9032178
0.9095553
0.8416487
0.9185102
0.9173402
0.8693303
0.8662346
0.9219661
0.8974669
0.9156835
0.8755444
0.8867312
0.8858921
0.9152133
0.8943677
0.8777758
0.9100116
0.872963
0.897343
0.9249423
0.9040562
0.9087327
0.9077587
0.9222606
0.8916401
0.8929965
0.9069903
0.919675
0.9112381
0.9089133
0.9126032
0.9106522
0.9207693
0.9218998
0.9075403
0.9064165
0.9224318
0.9233464
0.9249912
0.8919439
0.903359
0.8869878
0.9142887
0.9274291
0.9134213
0.9076393
0.9128972
0.907536
0.9144106
0.9142626
0.9122128
0.8661917
0.9069062
0.8881751
0.8692977
0.8769068
0.8891865
0.8869067
0.9192088
0.894238
0.906461
0.9197111
0.8783003
0.8738374
0.883033
0.8778456
0.9098663
0.915496
0.918114
0.917074
0.8661783
0.8863024
0.8818261
0.9009609
0.8939394
0.8955506
0.9044706
0.8973381
0.8751388
0.890296
0.8867127
0.8855051
0.8815067
0.8680826
0.9268595
0.8875793
0.8970288
0.8888687
0.8975852
0.8935799
0.8994832
0.873496
0.8981316
0.8910625
0.8956758
0.8918625
0.9234627
0.8924723
0.876779
0.879568
0.8892871
0.9033348
0.8584412
0.9123811
0.9044059
0.8850735
0.8801309
0.9172748
0.9082102
0.9125654
0.8927976
0.8387013
0.8930305
0.9059594
0.8966032
0.8847306
0.8960373
0.8972018
0.7823156
0.911231
0.8970405
0.8940004
0.892362
0.9044914
0.8941485
0.8969858
0.8956869
0.9031662
0.8974405
0.8943973
0.8962304
0.89947
0.9051727
0.9057094
0.8968959
0.898106
0.9027535
0.9026964
0.9053965
0.9041783
0.9128586
0.8926375
0.9010001
0.9148914
0.897775
0.8955277
0.8996235
0.8997933
0.9043698
0.9003115
0.8983774
0.9030006
0.8992442
0.8947516
0.8911378
0.8953924
0.8991418
0.8965746
0.9003172
0.9035856
0.890946
0.9002453
0.8914464
0.8906729
0.8960393
0.8959236
0.893678
0.898276
0.8990656
0.9004756
0.9016024
0.8920681
0.8912899
0.8968496
0.9073577
0.9102161
0.8084112
0.7567766
0.8891928
0.8996302
0.854665
0.893517
0.8946184
0.8989502
0.9067452
0.8981488
0.9007954
0.8985253
0.906009
0.9086994
0.9057631
0.8956031
0.9099893
0.9085349
0.6501134
0.8572104
0.9047552
0.9063599
0.8944217
0.8993261
0.8270067
0.8938353
0.8965373
0.8968934
0.8973997
0.9070271
0.8994406
0.9077097
0.9104828
0.8990341
0.8918277
0.8937738
0.7954288
0.9172142
0.8784674
0.8628973
0.9056461
0.890243
0.896438
0.9196579
0.9052442
0.9082243
0.9036385
0.9133697
0.9079773
0.9099938
0.9092444
0.9092291
0.9109812
0.9080893
0.9113288
0.9091857
0.9203142
0.923283
0.9095384
0.9104419
0.9151573
0.9128833
0.9119963
0.9025932
0.9082503
0.8891045
0.9116809
0.9215393
0.9072719
0.9091619
0.9101052
0.9088623
0.9132974
0.9116364
0.9103794
0.8887335
0.9177064
0.8126921
0.8878911
0.8898724
0.7579137
0.7648349
0.9142066
0.8429687
0.9087467
0.909049
0.818154
0.817159
0.8282583
0.8233842
0.9087321
0.9115706
0.9116205
0.9117273
0.8901311
0.8931788
0.883514
0.9110891
0.819656
0.8386737
0.9058273
0.8952351
0.8684376
0.8443009
0.8940819
0.7948456
0.7939128
0.8912237
0.913045
0.8942874
0.9079942
0.8949782
0.9030507
0.9025116
0.9039023
0.8898693
0.9054097
0.9047786
0.9014075
0.8937247
0.9123282
0.8207179
0.8921316
0.8897539
0.8924431
0.9070427
0.8897551
0.9128494
0.9135049
0.8978566
0.8940176
0.9206751
0.9023248
0.9101323
0.8903716
0.8927775
0.7936743
0.9157961
0.8779461
0.8616557
0.9039847
0.8932084
0.8954644
0.9187547
0.903817
0.905552
0.8999562
0.9131323
0.9043555
0.9059431
0.9059764
0.9120674
0.9068998
0.9050189
0.9074306
0.9044938
0.9202655
0.923195
0.9064903
0.9063147
0.9116147
0.9091297
0.9094976
0.9005882
0.9067846
0.8910167
0.9095649
0.9229458
0.9078836
0.9080701
0.9081392
0.9088946
0.9114629
0.9145085
0.9073688
0.887657
0.9155738
0.8139026
0.8840042
0.88788
0.7554654
0.759787
0.9135434
0.842595
0.9070624
0.907766
0.8206095
0.8198473
0.8242231
0.8224679
0.9073665
0.9091777
0.9103456
0.9096049
0.8881457
0.8957916
0.8794556
0.9110436
0.8184265
0.8371799
0.905822
0.8946519
0.8663538
0.8454796
0.8946798
0.792796
0.7905882
0.8862578
0.9118777
0.8926643
0.9061036
0.8969116
0.9020082
0.9016612
0.9025851
0.8919661
0.9058285
0.9056961
0.8959434
0.8930481
0.9083179
0.81765
0.8884345
0.891653
0.8912522
0.905034
0.8868898
0.9099077
0.9118755
0.8999069
0.8905029
0.9178469
0.9031766
0.9091168
0.9021135
0.9038611
0.826918
0.9273376
0.8891803
0.8784439
0.9163773
0.9042605
0.9052955
0.9313684
0.9161906
0.9186814
0.9143133
0.9220048
0.9135798
0.916792
0.9183731
0.9207707
0.9192259
0.9180664
0.921073
0.9153603
0.9316401
0.9317878
0.9184463
0.9202172
0.9219093
0.9213809
0.9198459
0.9081948
0.912598
0.9026758
0.9228292
0.9308954
0.9212481
0.9192849
0.9210991
0.9211104
0.9230981
0.9254003
0.9210124
0.8971156
0.9213241
0.8339399
0.8909117
0.8963611
0.7842693
0.7898193
0.9220988
0.8622177
0.9188571
0.9186225
0.8359828
0.8338649
0.8430949
0.8376362
0.9213295
0.9166987
0.9176897
0.9170798
0.8950737
0.8992867
0.8943983
0.9189896
0.8391699
0.8515976
0.9106279
0.9052079
0.8820907
0.860011
0.9045787
0.8286635
0.8212099
0.8968122
0.918574
0.9022575
0.9159722
0.9057848
0.9094372
0.9092452
0.9075721
0.8991369
0.9114295
0.9104467
0.909019
0.9060758
0.9213724
0.8361174
0.900293
0.9006084
0.9062445
0.9177971
0.893963
0.9211244
0.9228051
0.9017327
0.9031171
0.9255387
0.9080758
0.9172232
0.8993181
0.9032452
0.8371345
0.9227271
0.8897574
0.8796532
0.9172823
0.9043414
0.9063638
0.9335141
0.9152542
0.9182443
0.9175901
0.9222442
0.9083894
0.9109345
0.9191205
0.9226583
0.9232015
0.917438
0.9215054
0.916962
0.932726
0.9322761
0.9207418
0.9202351
0.9272689
0.9253711
0.9257101
0.9094145
0.9136571
0.9017145
0.9257395
0.9345892
0.9244325
0.9154777
0.921936
0.9204886
0.9223324
0.9226809
0.9156912
0.9003946
0.9205659
0.8493586
0.8966664
0.9012363
0.8291648
0.8246665
0.9271791
0.8735503
0.9177745
0.9250529
0.854365
0.852424
0.8550719
0.8555657
0.9163921
0.9202239
0.9217292
0.9203767
0.8975831
0.9099203
0.8883369
0.9147374
0.8494517
0.8585511
0.9116227
0.9073972
0.8836646
0.8669236
0.9022782
0.8443639
0.8381109
0.895153
0.9264332
0.9018392
0.9168601
0.9079021
0.9106767
0.9118377
0.9031784
0.897248
0.9123313
0.9099496
0.910887
0.9058459
0.926882
0.8523023
0.8989835
0.9005408
0.9016596
0.9134884
0.8962864
0.9183845
0.9189663
0.9039212
0.9029307
0.9309026
0.912459
0.9198992
0.8618635
0.8977706
0.8818783
0.9201787
0.8819802
0.8701465
0.9120394
0.8681986
0.8929652
0.9224985
0.9105117
0.9097507
0.907365
0.90763
0.9155604
0.9128067
0.9112871
0.9058128
0.9102042
0.912435
0.90884
0.9082009
0.9195064
0.91962
0.9107884
0.9114186
0.9040321
0.9069917
0.9075734
0.8768965
0.8907827
0.8769511
0.9039898
0.9245068
0.9115141
0.9156951
0.9142525
0.9171783
0.9179864
0.9174133
0.9162149
0.8542958
0.9177803
0.884816
0.8463265
0.852345
0.8814291
0.8844819
0.9145747
0.8948651
0.911166
0.908583
0.8751414
0.8692203
0.8879656
0.8717283
0.9113343
0.9044784
0.9057806
0.9063924
0.8481319
0.8646072
0.8891358
0.9180443
0.8908506
0.8967495
0.8933114
0.8900244
0.8748159
0.8791317
0.8998555
0.8802005
0.88246
0.8570954
0.9046592
0.8613532
0.9039266
0.8775249
0.8898338
0.8725933
0.8817212
0.8664177
0.8898019
0.8874557
0.8918442
0.8961291
0.9024135
0.8917218
0.8618222
0.8625578
0.8940062
0.9058917
0.8365934
0.9114704
0.9159556
0.867775
0.8606183
0.9230742
0.8869097
0.9119241
0.8884506
0.8930664
0.7525931
0.9130833
0.8693824
0.868354
0.9066283
0.8957748
0.8984209
0.9176648
0.9082714
0.9077133
0.9018445
0.9089849
0.9045221
0.9086458
0.9102192
0.9060574
0.905566
0.9069108
0.9125627
0.9032724
0.9180252
0.9183278
0.9092627
0.9090812
0.9139618
0.9129927
0.9117234
0.9054873
0.9086959
0.8912264
0.9088763
0.9239362
0.9106948
0.9120541
0.9110205
0.9124008
0.9172644
0.9184607
0.9138954
0.8944104
0.9137994
0.7621658
0.8824081
0.8899234
0.8071459
0.8124138
0.9175768
0.753861
0.9095221
0.9072275
0.8170499
0.8112294
0.765401
0.8126364
0.9112048
0.9075981
0.9093863
0.9094924
0.8895872
0.8962348
0.8841702
0.9142284
0.4723148
0.788661
0.9057889
0.899445
0.8659573
0.8402801
0.9024609
0.7412593
0.745711
0.892655
0.9109894
0.8944137
0.9061081
0.8958944
0.9029367
0.9065704
0.9044038
0.8874978
0.9075636
0.9095263
0.9026324
0.9001996
0.9109274
0.4319887
0.8948663
0.8959901
0.8962409
0.9025558
0.890678
0.9130743
0.9128429
0.8946497
0.8954789
0.9191602
0.9038816
0.9095468
0.9077407
0.9056651
0.902539
0.9129565
0.9029168
0.9037513
0.9055373
0.9172107
0.9069195
0.9032056
0.8953356
0.8955673
0.8742538
0.8493978
0.9288212
0.9274546
0.900099
0.8434169
0.8876038
0.8936617
0.8894652
0.8836872
0.9014488
0.8993976
0.8988625
0.9014187
0.7356628
0.7281952
0.7803837
0.9187237
0.9198917
0.9017366
0.8335877
0.9088988
0.9006155
0.907212
0.9045505
0.9076978
0.9142443
0.9086336
0.9093571
0.9176475
0.9117126
0.898626
0.9093372
0.9078356
0.8987328
0.9053614
0.8959246
0.9132535
0.906938
0.8349481
0.8989343
0.8993874
0.9049173
0.8967642
0.906419
0.8343978
0.8360118
0.83235
0.9157456
0.9044572
0.9178077
0.9253468
0.9126166
0.9195708
0.9055348
0.8971953
0.8919077
0.9047568
0.9150862
0.8932035
0.899534
0.9128465
0.7662788
0.9041066
0.9147152
0.907181
0.9177594
0.9187358
0.9142918
0.9055171
0.9165078
0.9212342
0.9022964
0.9057898
0.7548073
0.9120665
0.9057238
0.9150244
0.8983973
0.8936921
0.914789
0.9000907
0.9116949
0.9158177
0.9053221
0.9066125
0.9121427
0.9046361
0.9174204
0.9094809
0.9049629
0.9157572
0.9113937
0.9111704
0.9057888
0.9175473
0.9099667
0.9072364
0.898516
0.897538
0.8831919
0.8623934
0.927137
0.925722
0.9068343
0.8565656
0.8916067
0.8925268
0.8985178
0.8953446
0.9034645
0.9040882
0.903066
0.9082938
0.7967715
0.7924751
0.8010157
0.9219161
0.9256499
0.9064977
0.8491366
0.9142693
0.9060973
0.9121638
0.9092479
0.9130481
0.9165097
0.9138256
0.9150745
0.9202426
0.9122903
0.9060519
0.9149309
0.9153617
0.902497
0.9071171
0.9041597
0.9158463
0.9102134
0.848758
0.9053365
0.9038073
0.9053273
0.9027423
0.9092234
0.8503077
0.8487665
0.8452751
0.9203198
0.9143984
0.9217005
0.9236361
0.9162229
0.9242998
0.9089317
0.9031415
0.8993214
0.9074499
0.9151844
0.9017525
0.9037675
0.9149055
0.800957
0.9146727
0.9097073
0.9129944
0.9230743
0.9209511
0.9194461
0.9138371
0.919078
0.9230503
0.9094118
0.9077021
0.7953595
0.9153849
0.9154347
0.9163702
0.9059726
0.898687
0.918708
0.9042549
0.9109806
0.9148718
0.913115
0.9077212
0.916468
0.9122109
0.9045686
0.9136435
0.9040435
0.9118013
0.9061086
0.9056276
0.9112225
0.9186022
0.9098636
0.9048668
0.8990139
0.8992719
0.8823464
0.8543148
0.9318897
0.9267758
0.9020079
0.8526371
0.8930381
0.8995627
0.8973315
0.8947697
0.9025924
0.8999522
0.9029144
0.9060601
0.77885
0.776591
0.7841989
0.9179288
0.9146806
0.8996665
0.8396615
0.910424
0.9038585
0.9099782
0.9053351
0.9108008
0.9119836
0.9113839
0.9105405
0.9169073
0.9138791
0.9037341
0.9058639
0.9042834
0.9039093
0.9057128
0.895728
0.9176968
0.9119125
0.84248
0.9040314
0.9047976
0.9066377
0.8996064
0.9102096
0.8410055
0.8435955
0.8416254
0.9175645
0.9000934
0.923262
0.9257113
0.9152168
0.9222839
0.9073536
0.8982036
0.8994613
0.907759
0.9168243
0.8971429
0.9021275
0.9113942
0.7722824
0.9063368
0.9132198
0.9126838
0.9190223
0.913616
0.9108873
0.904312
0.9146659
0.9222168
0.9055344
0.905358
0.768834
0.914599
0.9065401
0.9104999
0.9047908
0.9016638
0.9115279
0.9062769
0.9158995
0.9088598
0.9065258
0.9116026
0.9102205
0.906413
0.905503
0.9034065
0.9005844
0.9124982
0.906611
0.9051316
0.9028169
0.9153117
0.9035244
0.9050379
0.8926356
0.8930351
0.8702759
0.8568355
0.9200102
0.9201237
0.898929
0.8583543
0.8869163
0.89041
0.8908629
0.8877105
0.901861
0.8993129
0.9035686
0.9023769
0.7922568
0.7941651
0.8039694
0.9199093
0.9206263
0.9054437
0.8396832
0.9093004
0.8974185
0.9030598
0.8996585
0.9086879
0.9095795
0.9093329
0.9106689
0.9128099
0.9104565
0.8990623
0.91034
0.9105087
0.900654
0.905641
0.8992187
0.915957
0.9052435
0.8388132
0.9004623
0.9025907
0.9026341
0.8989863
0.9053229
0.839316
0.8403295
0.8397154
0.9134407
0.90855
0.920164
0.9181895
0.9137991
0.9202115
0.9088879
0.8963643
0.8962971
0.9072883
0.9109257
0.8972443
0.898702
0.9118977
0.7866587
0.9076907
0.9072815
0.9091424
0.918234
0.9184146
0.9109361
0.9054854
0.9155629
0.9239806
0.9044373
0.9031443
0.7872501
0.9119263
0.9086613
0.9106278
0.8994626
0.8941134
0.9118019
0.9003551
0.9053227
0.9129834
0.9084869
0.9079508
0.9179071
0.9094926
0.9045557
0.9090391
0.9026236
0.9146557
0.9062456
0.9040984
0.8984315
0.9146389
0.9047358
0.9058135
0.8927669
0.8941361
0.8791443
0.8533816
0.9232586
0.9229136
0.8987208
0.8548315
0.8839055
0.8947042
0.8915127
0.8892567
0.899777
0.8965948
0.8983781
0.9019474
0.7795291
0.7745338
0.7300985
0.9174749
0.9189659
0.9023755
0.8392312
0.9056925
0.8955058
0.9040109
0.8970551
0.9061463
0.9104935
0.9062874
0.9089265
0.9144968
0.9116494
0.9012178
0.9094094
0.9112351
0.9023365
0.905813
0.8980175
0.9171527
0.9025728
0.8395426
0.9030053
0.9010679
0.9068908
0.897523
0.9059658
0.8379821
0.8402295
0.8376363
0.9169468
0.9047228
0.9162263
0.9208388
0.913502
0.9224087
0.9058222
0.8972791
0.897635
0.9078919
0.9148838
0.8965542
0.8967538
0.9121277
0.7798261
0.9065129
0.9079603
0.906024
0.9149062
0.916409
0.9118122
0.9077814
0.9168681
0.9212557
0.9038374
0.9058501
0.7670627
0.9133394
0.9039172
0.9095874
0.9051274
0.8904866
0.9137907
0.900432
0.9071444
0.9121752
0.9041057
0.906191
0.9150691
0.9063161
0.905514
0.915238
0.9101375
0.9188129
0.9047333
0.9049851
0.9073377
0.9213361
0.9086861
0.9074908
0.897225
0.8984927
0.8819203
0.8517019
0.9295724
0.927784
0.9059733
0.8501482
0.8956175
0.9004658
0.8986754
0.8946731
0.9032941
0.9027162
0.9062151
0.9096055
0.7843028
0.7804624
0.7122145
0.9181976
0.9178087
0.9073244
0.8407711
0.9071177
0.9036037
0.9122094
0.905704
0.9136009
0.9134155
0.9072878
0.9167843
0.9183652
0.9143705
0.9026169
0.9090651
0.9088878
0.9020105
0.9077125
0.9026108
0.9178984
0.9088751
0.8409582
0.9066235
0.906961
0.9073171
0.9013567
0.9122475
0.8459104
0.8459163
0.8469587
0.9182207
0.9059676
0.9211271
0.9268481
0.9150011
0.926278
0.9083146
0.9010885
0.9053763
0.9099454
0.9179171
0.9001081
0.904191
0.9150439
0.7796392
0.9020182
0.9176202
0.9046121
0.9163967
0.9169944
0.9145704
0.9092869
0.9176491
0.9240608
0.9065456
0.9090423
0.7674929
0.9120898
0.9088846
0.9140023
0.9091619
0.9003671
0.9170471
0.9093479
0.916221
0.9137747
0.907627
0.9100773
0.9079111
0.908001
0.906846
0.8977144
0.9004818
0.8716277
0.9080509
0.9010047
0.8595694
0.9125151
0.9033478
0.9065902
0.8930519
0.8967602
0.8775997
0.8966948
0.910987
0.9127586
0.8534579
0.8941764
0.8876547
0.8912011
0.8945547
0.8839674
0.9033187
0.90529
0.834323
0.8369255
0.8907748
0.8879221
0.8943867
0.919524
0.9200289
0.9000724
0.8885559
0.9080245
0.8490888
0.8556263
0.8524831
0.860536
0.8565919
0.8578245
0.8562175
0.9156965
0.9015779
0.9010854
0.9065229
0.9098299
0.9013072
0.9054263
0.8671113
0.908879
0.8761605
0.8947215
0.9002784
0.8993804
0.9047825
0.8969826
0.8404844
0.8972605
0.8982417
0.895295
0.9162112
0.9064935
0.9088249
0.8730927
0.9158376
0.9227373
0.9031409
0.8948551
0.8987832
0.9050551
0.9001904
0.8984931
0.8976458
0.9143802
0.8906688
0.904599
0.9035214
0.9082397
0.9168983
0.9149461
0.9161711
0.9064838
0.9183587
0.9198604
0.8997729
0.8988588
0.88893
0.9131331
0.9109187
0.9161405
0.8923682
0.8914815
0.9148649
0.8522325
0.8667345
0.9186205
0.9097237
0.9029721
0.9189372
0.8489044
0.9066406
0.8952005
0.9010253
0.8705452
0.9096347
0.9019403
0.8629198
0.9134756
0.8992926
0.9058087
0.8879567
0.8937657
0.8802042
0.895351
0.909759
0.9098194
0.8497897
0.8898249
0.8879236
0.8904817
0.8916793
0.8797473
0.898178
0.9037372
0.8271214
0.8316382
0.8892447
0.890357
0.8909403
0.9195568
0.9215491
0.9016892
0.8865402
0.9057665
0.8490466
0.851842
0.8518365
0.856495
0.8551817
0.8584262
0.8554031
0.915999
0.9016461
0.8997173
0.905843
0.9106791
0.9004194
0.9046659
0.865068
0.9075757
0.8750375
0.8911378
0.9003436
0.8999638
0.9032666
0.8968867
0.8401693
0.8918395
0.8952145
0.8920056
0.912537
0.9084916
0.9090098
0.8684289
0.9150241
0.9206533
0.8999613
0.8923077
0.897236
0.9052798
0.9051492
0.8965845
0.8978708
0.9128654
0.8909769
0.9070286
0.9043753
0.9084261
0.9139872
0.9147098
0.9179661
0.9085839
0.9182002
0.9216819
0.8963491
0.8956715
0.8880857
0.9138207
0.9106759
0.9124675
0.894444
0.8924472
0.9152054
0.8517107
0.8647332
0.9160884
0.9082326
0.9018636
0.9187785
0.8501376
0.8906698
0.893112
0.7893318
0.916243
0.8735997
0.8621786
0.9040486
0.8950692
0.9000182
0.9198209
0.9019459
0.9041985
0.8971462
0.9080289
0.9106127
0.9085745
0.9032769
0.9095008
0.9029413
0.9041755
0.9076397
0.9052261
0.9182415
0.9225891
0.9018871
0.9021141
0.905511
0.9072037
0.9107688
0.9057261
0.9065759
0.8887734
0.9110651
0.9242494
0.9092412
0.9128594
0.9099523
0.9116331
0.915292
0.9158577
0.911679
0.8886823
0.9122947
0.7961561
0.8874839
0.8920345
0.6576763
0.6701194
0.9158043
0.843579
0.9109224
0.905651
0.8124546
0.8064591
0.8113736
0.8082969
0.9053612
0.9045141
0.9068503
0.9042459
0.8851533
0.8927575
0.8800732
0.9141462
0.8088958
0.8359366
0.901392
0.8951269
0.859346
0.8449059
0.9004374
0.7808062
0.787224
0.8875647
0.9075406
0.8945738
0.9067743
0.8953418
0.9062043
0.8993065
0.9039602
0.8889047
0.9044622
0.9027583
0.8995999
0.8934206
0.9096894
0.8125404
0.8906462
0.8926568
0.8928941
0.8993373
0.8875594
0.9087558
0.9121085
0.8911893
0.8928508
0.9176387
0.8995069
0.9092038
0.8940056
0.8803079
0.856811
0.9043438
0.8866922
0.8707813
0.8939249
0.8937006
0.8937816
0.9106815
0.887092
0.8866529
0.8871124
0.9175576
0.8849873
0.8872654
0.8968955
0.9121561
0.8892426
0.8944271
0.9032949
0.8921377
0.9126383
0.9150301
0.8976091
0.8979324
0.9160507
0.9169732
0.9173542
0.9095335
0.9160589
0.8890667
0.9136908
0.9189735
0.9051801
0.8992383
0.9045437
0.9033618
0.9083313
0.9016224
0.9045774
0.8970175
0.9034047
0.8631947
0.8914257
0.8952536
0.8643401
0.8668074
0.912909
0.8726784
0.8960977
0.9092897
0.8574578
0.8536466
0.865899
0.8546577
0.8937653
0.9086058
0.9093218
0.9092731
0.8942232
0.9011322
0.8723084
0.8984731
0.8744424
0.8807127
0.8995482
0.8888453
0.8685213
0.8670471
0.8877513
0.855079
0.8562202
0.8926511
0.9219023
0.9039819
0.8939722
0.8987246
0.9018557
0.9098208
0.9044314
0.8872259
0.910772
0.9061335
0.8962635
0.8903176
0.9208926
0.8749543
0.8940921
0.8922866
0.8844063
0.8880021
0.8957996
0.9041388
0.8981674
0.9043353
0.9008877
0.9002871
0.9159956
0.9033193
0.8679122
0.9129529
0.8962487
0.9258459
0.8894548
0.8846278
0.9266081
0.8745199
0.9041435
0.9335532
0.9238507
0.923718
0.9192248
0.9148525
0.9235996
0.9246005
0.9228177
0.9137518
0.9202999
0.9230742
0.9189065
0.9206998
0.929966
0.9281703
0.9204265
0.9211712
0.9167548
0.9148733
0.9153439
0.8834975
0.8923547
0.8867449
0.9127441
0.9347849
0.9224228
0.9235997
0.9225712
0.9256703
0.9258709
0.9237619
0.9229
0.8635997
0.9266091
0.9001459
0.8557177
0.8612326
0.8984492
0.8994388
0.9238557
0.9101626
0.9234617
0.9156105
0.8911533
0.8908817
0.9026945
0.887513
0.9230796
0.9176343
0.916883
0.9161544
0.8507783
0.8692466
0.8973996
0.9271892
0.9018641
0.9048652
0.9040119
0.9072976
0.8905804
0.8891481
0.9124853
0.8973522
0.8977053
0.8603739
0.9168083
0.8718435
0.9116998
0.8869252
0.8953492
0.8822711
0.8867055
0.8737818
0.8850971
0.8913778
0.9032752
0.9058498
0.9165632
0.9002473
0.8678845
0.869739
0.9042395
0.9223043
0.8263613
0.9250998
0.9259584
0.8683667
0.8640699
0.9345376
0.8917428
0.9263165
0.9054443
0.9150891
0.8293086
0.9280372
0.8913595
0.884499
0.9204178
0.905073
0.9149893
0.9334153
0.9227418
0.9236692
0.9183333
0.9241827
0.9220453
0.9222522
0.9248176
0.9221372
0.9242212
0.9246148
0.9242921
0.9215141
0.9334498
0.9336767
0.9227815
0.9246332
0.9230876
0.9244333
0.9224055
0.9101819
0.9184627
0.9074547
0.9239569
0.934489
0.9252816
0.9245977
0.9257553
0.9267914
0.9280074
0.92826
0.9251973
0.9009101
0.9277936
0.8355791
0.8980499
0.9018265
0.7520668
0.7502599
0.9306609
0.8669277
0.924579
0.9233727
0.8426025
0.8445185
0.8530872
0.8409251
0.9255393
0.9222861
0.9248585
0.9219902
0.9012333
0.9020313
0.8971234
0.9261842
0.8352658
0.847241
0.918145
0.9158882
0.8896022
0.8622272
0.9147941
0.8248067
0.8302383
0.8971204
0.9233183
0.9007284
0.9211251
0.9087404
0.9167895
0.9075392
0.9105967
0.9028613
0.9161538
0.914268
0.9174718
0.9127275
0.9241774
0.8335005
0.9014758
0.9043162
0.9136618
0.9203764
0.8992553
0.9248898
0.9271951
0.9040815
0.90336
0.9337593
0.9048905
0.9233662
0.891409
0.8956827
0.7906641
0.9097519
0.8731338
0.8605681
0.9034996
0.8901013
0.8957129
0.9186726
0.9038842
0.9067511
0.9040992
0.9076874
0.9004273
0.9025811
0.907178
0.9088921
0.9060176
0.9062612
0.9114878
0.9029792
0.9208344
0.9215287
0.905692
0.9044257
0.9108942
0.9135746
0.9168238
0.9064399
0.9100491
0.8868894
0.9127143
0.9230469
0.9098617
0.9105608
0.9085027
0.9101433
0.9123101
0.9144376
0.9094653
0.8891908
0.9107195
0.8066479
0.8860373
0.890128
0.7591363
0.7631264
0.9130496
0.8439246
0.9059509
0.9070113
0.8207389
0.8122892
0.8263934
0.8272607
0.90727
0.9110375
0.9121215
0.9118837
0.8855016
0.8979221
0.8790123
0.9065841
0.8173521
0.8351538
0.9034722
0.89686
0.8651681
0.8492358
0.9019348
0.7905753
0.798546
0.8901714
0.9136996
0.8917664
0.9051639
0.8970719
0.9040704
0.9056347
0.9029232
0.8893722
0.904658
0.9034149
0.9031889
0.8954723
0.9133721
0.8209587
0.8919459
0.8915881
0.8952934
0.8990988
0.886157
0.9093423
0.91204
0.898052
0.8914668
0.9166071
0.9047165
0.9087452
0.8872988
0.8840253
0.7673255
0.9055757
0.8618279
0.8530327
0.8959016
0.8893033
0.8903953
0.9105638
0.8937048
0.8978311
0.8912026
0.9063733
0.8930595
0.8992183
0.8951804
0.9030327
0.89597
0.8953116
0.9016683
0.8939405
0.9104995
0.914362
0.8991697
0.8994456
0.9058227
0.9051416
0.9057005
0.904523
0.9103276
0.8810146
0.903825
0.9165711
0.9051948
0.9004163
0.9039035
0.9039024
0.9054631
0.9095659
0.9004957
0.886664
0.9035585
0.7807569
0.880564
0.8882093
0.6458827
0.6607716
0.906776
0.830683
0.9006204
0.9027579
0.7990352
0.7908153
0.7990259
0.7935517
0.8971579
0.8992559
0.9005714
0.9004003
0.8843537
0.8871166
0.8755842
0.9025244
0.8002548
0.8279113
0.8947827
0.8867323
0.8509296
0.8332325
0.8904857
0.7639253
0.7681061
0.8846998
0.9067684
0.8874995
0.8990865
0.8915823
0.9013223
0.9041341
0.8997203
0.8801792
0.9057323
0.8964722
0.8921641
0.8812339
0.903552
0.803316
0.8820912
0.8891317
0.8834527
0.8879821
0.8877357
0.8991585
0.9016977
0.8892959
0.8881317
0.9073987
0.9020962
0.9048063
0.8854293
0.8903991
0.7764804
0.9102319
0.8638655
0.8567158
0.8983476
0.8939437
0.894764
0.9113942
0.8952377
0.9008211
0.8882525
0.900786
0.9036843
0.903444
0.8995167
0.8995817
0.8979777
0.8984392
0.9029332
0.8968433
0.9123851
0.91232
0.9011532
0.9016205
0.8983106
0.8979702
0.903952
0.9022215
0.9077076
0.8775934
0.9006233
0.9161829
0.9001177
0.9049355
0.8998825
0.9035895
0.9043798
0.9086857
0.9070444
0.8844946
0.9091042
0.7831149
0.8781648
0.8847181
0.635291
0.6561698
0.9051291
0.8313909
0.9058304
0.9002435
0.7987081
0.7963852
0.8085888
0.7949158
0.9019833
0.8966111
0.8980527
0.8987473
0.8869178
0.8881622
0.8785097
0.9098035
0.8030735
0.8265007
0.8948982
0.8868112
0.8559997
0.8335412
0.8999711
0.7647225
0.7762435
0.8837762
0.9012568
0.8862554
0.9008446
0.8910631
0.9050189
0.9004714
0.8955357
0.8802601
0.9053457
0.8994018
0.8947331
0.8899957
0.9011794
0.8050208
0.884875
0.8884149
0.8875558
0.8942944
0.8849726
0.9020016
0.9057517
0.8907042
0.8884506
0.9111055
0.9013533
0.9038241
0.8845592
0.8878218
0.8726205
0.9134524
0.881176
0.8703663
0.9018434
0.8915121
0.8932741
0.9158172
0.9009579
0.8997005
0.8924065
0.9066926
0.8975402
0.9035842
0.8994713
0.9028592
0.8996526
0.898318
0.9042126
0.8971277
0.9091597
0.9101874
0.8983332
0.8978587
0.9001216
0.900887
0.9042026
0.9029602
0.9067768
0.8881503
0.8999503
0.9161191
0.9049759
0.9078284
0.9043478
0.9068737
0.914188
0.9077704
0.9073989
0.893573
0.9053064
0.8800767
0.8835291
0.8833591
0.8777025
0.8810452
0.9085759
0.8870614
0.9047056
0.9034439
0.8725116
0.8683296
0.8782142
0.8686486
0.9029102
0.8989373
0.8995832
0.8998432
0.8910439
0.8910319
0.8875116
0.9121848
0.8872038
0.895743
0.8940252
0.8880663
0.8678786
0.8808036
0.8913162
0.8741397
0.8713382
0.8862636
0.9036843
0.8903653
0.9008735
0.8888529
0.9025415
0.898261
0.901536
0.8828958
0.9072056
0.902957
0.8915616
0.8887049
0.9029816
0.8863222
0.8894341
0.8944115
0.8873927
0.898501
0.8857378
0.9042591
0.9056853
0.8969416
0.890664
0.9123891
0.9020039
0.9042344
0.9084662
0.8984565
0.9022394
0.8726524
0.9071868
0.9017652
0.8643804
0.9154206
0.9023786
0.9081964
0.8941924
0.8962171
0.8804761
0.8989968
0.9101583
0.9121751
0.8567771
0.8969356
0.8879973
0.8907921
0.8953565
0.88553
0.902879
0.9051673
0.8386848
0.8423594
0.892643
0.8926951
0.8901543
0.9194815
0.9200591
0.9022264
0.892922
0.9089316
0.8516941
0.8597469
0.8525188
0.8642128
0.8575958
0.8650565
0.8572286
0.91793
0.9024081
0.900065
0.9074962
0.9095422
0.9045123
0.9071873
0.8703697
0.910347
0.8767951
0.8942287
0.9025469
0.9003501
0.9044279
0.899946
0.8413574
0.8974833
0.9003723
0.8981663
0.916867
0.9085296
0.9091232
0.8715167
0.9161491
0.9214411
0.9027617
0.8928762
0.8982396
0.9072508
0.9063521
0.8955393
0.899464
0.9151204
0.8926682
0.90715
0.9057595
0.9070913
0.9149975
0.9171983
0.9193032
0.9074147
0.9195398
0.9220515
0.8990475
0.8977586
0.8907396
0.9152992
0.9128391
0.9149554
0.8962524
0.8936468
0.9147578
0.8530962
0.869487
0.917573
0.9107168
0.9074013
0.9186265
0.8507042
0.9023115
0.9033422
0.9004075
0.908406
0.9053799
0.9009677
0.8981944
0.9131575
0.9010684
0.9015471
0.8823244
0.8827266
0.8712943
0.8307675
0.9207801
0.9186856
0.8945854
0.8274004
0.8781939
0.8842911
0.8912572
0.879587
0.8967034
0.8961347
0.8947927
0.8957702
0.8292297
0.8243668
0.8386165
0.9173299
0.9210184
0.9007526
0.7970313
0.9047567
0.8949274
0.9003662
0.897765
0.9017116
0.9066743
0.9027303
0.9025425
0.9135127
0.9029687
0.8946797
0.9046578
0.9101792
0.8974646
0.9050551
0.8947946
0.9110597
0.9039279
0.7925173
0.8980637
0.8964058
0.9050815
0.8950125
0.9042522
0.7870485
0.7861695
0.7825965
0.9144555
0.9037936
0.9158374
0.9182222
0.915121
0.9195117
0.900021
0.8903152
0.8903628
0.9049599
0.9107542
0.8947752
0.895785
0.9122807
0.8310366
0.9005648
0.9049218
0.9042017
0.9129059
0.9146936
0.9116544
0.9044695
0.9113304
0.9146716
0.9010233
0.9003431
0.8200423
0.912925
0.904006
0.9098366
0.8966899
0.8918162
0.9091653
0.8966899
0.9108044
0.9109626
0.9056415
0.9044544
0.9145132
0.9003418
0.9029209
0.9036831
0.8999567
0.9104221
0.9035716
0.9003227
0.899956
0.9142948
0.9015812
0.903196
0.8835616
0.8823005
0.870772
0.837417
0.9206023
0.9214169
0.8965657
0.8293835
0.8802359
0.8856867
0.8916924
0.8819183
0.8978296
0.8977967
0.89696
0.8970042
0.8311698
0.8262805
0.8387477
0.9167925
0.9204086
0.8997477
0.7978443
0.90702
0.8975878
0.9010686
0.900999
0.9047019
0.905957
0.9041603
0.9042217
0.9124534
0.9026671
0.8948264
0.9037
0.9085298
0.8974507
0.9044908
0.8966776
0.9108879
0.905225
0.7983957
0.896976
0.894914
0.9058904
0.8927202
0.9061744
0.7851731
0.7848258
0.7830464
0.9116281
0.9023169
0.916699
0.9187422
0.9145296
0.918283
0.9001226
0.8914096
0.8914062
0.9065507
0.9108161
0.8972523
0.8974108
0.9127648
0.8314894
0.900036
0.9068972
0.9043441
0.9152905
0.9148668
0.9121765
0.9035542
0.9119316
0.9142333
0.9025189
0.9020336
0.819676
0.9130235
0.9068887
0.9094332
0.8992583
0.8927822
0.9109312
0.8984807
0.9116112
0.9110632
0.9071067
0.9069248
0.913376
0.9022027
0.9049271
0.9009383
0.8971713
0.9114435
0.8997647
0.9030623
0.9022362
0.9155228
0.9010032
0.9024129
0.8820948
0.8836968
0.8692028
0.8279066
0.9159429
0.9198766
0.8997986
0.8266549
0.8806465
0.8845541
0.8897904
0.8805325
0.8946513
0.8962851
0.8957512
0.8974042
0.8277112
0.8284745
0.8340123
0.9169748
0.9168411
0.9005318
0.8016904
0.9045637
0.8963129
0.8989098
0.8979467
0.9002994
0.9053145
0.9014526
0.902712
0.9155353
0.9009381
0.8957077
0.9065411
0.9083497
0.8982813
0.90467
0.897561
0.9088805
0.9019864
0.7939605
0.9005384
0.898895
0.9024548
0.8949625
0.9027562
0.7779913
0.776126
0.7728917
0.91229
0.9054141
0.9171912
0.9138441
0.9155237
0.9203139
0.90073
0.8900395
0.8949285
0.9036727
0.9076401
0.8945244
0.8972098
0.9094164
0.8327163
0.9048266
0.9056301
0.9030682
0.9108699
0.9184627
0.9095668
0.9021308
0.9140526
0.914541
0.8935989
0.8952246
0.8242113
0.9116067
0.9062043
0.90902
0.8972716
0.8946982
0.9105541
0.897917
0.9069457
0.9113062
0.9090619
0.9054237
0.9147284
0.9023101
0.9040878
0.9001227
0.8985419
0.9148566
0.9019343
0.9029209
0.899726
0.9154503
0.9001696
0.9018624
0.8829602
0.8837304
0.8672355
0.8288485
0.9182138
0.9190141
0.8982852
0.8279591
0.8787224
0.8848346
0.8918503
0.882692
0.8963853
0.896307
0.8980238
0.8980651
0.8305925
0.8217081
0.8327622
0.9190112
0.9181052
0.9044825
0.8035833
0.902897
0.8933825
0.8975725
0.8954665
0.9061906
0.90369
0.9001389
0.901704
0.9153477
0.8990723
0.8949325
0.9058509
0.9080104
0.9003155
0.9048401
0.9003011
0.907569
0.902401
0.7847637
0.8990951
0.8968909
0.9033356
0.8956212
0.9028114
0.7791097
0.7782263
0.7733842
0.9137937
0.9043675
0.9155554
0.9122626
0.9136572
0.9224911
0.9017817
0.8906972
0.8919688
0.9047058
0.9071782
0.8937439
0.8981057
0.9124691
0.829599
0.9032731
0.9013823
0.9053623
0.9106485
0.9188784
0.9114991
0.9041788
0.9151682
0.9148891
0.8974486
0.8978782
0.8232526
0.9106909
0.9079683
0.9108816
0.8938312
0.8900864
0.9105625
0.897897
0.9062083
0.9099871
0.9098828
0.9047967
0.9155782
0.9009345
0.9054313
0.9012815
0.8982205
0.9138763
0.900572
0.9011265
0.9001724
0.9139808
0.8988689
0.9035801
0.8845524
0.8854843
0.866875
0.8317653
0.9188154
0.9193366
0.8990512
0.8279487
0.8824802
0.8879953
0.8926327
0.8836611
0.8961279
0.8959664
0.8999489
0.8990238
0.8303227
0.82592
0.8369975
0.9171618
0.9197431
0.9038358
0.8011156
0.9058841
0.896362
0.8988078
0.8985575
0.9068111
0.9052756
0.902968
0.9043991
0.914376
0.9007174
0.8980698
0.9044664
0.9068761
0.8996469
0.9045895
0.9007867
0.9093604
0.9001314
0.7956456
0.9003242
0.8962022
0.9032351
0.8942475
0.9033041
0.780348
0.7803422
0.7738191
0.9123137
0.903363
0.9153944
0.9143776
0.915137
0.9231521
0.9004066
0.8905425
0.8914908
0.9051616
0.9064597
0.8956154
0.8997359
0.9108253
0.8305486
0.9032119
0.9060614
0.9065689
0.9116943
0.9209984
0.9105864
0.9043568
0.9126948
0.9152614
0.8951312
0.8991493
0.8239566
0.9117438
0.906951
0.9103894
0.8957286
0.8897594
0.909874
0.8986135
0.9080979
0.9111703
0.9095404
0.9048616
0.9171488
0.8996613
0.9050202
0.8994353
0.8970939
0.9125589
0.9018503
0.9035843
0.8984232
0.9140976
0.8988968
0.902384
0.8834431
0.882224
0.8704406
0.8273301
0.9146179
0.916767
0.8955103
0.8313401
0.87815
0.881878
0.8909218
0.8806305
0.8935027
0.8952621
0.8955491
0.8986103
0.8338456
0.8260365
0.8350987
0.9159687
0.9188086
0.8984383
0.7991122
0.9046992
0.8935145
0.8987953
0.8954437
0.9021716
0.9038063
0.902988
0.9037875
0.9152999
0.90238
0.8952281
0.90417
0.9083711
0.8996331
0.9022492
0.8956309
0.9115428
0.8987924
0.7888199
0.8977723
0.8959945
0.9028212
0.896753
0.9008193
0.7786461
0.7785434
0.7704753
0.9132805
0.9044863
0.9148193
0.9132158
0.9171591
0.921071
0.9008152
0.8909784
0.8900692
0.9076813
0.9072654
0.895568
0.897292
0.9087808
0.8295697
0.9050773
0.9052955
0.9083844
0.9120056
0.9171767
0.9100921
0.9012381
0.9130835
0.9161388
0.8930056
0.8981009
0.823573
0.9124421
0.9038324
0.9074904
0.895043
0.8894343
0.9097662
0.8973193
0.9077151
0.9101592
0.905468
0.9053603
0.9159157
0.9018434
0.9032007
0.8988987
0.8973195
0.9083402
0.9013549
0.9048788
0.8990903
0.9157565
0.8983088
0.8996786
0.8837623
0.88118
0.8691868
0.8272263
0.9202328
0.9218298
0.8984143
0.8266508
0.8764372
0.8856731
0.8903181
0.8804186
0.8947252
0.8973753
0.8961044
0.8968724
0.83144
0.8261172
0.8368732
0.9152711
0.9189559
0.9013842
0.8035429
0.9059792
0.894431
0.9007656
0.8964686
0.9027748
0.904982
0.9014365
0.9038723
0.9172601
0.9004315
0.8961367
0.9081916
0.9105717
0.8995732
0.9037892
0.897269
0.910753
0.9010127
0.7907023
0.9030793
0.8982088
0.9034591
0.8961067
0.9032526
0.7762921
0.7787805
0.7762031
0.9155163
0.9075834
0.9173455
0.9141597
0.9163654
0.9219266
0.9018644
0.8926355
0.8950813
0.9084535
0.9077339
0.89716
0.8999388
0.9110868
0.8318495
0.9049234
0.9036591
0.9089222
0.9127115
0.9175962
0.9111174
0.9027397
0.9145567
0.9164884
0.8952744
0.896254
0.8234334
0.9139546
0.907389
0.9122299
0.8939607
0.8935156
0.910295
0.8967857
0.9092021
0.9130279
0.9091907
0.9063207
0.9161156
0.9030066
0.9025506
0.8995013
0.8972833
0.9109706
0.9008942
0.8996778
0.9000621
0.9167401
0.8987618
0.9013112
0.8841199
0.8832333
0.8645893
0.8270376
0.9175701
0.9192037
0.8948124
0.8264161
0.8767052
0.8831386
0.8876586
0.8795626
0.8912439
0.8976643
0.8948561
0.8964338
0.8299084
0.8202718
0.8355071
0.9149257
0.9188022
0.9020635
0.8014404
0.9059549
0.89283
0.8983837
0.8970271
0.9035356
0.9051518
0.9029689
0.9000216
0.9151841
0.902769
0.8953413
0.9072753
0.9081487
0.8996983
0.9034877
0.8963884
0.9083687
0.8978967
0.7876582
0.9009258
0.8969819
0.9042961
0.8956315
0.9030266
0.7754242
0.7752737
0.7700552
0.9135903
0.9044252
0.9151635
0.9115505
0.9158609
0.9218875
0.8977969
0.8889245
0.8926226
0.9056637
0.907594
0.8933901
0.897003
0.9086748
0.8268672
0.90384
0.9054285
0.9070667
0.9125829
0.9139115
0.9088657
0.9016142
0.9142383
0.9171259
0.8927672
0.8970142
0.8225486
0.9133672
0.9051038
0.9104044
0.8941193
0.8910308
0.9113583
0.8957053
0.9068206
0.9095804
0.9097129
0.9007934
0.9151455
0.899873
0.9043179
0.9001518
0.8977728
0.9109951
0.9011052
0.9021704
0.8990698
0.916349
0.8984494
0.9018144
0.8863544
0.8829006
0.8662965
0.8255344
0.9176016
0.920218
0.8966506
0.8239149
0.8803833
0.8841316
0.8906434
0.8815632
0.8927288
0.8978807
0.8961978
0.8966459
0.8297635
0.8262299
0.8351481
0.9157718
0.9196107
0.9018431
0.8012147
0.9056955
0.8954787
0.8989159
0.8990219
0.9059559
0.9056389
0.9040779
0.9035094
0.9136739
0.9000037
0.8961494
0.9058512
0.9087152
0.9007793
0.9043684
0.8980878
0.9096737
0.8978691
0.7898712
0.9031079
0.8975108
0.9050213
0.8961591
0.9032421
0.7777154
0.7789828
0.7716196
0.9132711
0.9055839
0.9153827
0.91142
0.9149731
0.9196996
0.8977703
0.8903529
0.8951722
0.9074808
0.907102
0.8948077
0.8981709
0.9092393
0.8288536
0.902718
0.9038063
0.9086518
0.9140954
0.9166725
0.9100464
0.9025322
0.9130743
0.9171556
0.8921454
0.8968662
0.8217045
0.9131249
0.9050837
0.90861
0.8928881
0.8941319
0.9108423
0.8961176
0.9081824
0.9091726
0.9088456
0.9051961
0.9157891
0.9004067