0.8953467
0.9117802
0.9009787
0.8991344
0.9065732
0.8978809
0.9082566
0.903956
0.8989215
0.8987882
0.9108753
0.9049032
0.9032975
0.9096063
0.9043413
0.9008996
0.8974765
0.8978331
0.9103995
0.8997498
0.9190934
0.9195622
0.9032247
0.8880597
0.9080064
0.9194212
0.911335
0.9099426
0.894582
0.8940015
0.9084347
0.9089523
0.9176782
0.9116717
0.916058
0.9215364
0.9228085
0.9201199
0.9195686
0.8994185
0.9185861
0.9140688
0.9203537
0.8562533
0.9155107
0.9070603
0.9065738
0.9128844
0.9102492
0.910012
0.9309542
0.915487
0.8993839
0.9171397
0.8534151
0.9133972
0.908312
0.9115203
0.9102758
0.904437
0.9769349
0.9028083
0.9087121
0.8993186
0.9130465
0.9270199
0.9027155
0.9048482
0.9249853
0.9192844
0.9175025
0.909882
0.9147374
0.903925
0.907938
0.9119929
0.9153299
0.9140174
0.9090233
0.9064812
0.905641
0.9184887
0.9173536
0.9101701
0.9087545
0.9102146
0.9142015
0.9151305
0.9136963
0.918171
0.9065158
0.9202242
0.9211257
0.9095994
0.9087393
0.9283202
0.9162155
0.9050845
0.9137133
0.91505
0.8932067
0.9098718
0.8975999
0.8958386
0.900555
0.8929433
0.9019156
0.8954596
0.8951036
0.8974644
0.9060341
0.9022513
0.8982624
0.9071005
0.8973031
0.8947425
0.8928778
0.8980494
0.9091297
0.8982516
0.9164639
0.91945
0.8992337
0.8834857
0.9045196
0.9132887
0.9079517
0.904532
0.8900142
0.8901623
0.9039278
0.9052781
0.9141968
0.9088829
0.9140324
0.919006
0.9208495
0.9176026
0.9173959
0.8961908
0.9146619
0.9122406
0.9179349
0.8492391
0.9142987
0.9086619
0.9019691
0.9110915
0.908057
0.9038951
0.9299867
0.9141437
0.8938024
0.9140435
0.8452829
0.9146307
0.9078569
0.912975
0.9122315
0.9014316
0.9760691
0.8921298
0.9061748
0.8937132
0.9130524
0.9235204
0.8970156
0.9050172
0.9236787
0.9219196
0.9209844
0.905993
0.915275
0.9023232
0.9055923
0.9126897
0.9118459
0.9121498
0.9053939
0.9062611
0.9063119
0.9164449
0.912917
0.9052081
0.9088038
0.9080736
0.9108845
0.9117157
0.9087558
0.916371
0.9002318
0.9142991
0.9172214
0.902822
0.902408
0.9242601
0.9101682
0.9040046
0.9084007
0.9134048
0.8936409
0.9123429
0.8986188
0.8998894
0.9067251
0.898404
0.9052803
0.9002719
0.8986545
0.8993094
0.9088553
0.904512
0.9005848
0.9078602
0.8995087
0.8975914
0.8934704
0.8957969
0.9103524
0.9016263
0.9180225
0.9204396
0.8981588
0.8889605
0.9058681
0.9191363
0.9093021
0.9067461
0.8941164
0.8936571
0.9062155
0.90234
0.9144846
0.9093658
0.9129006
0.9209846
0.9222187
0.9186502
0.9204965
0.8972923
0.9181821
0.910691
0.9159101
0.8511967
0.9148877
0.9055799
0.9053342
0.909962
0.9064927
0.9083937
0.9313736
0.9133923
0.8955731
0.9133722
0.8551195
0.9111536
0.9038708
0.9116628
0.9107644
0.9022839
0.9754016
0.8948151
0.9058512
0.8955863
0.9097794
0.927242
0.900675
0.9052366
0.9258096
0.9177527
0.9213343
0.9058222
0.9153695
0.9017189
0.9048428
0.9079822
0.9165217
0.9107143
0.9053412
0.9044263
0.9046708
0.9155517
0.9157089
0.9066624
0.9088659
0.9109467
0.9137309
0.9158191
0.9126273
0.9181506
0.9058832
0.9189597
0.9152782
0.9079045
0.9071558
0.9259515
0.9109744
0.9030141
0.9049296
0.9091457
0.9098145
0.9051779
0.9004121
0.9024329
0.9008001
0.9006668
0.9067075
0.9002094
0.8996103
0.9058764
0.8993276
0.8995331
0.9006445
0.9
0.8984021
0.9000145
0.899156
0.9141267
0.8616173
0.858951
0.9126029
0.9153251
0.9050049
0.8942657
0.8776523
0.9201573
0.8700348
0.7957403
0.8980701
0.8960759
0.9030179
0.9042664
0.9022217
0.9176056
0.9071485
0.9141489
0.9109784
0.9092476
0.9043297
0.8995153
0.8705219
0.9043416
0.878017
0.9125759
0.9155725
0.9026523
0.9112231
0.9122322
0.895819
0.9111127
0.8971273
0.9079748
0.8682988
0.8637211
0.9180176
0.9135983
0.9009558
0.9160714
0.9157861
0.8704157
0.9716389
0.8955087
0.9090327
0.8976686
0.9055091
0.8960087
0.9036725
0.9137386
0.9135276
0.9253904
0.923002
0.8929927
0.9166343
0.86445
0.9191008
0.8757851
0.9169883
0.904636
0.9093859
0.9154491
0.9083559
0.9072484
0.9210748
0.8979863
0.8994815
0.9064855
0.9010808
0.8918165
0.9002976
0.8936083
0.8966503
0.9030026
0.8978265
0.9077579
0.8938818
0.8925482
0.9016003
0.8986157
0.8972709
0.8966029
0.9067873
0.9047091
0.8998441
0.8996931
0.896665
0.8987081
0.9033448
0.8934319
0.8994393
0.902879
0.8987167
0.8974415
0.8969523
0.8968826
0.900942
0.898567
0.8976223
0.9070823
0.8680118
0.8481653
0.9131952
0.9178265
0.9016435
0.891726
0.8720181
0.9192407
0.8656189
0.8013295
0.8908355
0.8906577
0.9021024
0.9044229
0.9022953
0.9160659
0.9052658
0.913011
0.9083473
0.9050818
0.9028631
0.8960212
0.8647021
0.9076659
0.8773683
0.9085681
0.9172436
0.8973578
0.9128999
0.9120555
0.898193
0.910005
0.8986723
0.9079427
0.8594436
0.8658709
0.9145666
0.9168685
0.9000724
0.9153314
0.9154278
0.8623778
0.9723725
0.8907705
0.9092756
0.8977628
0.9079911
0.9019718
0.899391
0.9099939
0.9145055
0.9240013
0.9250287
0.8912215
0.9172743
0.8632855
0.916991
0.8752624
0.9157191
0.9076489
0.9103699
0.9162415
0.9037462
0.9082284
0.9166167
0.8972965
0.8958731
0.9048987
0.8969974
0.8902958
0.8981775
0.8936234
0.8922776
0.8969776
0.8971531
0.9077646
0.8907363
0.8886061
0.8982364
0.8956411
0.9000036
0.9009328
0.9077278
0.907009
0.9067739
0.9063629
0.9022225
0.9079465
0.9062011
0.901484
0.9047107
0.9016629
0.9019919
0.9003757
0.90081
0.8986995
0.9043197
0.9022808
0.9041204
0.9109178
0.8732519
0.862839
0.9095299
0.9155815
0.9074372
0.8959842
0.8804412
0.9166843
0.873316
0.8221025
0.9000036
0.8987379
0.9084792
0.903286
0.9036877
0.9101951
0.9036534
0.9119046
0.9104313
0.9080303
0.9025155
0.9003574
0.8692566
0.9086287
0.8854613
0.9100014
0.9159824
0.9000072
0.9095943
0.9085511
0.9016588
0.9111072
0.9013494
0.9063603
0.8707309
0.8688689
0.9144964
0.9111087
0.9005658
0.9148397
0.9146681
0.8730488
0.9735761
0.8980574
0.9121607
0.9000983
0.9098005
0.8996438
0.8990035
0.9086566
0.9160375
0.9234488
0.9217842
0.8978296
0.917043
0.8714797
0.9177151
0.8840902
0.9156081
0.908884
0.9096542
0.9153621
0.9104854
0.9090328
0.9190508
0.8990221
0.9051196
0.9069204
0.8981325
0.8948324
0.8979997
0.8973607
0.8968634
0.9067033
0.9031281
0.9042587
0.8988104
0.8945664
0.901445
0.8958341
0.9000612
0.8984073
0.9021862
0.9097126
0.899492
0.9015258
0.9067387
0.9008241
0.9036291
0.9000471
0.9017519
0.903996
0.9003187
0.9052502
0.8995638
0.9062399
0.8989539
0.8994124
0.896986
0.9036819
0.8795804
0.8322766
0.9151999
0.9198203
0.9030791
0.8891988
0.8744267
0.9178106
0.8801397
0.866779
0.8966073
0.8973524
0.9032608
0.9059289
0.9111263
0.9140478
0.9121721
0.9188002
0.9206658
0.9148967
0.9093034
0.8967085
0.8831506
0.9127667
0.8945241
0.8958341
0.9158055
0.9089963
0.9102048
0.9102866
0.905993
0.9090877
0.9133989
0.9130575
0.8708933
0.8805217
0.9011805
0.917118
0.9010743
0.9147733
0.9147928
0.8669903
0.9742628
0.8961801
0.9078083
0.8941955
0.916583
0.9127438
0.9037159
0.9072335
0.9219062
0.9264768
0.9272557
0.8997344
0.9144856
0.8696988
0.9173539
0.8853992
0.916652
0.913178
0.90679
0.9103483
0.909545
0.9168614
0.9194969
0.9025203
0.9000805
0.9076124
0.904462
0.9023993
0.9021151
0.9056604
0.8991455
0.9088873
0.9081109
0.90766
0.8958634
0.9097046
0.9076597
0.9054327
0.8999711
0.9056916
0.8860593
0.9093221
0.8945657
0.896144
0.8992605
0.8935618
0.9020382
0.895327
0.8928958
0.8933174
0.9083131
0.9011534
0.8977802
0.9079757
0.8991215
0.8974747
0.8877001
0.8881031
0.9071686
0.8936582
0.9159051
0.9191655
0.9004556
0.8795146
0.8979643
0.9154218
0.9030909
0.8988173
0.8911599
0.8901335
0.9027614
0.903417
0.9164661
0.904112
0.9092041
0.919666
0.9239985
0.9171539
0.9158339
0.8941852
0.9119468
0.9123902
0.9147741
0.8448738
0.9138428
0.9072867
0.9053244
0.9071869
0.9125234
0.9043722
0.929265
0.9110056
0.8926458
0.9154665
0.8435906
0.9082945
0.9026783
0.9110627
0.9103516
0.8961662
0.9751079
0.8909337
0.9016738
0.8916225
0.9150311
0.9246084
0.8995492
0.9043683
0.9255717
0.9222443
0.9236541
0.9104254
0.9149745
0.8958386
0.9050256
0.9092584
0.9110776
0.9122609
0.9031062
0.9035172
0.9098497
0.9177453
0.9115381
0.9049511
0.906073
0.9078611
0.9073314
0.9085377
0.912211
0.9188132
0.8971884
0.9123322
0.9162096
0.8959389
0.9005728
0.9255846
0.914042
0.9030353
0.9059725
0.9100416
0.8604493
0.8887761
0.8873018
0.8878883
0.8892479
0.8848702
0.8849805
0.8855227
0.8856976
0.8846957
0.8845279
0.8825434
0.8787531
0.8886743
0.8863786
0.8873879
0.8837893
0.9009805
0.9111955
0.9117722
0.8881565
0.8886485
0.8890024
0.8895597
0.9158456
0.8713992
0.9128478
0.9135077
0.9015767
0.9013495
0.8765049
0.877512
0.893411
0.881485
0.8964805
0.9027304
0.90669
0.8963046
0.8955902
0.8867925
0.905109
0.8775794
0.9076209
0.9083531
0.8636027
0.8914088
0.8847484
0.8720395
0.9000108
0.8879997
0.8994006
0.9084357
0.9076968
0.9069099
0.9160515
0.8262513
0.8902341
0.8924212
0.892587
0.9129797
0.9693017
0.8748788
0.8926932
0.9016598
0.9105157
0.8985741
0.8990483
0.859448
0.9032304
0.8849847
0.8871891
0.8898783
0.8642703
0.909537
0.8738514
0.9155344
0.8917607
0.8777912
0.8275306
0.8627568
0.8893324
0.8780666
0.865746
0.890465
0.9057002
0.9092028
0.9092299
0.8943788
0.9075495
0.8976524
0.9060578
0.9065702
0.9032282
0.9113072
0.9004778
0.8985556
0.9060332
0.8909257
0.8857112
0.8896106
0.8819579
0.8110042
0.7516817
0.7711156
0.7719906
0.7521034
0.7977974
0.7614912
0.7466825
0.7614549
0.7978506
0.7929647
0.7626817
0.8315149
0.7586095
0.7582698
0.7594988
0.8832156
0.9080341
0.9064507
0.8472912
0.8392257
0.7502852
0.8843922
0.9067649
0.8963206
0.9047602
0.9067497
0.8966143
0.8950711
0.8655049
0.8640378
0.9055121
0.895556
0.8996665
0.9109988
0.9099555
0.9023865
0.9018757
0.7507648
0.9040366
0.8919724
0.9092019
0.9017457
0.8914579
0.8929087
0.8418329
0.8886608
0.8985855
0.8125767
0.9123326
0.9038952
0.8952227
0.9066153
0.9069469
0.8921388
0.8924277
0.7614653
0.762768
0.9022362
0.9713126
0.8527003
0.7881988
0.9033202
0.9149952
0.9113715
0.9031132
0.8787526
0.9116605
0.9044681
0.9031474
0.8899513
0.8953209
0.9002816
0.8925869
0.909805
0.8303215
0.8920657
0.8910663
0.8878798
0.6890749
0.8506774
0.8968036
0.8946992
0.9096593
0.9082219
0.9067982
0.9021898
0.9024692
0.9009897
0.8983279
0.9059926
0.902913
0.9070629
0.8996643
0.9109923
0.9041916
0.895025
0.8947198
0.8979445
0.8991366
0.9127398
0.9039135
0.9025138
0.907526
0.9033407
0.9089197
0.9011113
0.9061345
0.9083146
0.9084866
0.9058076
0.9023586
0.9099506
0.9043629
0.9044541
0.9050194
0.9028846
0.9124548
0.9106008
0.9155647
0.9206028
0.9047283
0.8958253
0.9108162
0.9164362
0.9129285
0.9145272
0.90622
0.9051002
0.9093687
0.9085776
0.9131897
0.9092998
0.914661
0.9207705
0.9193437
0.9227826
0.9188171
0.9040854
0.9170795
0.9157906
0.9165434
0.9028505
0.9151074
0.9051645
0.9066848
0.9102703
0.9098992
0.9104249
0.9174049
0.9081438
0.9056935
0.9130389
0.9072848
0.9091196
0.9052873
0.9134213
0.9136653
0.9110729
0.9749042
0.8967927
0.9061253
0.8804608
0.9001479
0.9078616
0.8881632
0.9095013
0.9267635
0.9215625
0.9251269
0.9041222
0.9178761
0.9075615
0.9120994
0.91405
0.9147806
0.9158914
0.9039665
0.9054826
0.9117104
0.9141458
0.9135529
0.9020564
0.9088811
0.914323
0.9091543
0.908908
0.9080924
0.9105934
0.905694
0.9114414
0.9135541
0.9081949
0.900896
0.9160626
0.9145251
0.9037063
0.9037865
0.9066615
0.907917
0.9086148
0.9071764
0.9054361
0.9023103
0.9049553
0.9081317
0.9049022
0.9092876
0.9055342
0.9057417
0.9022887
0.9009709
0.9040367
0.9013464
0.9060243
0.9047418
0.9141543
0.9141455
0.9096751
0.9118082
0.9175879
0.9087004
0.9013348
0.9149674
0.912625
0.9112711
0.9095208
0.9070924
0.9065971
0.9092211
0.910031
0.901967
0.9106624
0.9085321
0.9162005
0.9129682
0.9101977
0.9106469
0.9055439
0.9087677
0.9086806
0.912851
0.9150615
0.9158261
0.9041576
0.9092832
0.9043054
0.9067048
0.9122662
0.9047894
0.9075037
0.9073547
0.9093416
0.9168229
0.9085924
0.9053159
0.9158654
0.9158105
0.9141375
0.9719497
0.9026966
0.9073656
0.8851356
0.9034678
0.9015126
0.890968
0.9080616
0.9143534
0.9175641
0.9169682
0.9033464
0.9149171
0.9114861
0.9124646
0.9152665
0.9174281
0.9087404
0.9062587
0.9114244
0.9112112
0.9097559
0.9116581
0.9025249
0.9061084
0.9120852
0.9084793
0.900234
0.9083766
0.908403
0.9029989
0.9117438
0.9090942
0.9080929
0.9022865
0.904703
0.9108098
0.9047819
0.904515
0.9080962
0.9098254
0.9124153
0.9112112
0.9124605
0.9115078
0.9134318
0.9126136
0.9116099
0.9096205
0.9157789
0.9110382
0.9103747
0.9108436
0.910322
0.9107049
0.9121186
0.9104389
0.918595
0.9151186
0.9160581
0.9131061
0.9166153
0.9132083
0.9083636
0.9188208
0.9160935
0.9160957
0.9202914
0.9146282
0.9138644
0.9112273
0.9142936
0.9122917
0.912045
0.9143999
0.921999
0.9195058
0.9117493
0.911018
0.9106943
0.9137291
0.9093528
0.9161557
0.9164091
0.9139477
0.9090814
0.9123292
0.9065066
0.9082575
0.9154392
0.9106726
0.9155332
0.9122583
0.9110429
0.9209352
0.9114347
0.9093195
0.9179007
0.918515
0.9204789
0.9706251
0.9094111
0.9143005
0.8915039
0.9007589
0.9026988
0.888237
0.9158335
0.9186544
0.916101
0.9157751
0.9104064
0.91258
0.9165328
0.9133575
0.9201115
0.9189365
0.9094129
0.9110741
0.9143489
0.9093876
0.9092171
0.9153936
0.9056446
0.9115689
0.9148988
0.9129188
0.9103072
0.9153093
0.9118278
0.9114214
0.9124311
0.9159245
0.9159303
0.9131496
0.913199
0.9167078
0.9058078
0.9060379
0.90843
0.9061578
0.898518
0.9009841
0.9041671
0.8970828
0.9020496
0.9036712
0.8997301
0.8985152
0.9029449
0.8943008
0.8946164
0.8936544
0.8912337
0.8976754
0.8973811
0.9039648
0.9103945
0.9000142
0.9140841
0.8998635
0.9103602
0.9051085
0.8973554
0.911129
0.9151778
0.8967966
0.9030126
0.8982929
0.8985855
0.8972196
0.8978491
0.894453
0.9115445
0.8966757
0.9118613
0.9065857
0.9010563
0.8986328
0.8975949
0.8887283
0.8992338
0.8982406
0.9167775
0.9133505
0.8955261
0.9051863
0.8996223
0.8911926
0.9085291
0.8817719
0.9016913
0.899404
0.8913533
0.9232883
0.9104268
0.8945021
0.9098409
0.9099331
0.9095074
0.9661883
0.8929498
0.9074249
0.8967685
0.8985742
0.8809291
0.8926326
0.9066676
0.9119434
0.9142022
0.9178101
0.8903159
0.9067027
0.8977004
0.9134357
0.9037757
0.9131052
0.8997564
0.90604
0.9103366
0.9046431
0.8975827
0.9125083
0.891556
0.9004304
0.9006518
0.8947536
0.8875955
0.8877119
0.8850061
0.8947083
0.9004387
0.8928427
0.903834
0.889383
0.8803707
0.8979953
0.8899119
0.891438
0.8895341
0.9021751
0.9087175
0.9007571
0.9032868
0.9039129
0.9010597
0.9071237
0.9012024
0.9042533
0.9018368
0.9075829
0.8986168
0.9005457
0.9034685
0.898684
0.9017395
0.8989268
0.9052903
0.9025244
0.8991432
0.9161059
0.9183541
0.9046807
0.891331
0.9073007
0.9159212
0.9053473
0.9029684
0.8980944
0.8991057
0.9063693
0.903797
0.9120555
0.9051591
0.91
0.918316
0.9213357
0.9151712
0.9123953
0.8988458
0.9093685
0.9142888
0.9115829
0.8988949
0.9154314
0.9012309
0.908744
0.9083061
0.9030525
0.908155
0.9100418
0.9060383
0.8989259
0.9078334
0.9019995
0.9118308
0.9027871
0.9141725
0.9137573
0.9051686
0.9762739
0.892607
0.9079184
0.8859937
0.9022895
0.9023189
0.8868802
0.9059154
0.9204262
0.920962
0.9227096
0.9000225
0.9175926
0.9053363
0.9150489
0.9089705
0.9161868
0.9142753
0.9069519
0.910491
0.9059703
0.9129529
0.9174655
0.8996376
0.8998003
0.9053877
0.9015244
0.9003852
0.9020603
0.8992527
0.8982129
0.9036044
0.9042768
0.9038306
0.8950756
0.9070636
0.9033975
0.8987394
0.8980505
0.9041167
0.9093195
0.9031114
0.9053261
0.9069293
0.9041308
0.9083714
0.9062314
0.9014354
0.9046106
0.9071079
0.9010782
0.8981125
0.8989701
0.9010328
0.9019698
0.9019079
0.908478
0.9162495
0.909344
0.9131021
0.9109803
0.9101545
0.9076018
0.8987048
0.9125608
0.917448
0.9095709
0.9058749
0.902923
0.9024251
0.904267
0.9060277
0.8992785
0.9124357
0.9032212
0.9124516
0.9102797
0.9025273
0.9049742
0.9024321
0.8995351
0.9045194
0.9011488
0.9121531
0.9101496
0.9007617
0.9077774
0.9061328
0.8975568
0.9134799
0.893231
0.9063884
0.9040618
0.8978497
0.9221774
0.9085694
0.8953613
0.9123976
0.9126419
0.911408
0.9683776
0.9010191
0.9108427
0.882571
0.8928348
0.8852556
0.880156
0.9064609
0.9116994
0.9171204
0.9170077
0.8934538
0.9114958
0.9074297
0.9156823
0.9132498
0.9160885
0.9045009
0.9022437
0.9139246
0.9062434
0.9066867
0.9159189
0.8956654
0.9008922
0.9081829
0.8982543
0.8960996
0.8928818
0.8937035
0.9017921
0.9040017
0.8989719
0.9056228
0.8980883
0.8874231
0.9007634
0.8993255
0.8925794
0.89294
0.88444
0.8512394
0.8326123
0.8362351
0.8369186
0.8322894
0.8520467
0.8312344
0.8272713
0.8343317
0.8461742
0.8415431
0.8353297
0.8552622
0.830987
0.8323252
0.834755
0.8906989
0.9065122
0.9043851
0.8652332
0.8671208
0.8460318
0.8877985
0.9040232
0.9040068
0.9023322
0.9073775
0.8883463
0.8895564
0.8741104
0.8773107
0.8971986
0.9011412
0.8949805
0.9071001
0.900759
0.9002275
0.9013009
0.8359861
0.8990882
0.8972767
0.9044307
0.9041701
0.8991206
0.8981181
0.8667698
0.8960092
0.8956515
0.8500429
0.9086763
0.9014273
0.8932994
0.9009103
0.9074956
0.900885
0.8903139
0.8595176
0.8592502
0.9005551
0.9691731
0.8616929
0.8535303
0.8983801
0.9101427
0.9035969
0.8987596
0.8914089
0.9145095
0.9103949
0.9105657
0.8855247
0.9011979
0.8941996
0.9012721
0.9084991
0.85885
0.8976889
0.8930416
0.903045
0.8498746
0.8704037
0.9021828
0.8963922
0.9014653
0.9021664
0.8994493
0.8938709
0.8933024
0.8925752
0.8948217
0.8941681
0.8923117
0.9034495
0.889419
0.9057405
0.9002122
0.8932932
0.891101
0.8931937
0.9025416
0.90736
0.9042147
0.9050692
0.9038283
0.8995562
0.9054208
0.9003682
0.9009587
0.9031202
0.904594
0.9055144
0.8993293
0.9097401
0.9005533
0.9009282
0.8990763
0.9031646
0.8828951
0.8378107
0.916985
0.9195028
0.9033105
0.893032
0.8749631
0.9190187
0.8821072
0.8680237
0.8989137
0.8996107
0.9084035
0.905876
0.9130031
0.9109718
0.9128
0.916876
0.9219019
0.9156704
0.9130994
0.8964016
0.886413
0.9129649
0.8997447
0.8948076
0.9157256
0.9094421
0.9128817
0.9124251
0.9057442
0.9086004
0.915592
0.9106418
0.8748451
0.8864733
0.9041086
0.9158396
0.9055743
0.9139311
0.9138734
0.8734266
0.9753751
0.894862
0.9101958
0.8986826
0.9140663
0.9156705
0.8991436
0.9080357
0.92181
0.9232793
0.9270339
0.9025652
0.9162513
0.8729094
0.9158538
0.8860138
0.9168363
0.9131437
0.9088022
0.911985
0.9076166
0.9183443
0.9191412
0.90181
0.8996422
0.9077519
0.9046481
0.9017887
0.9036806
0.9054049
0.8994736
0.9088647
0.9066416
0.9087652
0.8999339
0.9101249
0.907601
0.9062455
0.9045961
0.9080711
0.9015077
0.9073678
0.9050879
0.9058992
0.9041464
0.8998736
0.9054657
0.9012025
0.9023459
0.9039922
0.9054268
0.9061904
0.9002067
0.910685
0.9009518
0.9016838
0.8986359
0.9022238
0.883902
0.8399352
0.9170028
0.9197126
0.9043009
0.8921862
0.8745201
0.9202165
0.8822528
0.8672692
0.8981082
0.8988883
0.9091561
0.9057646
0.9126283
0.9108289
0.9128137
0.9183493
0.9216211
0.9158034
0.9120627
0.8981582
0.8870546
0.9140963
0.8987393
0.8941185
0.9164313
0.9087098
0.913589
0.9129401
0.9061033
0.9093847
0.9163643
0.9112796
0.8742664
0.8853575
0.9031641
0.9161653
0.9049897
0.9147886
0.914808
0.8731465
0.9750716
0.8951802
0.9097801
0.8979565
0.9133283
0.916322
0.8989947
0.9077319
0.9220593
0.9230769
0.9269503
0.9035212
0.9169201
0.8730052
0.9163307
0.8861202
0.916854
0.9143526
0.9090844
0.9111854
0.9090261
0.9179819
0.920187
0.9022836
0.9000438
0.9068891
0.9044966
0.902196
0.9040062
0.9054917
0.9003583
0.9087544
0.9076163
0.9071058
0.8990434
0.9110681
0.9083655
0.9057804
0.9042465
0.9073349
0.9003779
0.9067274
0.9035723
0.9061179
0.9061273
0.9024759
0.9054888
0.9038794
0.9019375
0.9031097
0.9042289
0.9046367
0.8999167
0.9063328
0.9027647
0.9021865
0.8985465
0.9020929
0.8830053
0.8398967
0.9175453
0.9204772
0.9043647
0.894135
0.8748249
0.9196937
0.8822594
0.8712915
0.899344
0.90012
0.9069834
0.907471
0.9139635
0.9114637
0.9144556
0.9177859
0.9228037
0.9138782
0.912546
0.8984683
0.887425
0.9139953
0.9014967
0.8951973
0.9156018
0.9086125
0.9112909
0.9122614
0.9059691
0.9091328
0.9164562
0.9086329
0.8766455
0.8875178
0.9032293
0.9150201
0.9048167
0.9148404
0.9150129
0.8752449
0.9754415
0.8952952
0.9097212
0.8981296
0.9158204
0.9166695
0.9030757
0.9075186
0.9230071
0.9228555
0.9259465
0.9039428
0.9160891
0.8756596
0.9167638
0.8889938
0.9175872
0.9141743
0.9074279
0.911164
0.9094338
0.9182213
0.9194364
0.9038777
0.8999124
0.9080185
0.9054969
0.904888
0.9008923
0.9078928
0.9009894
0.9117228
0.9079999
0.9083682
0.9028241
0.9118138
0.9106462
0.9022949
0.9026154
0.9072779
0.9018802
0.9068423
0.9031267
0.9043835
0.9030614
0.9021072
0.901754
0.8970273
0.9023598
0.9038898
0.9043789
0.9030847
0.8990586
0.9082503
0.9009241
0.8999456
0.8972829
0.9031043
0.8849574
0.8371211
0.9152447
0.9217163
0.9036062
0.8912659
0.8754525
0.9192645
0.8836047
0.8714137
0.8992036
0.8996207
0.9092965
0.906647
0.9126168
0.9098471
0.9133853
0.9183074
0.9214697
0.9167262
0.9116993
0.8974461
0.8882787
0.9135855
0.9017225
0.8945241
0.9178024
0.9080662
0.9124982
0.9135083
0.9069067
0.9092138
0.9164771
0.909186
0.8776246
0.8877954
0.9052358
0.9160041
0.9048889
0.9129373
0.9132635
0.8742908
0.9750025
0.8950226
0.909415
0.8999211
0.9139587
0.9169512
0.899374
0.9083002
0.9225137
0.9224733
0.9259504
0.9027415
0.917528
0.8752888
0.9168997
0.886478
0.9162385
0.9139579
0.9109374
0.9118694
0.9106424
0.9186659
0.9203378
0.900682
0.9004571
0.9075042
0.9058437
0.9020883
0.9050273
0.9070059
0.8995236
0.9078957
0.9080409
0.9066975
0.9001067
0.9097145
0.9084674
0.9051289
0.9027618
0.9075911
0.9007877
0.9069296
0.9042526
0.9057732
0.9039053
0.9027618
0.9069776
0.9024671
0.901552
0.9064237
0.9052223
0.9056699
0.8994492
0.9071623
0.9027743
0.9016021
0.8993157
0.9037911
0.8827374
0.8353633
0.918116
0.921459
0.9058676
0.8917984
0.8757181
0.9200365
0.8829394
0.8690472
0.8975482
0.8980075
0.9071085
0.9088441
0.9131537
0.9119312
0.9105427
0.9197348
0.9225766
0.916631
0.9104483
0.8986792
0.8881782
0.9122278
0.8984999
0.8933232
0.9166373
0.9083068
0.9123379
0.9146911
0.9038586
0.9121485
0.916499
0.9072247
0.8754878
0.8862748
0.9035151
0.9147535
0.9034463
0.9148442
0.9148254
0.8743113
0.9759696
0.895914
0.9081364
0.8988639
0.9153368
0.9184213
0.903011
0.9089677
0.9215385
0.9247794
0.9273219
0.9038726
0.9173169
0.8734648
0.9172635
0.8896142
0.9185375
0.9123678
0.9098101
0.9124051
0.9112603
0.9180328
0.9202344
0.9014165
0.8996022
0.909288
0.9043729
0.9014235
0.9022325
0.9076991
0.9002775
0.9091009
0.9064377
0.9082201
0.8991257
0.9105259
0.9090281
0.9042381
0.9023881
0.9068541
0.8449386
0.892554
0.875468
0.8799971
0.8804557
0.8719615
0.8865356
0.8773509
0.8725084
0.8790258
0.8889251
0.8833674
0.8713047
0.8954967
0.8765912
0.8798333
0.8767018
0.8824062
0.9127457
0.9031138
0.892392
0.891461
0.8801211
0.8848729
0.9114731
0.8675831
0.9139241
0.9139174
0.9065196
0.9066829
0.8776339
0.8812382
0.9024809
0.8820683
0.8976016
0.9089012
0.9110931
0.9050447
0.8989039
0.8803391
0.9176174
0.8858102
0.9195406
0.8985773
0.8645237
0.8981847
0.8766312
0.8793817
0.9011319
0.8861233
0.9255216
0.90862
0.9065048
0.9185428
0.9010146
0.8699477
0.8964042
0.885744
0.8851852
0.9040297
0.9733619
0.8708612
0.8874721
0.8978639
0.9151996
0.9200341
0.9036481
0.8457214
0.9128623
0.8856968
0.8855682
0.9017973
0.8628881
0.9087361
0.8529051
0.9139747
0.8913772
0.8862226
0.8585563
0.8486894
0.8867612
0.8945693
0.8668934
0.8969786
0.9106989
0.9106317
0.9110947
0.9104711
0.9121965
0.9120591
0.9047241
0.9144406
0.9152844
0.903955
0.9079757
0.9222575
0.9158952
0.8978346
0.9017442
0.9025463
0.8463606
0.8931858
0.8762841
0.8814971
0.8814635
0.8724896
0.8856071
0.8772604
0.8734498
0.8788953
0.8896052
0.8834427
0.8715441
0.8961295
0.8760464
0.8798669
0.8769818
0.8824403
0.9121324
0.9029562
0.8921132
0.8915766
0.8800321
0.8852288
0.9117855
0.8681921
0.9147033
0.913768
0.9063253
0.9062141
0.8784876
0.8814756
0.9031103
0.8807681
0.8986688
0.9101771
0.9115966
0.9050073
0.8994574
0.8800863
0.9180083
0.8859257
0.9202005
0.8986164
0.8644273
0.8988953
0.8769085
0.8803496
0.9008182
0.8863988
0.9253758
0.9079206
0.9061106
0.9189303
0.9012514
0.8702279
0.8966013
0.8871384
0.8865016
0.9025788
0.9733864
0.8716464
0.8866251
0.8986189
0.9147577
0.9201513
0.9035764
0.8460472
0.912943
0.886013
0.8860013
0.9029025
0.8637953
0.909169
0.8527172
0.9137882
0.891888
0.8863382
0.8597667
0.8495714
0.8869571
0.8946464
0.8670472
0.8962685
0.9110545
0.9105574
0.9110602
0.9110683
0.9120439
0.9129343
0.9050027
0.9148775
0.9154081
0.904034
0.9086897
0.9225409
0.9156674
0.8975962
0.9022159
0.9029005
0.8774634
0.8167983
0.774988
0.7944451
0.7940867
0.7782447
0.816374
0.7825898
0.7725371
0.7899576
0.8245721
0.8081458
0.7894176
0.8535706
0.7929436
0.7882167
0.7849654
0.883189
0.9085745
0.9052741
0.8183091
0.7734372
0.7917451
0.8897424
0.9035802
0.8969508
0.9070425
0.9085411
0.9007886
0.9004461
0.8682991
0.8628708
0.901336
0.8948548
0.8962268
0.9131275
0.9092159
0.9031901
0.9058451
0.7810071
0.9083179
0.8930613
0.9132775
0.9043887
0.8882642
0.8971652
0.8332518
0.8894107
0.8995616
0.7422267
0.9163709
0.9072305
0.9003669
0.907278
0.9054703
0.8929149
0.8964553
0.8101319
0.809584
0.9024913
0.9714945
0.8604608
0.8114235
0.9027656
0.9177077
0.9164395
0.9050155
0.8756824
0.9138075
0.9029679
0.8997291
0.8930661
0.8945396
0.9027165
0.8855972
0.9107558
0.7735174
0.893115
0.8914478
0.8828218
0.8056616
0.8464144
0.8948435
0.899024
0.9087913
0.9075149
0.9081087
0.9074309
0.9051496
0.9072225
0.9023774
0.9092456
0.91177
0.9102447
0.9021684
0.9169468
0.905154
0.8925694
0.8941345
0.897626
0.852992
0.8992317
0.8849496
0.8842906
0.888385
0.8817646
0.893649
0.8865845
0.8848177
0.8873398
0.8891101
0.8926739
0.8834902
0.9043602
0.8879576
0.8904402
0.8845482
0.893883
0.9234361
0.9132567
0.8920188
0.8929423
0.8870898
0.8922714
0.9177571
0.8410841
0.9194697
0.9195171
0.913512
0.9145929
0.8800015
0.8816349
0.9023361
0.8849144
0.9050029
0.9150058
0.9117118
0.9057588
0.9033296
0.8869938
0.9212557
0.8689574
0.9248471
0.9118732
0.8430215
0.8968562
0.8836395
0.8790077
0.9084659
0.8883469
0.929829
0.9184706
0.9162839
0.9242971
0.911246
0.8613201
0.9033168
0.8907863
0.8904345
0.9186817
0.9704245
0.8806574
0.8891764
0.9093405
0.9188709
0.923951
0.9089467
0.8078827
0.9139293
0.8753953
0.8769303
0.9104967
0.8416673
0.9160715
0.8408367
0.9225478
0.892346
0.8687516
0.8621466
0.8414995
0.8877889
0.8923314
0.8365356
0.8998969
0.918766
0.9200327
0.9208939
0.9136303
0.9200243
0.9233787
0.9105528
0.9212991
0.922398
0.9186805
0.9142641
0.9267514
0.9186483
0.902419
0.9023842
0.907555
0.9109599
0.9069942
0.8975098
0.8994853
0.9018173
0.8972942
0.900346
0.8980713
0.8988703
0.8997749
0.8944004
0.8977463
0.8957228
0.8968638
0.8973292
0.8969478
0.8982896
0.9098393
0.8634997
0.8732824
0.9104996
0.9149365
0.8993279
0.8914872
0.8477402
0.9207526
0.8365396
0.8663186
0.8916534
0.8908199
0.9006281
0.9039177
0.9009408
0.9168085
0.9005914
0.9081387
0.9086445
0.9072721
0.905012
0.8970057
0.8359735
0.9062365
0.8790371
0.9079622
0.9141039
0.8994626
0.9088958
0.9070993
0.8978992
0.9070333
0.8955588
0.9067373
0.8499807
0.8441375
0.9141842
0.9133101
0.8959358
0.912761
0.9131269
0.8466085
0.9714994
0.8942832
0.9074651
0.8973477
0.9082418
0.8949153
0.9002362
0.9120521
0.9160095
0.9221802
0.924585
0.888893
0.9164444
0.7485229
0.9217551
0.8570785
0.9143878
0.9062186
0.9100491
0.9132016
0.9047773
0.9083685
0.9236862
0.8979164
0.8969478
0.9056686
0.8960616
0.8911243
0.8879504
0.8930515
0.8989256
0.8929612
0.8944882
0.9090715
0.8867537
0.8888931
0.8961419
0.8927919
0.8970759
0.8970063
0.867779
0.8958928
0.8860897
0.8904855
0.8894678
0.8866293
0.8926604
0.8878796
0.8840559
0.886418
0.8947501
0.8957448
0.8862587
0.9024799
0.8890499
0.8901222
0.8832957
0.8846626
0.9163842
0.9039114
0.9014695
0.9037053
0.8895872
0.8874664
0.9172089
0.8853036
0.9166134
0.9129046
0.9083223
0.9092242
0.8916062
0.8897859
0.9013883
0.8816231
0.9026514
0.9116279
0.9106646
0.9088676
0.9027748
0.8830294
0.9207798
0.8848387
0.9224287
0.9011917
0.8756304
0.9011111
0.8893354
0.8897624
0.902979
0.89469
0.9226635
0.909551
0.9067033
0.9182589
0.9020064
0.8814756
0.9010368
0.9021943
0.9017791
0.911264
0.973918
0.8796381
0.8923622
0.9015312
0.915299
0.9252438
0.9010642
0.8572381
0.9115218
0.8862107
0.8842869
0.9035367
0.8734791
0.9092793
0.8575648
0.9179604
0.8967436
0.8851702
0.875155
0.8741809
0.8938028
0.9018453
0.8827872
0.8972295
0.9151623
0.9139678
0.9196344
0.9110974
0.9149632
0.9188877
0.9074067
0.9187994
0.9219909
0.9100808
0.9110431
0.9258721
0.9180134
0.8974929
0.9040598
0.9061466
0.9069818
0.9173196
0.9133714
0.9163099
0.9133892
0.9158
0.9196305
0.9144393
0.9160502
0.913324
0.9196276
0.9121614
0.9100556
0.9150532
0.9162426
0.9150416
0.9118367
0.9088403
0.92343
0.9054024
0.9237125
0.9276107
0.9139797
0.9026079
0.9180982
0.9242914
0.9254707
0.917094
0.9117945
0.911637
0.9173456
0.9155598
0.922899
0.9146285
0.924632
0.923134
0.9299712
0.9275702
0.9237282
0.913816
0.9254985
0.9210359
0.9282015
0.9071514
0.9199887
0.9167024
0.9153873
0.9195068
0.9233767
0.9182995
0.9301835
0.9204094
0.9170453
0.9262461
0.9091499
0.9171667
0.9218428
0.917844
0.9180183
0.9192673
0.9782455
0.9106307
0.9162936
0.9045743
0.9200014
0.9303112
0.9107972
0.9164469
0.9296035
0.9236709
0.9278128
0.9214929
0.9211718
0.9169786
0.9213829
0.9226822
0.9185686
0.9211793
0.9157369
0.915496
0.9214958
0.926662
0.9208466
0.913506
0.9165462
0.9162364
0.9185993
0.9215586
0.9231743
0.9234895
0.9122284
0.9210277
0.9237532
0.9129632
0.9186629
0.9353343
0.9242309
0.9165267
0.9222491
0.9241284
0.9080318
0.9163057
0.9055668
0.9053148
0.9113915
0.9075022
0.9148913
0.9075297
0.9061778
0.9094738
0.9100043
0.9086872
0.908578
0.9106765
0.9044805
0.9054856
0.9064615
0.9044639
0.9195341
0.9050598
0.92117
0.926364
0.9092709
0.8944495
0.9129282
0.9285038
0.9112544
0.9103545
0.9048296
0.9047185
0.9073686
0.9113048
0.9182667
0.916383
0.9172443
0.924531
0.9287599
0.9264565
0.9210677
0.9059007
0.9156413
0.9193405
0.918569
0.9031685
0.9262033
0.9153307
0.9133238
0.9159969
0.9134681
0.9168291
0.9242302
0.912413
0.9074529
0.9172564
0.910623
0.9199316
0.9172059
0.9225897
0.9221584
0.9099067
0.9781633
0.9023258
0.9165097
0.9013049
0.9203252
0.9250876
0.9099786
0.9176282
0.9292227
0.9258203
0.9305623
0.912573
0.9249277
0.9110427
0.9206074
0.9157223
0.9198493
0.9196368
0.9184988
0.9179449
0.9127083
0.926162
0.9257633
0.9067168
0.906526
0.9084922
0.9062634
0.912871
0.9115022
0.9138826
0.9024757
0.9099805
0.9153883
0.9043388
0.9072191
0.9199007
0.9106986
0.9134412
0.9154925
0.9202054
0.8792465
0.8142682
0.7843835
0.7960434
0.7926273
0.7803681
0.815518
0.7807052
0.7744361
0.7970935
0.8121404
0.805413
0.7840409
0.8370278
0.7751326
0.7781002
0.7867868
0.8837679
0.9028665
0.9079651
0.8118816
0.7861843
0.7978291
0.8869743
0.9056222
0.8948099
0.9040428
0.9051324
0.894075
0.8945769
0.8624131
0.8620015
0.8988756
0.8962465
0.8936667
0.910928
0.9042139
0.9018352
0.9030519
0.7850988
0.9011906
0.8850695
0.9082769
0.9074824
0.8821538
0.8886283
0.8366298
0.8828579
0.8900435
0.7340642
0.9013883
0.9049848
0.8978626
0.8970409
0.9083647
0.8920951
0.8919444
0.8133557
0.8133562
0.9014507
0.9722445
0.8547406
0.8138377
0.8977425
0.9151353
0.9087976
0.9009233
0.8773307
0.9099881
0.902792
0.8988554
0.8871337
0.8819856
0.9023409
0.8855725
0.9110438
0.7575311
0.8850794
0.884943
0.8821512
0.8008521
0.8436684
0.894113
0.8939372
0.9033489
0.9047876
0.8992548
0.9005042
0.8971854
0.896341
0.8955013
0.9016298
0.8966507
0.9079664
0.8984716
0.9028544
0.8996478
0.8878251
0.8895694
0.8923675
0.8857948
0.8132734
0.7786293
0.8057532
0.7929184
0.7891787
0.820554
0.7826467
0.7836466
0.7996163
0.8055144
0.7973499
0.7827508
0.8386267
0.7882162
0.784787
0.7992537
0.8951783
0.9010235
0.9115671
0.806542
0.7838336
0.8001174
0.8903476
0.904784
0.8961248
0.9046487
0.9050726
0.8966957
0.8973541
0.8601667
0.865778
0.8890784
0.895596
0.890794
0.9056316
0.9048127
0.8956098
0.8959371
0.7857483
0.8918643
0.88649
0.902387
0.9105434
0.8852175
0.8855866
0.8398797
0.8836283
0.8892342
0.7458741
0.8950727
0.9016523
0.8936412
0.8897541
0.9160884
0.8927772
0.8861068
0.8148573
0.816037
0.903696
0.9680005
0.8547895
0.8167555
0.9026828
0.9154184
0.8954677
0.8986466
0.8765707
0.9064528
0.9026835
0.9019539
0.8796357
0.8857814
0.9010001
0.8887568
0.9076104
0.763225
0.8863801
0.8874543
0.8868313
0.80364
0.8374397
0.8947162
0.8958847
0.9008555
0.9040142
0.8965739
0.8908142
0.8948218
0.8908253
0.8972473
0.9005462
0.8959381
0.9084592
0.8949472
0.891569
0.8993215
0.8841645
0.8846769
0.8840216
0.9069817
0.9023189
0.9009493
0.9021578
0.9000848
0.9014708
0.9058696
0.9012565
0.9016411
0.905006
0.8938657
0.8994978
0.8960286
0.8997624
0.8992091
0.9003236
0.8987734
0.9105574
0.9106381
0.913326
0.9090025
0.9109004
0.9061981
0.8988336
0.9108341
0.9172586
0.9091716
0.9058965
0.9012527
0.9006367
0.9008238
0.9061652
0.9097286
0.9091227
0.907263
0.9163445
0.9127428
0.9120569
0.9080504
0.9002632
0.9029275
0.9069604
0.9071956
0.9128708
0.9149114
0.9010498
0.9076864
0.9052706
0.8986237
0.9108214
0.9033198
0.9073798
0.8989296
0.8993496
0.9183745
0.9123121
0.901171
0.9100028
0.9099812
0.9077841
0.9696405
0.897165
0.9077015
0.8759541
0.8889818
0.8854065
0.8643981
0.9114257
0.9154579
0.9197437
0.9167442
0.900132
0.9141423
0.9011291
0.9176736
0.9127106
0.9144716
0.9068665
0.9096937
0.9149018
0.9074932
0.9072075
0.9166291
0.8996473
0.9010654
0.9060661
0.9007504
0.8998001
0.898059
0.8985174
0.9038152
0.9048531
0.9042256
0.9068303
0.8941787
0.9003061
0.9030331
0.9004723
0.8999716
0.9020533
0.8644573
0.8935675
0.8829147
0.8855404
0.8847293
0.882817
0.8919868
0.8834231
0.8807112
0.8876209
0.8873776
0.8886591
0.8793552
0.892178
0.8809689
0.8847091
0.885114
0.8962595
0.9085438
0.9079127
0.8977092
0.8986714
0.8882572
0.8938161
0.9147577
0.8709548
0.91309
0.9110747
0.906068
0.907056
0.8834188
0.8823615
0.8946685
0.8918551
0.8956415
0.9088433
0.9134507
0.9035355
0.9000323
0.8816318
0.9129612
0.8760643
0.9107687
0.9001004
0.8627177
0.8928456
0.8864111
0.8818014
0.8999357
0.8877877
0.9187994
0.9115164
0.9061685
0.9088744
0.9091297
0.8780693
0.890403
0.8945418
0.8943521
0.9099733
0.9698862
0.8784237
0.8896557
0.9053195
0.9145094
0.91376
0.9023912
0.854726
0.9110129
0.8897626
0.8929522
0.8986521
0.8627928
0.9078957
0.8655286
0.9142988
0.8953389
0.8754963
0.8763631
0.8671362
0.8899076
0.8936818
0.8678749
0.8912669
0.9126683
0.9143847
0.9087702
0.9029616
0.9069329
0.9105321
0.9052981
0.9126516
0.9096447
0.9083383
0.9049053
0.9114754
0.9130278
0.892009
0.8946157
0.8952995
0.8640419
0.8955697
0.8865318
0.887638
0.8900215
0.8823017
0.8962839
0.8860228
0.881947
0.885528
0.8909937
0.8897048
0.8820719
0.895902
0.8842392
0.8865366
0.883539
0.8980544
0.9115625
0.9160931
0.8965224
0.8979512
0.8895026
0.8970296
0.9171119
0.8704971
0.9125401
0.9157321
0.9090096
0.9078029
0.8852513
0.8786743
0.8991723
0.8896683
0.8991055
0.9096906
0.9153101
0.9025263
0.9051881
0.8841654
0.9131085
0.8801563
0.9137956
0.9135754
0.8646016
0.9004323
0.8826798
0.8821787
0.9021855
0.891128
0.91513
0.9093791
0.9113719
0.9132693
0.9144876
0.8802955
0.8991374
0.8924042
0.8917781
0.9107833
0.9684952
0.8808326
0.89299
0.9079428
0.9201241
0.9134168
0.9036408
0.8536459
0.9127214
0.8858078
0.8918056
0.9007288
0.8603315
0.907312
0.8695097
0.9170289
0.8940324
0.8803663
0.8759786
0.8696621
0.8921716
0.8903025
0.8631486
0.8972598
0.9146006
0.9181905
0.9091549
0.9079153
0.9140855
0.9125463
0.9099387
0.9199799
0.9134804
0.9153188
0.9092188
0.9164105
0.9179144
0.8977208
0.8996998
0.8985315
0.9053058
0.9100949
0.9119852
0.9121723
0.9094443
0.9118957
0.9101046
0.9091544
0.9121391
0.9120175
0.9127211
0.907757
0.907573
0.9115868
0.9105677
0.9103477
0.9104921
0.9161061
0.9141873
0.9131337
0.9130077
0.9184043
0.9120871
0.8981588
0.9169982
0.9160681
0.9178847
0.9121931
0.9114764
0.9108654
0.9084652
0.9086696
0.9109778
0.9070042
0.9110856
0.9212298
0.9197015
0.916116
0.917794
0.9120764
0.9132476
0.9128375
0.915218
0.9110538
0.9167985
0.9052786
0.9081919
0.9127999
0.9055286
0.9150408
0.909006
0.909884
0.9118876
0.9122703
0.9171639
0.9086752
0.9037112
0.9173922
0.9172269
0.9129314
0.9712178
0.9041033
0.9139384
0.8895183
0.8988226
0.9018587
0.8870465
0.9093597
0.9215419
0.9178643
0.9178204
0.9088167
0.917014
0.9136628
0.9132958
0.9169915
0.9178007
0.9128615
0.9053884
0.9088606
0.9156115
0.9114218
0.9146593
0.9037953
0.9101258
0.9131976
0.9083345
0.9068536
0.9079565
0.9100118
0.9071997
0.9154141
0.9119077
0.9140388
0.9122403
0.9100257
0.9105455
0.9028295
0.9046385
0.905234
0.9114231
0.9057693
0.8976191
0.8987957
0.9023212
0.8990449
0.8994625
0.8978998
0.8992592
0.9003231
0.8937827
0.898378
0.8955497
0.898294
0.897881
0.8973789
0.8992019
0.9106875
0.8620729
0.8713558
0.9118022
0.9148123
0.9004755
0.8911537
0.8454424
0.9202105
0.8336761
0.8667718
0.8916005
0.8910533
0.9005774
0.9039864
0.9005706
0.9163386
0.8993825
0.9091463
0.909143
0.9076573
0.904049
0.897477
0.8350519
0.9057159
0.8772606
0.9067288
0.9149435
0.8990119
0.9087689
0.9059123
0.8960052
0.9077654
0.896003
0.9063702
0.8512502
0.8422199
0.9133168
0.9133398
0.8956024
0.9120176
0.9123063
0.847865
0.9709721
0.8944344
0.9071026
0.8972281
0.9088811
0.8943184
0.9008565
0.9112632
0.915617
0.9216005
0.924013
0.8891673
0.9167437
0.7449925
0.9222042
0.856074
0.9139945
0.9056583
0.9091398
0.9135023
0.9049245
0.908515
0.9229956
0.8972283
0.8963269
0.9068149
0.8978442
0.8894476
0.8885194
0.8924158
0.8989955
0.8934454
0.8933143
0.9079319
0.886741
0.8873105
0.8946978
0.8924157
0.8965429
0.8973565
0.883002
0.85615
0.8271441
0.8336034
0.8313507
0.834973
0.8519216
0.8365747
0.8279472
0.8477466
0.8516079
0.8447002
0.8325998
0.8655129
0.8309111
0.8352346
0.8352118
0.8915271
0.918237
0.915488
0.8587258
0.8604388
0.8419454
0.8992971
0.9138482
0.8942942
0.914145
0.9143674
0.9052251
0.9053504
0.8742067
0.8704873
0.906199
0.9008717
0.9055414
0.9114861
0.9130831
0.9080786
0.9079959
0.8341842
0.9134012
0.8907455
0.9147025
0.91417
0.8865839
0.9030815
0.8207919
0.889437
0.8973254
0.8487917
0.9129442
0.9123111
0.9119871
0.9126408
0.9133192
0.8901067
0.9021511
0.8461567
0.8477112
0.9158698
0.9705137
0.867572
0.8546574
0.9131243
0.9159962
0.9188905
0.9066948
0.8863767
0.9193275
0.9012119
0.9010758
0.902567
0.8889763
0.9122415
0.895612
0.9168471
0.8522882
0.8908376
0.8898402
0.8889008
0.8462253
0.8385952
0.8956768
0.8981652
0.914502
0.9134667
0.9104535
0.9117393
0.9130544
0.9078331
0.9092729
0.9100418
0.9106684
0.9156346
0.9051671
0.9144026
0.9104724
0.9002386
0.9016912
0.9022543
0.8798127
0.7933493
0.7301356
0.7507439
0.7508025
0.7292618
0.7814355
0.731513
0.727492
0.7496423
0.7804343
0.7712721
0.7350853
0.8168198
0.7345915
0.7375558
0.7468875
0.8829749
0.9041534
0.9054157
0.828675
0.8171365
0.7332035
0.882864
0.9038262
0.8908496
0.8991075
0.9042293
0.8918178
0.8918021
0.8566673
0.8581383
0.8938104
0.8958333
0.8918674
0.9056557
0.9024887
0.8961697
0.8956585
0.706027
0.8961289
0.8840044
0.903993
0.9073445
0.8846279
0.8869812
0.8309731
0.8775719
0.8906657
0.7980054
0.9012834
0.9030526
0.8906971
0.8979026
0.9088571
0.893011
0.8892804
0.7602086
0.7618647
0.8970636
0.9725696
0.8473242
0.7734375
0.9000785
0.9118673
0.90561
0.8996487
0.8741331
0.9054341
0.9032476
0.9024735
0.8845238
0.8874503
0.8971016
0.8887806
0.9095782
0.8190934
0.8839733
0.8844826
0.8854793
0.7537988
0.8456635
0.8883446
0.8912363
0.9015471
0.9033204
0.8985093
0.8947816
0.8949421
0.8918456
0.8975734
0.8952402
0.8983088
0.9029426
0.887009
0.8977864
0.8969106
0.883281
0.8877707
0.8891029
0.8842744
0.7933239
0.7359101
0.7535028
0.7477055
0.7400338
0.7755703
0.7288023
0.7284757
0.7531232
0.7784362
0.7675848
0.736125
0.8108969
0.7347897
0.7447203
0.7498768
0.8846545
0.9079282
0.9059395
0.8268808
0.813742
0.734397
0.8862306
0.9061449
0.8898775
0.8983458
0.9025754
0.8954456
0.8956268
0.8578431
0.8567532
0.8886419
0.8966975
0.8884279
0.9022575
0.8998961
0.895924
0.8974099
0.7047077
0.8916408
0.8831698
0.9010506
0.9088014
0.8833515
0.8849312
0.8337063
0.8825605
0.8861727
0.7978462
0.8961334
0.902225
0.8909702
0.8928248
0.9149648
0.8882863
0.8852908
0.7603326
0.7640247
0.9012719
0.9700672
0.8484722
0.781312
0.8992855
0.9125233
0.8950743
0.8986888
0.8765722
0.9034216
0.9016856
0.9022051
0.8807218
0.8849281
0.8950073
0.8923282
0.907222
0.8191502
0.8833818
0.8870124
0.8849323
0.7538143
0.8387791
0.8939927
0.8874946
0.8993076
0.9008541
0.889282
0.8917775
0.893712
0.8857282
0.8949046
0.8962128
0.8953588
0.9032201
0.8876908
0.8902485
0.8952031
0.8803491
0.8816492
0.8843371
0.9180124
0.8981992
0.9041733
0.9031155
0.8981253
0.9036557
0.9022416
0.9025866
0.9021755
0.9082438
0.8910359
0.8923548
0.8945288
0.887583
0.8989948
0.8972979
0.8995623
0.9194597
0.9020333
0.91341
0.9065387
0.9113174
0.9051439
0.8982429
0.9055751
0.922663
0.8994855
0.9055531
0.8963917
0.8965762
0.902259
0.9077988
0.9041157
0.914047
0.9079
0.9095551
0.9094323
0.9001075
0.9030769
0.898461
0.8895745
0.905105
0.8940964
0.9226307
0.9167419
0.8964712
0.9127721
0.9121067
0.8945906
0.9108419
0.8800078
0.8986424
0.8930708
0.8872434
0.9320706
0.9180089
0.8866018
0.9144352
0.9144549
0.9028804
0.9681102
0.8968227
0.9146036
0.9034932
0.90741
0.8826564
0.9021951
0.9150313
0.9143352
0.9268887
0.9243222
0.8870974
0.9179469
0.8933348
0.9250368
0.9112236
0.9197721
0.9052863
0.9155288
0.9228167
0.9043784
0.9052039
0.9235979
0.8977941
0.8873341
0.8917729
0.8828658
0.8640291
0.8678938
0.8633579
0.8894978
0.8770122
0.8698606
0.8995604
0.8710226
0.8546314
0.8785151
0.8872307
0.8867544
0.8864598
0.8987993
0.9026009
0.8999562
0.9004433
0.8991152
0.8992132
0.9029256
0.897582
0.8975005
0.8970416
0.9018273
0.8993899
0.8970852
0.9013
0.8950959
0.8921958
0.8928965
0.8997572
0.9072617
0.9058431
0.9099904
0.9164452
0.9001675
0.8929895
0.9092876
0.9218496
0.9051274
0.9070266
0.8943285
0.8941871
0.9009504
0.9033743
0.9118889
0.912104
0.9119597
0.9184786
0.9188188
0.9183285
0.9097421
0.8978831
0.9082261
0.9156257
0.9114648
0.9042186
0.9183159
0.9021403
0.9087679
0.9093194
0.9002543
0.9090518
0.9054801
0.9022466
0.9012922
0.9039927
0.9081363
0.9164334
0.9019059
0.9130342
0.9129366
0.9018429
0.9742003
0.8901213
0.9067818
0.8987279
0.9108287
0.9090051
0.9052752
0.9066729
0.9232802
0.9241572
0.9266944
0.8966074
0.9159946
0.9032742
0.9172544
0.913601
0.9143182
0.9158068
0.9120382
0.9131664
0.9047138
0.9102739
0.9212473
0.9012533
0.7894844
0.8091521
0.8753604
0.874938
0.8891594
0.8708264
0.8793959
0.8844904
0.8841422
0.8716686
0.8742508
0.8896196
0.8851955
0.897257
0.8979108
0.9032879
0.9198806
0.8962331
0.8988841
0.9019571
0.8961948
0.8977002
0.9006997
0.89088
0.899004
0.9015591
0.8827026
0.8902704
0.893
0.8786786
0.8933354
0.8908315
0.9024758
0.9152643
0.8934925
0.9119725
0.9058745
0.9134368
0.8967317
0.9017158
0.9007188
0.9271243
0.8887523
0.8975828
0.8797736
0.8798591
0.8947867
0.9050242
0.8995768
0.9200763
0.8995473
0.9080952
0.9093107
0.9005408
0.9037737
0.8914823
0.8755151
0.9059565
0.8848012
0.9231736
0.9203861
0.8971655
0.9117919
0.9043228
0.8944961
0.9127207
0.8673527
0.8951496
0.8889061
0.8748891
0.9333407
0.9210624
0.8873202
0.9124133
0.9128735
0.8960497
0.9676265
0.8898624
0.9111647
0.9027489
0.9093118
0.86811
0.9045812
0.9141776
0.912313
0.9298124
0.9230909
0.8764615
0.9209413
0.8946082
0.9300055
0.9059746
0.916572
0.9058152
0.9173355
0.9259991
0.9014454
0.902254
0.9260367
0.8958185
0.8774676
0.8848976
0.8678555
0.8419575
0.8647577
0.8334362
0.8744919
0.8618721
0.8527615
0.8919488
0.853518
0.8221269
0.8745144
0.8899505
0.8876443
0.8827406
0.9074407
0.8941423
0.8934739
0.8923002
0.887762
0.8911714
0.8971603
0.8891204
0.8908912
0.8969588
0.8837776
0.8846125
0.8841587
0.8853882
0.8892937
0.88734
0.891558
0.9014745
0.8954852
0.9032026
0.9052697
0.9114814
0.8936652
0.8892597
0.8964131
0.9219233
0.8886852
0.8929126
0.8762081
0.8759944
0.8864163
0.8995359
0.899985
0.9108536
0.8985926
0.909817
0.908805
0.9035801
0.9021409
0.8884967
0.8790354
0.9011909
0.8935976
0.9123575
0.9143581
0.8937253
0.9115957
0.9097522
0.8904771
0.9089938
0.8779959
0.8924466
0.8823301
0.878774
0.9207618
0.9164297
0.8831525
0.9114161
0.9119935
0.8898321
0.9710486
0.8823167
0.9061713
0.8955427
0.9033205
0.8786636
0.9036383
0.9095825
0.9164021
0.9259394
0.9246998
0.8720396
0.9154604
0.8862628
0.9199269
0.9021828
0.9167456
0.9018645
0.91283
0.9198683
0.9013885
0.9028856
0.9212251
0.8958769
0.8732372
0.8792159
0.868562
0.8468878
0.862773
0.843266
0.8670708
0.8567954
0.8407022
0.8822486
0.8483977
0.8367246
0.8710094
0.8880676
0.8846694
0.8864422
0.9029449
0.8952381
0.8982632
0.8979944
0.895158
0.8975972
0.8964571
0.8945579
0.8975709
0.9006316
0.8875581
0.8893269
0.8870269
0.8833253
0.8948187
0.8932869
0.8957123
0.9037334
0.8962358
0.9070378
0.8998587
0.9087572
0.8986424
0.8922496
0.9038757
0.9150777
0.8939292
0.8987445
0.8869461
0.8864352
0.8921801
0.8979757
0.9012459
0.9112377
0.9021412
0.9043092
0.908164
0.9047235
0.902791
0.8895206
0.888115
0.9006533
0.8963308
0.9104559
0.910597
0.8943483
0.9067566
0.9050891
0.8948822
0.9106744
0.8815719
0.9009002
0.8907912
0.8866324
0.9201676
0.9119389
0.8885175
0.9072295
0.9075211
0.8981051
0.9679879
0.8877972
0.90267
0.8955564
0.904004
0.8815618
0.9001365
0.9028275
0.9136812
0.9195929
0.9211422
0.8814673
0.9121482
0.8938847
0.9161272
0.9050255
0.912309
0.9012337
0.9094275
0.913956
0.9026097
0.9010356
0.9168758
0.8899522
0.8709616
0.8830689
0.8711126
0.7687092
0.8613156
0.8299659
0.8589788
0.8689722
0.8578376
0.8906915
0.8119548
0.8504613
0.8768685
0.8874475
0.8873459
0.8850639
0.9058959
0.8991516
0.8916387
0.8950489
0.891984
0.8942326
0.8973359
0.8910684
0.8923947
0.8955418
0.885861
0.889101
0.8861578
0.8897579
0.8890012
0.8894455
0.8932622
0.9038039
0.9009993
0.9061534
0.9117265
0.91483
0.8968036
0.8918001
0.901968
0.9229969
0.8905304
0.8959544
0.8842587
0.8851369
0.894774
0.9032816
0.9089273
0.9166967
0.9076025
0.9106909
0.9085401
0.9058511
0.9079407
0.8888806
0.8894701
0.9100309
0.8997384
0.9142304
0.9148459
0.9010153
0.9070446
0.9081625
0.8927657
0.9047063
0.8900592
0.8954183
0.8900239
0.8900455
0.9232331
0.9187804
0.8905673
0.9088666
0.9088434
0.8996518
0.9723134
0.8836831
0.90076
0.8974687
0.9120454
0.8905765
0.9050287
0.9103421
0.9147893
0.9272981
0.928617
0.8874107
0.9173057
0.8910709
0.9259485
0.9097377
0.9174688
0.9104119
0.9155528
0.9181306
0.8994851
0.9059464
0.9220775
0.8996366
0.8792578
0.8869785
0.8719145
0.8578393
0.8701891
0.8577236
0.869043
0.8284057
0.8217499
0.8838393
0.8505309
0.8615336
0.8778898
0.8934191
0.8910032
0.8925752
0.9048467
0.9051422
0.9009941
0.9039674
0.9028407
0.9047344
0.9052684
0.8973138
0.9019778
0.9036301
0.9026526
0.8980713
0.898707
0.8985476
0.8998583
0.9014718
0.8994946
0.905952
0.9064756
0.9143705
0.9126365
0.9175091
0.9039003
0.8966933
0.9099842
0.9206019
0.9065723
0.9081356
0.9008624
0.899832
0.9038052
0.906787
0.9077117
0.9138194
0.9112753
0.9165038
0.9171518
0.9143554
0.9112605
0.9022861
0.9074316
0.9136189
0.9070503
0.911321
0.9121871
0.9046245
0.9076318
0.9077903
0.9000145
0.9096283
0.9063451
0.903152
0.9015283
0.9032596
0.9149751
0.9147628
0.9000652
0.9147769
0.9140276
0.9103624
0.9704704
0.8933986
0.9099086
0.9060565
0.9164385
0.9083153
0.9046261
0.9107462
0.9229771
0.9228248
0.9231898
0.8951719
0.9145661
0.9026984
0.9167849
0.9130683
0.9173446
0.9135666
0.9129488
0.9160335
0.9078255
0.9104946
0.9187434
0.8985554
0.8441989
0.8446162
0.877345
0.8769458
0.8890918
0.8799287
0.8879409
0.8879982
0.8888011
0.8800219
0.882483
0.8887451
0.8904079
0.8983518
0.8991594
0.9014844
0.8802507
0.8190966
0.7630847
0.7845256
0.7899022
0.7660453
0.8135152
0.7683987
0.7617591
0.7744442
0.8092766
0.8103508
0.7822113
0.836737
0.7711562
0.7733174
0.7783885
0.8812057
0.9065817
0.9057324
0.8467569
0.8423733
0.7739865
0.8885944
0.9070263
0.8946075
0.9064818
0.9081029
0.9015998
0.9022048
0.8720141
0.8658546
0.9027684
0.8952991
0.8994777
0.9081305
0.9047619
0.9016799
0.9030552
0.7589329
0.9071733
0.892714
0.9142032
0.9005691
0.8891437
0.8960321
0.844374
0.8846112
0.8982815
0.8199589
0.9125846
0.9072964
0.8991844
0.9044243
0.9068195
0.892924
0.8916961
0.7775986
0.778538
0.9016094
0.9713884
0.8577799
0.4470317
0.9013943
0.9116464
0.9135477
0.9014721
0.8824701
0.9117904
0.9021728
0.8986212
0.8944346
0.8950245
0.9032501
0.8882385
0.9117461
0.8279651
0.8923711
0.8889409
0.8881981
0.7852879
0.8577279
0.8926864
0.8961377
0.9072524
0.9085991
0.9040427
0.9070613
0.9045392
0.9030072
0.9001339
0.9065804
0.9068774
0.9079364
0.898189
0.9112509
0.905614
0.8923387
0.892554
0.8939928
0.8689033
0.8890638
0.8838171
0.8827998
0.8882948
0.8827067
0.8912904
0.8836341
0.8822314
0.8865689
0.8886964
0.8876026
0.8828452
0.8999679
0.8848428
0.8853997
0.8819121
0.8896534
0.9199551
0.9122375
0.8917615
0.8916596
0.8806566
0.895436
0.9192871
0.8804003
0.9283011
0.9188409
0.9155455
0.9145787
0.8881028
0.884514
0.9093615
0.8855145
0.9078509
0.9193453
0.9182818
0.9115094
0.9102664
0.8842025
0.9261457
0.8897443
0.9249146
0.9045094
0.875891
0.9022002
0.8772615
0.8795128
0.9085482
0.8887737
0.9266973
0.9131559
0.9165355
0.9219198
0.9084622
0.8742467
0.9046637
0.8920707
0.892589
0.921346
0.9736079
0.884555
0.8888849
0.905536
0.9177012
0.9257984
0.9095608
0.8649363
0.9178006
0.8901048
0.8908066
0.9101084
0.8757072
0.9147072
0.8667251
0.9231465
0.8880616
0.8892792
0.871808
0.8621765
0.8867416
0.8929808
0.8750271
0.8954672
0.9138846
0.9121882
0.918869
0.9163159
0.9213779
0.9204317
0.9079334
0.9213793
0.920459
0.9123016
0.9123021
0.927784
0.918891
0.9018958
0.9021352
0.9062445
0.8714133
0.894489
0.8867986
0.8877025
0.8890485
0.8849176
0.8930728
0.8838239
0.8840396
0.8870845
0.8918968
0.8902505
0.8851875
0.8997466
0.8862482
0.8895395
0.8873296
0.8958341
0.9184421
0.9186171
0.8954505
0.8943744
0.8892058
0.8957177
0.9206194
0.8805841
0.9224226
0.9202564
0.9116765
0.9112498
0.8873734
0.886678
0.9064024
0.8915955
0.9089233
0.9207862
0.9190436
0.9145465
0.9088648
0.8859309
0.9267684
0.8881865
0.9240198
0.9070636
0.8772489
0.9002572
0.8835105
0.8825271
0.904701
0.8900014
0.9238191
0.9202807
0.9171201
0.922309
0.9088778
0.8790164
0.9036316
0.8907677
0.8915246
0.9216595
0.9732545
0.8851962
0.8955405
0.9081017
0.9167066
0.9218787
0.9031145
0.869175
0.917316
0.8974487
0.896447
0.9040155
0.8775162
0.9177442
0.8713921
0.9267878
0.8935445
0.8883978
0.8764965
0.8680784
0.8908048
0.8873761
0.8782514
0.8991227
0.914735
0.9153586
0.9188001
0.9162792
0.9191132
0.9197014
0.9138917
0.9192217
0.9230299
0.9159423
0.9179783
0.9232447
0.9231262
0.8991627
0.9045349
0.9070462
0.8821967
0.9097135
0.9027605
0.9027567
0.905108
0.8988573
0.9053957
0.9008167
0.8984513
0.900723
0.9073545
0.906278
0.9033286
0.9152612
0.9007282
0.9061261
0.897781
0.9020626
0.9259134
0.9173445
0.9089739
0.910123
0.9014761
0.9053408
0.9266318
0.8970892
0.9281199
0.9229906
0.9263929
0.9261201
0.9029394
0.9002763
0.9187081
0.9020629
0.9212965
0.9246395
0.9266555
0.9178223
0.9179545
0.9004956
0.9300014
0.9030442
0.9317696
0.9126323
0.8942753
0.9080543
0.897069
0.8972917
0.9195129
0.9014123
0.9365363
0.92037
0.9220183
0.933689
0.9123998
0.8921001
0.9150731
0.9041816
0.9038199
0.928224
0.9746222
0.9005201
0.9053115
0.9158468
0.9243172
0.9335264
0.9126009
0.8881719
0.9233012
0.9063344
0.9053825
0.9177131
0.8937201
0.9262725
0.8832897
0.9268875
0.9024906
0.9030253
0.8891715
0.8880654
0.9062682
0.9111308
0.8964924
0.9100848
0.922183
0.9228427
0.928239
0.927124
0.9311501
0.9317351
0.9232352
0.9311897
0.9351422
0.9210916
0.922841
0.9392407
0.9258229
0.9087037
0.9136954
0.9168741
0.915773
0.8934757
0.8970648
0.8952156
0.8897989
0.8936697
0.8988969
0.8882943
0.8944182
0.9007749
0.8877441
0.8872783
0.8882923
0.8787528
0.8938574
0.8907613
0.8937282
0.9138062
0.8991857
0.90605
0.9011546
0.9100356
0.8973254
0.8959947
0.8982172
0.9226078
0.887736
0.9024956
0.8831946
0.8846992
0.8946571
0.8994532
0.8989207
0.9126332
0.8968643
0.9103656
0.9075923
0.9040623
0.9024103
0.8930384
0.879914
0.9072172
0.8923497
0.9177378
0.9175753
0.8924886
0.9105335
0.9038763
0.8872409
0.9091237
0.8742687
0.8985245
0.8851782
0.879735
0.9265525
0.9149993
0.8855579
0.9094972
0.9098284
0.8953166
0.9685162
0.8868576
0.9046476
0.8973484
0.9062799
0.8776036
0.9042698
0.9119139
0.915494
0.9255088
0.9251326
0.8801835
0.9175295
0.8896487
0.9255812
0.9036105
0.9125273
0.9071203
0.9122153
0.9168315
0.8995028
0.9028582
0.922001
0.8957448
0.8810964
0.8855252
0.8689717
0.855039
0.8597866
0.8478003
0.8811506
0.8664059
0.8590181
0.8890809
0.8577809
0.8584576
0.8717674
0.8880467
0.885794
0.8898412
0.9269687
0.9071332
0.9129126
0.9169065
0.908359
0.914763
0.9101718
0.9092113
0.9164842
0.9161217
0.9006713
0.9027989
0.9056436
0.8939986
0.9083296
0.9082599
0.9148967
0.927593
0.9077059
0.9235856
0.9095257
0.9180109
0.9141717
0.9131886
0.9170767
0.925894
0.9023126
0.9087586
0.8993522
0.8993269
0.9029931
0.9118164
0.9028662
0.9229939
0.9046951
0.9092605
0.9068583
0.9053154
0.9051915
0.9122098
0.8893712
0.909516
0.8964441
0.9323219
0.9207735
0.9036714
0.9224915
0.9115041
0.8995191
0.9183467
0.8730575
0.9035433
0.9025492
0.8882435
0.9393104
0.9227334
0.8987116
0.9178033
0.9189179
0.9150612
0.9617594
0.9040498
0.9176726
0.909603
0.9124017
0.872288
0.9119869
0.9192869
0.9154324
0.9266549
0.927794
0.8960437
0.9207348
0.9080831
0.9322919
0.9163606
0.9264233
0.9099379
0.920525
0.928025
0.9133649
0.9054163
0.9250924
0.9026396
0.8905742
0.8976505
0.8851848
0.8688352
0.881829
0.8652485
0.8924845
0.8839805
0.8724552
0.9053866
0.8757184
0.8405986
0.8892441
0.8974874
0.8977842
0.8917828
0.8912575
0.9078598
0.8964969
0.8956036
0.9025061
0.8932523
0.9038653
0.8960199
0.895622
0.8952863
0.9078105
0.8988813
0.8978802
0.902543
0.8973543
0.8968968
0.8920215
0.8951738
0.9058781
0.8949236
0.9170246
0.9182504
0.9006004
0.8845959
0.9062891
0.9154044
0.9058128
0.9032397
0.8847597
0.8871246
0.9034619
0.9015629
0.9156045
0.9065546
0.9104153
0.9192022
0.9193855
0.9151366
0.9125338
0.8937165
0.9140628
0.9110568
0.9124937
0.8490786
0.9168745
0.9090034
0.9055947
0.9076934
0.9101024
0.9051843
0.9252894
0.9110944
0.8925729
0.9140625
0.8557887
0.9091168
0.9031425
0.9133706
0.9130068
0.8988497
0.9750495
0.8901666
0.9011534
0.8967554
0.9128784
0.9257823
0.9000502
0.9083793
0.9246811
0.9193305
0.9185585
0.906442
0.9135763
0.9011291
0.9077038
0.9116615
0.9127321
0.9112346
0.9043522
0.9070561
0.9093166
0.9214113
0.9135424
0.9046756
0.9061517
0.9091237
0.9044588
0.9088619
0.9112392
0.9153765
0.8962405
0.9133341
0.9098433
0.9050406
0.8985051
0.92193
0.9115073
0.9016882
0.903346
0.9077528
0.897086
0.9083859
0.8970062
0.8951578
0.8991161
0.8936854
0.9037353
0.8964895
0.8942179
0.8959558
0.9021868
0.8964433
0.8935506
0.9014296
0.8962288
0.8981608
0.8929401
0.899789
0.868578
0.8650049
0.9172686
0.9137157
0.8978173
0.8878084
0.8318085
0.9166023
0.8474415
0.8718964
0.8962844
0.8960227
0.9048625
0.9004877
0.910287
0.9120902
0.9051366
0.9155968
0.9154383
0.9119441
0.9100707
0.8890424
0.8621064
0.9111551
0.8834955
0.8996544
0.9140705
0.8988635
0.9059304
0.9123476
0.9032281
0.9067989
0.9134376
0.9082273
0.8574847
0.8588424
0.9021735
0.9145178
0.9009232
0.9095589
0.9094598
0.8400213
0.9730002
0.8902836
0.9054001
0.897109
0.9073194
0.9125976
0.900518
0.9025097
0.9211333
0.9208222
0.9220257
0.8962418
0.9104425
0.8424642
0.9107787
0.8657735
0.9108417
0.9110631
0.9094751
0.9119861
0.907364
0.9131294
0.9168771
0.90056
0.9020099
0.9048892
0.9012046
0.9004192
0.9031964
0.9024094
0.8943345
0.9030816
0.9071064
0.9028878
0.8961101
0.9112623
0.9016447
0.901637
0.9013665
0.906136
0.8714042
0.8302837
0.8020283
0.8129685
0.810913
0.8012114
0.83151
0.7992161
0.7944656
0.8085429
0.8253682
0.8182767
0.8008796
0.8520166
0.7961024
0.7955136
0.807188
0.8776588
0.907211
0.9032375
0.8481749
0.8415021
0.8135547
0.8804922
0.9067208
0.8933849
0.901827
0.9044698
0.9015475
0.9010838
0.8522029
0.8507334
0.8944784
0.8949099
0.8942984
0.9061235
0.9098758
0.8957543
0.8989419
0.7981147
0.9001447
0.8866344
0.9091987
0.9050753
0.8853216
0.8941295
0.8006762
0.8821952
0.8922611
0.8246741
0.9067812
0.9076554
0.8981167
0.9000574
0.9078778
0.8843802
0.8909275
0.8308424
0.8323968
0.9029356
0.9706663
0.8410027
0.8364144
0.902813
0.9131288
0.9107333
0.9014967
0.8776598
0.9100527
0.9006375
0.8996112
0.8906585
0.8862479
0.8997144
0.8818136
0.906472
0.8406901
0.8865648
0.8807176
0.8800218
0.8228892
0.8214736
0.8922868
0.8877161
0.9035046
0.9050676
0.9048548
0.8995591
0.8936287
0.9021923
0.8945755
0.9028647
0.90363
0.9053179
0.8991305
0.9095412
0.8990658
0.890088
0.8854704
0.8925551
0.8881933
0.8822048
0.8793677
0.8859755
0.8822195
0.8799381
0.8883765
0.8791456
0.8858158
0.8845265
0.8782182
0.8783194
0.8768266
0.8811623
0.8833818
0.8839493
0.8834948
0.9013122
0.9032351
0.9127869
0.8899571
0.8945554
0.8862346
0.8947217
0.9146433
0.8945586
0.8990692
0.9073854
0.8922228
0.8916774
0.8804628
0.8861583
0.8836919
0.8979981
0.8862229
0.9002197
0.8968443
0.8879715
0.8872139
0.8805888
0.893439
0.8798667
0.8988509
0.9179884
0.8886673
0.8935497
0.8934124
0.8822003
0.8862374
0.8918558
0.888056
0.9060929
0.8991488
0.8927583
0.9220143
0.88832
0.8844926
0.8954918
0.8952216
0.904853
0.9639873
0.8770412
0.8949783
0.9027559
0.912057
0.8899809
0.9032334
0.8814964
0.9031315
0.901188
0.9006979
0.8791449
0.8894821
0.9013869
0.8943413
0.9096429
0.8997642
0.879915
0.8886217
0.8894054
0.890663
0.8846771
0.8899703
0.8923934
0.8996742
0.9074874
0.8992992
0.8832863
0.8960621
0.8884715
0.903684
0.9011383
0.8889556
0.9075373
0.8932434
0.881079
0.8973868
0.8832262
0.8855029
0.8824243
0.883202
0.883493
0.8720302
0.8753859
0.8771397
0.871293
0.8790187
0.8664537
0.8674525
0.8710631
0.8778137
0.8738496
0.8694117
0.8906494
0.8722049
0.8728745
0.8685022
0.8833115
0.9114349
0.9063327
0.8883185
0.8913589
0.8713874
0.8918734
0.9091849
0.8967887
0.9106597
0.9098857
0.9066936
0.9062658
0.8353938
0.8249616
0.9047226
0.893006
0.9031922
0.9122558
0.9140219
0.9081944
0.9018555
0.8680752
0.9145887
0.8990934
0.9187739
0.9073125
0.8947727
0.9003383
0.8766533
0.8915067
0.9006463
0.878245
0.9183502
0.9116172
0.9083106
0.9122257
0.9062052
0.8882012
0.9025951
0.8811673
0.8822208
0.9098709
0.9749782
0.8298078
0.8816379
0.9027347
0.9171257
0.9141677
0.905695
0.8837718
0.9131398
0.9063689
0.9065365
0.9033736
0.8971349
0.9091171
0.8922844
0.9177841
0.8842755
0.8996237
0.8915175
0.8880764
0.8779686
0.8833594
0.8948218
0.8954399
0.9043352
0.9137603
0.9095903
0.91174
0.9091174
0.913258
0.9023796
0.9088684
0.9155844
0.9078798
0.9069259
0.9169554
0.9161558
0.8956924
0.9011826
0.9034089
0.8814902
0.8006513
0.7360739
0.7531599
0.7564748
0.7402762
0.7851756
0.7397052
0.720478
0.7596818
0.7870019
0.7824048
0.746795
0.8255792
0.7420242
0.7484695
0.7482732
0.8838437
0.9066267
0.9027697
0.8410926
0.8290717
0.7528628
0.8835693
0.9064111
0.8933329
0.906213
0.9051811
0.9027072
0.9032316
0.8680999
0.8580971
0.9030435
0.8948551
0.9004582
0.911144
0.909062
0.9058781
0.9066557
0.7288445
0.905453
0.8923821
0.9141816
0.9038668
0.8897217
0.8891982
0.8363253
0.8911897
0.8998892
0.8067858
0.9150909
0.9062869
0.8985772
0.9106066
0.9046786
0.8928301
0.8908395
0.7410457
0.7437019
0.9005055
0.9727912
0.8518505
0.758198
0.9034982
0.9178415
0.9162366
0.905731
0.8845848
0.9180568
0.9049322
0.9040725
0.8903289
0.8931527
0.9019085
0.891447
0.9114907
0.8235049
0.8923165
0.890481
0.8889368
0.7519095
0.8531681
0.8939367
0.8947481
0.9081237
0.9073143
0.9026847
0.9047949
0.9037462
0.9028873
0.8998912
0.9044337
0.9084006
0.9064418
0.8977804
0.9112241
0.9051034
0.8922439
0.8895391
0.8968417
0.8884533
0.8021139
0.7475274
0.7709842
0.7588209
0.7445986
0.806237
0.7629466
0.7434519
0.7626615
0.8116054
0.7947181
0.7584883
0.8356516
0.7551202
0.7630395
0.7590716
0.8907659
0.9161031
0.9126182
0.8452104
0.8256011
0.7633869
0.897743
0.913955
0.8936231
0.9138292
0.9170398
0.9057509
0.905993
0.8759758
0.8697816
0.9051666
0.8996355
0.9046638
0.9172202
0.9115849
0.9082934
0.9068917
0.7417416
0.9139712
0.8974013
0.91643
0.9101657
0.8921646
0.902235
0.8373975
0.8934675
0.902652
0.8093488
0.9167089
0.9096336
0.9083706
0.9149273
0.9114278
0.8945934
0.9041914
0.4846053
0.4839071
0.9098764
0.9693249
0.8644912
0.7686475
0.9087746
0.9196447
0.9199186
0.9085488
0.8878021
0.918917
0.9025416
0.9052348
0.8989953
0.8913479
0.9105274
0.8955723
0.9131946
0.8205138
0.8976921
0.8953401
0.8890879
0.7581317
0.8573953
0.8981406
0.9007434
0.9117448
0.9157345
0.9137551
0.9102712
0.9111303
0.9087274
0.9071828
0.9087653
0.9165133
0.9122562
0.9034802
0.9149909
0.9101454
0.9016177
0.898172
0.9043726
0.9141978
0.9087677
0.9011394
0.9025929
0.9028945
0.8999816
0.9078264
0.8997972
0.902663
0.9039789
0.9014914
0.9004872
0.8994265
0.8978817
0.897583
0.8981334
0.8999815
0.9118063
0.9067899
0.9053081
0.917703
0.9249147
0.903086
0.8997883
0.9069674
0.9307788
0.9011315
0.9017465
0.8959624
0.8967225
0.9064458
0.9084607
0.9075655
0.9168225
0.9088418
0.9166998
0.9184894
0.9166515
0.9116508
0.9006713
0.8993608
0.9139645
0.9070129
0.9143273
0.9216248
0.9087489
0.9171649
0.9174084
0.9054914
0.9114066
0.9038956
0.9082892
0.8951908
0.900534
0.9168816
0.9183119
0.9022175
0.9187534
0.9198983
0.9031237
0.973052
0.8960627
0.9120895
0.9003409
0.9132999
0.9005985
0.904181
0.914559
0.9224295
0.9326756
0.9324676
0.8995185
0.9222075
0.8969521
0.9250027
0.9117498
0.9222575
0.9140294
0.9198659
0.9210101
0.9104564
0.917186
0.9284292
0.9081736
0.8992953
0.906569
0.8933721
0.8984549
0.8936106
0.8920249
0.8958661
0.8936178
0.8873396
0.908775
0.8919858
0.8923748
0.8986165
0.9048388
0.9053218
0.9049418
0.8746892
0.8651441
0.8528626
0.8569241
0.8520513
0.8518505
0.8653924
0.846555
0.844035
0.8507339
0.8538904
0.8514553
0.8482887
0.8686021
0.846518
0.8466311
0.8520152
0.8754808
0.9000289
0.9032176
0.8755447
0.874595
0.8533123
0.8820883
0.9028311
0.885521
0.8948309
0.9050464
0.8960712
0.89597
0.7790847
0.7790238
0.8897546
0.8871906
0.885365
0.9054517
0.9029456
0.8920473
0.8906483
0.8495999
0.8958629
0.8778857
0.9058065
0.9003246
0.8840186
0.8838917
0.8633439
0.873937
0.8880131
0.8685032
0.9021618
0.9046606
0.8898835
0.8966464
0.9056814
0.8801936
0.8836801
0.8695923
0.8702469
0.8968013
0.9699578
0.7946777
0.8711005
0.9020403
0.9120944
0.9001046
0.8992256
0.8740719
0.9063551
0.8940838
0.8936102
0.8744398
0.8867665
0.8957931
0.8839827
0.9053721
0.8768432
0.8779329
0.8823637
0.8802362
0.866519
0.8654116
0.8829884
0.8904441
0.8968767
0.9025514
0.9017529
0.8932374
0.8960542
0.897608
0.8991204
0.8974567
0.8986549
0.903827
0.8951224
0.8956094
0.9013637
0.8777753
0.8817503
0.8851309
0.8745814
0.9044827
0.8949658
0.8976384
0.9009233
0.8946009
0.9016579
0.897503
0.8972257
0.896459
0.901589
0.8976567
0.8958641
0.9086149
0.8982747
0.9013259
0.8970039
0.9021354
0.9206645
0.9204783
0.9052846
0.9037034
0.8980315
0.9040883
0.9247402
0.8863278
0.9255847
0.9208064
0.9184505
0.9187869
0.8884996
0.8904834
0.906041
0.8937656
0.911302
0.9212178
0.918042
0.912068
0.9079214
0.8997315
0.9237193
0.8958757
0.9277825
0.9153792
0.8849608
0.9038893
0.8894343
0.8912117
0.9086023
0.8983862
0.9222843
0.9164427
0.918147
0.9251475
0.9143362
0.8675616
0.9044416
0.9026205
0.9027101
0.9226968
0.9728954
0.8904687
0.8982858
0.9130365
0.9189797
0.9264463
0.9129078
0.8708416
0.9177121
0.8954793
0.8960525
0.9093109
0.8843577
0.9205155
0.8786322
0.9247861
0.8999047
0.8959307
0.8625235
0.8740593
0.8977928
0.8960567
0.8824545
0.9013391
0.9227422
0.9211364
0.9227243
0.9166517
0.9200971
0.9201873
0.9181249
0.9244118
0.924399
0.9175868
0.9186553
0.9298328
0.9243274
0.9059635
0.9011659
0.9078102
0.8671735
0.887116
0.8783049
0.8812242
0.8812727
0.8816183
0.8847838
0.8823078
0.8792138
0.8827073
0.8831501
0.885417
0.8770993
0.8895448
0.8855224
0.8861226
0.8809358
0.8873458
0.9105952
0.9043374
0.8885427
0.8937917
0.8826579
0.8915728
0.9109871
0.8797475
0.9134433
0.9095916
0.9065609
0.9061735
0.8803397
0.8759943
0.8979592
0.88607
0.9030674
0.9091812
0.9063856
0.9015732
0.9006263
0.8805057
0.9124579
0.8869166
0.9125628
0.9023129
0.8748313
0.8943815
0.8793191
0.8812543
0.8976432
0.8857009
0.9131691
0.9080023
0.9082925
0.9079685
0.9103647
0.8616804
0.8953392
0.8946033
0.8946898
0.911442
0.9730029
0.8756071
0.8871341
0.9054063
0.912757
0.9154427
0.9048824
0.8620881
0.9108179
0.8904489
0.8922984
0.8960531
0.8793549
0.9054035
0.8747397
0.9165639
0.8905394
0.8868471
0.8498127
0.8645618
0.8891536
0.8887927
0.8767866
0.8964382
0.9094578
0.9117805
0.9107641
0.9057812
0.9048053
0.9103277
0.9026134
0.9120608
0.9134938
0.9105594
0.9052402
0.9132809
0.9074719
0.8916217
0.8909163
0.8943659
0.8639519
0.8894845
0.8767581
0.8826226
0.879904
0.8710105
0.8858401
0.8754268
0.8769732
0.8766174
0.8856415
0.8795852
0.8751336
0.8913923
0.8783754
0.8798096
0.8745212
0.8869901
0.912855
0.91004
0.8896591
0.8916554
0.8832811
0.8878259
0.9118116
0.8723288
0.9110411
0.9130621
0.9060294
0.905879
0.8785105
0.8736244
0.8962023
0.8866796
0.9003372
0.9095835
0.9095801
0.9003347
0.8966089
0.8777696
0.9084087
0.8806593
0.9154899
0.9084457
0.8773893
0.8907381
0.8774604
0.8843857
0.8974377
0.8814761
0.9125448
0.9067675
0.9065665
0.9112067
0.9080074
0.8459916
0.8928997
0.8910373
0.8915192
0.9078027
0.9705892
0.8750046
0.8853704
0.902466
0.9127304
0.9109712
0.9024585
0.8654882
0.9097591
0.8921635
0.8925737
0.8932433
0.8774128
0.9038475
0.8738591
0.9134334
0.8887138
0.8808296
0.8395849
0.8608647
0.8858238
0.8845375
0.8707781
0.8920752
0.9076657
0.9149058
0.911661
0.9026348
0.9064589
0.9085888
0.9046637
0.9149082
0.9107273
0.911187
0.9050233
0.9137721
0.9089923
0.8900561
0.8922794
0.8964337
0.8663414
0.8951725
0.8812661
0.8887412
0.8882083
0.8836789
0.8902095
0.884322
0.884657
0.8889289
0.8859196
0.8894817
0.8819553
0.8956987
0.887621
0.8880113
0.8851153
0.8999539
0.9186401
0.9148172
0.8876927
0.8915287
0.8892806
0.8943185
0.9170665
0.857876
0.9153982
0.9166843
0.9124054
0.9123274
0.8841161
0.883548
0.9031868
0.8920159
0.905059
0.9146316
0.9135245
0.9060057
0.89995
0.8856151
0.9138481
0.8757917
0.9192151
0.9146135
0.6569
0.900957
0.8824418
0.8833088
0.9054943
0.8924012
0.9188829
0.9159788
0.9143062
0.9160611
0.9188668
0.8720871
0.9060241
0.891309
0.891472
0.9166169
0.9700621
0.8850428
0.8934677
0.9117855
0.9228137
0.9174081
0.9073275
0.8440497
0.9147702
0.8788895
0.8884753
0.905052
0.6543761
0.913575
0.8587272
0.9196251
0.8889244
0.8760408
0.8697333
0.8580778
0.8881727
0.8864605
0.8514505
0.9001344
0.9167199
0.9182937
0.9193705
0.9117626
0.9142837
0.9185009
0.9096855
0.92
0.9171259
0.9155444
0.9130684
0.9184557
0.9194042
0.9013949
0.9026486
0.9077527
0.8805728
0.8860081
0.8856474
0.8850638
0.8808734
0.8824863
0.8872608
0.8815814
0.8860413
0.8840659
0.8821805
0.8789139
0.8785477
0.8854853
0.8839884
0.8832857
0.8851223
0.9065071
0.9113246
0.9214684
0.8852052
0.8876578
0.8877153
0.9013226
0.9179522
0.8725397
0.9128157
0.9146363
0.9090254
0.9091858
0.8751889
0.8803513
0.885804
0.896029
0.8959049
0.9089745
0.9004514
0.8976466
0.8965754
0.8808003
0.9017291
0.8788951
0.9106763
0.9195508
0.8665832
0.8946569
0.8918042
0.8832552
0.8954185
0.888973
0.8994546
0.9090452
0.9123519
0.9033648
0.9232806
0.8652424
0.8976895
0.8911044
0.8915481
0.915846
0.9670356
0.8810087
0.889768
0.9105359
0.9196235
0.8967785
0.9068304
0.8584523
0.9069167
0.8900758
0.8912601
0.895129
0.8702927
0.9134626
0.8799825
0.9188198
0.8924338
0.8786971
0.863911
0.8702975
0.8884546
0.8800321
0.8724712
0.8931424
0.9071964
0.9088679
0.9057966
0.8995464
0.9044228
0.895173
0.9076723
0.907838
0.9012013
0.9165231
0.9077281
0.8963795
0.9121213
0.8933386
0.8928727
0.8930786
0.8902049
0.8977352
0.8921593
0.8911826
0.8897173
0.8916117
0.8962412
0.8902086
0.8896269
0.8908231
0.8922735
0.8944194
0.8947591
0.8968732
0.8963902
0.8954782
0.8898143
0.9008529
0.9062718
0.9028062
0.9014629
0.9069687
0.8991729
0.8036092
0.9035069
0.9020131
0.9023978
0.9039364
0.8941724
0.8960731
0.8895374
0.891632
0.8969409
0.901886
0.8990433
0.9102808
0.9079398
0.9017009
0.9028555
0.8899037
0.897804
0.8972882
0.9018466
0.9023443
0.9009928
0.8619541
0.901813
0.8901612
0.8875543
0.9008084
0.8995567
0.9009386
0.8909594
0.8957213
0.9125702
0.90049
0.8533299
0.9067484
0.9063858
0.8978107
0.970349
0.8808728
0.9045655
0.89309
0.8981081
0.8972099
0.8936729
0.8869617
0.9125732
0.9115906
0.9085433
0.8586968
0.8995715
0.8966822
0.9049813
0.9060484
0.9068848
0.89792
0.8954193
0.8952264
0.9005813
0.897772
0.9013381
0.8486315
0.8964452
0.9052109
0.8980985
0.8928623
0.8952868
0.8936409
0.9009277
0.9035341
0.9001869
0.9046582
0.8956456
0.8947176
0.8992027
0.8524554
0.8550672
0.8557321
0.885681
0.8272566
0.7948828
0.8137677
0.8047077
0.7947866
0.829719
0.7981426
0.7935042
0.8140466
0.8219561
0.8165897
0.8027455
0.8559253
0.8009127
0.7934591
0.805063
0.895178
0.9155237
0.9140452
0.8181268
0.798683
0.813667
0.8982354
0.9085314
0.8960412
0.9128951
0.9129311
0.906288
0.9056293
0.8749635
0.871569
0.9023433
0.9046243
0.9010198
0.9135287
0.9068512
0.9052489
0.9052467
0.8057303
0.9093925
0.8951458
0.9144575
0.9104652
0.8851882
0.8970378
0.8416041
0.8893666
0.8997471
0.7666733
0.9152899
0.9096242
0.904333
0.9084629
0.9147976
0.892988
0.8988134
0.819605
0.8203699
0.9113714
0.9709283
0.868539
0.8253391
0.9084491
0.9208897
0.915792
0.9032258
0.8804911
0.9120829
0.9040404
0.9024972
0.8972386
0.8902972
0.9127252
0.8943747
0.9164216
0.789151
0.8953186
0.8918396
0.8867538
0.8196328
0.8510094
0.895621
0.8964303
0.9149133
0.9109303
0.9128349
0.9056686
0.9101022
0.9082806
0.9079561
0.9119451
0.9118703
0.9127425
0.9020368
0.9118791
0.9099795
0.8974772
0.8983142
0.9009205
0.8878678
0.8263466
0.7985395
0.8116946
0.8063945
0.7948197
0.8254881
0.800934
0.7965506
0.8113746
0.8219791
0.8171609
0.794741
0.8501005
0.7973327
0.7943435
0.8056495
0.8950578
0.9152094
0.9135336
0.8186423
0.7961656
0.811635
0.8976077
0.9102591
0.8959213
0.9141224
0.9121918
0.9052635
0.9055065
0.8736107
0.8695923
0.9035119
0.9018333
0.8997609
0.9124526
0.9086169
0.9025853
0.9053583
0.8011532
0.9090358
0.8926977
0.9138312
0.9101112
0.8823022
0.8980204
0.8463998
0.884733
0.9010348
0.7703745
0.9118919
0.9097338
0.9036938
0.9074507
0.9136404
0.8915936
0.8984559
0.8180162
0.8175257
0.9106707
0.9694233
0.8680427
0.8266495
0.9054098
0.9170875
0.914082
0.9014393
0.8841699
0.9123033
0.9054268
0.9018769
0.8935372
0.8881876
0.907829
0.8902997
0.9149317
0.7895145
0.8926326
0.891044
0.8862346
0.8184868
0.8502131
0.897185
0.8981902
0.9132418
0.9102624
0.909927
0.9038315
0.9038225
0.9051284
0.9083805
0.9081958
0.9104407
0.9108699
0.9006385
0.9043979
0.9085219
0.8956176
0.8960249
0.8977322
0.894389
0.8485944
0.8295932
0.8376072
0.8296761
0.8248446
0.8488415
0.8251204
0.8290592
0.8345995
0.8456691
0.8411425
0.8278468
0.8726896
0.82678
0.831079
0.8369029
0.904859
0.9233875
0.9222457
0.8297199
0.8028395
0.83485
0.9062063
0.9210307
0.9038637
0.921085
0.9208613
0.9183688
0.9185891
0.8862917
0.8819907
0.910774
0.9051957
0.9127933
0.9218301
0.9169855
0.9148548
0.9139657
0.8309082
0.9173885
0.902275
0.9232011
0.9197096
0.8940156
0.9056411
0.8583663
0.8946846
0.9118708
0.7900828
0.9205535
0.9186536
0.9200993
0.9203429
0.9197766
0.9000426
0.9061507
0.8369303
0.8378087
0.9205219
0.9707515
0.8879957
0.8475898
0.9158331
0.9261404
0.9232116
0.9109083
0.8947911
0.9208415
0.9099738
0.9068515
0.9096726
0.8980624
0.9209133
0.9017854
0.9263732
0.8053684
0.901752
0.900799
0.8935279
0.8350408
0.8644043
0.9032971
0.9075189
0.9176878
0.9186428
0.9217989
0.9138215
0.9156575
0.917847
0.9155154
0.9191145
0.9223187
0.9226211
0.9136745
0.9174016
0.9208972
0.9067716
0.9083486
0.9088732
0.902439
0.855935
0.8434828
0.853234
0.8459489
0.8450353
0.8637091
0.8420502
0.8453386
0.8547125
0.8569585
0.8534345
0.8432788
0.8700392
0.8455457
0.8465175
0.8511341
0.910675
0.9223892
0.9235845
0.8469545
0.8318087
0.8516079
0.9114927
0.9233647
0.9029082
0.9223474
0.9224577
0.9173618
0.9174692
0.885243
0.8889802
0.9058462
0.9069573
0.9082724
0.9161858
0.9139156
0.9116747
0.911436
0.8491828
0.9149693
0.9028608
0.9206043
0.9232186
0.8982812
0.9057588
0.871188
0.8931357
0.905432
0.8295382
0.9141972
0.9172334
0.9168205
0.9162883
0.9276817
0.9014159
0.9083072
0.8519861
0.8521774
0.9199373
0.9680232
0.8867774
0.859512
0.918436
0.924196
0.9125505
0.9106892
0.8913462
0.9185902
0.909627
0.9108569
0.9049138
0.899591
0.9202873
0.9012137
0.9219247
0.8372678
0.9030341
0.9011575
0.8995558
0.8461823
0.8643057
0.9039552
0.90618
0.9170988
0.9144623
0.9162449
0.9127988
0.917569
0.9147997
0.9175698
0.918634
0.918593
0.9218191
0.9171339
0.9127761
0.9210666
0.9055765
0.9071559
0.9038971
0.850198
0.8923479
0.8817389
0.8864755
0.8838892
0.8766547
0.8876894
0.8824129
0.8818175
0.888555
0.8859706
0.8870921
0.8827183
0.8945363
0.8828937
0.8812149
0.882108
0.8933797
0.9183818
0.9113751
0.8860016
0.8882012
0.8821923
0.8920843
0.9175617
0.8567896
0.9168534
0.9132165
0.9104291
0.9098848
0.8826936
0.8803335
0.8987678
0.8805641
0.8991359
0.908663
0.9078873
0.9043323
0.9011872
0.8780345
0.9161476
0.8786811
0.9183041
0.9032593
0.8511065
0.8975445
0.8776014
0.8778254
0.9024964
0.8869559
0.9197942
0.9122276
0.91084
0.918194
0.9093756
0.8607957
0.9010206
0.894945
0.894795
0.9148107
0.9708112
0.8766896
0.8881449
0.9040504
0.9095425
0.9185547
0.9008295
0.8373858
0.9114079
0.8785328
0.8825237
0.9020665
0.851029
0.9134372
0.855232
0.9147333
0.8916462
0.8790542
0.8641024
0.8470874
0.8884768
0.8849069
0.8524857
0.8943284
0.9118638
0.9149802
0.9143379
0.9105437
0.9167625
0.9165488
0.9096401
0.9181107
0.9168509
0.9114195
0.9077714
0.9239008
0.9128463
0.8969161
0.8972436
0.9014392
0.8861818
0.803098
0.7472527
0.7721801
0.7604862
0.7460588
0.8033987
0.7594881
0.7438935
0.7630355
0.8111133
0.798735
0.7578134
0.8342514
0.7580639
0.761424
0.7606996
0.8885304
0.9146746
0.9117111
0.8438471
0.8271535
0.7590342
0.8973814
0.912794
0.892472
0.9142776
0.9156108
0.9064825
0.9073869
0.8742056
0.8671677
0.9038687
0.8999363
0.9019615
0.9170919
0.9105385
0.9076212
0.9036475
0.7423401
0.9122196
0.8963321
0.9171839
0.9119621
0.8900989
0.9048346
0.8357022
0.8923126
0.90151
0.8120441
0.9161843
0.9100078
0.9069801
0.9141106
0.9113374
0.8938307
0.9023461
0.4873064
0.4872741
0.9094386
0.9698155
0.8628837
0.7688676
0.9081652
0.919593
0.918289
0.9081414
0.8863129
0.9188271
0.9025304
0.9041503
0.8986688
0.887003
0.9086113
0.8942643
0.9131045
0.8213693
0.8966229
0.895843
0.8883234
0.7538678
0.8566377
0.8971933
0.8991743
0.9097863
0.9138305
0.9128289
0.9109666
0.9107644
0.9095069
0.9083841
0.9109186
0.915324
0.9123187
0.9033495
0.913427
0.9105624
0.9007059
0.8984369
0.9028401
0.8926688
0.9125687
0.8951865
0.8958929
0.8987155
0.8933319
0.9019088
0.8951897
0.8927416
0.8969352
0.9045698
0.9008178
0.8945661
0.9084338
0.8938781
0.8904705
0.8872641
0.8895701
0.9101309
0.8978051
0.91815
0.9185843
0.8952066
0.8818777
0.9011821
0.9172569
0.9049552
0.9039566
0.8957403
0.8964862
0.9045716
0.907538
0.9170139
0.9069229
0.9145668
0.9218651
0.9227303
0.9184393
0.9171893
0.8894329
0.9179653
0.9153359
0.9195167
0.8462093
0.9162489
0.9053471
0.9034162
0.9113267
0.9041106
0.9064825
0.9317968
0.9169318
0.8935517
0.9170491
0.8459728
0.9138933
0.9045666
0.9113422
0.9113212
0.9001483
0.9757296
0.8872045
0.9037429
0.9001379
0.9158917
0.9284789
0.9005573
0.9067645
0.924664
0.9240675
0.9217197
0.9056304
0.9170821
0.896631
0.9089323
0.9088281
0.9112414
0.9156691
0.9036136
0.9059832
0.908647
0.9202015
0.9163875
0.9052327
0.9101274
0.9087981
0.9142776
0.9141084
0.9115956
0.9172177
0.8990409
0.9162694
0.9174034
0.9040759
0.9048159
0.9264824
0.9151732
0.9042546
0.9080258
0.9118373
0.9013432
0.9163028
0.9032822
0.9031983
0.9072813
0.9023539
0.91026
0.8990773
0.8999393
0.9022382
0.909719
0.9037885
0.9020646
0.9086472
0.9010301
0.8991588
0.8970805
0.8971254
0.9100932
0.9070928
0.9235065
0.9218934
0.9010562
0.8924053
0.9071259
0.9217237
0.9092369
0.9065674
0.8971858
0.8954501
0.9067372
0.9082643
0.9201306
0.9168701
0.9136368
0.9215837
0.9209747
0.9195257
0.91928
0.8981903
0.9140694
0.9179297
0.9169153
0.8558622
0.9182955
0.9132398
0.9108504
0.9153539
0.9102908
0.9084841
0.9285638
0.9137461
0.8983372
0.9176185
0.8566118
0.9167927
0.9054102
0.913382
0.9125267
0.9076475
0.973247
0.8928429
0.9067946
0.9001007
0.9158661
0.9277742
0.9098215
0.913149
0.9258748
0.9269651
0.9274716
0.9079055
0.9223169
0.9074312
0.9151706
0.9125268
0.9132026
0.9181078
0.9103762
0.9133226
0.9108524
0.9252184
0.9206834
0.9075639
0.9120357
0.9136334
0.9155599
0.9161746
0.9117361
0.9178394
0.9059399
0.9131109
0.9192316
0.9076501
0.9088255
0.9247733
0.9138722
0.9051022
0.9098271
0.9127026
0.8900986
0.9131892
0.8985026
0.897565
0.9063456
0.8958626
0.9049701
0.9010748
0.8957567
0.8975311
0.9091883
0.9066676
0.8985722
0.9079927
0.9002703
0.8993765
0.8931228
0.8892421
0.9099543
0.8956658
0.9203913
0.9221398
0.8976429
0.8853779
0.9060681
0.910708
0.912414
0.9013556
0.8965894
0.8970492
0.9049291
0.9063203
0.9195288
0.9093127
0.9188224
0.9239819
0.9221248
0.9202578
0.9174439
0.8964508
0.9199886
0.9148711
0.9223761
0.852172
0.9146749
0.9088219
0.9043621
0.9141819
0.9125887
0.9104936
0.932943
0.9176504
0.8986739
0.9197132
0.8492578
0.9123106
0.9072718
0.9121591
0.911717
0.9046304
0.975362
0.8973697
0.9032431
0.8979257
0.915361
0.9325448
0.9039493
0.906564
0.9251025
0.9243609
0.9192847
0.9127438
0.9174877
0.9024937
0.9046077
0.9132911
0.9123626
0.9151646
0.9044049
0.9034466
0.9095228
0.9192263
0.9095245
0.9060503
0.9119879
0.9128952
0.9158809
0.9151724
0.9148698
0.9197954
0.9086542
0.9200924
0.919627
0.9082679
0.9095855
0.9320343
0.9194127
0.9059068
0.9095701
0.9152446
0.8972121
0.9112008
0.8980419
0.8961643
0.8962442
0.8963281
0.9054445
0.8960643
0.8915758
0.8976691
0.9014965
0.8974838
0.8942568
0.9043762
0.8969146
0.8956275
0.8937696
0.8968381
0.9044139
0.8996129
0.9145977
0.9202494
0.8989628
0.8866748
0.9073897
0.9181555
0.9043793
0.9031185
0.8882938
0.8888889
0.9013033
0.9043018
0.9143715
0.909257
0.9119819
0.9213573
0.9212747
0.9121327
0.9136614
0.8930192
0.910035
0.9101211
0.9142501
0.8473363
0.9126078
0.9083047
0.9105768
0.9100443
0.905066
0.9109272
0.9262583
0.9121991
0.8920334
0.9111842
0.8525251
0.9127732
0.9061412
0.9095307
0.9091643
0.8997817
0.9742615
0.8891195
0.9033811
0.8978335
0.9149351
0.9219942
0.9040742
0.9064868
0.9208137
0.9243607
0.9203619
0.9078985
0.9141535
0.9002698
0.9140264
0.9093763
0.9136904
0.9100673
0.9059324
0.9094911
0.9058811
0.9200125
0.9156719
0.9058222
0.9071495
0.9126217
0.9098387
0.9096115
0.9044773
0.9140342
0.8993196
0.907627
0.9083658
0.9006475
0.9020099
0.9227805
0.9106661
0.8992204
0.9059504
0.9107351
0.8900466
0.9101619
0.8995363
0.8965431
0.9005562
0.8948808
0.9078985
0.8967217
0.892861
0.8955933
0.9042085
0.9037111
0.8989732
0.9055199
0.8988449
0.8985075
0.8927421
0.8966652
0.9032489
0.8947522
0.9189837
0.9221906
0.8997059
0.8853799
0.9030818
0.921082
0.9046677
0.9031656
0.8946335
0.8932078
0.9073737
0.9077016
0.9136109
0.9099782
0.9119827
0.9210517
0.9177871
0.9165279
0.9123175
0.8942693
0.9104579
0.913492
0.9142592
0.8485623
0.912993
0.906152
0.9051654
0.9127647
0.9085392
0.906962
0.9266597
0.9125882
0.8877905
0.9139195
0.8516533
0.9120057
0.9042055
0.911743
0.9107658
0.8986695
0.9754345
0.8921933
0.9037792
0.8949335
0.9152443
0.9276864
0.8995127
0.9104943
0.9197563
0.9256773
0.9227444
0.9089772
0.913512
0.8980788
0.906999
0.9087496
0.9122518
0.9132871
0.9042754
0.9060805
0.9082608
0.9190211
0.9184515
0.9061106
0.905595
0.9117679
0.9111377
0.910515
0.9097225
0.9153047
0.9045261
0.9116132
0.9127253
0.9043035
0.9077012
0.9245874
0.912428
0.9026799
0.9056563
0.9114661
0.895129
0.9133944
0.9027982
0.9001578
0.904728
0.8979526
0.9099848
0.8992371
0.8997485
0.9011956
0.9104871
0.9056665
0.9025988
0.9108025
0.902111
0.8970944
0.8954721
0.8922296
0.9153499
0.8962949
0.9191223
0.9209472
0.9038648
0.8852068
0.9077625
0.9199049
0.9123115
0.9077133
0.8957294
0.8958295
0.9092433
0.9069229
0.9217879
0.9084029
0.9167286
0.9256063
0.9285167
0.9258555
0.9199816
0.9006046
0.9236741
0.9196056
0.9218094
0.8468968
0.9181892
0.9116309
0.9089203
0.9126227
0.910363
0.9075404
0.9331754
0.9145759
0.8988982
0.9212465
0.8480097
0.9155623
0.9118358
0.9132054
0.9129181
0.9037061
0.9760621
0.8991142
0.9070387
0.8986679
0.9174967
0.9327637
0.9053164
0.9096107
0.9264884
0.9226763
0.9206459
0.9131071
0.9162794
0.9048477
0.9100142
0.9163317
0.9151558
0.9194058
0.9028974
0.9043636
0.9101951
0.9222615
0.9153233
0.908199
0.911024
0.9102513
0.9137925
0.9138063
0.9115038
0.9244459
0.9037639
0.9187764
0.9169666
0.9051501
0.9103915
0.9302528
0.9129886
0.9078774
0.9107105
0.9167552
0.8942937
0.910419
0.8973732
0.8954246
0.9017245
0.8938166
0.905109
0.8976544
0.8937087
0.8960703
0.9031615
0.8964018
0.8999344
0.9026331
0.898921
0.8958843
0.8931452
0.8981505
0.8655131
0.8671085
0.9146492
0.9178019
0.9002324
0.8824282
0.8406927
0.9217769
0.84147
0.8643653
0.8897891
0.8912506
0.9038392
0.9025969
0.9112151
0.9120182
0.9079502
0.9171056
0.9134269
0.9132407
0.9087167
0.8912852
0.8577893
0.9138294
0.8841443
0.8933655
0.9170244
0.8996077
0.9048098
0.9130931
0.9068126
0.9113067
0.9153418
0.9081522
0.8472206
0.8504556
0.8974696
0.9158313
0.8932553
0.9130234
0.9123462
0.8346502
0.9725674
0.8875417
0.9081984
0.8955061
0.9096819
0.9128727
0.9008906
0.9088395
0.9179558
0.9178554
0.9228506
0.8970464
0.9150876
0.8376058
0.914185
0.8469879
0.9145345
0.9140096
0.9090224
0.909029
0.9100573
0.9146163
0.9193069
0.9015915
0.9023899
0.9120102
0.9008574
0.8965234
0.8998594
0.9010403
0.8944334
0.903436
0.9022946
0.9064859
0.8929847
0.9084845
0.9050891
0.894189
0.8994626
0.8994765
0.8964682
0.9084595
0.8963905
0.8916134
0.8993272
0.8955333
0.9001984
0.8959892
0.8921529
0.8956509
0.9038245
0.8986395
0.8980703
0.9021035
0.8974986
0.8955044
0.8906043
0.8981351
0.8620183
0.8651408
0.9145272
0.9177584
0.8971724
0.8787534
0.8362387
0.9229521
0.834543
0.8640319
0.8920247
0.8934783
0.90331
0.9039323
0.909596
0.9100678
0.9063618
0.9188324
0.9135745
0.912763
0.9081149
0.8908997
0.8556182
0.9110642
0.8797397
0.8934285
0.914939
0.8989528
0.9015608
0.9099728
0.9013396
0.9083402
0.9144936
0.9084584
0.8482924
0.8510251
0.8993809
0.9157472
0.8909657
0.9121653
0.9111372
0.8332046
0.9716452
0.8870249
0.9065025
0.8941341
0.9103966
0.912487
0.9025442
0.9077305
0.916534
0.9192696
0.9188704
0.8939116
0.9145394
0.8307716
0.9136357
0.8463757
0.9145275
0.9109712
0.9068529
0.9089019
0.910126
0.9123621
0.919417
0.8993574
0.9043453
0.911053
0.9000108
0.8961359
0.8993557
0.9009849
0.8962933
0.9015919
0.9022809
0.9042
0.8930073
0.9077368
0.9028586
0.8953017
0.8974854
0.9000618
0.8838156
0.8236805
0.7803779
0.7983164
0.7922966
0.7840579
0.8151574
0.7878776
0.7771232
0.8039155
0.8241834
0.8165458
0.7948266
0.8511388
0.7914724
0.7941946
0.7934557
0.8909273
0.9126022
0.9096912
0.8197703
0.7727362
0.8021855
0.8940538
0.9101503
0.8956947
0.9148477
0.9116161
0.9057924
0.9057216
0.8687342
0.8633711
0.8993939
0.90012
0.9006187
0.9144675
0.9102357
0.9075538
0.908438
0.7927783
0.9110985
0.8922019
0.915713
0.909964
0.8862637
0.8984542
0.8413136
0.8898686
0.9011842
0.7545233
0.9172285
0.9100893
0.906205
0.9120794
0.9121824
0.8918919
0.8990845
0.811106
0.8110146
0.9099834
0.9697869
0.8678395
0.8201889
0.9116723
0.9157099
0.9147424
0.9044399
0.8830055
0.9115845
0.8990981
0.9014839
0.894665
0.8871828
0.9051543
0.8878642
0.9150765
0.7737778
0.8921761
0.8893186
0.8876646
0.8115011
0.8484826
0.8947667
0.9017284
0.9132011
0.9099583
0.9060667
0.9075822
0.9055461
0.9075734
0.9075723
0.9110775
0.9148461
0.9132646
0.9049901
0.9151263
0.9068472
0.8967696
0.8985084
0.8969874
0.8915243
0.8651199
0.8549195
0.8619069
0.8592195
0.8511368
0.865201
0.8508742
0.8510109
0.8618369
0.8568476
0.8605672
0.8425873
0.8657693
0.8454725
0.8475129
0.8596274
0.8960505
0.9111398
0.9154828
0.8684211
0.8772626
0.8571697
0.8927889
0.9070443
0.9051743
0.8962657
0.9073847
0.891147
0.891132
0.8711185
0.8778738
0.8932368
0.9013238
0.8942629
0.9047585
0.9035009
0.898094
0.8997755
0.8537809
0.8932576
0.8908202
0.9064552
0.9157722
0.8915454
0.8952561
0.8645775
0.8880418
0.8891477
0.8670281
0.8922524
0.9023295
0.8955857
0.892418
0.9193858
0.8937616
0.8938915
0.8709086
0.8724333
0.906904
0.9715734
0.8679451
0.8680905
0.9054156
0.9130299
0.8931714
0.90606
0.8899509
0.9100078
0.901866
0.9028916
0.8878285
0.8924813
0.8980314
0.9024783
0.910144
0.8734473
0.8911146
0.8963188
0.8958393
0.860678
0.859307
0.9000107
0.8917356
0.9020931
0.9004741
0.8924355
0.8897432
0.8911673
0.8822975
0.899235
0.8883082
0.8893595
0.9037172
0.8919129
0.8902781
0.8935337
0.8890105
0.8897996
0.8929909
0.865953
0.9052606
0.8986218
0.9012592
0.8992149
0.8960026
0.904187
0.8972009
0.8984213
0.8983275
0.900382
0.9025478
0.8965542
0.9099636
0.898169
0.8995674
0.8989935
0.9020268
0.9260009
0.9242397
0.8999331
0.902167
0.9004423
0.903128
0.9237474
0.8560868
0.9265836
0.9226101
0.9203124
0.9221283
0.8910446
0.8875882
0.9089524
0.8938229
0.9106455
0.9149674
0.914582
0.9086648
0.9090845
0.8995065
0.9251019
0.881192
0.9292281
0.9180022
0.8554168
0.9073903
0.8879054
0.8822406
0.9088341
0.8938138
0.931802
0.9226366
0.9231726
0.9292364
0.9181837
0.8678199
0.9087916
0.8987096
0.8992645
0.9242625
0.9736807
0.8901686
0.8973584
0.9153644
0.9236613
0.9291723
0.9133316
0.8365189
0.9171008
0.8813651
0.8838254
0.9148274
0.8581741
0.9246364
0.8518614
0.9255146
0.8978958
0.8812807
0.8683642
0.8572534
0.8962362
0.8962291
0.8519229
0.8999079
0.9245503
0.9229494
0.9260246
0.9267163
0.9299671
0.9291117
0.9196495
0.9319357
0.9313893
0.9246483
0.9181036
0.928494
0.9268966
0.9077506
0.9074782
0.9069594
0.9010813
0.8542116
0.8283137
0.8456724
0.83452
0.8230423
0.8534505
0.8298705
0.8311737
0.8352368
0.8579566
0.8490951
0.8360003
0.8814387
0.8374297
0.8379855
0.8370079
0.9060149
0.9276018
0.9239602
0.8466294
0.8035796
0.8374449
0.9160305
0.9233269
0.9034141
0.924939
0.9260812
0.9227463
0.9231843
0.8941733
0.8881476
0.9181555
0.9109028
0.9197917
0.9282823
0.9214313
0.9181929
0.9202087
0.835028
0.9277674
0.9099397
0.9297258
0.9221347
0.9006557
0.9120341
0.859552
0.8992788
0.9121546
0.8020161
0.9273573
0.9224102
0.9250211
0.92633
0.9204782
0.9016208
0.9190044
0.8313688
0.8318581
0.9253633
0.9703534
0.8923425
0.8484581
0.9229483
0.928765
0.9288288
0.9179839
0.8997461
0.9211591
0.9095056
0.9085882
0.9188755
0.9013065
0.9241675
0.8959935
0.9266692
0.806503
0.9097343
0.9029843
0.8972045
0.839862
0.8687938
0.9031559
0.9115767
0.9230258
0.9228698
0.9283809
0.9229134
0.9264411
0.9261281
0.9227803
0.9255154
0.9273345
0.9251079
0.9232855
0.9276712
0.9269694
0.9133792
0.9156799
0.9176008
0.886437
0.8233114
0.7960953
0.8102925
0.8049034
0.7957618
0.8288339
0.7945104
0.7920347
0.8053214
0.823184
0.8182515
0.7962528
0.8535709
0.802425
0.8031432
0.807387
0.893253
0.9141811
0.9141587
0.8156482
0.7969531
0.8108254
0.9005644
0.913526
0.8963954
0.9107708
0.9120475
0.9067733
0.9055304
0.8689185
0.8682488
0.9023696
0.8973951
0.9030002
0.9132612
0.904861
0.9055015
0.9032407
0.7992758
0.9031173
0.8923543
0.9112464
0.9107792
0.8845782
0.8995905
0.8458284
0.8868391
0.8993887
0.7571394
0.9068294
0.9071908
0.9039593
0.900509
0.9134172
0.8892964
0.9004949
0.8195364
0.8196746
0.9082929
0.9701771
0.8611607
0.8303413
0.9083891
0.9178972
0.9100044
0.9028494
0.8804509
0.9142023
0.9020508
0.9022538
0.8978312
0.8872135
0.9083144
0.8899996
0.9137575
0.7583949
0.8929603
0.8901858
0.8859407
0.8134765
0.84968
0.8980061
0.9014582
0.9069901
0.9062243
0.9082968
0.9079828
0.9063784
0.9063079
0.9056583
0.9077801
0.9066919
0.909892
0.9002354
0.9068015
0.9055931
0.9020619
0.894174
0.8976153
0.879633
0.8044175
0.7647461
0.7797893
0.7814891
0.7644791
0.8013863
0.7677282
0.7611279
0.7792868
0.8029624
0.7905986
0.7676365
0.8363561
0.7653406
0.7652975
0.7719059
0.885201
0.9065184
0.9051945
0.8085098
0.7598135
0.7873121
0.8874023
0.9039276
0.8902247
0.9020088
0.9061294
0.8988723
0.8990869
0.8634531
0.8611049
0.8916489
0.8982123
0.8920721
0.9087247
0.9044647
0.8973842
0.8986969
0.7687091
0.9024294
0.8866206
0.9047653
0.9065327
0.8833832
0.8912244
0.8322705
0.8855372
0.892988
0.7321012
0.907591
0.9071554
0.8951698
0.8966111
0.9122962
0.8912534
0.887771
0.7978715
0.7987928
0.9002042
0.9711635
0.8514762
0.8058612
0.9032949
0.9125236
0.9061143
0.9011906
0.8741466
0.910397
0.898042
0.9002995
0.8887396
0.8863554
0.8996647
0.8903952
0.9089174
0.7630533
0.8869922
0.8838791
0.8831413
0.7931438
0.8415456
0.892139
0.895516
0.9029301
0.904964
0.9022298
0.9011596
0.9003642
0.8933259
0.8980695
0.9010816
0.9000221
0.9074902
0.8978773
0.9055494
0.8993779
0.884019
0.8846112
0.8888005
0.878769
0.8087415
0.764149
0.7833557
0.7819694
0.7649751
0.8060559
0.7724549
0.7605787
0.7877593
0.8147433
0.8049721
0.7814166
0.8496134
0.7790563
0.7785649
0.7759275
0.881448
0.9073362
0.9049576
0.8109191
0.7629194
0.7914603
0.8862037
0.9046687
0.8934713
0.9038634
0.9088188
0.9001444
0.8996032
0.8629483
0.8610628
0.895199
0.8943614
0.8937066
0.9110719
0.9050083
0.899799
0.9042823
0.7723545
0.905659
0.8901769
0.9090453
0.9016816
0.881004
0.8932594
0.8299747
0.8830817
0.8971083
0.7357198
0.9128804
0.9059438
0.8975482
0.9039298
0.9072624
0.8907733
0.8951682
0.8012118
0.8024534
0.9018177
0.9731582
0.8538531
0.805769
0.9006183
0.9132704
0.9156445
0.9025776
0.8773846
0.9081013
0.8999609
0.8975029
0.8914375
0.8883176
0.9020398
0.8843935
0.9093029
0.7576229
0.8908269
0.8836368
0.8836252
0.7993319
0.8446171
0.8947443
0.8969326
0.9080918
0.9059086
0.9033572
0.9031657
0.9024027
0.9017723
0.8961469
0.9056405
0.9061335
0.906489
0.9004839
0.9133485
0.9012166
0.8882578
0.8900032
0.8971755
0.8788788
0.8795124
0.8692107
0.8733827
0.8743965
0.8692308
0.8793116
0.8759297
0.8742294
0.8748587
0.8715902
0.8732106
0.8686448
0.8814289
0.8718701
0.8726987
0.8717309
0.8882834
0.906139
0.9030807
0.8877232
0.890933
0.8771432
0.8846884
0.9084388
0.8954895
0.8985173
0.9069569
0.9001763
0.900467
0.8813498
0.8808662
0.9002963
0.8955515
0.8948311
0.9124408
0.9112906
0.9052755
0.9019937
0.8723404
0.9055538
0.8876183
0.9095519
0.903545
0.8879471
0.8910888
0.8753441
0.88482
0.8894674
0.8820909
0.9086705
0.906812
0.9003481
0.9062799
0.9082757
0.8900004
0.8900486
0.8834002
0.8825597
0.9030167
0.9710958
0.8714882
0.8812588
0.9027099
0.9131447
0.9081122
0.9002687
0.8788
0.9128981
0.9029455
0.9052113
0.8892547
0.892518
0.8981941
0.8879974
0.910223
0.8892721
0.88743
0.8840496
0.8818654
0.8783945
0.8854907
0.8961274
0.8917425
0.906138
0.9052534
0.9055015
0.9024284
0.9003157
0.9013168
0.8986267
0.9064855
0.9013827
0.9080323
0.8966345
0.9063686
0.9061926
0.8883322
0.8907889
0.8899928
0.8944475
0.9119132
0.8993973
0.896094
0.9014176
0.8966606
0.9020424
0.8973959
0.8953108
0.8980192
0.9058162
0.9005515
0.8983069
0.9041017
0.8994588
0.898278
0.8972912
0.8984488
0.8672894
0.8673562
0.9147347
0.9206121
0.8995689
0.8838395
0.8434541
0.9219541
0.840694
0.8682724
0.8943618
0.8946268
0.9026136
0.9041841
0.910922
0.9130389
0.910994
0.920058
0.9152928
0.9126297
0.9090189
0.8903528
0.8570291
0.9126041
0.8808859
0.8952544
0.9169113
0.9018899
0.9035531
0.9101997
0.9048407
0.9103193
0.9177766
0.9059684
0.8489184
0.8539678
0.9007285
0.916417
0.8942577
0.9127678
0.9119765
0.8364411
0.9734519
0.8882527
0.9072511
0.8958967
0.9102752
0.9128114
0.902747
0.9091007
0.9199325
0.9203374
0.9201582
0.8971908
0.91471
0.8367024
0.913385
0.848129
0.9138156
0.912706
0.9076019
0.9092889
0.9103136
0.9149721
0.9196067
0.8987943
0.9033589
0.9121455
0.9053904
0.8999036
0.9023035
0.902276
0.898241
0.9038447
0.9016497
0.9060515
0.8984946
0.9090434
0.9046869
0.8981932
0.8994788
0.9031501
0.8899012
0.9069187
0.8934558
0.8960536
0.8972094
0.8936526
0.9045048
0.891687
0.890925
0.8973764
0.9035493
0.8972682
0.8933956
0.9025883
0.8958091
0.8937402
0.8918919
0.8941831
0.9059404
0.8924058
0.9195672
0.9184483
0.9017074
0.883089
0.9001949
0.9121315
0.898851
0.8971439
0.8817356
0.8815663
0.8989862
0.9016429
0.9110912
0.9027495
0.9086638
0.9153805
0.9194375
0.9134188
0.9111478
0.8906056
0.9076828
0.9077642
0.9091238
0.8331477
0.9106052
0.9038565
0.9022432
0.9084263
0.9052575
0.9060228
0.921215
0.9090254
0.8890705
0.910159
0.8353649
0.9126644
0.8985045
0.9103891
0.9102901
0.8946296
0.9768843
0.8868705
0.9042983
0.8936339
0.910592
0.9169424
0.8977839
0.9028037
0.9265962
0.919725
0.9202306
0.9024647
0.9129431
0.8960678
0.907151
0.9085649
0.9126354
0.9082539
0.9057415
0.9064599
0.9032189
0.9180444
0.9131035
0.9017486
0.9002595
0.9043238
0.9045526
0.9041545
0.9045053
0.9083336
0.8970642
0.9047584
0.9075147
0.8964427
0.8958464
0.9210439
0.9073094
0.9016103
0.9017345
0.9041649
0.888419
0.908382
0.894047
0.8978751
0.8977518
0.8938403
0.9028424
0.8920779
0.8923245
0.8963229
0.9016725
0.8959311
0.8935036
0.901585
0.8952731
0.8948938
0.8928089
0.8937301
0.9071056
0.8941038
0.9176545
0.9179367
0.900383
0.8837683
0.901647
0.9123074
0.8993585
0.8989323
0.8808119
0.8805605
0.8982541
0.8999639
0.9137598
0.9034401
0.9083345
0.9165545
0.9215147
0.9132459
0.9124176
0.8910385
0.9103082
0.9080599
0.9103306
0.8322063
0.9092331
0.9044723
0.9010079
0.9091103
0.9050456
0.9079916
0.92269
0.9088125
0.8911585
0.9115459
0.8351859
0.9115975
0.9013144
0.9112212
0.9110843
0.8940932
0.9766832
0.8859127
0.9054581
0.8930732
0.9115972
0.9172609
0.8994385
0.9024338
0.9272125
0.9183342
0.9198351
0.9052266
0.9124627
0.8976651
0.9071352
0.9089773
0.9117741
0.9083547
0.9062746
0.9059362
0.9034003
0.9181792
0.9120856
0.9011434
0.900767
0.9045473
0.905593
0.9045426
0.9042889
0.9111258
0.8970502
0.9064727
0.9070145
0.8969046
0.8960363
0.9223351
0.9093227
0.9007623
0.9011651
0.9043863
0.8895366
0.9095201
0.8926843
0.8933227
0.8975908
0.8914354
0.905098
0.8952995
0.8909646
0.8899363
0.9025321
0.8986499
0.8988438
0.9022848
0.8955164
0.890387
0.8892988
0.8960066
0.9070836
0.8991194
0.9142677
0.9142023
0.8988265
0.8781804
0.8968357
0.91473
0.8995127
0.9013163
0.8831202
0.8829913
0.897892
0.9006692
0.9119003
0.9068941
0.9104547
0.9165134
0.9190676
0.9126283
0.91618
0.8901608
0.9079589
0.9087352
0.9129308
0.8324389
0.91137
0.9017745
0.9062834
0.9071416
0.9014085
0.9099026
0.9200029
0.9085907
0.891703
0.9090226
0.8388745
0.9083718
0.8963732
0.909033
0.9097827
0.8944598
0.9742192
0.8882307
0.9023858
0.895631
0.9108499
0.9144955
0.9012395
0.8993021
0.9242329
0.9201533
0.9189963
0.9027547
0.9126227
0.8961356
0.9089778
0.9059899
0.9101302
0.908913
0.902961
0.9049013
0.9047568
0.913848
0.9127071
0.9055185
0.9016787
0.9058798
0.9056133
0.9008889
0.9028276
0.9051517
0.9009522
0.9063313
0.9056221
0.8984434
0.9003302
0.9169097
0.9086612
0.8946567
0.8986579
0.9015673
0.8889948
0.9075147
0.8934331
0.8933869
0.894752
0.8923858
0.9047602
0.8971189
0.8899429
0.8937049
0.9019551
0.8972734
0.8970658
0.9015911
0.8940544
0.8908178
0.8890835
0.8941982
0.9055641
0.8991787
0.9158319
0.9158833
0.8965767
0.8768687
0.899874
0.9121283
0.896926
0.8998227
0.8804678
0.8805071
0.89831
0.8994602
0.9108967
0.9089588
0.9090617
0.9180837
0.9198296
0.9098692
0.9118088
0.889217
0.9104451
0.9082797
0.9097601
0.8284847
0.9131848
0.9014748
0.906568
0.9075807
0.9028823
0.9092165
0.9202389
0.9100499
0.889144
0.9072357
0.838996
0.9084993
0.8973914
0.9101219
0.9101771
0.8909428
0.9732759
0.8856385
0.9018129
0.8934305
0.913718
0.9155458
0.8991549
0.8997557
0.9237043
0.9186337
0.9169956
0.901143
0.9153566
0.8958758
0.9101486
0.9072893
0.91083
0.9085737
0.9035653
0.90511
0.905161
0.9135846
0.9129821
0.9069321
0.8996136
0.9064467
0.9048857
0.9005014
0.9028032
0.9066559
0.899405
0.9028074
0.9041015
0.8973983
0.8968712
0.9172719
0.9058494
0.8959193
0.8994309
0.9012279
0.8896859
0.9081345
0.8942553
0.8922752
0.8970471
0.8917107
0.9068181
0.89703
0.8905104
0.8930366
0.9030382
0.8997859
0.8972174
0.9046437
0.8924971
0.8911058
0.8883061
0.8918909
0.9051177
0.8988154
0.9159779
0.9174786
0.8980058
0.8791112
0.8988821
0.9134932
0.8981255
0.9018605
0.8837873
0.8836572
0.9001014
0.8992228
0.9130528
0.9077954
0.909769
0.9179718
0.918157
0.9121459
0.9129936
0.8908792
0.9084821
0.9064836
0.9113049
0.8301472
0.9116999
0.9034259
0.9062478
0.9087081
0.9037666
0.9115047
0.9211988
0.9098609
0.8907909
0.9094269
0.8378327
0.9105735
0.8962223
0.9116355
0.911576
0.8930512
0.9737473
0.8851664
0.9027304
0.894542
0.9131371
0.918117
0.8998217
0.8993213
0.9259492
0.9197459
0.9190798
0.9024673
0.9146164
0.899566
0.9094571
0.9083008
0.9119186
0.9066223
0.9064147
0.9051746
0.9051082
0.9129508
0.9126936
0.905402
0.9010639
0.9075499
0.9063962
0.9012396
0.9043092
0.9099116
0.900293
0.906496
0.9059067
0.8983806
0.8987724
0.9177925
0.9089118
0.8965868
0.9005457
0.9024276
0.8895255
0.9067446
0.894733
0.8939202
0.8957642
0.893079
0.9025272
0.8932494
0.8919243
0.8930337
0.9009178
0.8987746
0.8941515
0.9025329
0.8948326
0.8911465
0.8895311
0.8951301
0.9036331
0.8962974
0.9146041
0.9175884
0.8989114
0.8779446
0.8998232
0.9127265
0.8993988
0.9005691
0.8810681
0.8806921
0.8975762
0.9009152
0.9093518
0.9082344
0.908175
0.9184258
0.9158902
0.9130855
0.9120627
0.8896237
0.9077824
0.909146
0.9103269
0.8331734
0.9123224
0.9022597
0.9061452
0.9094567
0.9046115
0.9113946
0.9200453
0.9128422
0.8916136
0.9083802
0.8397008
0.9084717
0.8942493
0.9114484
0.9112732
0.8922819
0.9737925
0.8864526
0.9038503
0.8945006
0.9130269
0.9164341
0.8994757
0.9018804
0.9220216
0.9180224
0.9205446
0.8987388
0.9150014
0.8957329
0.9084173
0.9058508
0.9115394
0.9092075
0.9046646
0.9066372
0.9064933
0.9143404
0.9100745
0.9051053
0.8998831
0.9053809
0.9036351
0.9002477
0.9041267
0.9017195
0.8985056
0.9063097
0.9046686
0.8999857
0.896689
0.9176675
0.9055742
0.8990524
0.8983841
0.9017754
0.8915244
0.9076737
0.8968874
0.8955138
0.8957554
0.8934391
0.9036329
0.8919223
0.8924895
0.8934744
0.9042488
0.8999892
0.8943485
0.9056442
0.8936626
0.8915549
0.8907952
0.8937696
0.9045069
0.8951146
0.9148064
0.9178188
0.8989724
0.8776224
0.8982165
0.9137791
0.8980579
0.898356
0.8801939
0.8802335
0.9009758
0.9016011
0.9117542
0.9078789
0.9105824
0.9187313
0.9192577
0.9132189
0.9148716
0.8916924
0.9089174
0.9100263
0.9103918
0.8316221
0.9139914
0.9028227
0.9088618
0.9084772
0.9058681
0.9096057
0.921533
0.910912
0.8884157
0.9087238
0.8392524
0.9095551
0.8952054
0.9130037
0.9135581
0.8968125
0.9742538
0.8891703
0.9058082
0.8949325
0.9127053
0.9155835
0.901004
0.9034648
0.9247128
0.9210231
0.9207266
0.9014675
0.9164285
0.8961261
0.9091845
0.9048741
0.9108709
0.9101654
0.9041983
0.9076846
0.9075029
0.9161525
0.9114863
0.9028035
0.9017818
0.9077545
0.9062533
0.9028937
0.9069276
0.9072631
0.8990913
0.908227
0.9064052
0.8993751
0.8978925
0.9206921
0.9082389
0.898239
0.9003885
0.9014323
0.8900982
0.9057457
0.893361
0.894596
0.8947615
0.8909038
0.9012129
0.8913945
0.8919635
0.8944354
0.9006639
0.8992402
0.8927361
0.900144
0.8932586
0.8889619
0.8907088
0.8910071
0.9053869
0.8966932
0.912467
0.915493
0.8983816
0.8789071
0.8987775
0.9128069
0.8990248
0.9006333
0.8837304
0.8829414
0.8986015
0.9020052
0.9094002
0.9054482
0.9078344
0.915472
0.9155433
0.9096973
0.9118341
0.8896265
0.9073211
0.9072517
0.9078114
0.8297341
0.9108237
0.9021626
0.9052628
0.9055756
0.9069784
0.9098576
0.920194
0.9092118
0.8866313
0.9079221
0.8341054
0.9072701
0.8944849
0.9119537
0.9129698
0.8941309
0.9747006
0.8874857
0.9038297
0.8903629
0.911108
0.9149383
0.9000537
0.9038696
0.9231763
0.9192737
0.9201966
0.8992456
0.9127322
0.8946773
0.907729
0.9055141
0.911545
0.9069229
0.9033865
0.9048554
0.9068192
0.9136113
0.9111622
0.9026969
0.9000693
0.9056351
0.9027535
0.9014895
0.9024989
0.9013767
0.8973242
0.9067253
0.9038774
0.8991846
0.8979779
0.9178224
0.9052309
0.8972078
0.8982531
0.8988224
0.8890439
0.9060773
0.8946565
0.8952054
0.8954088
0.8928027
0.9009529
0.8943393
0.8928961
0.8963669
0.9015518
0.8992141
0.8956044
0.9024916
0.8939113
0.8910721
0.8901067
0.8921764
0.9049728
0.8956117
0.9141361
0.9147963
0.9004223
0.8795554
0.9008538
0.9133708
0.8996396
0.9010066
0.8834819
0.882403
0.9007617
0.9040319
0.9088757
0.9064413
0.9080126
0.9158461
0.9175651
0.9099555
0.9100262
0.8894285
0.9075005
0.9075843
0.907002
0.8318808
0.9094557
0.9031666
0.9056725
0.9066881
0.9072729
0.9099195
0.9204641
0.9102149
0.8893587
0.9084916
0.8359734
0.9099106
0.8936912
0.9116327
0.9120735
0.8947426
0.9735352
0.8887989
0.9039259
0.8929338
0.910943
0.9145164
0.8999564
0.903573
0.9234746
0.9191912
0.9185685
0.8998984
0.912295
0.896139
0.9065431
0.9071362
0.9119918
0.907762
0.902853
0.9046785
0.9072687
0.9159803
0.9091006
0.9024783
0.9016077
0.9055755
0.9058211
0.9008567
0.9044045
0.9025717
0.9009203
0.9075079
0.9058776
0.900025
0.9001359
0.9191711
0.9062888
0.8976187
0.8991011
0.9001878