0.9010315
0.9169309
0.91072
0.9025061
0.9149201
0.9147386
0.906947
0.9099071
0.8990409
0.9124619
0.8976899
0.9146489
0.9107149
0.9074315
0.9112206
0.9046423
0.9002582
0.9056631
0.8762033
0.9071367
0.8935251
0.9116789
0.9222604
0.9160909
0.9207847
0.9181297
0.9121805
0.8647856
0.8665515
0.892536
0.9160666
0.8607695
0.9145811
0.9060475
0.9091203
0.9155296
0.9207451
0.9186364
0.9170615
0.9101657
0.9058182
0.911179
0.9290264
0.9124169
0.9076066
0.9065514
0.9047946
0.9198324
0.9043457
0.9153734
0.9138894
0.9143213
0.9145861
0.9172198
0.9061475
0.9048306
0.9140539
0.8915632
0.9124897
0.9119162
0.9126269
0.9046965
0.9082966
0.9177115
0.8985544
0.9072169
0.9047481
0.9103446
0.9078203
0.9009327
0.9044004
0.9016405
0.9010044
0.9099526
0.9117206
0.9000837
0.903981
0.9093608
0.9021042
0.9027361
0.8997506
0.9005078
0.9188798
0.9169432
0.9142281
0.9224877
0.9032212
0.9037677
0.9105353
0.9114059
0.9179254
0.903305
0.9178131
0.9208709
0.9079908
0.8936701
0.9087293
0.9028837
0.901196
0.900695
0.8740215
0.9075642
0.9095213
0.9098219
0.8840201
0.8840227
0.8840203
0.9141855
0.8164977
0.8724159
0.8929809
0.865887
0.9082652
0.8851232
0.9056543
0.907671
0.903868
0.9094965
0.9080743
0.8803431
0.9106253
0.9034157
0.8857236
0.8835504
0.8812713
0.894354
0.8784818
0.9089569
0.9063052
0.9029203
0.8794653
0.9101414
0.8832756
0.907788
0.9081884
0.9056098
0.912102
0.9122235
0.9082012
0.9061219
0.9001471
0.8735207
0.9046135
0.9024381
0.8693733
0.8775703
0.8672014
0.8883358
0.9094618
0.8836829
0.8849953
0.8850984
0.8843752
0.8844923
0.9149782
0.8638003
0.8849844
0.9009304
0.8868836
0.8826559
0.9099947
0.8664014
0.8939678
0.9099345
0.8632307
0.8716268
0.8616195
0.8739884
0.8632839
0.861849
0.8675987
0.8662454
0.8667704
0.8742039
0.8732534
0.8841027
0.8694016
0.8701772
0.8629141
0.8689515
0.8683695
0.8589931
0.8746577
0.8824573
0.8849295
0.8880273
0.8704791
0.8775518
0.8837378
0.8624284
0.8803986
0.8610873
0.8675326
0.8852429
0.8696886
0.8767006
0.8723671
0.8720853
0.8586663
0.8614422
0.903433
0.9095512
0.9010576
0.9017362
0.914732
0.9147823
0.9052794
0.9060038
0.8941713
0.9095214
0.8944059
0.9066681
0.9087274
0.9030157
0.9050051
0.9002252
0.8999819
0.9006787
0.8732293
0.9039493
0.8862344
0.9039306
0.9165292
0.9126707
0.9180434
0.9141076
0.9077601
0.8569737
0.8513285
0.8873459
0.9109288
0.8485524
0.9166876
0.9001898
0.9044799
0.9054353
0.912959
0.9125732
0.9111007
0.9056385
0.8921949
0.899707
0.9275673
0.9033001
0.899942
0.9009269
0.8953843
0.9125216
0.9041459
0.9148395
0.9147045
0.9146726
0.9144341
0.9146425
0.9001482
0.894787
0.913351
0.887687
0.9082734
0.9138558
0.9073355
0.9000476
0.8955251
0.9054014
0.8900261
0.90004
0.8951257
0.9067772
0.8986447
0.8915323
0.8954607
0.8934511
0.891441
0.9022652
0.9046791
0.8937906
0.8992242
0.9054514
0.8926993
0.8934019
0.8915079
0.8933883
0.9102771
0.9143387
0.9151962
0.9157499
0.8969087
0.8938876
0.9056414
0.9027256
0.9088924
0.8975569
0.9110695
0.9169446
0.9038232
0.8848623
0.8999381
0.8951387
0.8913301
0.8932688
0.9210741
0.9512316
0.9433831
0.9185218
0.9166837
0.9168426
0.9157588
0.920279
0.9228749
0.9278901
0.9284461
0.9286724
0.9500755
0.9116885
0.949527
0.9347892
0.9333667
0.9470234
0.9402955
0.9193307
0.949408
0.9505868
0.9207483
0.9188065
0.9264471
0.9201692
0.9329748
0.9313532
0.9299959
0.9351009
0.9255776
0.9281774
0.9153644
0.9435788
0.9497016
0.9537792
0.9521421
0.9502312
0.9496186
0.9514368
0.9474679
0.9216236
0.925265
0.9530544
0.9256848
0.9207029
0.932232
0.9074866
0.9174983
0.9168965
0.9165474
0.9175114
0.9163631
0.9187396
0.9186298
0.9275235
0.9093467
0.934351
0.917987
0.9192608
0.9469724
0.9294066
0.9239005
0.9484264
0.9293151
0.9257029
0.9311629
0.9336079
0.9334954
0.9323847
0.9300098
0.9228645
0.9258355
0.9316658
0.9332661
0.9167899
0.9309021
0.9344851
0.930557
0.9274694
0.9276827
0.9289953
0.9295534
0.9239291
0.9224103
0.9293391
0.9218569
0.9341671
0.9233753
0.9298782
0.9251024
0.9231502
0.931366
0.927381
0.9310681
0.9112467
0.9335059
0.9303432
0.9308964
0.9308202
0.9136081
0.9124516
0.9076555
0.921643
0.9229856
0.9216414
0.9176352
0.9257393
0.906886
0.9190502
0.9087955
0.9138425
0.900632
0.9177231
0.9030979
0.9001103
0.9041161
0.8969647
0.903796
0.9166667
0.9108088
0.9069355
0.9319548
0.9203373
0.9206932
0.9257135
0.9136144
0.9080099
0.9098853
0.8975682
0.9170258
0.9069321
0.9227493
0.9072967
0.9077081
0.9097022
0.9149686
0.915836
0.9168151
0.910055
0.9026844
0.9130817
0.9416512
0.9070205
0.9117679
0.9162439
0.9037646
0.9231158
0.923129
0.9224346
0.9226893
0.9205565
0.9223353
0.9270822
0.9228069
0.9023482
0.9203725
0.8988491
0.9198959
0.9207021
0.9077024
0.9035829
0.9136646
0.908826
0.900358
0.9129707
0.9024607
0.9116227
0.9066961
0.8988676
0.9042514
0.9049145
0.9022424
0.913472
0.9081405
0.9015171
0.9073918
0.9100689
0.9044581
0.9061432
0.9064825
0.905504
0.9204986
0.9222087
0.9197759
0.9269497
0.9082317
0.9044128
0.9243189
0.9116367
0.9187094
0.9087179
0.918405
0.9297014
0.909071
0.9052351
0.9084692
0.8990293
0.9
0.8991597
0.8877587
0.9068489
0.9053732
0.9017771
0.8894244
0.8893503
0.9001799
0.9060615
0.8839289
0.8988979
0.8919869
0.8962337
0.9069063
0.8937624
0.9095754
0.9009022
0.9042778
0.9068666
0.9057176
0.8961871
0.9029382
0.9020325
0.8982606
0.8915357
0.8929127
0.9011058
0.8869412
0.9040191
0.8978056
0.8938725
0.8947778
0.901295
0.8932189
0.8996006
0.9080264
0.9024246
0.9078742
0.9050793
0.9115946
0.9010595
0.8945688
0.8866885
0.9108165
0.9006571
0.8958275
0.8898175
0.8903712
0.8990267
0.9015964
0.8879259
0.8883331
0.8898383
0.8887091
0.8937432
0.9018535
0.8883461
0.8994591
0.8950286
0.8942935
0.8930621
0.9061701
0.8926186
0.8645454
0.9060379
0.8883897
0.8974171
0.8904706
0.8974985
0.8922348
0.8872119
0.891909
0.8890503
0.8897129
0.8978453
0.8958845
0.8961131
0.8932186
0.8971443
0.8971634
0.89359
0.8898571
0.8876859
0.9055319
0.9046846
0.9003607
0.9066268
0.8911548
0.8988697
0.9044654
0.8901365
0.9017777
0.8914685
0.9022064
0.9075232
0.8935842
0.890448
0.8963885
0.8950218
0.8891219
0.8889363
0.8668477
0.9099593
0.9108037
0.9122403
0.8635529
0.8622123
0.8912634
0.9121092
0.8799737
0.8869933
0.9010848
0.8827773
0.9144561
0.8719988
0.9128308
0.9102469
0.9122991
0.9150254
0.9102605
0.8921902
0.9132286
0.9064242
0.8830299
0.8699938
0.8699971
0.8822931
0.8851459
0.9126693
0.9131949
0.9126293
0.8676047
0.91545
0.8560994
0.9079013
0.9099979
0.9047687
0.9139029
0.9121869
0.9088526
0.9074846
0.9067035
0.8538999
0.8999965
0.90475
0.8874125
0.887189
0.8858282
0.8712701
0.9134669
0.8625354
0.8627559
0.8611581
0.8628034
0.8551745
0.9132517
0.8824554
0.871281
0.9075986
0.8648341
0.8714401
0.9080581
0.8895836
0.9018946
0.9084391
0.8800669
0.889552
0.885037
0.8906949
0.886614
0.8801377
0.8873864
0.8846307
0.8830628
0.8934704
0.8885249
0.8971441
0.8864931
0.8881131
0.8836761
0.8838618
0.8893289
0.8819654
0.8908253
0.8952381
0.8895635
0.8986909
0.8875289
0.894489
0.897668
0.8868669
0.8895902
0.8878498
0.8926564
0.8992623
0.8867959
0.8909348
0.8869973
0.8883765
0.8811863
0.8784482
0.8597827
0.9065175
0.9081296
0.9088136
0.8663954
0.8661019
0.8904241
0.9120393
0.8810166
0.8862209
0.8982585
0.8848135
0.9167083
0.8714744
0.9098806
0.9109804
0.9112748
0.9154218
0.9084246
0.8926971
0.9114959
0.9052511
0.8859991
0.8705882
0.8674685
0.8845861
0.8852115
0.9110089
0.9091656
0.9082628
0.8692892
0.9145727
0.8530397
0.9038578
0.9087655
0.9065172
0.9134124
0.914104
0.9135162
0.9050859
0.901921
0.849518
0.9030145
0.9080673
0.8846736
0.8846623
0.8783276
0.8718644
0.9112754
0.8658402
0.8657275
0.8663417
0.8666032
0.8575498
0.9126492
0.8803232
0.8776926
0.906149
0.8658877
0.8645511
0.9095575
0.8867938
0.8961596
0.9084419
0.8815536
0.8843623
0.8791177
0.8886137
0.8825071
0.8778561
0.8874535
0.8815282
0.8780417
0.8908069
0.883768
0.8965418
0.8875631
0.8881406
0.8789306
0.8807981
0.8832416
0.8797445
0.8902596
0.8961731
0.8922051
0.8959963
0.87954
0.8918899
0.8979759
0.8801359
0.889341
0.8786388
0.8873447
0.8991416
0.8882649
0.8843552
0.8859383
0.8809628
0.8759089
0.8769044
0.8429532
0.9023206
0.91194
0.9113578
0.8385665
0.8381623
0.8868896
0.9131938
0.8723138
0.8792854
0.8995646
0.8787362
0.9171663
0.8578261
0.9068118
0.9170788
0.9137031
0.9190977
0.9133331
0.8899086
0.9119092
0.9056218
0.8775056
0.8391173
0.8390835
0.8715472
0.8739585
0.9165631
0.9162789
0.9104971
0.8419997
0.9179097
0.7996803
0.907847
0.9087489
0.90863
0.911137
0.9118736
0.9088392
0.9071588
0.9057153
0.8191666
0.8943347
0.9047278
0.8804635
0.8784925
0.8794974
0.8378725
0.9136147
0.8381988
0.8377687
0.8379039
0.8381894
0.7960028
0.9172688
0.88043
0.8573069
0.9094234
0.8477497
0.8391941
0.9050716
0.8821599
0.9004957
0.9090243
0.8801545
0.8830585
0.8774583
0.8839962
0.8745366
0.8784971
0.87992
0.8820442
0.8810026
0.8837604
0.8783941
0.9016641
0.8827986
0.8859662
0.8817757
0.8830635
0.8890332
0.8768137
0.8910516
0.8861923
0.888873
0.8876429
0.8762472
0.8902871
0.8964535
0.875604
0.8840325
0.8772692
0.8784432
0.8903191
0.8866549
0.8892655
0.8806252
0.8855204
0.8772084
0.8768428
0.8992982
0.8267272
0.8448127
0.9213452
0.9060872
0.9049235
0.915795
0.9226067
0.8988561
0.9053838
0.9048096
0.9021397
0.8996602
0.9101229
0.8381426
0.9033816
0.9057811
0.9045742
0.9050285
0.915483
0.8982608
0.8269551
0.9138807
0.9029234
0.8995624
0.9077265
0.901164
0.9145223
0.9160223
0.8854316
0.8951581
0.9174345
0.9032802
0.7984322
0.8341674
0.8360762
0.8455674
0.8451416
0.8354962
0.8358107
0.8220665
0.8932329
0.925355
0.8263591
0.9061486
0.9059562
0.8976503
0.8984164
0.9276507
0.9048657
0.9050409
0.9033689
0.9057539
0.8983087
0.9262398
0.8994875
0.9108076
0.8872751
0.9090423
0.8983803
0.8064504
0.8969879
0.9105312
0.8467723
0.899762
0.9044618
0.8935884
0.9038963
0.8911681
0.8930243
0.9008883
0.9056332
0.9021575
0.905575
0.8938194
0.9212192
0.9036235
0.8994534
0.8998047
0.902302
0.9042206
0.8954075
0.9102823
0.9142958
0.9098825
0.9138622
0.9036928
0.8978144
0.9156915
0.8954049
0.9106865
0.8974776
0.8980612
0.9169851
0.903592
0.9179665
0.8956173
0.8971776
0.8921751
0.8933212
0.8990248
0.8355773
0.8419312
0.9162658
0.9058542
0.9059021
0.9142686
0.9181572
0.8951821
0.9074449
0.9060244
0.9056651
0.8951441
0.9091432
0.8360961
0.9013403
0.9065596
0.8987086
0.9012764
0.9159411
0.896984
0.8170613
0.9151117
0.9045776
0.9027793
0.913949
0.8990321
0.9089305
0.907064
0.8823292
0.8943595
0.9081155
0.9064993
0.7866317
0.830761
0.8347756
0.8473765
0.8444713
0.8378769
0.8327364
0.8153108
0.8976115
0.9252366
0.8306846
0.9032581
0.9084734
0.8976948
0.9017077
0.9202762
0.905727
0.9055897
0.9044286
0.9058333
0.9040292
0.9195664
0.8991736
0.910032
0.8796052
0.9075627
0.8986228
0.8064942
0.8991864
0.9064833
0.8377762
0.8955062
0.9034431
0.8912972
0.903076
0.8973198
0.8890926
0.8981585
0.9014897
0.9004212
0.9063168
0.900424
0.914344
0.9022098
0.9000898
0.8969778
0.899332
0.9039475
0.8933648
0.9101661
0.9141407
0.9118457
0.9143559
0.9050317
0.8901919
0.9162617
0.8936209
0.9120685
0.9013319
0.9067138
0.9195189
0.8988639
0.9126357
0.902874
0.8948116
0.8933533
0.892964
0.9035856
0.9247024
0.9128781
0.8992492
0.9096553
0.9103818
0.8958975
0.9012868
0.8950981
0.9152456
0.8918798
0.908224
0.9145343
0.9034485
0.9156175
0.8945887
0.894201
0.9075369
0.9013604
0.894889
0.9109776
0.9193395
0.9163542
0.9098072
0.9187986
0.9139356
0.9111282
0.8909658
0.8852422
0.8876827
0.9137893
0.8826803
0.9140636
0.9137685
0.9182047
0.9171671
0.9286074
0.9265098
0.9267394
0.9141484
0.9100951
0.9036368
0.9270963
0.916746
0.9006106
0.8994321
0.8934836
0.9188904
0.9011918
0.9099241
0.9099441
0.9082002
0.9100693
0.9198276
0.8917591
0.8941155
0.9111849
0.8813004
0.9078547
0.9125681
0.9160816
0.8913458
0.8941705
0.918801
0.8923845
0.9006715
0.8939213
0.9065769
0.8988518
0.8940082
0.8962768
0.8910587
0.8879788
0.9036078
0.9043258
0.8828403
0.9002916
0.9037408
0.8977641
0.8920877
0.887593
0.8961174
0.9041507
0.9129915
0.9071369
0.9151358
0.8914544
0.8984625
0.9034218
0.9042736
0.9133423
0.8942608
0.9142223
0.9189956
0.900343
0.8748997
0.9017047
0.8905216
0.8938815
0.8915712
0.8931292
0.8907041
0.8894345
0.9084304
0.9087619
0.9073873
0.9068111
0.9125536
0.8939097
0.9020974
0.899243
0.8980061
0.8958792
0.9023951
0.8844614
0.888434
0.8914524
0.8869647
0.8913393
0.9063669
0.8951305
0.8802029
0.9161469
0.9041731
0.9036679
0.9057038
0.8952105
0.8999335
0.8950981
0.8347945
0.8972787
0.8952226
0.9087905
0.8788683
0.8824844
0.8848766
0.8966845
0.8907384
0.8936986
0.8832363
0.876787
0.895938
0.9266026
0.8822737
0.8971389
0.9032071
0.8852984
0.9071291
0.9097486
0.9080406
0.9082974
0.9057329
0.9080281
0.9081877
0.9104483
0.8850758
0.911617
0.8311279
0.9064976
0.899322
0.8811083
0.8848103
0.8971747
0.885144
0.8808831
0.8899055
0.8795551
0.8915654
0.8861885
0.8753825
0.888219
0.8908074
0.8854863
0.898844
0.8900819
0.8987557
0.8955136
0.8876488
0.8840445
0.8908014
0.884484
0.8844978
0.9035437
0.9095295
0.9068206
0.9138571
0.89353
0.8851422
0.9096216
0.8896035
0.9098455
0.8882837
0.8998795
0.9156407
0.8921147
0.8930207
0.8895866
0.8829568
0.881826
0.8769915
0.8680398
0.920193
0.9241284
0.9213491
0.8557515
0.8553234
0.9037679
0.9221547
0.8912746
0.8903152
0.9139951
0.8893302
0.9291513
0.8687769
0.9212892
0.928122
0.9248196
0.9293396
0.9203543
0.9007772
0.9252232
0.9166461
0.8834699
0.8604351
0.8643105
0.8794901
0.8914087
0.9282342
0.9240062
0.9237845
0.8619732
0.9265766
0.8387109
0.9187513
0.9239562
0.918553
0.9246299
0.9226008
0.919755
0.919509
0.9165996
0.8463962
0.8948206
0.9188039
0.895671
0.8877718
0.9009633
0.8640291
0.9206689
0.8552709
0.8552389
0.8542621
0.8551243
0.8327995
0.9224356
0.900221
0.8663057
0.9215832
0.8673204
0.8605569
0.9153127
0.9025094
0.911083
0.9216846
0.8983728
0.8970924
0.8974497
0.9001842
0.8972495
0.8996085
0.8991776
0.8990563
0.9001602
0.9040646
0.9028152
0.9115446
0.9019302
0.8958311
0.9001429
0.8993967
0.9022866
0.8984864
0.8988891
0.9021004
0.8985364
0.8997784
0.8996864
0.9100233
0.9040778
0.8960679
0.8926074
0.8975284
0.8936208
0.8986044
0.9034165
0.9043357
0.8954925
0.9041649
0.8965889
0.8998888
0.9065036
0.9231576
0.9187685
0.9116022
0.9077168
0.907726
0.9078897
0.9171341
0.9021179
0.9127982
0.9111237
0.9116003
0.9241147
0.9041635
0.9212356
0.9141964
0.9154994
0.9180217
0.916833
0.9115481
0.9224569
0.9166165
0.9140493
0.9087465
0.9162548
0.9127377
0.9101794
0.9129491
0.911617
0.9139853
0.9062645
0.9140747
0.9096343
0.918424
0.9212334
0.9184153
0.9259337
0.9238646
0.9226838
0.9164562
0.9160756
0.9041478
0.9233401
0.9169465
0.9088153
0.904616
0.909007
0.9082501
0.9146473
0.9080926
0.9081888
0.9087381
0.9084271
0.90997
0.9158027
0.9048416
0.9100818
0.9136824
0.9077495
0.9054995
0.9222137
0.9082148
0.9141018
0.9200681
0.9012385
0.9118985
0.9026849
0.9119342
0.9097333
0.9004787
0.905661
0.9025157
0.901886
0.9120065
0.9082965
0.9053087
0.9067205
0.9124661
0.904422
0.9036733
0.9088206
0.9041057
0.9118194
0.9134343
0.9116514
0.9176471
0.9030569
0.9024216
0.9139077
0.9064573
0.9096611
0.9048178
0.9163365
0.9115644
0.9100822
0.9008357
0.9039596
0.9076593
0.8992376
0.9032408
0.8714988
0.9054025
0.9110258
0.9099913
0.8732405
0.8733217
0.8987787
0.9129223
0.8857473
0.8886987
0.8999823
0.8862732
0.9124251
0.8778565
0.9090685
0.9125333
0.9089
0.9130264
0.9099839
0.894264
0.9103636
0.9079888
0.8915572
0.8746955
0.8727419
0.8858956
0.8909768
0.9141189
0.9141037
0.9100782
0.8726094
0.9135864
0.8692429
0.9042267
0.907414
0.9084914
0.9095292
0.9115656
0.9080054
0.9082207
0.8972608
0.8649545
0.9051486
0.9016382
0.8885632
0.8850025
0.8873178
0.8723117
0.9114522
0.8726949
0.8728309
0.8722864
0.8725419
0.8735382
0.9130101
0.8842056
0.8821919
0.9041597
0.8772457
0.8728915
0.902677
0.8893732
0.9014139
0.9064086
0.8844141
0.8885462
0.885486
0.8920643
0.8814844
0.8834619
0.8854212
0.8840727
0.8916004
0.8950584
0.88788
0.8993983
0.8901622
0.8925165
0.8882357
0.8887329
0.8889607
0.8878306
0.8960363
0.8959904
0.8992697
0.9004283
0.8872454
0.8927956
0.900702
0.8870651
0.8952728
0.8841919
0.8891076
0.9000703
0.8905781
0.8947995
0.8905847
0.8891741
0.8817345
0.8830437
0.9041444
0.9070209
0.9011302
0.9095213
0.9120579
0.9117209
0.9113937
0.9113584
0.8971766
0.9080199
0.8982618
0.9032339
0.9049766
0.9059909
0.9028709
0.9005452
0.9016768
0.8988628
0.8659037
0.9053967
0.8798804
0.8943377
0.9188262
0.9140308
0.9096511
0.9127816
0.9033657
0.8674019
0.8605605
0.8907162
0.9060565
0.8466892
0.9120191
0.8976916
0.8983039
0.9007301
0.909865
0.9121187
0.9044046
0.9013377
0.8949383
0.9057351
0.9276565
0.8993733
0.899516
0.9019008
0.8971286
0.9105143
0.9108883
0.9121643
0.9119912
0.9125009
0.9116479
0.9123517
0.9085336
0.8959389
0.9124632
0.8894446
0.9067757
0.909039
0.9003003
0.8960653
0.9028709
0.9017204
0.8918497
0.9040645
0.895394
0.9050251
0.899465
0.8911587
0.8985878
0.8949049
0.8942033
0.9080987
0.9004564
0.8996518
0.9001114
0.9076962
0.8982081
0.8939729
0.896223
0.8926726
0.9101211
0.9112564
0.9105697
0.9161381
0.8981485
0.8925235
0.9083363
0.9031302
0.9102949
0.8929154
0.9044402
0.9159124
0.9008327
0.8962058
0.9019608
0.8911677
0.8924974
0.8934005
0.8737266
0.9098851
0.9048416
0.9074843
0.8935832
0.8933082
0.8341152
0.9096227
0.8573795
0.8494958
0.8892284
0.8397574
0.9119586
0.8884809
0.9041671
0.8982776
0.9000967
0.9048908
0.9046265
0.8391351
0.9086485
0.9055546
0.9012212
0.8946796
0.8960652
0.8992329
0.88043
0.9041488
0.898297
0.8952849
0.8910076
0.900538
0.8880338
0.9016133
0.9036834
0.9055364
0.9118234
0.9093051
0.909625
0.9056982
0.8972692
0.8813247
0.9092293
0.9015152
0.8334667
0.8714469
0.7804408
0.8969625
0.9103293
0.8932113
0.8921856
0.8927654
0.8927279
0.8941023
0.9074581
0.7708375
0.8941445
0.8878467
0.8928261
0.890782
0.9104435
0.8084848
0.8940047
0.9070078
0.7770056
0.7852111
0.7744579
0.7941721
0.7835337
0.7647011
0.7787657
0.7859456
0.7851075
0.7984232
0.8023625
0.8375014
0.7889369
0.7939806
0.7466661
0.7693398
0.7940827
0.7657654
0.8063462
0.8546613
0.8324784
0.8350893
0.8069041
0.8409169
0.8449178
0.8336314
0.8581129
0.8296743
0.8485157
0.8708697
0.7868859
0.8071708
0.8001731
0.8065725
0.7642376
0.7663921
0.9057633
0.9005998
0.8996705
0.9152357
0.9124386
0.9120234
0.9156016
0.9212041
0.9005982
0.9121058
0.9057165
0.9087147
0.9031457
0.9095137
0.8996285
0.9066772
0.9076961
0.9020443
0.8731845
0.9125432
0.8791404
0.8975378
0.9225494
0.9130621
0.9090484
0.9164588
0.9081209
0.8695294
0.8648293
0.8928245
0.9051992
0.8755906
0.9148413
0.8943101
0.8984904
0.8952637
0.9015667
0.9068943
0.9037803
0.8972479
0.8935113
0.9024982
0.9311997
0.8933713
0.9084974
0.9125791
0.8996702
0.9095663
0.9162335
0.9120809
0.9119459
0.9127667
0.912066
0.9122688
0.9164137
0.8995946
0.9198826
0.8873484
0.9117437
0.9108178
0.9022233
0.900645
0.9062948
0.8984743
0.8953159
0.904779
0.8945258
0.9065604
0.9011697
0.894654
0.8991329
0.9055209
0.8995336
0.9069485
0.900847
0.9077118
0.9026768
0.9070492
0.9018245
0.905659
0.9027623
0.8985113
0.9131205
0.9197889
0.9124106
0.918237
0.9015162
0.9005901
0.9201929
0.9004164
0.9163877
0.8986966
0.9141455
0.9228187
0.9029615
0.9060369
0.9051554
0.8961916
0.8931943
0.8973667
0.9087575
0.9210629
0.9116307
0.8994179
0.9163076
0.9157399
0.9058206
0.904098
0.8975277
0.9162319
0.8927569
0.9154945
0.9162647
0.9058503
0.915247
0.9037304
0.9022532
0.9100293
0.8818468
0.9042262
0.8926234
0.9151161
0.9183273
0.9179872
0.9212275
0.9204922
0.9172106
0.860533
0.8565613
0.8960497
0.9208793
0.860503
0.9191404
0.9104977
0.9146451
0.913819
0.9217601
0.9214093
0.922691
0.9160902
0.9045953
0.9084825
0.9318744
0.9139707
0.907222
0.9043239
0.9048706
0.9176101
0.9022264
0.915758
0.9161263
0.9149733
0.9152772
0.9210311
0.9044239
0.9024443
0.9157512
0.89429
0.9120092
0.9145119
0.9185857
0.900426
0.9017935
0.9158778
0.8993676
0.9069474
0.9046254
0.910752
0.9121164
0.9030009
0.9075521
0.9015851
0.9014646
0.9131179
0.9111972
0.8983311
0.9041724
0.9107437
0.9050364
0.9059007
0.8991289
0.9002477
0.91424
0.9167936
0.9167612
0.9209592
0.9006243
0.9033627
0.9143111
0.912282
0.9158256
0.9002688
0.915195
0.9210415
0.9082744
0.8895302
0.9094471
0.9004677
0.9017398
0.9002339
0.8683423
0.9000462
0.910878
0.9149475
0.8706737
0.8699746
0.9004984
0.9165354
0.8857029
0.8864302
0.9052758
0.8881783
0.9140125
0.8812068
0.9070775
0.9146618
0.9162934
0.9148489
0.9118139
0.8958615
0.9110238
0.9028541
0.8908323
0.8708913
0.8656694
0.8835589
0.8858282
0.9188571
0.9138352
0.9073812
0.8653974
0.9209067
0.8522605
0.9032292
0.9059938
0.9038271
0.9104923
0.9096206
0.9060059
0.903836
0.9002516
0.8507229
0.9008563
0.8991819
0.8868862
0.8900245
0.8831272
0.869443
0.917948
0.8701261
0.8699746
0.8700044
0.8702204
0.848359
0.9193314
0.8820255
0.8832369
0.9075732
0.8726024
0.8682913
0.9050795
0.8871625
0.8983887
0.9109069
0.8815091
0.8837009
0.8814831
0.8865441
0.8841538
0.8848388
0.8868182
0.8873676
0.8874479
0.8922918
0.8863963
0.9061467
0.8896364
0.8857861
0.887427
0.8899623
0.8922087
0.8844875
0.896176
0.8981939
0.8929293
0.8959155
0.8883183
0.8908752
0.9007187
0.88395
0.896037
0.8883181
0.8904878
0.9015146
0.8866301
0.8985533
0.8868304
0.888644
0.8834391
0.8819061
0.8592215
0.907496
0.9129812
0.9115644
0.8530632
0.8519082
0.890296
0.9154876
0.8769281
0.8835346
0.9010985
0.8819136
0.9180923
0.8655982
0.9088855
0.911444
0.9127256
0.9149157
0.914508
0.889902
0.9144294
0.9081898
0.8829318
0.8622317
0.8593327
0.8801629
0.886534
0.9157984
0.9123138
0.9112883
0.8604435
0.9169526
0.8394932
0.9099979
0.90939
0.9047416
0.9123808
0.9138373
0.9103285
0.9072635
0.9046218
0.8422739
0.8950613
0.9028821
0.8881914
0.8866528
0.8828145
0.8574604
0.911734
0.852239
0.8523764
0.8542838
0.8527735
0.8323894
0.9166667
0.8843409
0.8704035
0.9040756
0.8636564
0.8565338
0.9074152
0.8831886
0.900658
0.912703
0.8807016
0.8834327
0.8838848
0.8857697
0.8812054
0.8838813
0.8847946
0.8860672
0.8848629
0.894001
0.887985
0.9017851
0.8886771
0.8887731
0.8883825
0.8806372
0.8870258
0.8804823
0.8931752
0.8946265
0.8934543
0.892377
0.8806826
0.8919581
0.8974878
0.8830411
0.8891345
0.8826686
0.8896146
0.898966
0.8846487
0.8892605
0.8854513
0.8877914
0.8821491
0.8851683
0.8591643
0.9074212
0.9132516
0.9115304
0.8521952
0.8511657
0.8896208
0.9149325
0.8765089
0.8831272
0.9005124
0.8818667
0.9180217
0.8655854
0.908696
0.9109117
0.9123495
0.9148822
0.9140868
0.8895395
0.9137032
0.9081149
0.8826021
0.8624276
0.8593176
0.8792589
0.885605
0.9159193
0.9118924
0.9110993
0.8603018
0.9170735
0.8393831
0.9104256
0.9085048
0.9051709
0.9125
0.9134605
0.9101394
0.9073433
0.9047011
0.8419901
0.8955684
0.9027654
0.887828
0.8868869
0.8826052
0.8563851
0.911283
0.8515399
0.8515495
0.8536305
0.8522032
0.8321874
0.9165592
0.8844969
0.8697734
0.9041953
0.8631412
0.8558813
0.9071102
0.8832637
0.9004626
0.9124303
0.8800436
0.8834267
0.883595
0.8856043
0.8821753
0.8836717
0.8853933
0.8861833
0.8851801
0.8939594
0.8881809
0.9023368
0.8879928
0.8884492
0.8882979
0.8807116
0.8864186
0.8799037
0.8932516
0.8950959
0.8938456
0.8922957
0.8807163
0.8921148
0.8981518
0.8825924
0.8889721
0.8817294
0.8892121
0.8983434
0.8846834
0.8895797
0.8851239
0.8873828
0.8816121
0.8841472
0.8689383
0.9034431
0.8990558
0.9030451
0.8799679
0.8780479
0.8679652
0.9085993
0.3287131
0.8620015
0.8859932
0.8628183
0.9076606
0.8753696
0.9027495
0.900626
0.9005806
0.9067098
0.9021482
0.8741613
0.904335
0.8998372
0.8869082
0.876975
0.8807952
0.8891754
0.8719014
0.898219
0.8987599
0.895564
0.8718889
0.9001917
0.868864
0.9001186
0.9017511
0.9021498
0.9089131
0.9050725
0.9044755
0.9017701
0.8946762
0.8654562
0.9003657
0.8993786
0.8602748
0.8647359
0.8588512
0.8822993
0.9081442
0.8788111
0.8789481
0.8778281
0.8786542
0.8779828
0.9059632
0.8547729
0.8816269
0.8923201
0.875925
0.8805877
0.9046384
0.8599126
0.8926535
0.8977573
0.8536001
0.856898
0.85215
0.8637454
0.859156
0.8495984
0.8603034
0.8555256
0.8486501
0.8692666
0.8617388
0.8776933
0.8598506
0.8625852
0.8520859
0.8591002
0.8578563
0.8579662
0.8704375
0.8796343
0.8725268
0.8805286
0.8559414
0.8703081
0.8726157
0.852423
0.8652605
0.8526268
0.8605919
0.8787999
0.8614181
0.859533
0.8645405
0.8657167
0.8489067
0.8503761
0.8682176
0.9029604
0.8966714
0.9037745
0.8816173
0.8804352
0.8677877
0.9078376
0.1935541
0.8611337
0.886104
0.8632577
0.9090053
0.8768314
0.9038771
0.8978829
0.8998178
0.9064685
0.9009338
0.8716759
0.9042876
0.9004568
0.8882751
0.875207
0.883645
0.890263
0.8683948
0.8988772
0.8972959
0.8930845
0.8725978
0.8982965
0.8717343
0.9018818
0.9023689
0.9024128
0.9097321
0.9067071
0.9067827
0.9053267
0.8938868
0.8682243
0.9003488
0.9003148
0.8574033
0.86576
0.8577481
0.8830561
0.9068733
0.880829
0.8805986
0.880909
0.8807119
0.88025
0.9072011
0.8490267
0.8814425
0.891999
0.8760555
0.8815067
0.9054886
0.8605643
0.8946171
0.8996613
0.8517432
0.8541643
0.8503229
0.8631349
0.8578823
0.8448927
0.858231
0.8564724
0.851147
0.8657091
0.8598465
0.8746245
0.8576067
0.8613766
0.84804
0.8558991
0.8573511
0.8526796
0.8658119
0.8789158
0.8724432
0.8811126
0.8550002
0.8704692
0.8717883
0.8541286
0.8654094
0.8493781
0.861663
0.877714
0.8587609
0.8570457
0.8604166
0.8640857
0.8468376
0.84897
0.8704161
0.9003703
0.9002707
0.9052609
0.8747024
0.8734641
0.8701318
0.9103931
0.5624145
0.8661174
0.890055
0.8630431
0.9086142
0.8741021
0.9035361
0.9052898
0.9023027
0.9096084
0.9007103
0.8751329
0.9059937
0.8983211
0.8825546
0.8745634
0.881479
0.8925892
0.8702175
0.9025995
0.9005543
0.8947597
0.8723278
0.9009876
0.8733353
0.9009887
0.9000935
0.9022694
0.9102769
0.9069088
0.9055375
0.905297
0.896224
0.8677913
0.8990359
0.8984621
0.8650823
0.8672897
0.8592044
0.885096
0.9111782
0.8729547
0.8738772
0.873864
0.8731305
0.8808725
0.9094861
0.8540518
0.8810019
0.8922739
0.8793173
0.880123
0.9035506
0.860777
0.8912069
0.8986574
0.852705
0.8585682
0.853409
0.8652697
0.8586558
0.8492984
0.8575532
0.858319
0.8543453
0.8667035
0.8601867
0.8775525
0.8640036
0.8604444
0.8552819
0.8569771
0.8587187
0.8523899
0.8692144
0.8775822
0.8738643
0.8841832
0.8570201
0.8731635
0.8765396
0.8572436
0.8678119
0.8500884
0.8616189
0.8819833
0.8626979
0.8581707
0.8640932
0.8636126
0.85
0.8492938
0.9112736
0.9300446
0.9200885
0.9017692
0.9178635
0.9181053
0.9034473
0.9071474
0.9030323
0.9146454
0.8994125
0.9169025
0.9194447
0.9115945
0.9229657
0.9082048
0.9047008
0.9126598
0.8749485
0.9015963
0.8918048
0.9258549
0.9155706
0.918308
0.9187264
0.9220986
0.9125601
0.8565645
0.8559746
0.8991874
0.9235988
0.8468166
0.9192628
0.9166785
0.9266126
0.9258333
0.9306684
0.9301267
0.9258345
0.9232179
0.9151892
0.9178141
0.9271664
0.9238007
0.9078783
0.907018
0.9074367
0.9177026
0.9013874
0.9181609
0.9183731
0.9170383
0.917798
0.9227786
0.8999212
0.9036106
0.9156614
0.897188
0.9120938
0.9159344
0.9221664
0.9072621
0.9045347
0.9269518
0.904827
0.9129367
0.9072748
0.9158554
0.9115771
0.9026189
0.9084825
0.9033935
0.8985104
0.9136586
0.915156
0.8952767
0.9069293
0.9173226
0.9087413
0.9035736
0.9021782
0.9084241
0.9173749
0.9131742
0.9152136
0.9188772
0.8980279
0.9077907
0.9075445
0.913213
0.9184032
0.9073649
0.9187153
0.9205099
0.9126535
0.8887211
0.9111421
0.9031287
0.9045052
0.9006649
0.9059676
0.9000404
0.9020974
0.9202537
0.9152103
0.9153782
0.9241763
0.9264644
0.9058802
0.9177027
0.9084635
0.9151694
0.7735364
0.9168727
0.896872
0.9010263
0.9066638
0.7826321
0.9040928
0.9211197
0.9027993
0.8936842
0.9198244
0.9138874
0.9101788
0.9192867
0.90844
0.912393
0.9118594
0.8971262
0.9044715
0.9094507
0.916787
0.9041712
0.8978961
0.9001283
0.9083739
0.9063205
0.9037547
0.903795
0.888412
0.9045872
0.9336123
0.8945769
0.9142466
0.914947
0.9067437
0.9116878
0.9230006
0.91481
0.9135379
0.9146029
0.915184
0.9156687
0.9170069
0.907256
0.9216509
0.8955235
0.9142392
0.9112168
0.9023734
0.9063655
0.9104326
0.9020751
0.9041697
0.9108049
0.9051756
0.9102546
0.9058518
0.9009835
0.9063377
0.9108269
0.9079019
0.9152695
0.9064992
0.9125338
0.910713
0.9077096
0.9067921
0.9078597
0.9112417
0.9069087
0.9200357
0.9253021
0.921398
0.9229951
0.9099673
0.9010399
0.9249875
0.909206
0.924669
0.9055135
0.9168587
0.9273062
0.9058382
0.9158329
0.9078205
0.9019514
0.9009262
0.9018776
0.8795977
0.9145278
0.9162873
0.911434
0.8848746
0.883244
0.8969744
0.9155443
0.8897119
0.8984128
0.9093609
0.897276
0.9250525
0.8851225
0.9188721
0.9168977
0.9153275
0.9196895
0.9185498
0.9014986
0.9194247
0.9106665
0.8945614
0.8858931
0.8841549
0.8947013
0.8993331
0.916728
0.9173209
0.915195
0.8789578
0.9182845
0.8756538
0.9121298
0.9187884
0.9147076
0.9200734
0.9181242
0.9186531
0.9121591
0.9125344
0.8695826
0.9069388
0.9144038
0.8927687
0.8942761
0.8936663
0.8849348
0.9158651
0.8840662
0.8828449
0.8842229
0.8842683
0.8790968
0.9148407
0.8929309
0.8855033
0.9148666
0.8837459
0.8806512
0.9146595
0.900772
0.9032575
0.9135745
0.8915521
0.8985881
0.8900891
0.8983564
0.8950666
0.8928597
0.8978538
0.8963176
0.8936261
0.9016416
0.895795
0.9048175
0.8948282
0.8980406
0.8961053
0.8972858
0.8945128
0.8949224
0.8985044
0.9000385
0.9016995
0.9058444
0.8910186
0.9007183
0.9048417
0.8920324
0.9006326
0.8945648
0.8959327
0.9094749
0.895742
0.8970867
0.8998871
0.899014
0.8922256
0.8958378
0.8721564
0.9078374
0.9090202
0.9097065
0.8809298
0.8805644
0.8821256
0.9139591
0.8130404
0.8702251
0.8901357
0.8641688
0.9091731
0.8850823
0.9059667
0.90736
0.902932
0.9098129
0.9068874
0.8784189
0.9109376
0.9031384
0.8845874
0.8820414
0.8815176
0.8933126
0.8763019
0.9085252
0.9069357
0.9007433
0.8795065
0.9088492
0.880908
0.9083732
0.9076423
0.9057272
0.9127195
0.91361
0.90863
0.9059658
0.9023133
0.8723948
0.903371
0.9037429
0.8678745
0.8743396
0.8660223
0.8877699
0.9081945
0.8807945
0.8817467
0.8821367
0.8813701
0.8832739
0.9130665
0.8616411
0.8842951
0.8992101
0.8859126
0.8808984
0.9097633
0.8657688
0.8918088
0.9078433
0.8623846
0.8691289
0.8586782
0.8722124
0.8624781
0.8593239
0.8673892
0.8644301
0.8665184
0.8729251
0.8705123
0.8838567
0.8671448
0.8698024
0.8619377
0.8672727
0.8692472
0.8579671
0.8737942
0.8825383
0.8854532
0.8877078
0.8676345
0.8777582
0.8834547
0.8608705
0.8769807
0.8592595
0.8664032
0.8854838
0.8691468
0.8759506
0.8708286
0.8700714
0.85596
0.8588761
0.9014029
0.7803305
0.8159436
0.9262932
0.9099926
0.9101956
0.9225717
0.9257925
0.9084019
0.9068121
0.9135602
0.9074041
0.9021139
0.9163435
0.7940715
0.9115711
0.9143881
0.9067184
0.9106274
0.9191784
0.9051334
0.7163468
0.9172548
0.9085116
0.9019128
0.912679
0.9020779
0.9222179
0.919138
0.8944223
0.8950707
0.9180771
0.9090941
0.8412746
0.7817856
0.7406784
0.7923615
0.7939111
0.7784603
0.723717
0.846541
0.899062
0.9268031
0.7266007
0.9088139
0.9139328
0.9038413
0.8996626
0.9308137
0.9093648
0.9100797
0.9070701
0.9105867
0.9068725
0.9298033
0.9037607
0.9180657
0.8964563
0.9139614
0.9056765
0.8353394
0.9046868
0.9159667
0.8010025
0.8997378
0.9085481
0.8977404
0.9061923
0.9025293
0.8966419
0.9033746
0.9091428
0.9050665
0.9090555
0.901417
0.9268972
0.9040548
0.9030461
0.9045159
0.9104802
0.9135733
0.9015969
0.9157684
0.9217943
0.9147973
0.9174254
0.9148393
0.8992656
0.9209156
0.8976082
0.9172903
0.9080763
0.9074015
0.9218707
0.904492
0.9253071
0.9030713
0.9030061
0.900657
0.8968504
0.885925
0.9252336
0.9200234
0.9152238
0.8966713
0.8969506
0.8493427
0.9195696
0.8791105
0.8511747
0.9100329
0.8546215
0.928459
0.8938732
0.9218009
0.9177283
0.9170904
0.9230525
0.9164928
0.8500388
0.923616
0.9210563
0.9015363
0.90087
0.8972322
0.9083776
0.8967168
0.9184798
0.9186552
0.9148138
0.8959271
0.9210913
0.8952493
0.9189425
0.9206382
0.9207347
0.9251571
0.9235871
0.922265
0.9232417
0.9177068
0.8931268
0.903675
0.919449
0.8512768
0.8838368
0.7915903
0.9030857
0.921031
0.8969725
0.8970287
0.8989906
0.8968894
0.896322
0.9181375
0.7881806
0.8940513
0.9118668
0.8958998
0.89576
0.9209092
0.8373761
0.9106718
0.9218252
0.7940491
0.7879283
0.7930362
0.7923419
0.8196165
0.8040989
0.8068378
0.7995504
0.8096643
0.8179307
0.8063749
0.8570952
0.813134
0.799275
0.8131038
0.8187083
0.8303236
0.8147779
0.7864759
0.8553473
0.8404027
0.842814
0.8234247
0.8717053
0.8547171
0.8457732
0.862369
0.8453298
0.8565926
0.8684646
0.7892323
0.8260671
0.8128269
0.8371401
0.7982873
0.7933597
0.9064193
0.90496
0.9044192
0.9207484
0.9151731
0.914794
0.9240143
0.9235519
0.9069342
0.9173915
0.9072056
0.9118453
0.7792626
0.9170691
0.8996818
0.9014074
0.9037855
0.788083
0.9046368
0.9230054
0.9004313
0.8967049
0.9230328
0.9143229
0.9146952
0.9183475
0.9104678
0.9136685
0.9097136
0.8976808
0.9105638
0.910457
0.9170602
0.904988
0.8989725
0.9034425
0.9102044
0.9062148
0.9033709
0.9052069
0.8918073
0.9064867
0.9339278
0.8970968
0.9165111
0.9140944
0.9068366
0.9135061
0.922306
0.9145388
0.9139727
0.9137453
0.9147956
0.9179308
0.9191331
0.910406
0.9191673
0.9013182
0.9158858
0.9118553
0.9063619
0.9051784
0.9127638
0.9027174
0.9050261
0.9135272
0.9037461
0.9106563
0.9074243
0.8993787
0.9074249
0.9127734
0.9086678
0.9174496
0.9090909
0.9160577
0.909615
0.9043804
0.9047636
0.9093822
0.9118798
0.9073208
0.9218405
0.9236484
0.9192748
0.9263719
0.9119919
0.9013025
0.925626
0.9098062
0.9215617
0.907601
0.9155325
0.9254333
0.9089064
0.9161897
0.9091404
0.905117
0.900177
0.9025441
0.8681657
0.9043694
0.9019151
0.9147233
0.8825248
0.8823253
0.7943528
0.9134436
0.8602254
0.8313973
0.8906345
0.827757
0.9111755
0.8851887
0.8989176
0.9093886
0.9086953
0.9107201
0.9049538
0.8200816
0.9081814
0.8983532
0.8955026
0.8863677
0.8838475
0.8975423
0.8777911
0.9141185
0.9093436
0.901419
0.8805208
0.9133149
0.8806046
0.9004886
0.9001498
0.9018387
0.906818
0.9072551
0.903134
0.9030978
0.8957612
0.869338
0.9018897
0.9003868
0.8221353
0.8718097
0.7836673
0.8880121
0.9145812
0.8822298
0.8822447
0.8815823
0.8821939
0.8821447
0.9173568
0.776472
0.8889328
0.8992712
0.8815785
0.8813658
0.9014458
0.8258313
0.8958118
0.9034176
0.7763184
0.7890965
0.7702184
0.7787534
0.7781265
0.7730243
0.7785423
0.7840967
0.7971229
0.7963768
0.7920672
0.8515285
0.7926105
0.789795
0.7761283
0.7905506
0.8138731
0.7808746
0.7973851
0.8208101
0.7638718
0.7699031
0.6928163
0.8339394
0.8419014
0.8092133
0.8458491
0.8140242
0.8314713
0.8509644
0.7866107
0.8215952
0.7926048
0.8078195
0.7678708
0.7736295
0.8686008
0.9027803
0.8981396
0.9110052
0.8845668
0.8840454
0.7939375
0.9137484
0.860982
0.8336282
0.8930739
0.823807
0.9096463
0.8868048
0.9007203
0.9056684
0.9097208
0.9106371
0.9035056
0.8196257
0.9066457
0.8978708
0.8908737
0.8853148
0.8836727
0.8960684
0.8777592
0.9108692
0.9064024
0.8980253
0.8811935
0.9090097
0.8801339
0.9027674
0.8972308
0.9007072
0.9031822
0.9060384
0.9029483
0.9004491
0.8957079
0.8678987
0.9017019
0.8978533
0.8190778
0.8735995
0.7800581
0.8882142
0.9138706
0.8836268
0.8838437
0.8835436
0.8842751
0.8818432
0.9151772
0.7709359
0.887294
0.8976729
0.8826131
0.8801238
0.9021901
0.8229603
0.8923464
0.9006351
0.7736775
0.7856496
0.7700951
0.7751278
0.7765673
0.769147
0.7777204
0.7864266
0.7957242
0.7925353
0.7911174
0.8471609
0.7890518
0.7865942
0.7774897
0.7914485
0.8111459
0.7730275
0.798519
0.8152689
0.7608149
0.7656361
0.684411
0.8314928
0.8381013
0.7998914
0.8466107
0.8102354
0.8320781
0.8505042
0.7845347
0.8191296
0.7916094
0.8077749
0.765948
0.7703578
0.8863433
0.9248112
0.9203445
0.9145338
0.8968872
0.8971275
0.84902
0.9180451
0.8794945
0.851822
0.9092534
0.8530795
0.9281466
0.8938938
0.9217126
0.916962
0.9168887
0.9233048
0.9161331
0.8483952
0.9235276
0.9208537
0.9006257
0.9008913
0.8969781
0.9078618
0.8964245
0.9175156
0.9178433
0.9147988
0.8974057
0.919452
0.8962113
0.9180991
0.9215244
0.9212454
0.9254041
0.9245029
0.92285
0.9233029
0.9165245
0.8931076
0.9048433
0.919586
0.8522631
0.8837367
0.792586
0.9039588
0.9204623
0.8968762
0.8968934
0.8995943
0.8969491
0.8961472
0.9168137
0.7868596
0.8944642
0.9102682
0.8959597
0.8949559
0.9205977
0.8369961
0.9104274
0.9210375
0.7938685
0.786611
0.7944064
0.7914602
0.818501
0.8029455
0.8076702
0.8000232
0.8084862
0.8172247
0.8063836
0.8576611
0.8135962
0.7974737
0.8117466
0.8175923
0.8287491
0.8130608
0.7863404
0.8549861
0.840459
0.8424017
0.8249054
0.8710242
0.8553609
0.8465542
0.8627565
0.8450002
0.8553903
0.8698248
0.7895678
0.8270184
0.8116568
0.8363636
0.7956691
0.7919016
0.8857736
0.9250156
0.9193587
0.9150422
0.8968737
0.8970359
0.849438
0.9188756
0.8791193
0.8517758
0.9094666
0.85438
0.9281267
0.8939204
0.920872
0.9168693
0.9167589
0.9230579
0.9162306
0.8500923
0.9232835
0.9207976
0.9018923
0.9004882
0.8970038
0.9086528
0.8968414
0.9179539
0.9182814
0.9143248
0.8958951
0.9208704
0.8955314
0.9180436
0.9207563
0.9207776
0.9251623
0.9231832
0.9221582
0.9230237
0.917562
0.8926986
0.9037965
0.9191902
0.8520902
0.8837656
0.7918893
0.9028602
0.9208885
0.8969017
0.8970359
0.8989977
0.8970136
0.8960164
0.917919
0.7877237
0.8932732
0.9102132
0.8953587
0.8951785
0.9207658
0.837432
0.9101442
0.9211734
0.7942993
0.7872365
0.7934287
0.7904869
0.8191351
0.8035104
0.8072187
0.8003098
0.8087203
0.8170492
0.8069389
0.8573174
0.8131483
0.7980855
0.811706
0.818452
0.8295878
0.8139294
0.7848435
0.8556505
0.8404574
0.8416323
0.8230813
0.8722893
0.8554398
0.8464661
0.863368
0.8457706
0.8565611
0.869329
0.7874577
0.8267068
0.8117072
0.8366701
0.7969919
0.7924314
0.8868775
0.9259003
0.919909
0.9154083
0.8976815
0.8980385
0.8501793
0.9195668
0.8797553
0.8521385
0.9104493
0.8561692
0.9285315
0.8945823
0.9219475
0.9176503
0.9173871
0.9242259
0.9169111
0.8495235
0.9238009
0.9213554
0.9021919
0.9012162
0.897896
0.9084896
0.897534
0.9193492
0.9196382
0.9155714
0.8963966
0.921164
0.8963828
0.9190526
0.9210106
0.9213686
0.9254886
0.9241048
0.9228233
0.9235739
0.9181553
0.8934001
0.9045128
0.9200503
0.8531702
0.8838723
0.7933707
0.903121
0.9217674
0.8980991
0.8979996
0.9000353
0.8980154
0.896592
0.9183589
0.7896852
0.8944399
0.9113623
0.8958178
0.8967366
0.9213158
0.8372827
0.9111259
0.9221314
0.7957719
0.7884862
0.7946731
0.7929875
0.8211376
0.8052044
0.8088872
0.8012153
0.8110694
0.8185051
0.8067794
0.857513
0.8143478
0.7991746
0.8148233
0.8202747
0.8307131
0.8159495
0.7892375
0.8564284
0.8412974
0.8432764
0.825643
0.8724805
0.8560097
0.8470449
0.8639705
0.8469111
0.856797
0.8693556
0.7894123
0.8274023
0.8139065
0.8373092
0.7987003
0.7942475
0.9006861
0.9114225
0.8981655
0.9075504
0.9124516
0.9102366
0.9060969
0.9125814
0.893542
0.9095074
0.8954734
0.9098378
0.9080355
0.9026956
0.9025424
0.9003116
0.8998303
0.8978297
0.8642441
0.9077777
0.8758979
0.8980948
0.9163057
0.911789
0.9105374
0.9149808
0.9050649
0.8619839
0.8604872
0.8902115
0.9088963
0.8515018
0.9142088
0.8979897
0.9010509
0.8996581
0.910905
0.9120453
0.9099044
0.8992377
0.897099
0.9064293
0.9274392
0.898964
0.9041145
0.9027089
0.8960088
0.9133216
0.9092139
0.9106861
0.910706
0.9113788
0.9100858
0.9168274
0.9007102
0.9003205
0.9146896
0.8899948
0.9068836
0.9083821
0.9044964
0.9013381
0.9049615
0.9020682
0.8926595
0.9069524
0.8995032
0.9093584
0.9015055
0.8951131
0.9032831
0.8982456
0.9002983
0.910176
0.9038037
0.9006552
0.9039331
0.9065522
0.9048381
0.9031191
0.8987153
0.8976217
0.9104173
0.9173205
0.9106754
0.9164897
0.9004548
0.8948815
0.9121228
0.8993126
0.9110969
0.8987351
0.9135091
0.9225975
0.9033063
0.8972641
0.9022993
0.8967811
0.8926241
0.893577
0.901062
0.9073174
0.9019847
0.9085479
0.9144688
0.9147505
0.9120167
0.9142967
0.8956531
0.9115806
0.8956361
0.9078646
0.9087365
0.907709
0.8994577
0.8973487
0.905516
0.9029258
0.8708583
0.9081556
0.8776633
0.8986889
0.9149779
0.9088265
0.9118821
0.9147794
0.9043538
0.8601642
0.8634065
0.8870944
0.9080098
0.8523692
0.9126127
0.8956142
0.898556
0.8981656
0.9061792
0.9070952
0.9048856
0.8986262
0.893566
0.9040441
0.9247865
0.8977053
0.9094416
0.9062389
0.9001779
0.9099684
0.9103136
0.9139957
0.9140934
0.9134043
0.9139796
0.9146115
0.9064196
0.8988638
0.915958
0.8930507
0.906874
0.9084833
0.9019418
0.8984753
0.9069266
0.8976744
0.8950127
0.9058028
0.8982051
0.9050351
0.8998437
0.8923948
0.8994788
0.9019508
0.8966031
0.9089448
0.9027011
0.9057377
0.9057499
0.9072505
0.9035682
0.9001016
0.9022426
0.8968509
0.9124054
0.9168434
0.9106876
0.9181908
0.9000362
0.8971793
0.9122445
0.9036019
0.911532
0.8987627
0.9136634
0.9207403
0.9042599
0.8975007
0.9008423
0.8957677
0.8964055
0.8916774
0.8890306
0.9179383
0.9064236
0.8957024
0.8925931
0.893721
0.8904144
0.903459
0.8846791
0.903212
0.8850146
0.8990281
0.9118298
0.8910971
0.9125102
0.8986119
0.9020829
0.9075535
0.8994684
0.8919508
0.9085562
0.9154373
0.8966254
0.8973347
0.901637
0.9049215
0.8919862
0.8899062
0.8873078
0.8937265
0.9033508
0.8912373
0.9029784
0.9090028
0.9134938
0.9106485
0.9177611
0.9191773
0.9211395
0.9100971
0.9073583
0.8916764
0.9142565
0.911604
0.8961461
0.891661
0.8913647
0.9077045
0.8967959
0.8934637
0.8932802
0.8933382
0.893981
0.9020722
0.8947349
0.8855278
0.895877
0.8914597
0.8960038
0.8969816
0.9099282
0.8892266
0.838335
0.9132841
0.8883447
0.8914577
0.8901698
0.8987041
0.8944971
0.8888071
0.8937908
0.8816982
0.8826186
0.8954055
0.8973237
0.8836497
0.891079
0.9000505
0.8917675
0.8884538
0.8794467
0.8855326
0.9040097
0.9045818
0.899247
0.9065106
0.8835921
0.894802
0.9001112
0.8940373
0.9028333
0.8889335
0.902928
0.9087913
0.8958718
0.8755315
0.8947655
0.8899214
0.8892235
0.890011
0.8842584
0.9129353
0.9021295
0.8953497
0.8930514
0.8921385
0.8925097
0.9058367
0.8785494
0.8956304
0.889074
0.888186
0.9111143
0.8842499
0.9091717
0.9000573
0.9037279
0.9035468
0.8964723
0.8927334
0.9058959
0.9043412
0.8922348
0.894022
0.8966391
0.8988363
0.8800687
0.8922095
0.8908134
0.8903975
0.8936255
0.8946526
0.8932288
0.9015233
0.9073439
0.9037835
0.9117271
0.9101495
0.9117113
0.9023422
0.9005986
0.8827627
0.9095297
0.902534
0.8908521
0.8860541
0.8874713
0.8964958
0.8994536
0.8922417
0.8912989
0.8919572
0.8932364
0.8931689
0.8977427
0.8824089
0.894407
0.8884726
0.889247
0.8927874
0.901696
0.8855316
0.8274399
0.9030442
0.8835189
0.8916037
0.8871656
0.8977032
0.8839498
0.8843963
0.8910407
0.8859031
0.882572
0.8927466
0.8899308
0.8870301
0.8864759
0.8962688
0.8868166
0.8830499
0.8818311
0.885755
0.9022888
0.897217
0.8995829
0.9088797
0.8837031
0.886831
0.8972177
0.8880985
0.8979861
0.8820282
0.8939197
0.9063328
0.8924859
0.8803412
0.8922554
0.8853559
0.8809655
0.8815087
0.8619148
0.9188096
0.916655
0.9115143
0.850949
0.8508991
0.8907353
0.9148503
0.8828313
0.8885261
0.9065139
0.8839528
0.9248875
0.8626145
0.9194629
0.9181856
0.9157221
0.9256745
0.9186067
0.8865376
0.9218557
0.9166519
0.8774974
0.8566544
0.8572867
0.8780096
0.8884157
0.9173765
0.9180915
0.9161299
0.8671531
0.920594
0.8236823
0.9139504
0.9207458
0.9170069
0.9213208
0.9201064
0.9207994
0.9186185
0.9111692
0.8447085
0.8996143
0.9182844
0.8887491
0.8883997
0.8893919
0.8573658
0.9127098
0.8511034
0.850257
0.8494411
0.8514704
0.8275088
0.9161015
0.8871576
0.8613408
0.9141786
0.8570899
0.854605
0.9150084
0.8924144
0.9027664
0.9157043
0.8899765
0.8881311
0.8896137
0.8909182
0.8878406
0.8871656
0.8924472
0.8850056
0.8869502
0.8915974
0.89417
0.898814
0.8917548
0.89352
0.8917981
0.889484
0.8901911
0.8869638
0.8897768
0.8940518
0.8927959
0.8978761
0.8855288
0.9007024
0.8986883
0.8895987
0.8945907
0.8894752
0.8871736
0.8952807
0.8915333
0.889707
0.8905828
0.8933101
0.8879872
0.8848317
0.9015641
0.7769683
0.8107868
0.9244882
0.9096302
0.9097563
0.9233019
0.9253372
0.9055593
0.9076432
0.9109682
0.9074226
0.9011189
0.9133219
0.7902073
0.9121401
0.9117013
0.902863
0.9077341
0.9198351
0.9017425
0.7058924
0.9200099
0.90666
0.9027878
0.9101489
0.9027912
0.9183906
0.9163658
0.8947693
0.8961411
0.9187774
0.9080267
0.8371473
0.7785329
0.7333333
0.7943944
0.7947569
0.7755732
0.7202721
0.8401106
0.9018794
0.9251895
0.7179293
0.9089908
0.9103261
0.9040874
0.9018354
0.9307775
0.9092718
0.9102209
0.9067763
0.9097235
0.9062656
0.9268208
0.902667
0.9171169
0.8951563
0.9104812
0.9025485
0.8374991
0.9021727
0.9141622
0.7942699
0.9025827
0.9054885
0.8954964
0.9027317
0.9020215
0.8960306
0.9055011
0.9079933
0.9044906
0.9088844
0.8994466
0.9257111
0.9032408
0.9006924
0.9035416
0.9069542
0.9120617
0.899935
0.911093
0.9186715
0.9144517
0.9149637
0.9116683
0.9024329
0.9208157
0.8977208
0.9157743
0.9033926
0.9084698
0.9230876
0.9003767
0.9245303
0.9021739
0.9012667
0.8992644
0.8961204
0.8838155
0.9173399
0.9178341
0.9241965
0.8919702
0.8921707
0.8969803
0.9227445
0.8910069
0.8914292
0.9107702
0.8863265
0.9286335
0.8971654
0.9157027
0.9265587
0.9254215
0.9302731
0.9236249
0.8982836
0.9271647
0.9150871
0.8995145
0.8944855
0.8865961
0.9060692
0.8925146
0.9244916
0.9252618
0.9217976
0.8907053
0.9251213
0.8856654
0.9149254
0.9181276
0.9128091
0.9161934
0.9156689
0.9181799
0.9142669
0.9113576
0.8917427
0.9002924
0.9143556
0.8859911
0.8972665
0.8900171
0.8918603
0.9222362
0.8912536
0.8920924
0.890504
0.8915263
0.8801216
0.9261507
0.8908244
0.8955624
0.9192584
0.8970086
0.8871278
0.917524
0.8952672
0.9134826
0.9169501
0.8894462
0.8901929
0.8857869
0.8852558
0.886027
0.8882311
0.8889678
0.8907051
0.8933683
0.8954919
0.8895355
0.9112912
0.8956598
0.8873134
0.8843659
0.8899886
0.8926079
0.8830009
0.8902327
0.895368
0.8955302
0.8930697
0.8912009
0.9040754
0.8988839
0.8797719
0.8927569
0.8856204
0.8892905
0.897841
0.8901173
0.9000711
0.891775
0.8965076
0.8863261
0.8856968
0.8945506
0.9206454
0.9228057
0.9292946
0.8951027
0.8943669
0.905185
0.9261369
0.8968761
0.894748
0.9198369
0.8962068
0.9335598
0.8984328
0.918745
0.9313806
0.9300497
0.9360167
0.9267204
0.9066946
0.9310345
0.921137
0.9022393
0.8979693
0.8988983
0.9112199
0.8983003
0.9322291
0.9332115
0.9285788
0.8936747
0.9333953
0.8902951
0.9236987
0.9227713
0.9190968
0.9241099
0.9219504
0.9214078
0.9212332
0.917988
0.8915099
0.9059942
0.9192352
0.8930287
0.8978971
0.8963596
0.9005357
0.9311441
0.8943893
0.8938591
0.8932509
0.8949707
0.8877152
0.9329126
0.8984759
0.8958069
0.9286161
0.8997395
0.8954003
0.9235409
0.9067379
0.9190815
0.9187012
0.8969141
0.8998838
0.895169
0.8971328
0.8943419
0.8964004
0.8971705
0.8994621
0.8981452
0.8989537
0.8966735
0.917185
0.9000634
0.8949806
0.8963215
0.8982019
0.9041986
0.8941976
0.8977093
0.9008597
0.8993667
0.9003239
0.8996188
0.9080222
0.9040843
0.8878571
0.9011058
0.8954102
0.8968872
0.9025324
0.9026213
0.906627
0.8998238
0.9042869
0.8963148
0.8941638
0.875608
0.9151781
0.9118806
0.9135347
0.8905642
0.8907668
0.8372793
0.9173378
0.8672892
0.8419566
0.900039
0.8386771
0.9213662
0.8953346
0.9115395
0.9146064
0.9160146
0.9194597
0.9166223
0.845329
0.9187773
0.9097913
0.8985131
0.8909638
0.8920843
0.8996437
0.885928
0.9138316
0.913008
0.9083596
0.8928674
0.9129527
0.8865427
0.9124987
0.9111659
0.9124996
0.9149331
0.9136814
0.9151543
0.9105788
0.9047215
0.8801135
0.902978
0.9105619
0.8327763
0.8823045
0.7467187
0.8942552
0.9177486
0.8902352
0.8900926
0.8895166
0.8906306
0.8880123
0.9161656
0.7360043
0.8917905
0.9087925
0.8902059
0.8900133
0.9163622
0.8187392
0.9046542
0.9138069
0.7549648
0.7378625
0.7448784
0.7371115
0.7780156
0.7592735
0.7667517
0.7521347
0.7681737
0.7871212
0.7544826
0.8423135
0.7742216
0.7421174
0.7689819
0.7798948
0.8040648
0.7683331
0.1892143
0.8485251
0.8248502
0.8266946
0.8049252
0.85764
0.844545
0.8302192
0.8507891
0.8371839
0.8414666
0.8542918
0.7339648
0.8092573
0.7588695
0.8041193
0.7300525
0.7527611
0.8767451
0.9113929
0.9130526
0.9090179
0.8687336
0.8677002
0.8964228
0.9153276
0.8864031
0.8927784
0.9024503
0.8928317
0.9196062
0.8782348
0.9127964
0.9128166
0.913139
0.9195721
0.9129133
0.8996523
0.9127697
0.9144514
0.889144
0.8794321
0.876613
0.8861079
0.889558
0.9140207
0.9123883
0.9132858
0.8777997
0.9162873
0.8628532
0.9108855
0.9130771
0.9119229
0.9219903
0.917167
0.9152275
0.9101546
0.9070743
0.862656
0.904051
0.9105202
0.8915873
0.8917001
0.8921657
0.8797131
0.9134309
0.86744
0.8678241
0.8660776
0.867908
0.8643472
0.9142758
0.888553
0.8810735
0.9099173
0.8755035
0.8757678
0.9138274
0.8971735
0.9028284
0.9125808
0.8836596
0.8934005
0.8914709
0.8952662
0.8921872
0.8892551
0.8921734
0.8916247
0.8895034
0.9002299
0.8939664
0.8984655
0.8902142
0.8943069
0.8924426
0.8928905
0.8910029
0.8911237
0.8985082
0.904188
0.8990894
0.9010214
0.8894956
0.8957409
0.9049661
0.8919516
0.8970022
0.8939871
0.8967038
0.9027461
0.8962375
0.8935755
0.8937683
0.8949811
0.885476
0.8864963
0.8779295
0.9152542
0.9120324
0.9104665
0.8884195
0.8876268
0.820711
0.9130539
0.871314
0.8475253
0.9021816
0.8494261
0.9211755
0.8873765
0.9123035
0.9128577
0.9075807
0.9164558
0.9107041
0.8262301
0.9133494
0.9110284
0.8961965
0.8888929
0.8861985
0.8966958
0.8849255
0.9139853
0.9120443
0.9071203
0.8846795
0.9153333
0.8900961
0.9106198
0.9110125
0.9118495
0.9149331
0.9164513
0.9138579
0.9108083
0.9081557
0.8766824
0.9066597
0.9095194
0.8447071
0.8780085
0.8138605
0.8944923
0.9141491
0.8872124
0.8873477
0.8868898
0.8880498
0.8909156
0.9158641
0.8123125
0.8927003
0.9059817
0.8877364
0.8840062
0.9132998
0.8392017
0.9042282
0.9133338
0.8150136
0.8179287
0.8114394
0.8179329
0.8207865
0.8122677
0.8173066
0.8150938
0.822712
0.8325637
0.8258546
0.8611091
0.8228411
0.8240962
0.815306
0.8210016
0.8407491
0.815572
0.8296714
0.8305212
0.8069155
0.8094297
0.7772724
0.8542038
0.8494941
0.837648
0.8625473
0.8322186
0.852308
0.8682173
0.8199186
0.8347532
0.8351268
0.8361563
0.8114317
0.8100182
0.8550714
0.9122478
0.9157667
0.9137033
0.8392495
0.8392387
0.8898012
0.9168161
0.8781408
0.8819622
0.9062611
0.8818271
0.9211229
0.8619906
0.9126584
0.9167252
0.9163111
0.9269938
0.9173925
0.8899611
0.9156404
0.9099025
0.8763643
0.8448567
0.8442793
0.8753526
0.880349
0.9203101
0.9225469
0.919554
0.8503872
0.9227104
0.8003431
0.9105806
0.914208
0.9091941
0.9155311
0.9138903
0.9116834
0.9120771
0.9060858
0.8258869
0.8961551
0.9115302
0.8914362
0.8862226
0.8864231
0.8419705
0.9145475
0.8397985
0.8385397
0.8352133
0.8395702
0.8017647
0.9147938
0.8825157
0.8602158
0.9138498
0.8519043
0.8421072
0.9050532
0.8895412
0.902941
0.9146181
0.8866543
0.8833913
0.8811133
0.885535
0.8855106
0.8829004
0.8883832
0.8817263
0.8885756
0.8908184
0.8856243
0.9022751
0.8878096
0.8852109
0.8873879
0.8853448
0.8945137
0.8816572
0.8891957
0.8934371
0.89111
0.8911015
0.8850591
0.8939416
0.8950917
0.8820298
0.8828777
0.8868355
0.8848962
0.8936473
0.8860622
0.8939168
0.8862633
0.8922831
0.8823895
0.883624
0.8830918
0.9179215
0.9100272
0.9053547
0.8851104
0.8843851
0.8920398
0.9080853
0.877162
0.8957916
0.8894034
0.8930729
0.9152901
0.8824177
0.9149876
0.9023354
0.9055908
0.9121431
0.9085161
0.8891341
0.9133912
0.913421
0.8971805
0.8939864
0.8958431
0.9001043
0.8958828
0.8995581
0.8998189
0.8951867
0.890972
0.8977417
0.886924
0.9098586
0.9182657
0.9120696
0.9243094
0.9226777
0.9169409
0.9108251
0.9053427
0.8819971
0.9109033
0.9131412
0.8922955
0.8923264
0.8864258
0.8942276
0.9062016
0.8857443
0.8840206
0.8828678
0.8847771
0.8887281
0.9032636
0.886936
0.8887321
0.8943659
0.8899378
0.8866354
0.9142968
0.884157
0.8943918
0.9158407
0.8843041
0.8897652
0.8855494
0.8909143
0.8858759
0.8800059
0.8874251
0.8833467
0.8766415
0.8994783
0.8912619
0.882461
0.8956631
0.8942838
0.8849554
0.8906834
0.8827817
0.8868626
0.896675
0.9018841
0.899544
0.9038597
0.8845691
0.8940529
0.8963519
0.8893094
0.8955485
0.8826536
0.9001002
0.9050917
0.8912117
0.8740815
0.8907381
0.8861422
0.8825408
0.8844757
0.8629086
0.9122577
0.9195838
0.918886
0.8540113
0.8534521
0.8952692
0.9178657
0.8864957
0.8844147
0.9049175
0.8831985
0.9240695
0.8668569
0.9161454
0.9205173
0.9146107
0.926114
0.9159286
0.8969758
0.9154165
0.9107697
0.8808166
0.8552837
0.8539448
0.8747391
0.8859332
0.924118
0.9252034
0.9206606
0.8577932
0.9222167
0.8389942
0.9144007
0.9136025
0.9145516
0.9170999
0.9154633
0.9170218
0.9152608
0.9095442
0.8467068
0.8957882
0.9096802
0.892101
0.8858577
0.8873862
0.8606123
0.9167043
0.8541651
0.8542177
0.8541288
0.8539759
0.8331506
0.9194874
0.8876099
0.8677183
0.9174139
0.863147
0.8574876
0.9146179
0.8929396
0.9070419
0.9170333
0.8887805
0.8879391
0.886395
0.8885735
0.8831112
0.8863222
0.8905378
0.8880876
0.8916105
0.8947707
0.8871882
0.9063786
0.8919997
0.8934453
0.8907216
0.8907351
0.8979818
0.8891908
0.8974432
0.893504
0.8896322
0.8943185
0.8916835
0.8990855
0.9009146
0.8865712
0.8918755
0.8872725
0.8888249
0.8979043
0.8879839
0.8996138
0.8899899
0.8929943
0.8834484
0.8872383
0.8864547
0.9200603
0.9148045
0.913388
0.8848345
0.8847569
0.905319
0.9141447
0.8932088
0.8968361
0.9042836
0.9003872
0.9236192
0.888122
0.9176425
0.9145395
0.9130694
0.9208369
0.9161375
0.9066936
0.9185361
0.9144632
0.8916481
0.8856626
0.8881484
0.8958797
0.8968932
0.9194455
0.9166726
0.9136008
0.8905826
0.912066
0.8787824
0.914456
0.915801
0.9188706
0.9209008
0.9235647
0.9219292
0.9188073
0.9135194
0.8778079
0.9066756
0.9147218
0.8986054
0.8974732
0.9007694
0.8850566
0.9149114
0.884822
0.8847167
0.8853416
0.8841813
0.8790331
0.9169747
0.8980155
0.8847056
0.9105738
0.8916299
0.8880387
0.9161513
0.8975906
0.9072599
0.9181089
0.8989592
0.8996791
0.8972443
0.9014724
0.9002436
0.8980991
0.9001962
0.8973144
0.8982329
0.90458
0.8996149
0.9073023
0.9014666
0.9000677
0.8983671
0.8969464
0.9021368
0.8932396
0.9057189
0.9069735
0.9032372
0.9045696
0.8966493
0.9021471
0.9063293
0.8995455
0.9062116
0.8947501
0.9013509
0.9054861
0.9021789
0.9007961
0.9001284
0.9057839
0.8952649
0.8961573
0.9029929
0.9044229
0.9049094
0.9127166
0.9136854
0.9133878
0.9134693
0.9134136
0.9031676
0.9065015
0.9018438
0.9060815
0.911589
0.9102357
0.9031343
0.9018306
0.9053014
0.9081134
0.8740122
0.9083214
0.8782448
0.905425
0.9200694
0.9129954
0.9124629
0.9129829
0.9066528
0.8777419
0.8785934
0.8996847
0.9054581
0.8648588
0.9153898
0.9049622
0.9062321
0.9043856
0.9126611
0.9123568
0.9082829
0.9027025
0.8969054
0.9067137
0.9243999
0.9005909
0.9092527
0.9077687
0.9044581
0.9117227
0.9150221
0.9132905
0.9133492
0.9129323
0.9140456
0.9179411
0.9130865
0.9031526
0.9149397
0.8959959
0.9084119
0.9079447
0.905926
0.9077476
0.9102162
0.9074815
0.9029493
0.9091429
0.9057141
0.9087995
0.9038135
0.9012794
0.9051668
0.9056604
0.9041918
0.9114315
0.9047773
0.9074936
0.9039621
0.9078105
0.8995834
0.9057981
0.9039698
0.9008142
0.9124385
0.911646
0.9109198
0.9161897
0.9028878
0.9045784
0.9117001
0.9012717
0.9137949
0.9012697
0.9103637
0.9204788
0.9086657
0.9038336
0.9023022
0.9031452
0.9005046
0.8996038
0.8681768
0.9087544
0.9103837
0.9129734
0.8631952
0.861721
0.8929514
0.9153545
0.8792079
0.8827357
0.9047195
0.8848658
0.918549
0.8760507
0.9118032
0.9130159
0.9093154
0.9136794
0.9121792
0.8927402
0.9104067
0.909927
0.8870652
0.8649038
0.865603
0.8831335
0.8855081
0.9149672
0.9153002
0.9156494
0.8626216
0.9176705
0.8505597
0.9080837
0.9096081
0.9104557
0.9137657
0.9142293
0.9093497
0.9084782
0.9038009
0.8535295
0.9007263
0.9073888
0.8843217
0.8895897
0.8850583
0.8718241
0.9166609
0.8629702
0.8635693
0.863519
0.8617697
0.8543017
0.9172588
0.8860166
0.8768158
0.9084497
0.8649018
0.8646489
0.9126962
0.8920172
0.9021281
0.9067815
0.8831008
0.8900123
0.884628
0.88824
0.8854019
0.8852411
0.8861848
0.8852363
0.891807
0.8948952
0.8869694
0.901888
0.8872235
0.8904925
0.8866756
0.8896424
0.8908316
0.8841521
0.8925193
0.8992138
0.892127
0.895934
0.8852334
0.8977563
0.9040562
0.8822379
0.8926249
0.8814493
0.8877286
0.9004959
0.8874462
0.8946316
0.8880119
0.8922702
0.8822731
0.8846956
0.8742217
0.899774
0.9046625
0.9158071
0.8881311
0.887412
0.847265
0.9169488
0.8664813
0.8451194
0.9007505
0.8312171
0.907049
0.8903566
0.8986535
0.9074849
0.9099912
0.9108375
0.9071346
0.8475655
0.9071884
0.8970061
0.898426
0.8856624
0.8819787
0.8988538
0.8741484
0.9154137
0.9140441
0.9047517
0.8813311
0.9156108
0.8874882
0.8963531
0.8990236
0.898716
0.9026985
0.9040447
0.8993108
0.8989733
0.8924944
0.8737238
0.9074843
0.8946339
0.8403459
0.8754762
0.7424074
0.8906962
0.919579
0.8877577
0.8882954
0.8861057
0.8878387
0.88619
0.9161792
0.7435529
0.8895303
0.8994051
0.8867166
0.8896567
0.9013544
0.8045654
0.9041477
0.9008179
0.7470583
0.7553334
0.7456515
0.748986
0.7611487
0.7499076
0.7702778
0.7656836
0.7750898
0.77972
0.6804602
0.8446466
0.7730774
0.736827
0.7634452
0.7843277
0.8129638
0.7581123
0.762547
0.8489233
0.8292102
0.8321368
0.8077895
0.8394495
0.8443107
0.8164533
0.8571323
0.833701
0.8347148
0.8607391
0.7429832
0.8224219
0.6841857
0.7924394
0.7345203
0.7492407
0.8992205
0.8288494
0.8442083
0.9229171
0.9035786
0.9033455
0.9137981
0.9264685
0.898111
0.9046662
0.9079656
0.9022984
0.8965271
0.9112945
0.8329811
0.9008687
0.9090578
0.900805
0.9010828
0.9161035
0.9016351
0.8274233
0.9127578
0.9006723
0.8945248
0.9045284
0.8991873
0.9167982
0.9161063
0.8846849
0.8933568
0.9181505
0.9048004
0.7952242
0.8328034
0.8344493
0.8383161
0.8407722
0.8346271
0.8298365
0.8175472
0.8945208
0.9258691
0.8246206
0.9052901
0.9067695
0.8945289
0.8974578
0.9263518
0.9033667
0.9032246
0.9020285
0.9037594
0.8982456
0.9285026
0.8989251
0.9111906
0.8855193
0.9052952
0.8975024
0.8021824
0.8998367
0.9111062
0.8427152
0.8935125
0.9029884
0.888543
0.9003126
0.8889597
0.8903187
0.8987389
0.9034167
0.8974349
0.9029336
0.8938832
0.9203362
0.8994498
0.8962837
0.8967507
0.9026284
0.9049983
0.8930799
0.9112039
0.9142154
0.9103188
0.9128301
0.9049022
0.8949054
0.917058
0.8935502
0.9097207
0.8962457
0.901075
0.9168585
0.900435
0.9192927
0.8949497
0.8940273
0.8907822
0.89275
0.9038193
0.9176137
0.9136812
0.900774
0.9060512
0.9054129
0.9091691
0.9011808
0.8995913
0.9108405
0.8978919
0.9040395
0.9187555
0.897796
0.913057
0.9038361
0.8996552
0.9148359
0.9090364
0.9057648
0.9177897
0.9163911
0.9096436
0.9044259
0.9042893
0.9114835
0.9002942
0.9090495
0.906886
0.8975853
0.906525
0.9074893
0.9050012
0.914946
0.9164909
0.9177506
0.9207162
0.9231876
0.9205376
0.9193648
0.909274
0.900007
0.9188184
0.9134327
0.9046659
0.9012911
0.9011669
0.9028973
0.9000242
0.905623
0.9051082
0.903747
0.9052321
0.9089142
0.9011925
0.8988887
0.901593
0.8989594
0.9057754
0.9035146
0.9144832
0.8946549
0.8988083
0.9184299
0.8976461
0.9035884
0.9022385
0.9039933
0.9014624
0.8997169
0.9051291
0.8990561
0.8988302
0.9075249
0.906733
0.8950655
0.9023487
0.9035455
0.9025221
0.9015553
0.898114
0.901129
0.9130644
0.9093293
0.9128611
0.9163366
0.9041791
0.9012471
0.9047272
0.9045469
0.9097076
0.9022638
0.9126707
0.9114285
0.904805
0.8917472
0.9064362
0.9000636
0.9009454
0.9008472
0.903799
0.9163311
0.911785
0.9002823
0.9025551
0.9014474
0.908981
0.8983039
0.897722
0.9092611
0.895593
0.9039436
0.9179954
0.8944537
0.9148058
0.9026645
0.899157
0.9133989
0.9063254
0.9044504
0.9176343
0.9149785
0.9096457
0.9026378
0.9040778
0.9102757
0.8998734
0.9077032
0.9041706
0.8970713
0.9048576
0.907021
0.9050238
0.913419
0.9146354
0.9167707
0.9200152
0.9212384
0.9184112
0.9171997
0.9072561
0.897515
0.9161461
0.9129172
0.9045724
0.9015674
0.8983764
0.9030661
0.8994922
0.9011601
0.9013704
0.8998807
0.9015756
0.905481
0.8979313
0.8972918
0.8999438
0.8987233
0.9033083
0.9020283
0.9140539
0.8934589
0.8985747
0.9173826
0.8953385
0.9017585
0.900311
0.9043563
0.8996854
0.8989371
0.9039621
0.8987055
0.8962604
0.9057294
0.9034666
0.8949318
0.90078
0.9029477
0.9000141
0.8994703
0.8956964
0.9005546
0.9119519
0.9087255
0.911297
0.9156577
0.9032745
0.9008291
0.9042909
0.9039562
0.906876
0.9005743
0.9113242
0.9121121
0.9039067
0.8905264
0.9031647
0.899521
0.8990422
0.8991376
0.9032398
0.9061373
0.9037904
0.8969721
0.9088793
0.9086154
0.903318
0.9017316
0.8970561
0.9073856
0.8957093
0.9045327
0.9123483
0.9041788
0.9083405
0.8981806
0.90206
0.9023995
0.8788673
0.9078839
0.883955
0.9059618
0.9133171
0.9082018
0.9127481
0.9094376
0.9058912
0.8661394
0.8629014
0.8872037
0.9073799
0.8600129
0.9109422
0.9035548
0.9069256
0.9068855
0.9140714
0.9134935
0.9116064
0.9067696
0.8961675
0.9009746
0.9224613
0.9067207
0.9036837
0.9017339
0.8988539
0.9128223
0.9020343
0.9089477
0.9084199
0.9064327
0.9095981
0.9151219
0.8988667
0.897337
0.9104574
0.8873354
0.9081706
0.9079757
0.905282
0.8987111
0.8975391
0.9073895
0.8970947
0.9076509
0.8995633
0.9105096
0.9015977
0.8992722
0.9003909
0.8965027
0.8957939
0.9076593
0.9043209
0.8939355
0.9012033
0.9079585
0.9007778
0.8963306
0.8947713
0.8991337
0.9112496
0.9120793
0.9145157
0.9187335
0.899913
0.8990582
0.9100014
0.9021427
0.9142351
0.8993975
0.9126616
0.919537
0.9071713
0.8897178
0.9011573
0.8976591
0.900062
0.8985931
0.9050986
0.9022667
0.9003524
0.9181744
0.9168525
0.9167086
0.9177305
0.9218569
0.8987911
0.9170459
0.9009687
0.9130999
0.8533152
0.915496
0.8975722
0.8968082
0.902624
0.8491251
0.900435
0.9199971
0.900096
0.8958318
0.9268511
0.9108562
0.9149724
0.9197172
0.9081295
0.9085272
0.9083502
0.8932978
0.9096857
0.9104549
0.9178053
0.8991881
0.8994052
0.8929177
0.9058369
0.9069244
0.9055653
0.8961215
0.8906031
0.9045558
0.9349177
0.8939759
0.9068494
0.9108163
0.8999963
0.9164108
0.9244482
0.9166487
0.9172151
0.9154275
0.9170201
0.9181295
0.9191381
0.901009
0.9205683
0.892318
0.9139688
0.9103919
0.9026224
0.905813
0.9090546
0.9020855
0.8943563
0.9071273
0.8934681
0.9033244
0.8984818
0.8917378
0.8984407
0.9033228
0.8968219
0.9089956
0.9013894
0.907514
0.901119
0.9037739
0.8984188
0.90671
0.9040526
0.8982932
0.9165532
0.9233123
0.9184301
0.9245964
0.906674
0.8958595
0.9198385
0.90051
0.919184
0.9021942
0.913734
0.9245677
0.9016507
0.9113864
0.9024783
0.8961824
0.8939203
0.8935245
0.8720065
0.9027207
0.9032601
0.9097744
0.8778979
0.8756885
0.877011
0.9150239
0.8059795
0.8660655
0.8911226
0.8623309
0.9086946
0.8800969
0.9028912
0.9034336
0.9030269
0.9111408
0.9070867
0.8773881
0.904591
0.8974034
0.8861314
0.8826289
0.8748759
0.8912871
0.8703173
0.9044776
0.9018929
0.8958882
0.8785476
0.9075925
0.8821112
0.9020008
0.9029952
0.9025288
0.9087265
0.9093549
0.9029675
0.9030489
0.8969423
0.8771711
0.9031928
0.8988177
0.8666177
0.868804
0.8588783
0.8862334
0.9099124
0.8762485
0.8765081
0.8742379
0.876625
0.881665
0.9144169
0.8582226
0.8851931
0.8936666
0.8798325
0.8776084
0.902052
0.8630285
0.8907911
0.9003663
0.8569726
0.8653612
0.8509032
0.863047
0.8638405
0.8528592
0.8621826
0.8595694
0.8605411
0.8698851
0.8658703
0.8796048
0.8647133
0.8644899
0.8554384
0.860357
0.8605539
0.8564168
0.8741722
0.884165
0.8771752
0.884672
0.8574247
0.8762701
0.8796263
0.8568839
0.8711744
0.8487975
0.8665244
0.8851688
0.8634551
0.8677511
0.8668952
0.866104
0.8523394
0.8507744
0.8735172
0.9083387
0.9046049
0.9058832
0.8803845
0.8796107
0.8687603
0.9091765
0.7862826
0.8675672
0.8917933
0.8586529
0.9132484
0.8818255
0.9045579
0.9017723
0.9059266
0.911619
0.901836
0.8730963
0.9072139
0.9023466
0.8886916
0.8803085
0.8805165
0.8913981
0.8726157
0.9015332
0.9017538
0.8936487
0.8801103
0.9058586
0.8790915
0.9044191
0.9045881
0.9045508
0.9103147
0.9114041
0.9099847
0.9044409
0.902589
0.8707181
0.9030213
0.9058684
0.8630638
0.8639118
0.8594585
0.8830008
0.9078818
0.8798411
0.8801821
0.877837
0.8798063
0.882036
0.9092932
0.8558976
0.8824086
0.8930165
0.8823208
0.8781774
0.9075937
0.8639967
0.8917016
0.9043253
0.8508993
0.8595004
0.8557339
0.8647612
0.8638377
0.8521318
0.8572973
0.8618504
0.8527594
0.871886
0.8649919
0.8750462
0.8605809
0.8660411
0.8554122
0.8594088
0.8597366
0.8557501
0.8710256
0.8835713
0.8801392
0.8844438
0.8562087
0.8757636
0.8795439
0.8501213
0.8749273
0.8532829
0.8684075
0.8787681
0.8610905
0.8601435
0.8642561
0.8625874
0.850744
0.8526427
0.8786353
0.9076337
0.9076988
0.9143117
0.8903537
0.8903581
0.8869643
0.9152478
0.8420215
0.8806403
0.8945287
0.8742058
0.9140919
0.8934379
0.9048331
0.905838
0.9025091
0.9083373
0.9049428
0.8915111
0.9076025
0.9013236
0.8996705
0.890756
0.8891069
0.9013625
0.8862434
0.9094525
0.9090844
0.9025713
0.8849878
0.9089542
0.8906431
0.905165
0.9059579
0.9040446
0.9146923
0.9113163
0.9068673
0.9059622
0.8993341
0.8791547
0.9122936
0.9034703
0.8727472
0.8822681
0.8725772
0.8901548
0.915117
0.8889009
0.8895579
0.8890171
0.8899413
0.8904678
0.9178705
0.8728296
0.8925873
0.8970658
0.8898718
0.8870997
0.9075514
0.8745307
0.8992267
0.9067884
0.8663857
0.8783976
0.8632358
0.8782599
0.8722573
0.862962
0.8765364
0.8778018
0.8709333
0.8772473
0.8767268
0.8903411
0.8720414
0.8771315
0.8710213
0.8719375
0.8773354
0.8659496
0.8798464
0.8915714
0.8946278
0.8989935
0.879212
0.8794025
0.8911687
0.8666104
0.8860254
0.8683696
0.8772704
0.8862617
0.8772218
0.8836774
0.874079
0.8696765
0.8639988
0.8638702
0.8725559
0.9019192
0.9075615
0.9080594
0.8790402
0.8775241
0.8712221
0.9135184
0.7860076
0.862446
0.8905746
0.8541053
0.9057384
0.8790686
0.9003589
0.9035809
0.9036402
0.9077622
0.9044331
0.8747843
0.9018545
0.894917
0.8891147
0.8820734
0.8753554
0.8910201
0.8701941
0.9059354
0.9049305
0.8986398
0.8729753
0.9090157
0.8783957
0.8983803
0.8967248
0.9000683
0.9048777
0.9050884
0.9024828
0.9001256
0.8921959
0.8665847
0.9062865
0.8949453
0.8572438
0.8655987
0.8569018
0.8792023
0.9121138
0.876976
0.8771956
0.8787392
0.8782555
0.8798787
0.9151063
0.8540541
0.8846126
0.8893013
0.8816765
0.88052
0.9003107
0.8630817
0.8998456
0.899401
0.8485979
0.856017
0.8479897
0.8594707
0.855576
0.8436773
0.8593476
0.8606303
0.8570894
0.8615556
0.8616357
0.8838902
0.8597863
0.8592226
0.8509675
0.8607812
0.8639385
0.851655
0.8708897
0.8756428
0.8733923
0.8770498
0.855484
0.8641189
0.876277
0.8423668
0.8666642
0.8446932
0.8545285
0.8780789
0.8561726
0.8717911
0.8603404
0.8581531
0.8445298
0.8488112
0.87239
0.8999169
0.9010404
0.9077911
0.8784879
0.8792699
0.8809325
0.9101541
0.8140144
0.8738074
0.8935314
0.8646664
0.9004063
0.8834747
0.8970774
0.8988295
0.8973678
0.9000992
0.8983169
0.878799
0.9003197
0.891877
0.8903038
0.8831312
0.8798893
0.8930209
0.8712315
0.9052174
0.9006586
0.891325
0.8757374
0.906537
0.8843677
0.8967917
0.8981652
0.8969386
0.907809
0.9083277
0.9030596
0.8991497
0.8921028
0.8671995
0.9037148
0.8934088
0.8647757
0.8707795
0.8580504
0.8835795
0.9158737
0.8789267
0.879352
0.8767853
0.8790565
0.8814223
0.908115
0.8599161
0.8902851
0.8895239
0.8861563
0.8816577
0.900917
0.8621969
0.8910683
0.9025689
0.8560424
0.865569
0.8499545
0.8663088
0.8601997
0.8547977
0.863172
0.8690325
0.8571214
0.8710842
0.8628284
0.8812068
0.8619957
0.8632539
0.8551818
0.8627436
0.8612356
0.8545715
0.8746517
0.8830928
0.8835071
0.8863497
0.8655738
0.8705493
0.8838503
0.8537342
0.8800903
0.8543792
0.8717191
0.8801366
0.8643242
0.8724215
0.86
0.8624826
0.8501804
0.8538738
0.8724467
0.9112336
0.9080732
0.9103354
0.8811593
0.8808761
0.8779817
0.9136274
0.8019701
0.8696082
0.8909872
0.861032
0.912995
0.8803868
0.9063001
0.9058242
0.9051755
0.9089196
0.9070264
0.8800029
0.9125062
0.9066341
0.8865096
0.8843032
0.8803945
0.8924358
0.8753481
0.90654
0.9024558
0.8994663
0.879453
0.9030432
0.8835008
0.9035031
0.9061395
0.9067247
0.9132297
0.9154582
0.9096186
0.9078148
0.9043779
0.8745989
0.9031642
0.9059326
0.861605
0.8704745
0.8650225
0.8881875
0.9092474
0.8808207
0.8820151
0.8834585
0.8814766
0.8832958
0.9097004
0.8620408
0.8830178
0.8963972
0.8831339
0.8797792
0.9096626
0.8678826
0.895125
0.9062108
0.8595211
0.8692177
0.8591286
0.8713862
0.8620715
0.8539695
0.8686094
0.8561105
0.864386
0.8744886
0.8675152
0.881417
0.8691568
0.8688911
0.8611919
0.8633238
0.8663266
0.856367
0.8729284
0.8782621
0.8781895
0.8843222
0.8651673
0.8732815
0.8841622
0.8624456
0.8763205
0.8538594
0.8631018
0.8795403
0.8678188
0.869076
0.8718694
0.8692356
0.8541808
0.8564128
0.8764328
0.9018556
0.905194
0.917898
0.8847683
0.8842063
0.8913261
0.9178186
0.8382665
0.878252
0.894512
0.8758601
0.9093951
0.8932222
0.9037483
0.9037429
0.9038012
0.9082595
0.905582
0.8936086
0.9081906
0.8992749
0.8932734
0.886446
0.8842006
0.8969521
0.8825601
0.9114381
0.9071285
0.9031715
0.8769977
0.9155085
0.8920311
0.901803
0.9014629
0.8995813
0.9070544
0.909078
0.9062867
0.9024998
0.8980103
0.8810473
0.9106874
0.8975478
0.8832399
0.8839584
0.8708085
0.8865662
0.919474
0.8837874
0.8836006
0.8845918
0.8831446
0.8837041
0.9201575
0.8749954
0.8902211
0.8990433
0.8905023
0.8849949
0.904111
0.8780497
0.8995176
0.9070733
0.8707068
0.881665
0.867012
0.8782277
0.8731052
0.8626558
0.8769579
0.8821104
0.8721967
0.8812007
0.8766148
0.8942698
0.8759311
0.8746803
0.8707917
0.8729511
0.8773044
0.8693276
0.8848149
0.8912818
0.8915275
0.8957661
0.8787281
0.8785074
0.8945621
0.8659722
0.8840194
0.8649638
0.8724766
0.8957912
0.8760442
0.890715
0.8743413
0.8761508
0.8659288
0.8689126
0.8769814
0.8995205
0.9054821
0.9167683
0.883847
0.8840108
0.8934907
0.9191225
0.8393472
0.8786311
0.8962852
0.8745268
0.9096037
0.8914509
0.900916
0.904424
0.9037823
0.9112999
0.9074514
0.8915754
0.9066824
0.8961194
0.8962021
0.8875357
0.8838411
0.8975748
0.8813922
0.9154704
0.9111991
0.9060503
0.8738732
0.9157439
0.8882671
0.9040573
0.9012897
0.896768
0.9088882
0.9076624
0.8990977
0.8995079
0.8953534
0.8767505
0.9106599
0.8933116
0.8830859
0.8803862
0.8753436
0.8847534
0.9215659
0.8826232
0.883123
0.8843557
0.883031
0.8860887
0.9222566
0.8771103
0.892052
0.8964341
0.8907397
0.8855249
0.9006315
0.8794578
0.9013859
0.9057242
0.8721805
0.8815527
0.8680868
0.8754272
0.8730019
0.8667459
0.8769736
0.8843552
0.8755984
0.8814534
0.8748677
0.8954614
0.87603
0.8768301
0.8746284
0.8744594
0.8821287
0.8711435
0.8869422
0.8930979
0.8914845
0.8948171
0.8826927
0.880035
0.89609
0.8667496
0.8869431
0.8704996
0.8743893
0.8943704
0.874544
0.892647
0.8776826
0.8781894
0.8674717
0.8678497
0.8657813
0.909653
0.905048
0.9068713
0.8801155
0.8798713
0.8697339
0.9057994
0.7906061
0.8657889
0.8861584
0.8573664
0.907613
0.8741695
0.9001618
0.9009112
0.8996459
0.9045828
0.8973777
0.8714697
0.9039601
0.9010407
0.8891797
0.880736
0.8765236
0.8939443
0.8711928
0.898421
0.8985228
0.8945933
0.8780578
0.9016744
0.8758877
0.9014734
0.9013288
0.9028342
0.9091039
0.9088415
0.9095492
0.9039061
0.8965405
0.8645024
0.90381
0.8993838
0.8561575
0.8612742
0.8545571
0.8849848
0.9075598
0.8801432
0.8799123
0.8774352
0.8800672
0.8820994
0.9073095
0.8478343
0.881289
0.8926684
0.8782867
0.8825812
0.9053231
0.8578615
0.888574
0.8999739
0.846997
0.8555231
0.844409
0.859368
0.8538276
0.8438562
0.8521301
0.852451
0.8470517
0.8625533
0.8593278
0.8714456
0.8549873
0.8561334
0.841969
0.8507508
0.8551566
0.8428001
0.8650972
0.8755661
0.8695477
0.8788088
0.8540415
0.8628776
0.8762834
0.8507278
0.8680298
0.8441716
0.8620369
0.8817033
0.8551657
0.857812
0.864432
0.8534685
0.8462475
0.8425353
0.8751008
0.9094375
0.9092546
0.9069365
0.8797042
0.8792563
0.8748139
0.9118036
0.8086294
0.8700286
0.8984462
0.8669882
0.9111424
0.8797806
0.9082696
0.9061599
0.9011462
0.9122579
0.9043958
0.8775175
0.9063207
0.9070913
0.8870903
0.8809759
0.8800778
0.8901629
0.8745322
0.9094303
0.9063119
0.8976583
0.8820961
0.9071272
0.8846518
0.9065828
0.9073744
0.9072172
0.913373
0.9133388
0.9082834
0.9080341
0.9040103
0.8741509
0.9048545
0.9041076
0.8692602
0.8730326
0.8663326
0.8835022
0.9120255
0.8780968
0.8788067
0.8789547
0.8783084
0.8768972
0.9128736
0.860899
0.884248
0.8960954
0.8816413
0.8805277
0.9093031
0.868098
0.900369
0.9059132
0.8618971
0.8735822
0.8609183
0.8668237
0.8703279
0.858705
0.8726925
0.8659239
0.8586337
0.8757712
0.8703561
0.8819638
0.8654415
0.8659302
0.8586814
0.8667828
0.8638099
0.8593586
0.8737591
0.8803465
0.8792991
0.8856989
0.8662222
0.8795291
0.8817497
0.8570475
0.8751045
0.855615
0.8691716
0.8840308
0.8628772
0.8692508
0.8702141
0.8666294
0.8565041
0.8582583
0.8773709
0.9020092
0.9053839
0.9156656
0.8887008
0.8871812
0.8906891
0.9145979
0.8369363
0.8782883
0.8979891
0.8745854
0.9067956
0.8876544
0.9021817
0.9015921
0.9042632
0.9068336
0.9023684
0.8924515
0.9041125
0.894405
0.8913553
0.8882138
0.883993
0.899914
0.8782799
0.9086287
0.9125067
0.9004491
0.8808582
0.9131101
0.8856439
0.9055971
0.9010269
0.8996958
0.9092584
0.9113866
0.904801
0.9010092
0.8948426
0.878089
0.9084651
0.8949537
0.8827509
0.8821453
0.872839
0.8854718
0.9165014
0.8868442
0.8878633
0.8865998
0.8869258
0.8853153
0.9170977
0.8730077
0.8910955
0.8934256
0.889538
0.8891821
0.9049607
0.8769755
0.9008102
0.9040495
0.8704528
0.8804814
0.8691413
0.8780195
0.8693148
0.861716
0.8783459
0.8809628
0.8724404
0.8802232
0.8752558
0.8901251
0.8778114
0.8757027
0.871328
0.8754675
0.8762333
0.8685708
0.8847705
0.8921499
0.892593
0.8956448
0.8777404
0.8791181
0.8947556
0.8661336
0.8877741
0.8686809
0.8775622
0.8924436
0.8758346
0.8890105
0.8761052
0.8726588
0.86449
0.8659656
0.8747438
0.9036097
0.9067707
0.9095352
0.8814968
0.879872
0.8771879
0.9142283
0.8089822
0.8696399
0.8928597
0.8688062
0.9090385
0.8789605
0.904012
0.905525
0.904917
0.9125059
0.9051786
0.8797729
0.9085769
0.8985434
0.8898923
0.8848375
0.8804495
0.8934695
0.8721937
0.9066686
0.9031061
0.8986959
0.8811112
0.911173
0.8829412
0.9033619
0.9042755
0.9006694
0.9079027
0.9095385
0.905226
0.9039735
0.9012218
0.874208
0.9016277
0.9012594
0.8699905
0.8723946
0.8602867
0.8875036
0.9097505
0.880712
0.879872
0.8778987
0.8798634
0.8814785
0.9167658
0.8619166
0.8869848
0.8928011
0.884561
0.8811416
0.9026235
0.8660711
0.8939628
0.9017339
0.8588914
0.8673763
0.8546067
0.865021
0.8647345
0.8531218
0.8650486
0.8615276
0.8641747
0.8726622
0.8647072
0.8813883
0.8666888
0.865922
0.8599225
0.8638724
0.860138
0.8602571
0.8725848
0.8846653
0.8778003
0.883207
0.8599777
0.8779317
0.8809395
0.8550666
0.8709395
0.8494466
0.8656156
0.885947
0.8656837
0.8715017
0.8649797
0.8688908
0.857587
0.855566
0.8684336
0.908593
0.9099839
0.9120649
0.8696587
0.8694099
0.8989856
0.9161202
0.8842544
0.891038
0.9065203
0.8914828
0.9198498
0.8795286
0.9112384
0.9119102
0.9162114
0.9186245
0.9103971
0.8986743
0.9118158
0.9116896
0.8906496
0.8740304
0.8758988
0.8861783
0.890784
0.9111766
0.9104642
0.9150953
0.8718946
0.9158776
0.8647875
0.9136524
0.9134304
0.9105513
0.9182012
0.9149807
0.9169122
0.9069333
0.9046827
0.8578586
0.9047068
0.9067311
0.8940284
0.8925986
0.890445
0.8777052
0.9160725
0.8688202
0.8697395
0.8663014
0.8688333
0.8593882
0.9125428
0.8893447
0.8842014
0.9082887
0.8767908
0.8756684
0.9119765
0.8962626
0.9028693
0.9115218
0.8846959
0.8930793
0.8904263
0.8919922
0.8879021
0.887554
0.889822
0.8886605
0.889815
0.8981242
0.8942782
0.8991753
0.890247
0.8929988
0.8907218
0.8928456
0.8920691
0.8890773
0.8976883
0.9034199
0.8954605
0.9032179
0.8928315
0.8933994
0.9040445
0.8908786
0.8980903
0.8929122
0.8948138
0.9029791
0.8945021
0.8970784
0.8911867
0.893663
0.8857485
0.8833673
0.8576304
0.8998711
0.9098289
0.9104713
0.8585321
0.8584428
0.8942691
0.9156252
0.8819987
0.8792199
0.9032315
0.8832906
0.9131245
0.8729157
0.90005
0.9114576
0.9167715
0.9129887
0.9102799
0.8912066
0.9074266
0.8998126
0.8821265
0.8530092
0.8483311
0.869482
0.8764775
0.9230606
0.9194217
0.90979
0.8484506
0.9188242
0.8473611
0.9052286
0.9044988
0.9038372
0.9077692
0.9070451
0.9047059
0.9044303
0.9019992
0.8231473
0.8962016
0.8968552
0.8818975
0.8812955
0.880822
0.8570048
0.9206817
0.8577561
0.8588227
0.856238
0.8595481
0.8422337
0.9173389
0.8824835
0.8704124
0.9059992
0.8593536
0.8517606
0.9009796
0.8879373
0.9020097
0.9076929
0.8781672
0.8819409
0.8748761
0.8815504
0.8807976
0.87876
0.8796913
0.8823058
0.883498
0.8860705
0.8821138
0.900306
0.8857257
0.8799927
0.8779434
0.8852316
0.8876478
0.8809306
0.8852866
0.8933262
0.8884149
0.8906746
0.8866024
0.891551
0.8965161
0.8750045
0.8893975
0.878145
0.8758017
0.8915654
0.8800407
0.8952084
0.8795413
0.8858644
0.8766866
0.8780954
0.8590272
0.9025465
0.9080062
0.9117223
0.8643005
0.8619032
0.8900143
0.9157031
0.8772975
0.8840957
0.9028457
0.8811288
0.9156147
0.8798353
0.905415
0.9100216
0.9098991
0.9143156
0.9123836
0.8913773
0.912359
0.9010001
0.8862482
0.8703547
0.8698579
0.8787857
0.8836744
0.913233
0.912051
0.9072788
0.8642881
0.917298
0.8564773
0.9018251
0.907204
0.9035313
0.9083316
0.9104694
0.9027151
0.9042053
0.898932
0.8502994
0.8993219
0.9030715
0.8864474
0.8877474
0.8836632
0.8689734
0.9133005
0.8623545
0.8628704
0.8626524
0.8623301
0.8573765
0.9144573
0.8832841
0.8766758
0.9055391
0.8687631
0.8678507
0.9037881
0.8844061
0.8960549
0.9030278
0.8767003
0.8852519
0.8813901
0.8845694
0.8827422
0.8800972
0.8832157
0.8854288
0.8816941
0.8908757
0.8847774
0.8950366
0.8886235
0.8873117
0.8839817
0.8845747
0.8860732
0.8806654
0.8927125
0.8962268
0.8909293
0.8955776
0.8822542
0.8890261
0.8970541
0.8858185
0.8934901
0.8831486
0.8876392
0.8961136
0.8835985
0.8921679
0.8892508
0.8850844
0.8770274
0.8800897
0.8823208
0.9042831
0.9009528
0.8984558
0.8964701
0.8967534
0.8938577
0.9037963
0.8786509
0.8961053
0.8880359
0.8897984
0.9030747
0.8904843
0.9059327
0.9007614
0.8969459
0.8994518
0.8980016
0.8931763
0.9047842
0.9019601
0.895152
0.8886915
0.8921145
0.8948965
0.8824515
0.896077
0.8925174
0.889354
0.8875707
0.8960586
0.8936715
0.8970848
0.8990041
0.9027952
0.906594
0.9074232
0.9066429
0.9063601
0.8951743
0.8779698
0.9115849
0.899238
0.8899384
0.8875467
0.8814118
0.8926674
0.896635
0.8958251
0.895763
0.8929587
0.895464
0.8954805
0.8984489
0.8784091
0.8963152
0.8868881
0.885707
0.8901445
0.9022377
0.879614
0.8231574
0.9015337
0.8784615
0.8880759
0.8829406
0.889594
0.8803212
0.8773602
0.8878694
0.8843274
0.8749954
0.8945385
0.8894558
0.886633
0.8840574
0.8886396
0.8835296
0.8833905
0.8827023
0.8765409
0.8986407
0.8987491
0.8988348
0.9028082
0.883676
0.8877729
0.8987906
0.8860984
0.9003731
0.8793425
0.8935642
0.9084795
0.8867104
0.8803999
0.887922
0.882502
0.8775992
0.8765692
0.8709369
0.904937
0.9013375
0.9085342
0.8839635
0.885218
0.8230857
0.9115871
0.8590619
0.8348344
0.8912996
0.8300076
0.9097425
0.8825706
0.9020917
0.9054827
0.9055723
0.9101846
0.9061247
0.8323785
0.9094712
0.9007251
0.8921696
0.8850358
0.8846911
0.8971287
0.8792607
0.9063903
0.9057445
0.8934699
0.8834802
0.9042002
0.8838705
0.9001722
0.9035671
0.9009019
0.9097968
0.906786
0.9055742
0.9024068
0.8977529
0.8721677
0.9037579
0.9006229
0.8264343
0.8740692
0.7420986
0.8881846
0.9141241
0.8848798
0.8837235
0.8841907
0.8842368
0.884515
0.9085876
0.7335867
0.8876242
0.8941288
0.8848399
0.8873423
0.9087796
0.7965615
0.8908481
0.9042016
0.7451622
0.7475768
0.744313
0.7398391
0.757625
0.7383518
0.7633443
0.7564009
0.7680543
0.7841863
0.7593818
0.8353642
0.7669728
0.7443569
0.7598329
0.7823892
0.7917076
0.7558376
0.7573237
0.8389783
0.8140827
0.8196597
0.7829002
0.8369231
0.8382176
0.8165792
0.8529303
0.8222666
0.8336868
0.858587
0.7413906
0.7984904
0.7595284
0.7917146
0.7303609
0.7372716
0.8579267
0.9151579
0.9156067
0.9120602
0.8515268
0.8504506
0.8894442
0.9122321
0.8832963
0.8886617
0.9036102
0.8852175
0.9226835
0.8639033
0.9177669
0.9138956
0.9130343
0.9221224
0.9141282
0.8881197
0.916516
0.9114502
0.8822825
0.8618355
0.8619755
0.8796644
0.8882313
0.9181177
0.9158729
0.9098544
0.8643973
0.9155835
0.8366907
0.9116157
0.9133555
0.9148418
0.9196297
0.9199664
0.9172744
0.9139849
0.9082504
0.8448191
0.8951332
0.9129539
0.8875652
0.8841027
0.8854931
0.8646414
0.9115829
0.8526625
0.850579
0.8513463
0.8520899
0.8330369
0.9117771
0.8808483
0.8677971
0.9102996
0.8613338
0.8595529
0.9152483
0.8898225
0.9034439
0.9141346
0.8824043
0.8845249
0.8848211
0.8894996
0.8840105
0.8802364
0.8863727
0.886035
0.8785238
0.8912552
0.8895217
0.8966015
0.8895336
0.8883078
0.8881553
0.8832775
0.8884836
0.8825567
0.8941508
0.8908239
0.8896009
0.8933077
0.8820192
0.8966844
0.8995632
0.8864577
0.8913711
0.881488
0.886708
0.8950994
0.8887127
0.8832521
0.8895982
0.8863446
0.8833717
0.8791193
0.8803363
0.9095688
0.9154535
0.9185366
0.8782599
0.8790765
0.9070283
0.9176296
0.8953866
0.8898217
0.9089943
0.8907457
0.9214639
0.8827965
0.912223
0.9199804
0.9178173
0.9242419
0.9154854
0.9026615
0.9187418
0.9087949
0.889583
0.876823
0.8764408
0.8895526
0.8976353
0.9214895
0.9200993
0.9183637
0.8801041
0.921183
0.873791
0.9149576
0.9157307
0.911226
0.917086
0.9120379
0.9136344
0.9111794
0.9092455
0.8683169
0.8997237
0.9069609
0.8995437
0.8966425
0.8951014
0.8777218
0.9187218
0.8787361
0.8791988
0.8773884
0.8786205
0.8714961
0.9210966
0.8918792
0.8871591
0.9156609
0.8836054
0.8747253
0.9105476
0.9027599
0.9079008
0.9129799
0.8940371
0.8956906
0.8920866
0.8983801
0.8933671
0.894414
0.9011401
0.8977829
0.8956925
0.8990875
0.8953075
0.9093541
0.9007644
0.89806
0.8969332
0.8948298
0.9008474
0.8915767
0.9023586
0.9036665
0.9028968
0.9059697
0.896719
0.8999461
0.9022738
0.8886611
0.8972491
0.8948145
0.8944971
0.9023701
0.8982184
0.9032549
0.8985528
0.8992458
0.8913588
0.8896371
0.9043847
0.7000933
0.8147581
0.925281
0.9079816
0.9083008
0.923987
0.9277352
0.9092597
0.9076248
0.9127127
0.9049972
0.9018376
0.9159165
0.7883675
0.9123012
0.919586
0.9070763
0.9101557
0.9187183
0.9020971
0.7593332
0.9168313
0.905591
0.9034527
0.9126389
0.9011771
0.9180719
0.9198252
0.8993296
0.8944354
0.9220963
0.9076184
0.8409082
0.774975
0.7672681
0.7846233
0.7942918
0.7369723
0.7709832
0.8443976
0.8998595
0.9254202
0.7590626
0.9102034
0.9126725
0.9058832
0.8980054
0.928926
0.907933
0.908804
0.905828
0.9088494
0.9026201
0.9274935
0.9083746
0.9208716
0.8960996
0.9094491
0.902741
0.8345788
0.9073127
0.91833
0.7910369
0.9026574
0.9080051
0.8966302
0.9072406
0.9031621
0.8997612
0.9075926
0.9104259
0.9098958
0.90975
0.9014593
0.9279479
0.9051116
0.9004973
0.9078853
0.9095477
0.9143019
0.9006513
0.9163744
0.9194912
0.9166579
0.9179128
0.9144912
0.9029412
0.9220784
0.9002068
0.9124969
0.9042884
0.9059255
0.9225399
0.9062089
0.9260228
0.9038571
0.9059648
0.9011362
0.9004803
0.9042534
0.7818108
0.8273993
0.9295177
0.9068804
0.9063773
0.9284738
0.9309056
0.9133338
0.9082858
0.9168633
0.9058616
0.9027982
0.9171655
0.7966627
0.9123247
0.9167556
0.9056131
0.9115413
0.9206824
0.9034543
0.7770758
0.9185074
0.9029355
0.8985332
0.9115695
0.9013972
0.927585
0.922211
0.9036535
0.8903164
0.9258888
0.9056768
0.8508241
0.7886991
0.7871982
0.7940731
0.7973102
0.7844376
0.7864435
0.8472518
0.8974829
0.9273633
0.7765252
0.9115634
0.9159831
0.9085872
0.8978996
0.9332474
0.9063975
0.906535
0.9053235
0.9070161
0.9014284
0.9282976
0.9132157
0.9174731
0.903904
0.9105299
0.9001492
0.8396295
0.9138055
0.9214059
0.8097952
0.9026198
0.9110688
0.9018564
0.9079766
0.9048467
0.9020592
0.9109695
0.916301
0.9144664
0.9118447
0.9030365
0.9313635
0.9064938
0.9034535
0.9113585
0.9142034
0.9188175
0.904703
0.9154528
0.9190042
0.9182428
0.9219416
0.9153261
0.9059336
0.9246389
0.9033468
0.9151507
0.9115028
0.9069608
0.9240729
0.9048789
0.9309236
0.9063731
0.9065335
0.903844
0.9017383
0.8736049
0.9083413
0.9048914
0.9106535
0.8899122
0.889077
0.8424992
0.9135926
0.8600365
0.8493273
0.8964603
0.8387982
0.9131168
0.8831511
0.9001536
0.903009
0.9053963
0.9064084
0.9096043
0.8483818
0.908041
0.9007097
0.8951488
0.8857681
0.8907161
0.898701
0.8813097
0.9105886
0.9094812
0.9015252
0.8847094
0.9084144
0.8860599
0.9005909
0.9010376
0.9018284
0.9063621
0.9056765
0.9071886
0.9030926
0.8954485
0.8771968
0.9026552
0.8971973
0.836554
0.8739252
0.7515887
0.8899523
0.9147735
0.8888609
0.8888369
0.8878559
0.8895004
0.884238
0.9140324
0.752094
0.8880672
0.896732
0.8855716
0.8819614
0.9058225
0.8082565
0.8994461
0.9028474
0.7630095
0.7589876
0.7686585
0.7641528
0.7819707
0.7648036
0.7808735
0.7729275
0.7803048
0.7952357
0.6788688
0.8365029
0.7841883
0.7620272
0.7739701
0.7844233
0.801403
0.7718468
0.7635667
0.8462197
0.8293236
0.835479
0.807431
0.8447945
0.8468099
0.8241044
0.8570324
0.8322114
0.8414309
0.8628849
0.7610872
0.8137396
0.7005153
0.789601
0.7565961
0.7617251
0.8694034
0.9156174
0.9153809
0.911399
0.8730406
0.8731219
0.8839349
0.9147548
0.8724206
0.8780602
0.9019726
0.869097
0.9206989
0.8795787
0.913659
0.9167103
0.9147522
0.9194798
0.9136347
0.8879249
0.9125252
0.9142069
0.8706243
0.8780452
0.8764852
0.8916155
0.8765454
0.9170725
0.9179362
0.9119288
0.8726553
0.9194371
0.8683797
0.9117543
0.9127193
0.9170865
0.9189283
0.9185864
0.9153655
0.9162329
0.9074857
0.8658788
0.8812674
0.9119321
0.872811
0.8834924
0.8753555
0.8856793
0.9091826
0.8715936
0.8723443
0.8710615
0.8720145
0.8640958
0.9109257
0.8794342
0.8811885
0.9114947
0.877738
0.8726087
0.9108897
0.878714
0.8978634
0.91438
0.8731547
0.8749955
0.873433
0.8824312
0.8763529
0.8749908
0.8757534
0.8753692
0.8742585
0.8840413
0.8776937
0.8936569
0.8782757
0.8825014
0.8727512
0.8793379
0.8883263
0.8721279
0.8878064
0.8851047
0.8838366
0.8906167
0.8762085
0.8872102
0.8875602
0.8700577
0.8826348
0.8712799
0.87363
0.8893384
0.8818631
0.8827154
0.8799957
0.8844995
0.8738323
0.8732167
0.9105291
0.9073165
0.906493
0.9194746
0.9152776
0.9149433
0.9165351
0.9202382
0.9031595
0.914325
0.9088478
0.9108855
0.9101506
0.9172973
0.9070839
0.9099513
0.9079713
0.9092099
0.8748879
0.9185274
0.8819519
0.8988919
0.9223229
0.9132446
0.9125974
0.9187828
0.9128595
0.8791827
0.8757891
0.9032537
0.9088688
0.8655862
0.9159422
0.9019551
0.9031133
0.9006694
0.9032813
0.9048283
0.9076031
0.9011592
0.8996835
0.9092899
0.9321758
0.8991118
0.9110559
0.9101866
0.9085727
0.9118192
0.9208259
0.9154989
0.9147896
0.9146812
0.9155587
0.91519
0.9169276
0.9057823
0.9179065
0.8962806
0.9142472
0.9105798
0.9066923
0.910081
0.9141823
0.9015357
0.9049499
0.9097098
0.9005603
0.909908
0.9053427
0.9005956
0.9070749
0.9045459
0.9070858
0.9122223
0.9077011
0.9181977
0.9081789
0.907328
0.9063455
0.9095465
0.9106436
0.9017619
0.9163261
0.9177475
0.9174489
0.9201775
0.9089609
0.9028318
0.9186823
0.9029147
0.915377
0.9077953
0.9110044
0.9192008
0.9059976
0.9157732
0.9061851
0.9066974
0.9009384
0.901435
0.9051399
0.9096677
0.9056732
0.9084295
0.9146095
0.9139261
0.9110074
0.9128413
0.8949517
0.9143474
0.9017426
0.910393
0.9131993
0.913829
0.9070059
0.9029524
0.9075855
0.9066647
0.8693163
0.913093
0.8824095
0.9044563
0.9190052
0.9124487
0.9164999
0.9164676
0.9080489
0.8715092
0.8713586
0.8940378
0.9066676
0.8523949
0.9188556
0.9011458
0.9038919
0.9002131
0.9088827
0.9096332
0.9102279
0.9040609
0.8953164
0.9068182
0.9324732
0.9050203
0.9070997
0.91093
0.8999928
0.9143183
0.9111543
0.915525
0.9150448
0.9131996
0.9149306
0.9185981
0.9084054
0.8984814
0.9195484
0.8940151
0.9099618
0.9096543
0.905012
0.9050937
0.9075931
0.9016821
0.9005495
0.9063554
0.9004605
0.9084389
0.9030415
0.8972007
0.9008047
0.9022396
0.9016027
0.9100687
0.9048782
0.9068884
0.9072826
0.9055257
0.9025838
0.90258
0.9000325
0.8988344
0.9162396
0.9144504
0.9122639
0.9179044
0.9062601
0.9011112
0.9101862
0.905686
0.9116398
0.9005713
0.9106671
0.9213955
0.9035573
0.9049695
0.906379
0.8984873
0.8966285
0.896121
0.8665038
0.9022743
0.9075228
0.905118
0.875055
0.874023
0.8682063
0.9064426
0.7756604
0.8660898
0.8905746
0.8566643
0.9091435
0.8781992
0.9040175
0.9057317
0.9040302
0.9100606
0.9037958
0.874123
0.9056522
0.9009596
0.8844584
0.8738815
0.8768896
0.8920263
0.8723992
0.9040769
0.901558
0.9029259
0.8764734
0.9031803
0.8743929
0.90234
0.9058516
0.9058129
0.9112241
0.910496
0.9083664
0.9048793
0.8962672
0.8622211
0.9006863
0.9014522
0.8583479
0.864138
0.8553565
0.883337
0.9077417
0.8752474
0.8757145
0.8735139
0.8755447
0.8788954
0.9100424
0.8516833
0.8810306
0.892882
0.8815948
0.8775196
0.9047704
0.8665501
0.8910848
0.9028705
0.8488582
0.8600194
0.8480769
0.8650316
0.8578498
0.8465812
0.8552937
0.8575124
0.8483044
0.8628612
0.8604071
0.8778685
0.8516199
0.8617231
0.8533464
0.8560822
0.8570201
0.8509186
0.868276
0.8818004
0.8716194
0.8749273
0.8510942
0.8741416
0.876195
0.8480899
0.8654984
0.8441686
0.8567062
0.8782823
0.8622443
0.860283
0.8634304
0.8593973
0.8433859
0.8456595
0.8701829
0.9038042
0.9045274
0.9126053
0.8835311
0.8844648
0.8395284
0.9142421
0.8606986
0.8356087
0.8918032
0.8314044
0.9101857
0.8849548
0.9011091
0.9030279
0.9095947
0.9068738
0.9040679
0.833599
0.9057594
0.8980952
0.8940311
0.8795088
0.8836861
0.8936924
0.8763954
0.908869
0.9118216
0.8962175
0.8806639
0.908605
0.8837209
0.8986258
0.9014059
0.9007814
0.9025593
0.9020679
0.9043257
0.9020539
0.8960423
0.86995
0.9044185
0.8952022
0.8278342
0.8712348
0.7395967
0.8918215
0.9171693
0.8840853
0.8830876
0.8837184
0.8836029
0.8833939
0.9151483
0.7295143
0.8870787
0.8971755
0.886512
0.8851749
0.9015267
0.7927273
0.8964898
0.9038803
0.7372392
0.7552898
0.7316303
0.7491371
0.7489864
0.7354471
0.747765
0.7429547
0.7523309
0.6197259
0.7560778
0.8360161
0.588822
0.7394016
0.7445015
0.7601249
0.7841031
0.7358639
0.7623647
0.8420126
0.821675
0.8239151
0.7921612
0.835048
0.842344
0.8105084
0.8494016
0.8191424
0.8319404
0.8557827
0.7418932
0.8045678
0.7617952
0.7819091
0.7224483
0.7312518
0.8722342
0.8975953
0.9046204
0.9076305
0.8802471
0.878618
0.8970259
0.9124371
0.8687414
0.8781798
0.8906363
0.8761117
0.9063742
0.8876404
0.9032845
0.9032407
0.9081409
0.9141283
0.906539
0.8923647
0.9092958
0.8995124
0.878518
0.8789439
0.8747746
0.8881028
0.4138198
0.912038
0.9112439
0.9034908
0.8723585
0.9139068
0.8799781
0.9054131
0.9024478
0.8991862
0.9033996
0.9063777
0.9071143
0.8998356
0.8969797
0.8685058
0.9004748
0.8932275
0.8815145
0.8842969
0.8810473
0.8847258
0.9101868
0.8789301
0.8776782
0.8749179
0.8784064
0.8771623
0.9124429
0.8797295
0.8884435
0.8988421
0.8789602
0.8783715
0.9022874
0.8833431
0.8909445
0.9014647
0.8734847
0.8814756
0.8719377
0.8806387
0.8707355
0.870369
0.8777039
0.8792586
0.8787093
0.8818627
0.877852
0.8982181
0.8794197
0.8788685
0.8691616
0.8788123
0.8831509
0.8721183
0.8868407
0.8945958
0.8930219
0.8934397
0.8823336
0.8878474
0.8945543
0.8737414
0.8832325
0.8712634
0.8747442
0.8920019
0.8812814
0.8895262
0.8830224
0.8784734
0.8736702
0.8734243
0.8510368
0.9121696
0.9140568
0.9129036
0.8385362
0.8382192
0.8903235
0.9166638
0.8772078
0.8787363
0.9068827
0.8796491
0.9195042
0.863491
0.9113513
0.9161517
0.9137641
0.9263008
0.9163839
0.8900486
0.9143283
0.9101356
0.8782602
0.8437547
0.8418606
0.8740056
0.8789753
0.9192731
0.9215513
0.9177942
0.8487243
0.9218303
0.8006701
0.9106573
0.9136304
0.9085751
0.9156431
0.9130082
0.9109497
0.9107313
0.9026205
0.8254267
0.8973341
0.9106768
0.8910056
0.8860719
0.888047
0.8385002
0.9150743
0.8383869
0.8379569
0.8367355
0.8382027
0.8007389
0.9151712
0.8836635
0.8600251
0.9123328
0.8498713
0.8371451
0.905403
0.8899109
0.9024746
0.9133085
0.885735
0.8830373
0.8801842
0.8848609
0.885358
0.8829927
0.8872664
0.8812069
0.8883427
0.8920972
0.8845444
0.9037351
0.8864113
0.8859456
0.8865073
0.8856375
0.8945592
0.8817907
0.8894822
0.8914263
0.8917509
0.8921342
0.8865225
0.8925104
0.8943481
0.8821213
0.883731
0.885027
0.8806587
0.8915251
0.884742
0.8928377
0.8857887
0.8934536
0.881091
0.884694
0.8740003
0.9119231
0.9161804
0.9135257
0.8633818
0.8644595
0.8975046
0.914539
0.8855086
0.8844047
0.9041508
0.8861168
0.9182212
0.8781031
0.9161742
0.9181162
0.918526
0.9213682
0.9169211
0.8950969
0.9150281
0.9133697
0.8844934
0.8660338
0.8670221
0.8844501
0.8871165
0.9195985
0.9190513
0.9146965
0.8734757
0.9224803
0.8585654
0.9112247
0.9137204
0.910576
0.9176914
0.9164047
0.9143068
0.9115252
0.9094908
0.8599933
0.9003833
0.9112078
0.8926854
0.893185
0.89172
0.8730506
0.9162056
0.8637412
0.863836
0.8649903
0.8641316
0.8552811
0.9141185
0.8913777
0.8744875
0.9121602
0.8721383
0.868603
0.9104394
0.8913348
0.9053018
0.9170194
0.8898269
0.8907386
0.8886244
0.8913183
0.8887046
0.8900109
0.8967852
0.8927315
0.8914462
0.8965542
0.8930498
0.9032166
0.8916753
0.8948119
0.8929918
0.8876955
0.8950732
0.8883959
0.8965505
0.8965822
0.8967457
0.8946123
0.892948
0.9008871
0.9014457
0.8857532
0.8880424
0.8835495
0.8903037
0.8975579
0.8924846
0.8928881
0.8953791
0.8936201
0.8890937
0.8885431
0.8785942
0.9255786
0.9221256
0.9102259
0.8722684
0.8710336
0.8917075
0.9146224
0.8872913
0.9000106
0.9010915
0.8948251
0.9264867
0.8638217
0.9297735
0.91734
0.9165476
0.9260965
0.9214296
0.8942607
0.920579
0.9248973
0.8850612
0.8766794
0.8779802
0.8903221
0.8947331
0.9190106
0.9152392
0.9159314
0.8807239
0.9143354
0.8707329
0.9220434
0.9251665
0.9270142
0.9272917
0.9280962
0.9269796
0.9236097
0.9248513
0.8740972
0.8999647
0.9248292
0.8936998
0.8914003
0.8935382
0.8861281
0.9115762
0.8710618
0.8719388
0.870816
0.8717725
0.8690611
0.9128732
0.8927955
0.860028
0.9162609
0.8781674
0.8768435
0.9239138
0.8977191
0.903576
0.9263056
0.895693
0.888765
0.8944774
0.89478
0.8946744
0.894084
0.8940957
0.8912808
0.894767
0.898081
0.8976591
0.8944861
0.8914206
0.8959889
0.8934975
0.8892338
0.8890609
0.8922972
0.8987382
0.9002475
0.8973695
0.8967528
0.8935712
0.9061333
0.8974414
0.8965787
0.8923657
0.8945254
0.8992458
0.9012854
0.8951224
0.8828756
0.8960054
0.8995329
0.8931629
0.8882759
0.8961702
0.8496116
0.8629734
0.9205293
0.9078369
0.9071484
0.9159447
0.919342
0.9019798
0.9038768
0.9086294
0.8997323
0.8947503
0.9071385
0.8538513
0.9042178
0.9036914
0.9041474
0.901659
0.9122608
0.8983412
0.8425053
0.911771
0.9028245
0.8988039
0.9067095
0.9001682
0.9146424
0.9146659
0.8864672
0.8966515
0.9163079
0.9022777
0.8382303
0.8461046
0.8502828
0.857111
0.8590552
0.8509035
0.8480979
0.7854998
0.895538
0.9219863
0.8428198
0.9047924
0.9107306
0.8968987
0.8992465
0.9239954
0.9068579
0.9075362
0.9053339
0.9074665
0.8984672
0.9213601
0.8972642
0.9099026
0.8856922
0.907171
0.9000394
0.8334844
0.8990997
0.911672
0.8583349
0.8954347
0.900869
0.8930098
0.8978374
0.8957272
0.8934522
0.8977995
0.9040315
0.9030043
0.905426
0.8949942
0.919241
0.901876
0.891233
0.9000756
0.90648
0.9037246
0.8928209
0.9081114
0.9152525
0.9130481
0.9162945
0.9029234
0.8988485
0.918498
0.897707
0.9107463
0.9039479
0.9005823
0.9197675
0.8962894
0.9184167
0.8994301
0.8981806
0.8943741
0.8932645
0.8734703
0.9122467
0.915184
0.9126738
0.8682654
0.8681395
0.8989778
0.9170929
0.888909
0.8940202
0.9048933
0.8915482
0.9196283
0.8773733
0.9168796
0.9158709
0.9146673
0.9204012
0.9173301
0.8939058
0.9163901
0.9136196
0.8850343
0.8788649
0.8757079
0.8882881
0.8931115
0.9144194
0.9162863
0.9175816
0.8797228
0.9167638
0.8578714
0.9141912
0.9137015
0.9098991
0.9189265
0.9186595
0.9134477
0.9126497
0.912417
0.8620434
0.9042423
0.912226
0.8897832
0.8920743
0.8955636
0.8793904
0.9164156
0.8676723
0.8683048
0.8693258
0.868182
0.8665715
0.9160661
0.889089
0.8805118
0.9118286
0.8722621
0.8749863
0.9087336
0.8983069
0.9036806
0.9118407
0.8894127
0.8910831
0.8880055
0.8947406
0.8882468
0.8910816
0.8948084
0.8923625
0.8887609
0.8983111
0.8914929
0.9041615
0.8925759
0.8946861
0.8904273
0.8908803
0.89138
0.8887806
0.9009114
0.902836
0.8943519
0.899236
0.8905503
0.9001035
0.9025328
0.8926828
0.8936261
0.8904711
0.8946448
0.9005807
0.8940168
0.8967905
0.8936726
0.8986569
0.8888768
0.8865089
0.9031833
0.9142353
0.9108459
0.9036901
0.9102523
0.9096849
0.9096039
0.9116261
0.9008395
0.9125689
0.8999286
0.9113679
0.906446
0.9023777
0.9094158
0.8872264
0.8871576
0.9003165
0.9024567
0.907574
0.9044342
0.906692
0.9112093
0.9109798
0.9119119
0.9150417
0.9106372
0.898704
0.899401
0.895145
0.9082831
0.9010222
0.9130558
0.9051743
0.9110426
0.9104974
0.9170065
0.9149872
0.9157817
0.9124885
0.9035862
0.9032697
0.9233193
0.9064622
0.9076515
0.903597
0.9030297
0.9118729
0.9063092
0.9103582
0.9109159
0.9091937
0.9106135
0.9147221
0.906401
0.9083704
0.91
0.8934823
0.9079344
0.9059543
0.9083636
0.9052823
0.9003889
0.912505
0.899212
0.9108582
0.9063883
0.9096681
0.9075519
0.8992276
0.9072805
0.9047721
0.9029254
0.9158194
0.9072432
0.8969563
0.9094191
0.9097726
0.9020135
0.9044015
0.8996854
0.9025997
0.9133439
0.9107256
0.9142397
0.9178801
0.9020217
0.9029144
0.9184963
0.9067171
0.9135073
0.9013586
0.9147791
0.9217467
0.9072965
0.8983909
0.909767
0.9027448
0.9006008
0.9000648
0.8884555
0.905434
0.899544
0.8977646
0.8949075
0.8950286
0.8943706
0.9025901
0.8843344
0.8922477
0.8856419
0.8937276
0.9061644
0.8932224
0.9045691
0.9016774
0.8984353
0.9013232
0.8957831
0.8925149
0.8995197
0.906444
0.9014628
0.8916681
0.894905
0.9019219
0.8870945
0.8954419
0.8929253
0.8911097
0.8946628
0.8928899
0.8980894
0.896232
0.9031899
0.9005602
0.9078952
0.9093351
0.9067729
0.9028995
0.8917064
0.887592
0.9146383
0.9006333
0.8931673
0.890613
0.8861145
0.8977804
0.9051774
0.8945111
0.8947974
0.8973503
0.8952391
0.8927048
0.8949634
0.8825072
0.896065
0.8900025
0.8876898
0.8932263
0.9038607
0.8854543
0.8637441
0.9051283
0.8860652
0.8916524
0.8868805
0.8939151
0.8877464
0.880446
0.8879859
0.8838396
0.8807245
0.8946874
0.8916646
0.8875377
0.8918313
0.8907581
0.8839757
0.8881716
0.8860456
0.8831796
0.8971399
0.901356
0.8970629
0.9059045
0.8866747
0.8956887
0.9023086
0.8878658
0.8975352
0.8851399
0.8984353
0.9095223
0.8933203
0.8822647
0.8919734
0.8860755
0.8819863
0.8824326
0.8871126
0.9065924
0.9046928
0.9009616
0.8955245
0.8966395
0.8954793
0.9083842
0.8813336
0.8992978
0.8903738
0.8972789
0.9105096
0.8931933
0.9067516
0.9029992
0.8994264
0.9047775
0.8999309
0.8966396
0.9062017
0.9016855
0.9019966
0.8960613
0.898236
0.904317
0.8888527
0.8894693
0.8893679
0.8928662
0.8966778
0.8957434
0.8975345
0.8993494
0.9051465
0.9029546
0.9123658
0.9071131
0.9076188
0.9004936
0.8962915
0.8883628
0.9128056
0.903517
0.8942097
0.8932428
0.8850139
0.9042325
0.9023709
0.8966618
0.8960456
0.8947142
0.8964986
0.9001503
0.8998647
0.8824346
0.8993233
0.8899553
0.8920274
0.893637
0.9048109
0.8890384
0.8346233
0.9052663
0.8849654
0.8932536
0.8840532
0.8955727
0.8877116
0.8836816
0.8915745
0.8866948
0.8816188
0.8960885
0.8880559
0.8922321
0.8897567
0.8960362
0.8866329
0.8886749
0.8857973
0.8859384
0.9018171
0.8985962
0.9003273
0.9084834
0.8858379
0.8893974
0.9001282
0.885866
0.899321
0.8886268
0.8955572
0.9052041
0.8934937
0.8822252
0.8947406
0.8863562
0.8852123
0.8791059
0.877304
0.9209581
0.9091743
0.9045766
0.8851616
0.8864558
0.7972302
0.9064399
0.8608842
0.8419158
0.8903338
0.837949
0.9184615
0.8727932
0.9137492
0.9065866
0.9016178
0.9154245
0.9034025
0.8056506
0.9095303
0.9153092
0.8916859
0.8887802
0.8899873
0.8983228
0.8844519
0.8976432
0.8995801
0.900245
0.8899286
0.8976635
0.8825137
0.9128706
0.9165694
0.913718
0.9209657
0.9171979
0.9199083
0.9132433
0.9071695
0.8774872
0.899645
0.91549
0.8287452
0.8678224
0.802914
0.8947103
0.9060431
0.8856336
0.8848817
0.8867993
0.8853937
0.8889773
0.9036893
0.7862241
0.8807296
0.8958607
0.8834884
0.8799737
0.9169912
0.8356838
0.8933204
0.9138045
0.7966528
0.8013739
0.8014051
0.8099965
0.8123858
0.7983236
0.7996322
0.7919829
0.8095016
0.8203254
0.809869
0.8400259
0.8019976
0.8141285
0.7960028
0.8005568
0.8097474
0.8035882
0.8203972
0.8210526
0.7855908
0.7877344
0.7509683
0.8438764
0.8337488
0.8254809
0.8537633
0.8292301
0.8489669
0.8582842
0.8083217
0.8083912
0.8150923
0.8274069
0.7989115
0.7949723
0.9043392
0.8504387
0.8685983
0.9179296
0.9065682
0.9066544
0.9176479
0.9225555
0.9042059
0.9099817
0.9107105
0.906303
0.8999747
0.9078487
0.8560101
0.9059448
0.9086084
0.9044863
0.9012547
0.9187581
0.900919
0.8472583
0.9167662
0.9041388
0.9019994
0.9112464
0.9052788
0.913654
0.9071888
0.8903114
0.9000323
0.9130806
0.9066667
0.842703
0.8553532
0.8543076
0.8610127
0.8629305
0.8577313
0.8540964
0.7966868
0.8929667
0.9262795
0.8485987
0.9104378
0.9108381
0.9021941
0.9004675
0.9225965
0.9069061
0.9070795
0.9063947
0.9065856
0.9037902
0.9230289
0.9012143
0.9109365
0.8863661
0.9105347
0.9069074
0.8376293
0.9022132
0.9123128
0.8544484
0.8999142
0.9053091
0.9001791
0.9062942
0.9000179
0.8979113
0.9036089
0.9065893
0.9063798
0.9079114
0.9024434
0.9174773
0.9040128
0.9037881
0.9050965
0.9080448
0.9091778
0.9006625
0.9112561
0.9170036
0.9131834
0.916904
0.906767
0.8985772
0.9181568
0.9011168
0.9141601
0.9074712
0.90626
0.9215544
0.9059224
0.9183384
0.8999037
0.902851
0.8961526
0.8998993
0.8719892
0.907948
0.9045804
0.9097668
0.8904853
0.890928
0.8338517
0.911399
0.8547622
0.8418653
0.8927032
0.836995
0.9096691
0.8829698
0.9035596
0.9024633
0.9017886
0.90759
0.9010285
0.8392158
0.9063171
0.9039469
0.894325
0.8838483
0.8879135
0.9011087
0.878607
0.9058153
0.9057984
0.8985262
0.8833875
0.9040221
0.8844649
0.9003971
0.9045244
0.905539
0.9081795
0.9100413
0.9097808
0.9062422
0.8962875
0.8742559
0.9008726
0.9021486
0.8282553
0.8745699
0.7648953
0.8916066
0.9092563
0.8893164
0.8897318
0.8890327
0.8896752
0.8853478
0.9075574
0.7562743
0.8920365
0.8915127
0.8840585
0.8837699
0.9086715
0.804841
0.8906998
0.9028883
0.7570845
0.7802311
0.7631632
0.7824238
0.7698078
0.7587469
0.7645926
0.7692987
0.7707584
0.786244
0.7821946
0.8324483
0.7755443
0.7764949
0.7534965
0.7655597
0.6786542
0.7619432
0.7851068
0.8458992
0.8287914
0.8366013
0.7977089
0.8434697
0.841401
0.8205236
0.8532472
0.8252895
0.8433261
0.8658723
0.7729424
0.8055262
0.7895771
0.7934207
0.7554144
0.7575733