0.9252391
0.9117909
0.9125067
0.9124519
0.9136427
0.9090521
0.9013248
0.9018769
0.9129451
0.9153335
0.908929
0.9111366
0.9039493
0.9150521
0.9092137
0.9172535
0.9116199
0.9028281
0.9020977
0.9026679
0.8963949
0.909946
0.9117334
0.9155054
0.9144852
0.9105914
0.9107475
0.9096156
0.9063292
0.9130773
0.9130374
0.9104641
0.8989261
0.9072683
0.9121951
0.9160448
0.9169819
0.9119446
0.9113951
0.9153517
0.9049169
0.9022808
0.9104048
0.9125105
0.9147949
0.9093584
0.7897458
0.9123005
0.9135179
0.9011296
0.9061118
0.9010636
0.9175616
0.9111673
0.9144092
0.9178288
0.9078543
0.9168556
0.9137671
0.9141002
0.9067602
0.8514829
0.8978603
0.9120453
0.9065054
0.9073303
0.8996652
0.8983405
0.9032177
0.9159186
0.8951265
0.9014059
0.8991497
0.9179241
0.9123271
0.9233885
0.9172057
0.8517188
0.9021894
0.9188714
0.9169926
0.9064715
0.9487438
0.9067196
0.9052302
0.9232533
0.9068128
0.8991506
0.911057
0.9205714
0.9061016
0.907285
0.9266699
0.9136512
0.9047754
0.8971999
0.9062489
0.9129249
0.9205046
0.923767
0.9213785
0.9078689
0.9091103
0.9098297
0.907194
0.9069618
0.8966588
0.9017748
0.9093294
0.9127786
0.9047296
0.9114946
0.9032581
0.9086685
0.9069337
0.9158447
0.9070186
0.9000072
0.8999388
0.8969377
0.8947425
0.9051402
0.9073626
0.9104658
0.9084305
0.9090302
0.9075043
0.90912
0.9048963
0.9078742
0.9120176
0.9097821
0.8977662
0.9035736
0.9097798
0.9138261
0.9143115
0.9104593
0.9099417
0.914638
0.9059742
0.8984529
0.9042759
0.9121354
0.9114086
0.9065019
0.7705312
0.9068426
0.9143608
0.8989768
0.9036431
0.8999822
0.9135255
0.9042117
0.9118547
0.9173392
0.9068231
0.9155357
0.9105306
0.9117522
0.9056103
0.8382909
0.8950074
0.9075066
0.9021334
0.9045751
0.900672
0.8947027
0.9013033
0.9116177
0.8950689
0.8996834
0.8973107
0.9123173
0.911652
0.9222768
0.9146299
0.8387633
0.9012266
0.9171618
0.9107838
0.9035717
0.9543718
0.9047535
0.8993158
0.9183718
0.9069784
0.895531
0.9081784
0.9205709
0.9033964
0.9093761
0.92722
0.9116725
0.9018069
0.8990321
0.9028458
0.9096166
0.9208432
0.9211333
0.9228041
0.9099565
0.9104107
0.9114902
0.9072961
0.9054652
0.9005791
0.9014474
0.9125106
0.9126456
0.9083793
0.9084757
0.9026571
0.9112769
0.9066079
0.9172731
0.9084666
0.903302
0.900838
0.9000648
0.8990654
0.9063333
0.9102555
0.9123783
0.911684
0.9082475
0.9088679
0.9084823
0.905078
0.909252
0.9108205
0.9109916
0.8993661
0.904655
0.9094499
0.915239
0.9164384
0.9094459
0.9102713
0.9153362
0.904491
0.9000143
0.9095638
0.9143267
0.9131652
0.9057884
0.7838983
0.9062091
0.9148355
0.898532
0.9058004
0.9018127
0.9149571
0.9091293
0.9134801
0.9178474
0.9095808
0.9174411
0.9136399
0.9119662
0.9057512
0.8490707
0.8940793
0.9107569
0.9007844
0.9033501
0.8980488
0.8968037
0.9019615
0.9110599
0.8948208
0.8997123
0.89971
0.9152646
0.9099655
0.9239149
0.9133558
0.8550946
0.9035986
0.9159602
0.9179642
0.9065464
0.9509027
0.9033403
0.9048312
0.9191266
0.9074634
0.8980155
0.9084328
0.9201697
0.9059061
0.9099743
0.9261562
0.9146459
0.9031131
0.8955924
0.9072511
0.9095622
0.9205192
0.9242565
0.9105317
0.7734894
0.5079715
0.8818712
0.787988
0.7748358
0.8642313
0.861784
0.8597645
0.7943841
0.8584197
0.8594789
0.8658982
0.8586928
0.7630649
0.7948657
0.8734869
0.8621413
0.861986
0.8596551
0.8635308
0.874663
0.8608386
0.8001498
0.7827732
0.9019118
0.8998966
0.8023031
0.7919812
0.7943711
0.9136924
0.9115301
0.9075019
0.906443
0.8632517
0.9168297
0.9134828
0.9170809
0.904293
0.9165147
0.9076622
0.9055428
0.9016017
0.9173009
0.8942448
0.9042851
0.9146781
0.9128012
0.9203963
0.9009217
0.90801
0.9073028
0.9141833
0.9111575
0.9070721
0.9140454
0.9091394
0.9128779
0.9121641
0.8921275
0.8990153
0.9192855
0.8725267
0.8728631
0.8710552
0.8686899
0.8908719
0.8662261
0.8650681
0.8706961
0.8714606
0.8627856
0.8786506
0.9115584
0.9139272
0.930608
0.9196021
0.9187107
0.9088149
0.9084865
0.916104
0.9081021
0.9396769
0.9048369
0.904489
0.8798978
0.911255
0.9003175
0.9172441
0.909721
0.9175706
0.9179218
0.930837
0.9078259
0.9137949
0.9112639
0.9136428
0.9155652
0.9153724
0.9273066
0.9081989
0.754493
0.7701224
0.8788055
0.7896846
0.7849131
0.8537501
0.8575531
0.8541204
0.7926318
0.8577938
0.8616977
0.8612081
0.8596958
0.7143945
0.7963073
0.8739113
0.8583537
0.856932
0.8507417
0.8531005
0.8715436
0.8597934
0.8021622
0.7843272
0.8968972
0.8970077
0.7981517
0.7934285
0.7957657
0.9154339
0.9130512
0.90563
0.9028134
0.862248
0.9207119
0.9181051
0.9153454
0.9037806
0.9158169
0.9112382
0.9015236
0.8977937
0.9152219
0.8922414
0.901835
0.9079856
0.9128192
0.9197844
0.9025034
0.9054397
0.9039298
0.9156695
0.9075663
0.9118976
0.911676
0.9113222
0.9134337
0.9102109
0.8953298
0.89801
0.9147218
0.8660131
0.8670486
0.8676048
0.8673823
0.8880273
0.8643928
0.8622012
0.8728379
0.8670125
0.8622155
0.8819329
0.9063564
0.9170286
0.9297061
0.9235414
0.9153075
0.9073377
0.9106025
0.9120223
0.9063115
0.9426265
0.9025153
0.8998299
0.8798388
0.9096847
0.8977965
0.9142715
0.9112525
0.9164865
0.9180276
0.9302245
0.9020765
0.9154636
0.9099943
0.9147419
0.9167341
0.9162415
0.9307955
0.9079202
0.8045107
0.7996216
0.8841208
0.8138015
0.8098776
0.862876
0.8675301
0.8655796
0.8034669
0.867525
0.8602232
0.8677603
0.8642246
0.8047423
0.8198184
0.8778832
0.8693858
0.864469
0.8615951
0.8703008
0.8776809
0.8662349
0.8289701
0.8042731
0.9044928
0.9008044
0.5959363
0.8217714
0.8002436
0.9124221
0.9104054
0.9123834
0.9033743
0.8690642
0.9115367
0.9103051
0.9160381
0.9046478
0.910896
0.9106011
0.9074973
0.9064558
0.9143079
0.8999349
0.9029503
0.9112938
0.9089648
0.9160824
0.9033037
0.9073863
0.9053072
0.9142898
0.9098024
0.9106782
0.9121548
0.9110701
0.9150492
0.911773
0.8959657
0.894898
0.9161182
0.873196
0.8775276
0.8745194
0.8701178
0.8941618
0.8689732
0.8687945
0.8751154
0.875488
0.870287
0.8855701
0.9094149
0.9154373
0.9285592
0.9203453
0.9160446
0.9102893
0.9086008
0.9081093
0.906464
0.9415319
0.9059722
0.9095723
0.8782458
0.9104024
0.8955083
0.9135488
0.9058908
0.919845
0.9127372
0.9276128
0.9039295
0.9100615
0.9060031
0.9116312
0.9128445
0.9159367
0.9250596
0.9178044
0.861731
0.8613374
0.8837614
0.8625966
0.8615159
0.7560152
0.7794474
0.8630485
0.8706944
0.7960675
0.8790112
0.8734205
0.8735696
0.8596155
0.8723964
0.8801609
0.6747331
0.867162
0.7597453
0.8308281
0.8756661
0.877659
0.8643408
0.855413
0.9048519
0.904672
0.8709966
0.8640384
0.866361
0.9124611
0.9104754
0.9046594
0.9059854
0.8782667
0.9149347
0.9141672
0.9141702
0.9080661
0.9142293
0.9029081
0.9043356
0.9005422
0.91447
0.9051301
0.9062624
0.8975216
0.9105856
0.915791
0.8997641
0.9051369
0.9032688
0.9147612
0.9122676
0.917077
0.9153124
0.9127684
0.9193333
0.9135824
0.9060298
0.9063015
0.8988678
0.8697786
0.8833087
0.8769863
0.8772507
0.8820659
0.8672652
0.8633802
0.8848387
0.8677217
0.8646334
0.8817224
0.911073
0.9159065
0.9282533
0.917785
0.901277
0.904284
0.9129891
0.9131258
0.9060484
0.9502695
0.9055542
0.8997151
0.8940025
0.9135575
0.8909648
0.9117731
0.9166548
0.9106697
0.9159756
0.9313296
0.9080355
0.9072598
0.9039312
0.9060588
0.9166373
0.9207739
0.9268225
0.919082
0.9058515
0.9105349
0.9023381
0.9014181
0.9014444
0.8901764
0.8932462
0.9110204
0.9082657
0.9023839
0.9071809
0.895064
0.9081495
0.9044912
0.9151997
0.9040522
0.8938736
0.8947483
0.8905806
0.888812
0.9048419
0.9092529
0.9025247
0.9054696
0.9073231
0.9087551
0.9089123
0.9021579
0.9039162
0.9114408
0.910963
0.8962984
0.90146
0.9070523
0.9142807
0.9133287
0.9073675
0.9066785
0.9136545
0.9026105
0.8998676
0.9007802
0.9098285
0.9117898
0.9021417
0.8361161
0.9082179
0.9106897
0.8975052
0.8987613
0.8979306
0.9110655
0.9062389
0.9114657
0.9145737
0.903384
0.9163753
0.9087927
0.911359
0.9031328
0.8370883
0.8893471
0.9047038
0.8992946
0.8974913
0.8901543
0.8895433
0.8940997
0.9084296
0.8847947
0.8950973
0.8851391
0.9111344
0.9129373
0.9232648
0.9113068
0.8430514
0.8996562
0.9170193
0.9150516
0.903816
0.9572553
0.8999535
0.8912176
0.9198271
0.9072682
0.8860465
0.901309
0.9224099
0.8985056
0.9041733
0.9261429
0.911479
0.9042598
0.8940381
0.9010159
0.9158921
0.9218072
0.9210054
0.908142
0.9076134
0.9088297
0.9147445
0.9086282
0.9077205
0.9109895
0.9111775
0.9080353
0.9082274
0.9093228
0.9060641
0.9080447
0.9106089
0.9114427
0.9090746
0.9127645
0.911202
0.9075111
0.907804
0.9145446
0.9122945
0.9056074
0.915605
0.9099538
0.8894788
0.8907651
0.9046226
0.9135476
0.9064833
0.8781029
0.8747845
0.8938194
0.887059
0.9041351
0.8783696
0.8759676
0.8793425
0.8747054
0.8812441
0.8710354
0.8893214
0.9130562
0.867058
0.8884658
0.8865437
0.9128506
0.860479
0.8677094
0.8825802
0.8881832
0.8921764
0.8324357
0.8840885
0.8869989
0.8871038
0.884219
0.8903389
0.8850787
0.8860322
0.8921356
0.9132223
0.9118505
0.9109409
0.9088034
0.9093549
0.9171672
0.9026702
0.9088552
0.9060352
0.9111119
0.9023745
0.9154749
0.9175772
0.8710607
0.9105022
0.8928327
0.9189823
0.8795123
0.8703882
0.8816857
0.8843895
0.9080699
0.8861484
0.9169818
0.9085478
0.8872883
0.8592093
0.8708844
0.863572
0.8796822
0.8686164
0.8859925
0.8868247
0.8824128
0.861979
0.8636853
0.8629788
0.8645281
0.9022035
0.9148699
0.9053501
0.9064543
0.9133721
0.9063599
0.90699
0.9006059
0.9061637
0.9077328
0.9085822
0.9108738
0.9073462
0.9041037
0.9095526
0.9057136
0.9064336
0.9118558
0.9056516
0.9041455
0.9023082
0.9060273
0.9116906
0.9096476
0.9091039
0.9073649
0.8960419
0.8945813
0.9098916
0.9079295
0.907671
0.8989437
0.8944526
0.7718816
0.8050216
0.9044915
0.9020167
0.9008393
0.8943642
0.8896619
0.8976004
0.8849344
0.7527566
0.9077822
0.8925413
0.8913288
0.759005
0.9028121
0.8859383
0.8974158
0.7556107
0.7768886
0.7649586
0.9012839
0.8264579
0.8156875
0.8237106
0.8138758
0.8312549
0.8199314
0.8955127
0.8935811
0.9045627
0.9056122
0.9070275
0.9039212
0.9060058
0.91201
0.8985298
0.8985068
0.9078919
0.9001483
0.8956758
0.9104127
0.9120035
0.8960501
0.9192107
0.9041766
0.9097956
0.8813387
0.8919932
0.8909518
0.7967048
0.9348911
0.723518
0.909048
0.9102164
0.8253715
0.8755406
0.894348
0.89045
0.8905559
0.8916368
0.9049368
0.8988576
0.8924462
0.8796387
0.885067
0.8945888
0.8888409
0.9201823
0.9011375
0.9108069
0.9178651
0.915422
0.9124106
0.9120466
0.907756
0.906281
0.9136299
0.9173029
0.9137188
0.9108886
0.9056784
0.9136648
0.9093336
0.915091
0.9119007
0.9126541
0.9056483
0.9094924
0.9077298
0.9136791
0.9142247
0.9125114
0.9118633
0.9058696
0.9057681
0.9142055
0.914793
0.9097222
0.9143508
0.9106826
0.9037651
0.9045568
0.9121277
0.9174236
0.9165665
0.9136184
0.9134237
0.91853
0.9075683
0.9028668
0.913329
0.9178532
0.9019281
0.9057566
0.9017282
0.9103347
0.9156568
0.901694
0.9096617
0.9040999
0.9130223
0.9080392
0.9115578
0.9155266
0.909969
0.9161778
0.9119495
0.9094592
0.9001303
0.9037707
0.9074809
0.9110602
0.9106534
0.9128668
0.9130098
0.9053648
0.907977
0.9184563
0.9031236
0.9062821
0.9074843
0.9171394
0.9117728
0.9255734
0.9148332
0.9053311
0.9058997
0.9158683
0.9101903
0.906469
0.945994
0.9084357
0.9079155
0.9191553
0.9078723
0.9010223
0.9078409
0.9152921
0.9041067
0.9125187
0.923723
0.9101933
0.9111003
0.9070143
0.912379
0.9158505
0.9187777
0.9252936
0.8974911
0.9090047
0.9115881
0.9160611
0.9098764
0.913136
0.9070013
0.9071501
0.9086817
0.9093974
0.9079888
0.9100028
0.9110187
0.9128893
0.9084236
0.9097309
0.9151532
0.9105094
0.9076772
0.9085764
0.9119838
0.9172356
0.9073172
0.9095326
0.9054779
0.9033469
0.9008101
0.9059415
0.9075009
0.9105226
0.9100245
0.908678
0.9103089
0.9077327
0.9121929
0.9164961
0.9129675
0.9105913
0.910272
0.9136967
0.9131635
0.9074236
0.9128449
0.9095284
0.9070216
0.9073867
0.9129147
0.9077185
0.913306
0.9018986
0.907657
0.905667
0.911044
0.9082785
0.9101155
0.9159438
0.9124961
0.9140942
0.9103224
0.906015
0.9042186
0.9164844
0.9127037
0.9134142
0.9102699
0.9148537
0.9185129
0.9120103
0.9119242
0.9150238
0.9089981
0.907535
0.9106264
0.9188133
0.9126579
0.9242547
0.9130465
0.9155091
0.9044704
0.9024159
0.9074488
0.9080124
0.9356744
0.9090909
0.9119687
0.9107486
0.9081124
0.8984031
0.9092204
0.9087167
0.9096969
0.9142699
0.9254407
0.9031894
0.9132695
0.9034369
0.9013006
0.909047
0.9167902
0.9254985
0.8948723
0.913842
0.9151764
0.9212663
0.9155048
0.9150943
0.9180751
0.915835
0.9176992
0.9188947
0.9193397
0.9162496
0.9141583
0.9122374
0.9165192
0.9147526
0.9183877
0.9173939
0.9144666
0.914823
0.9222642
0.9180146
0.914419
0.9190088
0.9160666
0.9074382
0.9074477
0.9150812
0.9193481
0.9121055
0.9151746
0.9090846
0.9118106
0.9046951
0.9111856
0.9170787
0.9158923
0.9147132
0.9118882
0.9157707
0.913192
0.9104914
0.9186253
0.9139566
0.9073951
0.9112163
0.9147966
0.9074048
0.9152805
0.9104858
0.9092391
0.9121948
0.911828
0.9121129
0.913535
0.9151509
0.9118472
0.9176575
0.9154111
0.9075406
0.9075253
0.9200014
0.9153556
0.9140502
0.9137919
0.9142032
0.9237452
0.9081855
0.9160481
0.9168229
0.9160514
0.9162105
0.9187307
0.9220674
0.912649
0.9293387
0.9197105
0.9217914
0.9151626
0.9047486
0.9152472
0.909975
0.933626
0.9107478
0.920827
0.9201243
0.9121694
0.9054925
0.9155411
0.9104935
0.9174309
0.9166179
0.9244447
0.9124746
0.915911
0.9126753
0.9126959
0.9132004
0.9156227
0.9249468
0.8934841
0.8987808
0.8948835
0.9105053
0.9042924
0.9016591
0.9062433
0.9091038
0.8950312
0.8971088
0.9102478
0.8984364
0.9021376
0.8976582
0.9042448
0.8999929
0.9057331
0.9115543
0.8926966
0.9055826
0.9109676
0.906486
0.8951259
0.9072609
0.8982699
0.8950118
0.8928231
0.8974368
0.9001779
0.8992014
0.9100667
0.9090528
0.9080996
0.8987837
0.8933762
0.9125138
0.9120188
0.9145002
0.9029403
0.9027661
0.9071858
0.9050974
0.9064582
0.9104035
0.8895276
0.8994293
0.9200754
0.9059394
0.9162013
0.8987071
0.9044575
0.9042463
0.9076167
0.9025974
0.9054908
0.9049772
0.9096312
0.910469
0.9099875
0.8877845
0.8994524
0.9223135
0.906471
0.9018407
0.9047181
0.9077026
0.9219127
0.9050101
0.9042546
0.8996801
0.9135078
0.8992896
0.9192293
0.9111246
0.9109168
0.9263783
0.9159786
0.9226489
0.9024942
0.8944239
0.9021731
0.9031531
0.9247621
0.9009992
0.9122235
0.897776
0.9053898
0.8957999
0.9136319
0.8988361
0.9154307
0.912378
0.9194149
0.9021555
0.909743
0.9107669
0.9118961
0.9060756
0.9033597
0.9249302
0.9026723
0.9057955
0.9040128
0.9113408
0.901891
0.9054662
0.9012397
0.8995915
0.9081037
0.9059665
0.9051743
0.9072573
0.9031537
0.908705
0.9050339
0.9103405
0.9112655
0.9016161
0.8972142
0.899426
0.9006095
0.9077862
0.9051951
0.9069
0.9025286
0.9013291
0.9011502
0.9040152
0.9028197
0.9072725
0.9128207
0.9093041
0.905043
0.9042154
0.9069602
0.918951
0.916805
0.9149355
0.9122685
0.9145984
0.9107835
0.9047918
0.9073356
0.9154011
0.9032066
0.9056408
0.8987748
0.9066839
0.9198608
0.901201
0.9060568
0.9064889
0.9130419
0.9083617
0.9136507
0.9144888
0.9066637
0.915611
0.9129452
0.9011465
0.903501
0.9009355
0.9035721
0.9096846
0.9065063
0.908859
0.9039466
0.8982588
0.9027176
0.9112924
0.8992779
0.8973233
0.9057562
0.9127502
0.9127524
0.9279372
0.9169969
0.9050304
0.9021804
0.9122091
0.9098621
0.9071155
0.9465496
0.9073733
0.8997981
0.9122113
0.9112936
0.894983
0.9096386
0.9129172
0.9047145
0.9109589
0.9270291
0.9070889
0.9081132
0.9060353
0.9100913
0.9123873
0.917359
0.9250856
0.8858546
0.9051087
0.9004512
0.9131293
0.9039673
0.9056497
0.9105981
0.9116671
0.9004251
0.9015729
0.9104231
0.9025174
0.9056984
0.9025209
0.9048511
0.9010725
0.9135953
0.9162313
0.9027847
0.9099045
0.915159
0.9096631
0.9036085
0.9110509
0.9050025
0.8995467
0.8977556
0.8994302
0.9055369
0.906599
0.9093688
0.9028305
0.9091164
0.9043039
0.9023332
0.9142936
0.9121892
0.9161753
0.9067032
0.9119072
0.9094969
0.904621
0.9066016
0.9142847
0.8917912
0.9018312
0.9168795
0.9086453
0.9140356
0.9024866
0.9051745
0.9048894
0.9126366
0.9089768
0.9086552
0.9089767
0.9122373
0.9118137
0.9073835
0.887581
0.9016139
0.9205243
0.9096703
0.9139248
0.9066012
0.9090333
0.9228299
0.9032086
0.9064924
0.9036814
0.9106017
0.9006913
0.9166754
0.9113793
0.9105612
0.9269714
0.9174226
0.9215754
0.9085323
0.9026561
0.9052591
0.9045292
0.9276422
0.9066976
0.9093914
0.9024699
0.907019
0.9005282
0.9124381
0.9034149
0.9148825
0.911108
0.9246209
0.902938
0.9161391
0.9071132
0.9117647
0.9063284
0.9071128
0.9232944
0.9138793
0.9018991
0.9014881
0.9115256
0.9008911
0.8996895
0.9050213
0.9031594
0.9020108
0.9031278
0.905217
0.9044621
0.9041318
0.9012182
0.9039414
0.9093567
0.90631
0.9032816
0.8946755
0.9040725
0.9057486
0.9038613
0.90062
0.9048833
0.9022235
0.9012249
0.8975255
0.9050822
0.9057383
0.9009994
0.9005935
0.8997355
0.8550649
0.8503032
0.8960621
0.904011
0.9018644
0.8963725
0.8925954
0.8995203
0.8916643
0.8437618
0.9006464
0.8990527
0.8930751
0.843118
0.9024794
0.8931983
0.9012698
0.835206
0.8516471
0.8434727
0.9017327
0.8526653
0.8544858
0.8559435
0.8451397
0.8653542
0.8565283
0.8900273
0.8922877
0.904632
0.9027567
0.9003075
0.8993175
0.9029754
0.9076929
0.8962579
0.8962326
0.9015662
0.8979183
0.8931342
0.9051907
0.903684
0.9018208
0.9201592
0.9075079
0.9086002
0.888538
0.8944117
0.8962094
0.835212
0.9364832
0.8404505
0.903777
0.9067632
0.8558131
0.8781715
0.9012204
0.896783
0.8992759
0.894839
0.913559
0.9013301
0.9041431
0.8926842
0.8966248
0.9032807
0.8991545
0.9222172
0.9145368
0.8624498
0.8633731
0.8857473
0.8637814
0.8633389
0.7616847
0.7842012
0.8663743
0.8676112
0.8026155
0.8775783
0.8753792
0.8787032
0.8615741
0.8780793
0.8800598
0.6700819
0.8654826
0.763505
0.8369169
0.8813142
0.8797541
0.8658914
0.8633391
0.9042958
0.906332
0.8709198
0.8657613
0.8681906
0.9157151
0.9112214
0.9051977
0.9056963
0.881463
0.9159205
0.9191708
0.9134802
0.9112708
0.9149549
0.9117637
0.9012545
0.899811
0.9155432
0.907637
0.9077347
0.8986499
0.91415
0.9164375
0.8996888
0.9086316
0.9029084
0.9186716
0.9087231
0.9150773
0.9143907
0.9105729
0.9193956
0.9128944
0.9077471
0.9064039
0.902132
0.8701691
0.8824982
0.8780947
0.8799647
0.8835634
0.8691394
0.8693821
0.8857446
0.8695603
0.8704966
0.8806294
0.9085841
0.9146499
0.9272176
0.9184995
0.9048715
0.9054136
0.9183464
0.9182566
0.9049782
0.9494505
0.9079234
0.9012196
0.8923808
0.9130619
0.8962158
0.9131715
0.9190281
0.909518
0.9146678
0.9323931
0.9077116
0.909371
0.907645
0.9105931
0.9174299
0.9248439
0.9298185
0.9136764
0.8627495
0.8646912
0.8866173
0.8633134
0.8637656
0.7622243
0.7852327
0.8691974
0.8683714
0.8027364
0.8773027
0.8747684
0.8796691
0.8602944
0.877518
0.8814264
0.6708284
0.8658692
0.7647515
0.8347876
0.8804296
0.8796904
0.8660225
0.862613
0.9041442
0.9066104
0.8723982
0.8649174
0.8689115
0.9163415
0.9099954
0.9061036
0.9056631
0.8816504
0.9157475
0.9193041
0.9138023
0.9122514
0.9168363
0.9116604
0.9017302
0.8998924
0.9164784
0.9061104
0.9082513
0.8992467
0.9137796
0.9163784
0.9013998
0.9089129
0.9042901
0.9185767
0.90912
0.9154775
0.9143292
0.9116289
0.9191125
0.9114063
0.9068108
0.906489
0.901301
0.870009
0.8845361
0.8782776
0.8808902
0.8833806
0.8698633
0.86939
0.8856881
0.8691449
0.8713056
0.878999
0.9076771
0.9149697
0.926468
0.918938
0.9045219
0.9065176
0.9186343
0.9173921
0.9054538
0.9496717
0.9068387
0.901626
0.8920427
0.9138053
0.8944081
0.9137258
0.9192399
0.9085949
0.9156051
0.9324268
0.9080628
0.9084135
0.9068319
0.9102555
0.9167253
0.9240013
0.9299231
0.9158186
0.8666068
0.8660701
0.886499
0.8654697
0.864767
0.7627181
0.7900978
0.8674538
0.8723522
0.805932
0.8834165
0.8744493
0.8811166
0.8648256
0.8773227
0.8839136
0.6779698
0.869872
0.7660962
0.8378782
0.8795735
0.8806475
0.8694586
0.8669864
0.903466
0.9056624
0.8730006
0.8695426
0.8726943
0.913339
0.9120992
0.9076089
0.9085499
0.8814082
0.9146589
0.9192377
0.9126248
0.9111839
0.9176825
0.9097072
0.9054151
0.9001667
0.9144997
0.9061724
0.9100257
0.8985591
0.9095019
0.9147832
0.9026565
0.9067156
0.9044323
0.9183572
0.9113023
0.9156823
0.9163345
0.9126874
0.916652
0.9125009
0.9067934
0.9043208
0.9020421
0.8726805
0.8856061
0.8833144
0.881679
0.8841668
0.870849
0.8715125
0.8905658
0.8707712
0.8724568
0.8823011
0.9088525
0.9158941
0.9255808
0.9197075
0.9047037
0.9033995
0.9182227
0.9154784
0.9055943
0.9479961
0.9074847
0.8998303
0.8951191
0.9142031
0.8929972
0.9120426
0.9194022
0.9102455
0.9148891
0.93005
0.9094898
0.9094386
0.9055225
0.9087608
0.9141821
0.9240058
0.9290736
0.9173172
0.8700677
0.865545
0.8847143
0.8654092
0.8658514
0.7589763
0.7876564
0.868956
0.8706409
0.8082999
0.8786616
0.8753708
0.8792811
0.8631075
0.8771257
0.8810446
0.6821503
0.8657905
0.7614186
0.8377486
0.880084
0.8783075
0.8700395
0.8655661
0.9028686
0.9050736
0.8716994
0.869155
0.8696363
0.9151515
0.911104
0.9047892
0.9049319
0.8814696
0.9159684
0.9208118
0.9132532
0.9124332
0.9187682
0.909285
0.905174
0.9008832
0.9160508
0.9059715
0.9068624
0.9000544
0.9114871
0.9168698
0.9016512
0.9084294
0.9037943
0.91773
0.9094141
0.9131964
0.918152
0.9132396
0.9167489
0.9136668
0.907225
0.9067821
0.9015919
0.8693014
0.8881743
0.8777194
0.8833431
0.8825029
0.8712646
0.8720978
0.888128
0.8691133
0.8739668
0.8794363
0.911439
0.9161408
0.9254351
0.9181722
0.9059192
0.9042962
0.9167467
0.9171174
0.9051186
0.9487745
0.9060362
0.9003401
0.8928266
0.9124106
0.8961774
0.9113162
0.9172772
0.9074074
0.9118965
0.9318482
0.907702
0.9095201
0.9067733
0.9105126
0.9166432
0.9252153
0.9278625
0.916882
0.8642975
0.8625369
0.8857122
0.8642211
0.8651342
0.7596626
0.7887166
0.8667236
0.867958
0.8057105
0.8775033
0.8751803
0.8789994
0.8626931
0.8778399
0.8825113
0.6794872
0.8677009
0.7649721
0.8375201
0.8806639
0.8795553
0.8672968
0.8609992
0.902459
0.9041159
0.8705108
0.8691902
0.870465
0.9127311
0.9115261
0.9058214
0.9085567
0.8810542
0.9152323
0.9184471
0.9139747
0.9107632
0.9169645
0.9121832
0.905815
0.9015605
0.9159584
0.9037747
0.9082395
0.8984511
0.9097022
0.9161643
0.900842
0.9066453
0.9055003
0.9187796
0.911115
0.915609
0.9158407
0.9141543
0.9173777
0.9138874
0.9058561
0.9033493
0.9021708
0.8702225
0.8850097
0.8823486
0.8812059
0.8869281
0.8707483
0.8705296
0.888678
0.869318
0.8705917
0.8830583
0.9109213
0.917714
0.927356
0.9183027
0.9060492
0.9049803
0.9154209
0.9154048
0.9070083
0.9501229
0.9076479
0.8988262
0.8954599
0.9156983
0.896377
0.9124725
0.9207028
0.9104451
0.9147778
0.9316787
0.9090782
0.9087109
0.9054915
0.9087286
0.9138423
0.9233632
0.9288495
0.916921
0.912594
0.9132286
0.9157043
0.9090454
0.9108242
0.9043856
0.9065802
0.9165374
0.9153622
0.9132919
0.9105787
0.9064776
0.9154636
0.9120244
0.9186165
0.915729
0.9060679
0.9087982
0.9024145
0.9020045
0.9128679
0.9138817
0.9114126
0.9149004
0.8948138
0.8975551
0.9123942
0.9114855
0.9123354
0.8742892
0.8727677
0.8815403
0.8878776
0.91273
0.8729465
0.8674196
0.8675232
0.8635375
0.8755645
0.8630535
0.8808753
0.9173724
0.8568632
0.9022554
0.8866804
0.8984221
0.8429895
0.8582811
0.8742097
0.8829591
0.8789479
0.8722104
0.8842856
0.8872514
0.8876748
0.8840124
0.8895686
0.8847857
0.9057771
0.8987866
0.8983288
0.9028008
0.9153559
0.9094891
0.9062645
0.9039503
0.9068654
0.9038703
0.9196152
0.9004155
0.9077936
0.9017726
0.9227831
0.8613645
0.904191
0.8841745
0.8992179
0.8797918
0.8877798
0.8812541
0.8789487
0.9288822
0.8881356
0.9136472
0.9202286
0.8889725
0.8593773
0.8546022
0.8678453
0.8471511
0.8623292
0.8837285
0.9
0.8646264
0.8501793
0.8571693
0.8653544
0.8719906
0.8989234
0.9179032
0.9114728
0.9145814
0.9158233
0.909673
0.911138
0.9046627
0.9066609
0.9157018
0.9158635
0.9133352
0.9109336
0.9061674
0.9153925
0.9122602
0.9182423
0.9148593
0.9053261
0.9099718
0.9023758
0.9019263
0.9123329
0.9141946
0.9119193
0.9147124
0.8939048
0.8968494
0.9123986
0.9119153
0.9124168
0.8745246
0.8724289
0.8821823
0.8885586
0.9133195
0.8716734
0.8673666
0.8661827
0.8640687
0.8760026
0.8638751
0.8808277
0.9173003
0.8558748
0.9028858
0.8888487
0.8990153
0.8437922
0.8594021
0.8749449
0.8831953
0.879267
0.8733548
0.8845212
0.8867251
0.8878703
0.8849334
0.8890082
0.8849408
0.9055834
0.8991399
0.8978924
0.9030783
0.9156695
0.9105402
0.9064227
0.9048166
0.9074147
0.9035569
0.9193173
0.9001374
0.908226
0.9024023
0.9232911
0.8622639
0.9041158
0.8842492
0.8989014
0.8793355
0.8873326
0.8820617
0.8802441
0.9302071
0.8877301
0.9143983
0.921012
0.8897248
0.8594046
0.8546704
0.8685422
0.8461826
0.862818
0.8836824
0.8990012
0.8654859
0.850719
0.8581259
0.8666253
0.8710727
0.8983803
0.9178787
0.9068829
0.909407
0.9128191
0.9095997
0.9064858
0.9047244
0.9082353
0.9105881
0.91073
0.9114781
0.9082063
0.9078952
0.9165583
0.9064199
0.9111872
0.9107694
0.9125213
0.9027828
0.9047244
0.9034115
0.908859
0.9119926
0.9116075
0.9120328
0.9015432
0.8998976
0.9091846
0.9090522
0.9122962
0.898626
0.8924109
0.8069168
0.8280197
0.9073761
0.9013823
0.8950807
0.8921254
0.8880938
0.8945542
0.8847411
0.7874445
0.9101605
0.892717
0.893827
0.8084663
0.9055247
0.8773349
0.889886
0.7791552
0.8126197
0.795435
0.8978617
0.7784462
0.7525167
0.7716626
0.7359706
0.7682936
0.7636038
0.8999928
0.8897457
0.9034018
0.9023979
0.9059756
0.9028388
0.9075257
0.9100576
0.9012067
0.9008318
0.9116003
0.9008497
0.9004773
0.9055174
0.9183994
0.8926967
0.9172319
0.9004249
0.9048602
0.8820078
0.8934041
0.8934841
0.6902887
0.9353193
0.7842066
0.911091
0.9122509
0.7797222
0.8773055
0.885921
0.8911543
0.8889487
0.8856414
0.9067922
0.9040773
0.8853622
0.8786492
0.8837477
0.8918477
0.8960798
0.9150223
0.9207363
0.9176858
0.9170699
0.9204096
0.9166815
0.9210295
0.9186001
0.9146684
0.9198483
0.9192758
0.9227308
0.9179402
0.9183724
0.9215879
0.9230176
0.9229315
0.9242077
0.9197389
0.9165128
0.913404
0.9128643
0.9203599
0.9233766
0.9200789
0.9206259
0.9007049
0.8958881
0.9197657
0.9198153
0.9164787
0.8698274
0.870173
0.8904543
0.8919973
0.9196254
0.8577801
0.8555034
0.8571165
0.8577353
0.8711174
0.8471876
0.8863267
0.9269945
0.8318688
0.9049746
0.8894782
0.9137302
0.815633
0.8319445
0.885787
0.8864078
0.8868811
0.8607142
0.8855571
0.8864349
0.8945678
0.8904876
0.8931523
0.8872143
0.9080111
0.9015046
0.911941
0.9132108
0.9191912
0.9162807
0.9174952
0.9163536
0.9137393
0.917958
0.9206009
0.909797
0.9153595
0.9116761
0.929536
0.8622009
0.9061879
0.8836396
0.912295
0.8799869
0.88692
0.8807149
0.884169
0.9239438
0.8892808
0.9221007
0.9256281
0.8943411
0.8549229
0.831422
0.8545258
0.8529936
0.8467219
0.8698231
0.9000139
0.8648797
0.8340524
0.8465156
0.8505526
0.8545111
0.8933757
0.9103829
0.8662248
0.8596538
0.8703786
0.8633651
0.8617222
0.8744391
0.8789818
0.8553635
0.8676044
0.8762319
0.8504691
0.8545331
0.8524125
0.8623009
0.8669032
0.8650136
0.8787924
0.8472999
0.8750701
0.87662
0.8636381
0.8439841
0.8726798
0.8679295
0.8998526
0.8961558
0.8666516
0.8659136
0.8685252
0.9138316
0.9133623
0.9038309
0.9036114
0.8255458
0.9145444
0.913812
0.9152398
0.9044978
0.9099425
0.9088603
0.9037809
0.8956743
0.9185343
0.8909038
0.9018742
0.9059934
0.912354
0.9195049
0.8981846
0.904115
0.9068562
0.9201065
0.908328
0.9066255
0.9105079
0.9083554
0.9139758
0.9069302
0.8938883
0.897357
0.9118017
0.8465639
0.8505414
0.8484456
0.8516973
0.8818708
0.8407834
0.8392733
0.8548936
0.8529412
0.8450985
0.8656823
0.9034729
0.9183752
0.9304327
0.9185516
0.9138778
0.9044407
0.9077333
0.9121762
0.9032932
0.9413935
0.9039009
0.900964
0.8612872
0.9046
0.8976607
0.9169809
0.9113647
0.9178481
0.9173175
0.9319664
0.9054349
0.9126234
0.9050742
0.9132404
0.9141795
0.9169865
0.9297492
0.9175811
0.9097527
0.9150636
0.9158045
0.9094708
0.9132499
0.9065855
0.9073233
0.914076
0.9124463
0.9130897
0.9120126
0.9074133
0.9141113
0.9152429
0.9176483
0.9181771
0.9094565
0.9098469
0.9079535
0.9031137
0.9162318
0.9133713
0.9105172
0.9129939
0.8992592
0.8998303
0.9113038
0.9094271
0.9113651
0.8870178
0.8774778
0.8916117
0.8914793
0.9155176
0.8848184
0.8799082
0.8769844
0.8847099
0.8910158
0.872184
0.8897811
0.9158676
0.8744189
0.9059445
0.8921583
0.9007628
0.8673899
0.8682779
0.8885789
0.8942139
0.8934803
0.8845695
0.887522
0.8989284
0.8995135
0.892278
0.9016393
0.8908785
0.9077685
0.8987991
0.9026735
0.903556
0.9184871
0.9075044
0.9111111
0.9023821
0.9071775
0.9087214
0.9164696
0.9041027
0.9075192
0.9065504
0.9257456
0.877787
0.9066374
0.8878525
0.90484
0.8865123
0.8959424
0.8970931
0.8909078
0.9337318
0.8929084
0.9177787
0.9229144
0.8942232
0.86413
0.8605989
0.8838735
0.8718651
0.8762392
0.8948005
0.8987448
0.8689921
0.8549675
0.8631718
0.8857337
0.8844558
0.8978128
0.9248335
0.9153794
0.9212638
0.921122
0.9188005
0.9170487
0.9116499
0.9091205
0.9190239
0.9239495
0.914944
0.9205419
0.913751
0.9229349
0.9207808
0.9272965
0.9204481
0.9091106
0.9164118
0.9099168
0.9074389
0.9205428
0.9231016
0.9194873
0.9193015
0.913497
0.9133407
0.916571
0.9160423
0.9223829
0.9224991
0.9168056
0.9118771
0.9166905
0.9209691
0.922749
0.9236924
0.9137097
0.9210209
0.9256554
0.9189514
0.9137487
0.9149734
0.918851
0.9247377
0.9163544
0.9084974
0.9200397
0.9211167
0.9150463
0.9146211
0.911494
0.9185051
0.9149283
0.9194274
0.9246684
0.9181647
0.921136
0.9174656
0.9225583
0.918013
0.9072597
0.9121995
0.9231401
0.9179994
0.9145376
0.9091172
0.9099538
0.914334
0.9234353
0.9060293
0.9169959
0.9115871
0.9198332
0.9184619
0.9289939
0.9226025
0.9090025
0.9122637
0.9205616
0.9227355
0.9151884
0.9530444
0.9169423
0.9063756
0.9251459
0.9192347
0.9111055
0.9154117
0.9290477
0.9139252
0.9145174
0.9313363
0.9181859
0.9152176
0.9092181
0.9111198
0.9239401
0.9267185
0.9289006
0.9195092
0.9085998
0.9113464
0.9146587
0.9132413
0.9078358
0.9024248
0.9067252
0.9124198
0.9170077
0.9058913
0.9140077
0.9083586
0.9186606
0.9109089
0.9165208
0.9182553
0.9030266
0.9056398
0.9028648
0.9026883
0.9153119
0.9171142
0.9137306
0.9107117
0.9111609
0.910312
0.914335
0.910713
0.9114997
0.9228663
0.9163294
0.9089736
0.9106712
0.9123241
0.9226251
0.9214196
0.9154294
0.9214678
0.9247812
0.9147507
0.9105773
0.9050534
0.9228409
0.915542
0.9143235
0.9074128
0.9181854
0.9259975
0.9092746
0.9142572
0.9088166
0.9230088
0.915913
0.9212883
0.92318
0.915843
0.9218832
0.9194785
0.9196937
0.9154945
0.9091302
0.9006908
0.9152634
0.9118304
0.9140151
0.9026645
0.9062217
0.9065627
0.9162517
0.9046108
0.9048588
0.9072857
0.911129
0.9196998
0.9296164
0.9229332
0.9099255
0.9097469
0.9223887
0.9200385
0.9131584
0.9530166
0.9123986
0.906152
0.9175981
0.9165811
0.9060943
0.9199361
0.9263113
0.9134825
0.9217551
0.9312559
0.9122764
0.913238
0.9098249
0.913431
0.9218871
0.9241713
0.9351692
0.9141847
0.9036119
0.9052692
0.9096061
0.9053261
0.90248
0.9038406
0.9073585
0.9051899
0.9077874
0.9107257
0.9021372
0.9028825
0.9060415
0.9042583
0.9059517
0.9093338
0.9068856
0.9013037
0.9015187
0.9062467
0.9066695
0.9044513
0.908148
0.9077748
0.8971986
0.894804
0.9047653
0.905534
0.9017714
0.8961476
0.8923879
0.8112729
0.8231378
0.9027427
0.8941829
0.8921235
0.8901209
0.8849012
0.8928065
0.8860373
0.7955769
0.9054098
0.8865373
0.8933256
0.8020817
0.9064779
0.8797466
0.8918041
0.775794
0.8117115
0.7985754
0.8930655
0.7664602
0.7386382
0.7544043
0.7361638
0.7503412
0.7544788
0.891346
0.8908361
0.9047093
0.9046578
0.9063069
0.9032097
0.9056798
0.9123212
0.8986215
0.8995871
0.9049535
0.9046543
0.8997845
0.9116544
0.9145419
0.8896102
0.9130224
0.8973967
0.9072897
0.8782438
0.8835282
0.8873885
0.7351979
0.9307301
0.7866363
0.9079543
0.9057131
0.7620337
0.8705252
0.8875786
0.8865253
0.8893634
0.8875767
0.9037689
0.8974868
0.891178
0.879274
0.8832798
0.8864392
0.8898846
0.9106368
0.9146189
0.8995051
0.8998562
0.912585
0.904361
0.9026447
0.9034592
0.9094974
0.9011709
0.9014662
0.908747
0.8991594
0.9030881
0.8994333
0.9039597
0.9036683
0.9069389
0.9097202
0.8953286
0.9018385
0.9110691
0.9073183
0.89891
0.9091913
0.9039882
0.8987126
0.8919759
0.900565
0.9050449
0.9016969
0.894555
0.8915563
0.8211388
0.8302398
0.8972752
0.8943112
0.8879329
0.8917067
0.8768153
0.8911128
0.8855711
0.8069536
0.906552
0.8901537
0.8819206
0.801896
0.9147224
0.8797761
0.8946183
0.7872324
0.8165848
0.8064466
0.8938272
0.7806993
0.7439521
0.7545436
0.7412801
0.7638169
0.7641679
0.8816854
0.8887126
0.913935
0.9088367
0.8980351
0.900302
0.90734
0.9210256
0.9000792
0.9040078
0.9029311
0.9054599
0.8996608
0.9142857
0.915383
0.8912997
0.9168713
0.8996975
0.9171261
0.8780212
0.8786828
0.886724
0.7334896
0.9237042
0.7852296
0.9146619
0.9035347
0.7606181
0.8706398
0.8899258
0.8822458
0.8928251
0.891953
0.9076457
0.8926274
0.8906597
0.8843851
0.8881157
0.8853766
0.8863086
0.9133292
0.8778324
0.902905
0.9054111
0.9099096
0.9063633
0.9074126
0.9059401
0.9105412
0.906953
0.9043359
0.9109881
0.9057821
0.904284
0.9048258
0.9051813
0.9060504
0.9087253
0.9124093
0.9009215
0.9047721
0.9154211
0.911835
0.9021481
0.9145194
0.9053351
0.9006045
0.9022451
0.9005806
0.9047433
0.9044185
0.9130616
0.9095198
0.9085297
0.8998436
0.9073307
0.9168644
0.9155925
0.9137955
0.9092567
0.9156939
0.912524
0.9077226
0.9097049
0.9146562
0.8987094
0.9034778
0.9090428
0.910923
0.91316
0.9002385
0.9089127
0.9062599
0.9135781
0.9058692
0.9066887
0.9109809
0.9084574
0.9104794
0.9110987
0.8996363
0.9000777
0.9168593
0.9056228
0.9105401
0.9075901
0.9087511
0.918716
0.9034218
0.904767
0.9040499
0.9053476
0.9064419
0.9133244
0.9113693
0.9126951
0.9277819
0.9204522
0.9176195
0.9050541
0.9057309
0.9068242
0.9013383
0.9350275
0.9056816
0.9093002
0.9106135
0.9057799
0.9016347
0.9126577
0.906218
0.9138551
0.9145484
0.9261775
0.9040138
0.9148951
0.9084423
0.9075574
0.9065029
0.9138803
0.9268865
0.91517
0.9053172
0.9076292
0.9149649
0.9099228
0.908592
0.9076229
0.9072656
0.9137596
0.908238
0.9104881
0.9098563
0.9101551
0.9108693
0.9083665
0.9148929
0.9154426
0.907611
0.9088958
0.9062915
0.9103999
0.9134636
0.9119725
0.9162807
0.9079961
0.8919537
0.8915998
0.9068953
0.9077
0.9100004
0.8789441
0.8799783
0.8920093
0.8903961
0.9089928
0.8548269
0.8480428
0.7772465
0.8138515
0.8404917
0.8150701
0.889498
0.9181342
0.8641101
0.895665
0.8844438
0.9053673
0.8493661
0.8682046
0.8790984
0.8890886
0.8837715
0.8758978
0.889112
0.8927009
0.8938603
0.8865307
0.8969695
0.8880517
0.8965231
0.8913317
0.9083918
0.9043203
0.9164894
0.9076029
0.9074529
0.9145232
0.9087569
0.9116966
0.9109604
0.9096543
0.9073836
0.9123852
0.9198697
0.8778489
0.9094703
0.8897217
0.9120786
0.8859811
0.8847799
0.8876783
0.8862611
0.9257569
0.8888008
0.9121715
0.914942
0.8881996
0.8659379
0.8624885
0.8695812
0.87093
0.8708393
0.8935434
0.900251
0.87397
0.8605107
0.8635092
0.8692646
0.873541
0.9043402
0.913199
0.9129152
0.911119
0.9166899
0.9094543
0.9149989
0.9076648
0.9118944
0.9124461
0.9126579
0.9099048
0.9160178
0.9139328
0.9106732
0.9151466
0.9181975
0.917967
0.9102929
0.9118485
0.9104291
0.9141824
0.9167078
0.914313
0.9173364
0.9146758
0.896395
0.8934461
0.9097763
0.9153854
0.9128853
0.8760104
0.8828618
0.8939459
0.8917535
0.9095412
0.8540552
0.8470619
0.7341581
0.8049677
0.8340873
0.8006962
0.8947482
0.9217351
0.8625344
0.8972
0.8878744
0.9098428
0.8508994
0.8652228
0.8850625
0.8898053
0.8916044
0.8729707
0.8917298
0.8909475
0.8940874
0.8916771
0.89472
0.8887696
0.899519
0.9009419
0.9129896
0.909026
0.9154386
0.9096238
0.9093167
0.9188445
0.9090683
0.9118076
0.9146884
0.9121036
0.9101496
0.9147216
0.925032
0.8760152
0.9118116
0.8930088
0.9159086
0.8883161
0.8832524
0.8909661
0.8889089
0.9236868
0.8882412
0.9207055
0.9175058
0.8927184
0.8681529
0.8645045
0.8701585
0.8729407
0.8662444
0.8933376
0.9007652
0.8797217
0.8645933
0.8655595
0.8686458
0.8701986
0.9043111
0.8953185
0.9142727
0.9114794
0.9183987
0.9140759
0.9119269
0.9116802
0.908117
0.912141
0.9121622
0.9127554
0.9134872
0.9075527
0.9162828
0.9107137
0.9145394
0.9153436
0.9131754
0.9089121
0.9111843
0.916156
0.9155101
0.9153373
0.91326
0.9150171
0.9046495
0.9052333
0.9109977
0.9107517
0.9117033
0.9128762
0.9070558
0.9151699
0.9130238
0.9115459
0.9145004
0.9154598
0.9143517
0.9122795
0.9151144
0.9107254
0.9112253
0.9145534
0.9141193
0.9031452
0.9132713
0.9134492
0.9089015
0.9113207
0.9071031
0.9110673
0.9150336
0.9115781
0.9111502
0.9122328
0.9179945
0.9132523
0.9140609
0.9125819
0.9030566
0.9086804
0.9170887
0.9171086
0.9133806
0.914901
0.9135742
0.9171975
0.9117113
0.9128415
0.914084
0.9139363
0.9096869
0.9164151
0.9233975
0.9110601
0.9262088
0.9163773
0.9153243
0.9057414
0.910672
0.9128471
0.9105197
0.9354273
0.9162898
0.9164808
0.9152338
0.9093642
0.9023979
0.9104374
0.912288
0.9119307
0.9110419
0.9255127
0.9114186
0.9155505
0.908106
0.9090499
0.9070555
0.9147739
0.9241549
0.9102578
0.8650554
0.8620417
0.8689063
0.8630489
0.8612776
0.8748458
0.8789266
0.8549148
0.8669149
0.8765106
0.850628
0.8536909
0.8508735
0.8602725
0.867523
0.8641539
0.8773195
0.8474148
0.8747196
0.8769826
0.8639637
0.8433472
0.8724134
0.8655218
0.8994066
0.8960253
0.8660832
0.8661538
0.8669034
0.9134377
0.9125401
0.9035836
0.9049893
0.825433
0.9121209
0.9128439
0.9146909
0.904527
0.910281
0.9090065
0.9032561
0.897931
0.9184873
0.8908103
0.9022608
0.9066161
0.9131211
0.9180421
0.8982538
0.9024478
0.9050332
0.9194459
0.9091753
0.9065763
0.9114691
0.9090096
0.9145054
0.9074279
0.8943628
0.8973458
0.9119096
0.8459266
0.8482846
0.8478576
0.8505904
0.8805288
0.8408986
0.8383605
0.8534885
0.8523105
0.8437068
0.8662621
0.9031795
0.9192394
0.9310166
0.9185812
0.9135958
0.9051413
0.9077626
0.9112292
0.9031247
0.9405776
0.9033769
0.9016454
0.8610962
0.9042759
0.8964852
0.9171261
0.9094766
0.9176471
0.9180386
0.9316239
0.9052709
0.9132318
0.9056556
0.9129209
0.9126303
0.9170161
0.9295936
0.9201334
0.9100046
0.9103797
0.9206256
0.9126613
0.9127934
0.9133945
0.9180172
0.9156377
0.9103141
0.915543
0.9143759
0.9142968
0.9176092
0.9155424
0.9131046
0.9195861
0.9147833
0.9106788
0.9155447
0.9116648
0.9142405
0.9158198
0.9123011
0.9114544
0.9026947
0.8987703
0.9126241
0.9145585
0.9106866
0.898859
0.8940035
0.8469941
0.8586595
0.9153953
0.8992569
0.8972268
0.8923805
0.8944666
0.9006216
0.8917293
0.8463515
0.9188578
0.8941891
0.9003963
0.8430874
0.9183681
0.8853778
0.8946004
0.8357453
0.846111
0.8474854
0.8947612
0.8496954
0.8504348
0.8564502
0.8478277
0.8549375
0.8476895
0.9026956
0.9009347
0.9144285
0.9114275
0.9136889
0.9127765
0.9167047
0.9182359
0.9102274
0.9137578
0.9158494
0.9127872
0.9092555
0.9162627
0.9215714
0.8939618
0.9174047
0.9033633
0.9158823
0.8836278
0.8901643
0.8896832
0.8417457
0.9295663
0.8353984
0.9206984
0.915219
0.8487634
0.8855091
0.8897038
0.8926845
0.887224
0.8895399
0.9100527
0.9028878
0.8901181
0.8854058
0.8888213
0.8966783
0.8902504
0.9157253
0.9111306
0.9009872
0.8956471
0.9095999
0.8981827
0.8991375
0.9030034
0.9087484
0.8997628
0.9022656
0.9079192
0.9010045
0.9002595
0.9020874
0.9009061
0.8991551
0.907431
0.9037943
0.8944438
0.9024884
0.9067672
0.9061349
0.8997117
0.9029534
0.9018671
0.8939888
0.8903388
0.9024381
0.9036119
0.9013569
0.8924177
0.8869022
0.7620544
0.7859584
0.8996502
0.8906802
0.8880341
0.8844776
0.8823701
0.8902688
0.8789003
0.7487456
0.9018242
0.8872167
0.881231
0.7455677
0.9035837
0.879084
0.8931879
0.7240413
0.7641036
0.7524414
0.8950171
0.8092463
0.8056289
0.811136
0.7969123
0.809905
0.8000466
0.8869206
0.884907
0.9077253
0.8997753
0.8984799
0.8980896
0.9034874
0.9110491
0.893219
0.8949985
0.9020813
0.9005222
0.8934274
0.9041676
0.9112672
0.8885156
0.9137949
0.8994326
0.9087891
0.8767861
0.8846014
0.8877948
0.7777955
0.9298964
0.7136516
0.9098062
0.9051592
0.806115
0.8665604
0.8933098
0.8811516
0.8946498
0.8892657
0.9074814
0.8890578
0.8882133
0.8771692
0.885035
0.8849908
0.8837808
0.9126508
0.9058152
0.8983155
0.8972791
0.9109961
0.9014125
0.9023098
0.9025316
0.9090354
0.8959876
0.9003406
0.9060087
0.8983655
0.9020435
0.9013011
0.902646
0.8978842
0.9063544
0.9066351
0.8953615
0.904908
0.9087386
0.9081775
0.8975231
0.9059102
0.8996369
0.8899604
0.8871688
0.8984689
0.9057437
0.8972361
0.8926845
0.8861983
0.7711528
0.7842286
0.8933906
0.8920124
0.8901645
0.890287
0.8795674
0.8920418
0.8835455
0.7537942
0.9038093
0.8899665
0.8766229
0.7488037
0.9087688
0.877742
0.8940129
0.7349803
0.770855
0.7584249
0.892696
0.8125024
0.8018953
0.8118246
0.801022
0.8111864
0.8002647
0.8844123
0.8848445
0.9108571
0.9008121
0.8979185
0.8977281
0.9049089
0.9148366
0.8922825
0.8999891
0.8998665
0.9011216
0.8909536
0.9088373
0.9110861
0.8907623
0.9148722
0.9002178
0.914622
0.8733208
0.8821746
0.8837558
0.7753562
0.926751
0.7072657
0.9089449
0.9006549
0.8114451
0.8679392
0.891141
0.8717949
0.8942838
0.8878839
0.9045456
0.889632
0.8885567
0.8780407
0.8821731
0.8849692
0.8834327
0.9142608
0.9069843
0.897565
0.8962569
0.9073241
0.9035215
0.9036202
0.9049083
0.91039
0.8943168
0.8988433
0.9080506
0.8970368
0.901155
0.8932446
0.9052124
0.8954101
0.9062728
0.9135707
0.8940732
0.905962
0.915312
0.9070605
0.8934664
0.906541
0.9003986
0.9005303
0.8969318
0.8967814
0.9049183
0.8980128
0.9145028
0.909884
0.909134
0.89606
0.8896492
0.9172419
0.9138569
0.9245276
0.9087755
0.9162986
0.9123373
0.908376
0.906263
0.922624
0.8854417
0.9006491
0.9241244
0.912808
0.924414
0.8987609
0.9119079
0.906415
0.9154056
0.9109274
0.9088126
0.906005
0.9100899
0.9144939
0.9082816
0.8813764
0.8973868
0.9257385
0.9066445
0.89613
0.9038476
0.908046
0.927166
0.9015525
0.8991637
0.8918143
0.9097967
0.8941449
0.9222319
0.9088941
0.9163325
0.9315179
0.9215566
0.9282883
0.9137322
0.8992394
0.9069622
0.903027
0.9292677
0.9044093
0.9116239
0.8945249
0.9079813
0.9011151
0.9213402
0.8999926
0.9209321
0.9233009
0.9319513
0.9043509
0.9210734
0.9141651
0.9149299
0.915677
0.9097134
0.9314654
0.9124217
0.9060449
0.9065675
0.9090942
0.9068708
0.9043288
0.9001833
0.9022339
0.9025922
0.9042734
0.9034842
0.904394
0.902223
0.9065982
0.9049813
0.9105257
0.9094004
0.9043181
0.8984688
0.899901
0.9035811
0.9033887
0.9018686
0.9114642
0.9072939
0.9057714
0.9034295
0.9079625
0.9049696
0.9045168
0.9161085
0.9090811
0.9025352
0.8970497
0.9076652
0.921072
0.9162723
0.9144763
0.9118249
0.9198561
0.909358
0.9016863
0.9031139
0.9151643
0.8989031
0.9040287
0.9066478
0.9067531
0.9170697
0.8975738
0.904918
0.8981657
0.9207857
0.909683
0.9114654
0.9141166
0.9098702
0.9126673
0.9101569
0.9019415
0.9009016
0.9065129
0.8985965
0.9080238
0.9043532
0.9030499
0.9091701
0.9003289
0.897686
0.9076717
0.8984211
0.8952111
0.9098399
0.9064343
0.9125739
0.9288194
0.9235799
0.907396
0.9012341
0.9100014
0.9119415
0.9061114
0.9444389
0.8990999
0.9032929
0.9084996
0.9110675
0.8981758
0.9121832
0.9133185
0.9114641
0.9131927
0.9296333
0.910256
0.9170245
0.9079336
0.9129719
0.9127961
0.9186601
0.9267468
0.9076997
0.8931505
0.8887786
0.9102243
0.8984785
0.8954243
0.8984449
0.9069592
0.8864564
0.8940555
0.9039078
0.8899988
0.896693
0.8834283
0.8975494
0.8902949
0.9014684
0.9059253
0.883867
0.9031574
0.9160787
0.9029006
0.8799384
0.9025254
0.8886798
0.9016619
0.8938282
0.8929061
0.8973543
0.8896455
0.9189318
0.9133585
0.9076648
0.8940676
0.8843276
0.9195632
0.9207424
0.9194135
0.9107913
0.920467
0.9125966
0.9063143
0.8991117
0.9213846
0.879402
0.8955664
0.9222284
0.9183297
0.9295226
0.8970393
0.90608
0.9056583
0.9198835
0.9096667
0.9069308
0.9086153
0.9122027
0.9138756
0.9110035
0.8771591
0.8977636
0.9316973
0.9068766
0.8951837
0.8961226
0.9039525
0.9236219
0.8982254
0.8908334
0.8915782
0.9085278
0.886825
0.9184083
0.9010972
0.9214304
0.9333596
0.9286287
0.9325081
0.9134958
0.8984508
0.9101363
0.8988992
0.9270244
0.8999887
0.9025789
0.8845191
0.9053969
0.895285
0.9264738
0.8978906
0.9252336
0.9278204
0.9318124
0.9034899
0.9203955
0.9225783
0.9250549
0.9149647
0.9141166
0.9379906
0.9054059
0.8890498
0.8884164
0.9055826
0.894635
0.8900394
0.8960267
0.8992792
0.8898968
0.8920463
0.8993831
0.8858391
0.8895887
0.8857652
0.8910947
0.8913085
0.8988346
0.9004926
0.8810429
0.8959848
0.9066851
0.896313
0.883212
0.8984581
0.8917025
0.8982163
0.8945567
0.8948662
0.8922285
0.886542
0.914631
0.914271
0.9015496
0.8907054
0.8847591
0.9160707
0.9119556
0.9200832
0.9076923
0.9148711
0.9100321
0.9024354
0.8870961
0.9175446
0.8801623
0.8976974
0.9120018
0.911349
0.920639
0.8874064
0.9035599
0.8972485
0.9213031
0.9057754
0.9066805
0.9086382
0.908345
0.9131517
0.9096095
0.8817994
0.8959542
0.9167314
0.8952161
0.8947448
0.8959716
0.9007986
0.915115
0.8964814
0.8855475
0.8942562
0.8996291
0.8861745
0.9096827
0.8963695
0.9170355
0.9326714
0.9216251
0.9195682
0.9075175
0.901211
0.9093813
0.8966317
0.9357795
0.8951985
0.8982139
0.8870304
0.9078986
0.8904602
0.9184392
0.9019732
0.9208736
0.9222547
0.929427
0.8990223
0.9166819
0.9137689
0.9208949
0.9171253
0.9169755
0.9351638
0.9069183
0.8911423
0.8931456
0.9012757
0.8970468
0.8945615
0.8975461
0.8995859
0.8890372
0.8936389
0.9017509
0.887889
0.8965339
0.8896094
0.8942311
0.8922685
0.9019908
0.9032792
0.8875047
0.8996263
0.9082817
0.8992351
0.8867615
0.9001178
0.8931167
0.8949176
0.8865089
0.8928028
0.8972598
0.8891732
0.9090811
0.9090909
0.900402
0.8915984
0.8859189
0.9123214
0.9094298
0.9128508
0.9055992
0.9117109
0.9058116
0.9010285
0.8985529
0.9164722
0.8812861
0.8915992
0.9142234
0.906981
0.9183893
0.8955251
0.9006968
0.8992922
0.9145457
0.9071736
0.9049264
0.9064991
0.9100445
0.9081993
0.9047654
0.8798257
0.8893195
0.9184486
0.9009172
0.8974758
0.8956515
0.9058557
0.9184096
0.8958241
0.8957978
0.8942969
0.9050044
0.8919734
0.9114435
0.9095021
0.9110189
0.9248155
0.9180821
0.9199336
0.9032234
0.8966266
0.9015654
0.8983225
0.9291545
0.896639
0.904769
0.8892472
0.9018013
0.8888064
0.9130843
0.9024238
0.9102727
0.9170649
0.9274654
0.9013672
0.9151217
0.9066608
0.9114436
0.9106103
0.9092753
0.9266784
0.9114083
0.8939156
0.8936464
0.9041679
0.8968298
0.8957279
0.8972092
0.9065873
0.8944614
0.8988247
0.9052538
0.8974301
0.8992619
0.8952367
0.8924315
0.8984543
0.9057767
0.9034692
0.8889808
0.8994266
0.9098671
0.9009864
0.8959557
0.9021992
0.8934958
0.9043193
0.9024195
0.8972957
0.8953207
0.891429
0.9152298
0.9140922
0.899319
0.8919251
0.8914726
0.9223539
0.9161769
0.916236
0.9097942
0.9167115
0.9089983
0.8982832
0.895738
0.9184542
0.8943092
0.8971323
0.912131
0.9131083
0.9230493
0.8925786
0.9003048
0.8982381
0.9178256
0.9073441
0.9104244
0.9116633
0.9066516
0.9134987
0.9073912
0.8890679
0.9021839
0.9207687
0.9057359
0.9002935
0.9000111
0.9041651
0.9161144
0.8983089
0.8950785
0.9016266
0.9045549
0.8872217
0.9180984
0.906264
0.9169381
0.9292481
0.9206503
0.9221372
0.9041373
0.9058072
0.9145159
0.9027273
0.9418526
0.8939714
0.9024519
0.8971452
0.9070512
0.8954265
0.9191817
0.9037789
0.915833
0.9204541
0.9311803
0.9099947
0.9172128
0.9087085
0.9145209
0.9157398
0.9153077
0.933181
0.9122838
0.9057761
0.9077173
0.9167783
0.9062806
0.9043862
0.9036609
0.9052093
0.9081009
0.9061782
0.9090385
0.9046908
0.9064938
0.906919
0.9071652
0.9085554
0.9133833
0.9082115
0.9038028
0.9038203
0.9087889
0.9095188
0.906259
0.9078753
0.9089196
0.9028449
0.8998782
0.9067775
0.907513
0.9059934
0.9166784
0.9106679
0.906222
0.9036049
0.9099705
0.9168421
0.9158113
0.9149434
0.9122319
0.9167547
0.915958
0.9056265
0.906465
0.9220066
0.897786
0.9040874
0.9111718
0.9073849
0.9212604
0.9014657
0.9101677
0.9025068
0.9127131
0.911495
0.9150826
0.9133523
0.9100542
0.9162901
0.9100676
0.8987729
0.9014115
0.9151693
0.9057632
0.911172
0.910677
0.9122014
0.9136362
0.9048671
0.9054451
0.9097547
0.9065964
0.904774
0.9121762
0.9120651
0.9152256
0.9275312
0.9208828
0.9158715
0.9029711
0.906541
0.9136328
0.9062377
0.9425181
0.9055073
0.908155
0.9089773
0.9135597
0.9024875
0.9137495
0.9132518
0.9139257
0.9133203
0.9298992
0.912296
0.9141411
0.9094199
0.9118224
0.9131173
0.91399
0.9283637
0.9164184
0.9047551
0.9059381
0.9130799
0.9062332
0.9038551
0.9052583
0.9074835
0.9079913
0.904387
0.9100018
0.9067073
0.9074562
0.9103072
0.9071842
0.9125644
0.9111447
0.9074774
0.9014236
0.9030579
0.9076188
0.9116679
0.9097074
0.9090489
0.9070792
0.8998902
0.8952692
0.9052007
0.9085767
0.9076972
0.8995371
0.88988
0.7267859
0.8134147
0.9089342
0.896323
0.8953266
0.8908649
0.8865734
0.8973797
0.887102
0.7099122
0.9058154
0.8891954
0.8949132
0.7768073
0.9050811
0.8823168
0.890606
0.7722162
0.568932
0.6983283
0.8995261
0.8241758
0.8190007
0.8354554
0.8208068
0.8276603
0.82658
0.9000502
0.8954627
0.9050267
0.9039159
0.9055315
0.907236
0.908639
0.909855
0.8967168
0.8992307
0.9088875
0.9054064
0.9006144
0.90484
0.9131529
0.8918421
0.913675
0.9028549
0.9071032
0.8796875
0.8885442
0.8906627
0.8040331
0.9346392
0.7390506
0.908913
0.9105126
0.826647
0.879544
0.8927855
0.8902821
0.8958966
0.8895983
0.9095405
0.899366
0.8931434
0.8799027
0.8866376
0.893549
0.8912662
0.9163326
0.9204436
0.917356
0.9219823
0.920938
0.9146251
0.9170043
0.9175797
0.9185985
0.9227976
0.9201144
0.9214819
0.9208592
0.9146044
0.9204955
0.9191607
0.9197241
0.9194474
0.9181869
0.9195512
0.9128151
0.9118148
0.9257478
0.9228076
0.919365
0.9210879
0.8973859
0.897416
0.9199634
0.9176934
0.9206299
0.8868079
0.8878622
0.8863277
0.8884156
0.9189429
0.8885697
0.8864469
0.8714073
0.8779506
0.8869255
0.8696238
0.8856401
0.9257895
0.8688656
0.9073653
0.8871427
0.907742
0.860092
0.8613045
0.8803073
0.8874821
0.8800159
0.8716322
0.8837952
0.8891437
0.8922918
0.8870869
0.892498
0.885613
0.9088713
0.897466
0.9072996
0.9127762
0.9236762
0.9178251
0.920394
0.9092817
0.9133435
0.9200662
0.9219292
0.9104201
0.9152662
0.9092423
0.9309104
0.8821221
0.9078701
0.8922002
0.9104029
0.8784171
0.8887169
0.8788165
0.8853769
0.9299504
0.8861101
0.9223322
0.9289367
0.8902517
0.872815
0.8748093
0.8858845
0.8749228
0.8717585
0.8918611
0.9044983
0.8828616
0.8593888
0.8640944
0.8767779
0.8782341
0.9083834
0.9200801
0.9146315
0.9176243
0.9210226
0.9178528
0.919524
0.9190001
0.9188721
0.9187263
0.9224198
0.9168108
0.9206018
0.9145272
0.9194442
0.9181031
0.922415
0.9215222
0.9185358
0.9174162
0.9179672
0.9149697
0.9212833
0.9199803
0.9173158
0.917426
0.8965346
0.8948433
0.9159242
0.920325
0.9203366
0.8871584
0.8865383
0.8918677
0.8880891
0.9212143
0.8938698
0.887786
0.8785577
0.8784579
0.8902843
0.876874
0.8875189
0.923146
0.8735519
0.9082079
0.89086
0.9080018
0.8642256
0.8740246
0.8815128
0.8906244
0.8869885
0.8789682
0.888061
0.886142
0.8937551
0.8902706
0.892894
0.8873603
0.9073058
0.9013144
0.908529
0.9182394
0.9204273
0.9146928
0.9192267
0.9121012
0.9161069
0.9209877
0.9216381
0.9148315
0.9166106
0.9152375
0.9275635
0.8866823
0.9122443
0.8923994
0.9096227
0.8818113
0.8897933
0.8820113
0.8875333
0.9313891
0.890102
0.9226917
0.9230604
0.8890994
0.8749269
0.8767029
0.8868415
0.8802723
0.8752497
0.8971668
0.9041015
0.8869674
0.8603457
0.8679128
0.8793004
0.8826672
0.9082208
0.9272739
0.925461
0.9278229
0.9275995
0.9218264
0.9246218
0.9193157
0.9208891
0.9280828
0.9261029
0.9264741
0.9245869
0.9251399
0.9284415
0.9229569
0.9294704
0.9271374
0.9206338
0.9254432
0.9184645
0.9178265
0.9296254
0.9290826
0.9261102
0.9268143
0.9075991
0.9100156
0.9234116
0.922907
0.9254579
0.9016086
0.9006766
0.901981
0.9041867
0.9287835
0.9029519
0.9017426
0.8944024
0.8983355
0.9057328
0.8940388
0.9037052
0.9331153
0.8932928
0.919329
0.9016218
0.9131611
0.8831923
0.8913961
0.9021468
0.9050375
0.9069384
0.8930021
0.9022093
0.9045073
0.9066639
0.900825
0.9073375
0.9032699
0.9153338
0.9099597
0.9129213
0.9196536
0.928956
0.9210902
0.921771
0.911706
0.9188829
0.9271278
0.9289981
0.9156573
0.9218782
0.9192538
0.9292566
0.8957286
0.915566
0.9038804
0.9134481
0.8955964
0.9061985
0.8974519
0.9038052
0.9366305
0.9055115
0.9257904
0.9315661
0.908141
0.8937659
0.8851995
0.9046029
0.8904947
0.8951387
0.9084883
0.9107334
0.898593
0.8839189
0.8839881
0.894163
0.9021986
0.9126113
0.9079598
0.8926497
0.8915649
0.9072786
0.89854
0.8944191
0.8959718
0.9038639
0.888522
0.8942704
0.9032258
0.8904894
0.8971262
0.8864937
0.8940072
0.8932713
0.8987661
0.9046308
0.8857325
0.897854
0.9123691
0.8981222
0.8839546
0.9022813
0.8933443
0.9017215
0.8964638
0.89508
0.8992331
0.8913727
0.9127815
0.9106504
0.9022699
0.8956718
0.87973
0.9147093
0.9140073
0.9164662
0.9062591
0.9153893
0.910771
0.9034191
0.898034
0.91836
0.8789108
0.8943176
0.9214582
0.9112751
0.9266055
0.8948518
0.9047948
0.9025345
0.9162911
0.9083418
0.9029943
0.9072344
0.9070231
0.909402
0.9055415
0.8799715
0.893872
0.9277848
0.8982089
0.8949614
0.8945693
0.900125
0.9222307
0.8937157
0.8915882
0.8869484
0.9011742
0.887315
0.9112292
0.9014605
0.9187385
0.9311526
0.9206593
0.9245012
0.900795
0.9014982
0.9086306
0.8981424
0.9304522
0.8985199
0.9065103
0.8904894
0.9036551
0.8978277
0.9205569
0.9008361
0.9213507
0.921932
0.9278705
0.90362
0.9187904
0.9171747
0.9193195
0.9137962
0.9091008
0.9325198
0.9064073
0.9017438
0.9017287
0.9218873
0.905565
0.9037086
0.9150377
0.9132277
0.8947486
0.8956944
0.910684
0.8987598
0.9100586
0.8952792
0.9034835
0.8974426
0.9125327
0.9203126
0.8999141
0.9157961
0.9282241
0.912806
0.8935256
0.9118198
0.8999851
0.9092894
0.9017988
0.8999702
0.9094494
0.8963646
0.9196923
0.9173305
0.9201014
0.9086055
0.8938083
0.9195361
0.9181792
0.9265255
0.9120654
0.9204248
0.9223619
0.9208675
0.9120871
0.9221818
0.8892852
0.9102409
0.9349085
0.9163972
0.9252541
0.9089032
0.9183237
0.9166667
0.9185962
0.9192896
0.9151009
0.9132125
0.9199306
0.9187563
0.9164768
0.8887594
0.9034156
0.9383981
0.9155189
0.9083614
0.908987
0.9105942
0.9333285
0.9139445
0.9102484
0.8982969
0.9209058
0.902106
0.9307309
0.9151312
0.9199828
0.9364762
0.9290265
0.9394449
0.9200799
0.8982542
0.9123842
0.9117626
0.9170887
0.911422
0.9201221
0.8934076
0.9128337
0.9039967
0.9258285
0.8995407
0.9288562
0.9300759
0.9310885
0.9067942
0.9261156
0.923981
0.9225688
0.9160322
0.9130736
0.9346732
0.9180202
0.9054959
0.9082063
0.9061297
0.8986984
0.8979408
0.8949416
0.8979089
0.9092853
0.9089295
0.8998413
0.9036249
0.8922295
0.9108731
0.9044086
0.9161032
0.9082406
0.8957284
0.8930302
0.893211
0.8943393
0.9033068
0.9095325
0.9057807
0.9054678
0.9055447
0.9054422
0.9088012
0.9025829
0.9078224
0.9136673
0.9080794
0.8952042
0.9003419
0.9093437
0.9125524
0.9106398
0.9056242
0.9066016
0.9156846
0.9057963
0.8967663
0.9030334
0.9084472
0.9112975
0.9031935
0.8456711
0.9085325
0.9095442
0.8984801
0.9014954
0.8971979
0.9154984
0.9053853
0.911439
0.9135981
0.9066496
0.9161702
0.9095309
0.9085634
0.9008903
0.8525643
0.8863745
0.9035559
0.901893
0.8976301
0.8928623
0.8915645
0.8977952
0.9115467
0.8913513
0.8905583
0.893929
0.9127604
0.911811
0.9206607
0.9115104
0.8560201
0.9020057
0.9165842
0.9158786
0.9046702
0.9522614
0.9047245
0.8937641
0.919
0.909123
0.8926541
0.9102191
0.9197093
0.9018326
0.9053766
0.9272677
0.9088068
0.9032441
0.8984195
0.901671
0.9153059
0.9201769
0.9263875
0.9132772
0.8689653
0.8691353
0.8728854
0.8673325
0.8651522
0.8632472
0.8740842
0.8692458
0.87435
0.879392
0.8639769
0.8573942
0.8665211
0.8679399
0.8834955
0.871257
0.873407
0.8529279
0.8632472
0.8632718
0.8637478
0.857394
0.8726984
0.8766231
0.9014855
0.8998686
0.8779896
0.8682288
0.8710878
0.9128101
0.9141781
0.9013541
0.9011609
0.8549341
0.9188438
0.9153352
0.9151571
0.906003
0.9163086
0.9064804
0.8975105
0.9012418
0.9125868
0.9017992
0.9028275
0.8972749
0.9075863
0.9156974
0.8968782
0.9022278
0.8981791
0.9157846
0.9068055
0.9075973
0.9120085
0.9045739
0.9111541
0.9117813
0.9036422
0.8969375
0.900475
0.830922
0.8512637
0.8425143
0.8438563
0.8576359
0.8342636
0.8291567
0.8585142
0.8355533
0.8392816
0.8508927
0.9120339
0.9133517
0.9260532
0.9148996
0.9020319
0.8989986
0.9160273
0.9130882
0.9025452
0.9485905
0.9009905
0.9019507
0.870487
0.9084134
0.8954055
0.9062489
0.9154426
0.9036995
0.9088913
0.9279848
0.9070843
0.9043198
0.9051696
0.907933
0.9153623
0.9150541
0.9249561
0.9138508
0.9053831
0.9068396
0.9128775
0.9046231
0.9073756
0.9024575
0.9058439
0.9059369
0.9018048
0.9092401
0.9044253
0.9035069
0.9056213
0.9042595
0.9083342
0.9095499
0.9061549
0.8977923
0.9030109
0.9053153
0.9081226
0.9062936
0.9094505
0.9083013
0.8946485
0.8905339
0.9066113
0.9074961
0.9060305
0.891302
0.8854606
0.8248894
0.8300351
0.9057518
0.8920168
0.8908081
0.8883411
0.8832366
0.8933086
0.8826933
0.818615
0.9095323
0.8851329
0.89119
0.8153621
0.8985387
0.8760807
0.8890407
0.8079981
0.8280211
0.8199831
0.8905028
0.8355736
0.8319318
0.8390999
0.8260208
0.8410603
0.83029
0.8898379
0.8875731
0.908462
0.9005852
0.9030924
0.8973934
0.9060781
0.9115433
0.8952508
0.8973405
0.9032316
0.8995002
0.8920903
0.9089354
0.9166187
0.8853362
0.9158846
0.8946465
0.909366
0.8658276
0.8845302
0.8795106
0.8167602
0.930912
0.8057872
0.9076144
0.907236
0.8338356
0.8659836
0.8811608
0.8837734
0.8849564
0.8827896
0.9007344
0.8959122
0.8837268
0.8749771
0.8819711
0.8906608
0.8876583
0.9140723
0.9092833
0.9027969
0.9015859
0.9127839
0.901826
0.9043111
0.9060089
0.9109318
0.9010799
0.9004681
0.9085247
0.8975588
0.9030134
0.8988093
0.9040113
0.9016997
0.9074048
0.9087209
0.8980478
0.9080655
0.9147723
0.9073195
0.895593
0.9074414
0.9016059
0.8981664
0.8926039
0.8989895
0.90633
0.9015707
0.8985222
0.8919036
0.8897652
0.8829631
0.8890246
0.8873574
0.886887
0.8923355
0.8865096
0.894952
0.8826211
0.8912609
0.9063446
0.8895652
0.8805022
0.8834378
0.9174574
0.8819569
0.8933935
0.8834769
0.8889898
0.8860662
0.8892447
0.8939017
0.8910324
0.8918098
0.8920113
0.8949676
0.894951
0.8834826
0.8941044
0.9214781
0.9103874
0.9030316
0.9062714
0.9056488
0.9236763
0.9016138
0.9025496
0.8981162
0.9056439
0.8988347
0.9167856
0.913521
0.8899303
0.9157413
0.9007387
0.921515
0.8943396
0.8794245
0.887361
0.8836903
0.916022
0.8867539
0.9119874
0.9009905
0.889821
0.866443
0.8877967
0.8701607
0.8924209
0.8929851
0.90625
0.8882483
0.8920791
0.8835744
0.8883557
0.8842193
0.8845031
0.9152056
0.9129339
0.9137314
0.910365
0.9160707
0.9091923
0.9082861
0.9070345
0.9092281
0.9172954
0.9155383
0.9135367
0.9124169
0.9068466
0.9137913
0.9105154
0.9144328
0.9211892
0.9121032
0.9026693
0.9030439
0.9085786
0.9133034
0.9104424
0.9126961
0.913871
0.9015384
0.89886
0.911974
0.9100862
0.9121489
0.9001245
0.8924882
0.8777428
0.8795446
0.9105394
0.9057116
0.8983953
0.8936338
0.8951067
0.898894
0.8899026
0.8804284
0.9088709
0.8908023
0.8995917
0.8764507
0.9049244
0.8799489
0.8946046
0.8661332
0.8766447
0.8761838
0.8947274
0.8824041
0.8842564
0.8833962
0.8771007
0.8874158
0.8816529
0.9063399
0.9006554
0.9064405
0.9091923
0.9146041
0.9124786
0.9116619
0.9092638
0.9082167
0.9071824
0.9158965
0.9066744
0.9067156
0.9100036
0.9166637
0.8947069
0.9182187
0.9034647
0.9069618
0.8805675
0.8898766
0.89076
0.87845
0.936601
0.8743853
0.9104532
0.9198091
0.8853632
0.8832907
0.8927773
0.8925066
0.8890377
0.8874774
0.9080297
0.9068042
0.893098
0.8809063
0.8842396
0.8979643
0.8983251
0.9120196
0.9167765
0.9051907
0.9069966
0.913475
0.907414
0.9033471
0.9044764
0.907569
0.9102446
0.9116952
0.9148778
0.9074985
0.9051992
0.9128236
0.9073857
0.9070908
0.9134511
0.9060009
0.9003135
0.9036106
0.9050057
0.910407
0.909718
0.9100281
0.9097056
0.8966388
0.8979223
0.9071985
0.9066381
0.9076272
0.9030267
0.8932761
0.748946
0.8061165
0.9066229
0.9010134
0.8967224
0.8904502
0.8917122
0.8985815
0.8900721
0.7266526
0.9063002
0.8926323
0.8936247
0.7431163
0.9012792
0.8831766
0.8899921
0.7381188
0.7587245
0.7407877
0.8978702
0.819709
0.8103654
0.8178764
0.8052259
0.8202849
0.8117981
0.8985027
0.8929967
0.9033077
0.9021027
0.9076093
0.9028215
0.9074437
0.9105265
0.8967084
0.8991467
0.9086251
0.8991575
0.8970795
0.9020611
0.9151994
0.8933192
0.914781
0.9016882
0.9050829
0.8802241
0.8911273
0.8929626
0.7889469
0.936544
0.7017802
0.9113727
0.9117477
0.8161832
0.8775853
0.8920956
0.8932594
0.8908091
0.8910532
0.9044325
0.9000139
0.8894059
0.8827946
0.8867347
0.8944018
0.8938303
0.9197544
0.9198016
0.9161213
0.9148238
0.9193587
0.9169967
0.9135135
0.9156934
0.9188941
0.9147941
0.9182561
0.9188172
0.911119
0.9132155
0.91681
0.9148502
0.9145479
0.9192499
0.9171483
0.9124831
0.9144254
0.9156129
0.917018
0.9166931
0.9163498
0.9175659
0.9044821
0.9017986
0.9153398
0.9168076
0.9124396
0.9010738
0.897768
0.7581078
0.8099065
0.9156219
0.8974043
0.8996698
0.8945814
0.8897855
0.9007456
0.8926701
0.7389779
0.9154635
0.8945796
0.8982371
0.7507989
0.9129053
0.8887972
0.8951484
0.7531315
0.7607046
0.7551053
0.8997477
0.8291737
0.8125431
0.8204865
0.8069366
0.8136393
0.810785
0.9052879
0.899929
0.9092294
0.9115315
0.9144495
0.9114972
0.913646
0.9179686
0.9030922
0.9081466
0.9151193
0.9094023
0.9069461
0.9152668
0.923301
0.8959456
0.9175148
0.906962
0.9153819
0.8853783
0.8921846
0.8929392
0.7919495
0.9307156
0.696869
0.9212041
0.917471
0.8193849
0.8831903
0.8948026
0.8912474
0.9007095
0.8918292
0.9097715
0.9069511
0.8967129
0.8872332
0.8929349
0.8981992
0.8936853
0.9173642
0.9163665
0.8991799
0.9016919
0.9134747
0.9001855
0.9006239
0.8987638
0.9030375
0.8989095
0.900352
0.9043782
0.9007061
0.9003507
0.9035513
0.9001216
0.9009595
0.9109334
0.9050195
0.8890928
0.9003151
0.9087004
0.9064869
0.8993021
0.9079319
0.8986504
0.909206
0.9098417
0.9018124
0.9036224
0.8999374
0.9220488
0.918404
0.9064504
0.9020575
0.8972987
0.9254307
0.9206586
0.9244184
0.9166426
0.9210048
0.9145814
0.907602
0.886011
0.9228292
0.9029548
0.9053248
0.9102475
0.9170124
0.9276761
0.8990612
0.9087179
0.9073222
0.9223029
0.914472
0.9150204
0.9186481
0.913023
0.9195049
0.9163881
0.9005913
0.9073204
0.9177466
0.9049765
0.9033258
0.9063005
0.9085089
0.9158486
0.9031782
0.8946331
0.9059221
0.9061876
0.893888
0.9141245
0.9013557
0.9222498
0.9340763
0.9293181
0.9190814
0.9102956
0.9172608
0.919556
0.9081777
0.945897
0.9050852
0.8963341
0.9021208
0.9137465
0.904388
0.9227898
0.9193653
0.9184622
0.9261958
0.9387655
0.9066885
0.9220162
0.9162505
0.9224422
0.9206298
0.923832
0.9366337
0.9155028
0.8984971
0.9013556
0.9089048
0.9006779
0.8986005
0.8985697
0.9052032
0.8995067
0.9037032
0.9026016
0.9000691
0.898731
0.8982336
0.9002162
0.9017854
0.9056376
0.9014476
0.8914267
0.8974089
0.9033689
0.9038883
0.8981023
0.903887
0.9034021
0.895308
0.8899864
0.8994466
0.9036392
0.9022489
0.8886453
0.8844815
0.862455
0.8602279
0.8965303
0.8869494
0.8836757
0.8853635
0.8812625
0.8903943
0.8761456
0.8615985
0.9054049
0.8838693
0.8856035
0.8554109
0.9046746
0.8723592
0.8816201
0.847321
0.8598724
0.8596282
0.8872115
0.8694264
0.8715745
0.8756711
0.869482
0.8770003
0.8697422
0.8820136
0.8850262
0.907211
0.9021078
0.901327
0.9001769
0.8963359
0.9085064
0.889108
0.8921933
0.8998485
0.8957315
0.8890677
0.9042744
0.9118202
0.8859265
0.9095836
0.8969297
0.9079654
0.8664963
0.8787112
0.885607
0.8599249
0.9292818
0.8548652
0.9056113
0.903904
0.8713125
0.8644629
0.8782307
0.8760018
0.884702
0.8825668
0.899804
0.8939576
0.8898564
0.8707358
0.872467
0.8853505
0.8830867
0.9122733
0.9212883
0.9195212
0.9236347
0.9249845
0.9207369
0.923934
0.9185989
0.9186621
0.924706
0.9228492
0.9206003
0.9212685
0.9201969
0.9251909
0.9220261
0.9257362
0.9236721
0.9222772
0.9219383
0.9187518
0.917367
0.92394
0.9235914
0.92159
0.9229793
0.9006257
0.9010756
0.9188103
0.9202292
0.9201654
0.8921819
0.8902443
0.9004904
0.9063144
0.9233711
0.8901021
0.889169
0.8866523
0.8788307
0.8892961
0.8796794
0.8991015
0.9272818
0.8747462
0.9097074
0.9005062
0.9128174
0.873626
0.8742385
0.8905262
0.8974523
0.8976035
0.8624356
0.8987059
0.8966193
0.8992446
0.8985141
0.9001272
0.8974668
0.9102824
0.9044956
0.913991
0.9158037
0.9210915
0.9163609
0.9190936
0.9152446
0.9166637
0.9176142
0.9234674
0.9133082
0.919612
0.915565
0.9286018
0.8858516
0.913883
0.8996207
0.912538
0.8867768
0.8902321
0.8923436
0.8976835
0.9256478
0.900988
0.9229395
0.9263773
0.8969028
0.8789909
0.8795582
0.8872848
0.8849978
0.8790422
0.8987225
0.904813
0.8909765
0.8716515
0.8749591
0.8793066
0.8917874
0.904742
0.9119569
0.9079288
0.9097594
0.9154678
0.909642
0.9107226
0.9065085
0.9052056
0.9124538
0.9062834
0.9127725
0.9107887
0.9042423
0.9109815
0.9123138
0.9141328
0.9136577
0.9090421
0.9083761
0.9063511
0.9051879
0.9126959
0.9130172
0.9105366
0.9108808
0.898482
0.8968231
0.9059372
0.9113084
0.9067252
0.8816673
0.8832392
0.8868901
0.8846982
0.9106737
0.8827584
0.8803514
0.8756197
0.8739419
0.8858887
0.8779326
0.8872494
0.9156364
0.8730779
0.8993545
0.8845146
0.9070683
0.8664554
0.8747037
0.8758514
0.8865633
0.8874021
0.8578967
0.8828063
0.8875158
0.8904193
0.8851569
0.890156
0.8832695
0.8960724
0.8944115
0.9107919
0.9105414
0.9135274
0.9056698
0.9072036
0.9086576
0.9028173
0.9073629
0.9108403
0.9083909
0.9041826
0.9109916
0.9213668
0.8781411
0.9112094
0.8945408
0.9121946
0.8794243
0.889778
0.885655
0.8854087
0.9247927
0.8840038
0.9156378
0.9135341
0.8859975
0.8621138
0.8766573
0.8774725
0.8734803
0.8765909
0.8984475
0.8951899
0.8760949
0.8660632
0.8711404
0.8715118
0.8820047
0.9054684
0.9143186
0.9112263
0.9100078
0.9156269
0.9078971
0.9092985
0.9085272
0.9117952
0.9108436
0.9085139
0.9158686
0.9088459
0.9069684
0.9094852
0.9106622
0.9154855
0.9120217
0.9127091
0.9074533
0.9096215
0.9088113
0.9139019
0.9092692
0.9129122
0.910114
0.894026
0.892523
0.9075624
0.9139132
0.9100085
0.8776765
0.8835738
0.8833853
0.8852763
0.9080149
0.8831709
0.8774605
0.8746994
0.8730589
0.8831332
0.8643382
0.8850758
0.9173736
0.8691435
0.8968417
0.8815579
0.9114424
0.860367
0.8724685
0.8738858
0.8830219
0.879577
0.8431756
0.8826569
0.8884041
0.8895439
0.8787625
0.8907145
0.8856546
0.8937072
0.8912245
0.9093695
0.9102436
0.9098091
0.9084645
0.9095959
0.9119452
0.9016977
0.9058925
0.9080562
0.9064828
0.9017185
0.909337
0.9222926
0.8742277
0.9103127
0.8890926
0.9112399
0.8779677
0.8819781
0.8814369
0.8793317
0.9208233
0.8803201
0.9141926
0.9116515
0.8843991
0.8593599
0.8707051
0.8716723
0.8723506
0.8741925
0.8931251
0.8964635
0.8806666
0.8579657
0.8609068
0.866384
0.8719947
0.9028373
0.9186323
0.9154591
0.9179395
0.9209473
0.9148771
0.9173638
0.9140713
0.9179265
0.9193385
0.9174869
0.9197882
0.9159375
0.910557
0.9154297
0.9152989
0.9185266
0.9197597
0.9194551
0.9152081
0.9151464
0.9174354
0.9190154
0.9142777
0.9191122
0.9193469
0.8999295
0.8991404
0.9140669
0.9159188
0.913123
0.8846195
0.882824
0.8912989
0.8954134
0.9175748
0.8743367
0.867836
0.8690532
0.8645669
0.8797108
0.8636679
0.8920176
0.9232531
0.8458715
0.9039399
0.8859757
0.9187331
0.8511513
0.8534232
0.878522
0.8878749
0.8901438
0.8711639
0.8831565
0.8857481
0.8912912
0.8906975
0.8887386
0.8870835
0.9047873
0.9027822
0.9168921
0.9138029
0.9175004
0.9145998
0.9136007
0.91765
0.9107516
0.9183673
0.9169769
0.9148144
0.9145199
0.9178447
0.9299588
0.8696075
0.9100557
0.8864409
0.9204184
0.8898135
0.8871902
0.8822742
0.8816786
0.9202877
0.8886221
0.9224544
0.9173415
0.8886988
0.8610732
0.8576793
0.8684307
0.8770172
0.8599046
0.8825235
0.8939568
0.8774379
0.8605704
0.8619274
0.8702552
0.8659997
0.9032438
0.9131682
0.906063
0.9090063
0.9221599
0.9064066
0.908371
0.9162917
0.9183644
0.9079803
0.9061085
0.9135816
0.9109752
0.9114232
0.9086008
0.9125013
0.9089384
0.9164848
0.9210564
0.9085186
0.9166786
0.9198281
0.912884
0.9072468
0.9133611
0.9133709
0.89695
0.894575
0.9050121
0.9136296
0.9093991
0.8868692
0.8828868
0.8921739
0.8866672
0.9060403
0.8838939
0.8762629
0.8855498
0.8733559
0.8849838
0.875557
0.8912981
0.919025
0.8687633
0.8881101
0.8844892
0.9250079
0.8621891
0.8723498
0.8810914
0.8905613
0.8863306
0.8598937
0.8903014
0.8826824
0.8893258
0.8870302
0.8896239
0.8860261
0.8872719
0.8925724
0.9246474
0.9201923
0.9109152
0.9123295
0.9126376
0.9242505
0.9152289
0.9154151
0.9078669
0.9180902
0.9092345
0.9211866
0.9181923
0.8786697
0.9139684
0.8968729
0.9244159
0.8892678
0.8754824
0.883393
0.8824622
0.9122004
0.8868931
0.91819
0.9054509
0.8853715
0.865716
0.8751329
0.8643419
0.8878383
0.8826736
0.8962854
0.892692
0.8875189
0.8701811
0.8722467
0.8721176
0.863485
0.9080964
0.9087337
0.9004684
0.9004595
0.9083886
0.9021181
0.9001369
0.8957162
0.9017754
0.8961873
0.9010694
0.9044755
0.8982271
0.8963125
0.8986969
0.9009697
0.9008807
0.8989214
0.9030133
0.8962444
0.8992595
0.9011066
0.9030422
0.8969823
0.9005784
0.8955647
0.8585822
0.8502695
0.899761
0.9007963
0.8989842
0.898611
0.8991825
0.9024517
0.8934452
0.8910969
0.8971401
0.8935248
0.8994402
0.8909053
0.8997754
0.8898864
0.8958604
0.9051619
0.895983
0.8583142
0.8946462
0.9081192
0.8905212
0.901554
0.8902659
0.8976389
0.897942
0.9013932
0.9039333
0.904321
0.906768
0.9026939
0.9100364
0.9025378
0.8595942
0.8601654
0.9116647
0.8988597
0.900777
0.8989636
0.8995232
0.912172
0.8985502
0.8974015
0.9005748
0.8991199
0.8942396
0.9074261
0.9118227
0.8999311
0.9250369
0.9093508
0.9122752
0.8919195
0.8983721
0.896134
0.8973651
0.9315353
0.896723
0.9029036
0.9047975
0.9019112
0.8869008
0.8990931
0.8892107
0.8963854
0.9044533
0.9162513
0.9012333
0.9002842
0.8904819
0.8924377
0.8965805
0.9001114
0.9132605
0.9177831
0.9112596
0.9122838
0.9178923
0.9091946
0.9125066
0.911911
0.9137925
0.9134493
0.9119767
0.9175178
0.9131642
0.9110906
0.9114907
0.9116608
0.9137002
0.9148259
0.9182487
0.9087928
0.9135325
0.9138792
0.9161361
0.9117439
0.9178684
0.9152182
0.9041617
0.8978265
0.9084317
0.9143533
0.911856
0.8938916
0.8931156
0.8230196
0.8404143
0.9093581
0.8982032
0.896514
0.8941315
0.8878105
0.8977064
0.8829749
0.8174791
0.9147514
0.8867586
0.8939394
0.8171437
0.9132047
0.8825227
0.8938337
0.7978416
0.8275236
0.8147182
0.8957679
0.7934956
0.7723655
0.7954554
0.7636342
0.7847978
0.7790689
0.8985616
0.8984672
0.9136866
0.9126062
0.9090747
0.9081644
0.9126796
0.9184976
0.9072565
0.9094561
0.9128515
0.9127696
0.9100832
0.9112321
0.9231836
0.8953456
0.9169879
0.9030151
0.9156427
0.8844306
0.8915697
0.8897329
0.759984
0.930045
0.8027079
0.9217789
0.9119579
0.7876816
0.8789422
0.8909462
0.8913083
0.8987022
0.8945361
0.9068927
0.9026208
0.8926158
0.8859285
0.8892672
0.8905411
0.8947331
0.9175453
0.9151152
0.9077587
0.9095388
0.9170947
0.9082157
0.9082129
0.911981
0.9123971
0.9101409
0.9092478
0.9132233
0.9105595
0.9091909
0.9092902
0.9083759
0.9136541
0.9178049
0.9157579
0.9052368
0.9106266
0.9140249
0.9124559
0.9086879
0.9153421
0.914093
0.9018377
0.8987185
0.9068716
0.9105371
0.9091938
0.8935371
0.8924432
0.8221022
0.8397755
0.9082954
0.9000947
0.8974828
0.8951524
0.8860896
0.8974703
0.88402
0.8149653
0.9152916
0.8879545
0.8942958
0.8154442
0.9103495
0.8806272
0.8950512
0.7993285
0.8285628
0.8094926
0.8980064
0.7931075
0.7691422
0.7925393
0.7715609
0.7861121
0.778868
0.8981239
0.8955979
0.9126426
0.9105859
0.9090683
0.9068776
0.9116733
0.9193645
0.904288
0.9096433
0.907132
0.9112512
0.9056031
0.9137213
0.9221001
0.8937838
0.9142522
0.9017703
0.9131478
0.8840695
0.888657
0.8914879
0.7579416
0.9293604
0.7987895
0.9196061
0.909275
0.7880947
0.8784561
0.8883985
0.8892328
0.8986991
0.8964217
0.9071171
0.9018173
0.8938732
0.8861704
0.889267
0.8899089
0.8916098
0.9172007
0.9220402
0.9165054
0.9194591
0.9263734
0.9195043
0.9207375
0.9247477
0.9257426
0.92197
0.920986
0.9251982
0.9209038
0.9225514
0.9236135
0.9191764
0.9189086
0.925671
0.9233746
0.9183881
0.9235448
0.9217571
0.9247961
0.9221657
0.9260571
0.9231335
0.9095819
0.9056294
0.917362
0.9217567
0.9214261
0.9034953
0.9040163
0.8432961
0.8591959
0.9179661
0.9058104
0.9052654
0.9002606
0.8998939
0.9042004
0.8991928
0.8405283
0.9249662
0.8949659
0.9063628
0.839279
0.9213765
0.8906818
0.8984909
0.8249268
0.8458435
0.8383321
0.9054068
0.808273
0.7906887
0.8030733
0.7883592
0.8021411
0.797932
0.9087118
0.9054648
0.9198897
0.9225732
0.9187616
0.9176586
0.9203278
0.9262883
0.9166696
0.9164354
0.9212159
0.916746
0.9165993
0.9222226
0.9277393
0.8992522
0.9183987
0.9126031
0.9195883
0.8983862
0.9025701
0.8956234
0.78752
0.9300513
0.8281432
0.9287632
0.9229649
0.8085447
0.8938859
0.9008049
0.8986582
0.9036153
0.9020208
0.9101855
0.908985
0.9019223
0.8954927
0.9004763
0.8995684
0.9009028
0.9188801
0.9181008
0.9177077
0.9138699
0.9261614
0.919864
0.9208673
0.9221655
0.9223382
0.9199611
0.9178558
0.9234889
0.9176168
0.9213268
0.915925
0.920625
0.9174216
0.9239426
0.9225249
0.9175735
0.9252832
0.9239876
0.9252537
0.9189085
0.9184934
0.9228456
0.9084387
0.9030703
0.9174601
0.9228601
0.91757
0.9044182
0.9019422
0.8565457
0.8711498
0.9186748
0.9057742
0.9083007
0.907188
0.898855
0.9079706
0.9014856
0.8528143
0.9279867
0.8972434
0.9054742
0.8533437
0.927627
0.8956947
0.9032914
0.8453908
0.8586778
0.8564182
0.9045242
0.8341278
0.8251035
0.8289597
0.8297298
0.8288231
0.822025
0.9055809
0.9046599
0.9265674
0.9206627
0.9165059
0.916127
0.920646
0.9281971
0.9154391
0.920661
0.9185973
0.9223468
0.9187097
0.922462
0.9304893
0.8982258
0.9200041
0.9067817
0.9277862
0.9001909
0.8932398
0.8945008
0.819263
0.9242604
0.8436596
0.9318941
0.9181834
0.8315373
0.8991239
0.8981733
0.8961671
0.906848
0.8990483
0.9129757
0.9055729
0.9083153
0.8990271
0.9024193
0.9039958
0.898585
0.9211855
0.9168401
0.9103347
0.9138004
0.9169077
0.9100919
0.9137546
0.9114561
0.9121463
0.9160346
0.9151654
0.9155568
0.9159301
0.9065491
0.9149981
0.9149425
0.9194093
0.9124824
0.9129415
0.9149262
0.9090812
0.9080776
0.9163165
0.916027
0.9134135
0.9150103
0.8970473
0.8921618
0.9114203
0.911247
0.9144049
0.8773299
0.8672258
0.8826257
0.8886352
0.9175387
0.8706538
0.8692988
0.8623074
0.8626047
0.8735611
0.8583026
0.8845164
0.9221261
0.8436531
0.9005926
0.8836407
0.9058483
0.8306549
0.8432069
0.8794731
0.886012
0.8836568
0.858925
0.8833922
0.8853956
0.8917699
0.8876607
0.8872517
0.8822426
0.9006577
0.8950328
0.9080157
0.9069651
0.9134595
0.9087443
0.9115748
0.9132245
0.908653
0.9124849
0.9139446
0.9096675
0.9117574
0.9107378
0.9279827
0.8633036
0.9051411
0.8855723
0.9087255
0.8846154
0.8820707
0.879981
0.8821909
0.9262737
0.8862799
0.9156018
0.9182005
0.8852889
0.8559237
0.8470566
0.8604901
0.856285
0.8557885
0.8797704
0.894711
0.8724596
0.8451206
0.8507352
0.861978
0.8625479
0.9002319
0.9200096
0.9139941
0.9124704
0.9190817
0.9150255
0.9128852
0.9129093
0.919298
0.9144746
0.915666
0.9194857
0.9114546
0.912856
0.9159965
0.9154469
0.9138465
0.9174651
0.9156818
0.911194
0.9122533
0.9154835
0.9165466
0.9158391
0.91603
0.9179337
0.9026564
0.8998907
0.9145209
0.9161822
0.9134598
0.8998626
0.896466
0.7627965
0.8087689
0.9139056
0.898595
0.8997752
0.8938639
0.89101
0.9004643
0.8899721
0.7409624
0.9150964
0.8949239
0.8982268
0.7471814
0.9103136
0.8875929
0.8944711
0.7551285
0.7630037
0.7538294
0.8993852
0.8280785
0.8148233
0.8225959
0.810699
0.8156335
0.8142405
0.9051199
0.9003477
0.9094096
0.9097739
0.9141664
0.9089362
0.9133256
0.9170372
0.9032373
0.90891
0.9137274
0.9085716
0.9059981
0.9159013
0.9233993
0.8960138
0.9156739
0.9062192
0.9139918
0.883479
0.891341
0.8932081
0.7911187
0.9302748
0.6955991
0.9185984
0.9158613
0.8226977
0.8818881
0.8952266
0.8883249
0.9002306
0.8917809
0.9079634
0.9082951
0.8947854
0.8861033
0.8911054
0.8983057
0.8922538
0.9173124
0.9249965
0.9101225
0.911712
0.9106682
0.9086972
0.9051911
0.8952711
0.8958387
0.9111079
0.9136473
0.9077831
0.9135789
0.9036601
0.9104819
0.9037069
0.9110913
0.9061642
0.8967423
0.9004726
0.8943021
0.8973995
0.9059513
0.9113992
0.90674
0.9086443
0.9068809
0.9073181
0.9131681
0.905589
0.9103068
0.9143662
0.9062355
0.8957303
0.9013652
0.9081069
0.9155285
0.9152584
0.9109203
0.9101668
0.9184388
0.9030736
0.8955839
0.9061912
0.9115697
0.9131291
0.9025654
0.7605708
0.9102692
0.9133189
0.8938897
0.9019242
0.8943384
0.9181262
0.9090134
0.9122514
0.9201435
0.907097
0.9140892
0.9107985
0.9121907
0.9078647
0.8407808
0.8962243
0.9104998
0.9015332
0.9045939
0.8927788
0.8891208
0.8983353
0.9152367
0.8917083
0.8977728
0.8967793
0.9156823
0.9153967
0.9243593
0.9184134
0.8471796
0.8979201
0.9175686
0.917247
0.9007834
0.9578869
0.9010744
0.8972053
0.9218908
0.9106593
0.8994145
0.9063974
0.9210461
0.9037966
0.9082749
0.9256894
0.9129287
0.9022302
0.8990372
0.9035549
0.9153234
0.9241983
0.9248909
0.9269688
0.9081407
0.9159172
0.9150602
0.9087147
0.9090586
0.9011167
0.9048879
0.9156936
0.9152845
0.9119116
0.9165099
0.9067393
0.9148127
0.9113029
0.916933
0.9149301
0.9057855
0.9036581
0.9013928
0.9038922
0.9114143
0.916182
0.9083324
0.9118872
0.9093714
0.911662
0.9141341
0.9079761
0.9143743
0.9174853
0.9142027
0.9020081
0.9070858
0.9155286
0.91783
0.9161038
0.9130861
0.9162783
0.9187963
0.9080549
0.9020333
0.9078306
0.9183418
0.9126341
0.9062323
0.8003667
0.9165617
0.9160529
0.902493
0.9050445
0.9017571
0.9200768
0.9092569
0.9129153
0.9167539
0.9069013
0.9157092
0.9136467
0.9133621
0.9072747
0.8514023
0.9007908
0.9113479
0.9047263
0.9095483
0.9058261
0.9028279
0.9034761
0.9168985
0.898799
0.9010008
0.90389
0.9119951
0.9191951
0.924203
0.9215142
0.855608
0.9056009
0.92334
0.9210711
0.9080289
0.9563815
0.9051462
0.8997335
0.9240655
0.9152891
0.9037688
0.9110963
0.9245362
0.910735
0.9119753
0.927294
0.9149491
0.9096293
0.9055634
0.909766
0.9197394
0.9252359
0.928252
0.9248739
0.907673
0.9131952
0.9101468
0.9054979
0.9041307
0.8968021
0.8999964
0.9116246
0.9139564
0.9093347
0.9130747
0.9015768
0.9160913
0.9102802
0.9155777
0.9127981
0.8964631
0.9035506
0.8948765
0.8956777
0.9094605
0.915548
0.9091169
0.9109014
0.9066039
0.9054556
0.9107641
0.9012137
0.9107117
0.9137175
0.9056885
0.8987423
0.9061426
0.9164783
0.9152572
0.9152531
0.9083891
0.9089068
0.9155826
0.9059262
0.8972174
0.9112231
0.9139577
0.9131333
0.9032073
0.7860863
0.908468
0.9090555
0.8976193
0.9034269
0.8980846
0.9150507
0.9103076
0.9126056
0.9178424
0.9126104
0.9177747
0.9147186
0.9149103
0.9060276
0.847347
0.8983893
0.9133167
0.9064717
0.9058137
0.899483
0.8991475
0.9008339
0.9165396
0.8922178
0.9013108
0.8968592
0.915127
0.9133443
0.9222356
0.9158083
0.8497573
0.8989837
0.920565
0.9183421
0.9085355
0.9540069
0.9061031
0.901937
0.9235224
0.9133188
0.8943906
0.9035848
0.9234798
0.9030221
0.9048449
0.9286531
0.9112389
0.9055882
0.8991853
0.9022336
0.9161911
0.9262555
0.9252137
0.9209057
0.9046153
0.9064213
0.9102385
0.9094476
0.9056698
0.8933546
0.8994859
0.90874
0.9090813
0.9046481
0.9075447
0.9006265
0.9095863
0.9026782
0.9119599
0.9107732
0.9000896
0.8997842
0.8942346
0.8985663
0.905759
0.9067724
0.9066946
0.9048217
0.9099004
0.9051551
0.9110464
0.9030149
0.9075952
0.9120039
0.910078
0.8978123
0.9029071
0.9067501
0.9163291
0.9120665
0.9081855
0.9084681
0.9147715
0.9030684
0.8998717
0.905073
0.9145945
0.9115113
0.9042425
0.7907224
0.9069521
0.9152542
0.8950606
0.9016202
0.8988082
0.9139294
0.9055992
0.9100028
0.9136416
0.9087419
0.9165361
0.9103279
0.9097274
0.9016824
0.8491315
0.8946588
0.9080833
0.9016628
0.9005397
0.9053489
0.8954305
0.8973916
0.9082031
0.8973155
0.894923
0.8994096
0.9116769
0.9146206
0.9251598
0.9156361
0.8489825
0.9035708
0.9181282
0.9181151
0.9043081
0.9532196
0.902729
0.9010067
0.9217939
0.9119068
0.895343
0.9085553
0.9206583
0.9068814
0.9081363
0.9273699
0.9153548
0.9047082
0.8982512
0.9057144
0.9139013
0.9178752
0.9232168
0.9219819
0.9031701
0.9073777
0.9064723
0.9044194
0.9015222
0.8903047
0.8981287
0.9117074
0.9116535
0.9019094
0.9096844
0.9008226
0.9065104
0.9052312
0.9123074
0.910808
0.8985805
0.8997798
0.8925626
0.8974442
0.9011501
0.9080796
0.9067152
0.9051507
0.9078572
0.9103959
0.9075801
0.9021958
0.9065294
0.9119285
0.9046252
0.8989426
0.9049916
0.9078354
0.9170601
0.9154748
0.9094822
0.9095383
0.9138347
0.9040868
0.8990803
0.9042452
0.9149474
0.9122071
0.9042151
0.7769968
0.9107193
0.9130175
0.8963142
0.9047011
0.8993128
0.9153521
0.9090877
0.9109582
0.9162753
0.9046656
0.9166667
0.9125426
0.9107302
0.9067863
0.8458118
0.896158
0.908187
0.9012709
0.9021132
0.8976165
0.8956098
0.8974183
0.9130712
0.8949377
0.8932173
0.8971065
0.9117159
0.9113345
0.9226193
0.915916
0.8495628
0.8993807
0.9140989
0.9164578
0.9090909
0.9536968
0.9028915
0.8957513
0.9190348
0.9122893
0.8952031
0.9084278
0.9212966
0.9044557
0.9057239
0.9286109
0.9119597
0.9038305
0.8988724
0.9080936
0.9145544
0.9219804
0.9234053
0.9253633
0.9122223
0.9164863
0.9084343
0.9143122
0.9089674
0.8984641
0.9029921
0.9168729
0.9186308
0.9094287
0.9195554
0.905849
0.9137589
0.9110328
0.9201001
0.9130036
0.9025224
0.9045972
0.8969857
0.8989341
0.9099815
0.9171747
0.911465
0.9127103
0.9090139
0.911283
0.9181596
0.9061167
0.9158938
0.91472
0.9072578
0.9033201
0.9051422
0.9192804
0.92005
0.9179832
0.9057722
0.9119365
0.9205747
0.9055559
0.8996917
0.9095264
0.9146586
0.917119
0.9069419
0.7768036
0.910379
0.9105352
0.9010942
0.9077627
0.902247
0.9172803
0.9103998
0.9165992
0.9164472
0.9066028
0.9145974
0.9123239
0.9173501
0.9052279
0.8427311
0.8970124
0.9149565
0.9098472
0.9079027
0.895754
0.8986926
0.9024786
0.9211409
0.8978383
0.9007366
0.8992656
0.9170927
0.914192
0.9252089
0.913798
0.8476
0.90259
0.9163397
0.9170526
0.9070776
0.9556631
0.9057705
0.900224
0.9260787
0.9122998
0.8979981
0.9098997
0.9246587
0.9024938
0.9059137
0.9305839
0.9154594
0.9082724
0.8993652
0.9053766
0.9177178
0.9246489
0.9237005
0.9149026
0.8684943
0.8687954
0.8638604
0.8710113
0.8688064
0.8636552
0.8707149
0.8607029
0.8722331
0.8743617
0.8548147
0.8535808
0.8638579
0.86746
0.8777346
0.8616355
0.8673623
0.844067
0.8660963
0.8649198
0.861296
0.8603257
0.8719355
0.8687926
0.9026403
0.9031704
0.8714515
0.8597154
0.8698863
0.9131698
0.9099775
0.901087
0.9029228
0.8501538
0.9143079
0.9124611
0.9137274
0.9105307
0.9164726
0.9045039
0.8997573
0.9025597
0.9178776
0.9006152
0.9052689
0.8917849
0.908093
0.9164331
0.8996941
0.9005051
0.898556
0.9165628
0.9042069
0.9118866
0.9149133
0.909673
0.9161594
0.9099597
0.9005611
0.9001301
0.8968662
0.8394842
0.8544763
0.8479198
0.8502603
0.8656829
0.8394877
0.8387333
0.862821
0.8422819
0.8482334
0.8561706
0.9087275
0.9113342
0.9268716
0.9175115
0.90197
0.9069927
0.9182771
0.9093494
0.9067879
0.9467937
0.9028209
0.8993164
0.8783702
0.9100143
0.8927279
0.9113965
0.9144351
0.9083737
0.9114738
0.9319308
0.9086478
0.9078027
0.9023315
0.9069542
0.9156703
0.9187107
0.9246814
0.9184405
0.8664154
0.8699914
0.8637004
0.8659121
0.868351
0.8609954
0.8677953
0.85766
0.868847
0.873241
0.8524967
0.852626
0.8618604
0.8637695
0.8742477
0.8633823
0.8688168
0.8417951
0.8595699
0.8604651
0.859415
0.8530651
0.8700497
0.8680362
0.9005753
0.8974341
0.8731926
0.8582126
0.8669809
0.9100704
0.9119127
0.9009142
0.9028302
0.8488713
0.9132277
0.911491
0.9134105
0.9060509
0.9130127
0.9073948
0.8971042
0.8986514
0.9167584
0.899599
0.9040304
0.8894035
0.9085136
0.9166962
0.8990776
0.8974665
0.8986607
0.9144673
0.9056867
0.9105156
0.9151765
0.9082569
0.914539
0.9088994
0.8984988
0.8958847
0.8995011
0.8371454
0.8556121
0.8437297
0.8475022
0.8655643
0.8345057
0.8352727
0.8627864
0.8390542
0.8430114
0.8553528
0.90635
0.9146655
0.9253415
0.9170067
0.903469
0.9040997
0.9149043
0.9100461
0.9073662
0.9480558
0.9045869
0.8984823
0.8795746
0.9080583
0.892588
0.911232
0.9161362
0.9073835
0.910531
0.9315595
0.911883
0.9063863
0.9011657
0.9056468
0.9119287
0.9188594
0.9241548
0.9201017
0.9110631
0.9138471
0.9173817
0.9107453
0.9086501
0.9122521
0.9152375
0.9123695
0.9139119
0.9145603
0.9148868
0.910549
0.9187895
0.9117709
0.9128113
0.9183539
0.914641
0.9058815
0.9093943
0.9084365
0.9131826
0.9123141
0.9153341
0.9165048
0.8998168
0.899687
0.912176
0.9129239
0.9104709
0.8936298
0.8938377
0.8197811
0.8351814
0.9126625
0.8958794
0.8943421
0.8934749
0.8917732
0.8953751
0.887687
0.8028653
0.9149319
0.8864749
0.8962875
0.8049091
0.908081
0.8820079
0.8897082
0.7814698
0.813494
0.8028664
0.8988294
0.7901067
0.7699367
0.7772808
0.747282
0.781395
0.7656182
0.8992675
0.8970181
0.9092997
0.9056584
0.9098512
0.9050307
0.9101782
0.9154592
0.9032189
0.9070957
0.9111174
0.9088125
0.902968
0.9142526
0.9221493
0.8929012
0.9186736
0.9033075
0.9115761
0.8809679
0.8912717
0.8950714
0.7141201
0.932906
0.7885989
0.9200485
0.9114821
0.7835236
0.8795303
0.8848363
0.88918
0.8935617
0.8911579
0.9058309
0.9042722
0.8915312
0.8846431
0.8868283
0.8910747
0.8952137
0.9170762
0.9134889
0.9030024
0.9038135
0.9132734
0.9025514
0.9017793
0.9064454
0.9120607
0.9021974
0.9038675
0.9108712
0.9019472
0.9061408
0.9037735
0.903779
0.9026963
0.9091911
0.9099727
0.8940729
0.9048222
0.9117995
0.9063769
0.9014385
0.9051581
0.9045616
0.8971527
0.893183
0.9042115
0.9058188
0.9007865
0.9048346
0.8903639
0.8697772
0.8595478
0.8955838
0.9005042
0.8949493
0.8976901
0.8882019
0.895761
0.8916576
0.863978
0.9050941
0.8944316
0.8890231
0.8639699
0.9162061
0.889139
0.9009809
0.8517314
0.8635959
0.862096
0.8952921
0.871906
0.8663484
0.8726632
0.8669206
0.8719499
0.865643
0.888836
0.8965965
0.9203068
0.9044581
0.905811
0.90339
0.9071839
0.9190809
0.904399
0.8990482
0.9007195
0.9110165
0.8959571
0.9127824
0.9077204
0.8929734
0.9186313
0.9072044
0.9216458
0.8857205
0.891723
0.8872293
0.8600127
0.9228335
0.860316
0.9109852
0.9051208
0.8658528
0.8837934
0.8985565
0.884155
0.8980665
0.8984184
0.9107029
0.8965894
0.899356
0.8896607
0.8972309
0.8950558
0.8887881
0.920812
0.922609
0.9237229
0.9244082
0.9308596
0.9213697
0.9268837
0.9247753
0.922528
0.9259981
0.9253757
0.9238739
0.9247853
0.9208661
0.9256216
0.9248325
0.9320738
0.9287045
0.9261421
0.9254412
0.9245866
0.9186161
0.928487
0.9268777
0.9222553
0.9296711
0.90207
0.9023609
0.9241384
0.9206711
0.9251568
0.8814823
0.8817959
0.8955607
0.9030845
0.9252171
0.8752288
0.8728405
0.8690476
0.8715911
0.8790401
0.8655201
0.895613
0.9315716
0.8457824
0.9135213
0.9005163
0.9172882
0.839973
0.8468816
0.8960046
0.8946374
0.8963571
0.8680246
0.8933096
0.8937605
0.901513
0.8951923
0.8972581
0.8952881
0.9124416
0.9048881
0.9170038
0.9197374
0.925612
0.9206121
0.9190441
0.9213783
0.9191709
0.9225449
0.9237143
0.9219671
0.9233929
0.9190973
0.9350928
0.8694397
0.907924
0.8851865
0.9180334
0.8898829
0.8902145
0.8851991
0.8992642
0.9203268
0.9004901
0.9294965
0.9278072
0.895939
0.8754696
0.8546974
0.8667205
0.8665496
0.8591285
0.8760101
0.906482
0.8831229
0.8566303
0.8570007
0.8632952
0.8622436
0.8996078
0.9264841
0.920366
0.9259541
0.9290768
0.9225082
0.9239413
0.9258011
0.9272734
0.9283698
0.9244991
0.9288033
0.9265991
0.9252909
0.9283305
0.9247743
0.9262809
0.9306603
0.9275212
0.9261241
0.9272178
0.9222257
0.9261766
0.92832
0.9277649
0.9304598
0.9149193
0.9151012
0.9234883
0.926847
0.9252443
0.9092421
0.9103144
0.8511561
0.8652133
0.9270695
0.9124738
0.9075412
0.9037459
0.9052026
0.9090248
0.9049881
0.8389786
0.9303958
0.9017444
0.9159561
0.8471898
0.9212839
0.8941559
0.8980954
0.8264569
0.8479517
0.8392957
0.9048354
0.8235029
0.800621
0.8099901
0.799394
0.8061577
0.8057373
0.9170917
0.9105419
0.9190882
0.9242773
0.9234916
0.9200278
0.92643
0.9273685
0.9213073
0.9263176
0.9253788
0.9220847
0.9245821
0.9242912
0.9343857
0.9050357
0.9218076
0.9116749
0.9210398
0.8966628
0.9083138
0.9033292
0.7714297
0.9348209
0.828941
0.9354218
0.9259429
0.8185306
0.9026739
0.8995106
0.9060381
0.908564
0.9034992
0.9118319
0.9161945
0.9087278
0.9030704
0.9067622
0.9012078
0.9072968
0.9189825
0.9145937
0.907972
0.9084729
0.9171688
0.9098629
0.9085016
0.9111419
0.9128296
0.9117657
0.9064185
0.9139201
0.9121598
0.9102482
0.9118009
0.90955
0.9089466
0.9120526
0.9101947
0.903227
0.9104462
0.9111858
0.9132301
0.9117855
0.9130511
0.9093852
0.903143
0.9010019
0.912223
0.9125878
0.907938
0.8996587
0.896109
0.8216469
0.8405155
0.9061604
0.8993973
0.8966705
0.8911053
0.8927169
0.8978988
0.8917957
0.8141556
0.9179067
0.8926425
0.893947
0.8185706
0.9123995
0.8845656
0.8944697
0.7950031
0.8249102
0.8132521
0.8930521
0.7686502
0.7421979
0.7700845
0.7538381
0.7556671
0.7718338
0.8970583
0.8957607
0.9110389
0.9081945
0.9093167
0.9070534
0.9122974
0.9184083
0.9044704
0.9083422
0.9059896
0.9069884
0.9043001
0.911467
0.9173233
0.890902
0.9202779
0.9040431
0.9118912
0.8832143
0.8886774
0.890667
0.754885
0.9265008
0.8025859
0.9208338
0.9119214
0.7601749
0.8763775
0.8892944
0.8865731
0.8956429
0.8936375
0.9064481
0.9002495
0.8922727
0.8865164
0.8881732
0.8895716
0.8899607
0.9122625
0.9116101
0.9013021
0.9027827
0.9099762
0.9014069
0.9009212
0.9024399
0.9061303
0.9042345
0.9040892
0.9074549
0.9015974
0.9021124
0.9046992
0.9020442
0.9042193
0.9088219
0.9081545
0.8969515
0.9053114
0.9039963
0.9046652
0.902275
0.9075893
0.9093997
0.8993158
0.8900346
0.9048232
0.9061396
0.9057698
0.8942694
0.8930588
0.8030614
0.8181188
0.8986575
0.8941447
0.8907832
0.8887215
0.8831916
0.8890157
0.8791738
0.787532
0.9095741
0.8884824
0.8855606
0.7895275
0.9047432
0.8779735
0.8917614
0.7620797
0.8037047
0.7905252
0.8973745
0.7779879
0.7475901
0.7632902
0.7218642
0.7640369
0.7493449
0.8896944
0.8874365
0.908001
0.9016016
0.9037021
0.8998027
0.9065959
0.9157451
0.8954524
0.8991222
0.8999893
0.9011972
0.8953434
0.9094815
0.9143432
0.8933782
0.9176637
0.899439
0.9113009
0.878789
0.8887085
0.8899073
0.6686212
0.9324141
0.7689701
0.9097202
0.9055746
0.7671962
0.8730525
0.890286
0.8825921
0.8907916
0.8907572
0.906371
0.8937855
0.8891512
0.8807553
0.8824146
0.8867857
0.8864398
0.9165024
0.9147459
0.9043366
0.9070828
0.911349
0.9060518
0.9044165
0.9049975
0.907694
0.9088975
0.9050608
0.9081942
0.9078197
0.9040352
0.9144762
0.9068882
0.9085718
0.9107024
0.9077263
0.8991385
0.9039366
0.9023454
0.9067302
0.9082112
0.9078615
0.9085802
0.9005631
0.8945704
0.9052538
0.9078929
0.9076349
0.895329
0.8924254
0.8032933
0.8237322
0.9055672
0.8966041
0.8932596
0.8900752
0.8836763
0.8913871
0.8848217
0.7857649
0.9088194
0.8904325
0.8912839
0.8017278
0.902275
0.8791133
0.8922368
0.7701223
0.8065661
0.7904302
0.8959943
0.7776989
0.748857
0.7655565
0.7283266
0.7656566
0.7505034
0.8975669
0.8905925
0.9039066
0.8975146
0.9043696
0.90248
0.9040602
0.911036
0.8966461
0.8991618
0.9044645
0.8985361
0.8955429
0.9041893
0.9175712
0.8894851
0.9129411
0.8993999
0.9060675
0.8759257
0.888949
0.8876998
0.6794389
0.9330139
0.7706857
0.9102731
0.9114762
0.767343
0.8702363
0.8860842
0.890327
0.8889169
0.8892838
0.9042497
0.8998363
0.8881968
0.8749544
0.8818083
0.8887341
0.8940478
0.9147765
0.9080024
0.90451
0.9046789
0.9133113
0.9078563
0.9073509
0.9032881
0.9067256
0.9061149
0.9076229
0.9088942
0.9050467
0.9024895
0.9079687
0.9069347
0.9123023
0.9113835
0.9043835
0.899332
0.9078211
0.9059272
0.9053805
0.905109
0.9123018
0.9078032
0.8958784
0.8936027
0.9015901
0.9064221
0.9070599
0.8969378
0.8919314
0.8813296
0.8771406
0.9032154
0.8966476
0.8923371
0.8912904
0.8852937
0.8927446
0.8866249
0.8775399
0.909691
0.8908546
0.8919065
0.8790132
0.907207
0.8745825
0.8908741
0.8708908
0.8828229
0.88098
0.8906636
0.8820994
0.8867762
0.8883526
0.881015
0.8924792
0.8786962
0.8913255
0.892085
0.9069198
0.8998132
0.906299
0.9041057
0.9042338
0.9063346
0.9012262
0.9018738
0.9068133
0.9008698
0.8993544
0.907857
0.9187377
0.8930815
0.9176345
0.9000566
0.9071639
0.8754319
0.8852938
0.8876158
0.8811381
0.9328304
0.8747685
0.9071922
0.9091468
0.8832724
0.8758108
0.8812214
0.8847848
0.887234
0.8910201
0.9057279
0.8993713
0.8937953
0.8809782
0.8864803
0.8878162
0.8947706
0.9117525
0.9191997
0.8696678
0.871687
0.8605358
0.8712019
0.8690458
0.8649391
0.870864
0.8597735
0.8730839
0.8750835
0.853666
0.8563394
0.8634341
0.8701057
0.8794723
0.8631653
0.8683266
0.8466037
0.8650671
0.8665342
0.8637758
0.8600804
0.8710302
0.8700086
0.9026859
0.9023136
0.8777069
0.8646431
0.8710864
0.911645
0.9117061
0.9020863
0.9028094
0.8490501
0.9156897
0.9153049
0.9147405
0.9098903
0.9133411
0.9059139
0.9007253
0.9028921
0.9166136
0.9016245
0.9068013
0.894088
0.9094481
0.9152855
0.901385
0.9009922
0.9013963
0.9154103
0.9084627
0.9090682
0.917147
0.909775
0.9158961
0.9120715
0.9037598
0.899946
0.9002502
0.8395166
0.8531153
0.8472249
0.8508254
0.8674636
0.844615
0.8410824
0.8626547
0.845679
0.8464358
0.8599339
0.9079568
0.9141471
0.9268816
0.9185821
0.904554
0.906397
0.9161948
0.9112496
0.9067818
0.9484468
0.904206
0.9005549
0.8809882
0.9094561
0.8945376
0.9123463
0.916147
0.9097272
0.9092401
0.9295426
0.910541
0.9065484
0.8996821
0.9047534
0.9135305
0.9201979
0.9255186
0.9205929
0.9007817
0.9061172
0.9065805
0.8986041
0.8953958
0.889142
0.8939422
0.9060738
0.907954
0.8992746
0.9066183
0.8928285
0.9059132
0.9006615
0.9089574
0.9022949
0.8959805
0.8911592
0.8904059
0.8919977
0.9015346
0.9054877
0.9022046
0.9025445
0.9029092
0.9032407
0.9083282
0.8953594
0.9051454
0.9112721
0.9088903
0.8985951
0.8999385
0.8994358
0.9119581
0.909341
0.903807
0.9078787
0.9103945
0.9029616
0.8971412
0.8987219
0.9102664
0.9072707
0.9017008
0.8357671
0.9040315
0.9117125
0.8935263
0.9014564
0.8991266
0.914645
0.9051712
0.9117992
0.9157329
0.9026016
0.91674
0.9111954
0.906632
0.9014798
0.8270018
0.8871164
0.9064972
0.8981888
0.8988483
0.8957254
0.8903774
0.8939527
0.9072536
0.8859338
0.8902578
0.8940111
0.9081349
0.9127043
0.9249741
0.9147566
0.8325399
0.8999892
0.9170071
0.9128169
0.9033114
0.950917
0.90246
0.8942168
0.9150324
0.9119813
0.8927298
0.9070308
0.9151088
0.8977584
0.9092949
0.9250341
0.9070125
0.9041916
0.8975285
0.9023026
0.9136922
0.918363
0.9246872
0.9214771
0.9024824
0.9089701
0.9087722
0.9010725
0.8972682
0.891979
0.8965505
0.907588
0.9091071
0.9032771
0.9069987
0.8946698
0.9069183
0.9019169
0.9104627
0.9039671
0.8982127
0.8932167
0.8913697
0.8948539
0.9039334
0.9065357
0.9036158
0.9038838
0.9036377
0.9038113
0.9109387
0.8986322
0.9054841
0.9114478
0.910425
0.8992946
0.9014741
0.9019551
0.9136981
0.9119344
0.9048095
0.9080969
0.9116848
0.9028289
0.8978442
0.9013192
0.9108303
0.907176
0.9025953
0.833666
0.9040949
0.9125828
0.8932308
0.9016388
0.8997079
0.915398
0.9067929
0.9117438
0.9171696
0.9036472
0.9156537
0.909362
0.9071284
0.9007151
0.8283148
0.8879237
0.9068366
0.8974145
0.8976766
0.8965165
0.8903648
0.8938182
0.908611
0.8856752
0.8924377
0.8953239
0.9124855
0.9114636
0.925401
0.913279
0.831733
0.9001334
0.9160267
0.9115566
0.9034537
0.9516504
0.9022875
0.8962117
0.9159627
0.9115022
0.8938436
0.9059202
0.9149368
0.8986175
0.9087347
0.926103
0.9092082
0.9010043
0.8972358
0.9012239
0.9125631
0.9186507
0.9249662
0.9203007
0.9046122
0.9049401
0.9057306
0.8990259
0.8955451
0.8906502
0.8975133
0.9042714
0.9043991
0.9032235
0.9046394
0.8927428
0.9024951
0.8997654
0.9066886
0.9025427
0.8960482
0.8926979
0.8908938
0.8957818
0.9013115
0.9017026
0.9037589
0.9054543
0.9025294
0.9037963
0.9049043
0.8972305
0.9012888
0.9112639
0.9104351
0.8988538
0.8971296
0.9008213
0.912101
0.9135054
0.9077503
0.906279
0.9101963
0.8986099
0.8964895
0.897395
0.9076278
0.9045561
0.8992614
0.8325089
0.9046666
0.9110482
0.8990447
0.9029629
0.9005718
0.9097996
0.9106808
0.9137546
0.918841
0.909359
0.9149662
0.9091811
0.9020918
0.8992064
0.8347427
0.8892068
0.9014334
0.8979717
0.8995053
0.8999565
0.8867192
0.891117
0.9054088
0.8874618
0.8905427
0.8979238
0.9064609
0.9110128
0.9225182
0.9155059
0.8404535
0.9026133
0.9145232
0.9145448
0.9030468
0.9501032
0.9018033
0.8949045
0.9146994
0.9064475
0.8897423
0.907928
0.9148604
0.9014942
0.9082438
0.9275004
0.9113049
0.9028732
0.8969559
0.9022365
0.9113799
0.9171167
0.9257263
0.9204131
0.9024064
0.9057404
0.9067497
0.9001233
0.9010684
0.8953637
0.8998514
0.905855
0.9074193
0.903041
0.9054856
0.8939741
0.9025503
0.8979555
0.9054867
0.9027149
0.8965104
0.8947004
0.8937117
0.8957236
0.9011306
0.9028263
0.9010458
0.9071655
0.9044946
0.904044
0.9054302
0.8999603
0.901977
0.9104656
0.9125623
0.8970118
0.8977482
0.8999964
0.9121079
0.9114137
0.906985
0.9050409
0.9118143
0.9013426
0.8963516
0.897007
0.9094195
0.9012092
0.9009812
0.8317872
0.9044848
0.9119799
0.8971499
0.9011339
0.9008261
0.911396
0.910265
0.9143746
0.918348
0.9087874
0.9165701
0.9129238
0.9028604
0.8985138
0.8333971
0.8900081
0.9018871
0.8989479
0.8994841
0.8990975
0.8876047
0.890698
0.9081662
0.8903884
0.8919057
0.8958288
0.9062739
0.9090685
0.9235576
0.9156244
0.8387195
0.9001833
0.9163359
0.9109899
0.9041204
0.9512801
0.9039005
0.8949686
0.914428
0.9093225
0.8926291
0.9089874
0.9146723
0.9027678
0.9072836
0.9267105
0.9101397
0.9036294
0.8980885
0.9039375
0.9121924
0.920166
0.923492
0.921217
0.9019815
0.9075815
0.9080231
0.9018081
0.9010766
0.896558
0.9000946
0.9068664
0.9072198
0.9049202
0.9077358
0.8947177
0.9056047
0.9003837
0.9071647
0.9026514
0.8960968
0.8965794
0.8951451
0.8967152
0.9053743
0.9021275
0.9025246
0.9077146
0.9040871
0.9065577
0.9083766
0.9011598
0.9043228
0.9093937
0.9113047
0.8977191
0.8996992
0.8990718
0.9121239
0.9128063
0.9074081
0.9033742
0.9113294
0.9005239
0.8970184
0.8982698
0.9082196
0.9016958
0.9019007
0.8323777
0.9041145
0.9122272
0.8975021
0.9027977
0.9018633
0.9095034
0.9116269
0.912315
0.9199154
0.9100335
0.9162994
0.9108595
0.9022003
0.8987889
0.8318387
0.8917619
0.9044842
0.899746
0.9012372
0.9020149
0.8890234
0.8911083
0.9069072
0.889491
0.8918334
0.8978584
0.9071852
0.9116456
0.9236583
0.9170347
0.8360857
0.8984381
0.915521
0.9119362
0.903315
0.9510361
0.9043141
0.8943748
0.9173009
0.9076189
0.891187
0.9087564
0.9143122
0.9002952
0.9069668
0.9258495
0.9111731
0.9021199
0.8968874
0.9004891
0.9122087
0.9184973
0.9251977
0.9226702
0.9000873
0.9055081
0.9041524
0.8984699
0.8969087
0.8920631
0.8989598
0.9016795
0.9069593
0.901848
0.9053304
0.8921719
0.9025067
0.8991752
0.9065504
0.9032604
0.8978932
0.8945945
0.8910071
0.895822
0.9047996
0.9023474
0.8992068
0.9059467
0.9059765
0.9042387
0.9052362
0.8979533
0.9008622
0.9079735
0.9108855
0.8990175
0.8990879
0.8996632
0.9119373
0.9109343
0.9056671
0.9061404
0.9073661
0.9009812
0.894613
0.9002595
0.9098594
0.9046502
0.8993468
0.833199
0.9033472
0.9097592
0.8940393
0.9010473
0.9006196
0.911996
0.9094298
0.9111593
0.9154417
0.9104679
0.9162589
0.9097069
0.9024602
0.8968314
0.8358798
0.8867813
0.9010846
0.8957318
0.8986751
0.8994842
0.8901248
0.8898901
0.9063309
0.8886761
0.8860443
0.8935574
0.9079163
0.9117657
0.9228238
0.915041
0.8387146
0.8995384
0.9114561
0.9136093
0.9043952
0.9494993
0.9016953
0.8922728
0.9123147
0.9110741
0.8907024
0.9066609
0.9101602
0.9004383
0.9108647
0.9270674
0.9083296
0.9025722
0.8974757
0.9008291
0.9130573
0.9163482
0.923317
0.9226581
0.8996664
0.9068441
0.9065606
0.8984128
0.8982928
0.8938024
0.8966206
0.9064076
0.903831
0.9054122
0.9048963
0.8939036
0.9047977
0.8973266
0.9079934
0.9054141
0.8948764
0.8916411
0.89352
0.894086
0.9007416
0.9032664
0.9010922
0.9057885
0.9029413
0.9016347
0.9035815
0.8975389
0.900838
0.9100842
0.9135624
0.9000251
0.9010914
0.8983961
0.9116905
0.9130176
0.9066785
0.9106477
0.9117781
0.9051785
0.8976712
0.8978738
0.9103875
0.9042205
0.8990499
0.8348175
0.9060128
0.9129805
0.8976771
0.9034928
0.8994895
0.9139812
0.9094191
0.9143756
0.9180432
0.9086745
0.9178989
0.9123117
0.9060219
0.8980471
0.8338369
0.8872087
0.9037553
0.898199
0.897623
0.8999819
0.8904974
0.8924473
0.9075832
0.8908471
0.8902974
0.8969158
0.9059994
0.9114048
0.9248535
0.9166931
0.8350763
0.8972188
0.9139125
0.9156674
0.9034207
0.9512323
0.9036317
0.892562
0.9159258
0.9097883
0.8894182
0.9075538
0.9164806
0.9025384
0.9113126
0.9274149
0.9089297
0.9021526
0.8962696
0.9026508
0.9135325
0.9184917
0.9256064
0.920821
0.8991536
0.9067821
0.906499
0.8988985
0.8960987
0.8925478
0.8946927
0.9040284
0.9048624
0.9026625
0.9012871
0.8931781
0.9020144
0.9000758
0.9066819
0.9037885
0.8972024
0.8934989
0.891535
0.8940045
0.9020561
0.9027643
0.900585
0.9037423
0.9031477
0.9019175
0.9041076
0.8989793
0.8987442
0.9110273
0.9096554
0.898015
0.8981592
0.8989652
0.909647
0.9100981
0.9055656
0.9036093
0.9117243
0.8995883
0.8979533
0.8973464
0.9087069
0.9015819
0.9002448
0.8299835
0.9024635
0.9119281
0.8944767
0.9030736
0.8991394
0.9118076
0.9062989
0.9144788
0.9159379
0.9081887
0.9200896
0.9105645
0.9026795
0.8972191
0.8280029
0.8869527
0.903926
0.8977248
0.8985036
0.8994705
0.8884621
0.8913925
0.9086185
0.8900679
0.8889906
0.8969587
0.906055
0.9095513
0.9240017
0.9157676
0.8338753
0.8990492
0.9112291
0.90938
0.9011907
0.9493082
0.9010476
0.8917363
0.9161126
0.9071781
0.8894108
0.9069477
0.9135416
0.9014872
0.9096721
0.9264496
0.9110339
0.9021236
0.8955143
0.9013252
0.9118342
0.9143514
0.9241601
0.9226919
0.8995274
0.9066063
0.9067905
0.9001926
0.8974712
0.8938503
0.8960717
0.904086
0.9037042
0.9031944
0.9029797
0.8942332
0.9033337
0.9003286
0.9074465
0.9022777
0.8980547
0.8972164
0.8930008
0.8944971
0.9033373
0.9037304
0.9013148
0.9040783
0.9035166
0.9036903
0.9057059
0.8989928
0.8993538
0.9095889
0.9104139
0.9000862
0.8976931
0.9006286
0.9103218
0.9101598
0.9063257
0.9060578
0.9109818
0.8994445
0.8982837
0.8982592
0.9074871
0.9027878
0.900616
0.831098
0.9046784
0.9100231
0.8970135
0.9020696
0.9006587
0.9121422
0.9088424
0.9137369
0.9168841
0.9096081
0.9182642
0.9089651
0.901227
0.8954013
0.8296145
0.8903034
0.9045382
0.8977372
0.9010216
0.9004824
0.8899696
0.8915205
0.9082493
0.8911734
0.8911087
0.8977692
0.9041136
0.9094205
0.9234787
0.9166755
0.835074
0.9003313
0.9128437
0.9110389
0.9044705
0.9509126
0.9035829
0.8933888
0.9150377
0.9095999
0.8906688
0.9071635
0.9155766
0.899727
0.9072867
0.9259259
0.9102618
0.9023355
0.8951651
0.9019706
0.9122813
0.9151474
0.9224045