0.9083822
0.8976162
0.8798325
0.8823208
0.8955498
0.8765826
0.915573
0.8832773
0.9070618
0.9052606
0.9143142
0.9215461
0.912716
0.9139693
0.9138448
0.911972
0.9024407
0.9125677
0.8944647
0.9207166
0.8926218
0.8953708
0.9149939
0.9090067
0.9088997
0.907486
0.9100606
0.9062433
0.9086828
0.9066982
0.9084138
0.9070174
0.905823
0.9093108
0.908496
0.9066014
0.9088513
0.9072708
0.9089419
0.908719
0.9082876
0.9069376
0.9063705
0.8686638
0.8715909
0.8901131
0.9047803
0.8991382
0.9001027
0.896826
0.8985744
0.9111401
0.88505
0.884802
0.9037235
0.8785672
0.9116296
0.9125413
0.9143287
0.8647863
0.9004954
0.9039777
0.9134777
0.9141251
0.9182971
0.9182292
0.917387
0.922126
0.9202393
0.9154124
0.914805
0.9186234
0.8959156
0.9154471
0.9136783
0.917514
0.9173217
0.8953581
0.9200244
0.9018498
0.9026492
0.9154257
0.897923
0.9176307
0.9158667
0.9009285
0.890324
0.8777644
0.8952102
0.9202592
0.9004182
0.8894784
0.8958129
0.9025088
0.8946325
0.883638
0.8774688
0.8873523
0.9081389
0.9099901
0.9083795
0.8977001
0.8797293
0.8834771
0.8940447
0.8785148
0.9162739
0.8807077
0.9060995
0.9052983
0.9164321
0.9184506
0.9147232
0.9131087
0.914729
0.9123592
0.9033213
0.9144442
0.8968313
0.9208935
0.8935069
0.8929336
0.9142112
0.9072522
0.9088966
0.9064317
0.9083443
0.9053447
0.9075909
0.9051668
0.9085665
0.9056907
0.9059395
0.9070935
0.9082217
0.9061318
0.9073315
0.9083182
0.9093659
0.9080562
0.9091782
0.9058407
0.9057446
0.8698125
0.871823
0.8895248
0.9029667
0.8974623
0.9003008
0.8972231
0.9000991
0.9124388
0.8871189
0.8847768
0.9032224
0.8777668
0.9110043
0.9142479
0.9140108
0.8655675
0.8981609
0.904943
0.9151398
0.9144288
0.9206995
0.920017
0.9191759
0.9240444
0.9222485
0.9162272
0.9147189
0.91784
0.8958826
0.915943
0.9144093
0.9181987
0.9164612
0.8954449
0.9204007
0.9021236
0.9031154
0.9169214
0.8997985
0.9176213
0.9174141
0.9006187
0.8932077
0.8752463
0.8930856
0.9219448
0.8992813
0.8911298
0.8985213
0.9037336
0.8949919
0.8846685
0.8749358
0.8868848
0.9052139
0.9110277
0.9111111
0.8948443
0.8878691
0.8871815
0.8964663
0.8792618
0.9174172
0.887523
0.9077705
0.9081591
0.9182288
0.9207965
0.9158551
0.9150334
0.9162048
0.912889
0.905958
0.9184289
0.897479
0.9204217
0.8933909
0.8923986
0.9159263
0.9061654
0.9042486
0.9055874
0.9060474
0.9027406
0.905462
0.9011882
0.9039234
0.9058187
0.9039811
0.9055497
0.9048606
0.9017753
0.9047049
0.9062994
0.9062181
0.9088363
0.903838
0.9026796
0.9021662
0.8729049
0.8735773
0.8933531
0.9043129
0.9061644
0.90204
0.9014305
0.9024144
0.9132183
0.8868603
0.8864971
0.9052088
0.8871498
0.908602
0.9213936
0.9144718
0.8726005
0.9009332
0.9048148
0.9099488
0.9146921
0.9211278
0.9241257
0.921241
0.9222931
0.9220147
0.9174661
0.9194836
0.9157999
0.8963946
0.9116639
0.9113401
0.9149775
0.9142867
0.8974541
0.9261903
0.9024187
0.9040425
0.9192258
0.9070556
0.9160873
0.9134104
0.9031661
0.8933314
0.8724056
0.8941056
0.9238711
0.8947592
0.8924243
0.9006463
0.9104676
0.8950101
0.888068
0.8775334
0.8912322
0.9051185
0.9066919
0.9224345
0.8977236
0.8900573
0.893614
0.8974451
0.8916205
0.9134045
0.8893393
0.9056922
0.9040963
0.9097059
0.9153946
0.9204529
0.9187145
0.9158955
0.921239
0.9036442
0.9133783
0.8994754
0.9173412
0.9000536
0.9018498
0.9149551
0.9238356
0.925804
0.9250657
0.9273371
0.9259959
0.9256224
0.9272944
0.923854
0.9267347
0.9252946
0.925571
0.9263838
0.9238379
0.9254071
0.9249099
0.9264768
0.9228073
0.9259868
0.9256399
0.926364
0.8706085
0.8727379
0.8980371
0.9109589
0.9027386
0.9075453
0.9075816
0.9039566
0.9127545
0.8883562
0.8886288
0.9066643
0.8904228
0.9281762
0.9187794
0.914252
0.8732281
0.906161
0.9102111
0.9155342
0.9130388
0.9179462
0.9171124
0.9166165
0.9157087
0.9178208
0.9192759
0.9205019
0.9128376
0.8965011
0.9138943
0.9144561
0.9150364
0.9176265
0.8972588
0.9142888
0.9063896
0.9085201
0.9132217
0.9079593
0.9198366
0.912743
0.8981343
0.8939905
0.8934835
0.8995954
0.9127101
0.9098564
0.9001035
0.9068284
0.9021466
0.899451
0.8988994
0.8818278
0.8986833
0.9251208
0.9242377
0.9159932
0.8949079
0.8904765
0.8893511
0.8973844
0.8857882
0.9154
0.8848398
0.9052472
0.9018221
0.9140313
0.9175642
0.9159413
0.9143346
0.9157947
0.9128163
0.8993752
0.9079162
0.8971873
0.9184545
0.8944668
0.8950683
0.9136146
0.905294
0.9110567
0.9107333
0.9082186
0.9089553
0.9119211
0.9093051
0.9040357
0.9103032
0.9097474
0.9101873
0.9116137
0.9079163
0.9112774
0.9115574
0.9103243
0.907776
0.9126076
0.9081764
0.9085411
0.8710044
0.8713585
0.8944259
0.9060054
0.9026008
0.9023185
0.8997208
0.9002545
0.9109702
0.887775
0.8851962
0.9077532
0.8891984
0.9101008
0.9111573
0.9145
0.8690485
0.9003815
0.9070518
0.9131072
0.9136372
0.9201429
0.9183529
0.9183536
0.9196589
0.9210071
0.9206498
0.9181438
0.912151
0.9019845
0.914686
0.9130357
0.9150903
0.9176798
0.8966423
0.9144609
0.9030506
0.9051958
0.9163262
0.9027054
0.9179032
0.912563
0.9033447
0.8964653
0.8900799
0.8943559
0.9147178
0.901988
0.900396
0.8975219
0.9057095
0.896284
0.8877544
0.8830701
0.894453
0.9073119
0.9118624
0.9104203
0.8900692
0.884084
0.8833309
0.894142
0.8800947
0.9113025
0.8807428
0.905688
0.8972424
0.9085165
0.9156689
0.9098139
0.907876
0.9063113
0.9071141
0.8954075
0.9081129
0.8887861
0.9130632
0.8867742
0.8966345
0.9067966
0.9087598
0.9112334
0.9064381
0.9111158
0.9074873
0.9070862
0.9087197
0.9068961
0.9119034
0.9073451
0.9102542
0.911595
0.9089238
0.9125643
0.9101579
0.911466
0.9112418
0.9102808
0.9099565
0.9088114
0.8660868
0.8699927
0.8909234
0.8999579
0.8971837
0.8993071
0.8985757
0.8994938
0.9101545
0.8806853
0.8868614
0.8989786
0.8811153
0.9097441
0.9095094
0.9082245
0.8662926
0.8957018
0.9015428
0.9081924
0.9086432
0.9137309
0.916426
0.9121438
0.9173159
0.9178926
0.9094353
0.9052277
0.912594
0.8882077
0.9082497
0.9080821
0.9103733
0.9103652
0.8874464
0.9085963
0.8967426
0.8988254
0.9086868
0.8978408
0.9183315
0.9085164
0.8928508
0.8856742
0.880189
0.8859571
0.9092279
0.9028834
0.886871
0.8962087
0.8977364
0.886045
0.8887251
0.8757508
0.8875513
0.9087089
0.9098519
0.9605007
0.9385986
0.9470844
0.9471867
0.9415046
0.9447094
0.9408936
0.9401487
0.9342119
0.9348153
0.9264281
0.929318
0.9580959
0.9578012
0.9561231
0.9584157
0.9386324
0.9378537
0.9417466
0.9393344
0.9465901
0.9481536
0.9454726
0.9601245
0.9606852
0.9611284
0.9599758
0.9602928
0.9611592
0.9612557
0.9596304
0.9597152
0.9606911
0.9619016
0.9610316
0.9610485
0.961095
0.9604182
0.9610498
0.9602833
0.9610333
0.9606719
0.9603546
0.9435705
0.9437587
0.9500806
0.942682
0.9419749
0.9458853
0.9467371
0.9442062
0.9403803
0.9390646
0.941545
0.9430848
0.9441879
0.9597383
0.9510349
0.947273
0.9345852
0.9457507
0.9444258
0.9464341
0.9466913
0.9459201
0.9448741
0.946884
0.9442763
0.9432513
0.9471991
0.945619
0.9447041
0.9385819
0.9477987
0.9477334
0.9437393
0.9465589
0.9412888
0.9390829
0.9378857
0.9383527
0.9401331
0.944344
0.9498604
0.9442489
0.936845
0.9341144
0.9464653
0.9473031
0.9311633
0.9539163
0.9492746
0.9455542
0.9346824
0.9457021
0.9448891
0.9389316
0.9492826
0.9603222
0.958119
0.9227751
0.912323
0.9096972
0.9078471
0.9108029
0.9067043
0.9229692
0.9072667
0.9170531
0.9166093
0.9212839
0.9190184
0.9241509
0.9250848
0.9234469
0.9255532
0.9150102
0.9184131
0.9131768
0.926127
0.909238
0.9133218
0.9229344
0.9182536
0.9220988
0.9174811
0.9197272
0.9199062
0.9187076
0.9194895
0.9171846
0.9205112
0.9192547
0.9218818
0.9200696
0.9195279
0.9170474
0.9221495
0.9211222
0.9195595
0.9186261
0.9195429
0.9197117
0.9010963
0.9041254
0.9121318
0.9180035
0.9154705
0.9127481
0.9145487
0.9155542
0.9231841
0.9062078
0.9096874
0.9182371
0.9024266
0.9221306
0.922113
0.9231573
0.9011472
0.9163847
0.9173072
0.9250412
0.9247087
0.9239882
0.9242028
0.9223578
0.9279222
0.9283186
0.9242326
0.9248399
0.9234227
0.9118329
0.9231211
0.9241052
0.9255197
0.9259284
0.9151001
0.9241518
0.9150216
0.9149643
0.9240817
0.912951
0.9251846
0.9186391
0.9145176
0.9070796
0.9084324
0.9108338
0.9230456
0.9179846
0.9102724
0.9151064
0.9194102
0.9102832
0.9072217
0.9027844
0.9118642
0.918628
0.9229489
0.9222245
0.9110443
0.9008376
0.90057
0.9117687
0.8931726
0.9244377
0.8980931
0.9153339
0.9220727
0.9290724
0.9312304
0.9232956
0.924432
0.9227232
0.9224452
0.9217126
0.9240223
0.9111058
0.9322443
0.9110341
0.9022858
0.9296659
0.915196
0.917583
0.9173058
0.918039
0.9151125
0.9156263
0.9156303
0.9139903
0.9164042
0.915625
0.9164042
0.9142074
0.9126277
0.9181977
0.9170515
0.9142366
0.9190933
0.9165096
0.914909
0.915317
0.8874645
0.8880294
0.9110328
0.9121933
0.9112388
0.9116328
0.9090723
0.9122509
0.9249384
0.8989465
0.8995812
0.9157774
0.8940819
0.916492
0.9308284
0.927297
0.8900387
0.9097772
0.9082088
0.926597
0.9289769
0.9305267
0.9318914
0.930354
0.9356447
0.9340511
0.9350667
0.9328507
0.9279072
0.9138928
0.9290994
0.9261607
0.9290281
0.9313843
0.9124118
0.9359849
0.9111489
0.9124962
0.9324049
0.9131687
0.9213008
0.9288638
0.918411
0.9124298
0.8862729
0.9113838
0.9322109
0.9028234
0.9057104
0.9170252
0.9251135
0.9111134
0.8977047
0.8931322
0.9085618
0.9143563
0.9223324
0.9127665
0.8851744
0.8790725
0.887442
0.8970609
0.880617
0.9130555
0.8859437
0.9068648
0.9072705
0.9154237
0.9202924
0.9124741
0.9147729
0.9143775
0.9120026
0.9049953
0.9148245
0.8951774
0.9182815
0.8887886
0.8911093
0.9152155
0.9080669
0.9072198
0.9100444
0.9092369
0.9101243
0.908832
0.9075546
0.9099605
0.9117021
0.9083161
0.910195
0.9094976
0.909243
0.9098151
0.910098
0.9089744
0.9109582
0.9077372
0.9072452
0.9093238
0.8681464
0.868711
0.8899205
0.903311
0.9011638
0.8981524
0.8964367
0.8983021
0.9138889
0.8862297
0.8879108
0.9025233
0.8866829
0.9128209
0.9169582
0.9138135
0.8645202
0.9010779
0.903859
0.9120281
0.9138431
0.9180921
0.9227948
0.9189055
0.9211231
0.9217127
0.9185682
0.9163234
0.9113396
0.8931397
0.9142325
0.9137462
0.9139004
0.9134688
0.8955606
0.9200876
0.9026242
0.9044263
0.9173034
0.8991722
0.9170545
0.9140605
0.8972429
0.8885278
0.8763488
0.895765
0.9193554
0.9015949
0.8865543
0.8963573
0.9039212
0.8947536
0.8886233
0.8835761
0.8884415
0.9089874
0.9085137
0.9176147
0.9055633
0.8949817
0.8990483
0.911067
0.8897569
0.9236372
0.8980127
0.9169915
0.9175223
0.9261525
0.9287725
0.9215911
0.9198884
0.9200293
0.9206695
0.913671
0.9208566
0.9006927
0.9280038
0.9040741
0.9000801
0.9235503
0.9155977
0.9137565
0.9147982
0.9140246
0.9135893
0.9146006
0.9128153
0.9123724
0.9168948
0.914787
0.9162187
0.9143323
0.9104936
0.9144238
0.9161234
0.9134174
0.9156434
0.9144417
0.9133015
0.9128496
0.8856635
0.8872255
0.9057688
0.9113202
0.9095235
0.9090219
0.9063806
0.9093886
0.9219168
0.8944141
0.8917096
0.9104062
0.8953176
0.9143803
0.9233798
0.9244548
0.8840641
0.9079274
0.9112227
0.9226188
0.9242972
0.9271251
0.9281899
0.9261085
0.9310026
0.9318971
0.9275764
0.928163
0.927088
0.9070084
0.9246058
0.9229993
0.9243505
0.9278325
0.9107673
0.9309671
0.9128432
0.9139416
0.9268149
0.9101011
0.9163196
0.9232494
0.9118593
0.9087459
0.8882868
0.9071347
0.9343779
0.9019196
0.8993892
0.9090414
0.918731
0.9106011
0.8925394
0.8898371
0.903101
0.9148981
0.9171966
0.9285937
0.9020763
0.8989089
0.8981981
0.9035375
0.8941749
0.9167204
0.8944378
0.9056617
0.9069775
0.9094447
0.9149164
0.9256256
0.9268199
0.9241858
0.9260002
0.909933
0.9182829
0.9030523
0.92017
0.902567
0.9042768
0.9130542
0.9271709
0.9247617
0.9213022
0.927468
0.9242088
0.9209941
0.9264573
0.9223827
0.9260936
0.9232479
0.9247189
0.9247442
0.9255374
0.9258952
0.9242508
0.9240502
0.9259681
0.9257991
0.9265358
0.9252052
0.8832838
0.8844627
0.9082617
0.9102662
0.9059478
0.9067343
0.9090059
0.9053184
0.9147556
0.8908994
0.8938379
0.9105514
0.8898974
0.9258437
0.9185203
0.9164934
0.8790311
0.9082114
0.9126877
0.9160383
0.9170952
0.9212898
0.9232831
0.918465
0.9244001
0.9219529
0.9234884
0.9196829
0.9161808
0.9037941
0.916602
0.9179503
0.9189398
0.9193991
0.9045702
0.9173598
0.9050188
0.9069412
0.9232299
0.9068041
0.9243219
0.921035
0.9041686
0.8989014
0.8934775
0.9049747
0.9210786
0.9145225
0.9052735
0.9041566
0.9081003
0.9056597
0.8979324
0.8872083
0.9029398
0.9240121
0.9229546
0.9039897
0.919957
0.9073158
0.9079
0.9145953
0.9321447
0.9224464
0.9229836
0.9322576
0.9021603
0.9193464
0.9084682
0.9039879
0.9045475
0.9034093
0.90454
0.9060711
0.9187669
0.915852
0.9079276
0.9096751
0.9215288
0.8980047
0.90324
0.9072199
0.8997315
0.905686
0.9032896
0.8989914
0.9018812
0.8998455
0.9028027
0.9015996
0.9032849
0.9062112
0.902045
0.9044096
0.9025829
0.902371
0.9042794
0.9043103
0.899262
0.9034174
0.9199813
0.9210422
0.9120411
0.9298993
0.927146
0.9250753
0.9235734
0.9257463
0.9190749
0.9201595
0.9267214
0.9317591
0.9228029
0.9028866
0.9038853
0.9016947
0.9273924
0.9249841
0.9298957
0.9007271
0.9028637
0.9081966
0.9040894
0.9060782
0.9092203
0.9101954
0.8974639
0.8965673
0.9098358
0.9116795
0.9019593
0.9005713
0.9018278
0.9024598
0.9068262
0.9039058
0.9265185
0.9257673
0.9096511
0.9278503
0.9288756
0.8979706
0.9198554
0.9131237
0.9280165
0.9107612
0.9063313
0.9309682
0.9071036
0.9070726
0.9036067
0.9116083
0.9180849
0.9168296
0.9142199
0.9002535
0.9052029
0.904262
0.9202496
0.9078296
0.9086558
0.9096977
0.9277519
0.9231525
0.921662
0.9343294
0.9056314
0.9180737
0.9074409
0.9054732
0.9030777
0.9014868
0.9020291
0.9042299
0.9178087
0.9157876
0.9045433
0.9082465
0.9247767
0.8984331
0.9022595
0.9029565
0.8974368
0.906483
0.9010189
0.8973848
0.90211
0.8996646
0.9040774
0.9003283
0.9046799
0.903961
0.9013436
0.9043197
0.9001472
0.9025996
0.9035062
0.9020848
0.8974891
0.9008618
0.9191078
0.920095
0.9122045
0.9306564
0.9283969
0.9283413
0.9237165
0.927719
0.9205296
0.9214234
0.9240252
0.931991
0.9215856
0.9020244
0.9033863
0.9025359
0.9246685
0.9280583
0.9298227
0.9015267
0.9037056
0.9069887
0.9058936
0.9049055
0.9086618
0.9081558
0.8956466
0.8972083
0.9093129
0.9118426
0.9023121
0.8998586
0.90218
0.9023647
0.9056985
0.9059439
0.9267428
0.9264091
0.9065576
0.9291366
0.9263017
0.8980717
0.9169634
0.9145092
0.9298496
0.9098201
0.9069767
0.9296755
0.90877
0.9052373
0.9037527
0.9118078
0.9220447
0.9198625
0.91223
0.901368
0.903312
0.8968991
0.9117595
0.9005833
0.8984579
0.9068753
0.9140832
0.915675
0.9130435
0.9253665
0.912117
0.9240829
0.9194142
0.8942898
0.894064
0.8933812
0.8927813
0.90568
0.9177602
0.9094953
0.9062831
0.9069776
0.9082717
0.8901658
0.8375926
0.8372155
0.8354905
0.8404368
0.8389821
0.8348985
0.8353044
0.8315865
0.8402665
0.8391009
0.841357
0.8407595
0.8367617
0.8396244
0.8403899
0.839576
0.8401897
0.8388728
0.8388952
0.8376469
0.9097962
0.9110023
0.9024918
0.9256025
0.9212912
0.9174939
0.9182726
0.9165422
0.91882
0.9085904
0.9162172
0.9191937
0.9091585
0.8412549
0.8932984
0.9017658
0.9120413
0.9165076
0.9198325
0.9010633
0.9032177
0.9072275
0.905306
0.9082438
0.9121696
0.9123891
0.903557
0.899609
0.9111231
0.9124314
0.9002781
0.8994839
0.9010636
0.901757
0.9083839
0.9119354
0.9206382
0.9208369
0.9083315
0.9167592
0.9131386
0.9021818
0.9167132
0.9149399
0.9104099
0.907289
0.9150072
0.9133141
0.9000214
0.8966997
0.906848
0.9124645
0.9069487
0.9055765
0.900673
0.8379939
0.8395642
0.8946775
0.9105308
0.8966424
0.8957066
0.9066003
0.9102705
0.9070935
0.9073864
0.9216001
0.8953976
0.9122692
0.9066232
0.8891861
0.8884562
0.8876801
0.8863907
0.8943153
0.9121583
0.9068911
0.8991789
0.9000647
0.9063098
0.8841072
0.8450662
0.8520891
0.8455072
0.8512222
0.845566
0.8446584
0.8478244
0.8416793
0.8485854
0.8483622
0.847368
0.8465489
0.847207
0.8493905
0.847968
0.8488671
0.8486368
0.8498586
0.8449324
0.8439775
0.9036576
0.9062578
0.9013893
0.9218048
0.9188915
0.9140136
0.9147309
0.9142315
0.9175181
0.9073209
0.9115308
0.9161652
0.90789
0.847943
0.8857702
0.8945191
0.9075621
0.9131672
0.9146055
0.8930744
0.8946289
0.9000544
0.9012515
0.8990082
0.9045495
0.9039573
0.8937669
0.8913997
0.9100188
0.9032489
0.8934781
0.8935687
0.8950161
0.8921054
0.9047071
0.906011
0.9178893
0.9191891
0.9013778
0.9171885
0.9112484
0.8951031
0.9132801
0.9073063
0.9094725
0.9014868
0.9024649
0.915873
0.8959911
0.8954398
0.9006285
0.904154
0.905655
0.9008291
0.9025765
0.8492004
0.8534337
0.9050242
0.918089
0.9091938
0.9071835
0.910033
0.9316534
0.9229577
0.9214953
0.933882
0.9026825
0.9192308
0.9050218
0.9046595
0.9053858
0.9017126
0.9006062
0.9045759
0.9197811
0.9145774
0.9049779
0.9050921
0.9226996
0.8977409
0.9024057
0.9031055
0.8971952
0.905031
0.8991267
0.8976337
0.9007878
0.8994335
0.9033423
0.8980993
0.9022096
0.9032258
0.8982686
0.9020462
0.9023122
0.9016521
0.9028894
0.9035256
0.8969187
0.8997001
0.918733
0.919608
0.9108846
0.9299252
0.9271167
0.9268701
0.9235601
0.9274661
0.9182133
0.9211382
0.9253388
0.9288804
0.9219254
0.9005414
0.904274
0.9029709
0.9255182
0.9254391
0.9280207
0.9005638
0.903614
0.9065078
0.9018357
0.9033213
0.9081918
0.9071167
0.893583
0.8945266
0.9082726
0.911193
0.9036468
0.9017194
0.9016308
0.9021029
0.9056166
0.9045041
0.9250303
0.9245034
0.906641
0.9267582
0.9262717
0.8973305
0.9198185
0.9113786
0.9263755
0.9101922
0.9079606
0.9286996
0.9050605
0.9054693
0.9031922
0.9122228
0.9205094
0.9161805
0.9114273
0.8991118
0.9047095
0.909419
0.9188147
0.9110862
0.9086748
0.910777
0.9358943
0.9201903
0.9244011
0.9303908
0.8952851
0.9058686
0.8992358
0.9043861
0.9029276
0.902923
0.9060773
0.9015833
0.9146926
0.9150691
0.8959877
0.9074369
0.9250088
0.89434
0.9130923
0.9129049
0.9080263
0.9131823
0.9096154
0.9103546
0.9128711
0.9114245
0.9145694
0.9142133
0.9110306
0.9115412
0.9105361
0.9115131
0.9129397
0.9104602
0.9105862
0.9138548
0.9104108
0.9097083
0.9234255
0.9253179
0.9143524
0.9305896
0.9272471
0.9288529
0.9284207
0.9279327
0.916422
0.9231016
0.926138
0.9301942
0.9266166
0.9101528
0.8983535
0.8964404
0.9286321
0.9252831
0.9312244
0.8978843
0.8969202
0.9001326
0.8968912
0.9013718
0.902853
0.8991309
0.8883885
0.8874787
0.903196
0.9055638
0.8971931
0.8971564
0.8989039
0.8990026
0.9048158
0.8940191
0.9216791
0.9223012
0.8996939
0.9289278
0.9340149
0.8945675
0.9156941
0.9079681
0.9299004
0.9113574
0.8959384
0.9350943
0.9093408
0.9069027
0.8953984
0.9131608
0.9277177
0.9166607
0.9140224
0.9098001
0.9125415
0.9048739
0.9204253
0.9087441
0.9067022
0.9085441
0.9310211
0.921658
0.9205236
0.932867
0.9056369
0.9192745
0.9064566
0.904309
0.9035334
0.9004409
0.903516
0.9073916
0.9197449
0.9154273
0.9048294
0.9107434
0.9240641
0.8982049
0.9036803
0.9010702
0.8971711
0.9056846
0.9005878
0.8977696
0.9019999
0.8991532
0.903644
0.9016369
0.9040855
0.9032471
0.9008714
0.9038053
0.9006058
0.9023683
0.9039968
0.9026198
0.8962837
0.9008751
0.9198303
0.9217051
0.91157
0.9296057
0.9279499
0.9266419
0.9252568
0.9262472
0.919815
0.9231431
0.9256163
0.9323683
0.9214492
0.9014697
0.9044515
0.9038063
0.9255258
0.9278773
0.9297151
0.9025565
0.9037956
0.9071127
0.9032401
0.9059164
0.9047811
0.9040975
0.8959607
0.8971032
0.9050656
0.9110885
0.9029746
0.902157
0.9008872
0.9023756
0.9065852
0.9075392
0.9246976
0.9247838
0.9070845
0.9272136
0.9261612
0.897677
0.9172231
0.914736
0.9281386
0.9100155
0.9071426
0.9324968
0.906705
0.9037995
0.9066092
0.9120365
0.9187529
0.9204303
0.9132831
0.9008963
0.9015554
0.9043651
0.9202588
0.9089096
0.9097755
0.9107714
0.9301611
0.9239423
0.9220511
0.933172
0.9077458
0.9200588
0.9062703
0.9037994
0.903954
0.9035851
0.9030009
0.9078271
0.9192283
0.9164701
0.9083309
0.9079387
0.923473
0.8979031
0.9026107
0.9045493
0.8982527
0.9051354
0.9014952
0.8988896
0.9024229
0.9006314
0.9054607
0.9015755
0.9053408
0.9050642
0.9013356
0.9032589
0.9034405
0.9027081
0.9041721
0.9038018
0.8982663
0.9019838
0.9191984
0.9201822
0.9124756
0.9305946
0.9297776
0.9268474
0.9238669
0.9278554
0.9191463
0.9200746
0.9262085
0.9308371
0.9198803
0.9026997
0.9054374
0.9035788
0.9282519
0.9273613
0.9287451
0.9020464
0.9036492
0.9066011
0.9052284
0.9049661
0.9067159
0.9072452
0.8994327
0.8995341
0.9102833
0.9144713
0.9025447
0.9025004
0.9021284
0.9022718
0.9101406
0.9053903
0.9269965
0.9260189
0.9090976
0.9300967
0.9280287
0.9011559
0.9174102
0.9141454
0.9281902
0.910099
0.9085691
0.9319344
0.9077079
0.9056838
0.9045178
0.9123094
0.921893
0.9196783
0.9149998
0.9001101
0.9057723
0.9022288
0.9219057
0.9092361
0.9052393
0.9102289
0.9303527
0.9220497
0.9216562
0.9353482
0.9069379
0.9217093
0.9082089
0.9045689
0.9031865
0.9020456
0.9018538
0.9057752
0.9209257
0.9154814
0.9076666
0.9090975
0.9222772
0.8977323
0.8995397
0.9012904
0.8947446
0.9030455
0.8994337
0.8959979
0.9000702
0.8986852
0.9025365
0.8973157
0.9012074
0.9017373
0.8977696
0.9018506
0.9004626
0.90057
0.9025686
0.9007827
0.8948305
0.8994773
0.9170421
0.9187322
0.9139424
0.9307105
0.9286068
0.9265029
0.9241651
0.925842
0.9187444
0.9222688
0.9258214
0.9306147
0.9186572
0.9005971
0.9067765
0.9037429
0.926381
0.9249274
0.9270793
0.9028184
0.9036104
0.9089341
0.9073605
0.9058534
0.9093166
0.9115271
0.8994281
0.8996952
0.9082002
0.9137825
0.9031146
0.9027443
0.9045241
0.9045485
0.9105098
0.9051496
0.9288894
0.9279505
0.9087471
0.9294955
0.9256435
0.9020559
0.91848
0.914359
0.9284187
0.9098745
0.9106389
0.9283574
0.906324
0.9042853
0.9051454
0.9142989
0.91986
0.9188447
0.9136509
0.897229
0.9020554
0.9018739
0.922088
0.9078891
0.9063828
0.9119132
0.9307472
0.9205481
0.9198265
0.9301962
0.9040321
0.9159815
0.9050132
0.9011874
0.89981
0.900449
0.9017015
0.9059979
0.9185154
0.9169429
0.9046168
0.9084558
0.9200281
0.8973579
0.9007794
0.9025405
0.8990276
0.9034748
0.8993984
0.898097
0.9021447
0.9007752
0.9046331
0.9008705
0.9036053
0.9039654
0.899757
0.902019
0.9012078
0.9016726
0.9009801
0.9013646
0.8969966
0.8981623
0.9211281
0.920722
0.9112236
0.9305045
0.9285789
0.9273285
0.9252147
0.926865
0.9179406
0.9196217
0.925493
0.9295559
0.9232215
0.9001853
0.9004687
0.9007974
0.9252153
0.9235987
0.9288274
0.902293
0.9005854
0.9063497
0.9023708
0.9023134
0.9075676
0.9065509
0.8960773
0.8960541
0.9066433
0.9101248
0.8990832
0.8999305
0.8982293
0.9002638
0.9063853
0.9039007
0.9256776
0.9259867
0.9070349
0.9279276
0.9246847
0.8987426
0.9162624
0.9123684
0.9270368
0.9123603
0.9054896
0.9296126
0.9053656
0.9029116
0.9068748
0.9135612
0.9222199
0.9144727
0.9116769
0.8991843
0.9055729
0.8993383
0.9179263
0.9095499
0.9092269
0.9113367
0.9306696
0.9223972
0.9208144
0.9336824
0.9016558
0.9169745
0.9061517
0.9001407
0.9041511
0.9008154
0.9015976
0.906548
0.9207379
0.917618
0.9060342
0.9083797
0.9226687
0.8983341
0.9007032
0.9024112
0.8970545
0.902633
0.8986521
0.8977348
0.8990819
0.8985513
0.9032116
0.8985641
0.9020443
0.9038588
0.9007985
0.9029297
0.9008155
0.9017316
0.9042876
0.9033134
0.8966156
0.8993036
0.917865
0.9212228
0.9106386
0.9298202
0.9255791
0.9281848
0.9242505
0.9268794
0.9197575
0.9207661
0.9241399
0.9311935
0.9242642
0.8997748
0.9012451
0.9001896
0.9262771
0.9248227
0.9297788
0.8986866
0.899974
0.9035758
0.9009415
0.9031095
0.9066769
0.9047531
0.8935413
0.8977744
0.9068613
0.9118927
0.9006174
0.8993084
0.9008952
0.899892
0.9060358
0.9014063
0.9263591
0.9265961
0.9069759
0.9286395
0.92516
0.8964003
0.9186397
0.9136527
0.926939
0.9116004
0.9046306
0.9310799
0.9061988
0.9048637
0.9047874
0.9137968
0.9211513
0.9170079
0.9097222
0.9005001
0.9007989
0.9063729
0.9204049
0.9102296
0.9054809
0.9059668
0.9291914
0.9197867
0.9224911
0.9319697
0.8979824
0.9144256
0.9047397
0.9012432
0.8989248
0.9002574
0.8984936
0.9005713
0.9188793
0.918177
0.8999311
0.9049653
0.9201303
0.8921554
0.901153
0.9013242
0.896529
0.9017028
0.900605
0.8972041
0.8990236
0.8998248
0.9047118
0.896572
0.9036771
0.9025658
0.8964583
0.90236
0.9032598
0.8996056
0.9013941
0.9015414
0.8975093
0.9007698
0.9187732
0.9192121
0.9113065
0.9289163
0.9269304
0.9254414
0.9256526
0.9274259
0.9178365
0.9187192
0.9247171
0.9334471
0.9222302
0.901801
0.8964101
0.8986197
0.9241721
0.9254639
0.926468
0.8961884
0.8999484
0.9046018
0.9016717
0.9014141
0.9068729
0.9072401
0.8906573
0.8912586
0.9064957
0.9086287
0.8998967
0.90014
0.899362
0.8996641
0.9030095
0.8929307
0.925741
0.9258257
0.9034892
0.9295809
0.9256456
0.8943896
0.9181909
0.9121073
0.9281344
0.9063981
0.9031471
0.9325339
0.908291
0.9033651
0.8982918
0.9107314
0.9187455
0.9168793
0.9111
0.9001495
0.8988461
0.9035088
0.9192923
0.9082405
0.9072719
0.9083175
0.9293212
0.9230499
0.9224828
0.9359843
0.9031416
0.9177807
0.9062285
0.9047197
0.9021977
0.9021932
0.9016326
0.9047517
0.916371
0.9175084
0.9025182
0.9084189
0.9249404
0.8959009
0.9014655
0.9014359
0.8972077
0.9050894
0.9003864
0.8968295
0.9015969
0.8987865
0.901514
0.8997343
0.9036896
0.9023665
0.9001842
0.9044946
0.901455
0.9003905
0.9027961
0.9010892
0.8978716
0.8998231
0.9197422
0.9215813
0.9119809
0.9298741
0.9287484
0.9274402
0.9222724
0.9280329
0.9192228
0.9213184
0.9259988
0.9315493
0.9206619
0.900539
0.9036449
0.9029169
0.926214
0.9275752
0.9300215
0.9006022
0.9039232
0.9066804
0.9056659
0.9058448
0.9078759
0.9078885
0.8958711
0.8959728
0.9088015
0.9113814
0.9023674
0.9009364
0.9012153
0.9025424
0.9051499
0.9058762
0.9267151
0.9260389
0.9058455
0.9279728
0.9261603
0.8968042
0.9177147
0.914443
0.9283318
0.9095574
0.9064617
0.9307541
0.9094975
0.9049775
0.9017256
0.9120537
0.9217448
0.9184265
0.9130278
0.900938
0.9016784
0.9061241
0.9212048
0.9081085
0.9043478
0.9081054
0.9299484
0.9185235
0.9218789
0.9294308
0.8960327
0.9131613
0.901669
0.901449
0.8992412
0.9024462
0.9019315
0.9021766
0.9147614
0.9159907
0.8986829
0.9063817
0.9246367
0.894868
0.904532
0.9038609
0.8966685
0.9051282
0.9033378
0.8980365
0.9006376
0.9035232
0.9043342
0.900885
0.9032128
0.9026164
0.9030203
0.9020477
0.9040351
0.9004073
0.8983741
0.9035951
0.9003716
0.903345
0.918949
0.9205906
0.9101452
0.9311337
0.928584
0.9262191
0.9231232
0.9262046
0.9163378
0.9221825
0.9233489
0.9304375
0.9244728
0.9033382
0.8985588
0.8985674
0.9241836
0.9243802
0.9312816
0.8984158
0.8982289
0.9027686
0.9015157
0.9043972
0.9071066
0.9025745
0.8937399
0.8912468
0.903368
0.90792
0.898871
0.8977281
0.8958333
0.9029572
0.9088988
0.8976629
0.9265199
0.9270212
0.9042311
0.9281136
0.9286091
0.8948512
0.9151028
0.9108707
0.9276718
0.9083604
0.9038948
0.9314164
0.9046787
0.9033406
0.8953146
0.9105914
0.9199338
0.9148505
0.9091139
0.8998643
0.9033716
0.9059879
0.9210564
0.9075046
0.9079707
0.9094126
0.9303306
0.9215583
0.9235826
0.9330494
0.9047653
0.9191326
0.9060893
0.9038085
0.9023387
0.9002561
0.9030895
0.9055904
0.9185067
0.9134031
0.9056528
0.909868
0.9238139
0.8969887
0.9035436
0.9020207
0.8989746
0.9056722
0.9005263
0.8986384
0.9040065
0.9001032
0.9029037
0.8999151
0.903789
0.905438
0.9009318
0.902984
0.9018772
0.9021483
0.9034187
0.9028441
0.8982568
0.9009354
0.9195303
0.9209438
0.9122769
0.9314803
0.9262243
0.9279187
0.9230605
0.9247434
0.9224184
0.9212627
0.924829
0.9306686
0.9207617
0.9026242
0.9048431
0.9016722
0.9266196
0.9268379
0.9301201
0.9024164
0.9017837
0.9062569
0.9043145
0.9045762
0.9070952
0.9050514
0.8962232
0.8966586
0.9056211
0.9106896
0.9053162
0.9023829
0.9023358
0.901704
0.9063738
0.9045854
0.9283337
0.9278102
0.9041268
0.9302654
0.9252707
0.8978573
0.9196771
0.9141098
0.9285077
0.9115833
0.905952
0.9307775
0.907292
0.9070231
0.9038633
0.9128509
0.9227774
0.9173889
0.913558
0.9005925
0.9060275
0.784095
0.9141411
0.9025757
0.8964929
0.9097451
0.913988
0.9131115
0.9141664
0.9274572
0.9065551
0.9189049
0.9120475
0.8652229
0.8631278
0.8624939
0.8626608
0.9017183
0.9159762
0.9075257
0.8917237
0.9023548
0.9125442
0.9030193
0.8972275
0.8967983
0.8944269
0.8997279
0.8954455
0.8949778
0.8966171
0.8983045
0.8987992
0.8936209
0.8989187
0.897652
0.8943157
0.8977565
0.8945439
0.8986452
0.8995881
0.8977787
0.8950743
0.8954443
0.9070358
0.9070524
0.9059059
0.9232083
0.9198444
0.9166022
0.918265
0.9184905
0.9181699
0.911771
0.91607
0.9206316
0.9108383
0.8963435
0.902913
0.8732415
0.9148876
0.9178856
0.9249983
0.8733922
0.8746169
0.8445344
0.8390236
0.8416632
0.8526379
0.8453207
0.8815636
0.8744278
0.9121333
0.9056117
0.8698069
0.8702759
0.8758211
0.8756401
0.9056624
0.9051395
0.9163327
0.9174505
0.8771317
0.9214645
0.9124213
0.8746898
0.9163811
0.9102459
0.9132907
0.900937
0.8887363
0.9196293
0.9020884
0.897839
0.906669
0.9036183
0.9109513
0.9094202
0.9055944
0.8907195
0.8978155
0.9036827
0.8467159
0.8021145
0.8552676
0.8683096
0.894568
0.9169758
0.8960956
0.8665648
0.8982974
0.9107087
0.9139409
0.9041135
0.9021708
0.9004621
0.9004594
0.8957195
0.9155118
0.7756261
0.9096877
0.776321
0.9021078
0.8996383
0.898221
0.9006418
0.8944144
0.9008549
0.8981591
0.8967489
0.8986547
0.8989304
0.8993012
0.8998133
0.8984327
0.8999785
0.8973253
0.8964463
0.9003472
0.9004911
0.9024007
0.8989631
0.8953753
0.8978044
0.8849702
0.8853135
0.4798365
0.8173675
0.7963917
0.7872075
0.7897562
0.7939591
0.9123597
0.8909392
0.8929597
0.7913209
0.8876327
0.8979041
0.904291
0.9027121
0.8838267
0.7776337
0.7909109
0.9045011
0.902543
0.9084892
0.9060162
0.9084133
0.9126964
0.9109416
0.8949615
0.8942871
0.9062331
0.8436796
0.9013825
0.9007449
0.902683
0.9036954
0.8660328
0.9051119
0.8317178
0.8360269
0.9025698
0.7999152
0.9138849
0.8992163
0.7362467
0.7161909
0.8861971
0.8748594
0.9061606
0.8995643
0.790232
0.8915993
0.8984473
0.8801619
0.894445
0.883682
0.6383718
0.8985003
0.9021355
0.9036827
0.8467159
0.8021145
0.8552676
0.8683096
0.894568
0.9169758
0.8960956
0.8665648
0.8982974
0.9107087
0.9139409
0.9041135
0.9021708
0.9004621
0.9004594
0.8957195
0.9155118
0.7756261
0.9096877
0.776321
0.9021078
0.8996383
0.898221
0.9006418
0.8944144
0.9008549
0.8981591
0.8967489
0.8986547
0.8989304
0.8993012
0.8998133
0.8984327
0.8999785
0.8973253
0.8964463
0.9003472
0.9004911
0.9024007
0.8989631
0.8953753
0.8978044
0.8849702
0.8853135
0.4798365
0.8173675
0.7963917
0.7872075
0.7897562
0.7939591
0.9123597
0.8909392
0.8929597
0.7913209
0.8876327
0.8979041
0.904291
0.9027121
0.8838267
0.7776337
0.7909109
0.9045011
0.902543
0.9084892
0.9060162
0.9084133
0.9126964
0.9109416
0.8949615
0.8942871
0.9062331
0.8436796
0.9013825
0.9007449
0.902683
0.9036954
0.8660328
0.9051119
0.8317178
0.8360269
0.9025698
0.7999152
0.9138849
0.8992163
0.7362467
0.7161909
0.8861971
0.8748594
0.9061606
0.8995643
0.790232
0.8915993
0.8984473
0.8801619
0.894445
0.883682
0.6383718
0.8985003
0.9021355
0.8745907
0.9104727
0.9038973
0.9016097
0.899714
0.920145
0.9150031
0.9122034
0.9245296
0.8948003
0.905324
0.905456
0.8352891
0.8352286
0.8330815
0.8347789
0.8990612
0.912885
0.9054136
0.8754094
0.89693
0.916152
0.8957546
0.9018685
0.9008843
0.895436
0.8979391
0.8988145
0.8973912
0.8996794
0.8997535
0.900644
0.8991282
0.8983721
0.8999747
0.8993325
0.8996846
0.9006258
0.8989767
0.8982055
0.8981488
0.8973733
0.8990566
0.9108897
0.9121875
0.9031424
0.9219122
0.9164729
0.9177542
0.9141567
0.9170567
0.9141102
0.9114593
0.9148059
0.9206483
0.9136019
0.8988396
0.8952654
0.8363341
0.9113009
0.9199846
0.9241223
0.8404612
0.8373056
0.8669044
0.8662492
0.8667889
0.8701275
0.8698807
0.8591517
0.8506833
0.9013269
0.8961246
0.8366525
0.8369754
0.8382421
0.8384026
0.9033133
0.8940993
0.9221498
0.9231792
0.8624877
0.9219357
0.9217282
0.8576947
0.908196
0.9051126
0.9232995
0.8977934
0.8610158
0.9260395
0.8963432
0.8964847
0.8984273
0.900327
0.912975
0.9086692
0.9031495
0.900912
0.9011255
0.6827562
0.9156064
0.9055361
0.9033072
0.9094423
0.9156796
0.9157942
0.9167402
0.9280905
0.9085132
0.9210689
0.9180195
0.869497
0.8658527
0.8628713
0.8636899
0.9090116
0.9193623
0.9112062
0.8964126
0.9070416
0.9159214
0.9045458
0.9013082
0.8997286
0.8988455
0.9002211
0.8972223
0.8984757
0.89876
0.902057
0.8995701
0.8972125
0.9008011
0.9015602
0.8961388
0.9012747
0.9006243
0.8998951
0.899563
0.9001843
0.8981007
0.896543
0.9068903
0.9085847
0.9060345
0.9229482
0.9204915
0.9175207
0.9200112
0.9187228
0.9197379
0.9155998
0.9164985
0.9211628
0.9086607
0.8995613
0.9057571
0.8796386
0.916275
0.9203134
0.9240259
0.8788262
0.880541
0.8513344
0.8580524
0.853782
0.8645075
0.8623629
0.8843963
0.8821497
0.9134003
0.9130589
0.8769633
0.8774993
0.8809833
0.8811852
0.9089734
0.9103093
0.9229614
0.9230474
0.887814
0.9221078
0.9140321
0.8843188
0.9181443
0.9141669
0.9148015
0.9058786
0.899537
0.9186396
0.9010357
0.9032643
0.9099219
0.9110222
0.9099857
0.91103
0.9063859
0.8972873
0.8993801
0.8763878
0.907793
0.9021484
0.8985997
0.900254
0.9218166
0.9138888
0.9115981
0.9244636
0.8933922
0.9051667
0.9027867
0.835127
0.8322576
0.8299124
0.832509
0.8980662
0.9069491
0.9039218
0.8768562
0.8969836
0.9159854
0.8920555
0.9009775
0.9006288
0.8991817
0.9003242
0.8980319
0.9000509
0.8986143
0.9015715
0.9007872
0.9007092
0.8998294
0.9009531
0.8992725
0.8995855
0.8976905
0.8997164
0.8989029
0.8984864
0.8982333
0.8983946
0.9122644
0.912319
0.9021445
0.9223301
0.9166137
0.9153735
0.9115207
0.9146717
0.9104062
0.9123673
0.9169128
0.9190158
0.9123721
0.9008228
0.890897
0.8369873
0.9133687
0.9186886
0.9244695
0.8378871
0.8370135
0.8687514
0.8691119
0.8686725
0.8767831
0.8722305
0.8595417
0.8516795
0.8990461
0.8991743
0.83681
0.8344216
0.8385384
0.8370304
0.899312
0.8959976
0.9204461
0.9211035
0.8594722
0.9217867
0.9176744
0.8554907
0.9071449
0.9056998
0.9233817
0.9020818
0.8631888
0.9260529
0.8981153
0.8964184
0.8986005
0.8993686
0.9142775
0.9071774
0.9023908
0.8978968
0.899598
0.6764539
0.915334
0.898893
0.901589
0.9079462
0.9146036
0.9116746
0.9135916
0.9275015
0.9049055
0.9205118
0.918208
0.8663116
0.8607471
0.860068
0.8589489
0.905064
0.9197448
0.9100411
0.8924786
0.9069126
0.9128914
0.9016178
0.8965417
0.8933372
0.892528
0.8945488
0.8942758
0.8935241
0.8935454
0.8945339
0.8959187
0.8947828
0.8962391
0.896849
0.8920121
0.8961511
0.8962216
0.8971223
0.8961929
0.893442
0.8911891
0.8929846
0.9085192
0.910443
0.9025685
0.9226126
0.9176855
0.917024
0.9166725
0.9172784
0.9208793
0.9149412
0.9160343
0.9194276
0.9087289
0.8972214
0.9042294
0.8769259
0.9160033
0.9167867
0.921245
0.8767389
0.8771216
0.8441097
0.847477
0.8470517
0.85166
0.8521693
0.8817625
0.8766668
0.9142589
0.9108812
0.8762517
0.872881
0.8780697
0.8780178
0.9082968
0.909224
0.921758
0.9218449
0.8799911
0.9201862
0.9121165
0.8782198
0.9184098
0.9111793
0.9140259
0.9043441
0.8974501
0.9164892
0.9006229
0.8985727
0.9074716
0.9094812
0.9107181
0.9100068
0.904733
0.8907526
0.8979304
0.8971458
0.9103849
0.8980516
0.894329
0.9003167
0.9133498
0.9111265
0.9131049
0.9245191
0.9050264
0.9203862
0.914132
0.8911224
0.889382
0.8903176
0.8893086
0.9015796
0.9130543
0.9100664
0.9059774
0.8992131
0.9101048
0.8930792
0.8375648
0.8407648
0.8406656
0.8429457
0.8403326
0.8410438
0.8381532
0.8372961
0.8430719
0.8402786
0.8425898
0.8444386
0.8383215
0.8431328
0.8409134
0.8409756
0.8399636
0.8456622
0.8389226
0.8389466
0.9020233
0.9049422
0.8980947
0.9174728
0.9164681
0.9163776
0.9143549
0.9156825
0.9167577
0.9096242
0.913773
0.9160548
0.9073928
0.8425796
0.8995663
0.8981296
0.9125177
0.9132877
0.9148384
0.89613
0.8992824
0.9069659
0.9066029
0.9067371
0.9110198
0.9123291
0.9013209
0.8991925
0.90916
0.908615
0.8964143
0.8974658
0.8991841
0.8998032
0.9062926
0.9079797
0.9153107
0.9156301
0.9002792
0.9147252
0.9127054
0.8987314
0.9127486
0.9072786
0.9098305
0.9041967
0.9081855
0.9110614
0.8943001
0.8990278
0.9086477
0.9074016
0.9055894
0.9028617
0.8990986
0.838544
0.8431032
0.6575805
0.9101496
0.900642
0.8983272
0.9052886
0.9134408
0.9151422
0.9132333
0.9248194
0.9023729
0.9145507
0.9127664
0.8657844
0.8642879
0.8606877
0.8614462
0.9005217
0.9149665
0.9073863
0.8876715
0.9051213
0.9109125
0.8967515
0.8961375
0.8941361
0.8919926
0.8968798
0.895315
0.8923043
0.8940237
0.89352
0.895594
0.8958242
0.8986369
0.8967269
0.892406
0.8982719
0.8961784
0.8972411
0.8971512
0.8961303
0.8947811
0.8939847
0.9089673
0.9106205
0.9010364
0.9219766
0.9163848
0.9139599
0.9150248
0.9154036
0.9179023
0.910124
0.9153723
0.9185928
0.9066652
0.898384
0.9015548
0.8713191
0.9146112
0.9156363
0.9212472
0.8740497
0.8721096
0.8394739
0.8422181
0.8360952
0.8504854
0.8463418
0.8763577
0.8725311
0.9091902
0.9075853
0.8727942
0.8698692
0.8749251
0.8702526
0.9023066
0.9064785
0.9210046
0.921357
0.8751539
0.9175305
0.913787
0.870675
0.9144174
0.9101899
0.9135899
0.9020408
0.8895788
0.9189812
0.9024092
0.8961186
0.9035288
0.9048681
0.9090974
0.9046382
0.9016793
0.8930446
0.8947712
0.891735
0.9106214
0.8959559
0.8877536
0.8973865
0.9198374
0.9145497
0.9121521
0.9229368
0.8920057
0.9093404
0.9035411
0.8815864
0.8786391
0.8778742
0.8786272
0.8919762
0.9128482
0.9038574
0.8921601
0.8936746
0.9127369
0.8464311
0.8821003
0.8814396
0.8780221
0.8797655
0.8798704
0.8764377
0.8764634
0.8821094
0.8847467
0.8783799
0.8810957
0.8807402
0.8752652
0.8818281
0.8836005
0.878583
0.8790277
0.879324
0.8738831
0.8798944
0.9106504
0.9106667
0.8973073
0.924527
0.9186539
0.9221216
0.9182011
0.9231484
0.914612
0.9115899
0.9177988
0.9230495
0.9148105
0.880127
0.8637172
0.8820712
0.917176
0.9119134
0.921208
0.8792808
0.8820152
0.8943467
0.8944851
0.8941475
0.8985857
0.8986479
0.8822013
0.8738948
0.9002475
0.8990589
0.8793439
0.8779223
0.8823395
0.8806738
0.8948113
0.8917396
0.9159107
0.916355
0.8929402
0.9215532
0.9177111
0.8796488
0.9066628
0.904664
0.9160255
0.9025442
0.895912
0.9235738
0.8946315
0.8913682
0.8905892
0.9050287
0.9095111
0.9082188
0.8987872
0.8782881
0.8794723
0.3163537
0.9126165
0.9018438
0.8968317
0.9069442
0.9177108
0.9174169
0.9163283
0.9285491
0.9084431
0.9200745
0.9177625
0.868094
0.8661858
0.8644023
0.8620808
0.9051972
0.9192571
0.9106738
0.8964946
0.9082198
0.9147833
0.9007581
0.8932304
0.8954139
0.8917067
0.8943724
0.8920876
0.8920179
0.8921134
0.8931509
0.8967429
0.8945664
0.8955424
0.897112
0.8924825
0.8981743
0.8938805
0.8955836
0.8955765
0.8935079
0.8942073
0.8921636
0.9098206
0.9115448
0.9035713
0.9222451
0.9192146
0.9175678
0.9169504
0.9168335
0.9203565
0.9155314
0.9156238
0.9215118
0.9105033
0.8948749
0.9030506
0.8780915
0.9195686
0.9177482
0.9211032
0.876063
0.8769064
0.847426
0.8469617
0.8462738
0.8583559
0.8545654
0.8822999
0.8761095
0.9108082
0.9122926
0.8748177
0.8732568
0.8758443
0.876629
0.9085096
0.9115093
0.9200673
0.9210241
0.8802741
0.9200448
0.9139638
0.8796826
0.9158598
0.9127447
0.9135377
0.9025636
0.8951544
0.9182279
0.9037606
0.8997185
0.9068384
0.9090365
0.9106555
0.9080662
0.9042823
0.8923139
0.8972766
0.9092694
0.8883057
0.8789985
0.8771455
0.8851292
0.8558775
0.9178284
0.8692173
0.9040141
0.9008236
0.9114168
0.9198343
0.9059921
0.9087747
0.9057872
0.9040468
0.8982168
0.9173798
0.8891276
0.9168333
0.8835944
0.8769453
0.9099609
0.9045508
0.9050698
0.8999928
0.9028161
0.9041668
0.9010465
0.904808
0.9035257
0.9070099
0.9063248
0.9043183
0.9030312
0.9031127
0.9019657
0.9051592
0.9038613
0.9051693
0.9037135
0.9037565
0.9037829
0.8528612
0.8543386
0.8802569
0.8990067
0.89377
0.8917098
0.8909292
0.8909143
0.9189
0.8731215
0.8778793
0.8924165
0.8668292
0.9048761
0.9115527
0.9104183
0.8325337
0.892351
0.8978782
0.9081534
0.9099393
0.9168176
0.9123176
0.9157186
0.919708
0.9214765
0.912172
0.9117188
0.9178307
0.8883474
0.9090746
0.9103916
0.9105452
0.9096758
0.8866519
0.9164235
0.8980323
0.8994232
0.9142888
0.8919621
0.9158817
0.910174
0.8896827
0.8840606
0.8012673
0.882828
0.9148034
0.8929072
0.8819109
0.8923639
0.9055581
0.8850956
0.8780247
0.8642743
0.8738758
0.902821
0.9032994
0.895555
0.9056194
0.8934496
0.8874615
0.8911894
0.9204278
0.915293
0.9059684
0.9192878
0.8889691
0.8995577
0.8955001
0.8861536
0.8846471
0.883769
0.8825339
0.8891013
0.9069031
0.9064541
0.8895516
0.8876475
0.9145988
0.8295558
0.8855994
0.8821156
0.8780579
0.8839312
0.8823968
0.8782123
0.8806054
0.8857717
0.8856389
0.8831877
0.8833979
0.8818795
0.8807058
0.884207
0.8847942
0.8826317
0.8811877
0.8813161
0.8796564
0.8826734
0.9057091
0.907355
0.8932178
0.9217194
0.9132178
0.9147187
0.9127308
0.9143194
0.9086241
0.9081181
0.9117286
0.9150506
0.9072676
0.8822407
0.8648763
0.8827474
0.9117064
0.9087873
0.9174828
0.8793064
0.8818915
0.8938375
0.895
0.8917535
0.9005586
0.8997343
0.8703918
0.8733603
0.8890684
0.8925586
0.8822442
0.8816811
0.8825502
0.8827568
0.892008
0.8885566
0.9129283
0.9148868
0.8914922
0.9177522
0.9187012
0.8764679
0.8988555
0.8987879
0.9132929
0.8937982
0.8943913
0.9227463
0.884902
0.8892976
0.8890815
0.89566
0.9112733
0.9062956
0.8904844
0.8767241
0.8832423
0.9088182
0.8851507
0.877374
0.8757147
0.883397
0.8538516
0.9172136
0.8700511
0.9029085
0.8990701
0.9100798
0.919175
0.9050253
0.9088301
0.9038323
0.9045005
0.8978064
0.9168634
0.8885824
0.9169648
0.884172
0.8782137
0.9100946
0.9043702
0.9066481
0.9002439
0.903893
0.9048469
0.9014549
0.9057659
0.9038152
0.9080366
0.9053629
0.9049199
0.9035551
0.9037946
0.9026878
0.9057599
0.9037588
0.905926
0.9047466
0.9054199
0.9041115
0.8508114
0.8517815
0.8787614
0.8991763
0.8955526
0.8940494
0.8919294
0.8927439
0.9175164
0.8750639
0.8793573
0.8904959
0.8647819
0.9056752
0.910162
0.9107867
0.8331067
0.8929156
0.8975404
0.909463
0.9102297
0.9182189
0.9133018
0.9164659
0.9195739
0.9212284
0.9109651
0.9114595
0.9159119
0.8872344
0.909679
0.91033
0.91146
0.9100841
0.8865016
0.9151906
0.8955786
0.8974859
0.9131831
0.8903548
0.9163887
0.9107414
0.8884176
0.8825323
0.802331
0.8822744
0.9139228
0.8928803
0.8819215
0.8935819
0.9065995
0.8837126
0.8777883
0.8630599
0.8735976
0.9038942
0.9046805
0.9082664
0.8843574
0.8740684
0.8672694
0.8857174
0.8606642
0.9057403
0.8668887
0.8953175
0.8959078
0.9049336
0.9134498
0.9087039
0.9092538
0.9074081
0.9086599
0.8896559
0.9080064
0.8817448
0.9084582
0.8823615
0.8850781
0.9092278
0.9051105
0.9032016
0.904563
0.9050277
0.9032005
0.9045136
0.9034829
0.9031854
0.9040177
0.9051244
0.9040568
0.9023389
0.9029685
0.9057384
0.9031774
0.9020296
0.9066225
0.9039609
0.903494
0.9031289
0.6920955
0.6889352
0.8783288
0.89547
0.8928813
0.891333
0.8913036
0.8921181
0.909139
0.8715002
0.8682734
0.8902656
0.8550276
0.9054363
0.9101547
0.9079605
0.8321435
0.892093
0.8961739
0.9093388
0.9086958
0.9113355
0.9102706
0.9096609
0.9155463
0.9156609
0.9089786
0.9089191
0.9099345
0.8854321
0.9084568
0.9047087
0.9098117
0.910429
0.8838759
0.9078966
0.8955425
0.8967058
0.9110389
0.8911519
0.9092943
0.9062364
0.8871066
0.8814495
0.8536286
0.8801474
0.9120741
0.8881712
0.8762672
0.8869476
0.8942362
0.879243
0.8666642
0.8521996
0.8763572
0.9024416
0.905378
0.9091493
0.8861976
0.8778348
0.8756866
0.8845372
0.8562949
0.9167039
0.8710171
0.9047853
0.8984064
0.911487
0.9198233
0.9046559
0.9083414
0.904015
0.9040872
0.8980676
0.9180939
0.8882644
0.9173177
0.8823145
0.8783457
0.9095274
0.9019622
0.9040915
0.8981797
0.901321
0.902405
0.8993149
0.90355
0.9027425
0.9061521
0.9030746
0.9023615
0.9016218
0.9019362
0.9006698
0.9030485
0.9018218
0.9046227
0.9015566
0.9028141
0.9019397
0.8526884
0.8548459
0.8789342
0.9003704
0.8944468
0.8930605
0.8907419
0.8903709
0.9159714
0.8760204
0.8787152
0.8906522
0.864722
0.902953
0.9093978
0.9089669
0.8332516
0.8918476
0.8971416
0.9084252
0.9084477
0.917385
0.912776
0.9147496
0.9193162
0.9210071
0.9116933
0.9104104
0.9168156
0.8869144
0.9083261
0.910114
0.909642
0.9082998
0.8851273
0.9169605
0.8968648
0.8986871
0.9147452
0.8903138
0.9148559
0.9106808
0.8884979
0.8841976
0.8018637
0.8817166
0.9149907
0.8922397
0.8817255
0.8922564
0.9062793
0.8843945
0.8780862
0.8642638
0.8727101
0.9022734
0.9021278
0.9095395
0.8874991
0.8800364
0.8781051
0.8856447
0.8587606
0.9181771
0.8722705
0.9052754
0.90115
0.9125453
0.9198521
0.9045648
0.9092411
0.9045541
0.904911
0.899272
0.9185378
0.888526
0.9186695
0.8824428
0.8786255
0.9126151
0.9048131
0.9075615
0.9011561
0.9035491
0.9056024
0.901934
0.9058583
0.906059
0.9082876
0.9062377
0.9050495
0.9037609
0.9034905
0.903168
0.9062812
0.904397
0.9056274
0.9047585
0.9049618
0.9048284
0.8533393
0.8543064
0.8800727
0.8996071
0.8943278
0.8936876
0.8916815
0.8924186
0.9197492
0.8769124
0.8799767
0.8909577
0.8670317
0.9057672
0.9116326
0.9101435
0.8340453
0.8936959
0.8975788
0.9095617
0.909624
0.9199815
0.9155315
0.9168825
0.9199548
0.9221082
0.9119378
0.9119581
0.9183484
0.888905
0.9085208
0.9103518
0.9113665
0.9104193
0.8872107
0.9187768
0.8977329
0.8992836
0.9158052
0.8908169
0.9157029
0.9093838
0.8880804
0.8831141
0.8042431
0.883296
0.915866
0.8933895
0.882462
0.8941189
0.9071086
0.885602
0.8803772
0.8664914
0.8741292
0.9031981
0.904497
0.9031684
0.9110652
0.8997075
0.8978643
0.8970802
0.9197816
0.9124049
0.9109767
0.9237223
0.8891266
0.9004366
0.8964513
0.8983961
0.8941682
0.8967602
0.8966385
0.8929649
0.9031315
0.9033872
0.8954069
0.9010719
0.9138651
0.7189896
0.8937359
0.8949575
0.8898162
0.8931421
0.8917409
0.8906976
0.89339
0.8928884
0.8928311
0.8945505
0.8927907
0.8937712
0.8913266
0.893183
0.8947081
0.8918978
0.8912091
0.8941747
0.8909058
0.8910873
0.9076995
0.908342
0.9044474
0.9217416
0.913999
0.9185691
0.9169981
0.917186
0.9106786
0.9101863
0.9147422
0.9216853
0.9168332
0.8935664
0.8689507
0.8925068
0.9124355
0.9171506
0.9210868
0.893541
0.8933928
0.8939783
0.8974237
0.8930558
0.902644
0.9000401
0.8856885
0.8821357
0.8959048
0.8990783
0.8919867
0.8931005
0.894516
0.8937528
0.8971718
0.8900127
0.9136365
0.9148028
0.8997554
0.9167194
0.9167866
0.8869747
0.9032732
0.9016447
0.9181241
0.900366
0.8946491
0.9214207
0.8993749
0.896603
0.8931452
0.9033734
0.9141927
0.9081287
0.9002768
0.8908745
0.889424
0.9135608
0.919607
0.9109472
0.9105973
0.9079862
0.9345642
0.9224355
0.923379
0.9317537
0.8922952
0.9077438
0.8938311
0.9098609
0.9047636
0.9058299
0.909512
0.899905
0.9112135
0.9167136
0.9015847
0.907618
0.9270205
0.8943781
0.9168775
0.9184661
0.9157103
0.9182859
0.915515
0.9160104
0.9154728
0.9160134
0.9193926
0.9188256
0.9194693
0.9170811
0.9140603
0.9153267
0.9155631
0.9162688
0.9150315
0.9160403
0.9178971
0.9145671
0.9239272
0.9257932
0.9154031
0.9321331
0.9263103
0.9288295
0.9266138
0.9291863
0.9126796
0.9185442
0.9272415
0.929153
0.9227094
0.9154396
0.897249
0.8992327
0.921792
0.9288119
0.9361064
0.9008096
0.9004271
0.9030059
0.9053019
0.9001631
0.9072769
0.9059452
0.8907438
0.8877345
0.9012323
0.9055739
0.9019007
0.9005362
0.8969872
0.8991403
0.9079836
0.895413
0.9260665
0.9254022
0.9011412
0.9259607
0.9297967
0.8953368
0.9115352
0.9106729
0.9350785
0.9094005
0.8925256
0.9412641
0.9077814
0.9084596
0.8960851
0.9087134
0.9246416
0.9194133
0.9147303
0.9177775
0.9135447
0.9067806
0.9245156
0.913466
0.9145364
0.9198377
0.9312249
0.9246833
0.9261331
0.9375936
0.915156
0.9294016
0.9145937
0.9041784
0.9075051
0.907579
0.9065556
0.912445
0.9302507
0.9225891
0.9196744
0.917737
0.919757
0.9062339
0.9051127
0.9049234
0.9003038
0.9026221
0.9020009
0.8994469
0.901396
0.9043069
0.9044758
0.9014389
0.9016358
0.901281
0.9009184
0.9041176
0.9041375
0.8998755
0.9031494
0.9050568
0.8993131
0.9020468
0.9180434
0.9224978
0.9162067
0.9375261
0.9349537
0.9335177
0.9275689
0.9327917
0.9246422
0.9242716
0.9276031
0.9339432
0.9243676
0.9050455
0.9107431
0.9079029
0.9285335
0.9286241
0.9317242
0.9065462
0.9088141
0.9133297
0.9164947
0.9143788
0.9160799
0.9180411
0.9101561
0.9089221
0.9168036
0.9229012
0.9088907
0.9095571
0.909554
0.9075
0.9158058
0.9162344
0.933702
0.9334453
0.9178747
0.9323535
0.924803
0.9101331
0.9265477
0.9228902
0.9274457
0.9219355
0.9218625
0.9326188
0.9123964
0.9089786
0.9192605
0.9233851
0.9241281
0.9213511
0.9137758
0.8996963
0.9040334
0.9134453
0.9155289
0.9083253
0.9072934
0.9119997
0.9357426
0.9189902
0.9274123
0.9288399
0.8998164
0.9110786
0.9012531
0.9072027
0.9057715
0.9044915
0.9053741
0.9078039
0.9192975
0.9152704
0.9086133
0.911506
0.9247346
0.8961821
0.9140563
0.9166667
0.911242
0.9160932
0.9127257
0.9120138
0.9107446
0.912992
0.9150883
0.912789
0.9140793
0.9136094
0.9135187
0.9152567
0.9168866
0.9131323
0.9136796
0.9145373
0.913676
0.9121183
0.9239626
0.9247354
0.9138667
0.9329708
0.9259026
0.9282825
0.9250821
0.9258716
0.9122913
0.9191375
0.9269855
0.9303198
0.9249548
0.9150585
0.9041236
0.9066016
0.9281355
0.926545
0.9316367
0.9059325
0.9078641
0.9073054
0.907177
0.9068767
0.9087536
0.9084533
0.8981653
0.8940755
0.9076452
0.9081391
0.9082572
0.907332
0.9057353
0.9063993
0.9106764
0.9002959
0.9209057
0.9220902
0.9066038
0.9263393
0.9270583
0.9011341
0.9136565
0.9049845
0.9310055
0.9119443
0.9027574
0.9393264
0.908586
0.9097045
0.9035313
0.9141813
0.9248698
0.9168869
0.912111
0.9093523
0.9167171
0.9071594
0.836589
0.7922327
0.8528336
0.8653335
0.8978273
0.9107882
0.8878163
0.8650695
0.8905459
0.9008865
0.9055082
0.9050095
0.9043356
0.906649
0.9026137
0.8929311
0.9097316
0.8053206
0.9074787
0.7281053
0.8956253
0.8991976
0.9047857
0.905772
0.9038866
0.905876
0.9027203
0.9037198
0.9035116
0.9073119
0.9055281
0.9071408
0.9050604
0.9059978
0.9018205
0.9032638
0.908849
0.9058937
0.9074245
0.9062912
0.9043071
0.9024129
0.8808168
0.8790905
0.7836987
0.836076
0.832314
0.8284972
0.8236471
0.8287316
0.9062312
0.8926957
0.8905773
0.8273257
0.8874004
0.9056974
0.9030174
0.8970556
0.8834776
0.8189642
0.8255249
0.894905
0.8966843
0.9029883
0.9037332
0.9032431
0.9100146
0.9075807
0.8903123
0.8933937
0.9028607
0.8385554
0.8956282
0.8951935
0.8974666
0.8988801
0.8597019
0.8988596
0.7948817
0.8002696
0.9031551
0.834872
0.9166551
0.8960783
0.7990462
0.7826859
0.8896919
0.8675328
0.9019793
0.9032396
0.743595
0.8928872
0.8904216
0.8738126
0.8973025
0.8847899
0.7820941
0.9016083
0.9048211
0.9033247
0.9190706
0.9057542
0.9016617
0.9091042
0.9280962
0.9231823
0.9215349
0.9335166
0.9062143
0.9189703
0.9103227
0.89658
0.8972168
0.8977895
0.894554
0.9078952
0.9232128
0.9132644
0.9055764
0.9023191
0.9168941
0.8972636
0.9008713
0.8963191
0.893568
0.8990663
0.8973894
0.8944595
0.898101
0.8973277
0.8991364
0.8993785
0.8988926
0.8986978
0.8943989
0.8989283
0.8979795
0.8971046
0.8945204
0.8989914
0.8929503
0.8975944
0.9187793
0.9199639
0.9072191
0.9274048
0.923817
0.9235319
0.9225972
0.9238248
0.9209817
0.9185295
0.9203747
0.9283717
0.9200116
0.8967962
0.8938302
0.8984279
0.9243168
0.922674
0.9292214
0.8986043
0.8992387
0.9079146
0.9120666
0.9067535
0.909424
0.9120819
0.8994599
0.8968116
0.9146283
0.9111782
0.8974973
0.8968417
0.8981101
0.9018636
0.9089043
0.905654
0.925482
0.9249947
0.9078467
0.9248783
0.9221005
0.9005738
0.9179567
0.909419
0.9217288
0.907531
0.9119252
0.9263392
0.8973953
0.903078
0.9089808
0.9112314
0.9189081
0.9160361
0.9054261
0.8942254
0.8976448
0.9034908
0.9163713
0.9069717
0.9055221
0.9099779
0.9283444
0.9228621
0.9222558
0.9353249
0.900898
0.915149
0.9042638
0.9054589
0.9010519
0.9029098
0.9027276
0.9093351
0.9188587
0.9160303
0.9069111
0.904845
0.9199232
0.8919754
0.9019407
0.9017102
0.8984364
0.9017284
0.9027945
0.8988698
0.8967606
0.8961598
0.9024693
0.8988058
0.9047498
0.9026348
0.8995782
0.9038314
0.9016483
0.9020785
0.9012174
0.899351
0.8979637
0.9031621
0.9202621
0.9201217
0.9090909
0.934775
0.9267923
0.929117
0.9280811
0.9280456
0.9213623
0.9211345
0.9278534
0.9289928
0.926654
0.9005363
0.897315
0.9032663
0.9256642
0.9272881
0.9307379
0.9030735
0.9043475
0.9081263
0.9085134
0.9073723
0.9096232
0.9080876
0.898048
0.8964921
0.9076299
0.9104974
0.9034093
0.9037277
0.9034389
0.9031376
0.9120763
0.9027037
0.9274535
0.9269703
0.9088181
0.9293795
0.922887
0.8972741
0.9183221
0.913078
0.9226815
0.9146987
0.910141
0.9351728
0.9050127
0.9037082
0.9048769
0.9127669
0.9219838
0.9199295
0.905337
0.8971798
0.9004271
0.8958015
0.9092685
0.8963241
0.8951051
0.9051585
0.9104773
0.9106031
0.907747
0.9242145
0.9024869
0.9165314
0.914336
0.888893
0.8894687
0.8932494
0.8867525
0.9018769
0.9140703
0.9078313
0.9089713
0.898404
0.9072117
0.8845472
0.8383083
0.8380163
0.8388486
0.8413122
0.8405036
0.8371454
0.8367167
0.8367518
0.8443872
0.8404057
0.8405202
0.8438719
0.8353796
0.8404903
0.8413935
0.8429093
0.839825
0.8403061
0.8402001
0.8395137
0.9041753
0.905916
0.8984726
0.9246037
0.9217091
0.9186719
0.9165761
0.9193029
0.9148221
0.9102108
0.9140162
0.9157673
0.9052734
0.8451304
0.8934092
0.901002
0.9115248
0.9146731
0.9180437
0.8977609
0.9009111
0.9085799
0.9033214
0.9048443
0.908605
0.9077549
0.8954449
0.9000295
0.9103883
0.9104446
0.8994156
0.8992559
0.9000511
0.901393
0.9052279
0.9096948
0.9181385
0.9196279
0.9052373
0.9182702
0.910306
0.9023435
0.9130666
0.9090325
0.9085142
0.9038783
0.9103696
0.9111072
0.8969856
0.8965675
0.9020991
0.9047804
0.9054287
0.9012697
0.8951627
0.8452241
0.846856
0.8988013
0.9238312
0.9108824
0.9079913
0.9139612
0.9319106
0.9253821
0.925553
0.9398236
0.9104841
0.922528
0.917007
0.9005979
0.8992652
0.8973194
0.8968239
0.913675
0.9293086
0.9194258
0.9150531
0.9085834
0.9201269
0.900592
0.8950043
0.8957999
0.892158
0.8952688
0.8927557
0.8934301
0.8932021
0.8939717
0.8969586
0.8942682
0.8963013
0.8949134
0.894898
0.8958815
0.8989077
0.8937037
0.8948134
0.8928905
0.8917386
0.8914241
0.9263564
0.9251671
0.908508
0.9362289
0.9351221
0.9304348
0.9253641
0.9272467
0.9275185
0.9215125
0.9280107
0.9333026
0.9258614
0.8930098
0.9057372
0.9013498
0.930796
0.9245945
0.9319967
0.902101
0.9016682
0.9151336
0.9158669
0.9148748
0.9198846
0.918789
0.9025445
0.9025223
0.9129092
0.9136394
0.9030578
0.9010795
0.9055871
0.9054084
0.9174325
0.913195
0.9324488
0.9319604
0.9173079
0.9288692
0.9268128
0.9053724
0.9257807
0.917031
0.9256452
0.9108417
0.9187122
0.9321023
0.8999482
0.9083283
0.9138694
0.9151391
0.9210402
0.9176479
0.9033313
0.895671
0.897629
0.9056975
0.869905
0.853732
0.7919569
0.8261318
0.8876058
0.9111533
0.8907717
0.8907252
0.9003105
0.9130824
0.9115544
0.9037729
0.9044758
0.9003574
0.901195
0.8979342
0.9074732
0.871105
0.9086221
0.8636565
0.8961496
0.903894
0.9004877
0.9014044
0.9004909
0.9036257
0.9013666
0.8988228
0.9008493
0.9031174
0.904497
0.9025465
0.8987237
0.8992051
0.8980926
0.9011245
0.9036574
0.8994009
0.9028457
0.902207
0.8990466
0.9010961
0.8795973
0.8781925
0.8648996
0.890566
0.8823466
0.8837844
0.8812725
0.881092
0.90548
0.8862684
0.8865432
0.8843993
0.8813263
0.905603
0.9048581
0.9030034
0.8786626
0.8832795
0.8879046
0.9022603
0.9023192
0.9055663
0.9088021
0.9093209
0.9118983
0.9140897
0.906804
0.9056281
0.9076263
0.8726814
0.9050023
0.9044822
0.9042795
0.9038677
0.8122748
0.9062795
0.8843808
0.8859332
0.9059305
0.8856489
0.9169501
0.9021119
0.8773082
0.8683147
0.8901399
0.8736922
0.9102781
0.8990282
0.8644386
0.8893897
0.8952167
0.8788943
0.8919075
0.8821944
0.8612798
0.9017848
0.9012095
0.9027288
0.8861806
0.8790587
0.879052
0.8903742
0.8672797
0.915439
0.8802061
0.9014189
0.9052232
0.9131665
0.9185563
0.9049368
0.9051295
0.9058739
0.9021291
0.9009406
0.9085149
0.8919954
0.9143492
0.8867822
0.887135
0.90727
0.9010499
0.9024417
0.9011711
0.899531
0.9022842
0.9027374
0.9007799
0.9014403
0.9004273
0.9035859
0.9009798
0.9004341
0.8985304
0.9011747
0.9006066
0.9011463
0.902036
0.9012749
0.9017857
0.9020931
0.8508395
0.8509962
0.8830424
0.9031563
0.8984256
0.8943295
0.8983027
0.8949544
0.9123024
0.8752698
0.8785503
0.9012023
0.8713306
0.9008574
0.9125139
0.9108299
0.8511423
0.896461
0.9005987
0.9121648
0.910546
0.9166993
0.9169036
0.9152892
0.920171
0.9197262
0.9153894
0.914466
0.9115931
0.8886718
0.9121495
0.9115461
0.9115047
0.9105574
0.8870151
0.9184512
0.904097
0.9055113
0.913115
0.8993584
0.9120856
0.9133008
0.894503
0.888535
0.8637506
0.8909143
0.9162017
0.8900412
0.8843332
0.8897168
0.9045726
0.8908813
0.8718818
0.8627356
0.8855574
0.9001006
0.9055682
0.9186164
0.8968112
0.8905768
0.8919967
0.8978957
0.9068983
0.9223327
0.9009416
0.9084373
0.9072503
0.9151762
0.9250964
0.9219621
0.9214625
0.921377
0.9197472
0.9091188
0.920252
0.898082
0.9222302
0.8983708
0.9117932
0.9175872
0.9179889
0.9199514
0.9156039
0.9189886
0.9197766
0.9163881
0.9177206
0.918763
0.9213752
0.9177085
0.9202911
0.9193845
0.9144831
0.9167015
0.9177954
0.9184482
0.9180294
0.9184127
0.9169487
0.9188992
0.8900525
0.8960282
0.8941588
0.9081234
0.9016165
0.9028667
0.9014168
0.902057
0.9162865
0.9092463
0.9004884
0.910742
0.8982769
0.919755
0.9239073
0.9172433
0.8929605
0.901608
0.9050295
0.9188024
0.9182227
0.9213424
0.9199178
0.9219792
0.9258568
0.9234644
0.9179157
0.9170518
0.9217199
0.8966138
0.9166286
0.9165671
0.919794
0.9186978
0.8964612
0.9191093
0.9042357
0.9070662
0.9160709
0.9028661
0.9231581
0.9157053
0.8991511
0.8983111
0.9024869
0.8058415
0.9198393
0.9060421
0.8918986
0.9056371
0.9106412
0.8218267
0.9052857
0.8984533
0.8908249
0.9177758
0.9200982
0.923546
0.900598
0.8885954
0.9010701
0.9041096
0.9075314
0.921647
0.9056716
0.9104323
0.9063359
0.9153407
0.9189273
0.927744
0.9250472
0.923607
0.925231
0.9067156
0.9158438
0.9038865
0.9208588
0.9025182
0.916871
0.9196683
0.9237692
0.9260158
0.9236806
0.9274588
0.9229247
0.9245316
0.9238255
0.9243849
0.9250779
0.9257357
0.9240717
0.9243957
0.9238089
0.925325
0.9257631
0.9250061
0.9251013
0.9226519
0.9248452
0.922352
0.8947761
0.8956176
0.9009126
0.9069759
0.9032303
0.9053974
0.9036409
0.9055795
0.9162329
0.9099657
0.8999824
0.9089681
0.8973657
0.9245992
0.9268199
0.9198593
0.8970339
0.9088921
0.9125428
0.9184536
0.920876
0.9219122
0.9229294
0.9233367
0.9247596
0.9240021
0.9209076
0.9205451
0.9202807
0.9009216
0.9200465
0.9175828
0.9209306
0.9188818
0.9038652
0.9195268
0.9040575
0.9054915
0.9202706
0.9089238
0.9264696
0.9168412
0.9029688
0.8989635
0.9027636
0.8359845
0.9163086
0.9074828
0.8977482
0.9120098
0.907799
0.8427436
0.9118679
0.8970719
0.898446
0.9247435
0.9270614
0.9231572
0.8902465
0.8794156
0.8907242
0.8954318
0.8970857
0.9211638
0.9007152
0.9042805
0.9142167
0.9199986
0.9279918
0.9173499
0.9179385
0.9192181
0.9182864
0.910958
0.919871
0.8948293
0.9276192
0.8924273
0.9106815
0.9215913
0.9182806
0.9163643
0.9115649
0.9154245
0.9147184
0.9116318
0.9169905
0.9152063
0.9162603
0.9143287
0.912928
0.9127353
0.9131013
0.9163122
0.9159002
0.9138642
0.9166261
0.9150058
0.9158009
0.9146231
0.8887782
0.8898251
0.8877823
0.8987647
0.8976612
0.8923396
0.8928157
0.8962932
0.921389
0.9000423
0.9011499
0.8970578
0.8927465
0.9154772
0.9249214
0.9162031
0.8907584
0.8926601
0.8960289
0.9192869
0.9171094
0.9278851
0.9242261
0.9250026
0.92775
0.9278265
0.9228863
0.9203081
0.9243221
0.893365
0.9166168
0.9168982
0.9179642
0.9203975
0.8939043
0.9286718
0.8939309
0.8955485
0.9216966
0.8978508
0.9275048
0.9205123
0.8947665
0.8952698
0.8891891
0.8715497
0.9226084
0.8950928
0.8898808
0.9076697
0.9133679
0.8726457
0.9044483
0.8943399
0.8882188
0.9110201
0.9160759
0.8981362
0.8872051
0.8618833
0.8688422
0.8797146
0.8971491
0.916003
0.8925753
0.9044224
0.8949266
0.9093229
0.9124961
0.8973656
0.899177
0.8979009
0.8966248
0.8969818
0.9122912
0.8855197
0.9096931
0.8717405
0.9008449
0.8993824
0.8924836
0.8968317
0.8918139
0.8944521
0.891472
0.8887563
0.8895222
0.8949148
0.8955304
0.8933684
0.8908317
0.8912856
0.8897402
0.893653
0.8946007
0.8906261
0.8936583
0.8935565
0.8898428
0.8916667
0.8832019
0.8805104
0.8727399
0.9002044
0.8964808
0.8930196
0.8907434
0.8928571
0.9130862
0.8923281
0.8931514
0.8982106
0.8899639
0.8927939
0.905843
0.8996746
0.887244
0.8910197
0.8997424
0.8991287
0.900856
0.9068179
0.9067309
0.9042854
0.9145039
0.9129956
0.9030929
0.8987328
0.9041516
0.8809472
0.9010445
0.898459
0.9000434
0.9018892
0.8804609
0.9056419
0.8918736
0.8933987
0.9071815
0.8943283
0.9151654
0.9012386
0.8899355
0.8801176
0.8886851
0.8624757
0.9109367
0.8980539
0.8691192
0.8905827
0.900237
0.8646679
0.8954286
0.8834472
0.8704763
0.8918958
0.8957073
0.9106236
0.8886742
0.8718136
0.8788386
0.8903681
0.8986451
0.9130345
0.8941356
0.9021495
0.8902533
0.9064505
0.9096221
0.9095894
0.9109147
0.9069751
0.9107721
0.8903033
0.908387
0.885559
0.911019
0.8775051
0.9029782
0.907149
0.908804
0.911207
0.9091102
0.9106643
0.9100778
0.9096413
0.9115151
0.9104932
0.913719
0.9115617
0.9109565
0.9113393
0.9095867
0.9104256
0.9118207
0.9108242
0.9135168
0.90921
0.9112789
0.9103617
0.8844948
0.8838316
0.8817969
0.9001723
0.8944236
0.8971487
0.8966479
0.8978432
0.9074778
0.8963415
0.8915494
0.8985706
0.8874287
0.9092103
0.9076019
0.9039526
0.8864011
0.8989037
0.9023011
0.907532
0.9040997
0.9087573
0.9096368
0.9093781
0.9161618
0.9155497
0.9052444
0.9069312
0.9082394
0.8863162
0.9063341
0.9053836
0.9096823
0.9068958
0.8816923
0.9066662
0.8982351
0.8993092
0.9080693
0.8976231
0.917988
0.9060797
0.8884555
0.8814657
0.8889168
0.8109358
0.9117404
0.8964533
0.8763849
0.8940601
0.8954796
0.8208221
0.8992323
0.8890893
0.8811685
0.9063132
0.9125831
0.9060726
0.8848188
0.8711552
0.8695922
0.8816673
0.9000281
0.9123251
0.8921057
0.9030805
0.8890792
0.9016139
0.9087614
0.9052583
0.904395
0.903334
0.9018157
0.889052
0.9118524
0.8820295
0.9084317
0.8743433
0.8970728
0.90048
0.9055388
0.9079449
0.9041043
0.9100572
0.9050027
0.9041717
0.9058748
0.9072707
0.9116521
0.9089144
0.9065434
0.9058508
0.9073283
0.9084753
0.9095644
0.906366
0.9102258
0.9071459
0.9067337
0.9054374
0.8790828
0.8800331
0.8761774
0.8990752
0.89248
0.8886645
0.8897379
0.8903901
0.9089541
0.8901577
0.8916512
0.892389
0.8855899
0.9075273
0.9073526
0.9009681
0.8849358
0.888519
0.8953591
0.9009784
0.9021778
0.9076131
0.9093417
0.9087375
0.9072562
0.9085435
0.9007512
0.8969662
0.9105164
0.8783657
0.9018933
0.9005521
0.9008999
0.9027703
0.8762767
0.8993619
0.8972574
0.8989474
0.8994955
0.8898629
0.9131035
0.903552
0.8836028
0.8744476
0.8931417
0.4432163
0.9015826
0.9024158
0.8733053
0.8904047
0.8929044
0.6157763
0.8955288
0.885002
0.8741794
0.9051054
0.9076874
0.9046566
0.8856282
0.870936
0.8730025
0.8804443
0.8988224
0.9117819
0.8917136
0.9040942
0.8993111
0.904013
0.9087249
0.9043428
0.904808
0.9031136
0.904724
0.8933529
0.9093703
0.8847062
0.9140496
0.8755727
0.9029987
0.906034
0.9027555
0.904211
0.9036552
0.9052879
0.9054922
0.9028248
0.9026913
0.905207
0.9081994
0.9053838
0.9054092
0.9055286
0.9061978
0.9097119
0.9084507
0.9073266
0.9094252
0.9055873
0.9059473
0.9049956
0.8836748
0.8827691
0.8843177
0.8979462
0.8966736
0.8974821
0.895851
0.8923923
0.9105269
0.896639
0.8902623
0.8989021
0.8846752
0.9079892
0.9065246
0.9060954
0.8839032
0.8978375
0.9007
0.9078646
0.9074565
0.9117229
0.9093074
0.9109434
0.913731
0.9129926
0.9033936
0.9061184
0.9103312
0.8833658
0.9062758
0.9039104
0.9085706
0.9076995
0.88613
0.9084637
0.8959578
0.898088
0.906529
0.8987707
0.9186773
0.9045589
0.886687
0.8843157
0.8895382
0.7734957
0.909019
0.9041377
0.8777161
0.8963185
0.8943431
0.7870088
0.8901008
0.8871067
0.8828839
0.9011479
0.9048209
0.9029438
0.8871002
0.8682346
0.874006
0.8816247
0.8991493
0.9114041
0.8913462
0.9047153
0.8933287
0.9024677
0.9094117
0.899792
0.8985106
0.8973971
0.895517
0.8938019
0.9070573
0.8817482
0.9053173
0.8720227
0.8973118
0.8991905
0.9012794
0.9009767
0.8957767
0.9002073
0.8994511
0.8978958
0.90058
0.8981749
0.9021469
0.899407
0.8979555
0.8980821
0.8983499
0.899836
0.9045424
0.8991006
0.9003808
0.8977748
0.8975636
0.8991792
0.8765947
0.8773086
0.877824
0.8993958
0.8952893
0.8965663
0.8964946
0.8965992
0.9049213
0.89481
0.892194
0.8969025
0.8850766
0.898966
0.9051171
0.8969388
0.8867006
0.89435
0.8997856
0.8977068
0.8974452
0.9090877
0.905696
0.9063355
0.9099975
0.9096685
0.8972355
0.8967294
0.9053588
0.8810676
0.8975516
0.8965604
0.897348
0.8997477
0.8807872
0.9030446
0.8998241
0.901587
0.9019123
0.8931816
0.9107416
0.9011577
0.8842071
0.8827857
0.8892509
0.7842992
0.9030697
0.8997869
0.8714307
0.888211
0.8934
0.7910867
0.8897318
0.8829514
0.8775657
0.8973929
0.8992606
0.9137238
0.8907345
0.8740577
0.8820448
0.8931813
0.8987636
0.9120104
0.8956048
0.9066114
0.8959608
0.9066085
0.9148346
0.9135135
0.915253
0.9131712
0.913059
0.8987627
0.9073865
0.8893739
0.9115787
0.8853348
0.9072529
0.9077767
0.9121053
0.9125739
0.9086065
0.9157088
0.9140852
0.9085583
0.9122708
0.9141182
0.9170397
0.914608
0.9132007
0.9131594
0.912993
0.9127531
0.9140192
0.9139505
0.9158149
0.9155537
0.9144848
0.91437
0.8849977
0.8880501
0.8884206
0.902704
0.900996
0.8991712
0.899098
0.8987777
0.910156
0.9011525
0.8915817
0.9008851
0.894039
0.9150373
0.9139999
0.9128784
0.8887582
0.9001403
0.9060005
0.9112611
0.9138328
0.9104948
0.9104794
0.9129853
0.9168127
0.9173493
0.9110072
0.9105568
0.9125142
0.8911421
0.9123667
0.9118858
0.9139667
0.9131917
0.887725
0.9107944
0.8982777
0.8992313
0.9104314
0.8985578
0.9180971
0.9038842
0.8917392
0.8824673
0.8966863
0.8213774
0.9107526
0.905564
0.8798861
0.897419
0.8985985
0.8287063
0.9054589
0.8909645
0.8866759
0.9101345
0.9141628
0.9207442
0.8990173
0.8981377
0.8989292
0.8948022
0.9204156
0.9072361
0.908668
0.9106889
0.8792911
0.8850632
0.8964671
0.9097739
0.9083097
0.9080251
0.9133729
0.8748823
0.8972623
0.9040571
0.8936921
0.8999891
0.9175575
0.8925443
0.9249777
0.9252919
0.921817
0.9258546
0.9239966
0.9231921
0.9256931
0.9212725
0.9229126
0.9250419
0.9236791
0.9244707
0.9255913
0.9222813
0.9228524
0.9238333
0.9234354
0.9262799
0.9261582
0.923373
0.9071274
0.9084798
0.908856
0.9178565
0.9096315
0.9187405
0.9163986
0.915283
0.9001228
0.9046709
0.9092149
0.9154303
0.9107973
0.9251783
0.9002759
0.8964296
0.9038192
0.9146337
0.9219113
0.8964424
0.8965403
0.9002196
0.9013468
0.8977547
0.9035598
0.9007126
0.8887218
0.8860998
0.8979577
0.8909762
0.8968113
0.8979532
0.8947291
0.8955985
0.88723
0.8846139
0.9102747
0.9104483
0.8844968
0.9132391
0.9243045
0.895513
0.8937205
0.8945163
0.9208311
0.8996433
0.8826977
0.9268284
0.9057114
0.8884476
0.8661771
0.8983942
0.9100476
0.9009202
0.9051263
0.91995
0.9182895
0.9205426
0.897991
0.8990269
0.8993002
0.8943229
0.9187628
0.9064064
0.909117
0.9099737
0.8801719
0.8868958
0.8972712
0.9116922
0.9105922
0.9095541
0.915701
0.8740929
0.8956607
0.9013127
0.8921647
0.8992409
0.9167405
0.893285
0.9237851
0.9243305
0.9222722
0.9269623
0.9242602
0.923494
0.9258054
0.9207252
0.9221002
0.9255748
0.9235208
0.924084
0.9249377
0.9233513
0.9227699
0.9234062
0.9231235
0.9262012
0.9258876
0.9236366
0.9068301
0.9094014
0.9084833
0.9168521
0.9091071
0.9181956
0.9157343
0.9148469
0.8992184
0.9046863
0.9106829
0.9140733
0.9121132
0.9241379
0.8995173
0.8966816
0.9036362
0.9161948
0.9223977
0.8953493
0.8967516
0.9006739
0.9025218
0.8994957
0.9037734
0.9023704
0.8869205
0.8860129
0.8978445
0.8904912
0.8983657
0.8979622
0.8961634
0.8980104
0.886612
0.8830943
0.9089742
0.9092658
0.8848656
0.9133395
0.9240364
0.8932151
0.8926792
0.8951263
0.9201323
0.8986606
0.8823972
0.9265227
0.9047
0.8877302
0.8681002
0.8967446
0.9099895
0.9032879
0.904827
0.9208289
0.9190125
0.9231956
0.9006766
0.9018
0.8996386
0.8942893
0.9204268
0.9078247
0.9090746
0.9107098
0.8810815
0.8849278
0.8958861
0.9123266
0.9106316
0.9103466
0.9161876
0.8739774
0.8962757
0.9029937
0.892329
0.9008577
0.9180212
0.8941503
0.9267658
0.9268119
0.9242581
0.928984
0.9261647
0.925593
0.9273729
0.9228294
0.9247362
0.9280929
0.9267642
0.9265977
0.9286756
0.9238381
0.9261685
0.9257357
0.9251051
0.9290183
0.9278347
0.9256974
0.9074141
0.9108505
0.9100093
0.9163657
0.908909
0.9163296
0.9147433
0.914778
0.9015848
0.9051098
0.9109961
0.9147345
0.9127831
0.9264328
0.8992096
0.8978348
0.904334
0.9148974
0.9218888
0.8962163
0.8979456
0.899037
0.9018223
0.8983834
0.9050755
0.9024337
0.8862812
0.8856657
0.9007501
0.8897167
0.8988287
0.8992365
0.897398
0.8990836
0.8882896
0.8848913
0.9123513
0.9124462
0.8860566
0.913113
0.9265875
0.8925996
0.8929248
0.8956592
0.9211895
0.8996711
0.8816628
0.9289103
0.906311
0.8887613
0.8673499
0.8986157
0.9116405
0.9021537
0.9071783
0.9220454
0.919145
0.9055411
0.897302
0.8938176
0.886742
0.8918873
0.9082016
0.9022792
0.9016998
0.9107503
0.8843191
0.8930667
0.8974118
0.8986021
0.8972298
0.8962461
0.8983349
0.8702241
0.8952798
0.8954431
0.8910146
0.8943531
0.9013547
0.887412
0.904553
0.9060762
0.9010692
0.9041772
0.9069908
0.902767
0.9068321
0.9047314
0.9073894
0.9047137
0.9059556
0.9064726
0.9051183
0.9045933
0.9054591
0.9065962
0.9040671
0.9034664
0.9049888
0.9064489
0.892303
0.8947975
0.8967415
0.9132513
0.9041717
0.9113413
0.9110486
0.9119437
0.8986298
0.8977944
0.8994911
0.9102178
0.9030211
0.9060432
0.8958355
0.8872947
0.8996805
0.9070717
0.9137692
0.8880409
0.8870906
0.8947836
0.893171
0.8932414
0.8983569
0.8993875
0.8856403
0.8849523
0.8946462
0.8847811
0.8859904
0.888279
0.8898776
0.8905339
0.8873268
0.8860286
0.9066343
0.9071621
0.8893895
0.9086964
0.9137676
0.8877303
0.8983952
0.8923051
0.904837
0.8908464
0.8864609
0.9115124
0.8969459
0.8779831
0.8739348
0.8930066
0.9002368
0.8936649
0.8979503
0.9012137
0.9010418
0.9075692
0.8971269
0.8933481
0.8904821
0.8943425
0.9074007
0.9002968
0.9014747
0.9111017
0.8894784
0.8982155
0.9000099
0.899522
0.900842
0.8986133
0.900391
0.8762
0.8944595
0.8965735
0.8944695
0.8967997
0.9024044
0.8933528
0.9052428
0.904376
0.9011066
0.9038114
0.9032774
0.9017577
0.903982
0.9034098
0.9061897
0.9015927
0.9022852
0.9040804
0.9039392
0.9045524
0.9044607
0.9029178
0.9076336
0.9036948
0.9045407
0.902698
0.8944848
0.8966819
0.900572
0.9126153
0.9041362
0.90362
0.9055661
0.9074621
0.8973018
0.8989363
0.9015957
0.9115353
0.9024862
0.9038642
0.8980297
0.894485
0.8951075
0.90571
0.9158152
0.8924687
0.8949243
0.8983593
0.8953935
0.8954973
0.9014852
0.9005542
0.8917329
0.891558
0.8973872
0.890152
0.8941216
0.8935665
0.8964431
0.8955943
0.8897867
0.8905385
0.9088644
0.9086679
0.8896062
0.9071056
0.9142225
0.8927973
0.8991594
0.8934129
0.9029387
0.8879954
0.8908711
0.9099888
0.8958884
0.8807872
0.8748205
0.890569
0.8950762
0.8905427
0.8955632
0.9034839
0.9022133
0.9130047
0.9079015
0.8980606
0.9001452
0.9036813
0.9098436
0.9113194
0.9096379
0.9176147
0.8968012
0.9056162
0.9096057
0.9034853
0.9040872
0.9040825
0.9023063
0.8881281
0.9048454
0.901445
0.9073903
0.9009574
0.9065624
0.903792
0.9107584
0.9124452
0.9074602
0.9107272
0.9107931
0.9086134
0.908812
0.9109718
0.9080586
0.9083783
0.9100777
0.9110085
0.9128531
0.9096739
0.9131845
0.9093124
0.911633
0.913195
0.9108363
0.91077
0.9008913
0.899204
0.9036161
0.9147949
0.9125722
0.9108677
0.9086138
0.9113364
0.9063343
0.9020895
0.9044453
0.9141214
0.9024289
0.9108547
0.9090499
0.9031618
0.8999244
0.9103479
0.9143377
0.9016799
0.9032662
0.9111348
0.9120162
0.9092191
0.9137542
0.9133002
0.9044436
0.9046161
0.9113683
0.9028766
0.9018807
0.9036354
0.9035918
0.9058251
0.9022291
0.9046332
0.9115272
0.9120219
0.9011925
0.9097516
0.9170632
0.9045303
0.9037344
0.9009366
0.9051142
0.9006983
0.9043837
0.9086931
0.8996416
0.8901278
0.8906048
0.9030455
0.904393
0.8982675
0.9046334
0.906062
0.9102831
0.9124661
0.904827
0.8959903
0.8991419
0.8986615
0.9103825
0.9126091
0.905717
0.9138076
0.892257
0.8996737
0.9069222
0.9010321
0.9028917
0.8989085
0.9009804
0.8870555
0.901358
0.9003419
0.8991851
0.8993897
0.9091433
0.8996861
0.9074844
0.9108263
0.9082326
0.9094379
0.9087979
0.908448
0.9097734
0.908601
0.9075186
0.907048
0.9095767
0.9095763
0.9094807
0.9081608
0.9117939
0.9089224
0.9088573
0.9098262
0.9100344
0.9086228
0.8952137
0.8977473
0.8981644
0.9140848
0.9069468
0.9086382
0.9057833
0.9112102
0.9042244
0.9016979
0.9010415
0.9115059
0.9045307
0.9107265
0.9031044
0.9008512
0.8943681
0.906711
0.9120138
0.8998255
0.9004188
0.9045195
0.9062166
0.9026769
0.9086256
0.9079623
0.9012982
0.8989074
0.9053226
0.8987377
0.9020196
0.9028194
0.9008616
0.8998042
0.8977588
0.8987051
0.9105174
0.9105719
0.9003374
0.9098466
0.91461
0.8999754
0.8989767
0.8941079
0.9033719
0.8988001
0.8971163
0.9100932
0.8986792
0.8863311
0.8841036
0.900163
0.9045669
0.8980631
0.9024816
0.9042388
0.9095599
0.894884
0.9132
0.8981109
0.8973045
0.9096257
0.9107105
0.9153105
0.909419
0.9258194
0.9098332
0.9224944
0.9233663
0.8949418
0.8939493
0.8932613
0.8915925
0.9079776
0.9203047
0.9096522
0.9160529
0.902659
0.9084584
0.8931038
0.7688087
0.7715125
0.7715975
0.7701966
0.7691564
0.7694415
0.7585249
0.7663193
0.7760477
0.7675866
0.7653234
0.7634556
0.7594458
0.7707663
0.7715789
0.7669695
0.7721981
0.7704753
0.7647011
0.7695531
0.9036084
0.9053852
0.8980748
0.9229995
0.9213048
0.9168358
0.915272
0.9184885
0.9217321
0.9096334
0.9153129
0.9196059
0.9089254
0.7674569
0.9011852
0.9028654
0.9153599
0.9142457
0.9181764
0.9048601
0.9031732
0.9116382
0.9097879
0.9081592
0.9136255
0.9157872
0.9051213
0.9030505
0.9116098
0.9106407
0.9028065
0.9015679
0.9027964
0.9042507
0.9131612
0.9149915
0.9212865
0.922274
0.9085221
0.9196083
0.9137003
0.9025699
0.9164263
0.9121351
0.9054102
0.9061525
0.9172009
0.9113785
0.8986106
0.9010116
0.9144746
0.910853
0.9075186
0.90394
0.8982905
0.7934628
0.787542
0.9071468
0.9210583
0.9130905
0.9089918
0.9100276
0.9313795
0.921256
0.9195776
0.9327681
0.8997681
0.9158452
0.9032829
0.9047042
0.9072721
0.9049353
0.9053843
0.9043475
0.9172367
0.9184357
0.9035489
0.9087418
0.922389
0.8974834
0.908028
0.9078789
0.9073096
0.9097005
0.9041641
0.9071403
0.9066642
0.9071436
0.9105582
0.9058905
0.9088168
0.9074687
0.9027254
0.9053596
0.9074081
0.908002
0.9082915
0.9101111
0.9055092
0.9045723
0.9217426
0.9219878
0.9122839
0.9281243
0.9269962
0.9281133
0.9257129
0.9265858
0.9142098
0.9232664
0.9271059
0.929835
0.9193665
0.9069292
0.9017279
0.9009212
0.9257167
0.92389
0.9291743
0.9017847
0.9011135
0.9037628
0.9012609
0.9008814
0.9099109
0.9077778
0.8974754
0.8975351
0.9044485
0.9110196
0.9000852
0.9000851
0.9034473
0.9034702
0.913034
0.9003327
0.9260292
0.9261141
0.9039338
0.9239871
0.9287594
0.9019972
0.9154662
0.9104947
0.9250365
0.9130372
0.9065185
0.934022
0.9085114
0.9019999
0.8994501
0.9101824
0.92068
0.9170968
0.9105864
0.9034697
0.9090382
0.9083561
0.8827205
0.8753121
0.8780613
0.8816291
0.8670758
0.9085559
0.8743919
0.9023015
0.9013432
0.911115
0.9155157
0.907971
0.9070649
0.9083991
0.9074803
0.8958532
0.9088735
0.8914356
0.9134527
0.8875323
0.890798
0.9079845
0.9037631
0.9069976
0.903488
0.9046247
0.9039684
0.9035958
0.9050866
0.9059203
0.9069068
0.903263
0.9058098
0.9043999
0.9010094
0.9050269
0.9047312
0.9040549
0.904545
0.9055189
0.9063152
0.9045275
0.8445526
0.843928
0.8858917
0.9020984
0.8924808
0.8903647
0.8931153
0.8914345
0.9097747
0.8715296
0.8755867
0.8985317
0.8677033
0.9036153
0.909587
0.9080884
0.8482986
0.8953289
0.9022989
0.9104973
0.9087492
0.9105443
0.9120501
0.9114753
0.9137458
0.9151749
0.9111046
0.9096126
0.9096405
0.8898677
0.9097315
0.9081415
0.9105404
0.910375
0.8867125
0.9151946
0.9001139
0.9009595
0.9100489
0.8931994
0.9124855
0.909375
0.8945079
0.8898517
0.8612968
0.8841614
0.9105296
0.8958356
0.8879529
0.8898647
0.894865
0.8833842
0.8651472
0.8628109
0.885212
0.8988127
0.9064666
0.9032968
0.8841342
0.8679176
0.8757043
0.8878535
0.8564544
0.9087271
0.8708009
0.899243
0.9031355
0.915493
0.918456
0.9072833
0.9068491
0.907356
0.9055474
0.8970842
0.9104089
0.8875518
0.9156933
0.8835514
0.8810205
0.9120883
0.8989563
0.8971753
0.8995167
0.8994973
0.8986945
0.8971986
0.8982768
0.8977999
0.9017006
0.9001191
0.9000396
0.8999676
0.8970604
0.89956
0.9013664
0.9001658
0.9009819
0.9000577
0.8971004
0.9000469
0.8407699
0.8411943
0.8836981
0.9022386
0.8953198
0.8972402
0.8940542
0.8939221
0.9137608
0.8733559
0.8724874
0.8961649
0.8645915
0.9016997
0.9130216
0.907398
0.8418951
0.8927882
0.8981422
0.9076817
0.9062409
0.9187928
0.9190314
0.9131258
0.9220214
0.9214684
0.9142119
0.912413
0.9128851
0.8839962
0.9059975
0.9062263
0.9100876
0.9102365
0.8883297
0.9215828
0.8982972
0.8993028
0.9147878
0.899403
0.91174
0.9119629
0.8972301
0.887505
0.8583389
0.8871765
0.9159358
0.8905865
0.882919
0.8898956
0.9029796
0.887016
0.8697728
0.8661142
0.8844788
0.8981234
0.9024119
0.9173839
0.8974109
0.8905838
0.896036
0.8977161
0.8834986
0.9119442
0.8865281
0.9083502
0.9039448
0.9115578
0.9134254
0.9161724
0.9129783
0.9143324
0.9152245
0.8956608
0.9136837
0.8989714
0.914952
0.902557
0.8931829
0.9122348
0.9129773
0.9130992
0.9148481
0.9164823
0.9147343
0.9133382
0.9157048
0.9101377
0.9149134
0.9162983
0.9133393
0.9155817
0.9124204
0.9150009
0.9145942
0.9133638
0.9173662
0.9167385
0.912947
0.914865
0.8729071
0.874657
0.8997495
0.9120977
0.9061985
0.9065247
0.9029093
0.9067037
0.9113541
0.8960708
0.8876646
0.90604
0.8887868
0.9131535
0.9130647
0.9157117
0.8697887
0.9064484
0.9082751
0.9163564
0.9151739
0.9134803
0.9137991
0.9121474
0.915884
0.9165224
0.9184943
0.919237
0.916687
0.9012883
0.9170265
0.9141333
0.9182071
0.9176442
0.8965663
0.9152656
0.906221
0.9073293
0.91255
0.9080916
0.9142595
0.9164945
0.9015945
0.896741
0.885066
0.8942566
0.9128465
0.9019417
0.8974672
0.8956174
0.8961386
0.8954941
0.8846931
0.8824011
0.89942
0.9091887
0.9159649
0.9064853
0.9224477
0.9095521
0.911788
0.9140218
0.9240238
0.9192767
0.9214367
0.9313773
0.9114497
0.9205572
0.9081417
0.9060904
0.9072857
0.9049221
0.9045191
0.9078489
0.9227865
0.9173521
0.9101116
0.9121956
0.9187323
0.9013991
0.9031906
0.9024825
0.8999526
0.9060137
0.9019636
0.9004228
0.9008382
0.9025464
0.9043888
0.9002008
0.9028368
0.9004474
0.8988391
0.9049866
0.9071441
0.9011293
0.9053329
0.9041325
0.9024586
0.9015695
0.9163569
0.916759
0.9118406
0.9274992
0.9226297
0.9222719
0.9238125
0.9253249
0.9187027
0.9170774
0.9186357
0.9305846
0.9200859
0.9035596
0.9070406
0.9076017
0.9246791
0.9249842
0.9304153
0.9089648
0.9086691
0.9137975
0.9122426
0.9102824
0.9135246
0.9124941
0.9075431
0.9072799
0.9099689
0.9171223
0.9065465
0.9068169
0.9074121
0.9093567
0.9167655
0.910109
0.9271082
0.9274926
0.9140104
0.927939
0.9218069
0.9087802
0.9194007
0.9152105
0.9224704
0.9159942
0.9100686
0.924772
0.9101273
0.9083008
0.9071129
0.9175816
0.9186092
0.9137025
0.9127219
0.8998688
0.9047016
0.904486
0.9080341
0.8996789
0.8975578
0.8983333
0.9195791
0.9132342
0.9078305
0.9227274
0.8920695
0.8997889
0.8979306
0.8974837
0.8929674
0.8949954
0.8979577
0.894043
0.9096217
0.9072935
0.8945846
0.8998123
0.9138211
0.7173469
0.8950838
0.8937659
0.8904075
0.893687
0.8921658
0.892379
0.8953102
0.8931501
0.8930522
0.8970208
0.8947828
0.8959573
0.8924806
0.89425
0.8947254
0.8918781
0.8907453
0.8945549
0.8915773
0.8927673
0.9074664
0.9091234
0.9037061
0.9204438
0.913303
0.9160445
0.9161125
0.9142363
0.9085786
0.91298
0.9161993
0.9221228
0.9149286
0.8939488
0.8704038
0.8938307
0.9157839
0.9152345
0.9192185
0.8914397
0.8939818
0.8989571
0.8963517
0.8963821
0.9055814
0.9036809
0.8857175
0.8856918
0.8975848
0.9024188
0.8937212
0.8921417
0.8961568
0.8953582
0.895218
0.8908217
0.9161942
0.9168953
0.8975961
0.9146127
0.9165117
0.8862137
0.9060223
0.9026023
0.9135324
0.9022645
0.8978056
0.9237285
0.8981936
0.8942727
0.894498
0.9046996
0.9130217
0.9076978
0.8968411
0.8889092
0.8891238
0.9124485
0.8931789
0.8810681
0.8814362
0.8854004
0.8705557
0.9114715
0.8718593
0.89848
0.8979906
0.9062911
0.9122961
0.9088114
0.9103362
0.9084169
0.9084925
0.8954132
0.9135484
0.8898656
0.9101805
0.8824916
0.8965297
0.9089834
0.9104308
0.9092784
0.9060785
0.909583
0.9100035
0.9063023
0.9095418
0.907862
0.9118105
0.9081974
0.9109623
0.9108066
0.9095108
0.9100043
0.9097454
0.9111773
0.9084002
0.9076584
0.9090747
0.9102883
0.8567564
0.8566134
0.8857431
0.9030079
0.8945741
0.8942506
0.892213
0.8955791
0.9098982
0.8774285
0.8784466
0.8995872
0.8716668
0.9100648
0.9138067
0.9091659
0.8531821
0.8984436
0.9034007
0.9073309
0.9087255
0.9110136
0.9113073
0.909612
0.9139964
0.913334
0.910946
0.9075603
0.9109028
0.8891731
0.9088003
0.9091007
0.9087843
0.9093227
0.8844923
0.9110862
0.8973814
0.8993177
0.9090031
0.8956731
0.9160244
0.9090712
0.8920495
0.8835247
0.8734445
0.8873068
0.9099041
0.8990144
0.8851368
0.8940913
0.896559
0.8856003
0.8432642
0.8654621
0.8841844
0.9066548
0.907815
0.8766298
0.9161677
0.9085213
0.9082021
0.9101837
0.9221497
0.9147772
0.9180465
0.9247946
0.9037833
0.9156085
0.9095952
0.8619854
0.862871
0.8630071
0.8679125
0.8983897
0.914441
0.915759
0.8834176
0.9074567
0.9196814
0.8945705
0.9059323
0.9050832
0.8986688
0.9046375
0.9060541
0.9003547
0.9045075
0.9026387
0.9050351
0.9025386
0.904879
0.9037893
0.9037156
0.9042162
0.9069635
0.9024251
0.9038551
0.9040802
0.905574
0.9057129
0.9173951
0.9187
0.9093541
0.9284315
0.9219384
0.923005
0.9210508
0.9200389
0.9171977
0.919504
0.9205372
0.9262716
0.9209445
0.9032027
0.9005683
0.8701308
0.9191767
0.9191779
0.9243178
0.8687695
0.8696541
0.8766377
0.8778393
0.8740577
0.8787026
0.88034
0.8667472
0.8635865
0.908875
0.9058573
0.8689856
0.8691999
0.8685474
0.8686093
0.9124282
0.9018821
0.9243058
0.9247988
0.8695942
0.9252424
0.9213545
0.8660061
0.9161444
0.9101004
0.9211731
0.9104897
0.876557
0.9237404
0.9076961
0.8981139
0.9016416
0.9112047
0.918506
0.9136436
0.9116096
0.9066249
0.902611
0.8998227
0.914194
0.9005846
0.8968495
0.9064982
0.9101667
0.91819
0.9139895
0.9277605
0.9106231
0.9239384
0.9237096
0.8953653
0.8942122
0.8961848
0.8929204
0.9082744
0.9212976
0.9133296
0.9130619
0.9071874
0.9072154
0.8967152
0.7650751
0.7710256
0.763192
0.7673147
0.7641322
0.7620593
0.7578112
0.762872
0.7706917
0.7612292
0.7609198
0.7609013
0.7602503
0.7654531
0.7689147
0.7586459
0.7685458
0.7629083
0.7578973
0.7649273
0.9092138
0.9081814
0.9014488
0.9255061
0.9242356
0.9202011
0.9162962
0.9207534
0.9244894
0.9130666
0.9148131
0.9184022
0.9095422
0.761897
0.9002513
0.9034107
0.9163907
0.9176981
0.9223943
0.9058802
0.9029623
0.9134653
0.9129393
0.9115092
0.9159407
0.9162505
0.9081536
0.9032803
0.9151701
0.9155697
0.9038301
0.9002364
0.903819
0.9027263
0.9108674
0.9156583
0.9213279
0.9219033
0.9120781
0.9173453
0.9149509
0.9039991
0.9173789
0.9180849
0.9092525
0.9082734
0.9182542
0.9107162
0.9010433
0.9025747
0.9132304
0.9100466
0.9086817
0.9092956
0.9025173
0.7928213
0.7828419
0.8732639
0.9143601
0.9018964
0.9038654
0.9077433
0.9203447
0.91277
0.9143088
0.9253225
0.9027395
0.9135351
0.9073689
0.8365318
0.8343758
0.832379
0.8366266
0.9021709
0.911918
0.9098652
0.8825811
0.9047297
0.9183545
0.8986249
0.9009342
0.8996403
0.8963006
0.8987808
0.899249
0.8966872
0.8985177
0.8977637
0.9014948
0.8963426
0.8994038
0.8990164
0.9006718
0.8991621
0.9014372
0.8962346
0.9018807
0.8967244
0.898499
0.8985784
0.9156265
0.9158325
0.9043927
0.9233646
0.9202117
0.9209849
0.919659
0.9234798
0.9195362
0.9148088
0.9204952
0.9214789
0.9131299
0.9018487
0.8973463
0.8544383
0.9180316
0.9167568
0.9242865
0.8542989
0.854032
0.8779166
0.8753964
0.8744609
0.8831264
0.8835037
0.8614595
0.8595202
0.9054015
0.9063968
0.8487532
0.8517509
0.8548442
0.8541533
0.9060991
0.905229
0.9215823
0.9215564
0.8640403
0.9250649
0.9161329
0.8573704
0.9112741
0.9097198
0.9194285
0.9055622
0.8723476
0.9270881
0.9012544
0.8998601
0.8976571
0.9107193
0.9169671
0.9117668
0.9024104
0.8961006
0.900476
0.9191131
0.9073349
0.9055758
0.9038701
0.9023541
0.9248417
0.9125959
0.9145201
0.915577
0.8742947
0.8768008
0.8913641
0.9100279
0.9080265
0.9083818
0.910807
0.8929626
0.8957589
0.9048033
0.8948721
0.9028732
0.9193543
0.8892553
0.9231768
0.9241158
0.9190743
0.9261554
0.9231157
0.9209776
0.9235445
0.9244747
0.9238016
0.9236677
0.9237629
0.92379
0.9220142
0.9209111
0.9235472
0.9244224
0.9216555
0.9240347
0.9243704
0.9227553
0.9150473
0.9141215
0.910046
0.9204933
0.9155363
0.9168394
0.9177193
0.9172143
0.9057858
0.9053882
0.9144611
0.9184378
0.9157574
0.9239209
0.8976853
0.8924148
0.9109802
0.9158625
0.9239635
0.8940843
0.8932311
0.899926
0.8988315
0.8969446
0.9022974
0.8956509
0.8824249
0.8863151
0.8948295
0.8963312
0.8944555
0.8947526
0.894784
0.8964462
0.8982069
0.8815784
0.9109203
0.9112906
0.8906483
0.9178224
0.9267466
0.889363
0.8986524
0.8939165
0.9267404
0.9044166
0.8823239
0.934788
0.9024818
0.9041237
0.8840969
0.9018195
0.9200173
0.9067471
0.9073517
0.9212405
0.9206115
0.9182743
0.9056019
0.9049066
0.9028658
0.9020698
0.9260435
0.9110503
0.9134695
0.9148119
0.8740111
0.8781317
0.8900103
0.911702
0.9101845
0.9095741
0.9113278
0.8873301
0.8948304
0.9014583
0.8922264
0.901705
0.9176754
0.8891565
0.9256718
0.9211605
0.9192202
0.9238772
0.9211327
0.9207397
0.9229651
0.9198418
0.9214345
0.9214107
0.9243928
0.9230991
0.9200203
0.918084
0.9223094
0.9233051
0.9200927
0.9242775
0.9221944
0.9208456
0.9121391
0.9124318
0.9074135
0.9225262
0.9151988
0.9157687
0.9148646
0.9169237
0.9013512
0.9055596
0.9147062
0.9190039
0.9151795
0.9226415
0.8914402
0.8929121
0.9105794
0.9168489
0.9250445
0.8940065
0.8936482
0.8946975
0.8943817
0.8935092
0.9038334
0.8966904
0.8816073
0.880978
0.8910854
0.8962233
0.8932572
0.8919366
0.8934645
0.894472
0.8979841
0.8760159
0.9129151
0.9139487
0.8867981
0.9205884
0.9258156
0.8865615
0.8978678
0.89388
0.9280676
0.8999781
0.8775244
0.9352966
0.9037284
0.9024408
0.8824303
0.8982688
0.9171058
0.9066838
0.9046612
0.9172391
0.9205678
0.9186418
0.9055719
0.9048384
0.9019154
0.8990978
0.9266463
0.9088777
0.9103533
0.9142519
0.8734489
0.8776046
0.8903496
0.9077291
0.9078506
0.9071998
0.9098242
0.8888808
0.8960938
0.9002002
0.8900251
0.901001
0.9174578
0.8851557
0.9221708
0.9208927
0.9162885
0.9221607
0.9203194
0.9165548
0.9208921
0.920554
0.9199971
0.9212593
0.9212834
0.9222843
0.921356
0.9173134
0.9193898
0.9213979
0.919828
0.9226051
0.9218456
0.9194845
0.9121306
0.9114755
0.9061852
0.919688
0.9140919
0.9145449
0.9164789
0.9158162
0.9014131
0.9063673
0.916062
0.9178971
0.9162252
0.9238109
0.8961316
0.8930417
0.9099439
0.9156256
0.9219412
0.8932635
0.8943135
0.8961773
0.8959014
0.8918245
0.9021939
0.895742
0.8804448
0.8791707
0.89434
0.8920996
0.8937589
0.89323
0.8931366
0.8944313
0.89716
0.8791697
0.9105568
0.9113196
0.8885725
0.9156532
0.9249717
0.8857403
0.8971326
0.8899915
0.9245209
0.8990404
0.8785172
0.9338999
0.9007698
0.9002185
0.8805066
0.8979001
0.916573
0.9048859
0.9052708
0.9198395
0.9192123
0.8974963
0.9116005
0.9006487
0.8977125
0.9088606
0.9112616
0.9108072
0.9111661
0.9265057
0.9032134
0.9154478
0.9122782
0.8902657
0.8903538
0.891368
0.8864606
0.8974386
0.9173033
0.9126197
0.9065078
0.9038083
0.9072358
0.8854124
0.8492551
0.8530783
0.8509445
0.8518267
0.8486607
0.8523099
0.8516153
0.8476809
0.8569826
0.8481472
0.850579
0.8527393
0.8465143
0.8487408
0.8531563
0.8534085
0.8506728
0.8547752
0.8495221
0.8476956
0.9062389
0.9069569
0.9047619
0.923875
0.9224099
0.9203265
0.917258
0.9208784
0.9194761
0.9098789
0.9152123
0.9205985
0.9095614
0.853022
0.8892402
0.8989222
0.9097254
0.9150583
0.9197755
0.8980514
0.9002328
0.9038337
0.9047773
0.9013597
0.909679
0.9123108
0.8992448
0.8970686
0.9087093
0.9106927
0.8981765
0.8982594
0.8979703
0.8976642
0.9031713
0.9105857
0.9189284
0.9198089
0.9079066
0.9197365
0.9141319
0.9000512
0.9165172
0.913498
0.9055003
0.904417
0.9118062
0.9192952
0.8998852
0.8949092
0.901482
0.9066189
0.9062802
0.9007559
0.902306
0.8503706
0.8493392
0.903904
0.9092418
0.9030449
0.8949307
0.8929533
0.9225137
0.9128641
0.9117816
0.9233164
0.8868095
0.8926894
0.8934471
0.895821
0.8922613
0.8952215
0.8960348
0.8898293
0.9053793
0.9037176
0.8859947
0.8997734
0.9158211
0.8262586
0.9000955
0.8990151
0.8960489
0.9018585
0.8965505
0.8966469
0.9000184
0.8985965
0.9033613
0.8989739
0.9015152
0.9016016
0.8995851
0.8963372
0.90234
0.8991038
0.8986464
0.8990748
0.8971559
0.8963879
0.9145709
0.9161481
0.8994784
0.920241
0.9128895
0.9170586
0.9162391
0.917856
0.9105791
0.9112227
0.9174177
0.9171909
0.913785
0.8977072
0.8698849
0.8856145
0.9143494
0.9142276
0.9206867
0.8816042
0.885225
0.889638
0.8880905
0.8908545
0.8959746
0.8949648
0.8780273
0.8784714
0.8919455
0.8958119
0.8864148
0.8823706
0.8862963
0.8859623
0.8947524
0.8834992
0.9133388
0.914403
0.8932273
0.9192289
0.9215839
0.8837174
0.8979302
0.8964847
0.9219795
0.8951725
0.8834305
0.9275538
0.896721
0.8929341
0.8860357
0.8997948
0.914605
0.9110126
0.8966838
0.8955196
0.8975345
0.9151197
0.9150657
0.913732
0.9155586
0.9211874
0.9198298
0.8875326
0.9177058
0.9239256
0.9034161
0.9092889
0.9206181
0.9134295
0.9133645
0.9138531
0.9149034
0.9072429
0.9062336
0.9164947
0.9189021
0.91699
0.9161592
0.9157832
0.9159728
0.9165854
0.9158137
0.9172738
0.9174685
0.9166725
0.9181936
0.9193823
0.9201219
0.9166725
0.9174595
0.9165509
0.9171478
0.9168725
0.9177773
0.9178282
0.9158294
0.9158342
0.91678
0.9179411
0.9115611
0.9110082
0.9174613
0.9232446
0.9224306
0.9237748
0.9212612
0.925849
0.9177647
0.9133998
0.9167993
0.9248368
0.9153003
0.9155495
0.9169654
0.918023
0.9182984
0.9214086
0.9261261
0.9170761
0.9180523
0.9148593
0.9136585
0.9132093
0.9169713
0.9157254
0.9155491
0.9172647
0.9174115
0.9224646
0.915429
0.9166257
0.9170821
0.916397
0.9149693
0.9142116
0.921381
0.92246
0.9131229
0.9215412
0.7818175
0.9159566
0.9176231
0.9162536
0.9149917
0.9149134
0.9163839
0.9165685
0.9144365
0.9092087
0.9100706
0.9168345
0.9174423
0.9125637
0.9185178
0.9155356
0.9202653
0.9218375
0.913983
0.909724
0.9121012
0.9145791
0.9227326
0.8865131
0.9177095
0.9214286
0.8995656
0.9076884
0.9076689
0.9169114
0.9171406
0.9170969
0.9185273
0.9080375
0.9022717
0.9117192
0.9140362
0.911974
0.9148005
0.9156323
0.9206889
0.9213251
0.9182635
0.9232611
0.9200789
0.9187113
0.9207654
0.9193094
0.9202444
0.9182223
0.9194409
0.9199922
0.9203431
0.9166856
0.9197711
0.9194713
0.9193595
0.9199974
0.9212693
0.9209743
0.9105244
0.9098657
0.9152767
0.919585
0.9160702
0.9171342
0.9175073
0.9189941
0.908837
0.912386
0.9148654
0.922766
0.9184864
0.918305
0.911633
0.9171906
0.9157497
0.918823
0.9248283
0.9142792
0.9161176
0.9153379
0.9166232
0.9131954
0.9166369
0.9147644
0.9153762
0.9097546
0.9154064
0.9131648
0.9160844
0.9147478
0.9154588
0.9151724
0.9162142
0.9113886
0.9146263
0.9158941
0.9110097
0.9174961
0.8731003
0.9104403
0.9144176
0.9108914
0.9182554
0.915032
0.9119963
0.9190951
0.9153607
0.9100118
0.907231
0.9153728
0.917253
0.9066422
0.9150831
0.9160362
0.9188089
0.9028425
0.866905
0.8490999
0.5815933
0.8101809
0.8893214
0.9071917
0.8870921
0.8831703
0.8934667
0.9005954
0.9021317
0.9018045
0.8983137
0.9005523
0.8982459
0.8856442
0.9044597
0.8704504
0.8965096
0.8577187
0.8961569
0.8907196
0.9025041
0.9004548
0.9005266
0.9034841
0.9030275
0.9003175
0.9040636
0.9014704
0.905148
0.9051609
0.8998991
0.9023575
0.9009737
0.8998159
0.9006735
0.9019276
0.9023838
0.9041475
0.9028079
0.9028368
0.8777709
0.8746602
0.8633938
0.8906166
0.8813731
0.8824593
0.8795203
0.8823763
0.9066382
0.8865346
0.890156
0.8871362
0.8835694
0.9038177
0.8980419
0.8955513
0.8749405
0.8810204
0.8905308
0.8945943
0.8955803
0.9038941
0.903851
0.9008205
0.9026376
0.9037816
0.8878076
0.8892324
0.9002484
0.8638708
0.8977451
0.8971045
0.8955224
0.8961819
0.7605714
0.8918007
0.8785206
0.8804678
0.8954718
0.8856279
0.9181466
0.8935762
0.8700526
0.8604244
0.8895048
0.8689187
0.9056095
0.906135
0.860768
0.8852447
0.8815207
0.8789912
0.8940558
0.8770857
0.8588554
0.9009188
0.9030616
0.9094388
0.9168773
0.9086777
0.9085918
0.9116613
0.9239172
0.9203488
0.9216666
0.9307306
0.9133591
0.9167498
0.9099071
0.9091757
0.9069801
0.9059112
0.9050861
0.908646
0.9176782
0.9158964
0.9138466
0.9107865
0.9167687
0.9005761
0.9000216
0.9007837
0.8980444
0.8989753
0.8999569
0.8985095
0.8995483
0.8990284
0.8990836
0.9008238
0.9027116
0.9015371
0.8978562
0.8997519
0.9012372
0.90083
0.9010114
0.8994174
0.898455
0.899446
0.9175762
0.915988
0.9140509
0.9276052
0.9221303
0.9235361
0.9219895
0.9225132
0.9206371
0.9180184
0.9171945
0.9238359
0.9203371
0.904526
0.9037292
0.9074488
0.9218936
0.9199262
0.9257068
0.9043368
0.9073994
0.9139482
0.9144292
0.9113378
0.9141416
0.9157977
0.9069504
0.9025624
0.9111968
0.9153518
0.9033976
0.9039477
0.9074588
0.9049962
0.9129059
0.91414
0.9249142
0.9249983
0.9128772
0.9217123
0.9228879
0.9033245
0.9186377
0.9134218
0.9202288
0.9118392
0.9148292
0.9252186
0.9083159
0.905332
0.9084908
0.9148137
0.9133967
0.9149706
0.9116973
0.8992307
0.9008267
0.9239094
0.9181334
0.9216341
0.9187097
0.9162076
0.9297884
0.8948899
0.9197928
0.9251307
0.8950538
0.9004669
0.9038069
0.9208687
0.921262
0.9208468
0.9233362
0.904179
0.901374
0.9157292
0.9104696
0.9191786
0.922191
0.9116512
0.9258696
0.9249332
0.9232018
0.9288751
0.9250472
0.9245768
0.9295246
0.9218835
0.9248186
0.9253499
0.9255075
0.9259297
0.9269214
0.9246959
0.9249064
0.9246392
0.9255663
0.9260534
0.928475
0.9254744
0.9219071
0.9238432
0.9191224
0.9243216
0.9211513
0.9235135
0.9233926
0.9243622
0.90953
0.9188668
0.9258115
0.9309581
0.9216443
0.9293927
0.9147925
0.9138163
0.9203367
0.9236081
0.9256017
0.9147172
0.9136951
0.9124729
0.9127528
0.9126862
0.9150403
0.912693
0.9088523
0.9063827
0.9082989
0.9150569
0.915005
0.914499
0.9128891
0.9143084
0.9143364
0.8997323
0.9213863
0.921758
0.9071535
0.9227664
0.9063958
0.9067067
0.9113576
0.9107551
0.9287914
0.9173963
0.9020418
0.9328124
0.9207132
0.9108178
0.9044663
0.9143249
0.9211988
0.914763
0.9182566
0.9260521
0.9243307
0.9148354
0.886734
0.8770534
0.8784773
0.8928442
0.858144
0.9101015
0.8666936
0.8985507
0.9047354
0.9109499
0.9177929
0.9181353
0.9190795
0.9138171
0.9159013
0.8984143
0.915038
0.8847621
0.9213711
0.8898278
0.8901146
0.9151604
0.9106863
0.9148287
0.9131947
0.9135214
0.9112256
0.9137252
0.912364
0.9108305
0.9155318
0.9149933
0.9142645
0.9132221
0.9091039
0.9140456
0.9126658
0.9145217
0.9110922
0.911401
0.9119313
0.9111245
0.8429227
0.8410349
0.8878343
0.8986616
0.8932163
0.8936413
0.890409
0.8917009
0.9126084
0.8750685
0.8758077
0.8947742
0.8672926
0.9166578
0.9157036
0.9149614
0.8286332
0.8938466
0.8964342
0.9156631
0.9141364
0.9173865
0.9170512
0.9159777
0.9194745
0.9192188
0.9178132
0.919863
0.9152232
0.894135
0.9167382
0.9137283
0.9181053
0.9174499
0.8889454
0.9186767
0.896548
0.8984536
0.9153599
0.8911679
0.9145874
0.9147075
0.8936132
0.8893665
0.8535314
0.8857884
0.9102017
0.8931438
0.8819745
0.8951599
0.9033968
0.8858387
0.8752844
0.8654096
0.8877566
0.9076424
0.911004
0.914861
0.8843592
0.8735733
0.876979
0.8903717
0.8561801
0.9082218
0.8661102
0.8979142
0.9044328
0.9113433
0.9173698
0.9173972
0.9188062
0.9145792
0.9158123
0.8988287
0.9151024
0.8828269
0.9205403
0.8911621
0.8897666
0.915148
0.9114019
0.9157405
0.9116683
0.9143956
0.9113595
0.9137097
0.9137826
0.9123981
0.9155973
0.9146719
0.9139804
0.9138225
0.9115656
0.9128331
0.9131114
0.9158948
0.9138922
0.9134315
0.9120283
0.9114524
0.839808
0.8405392
0.8855828
0.89689
0.8916094
0.8926311
0.8885901
0.892824
0.9119372
0.8692883
0.8738501
0.8929425
0.8651498
0.9176491
0.9174394
0.914014
0.8237137
0.8919276
0.8982232
0.9142908
0.9134978
0.9177648
0.9161178
0.9143071
0.9200071
0.9175621
0.9183939
0.9186501
0.9160292
0.894035
0.914902
0.9137127
0.9162399
0.9173651
0.8855463
0.9180476
0.8968084
0.8991083
0.9139516
0.8913393
0.9142707
0.9135571
0.8920007
0.8882487
0.8531168
0.884864
0.9119913
0.8934406
0.8819265
0.8958802
0.9039718
0.88584
0.8746413
0.8643104
0.8859931
0.9100663
0.9132977
0.9187616
0.8862436
0.8683511
0.8840068
0.8911433
0.8936012
0.9204441
0.8931585
0.9034184
0.9061274
0.9148922
0.9235001
0.9117179
0.9124584
0.9140271
0.9123704
0.9058682
0.9153467
0.8889244
0.9237332
0.8837184
0.9035545
0.9152027
0.9135308
0.9119344
0.9091967
0.9138865
0.9101211
0.9104546
0.9096637
0.9120284
0.911837
0.9106771
0.9108806
0.9102668
0.9108608
0.9108123
0.9129245
0.9133886
0.9135435
0.9129732
0.9113165
0.9090589
0.883101
0.8864418
0.8790006
0.8954306
0.893918
0.8932453
0.8903974
0.8921458
0.9156262
0.8993027
0.8952638
0.8901914
0.8861429
0.9135194
0.9189552
0.9131591
0.88249
0.8894551
0.8938727
0.9148944
0.9133426
0.9187746
0.9177197
0.9179868
0.9243589
0.9244624
0.9133242
0.9139291
0.9145333
0.8872337
0.9124165
0.9120131
0.9155523
0.916932
0.8929275
0.9200669
0.8953857
0.8977025
0.9174996
0.8951664
0.9207394
0.9143295
0.8904217
0.8861005
0.8879914
0.8661058
0.9168444
0.8948754
0.8830147
0.90488
0.9093188
0.8668559
0.8990545
0.8890365
0.8784187
0.911258
0.9140589
0.9073265
0.901416
0.894595
0.8990189
0.8970144
0.9148496
0.9045912
0.9171573
0.9153376
0.8870922
0.8958742
0.9048562
0.9084292
0.9090583
0.9091692
0.9106341
0.9017103
0.9037926
0.9032635
0.9048126
0.8951227
0.913417
0.8925198
0.9082281
0.9084326
0.9032986
0.9086588
0.9075678
0.9050139
0.9078726
0.905487
0.9114796
0.9075417
0.9075618
0.9094658
0.9079656
0.9077614
0.9110346
0.9083972
0.9093399
0.9081705
0.9082264
0.9080078
0.9044618
0.9066975
0.9009523
0.9180379
0.9133221
0.9144866
0.9123507
0.910552
0.9088691
0.9076
0.9070387
0.9169655
0.9097605
0.9079338
0.9074849
0.9037739
0.9080712
0.9070692
0.9167015
0.9030695
0.904872
0.9076299
0.9075022
0.9071656
0.9103053
0.9081402
0.9036294
0.8983674
0.9008249
0.8980469
0.901291
0.9020048
0.9049321
0.9057872
0.8990103
0.8984816
0.9134955
0.9146133
0.9057961
0.9139383
0.9118479
0.8994012
0.9041232
0.8983877
0.9125521
0.9008171
0.9058008
0.9164934
0.8988937
0.8983199
0.8976579
0.9017841
0.9088644
0.9060479
0.8988484
0.9050954
0.9070057
0.8693971
0.9115126
0.8970102
0.8933211
0.900258
0.9223825
0.9174302
0.9181415
0.9247643
0.8917675
0.9048691
0.9024399
0.8252864
0.8258027
0.8246288
0.8248793
0.8963055
0.9114392
0.9072202
0.8727084
0.8987043
0.9133539
0.8885139
0.8961623
0.8961333
0.8928127
0.8996459
0.8964649
0.8936116
0.8939996
0.8982136
0.8987116
0.8993107
0.8968647
0.8969549
0.8943208
0.8982649
0.8998146
0.8942438
0.8950865
0.8972423
0.8935834
0.89586
0.9138412
0.9154467
0.8981743
0.9246664
0.9172528
0.9184992
0.9151985
0.9176466
0.9161626
0.9123492
0.9187122
0.9219671
0.9148516
0.8975315
0.8951491
0.8276929
0.9169837
0.9200888
0.9253731
0.822625
0.8273051
0.8707496
0.8706822
0.8679932
0.8704923
0.8733338
0.8485144
0.8469969
0.9062695
0.8971368
0.8288814
0.8258244
0.8305072
0.8287819
0.899836
0.8950488
0.9194498
0.9188913
0.8539759
0.9209101
0.9191479
0.851716
0.907276
0.9024664
0.9205115
0.9029953
0.857505
0.9257883
0.8956712
0.8962211
0.8966449
0.9044199
0.9137163
0.910657
0.8983522
0.8926519
0.8956756
0.8813984
0.908914
0.902202
0.8993112
0.9019794
0.9255327
0.9162425
0.9117256
0.9248025
0.8904711
0.8971223
0.9000652
0.8625
0.8617119
0.8604589
0.8610039
0.8964321
0.9048139
0.905568
0.868804
0.8970362
0.9160692
0.8844295
0.9006596
0.899824
0.8965821
0.9004847
0.8996668
0.8993217
0.8984369
0.8981135
0.9051539
0.8981257
0.9016735
0.9009973
0.8978483
0.8988117
0.9035376
0.8991051
0.8998976
0.9032576
0.8989446
0.8993473
0.9132988
0.9142919
0.9031942
0.9261046
0.9185501
0.9206057
0.9185246
0.9186377
0.9087958
0.9164841
0.9176643
0.9234705
0.9204786
0.8993715
0.8902794
0.8578509
0.9156903
0.9179484
0.9235932
0.8585409
0.8569561
0.8741185
0.8705585
0.8765988
0.8803613
0.8760669
0.7789373
0.7740387
0.8985437
0.8960606
0.8566424
0.8550368
0.8576039
0.8586639
0.8962243
0.8857219
0.9171854
0.9178155
0.8554494
0.9252221
0.9220481
0.7873912
0.9043519
0.8991894
0.9204062
0.9002646
0.8590956
0.9293044
0.8965643
0.8916329
0.8842021
0.9033032
0.9153674
0.9100479
0.8991749
0.8994505
0.8991891
0.883274
0.9085648
0.8972703
0.8980674
0.9015179
0.9241821
0.9160061
0.9191811
0.9258893
0.8863134
0.8982699
0.8936909
0.8641589
0.8608435
0.8609406
0.8594156
0.8903838
0.9085517
0.9034618
0.8696402
0.8947678
0.9153623
0.8804303
0.9034589
0.9013339
0.8983319
0.9002986
0.902101
0.8989695
0.9021827
0.8999044
0.9041051
0.8995138
0.9013315
0.903227
0.9031903
0.8992679
0.9042864
0.9016231
0.9033344
0.9040469
0.9018735
0.9015828
0.9161409
0.9170538
0.9018199
0.9270411
0.9173539
0.9216111
0.9202945
0.9201011
0.9102606
0.9146394
0.9196438
0.9197015
0.9179889
0.90141
0.8864603
0.8584146
0.9139626
0.9187177
0.923535
0.8549185
0.8583102
0.8735706
0.8745185
0.8732208
0.8779938
0.8776049
0.7795387
0.7811107
0.8974436
0.8949246
0.8579973
0.8559463
0.8568893
0.8586143
0.8976912
0.8845832
0.9134967
0.9135524
0.857807
0.9240659
0.9196124
0.7990372
0.9052956
0.8940141
0.9191723
0.8982365
0.8600635
0.9323859
0.8980639
0.8954774
0.8881976
0.9009979
0.9180215
0.9132251
0.8974574
0.9016033
0.8964909
0.8815687
0.9084741
0.9000723
0.9037273
0.9041739
0.9264242
0.9144659
0.91547
0.9232169
0.8952746
0.9001727
0.8971307
0.8449419
0.8464961
0.8417587
0.8452681
0.8969656
0.905748
0.9054314
0.8785273
0.899291
0.9173315
0.8977444
0.909199
0.9092481
0.9032748
0.9079808
0.9071946
0.9037008
0.9077775
0.9078525
0.9087607
0.908153
0.9064403
0.9093488
0.9072024
0.9091596
0.910191
0.9070086
0.9058005
0.9081578
0.9086872
0.9070875
0.9116543
0.9123308
0.9067742
0.9230823
0.9142069
0.9174448
0.917321
0.9172421
0.9136373
0.9130776
0.9184173
0.917993
0.917663
0.9071684
0.8962459
0.8330417
0.9100057
0.9160615
0.9231469
0.836839
0.834065
0.8689534
0.870159
0.8696774
0.8739633
0.8754938
0.8557592
0.8530254
0.8995221
0.9003577
0.8358956
0.8374371
0.8380753
0.8382359
0.9032889
0.8928252
0.9169457
0.9181038
0.8580474
0.9201586
0.9187037
0.8594807
0.905207
0.9004625
0.9232644
0.90132
0.855246
0.9270683
0.90307
0.9027851
0.8934234
0.9024477
0.915955
0.9076297
0.9050501
0.9084398
0.9108159