0.8975264
0.9067618
0.8961072
0.9060931
0.9003284
0.8977997
0.9151513
0.915105
0.9166754
0.9217134
0.9183182
0.9156551
0.9127925
0.9224369
0.9173237
0.9172436
0.9119907
0.9154836
0.9178997
0.9131106
0.9196729
0.9014276
0.9085861
0.8981943
0.9076242
0.9047925
0.9061787
0.9073004
0.9034702
0.9061922
0.905866
0.9022056
0.8957918
0.8965879
0.9027713
0.9009202
0.8994561
0.8998671
0.9081023
0.90248
0.9108199
0.9009232
0.9005089
0.9039743
0.9024329
0.9008941
0.902832
0.8969005
0.9030455
0.8994598
0.898616
0.9022546
0.8997467
0.9013077
0.8987443
0.9022651
0.9055096
0.8958719
0.9162313
0.8973728
0.8964767
0.9054784
0.9116236
0.8979118
0.9003941
0.9016894
0.8996222
0.8985224
0.9072279
0.8987099
0.9053647
0.9044511
0.9111183
0.9040321
0.9193712
0.9098393
0.9141722
0.9226655
0.9146753
0.9035028
0.9093911
0.9076923
0.9042955
0.9050993
0.9032143
0.9116803
0.9086446
0.8970865
0.89531
0.908395
0.9110647
0.9013385
0.902118
0.8987171
0.9123947
0.9093452
0.9035427
0.919101
0.9077989
0.8555299
0.8906902
0.8919413
0.8847836
0.9034398
0.8949817
0.8904427
0.9158458
0.9135609
0.9129664
0.9198436
0.9129126
0.9120108
0.9126942
0.9101351
0.9162787
0.9159974
0.9095547
0.9125249
0.9169731
0.9133624
0.9202947
0.8967324
0.9024443
0.8961822
0.8989352
0.8956863
0.8975085
0.9025695
0.8970225
0.8960238
0.9051442
0.8937923
0.8849368
0.8899809
0.8920945
0.8915667
0.8991757
0.8887057
0.9072098
0.8945723
0.901252
0.8944006
0.8937131
0.8970727
0.8916502
0.8867786
0.8958402
0.8867202
0.8886852
0.8924519
0.8887787
0.8933903
0.8855778
0.8883063
0.8918321
0.8996937
0.8976658
0.8828484
0.9177293
0.8887825
0.8847564
0.9088734
0.9028988
0.8929925
0.8890857
0.8906777
0.8934327
0.8852605
0.9050532
0.8931528
0.8963918
0.8933003
0.9089422
0.899862
0.9176591
0.9047412
0.9106579
0.9220196
0.9123568
0.8924178
0.9021696
0.9016133
0.8960055
0.8916575
0.8970871
0.9076216
0.9002426
0.8901985
0.8906319
0.9054133
0.9071618
0.888799
0.8893176
0.8980195
0.9137794
0.9029717
0.9004171
0.9160481
0.9038914
0.8846789
0.9086403
0.915022
0.9118379
0.9170177
0.9069065
0.9150881
0.9174702
0.9141801
0.9180648
0.9202282
0.9159673
0.9154326
0.9117261
0.916721
0.920537
0.9159803
0.9146518
0.9130614
0.9216242
0.917554
0.9164253
0.9119285
0.9125617
0.9083435
0.910723
0.912057
0.9116226
0.9139984
0.9144748
0.9154599
0.9191508
0.9129039
0.9124187
0.9132516
0.9093574
0.9129504
0.9122302
0.9133426
0.9053634
0.9141155
0.906726
0.9065771
0.9084858
0.9155353
0.9121978
0.9152001
0.9152307
0.9099776
0.9138261
0.9107062
0.9095929
0.9130253
0.9107682
0.9127223
0.9072539
0.9123248
0.9108963
0.9081256
0.9200898
0.9101513
0.9120305
0.9126278
0.9097966
0.9068596
0.9148118
0.9130374
0.9147901
0.9108921
0.907327
0.906631
0.9137799
0.9173888
0.9115197
0.9098172
0.9160688
0.9179283
0.9136322
0.9184859
0.9160765
0.9094109
0.9120932
0.9126736
0.9172585
0.9188067
0.9130525
0.9139859
0.9136723
0.9118759
0.9064644
0.9129669
0.9153671
0.9119874
0.9113323
0.9126917
0.9057686
0.9029692
0.9046492
0.9187359
0.9078096
0.9168538
0.9065448
0.9145892
0.8942194
0.9077922
0.8946317
0.9106563
0.9189199
0.9144562
0.922449
0.9190161
0.9192407
0.9130435
0.9115502
0.919795
0.9202994
0.9143822
0.9104553
0.9143409
0.9252896
0.9205785
0.9167145
0.9044544
0.9065648
0.9164387
0.9036972
0.9109083
0.9010563
0.8964154
0.9108746
0.9153982
0.9122946
0.8976305
0.9021539
0.8974898
0.906258
0.8818001
0.8901197
0.9093649
0.9063918
0.9090415
0.9070963
0.903385
0.9157686
0.9115619
0.9098322
0.9035145
0.8976485
0.9072993
0.9095928
0.9043911
0.9017703
0.9111675
0.901356
0.9022972
0.8908277
0.8912673
0.8998061
0.8999779
0.9105415
0.898045
0.8988034
0.8871967
0.8863891
0.8967202
0.9007999
0.9048072
0.9071064
0.9060826
0.8888436
0.8966781
0.9055037
0.9044917
0.8915613
0.8948221
0.9196225
0.9068878
0.8895488
0.9259667
0.9113651
0.9078684
0.90489
0.9147723
0.9129792
0.9147374
0.9099005
0.9106032
0.9059102
0.9131306
0.9144624
0.8742688
0.9164693
0.9043733
0.9051242
0.8558922
0.8882272
0.8877145
0.8833702
0.9171895
0.8963715
0.9185608
0.9047961
0.9078364
0.894969
0.9127502
0.8989745
0.9054604
0.9197574
0.9156839
0.9234096
0.9210959
0.9188991
0.9156229
0.9148584
0.9187627
0.9197906
0.9185879
0.9130235
0.9140765
0.9253388
0.9160466
0.9170988
0.9043091
0.9057981
0.9068081
0.903249
0.9059425
0.8991467
0.8986437
0.9037945
0.9083137
0.9088448
0.8952758
0.8987021
0.8980192
0.9001297
0.8951828
0.8978916
0.9055826
0.9036321
0.904215
0.9038033
0.8989028
0.9077341
0.9057459
0.9071064
0.8983577
0.8986484
0.9028538
0.9008821
0.9010458
0.8953779
0.9076797
0.8956588
0.8942206
0.8949195
0.8965329
0.9002913
0.8945718
0.9138106
0.8945166
0.892638
0.9006526
0.8981239
0.9006238
0.8973967
0.8983982
0.8985481
0.8963534
0.8967627
0.895253
0.9057737
0.9071999
0.8977322
0.8960353
0.9194255
0.9109572
0.9007126
0.9275044
0.9186038
0.9050844
0.9062243
0.9110589
0.9079744
0.9065266
0.9036947
0.9096604
0.9061718
0.9062996
0.9045883
0.8696141
0.914944
0.8990381
0.8999422
0.8588468
0.8993079
0.8988921
0.8894758
0.918511
0.8975564
0.9035873
0.9012132
0.9003856
0.9002816
0.9010931
0.9015596
0.902904
0.9034627
0.9054125
0.9022233
0.9135247
0.9077142
0.9048067
0.9038892
0.9056946
0.9008867
0.9051138
0.9048818
0.9041933
0.9046771
0.9031211
0.9127998
0.904453
0.8969149
0.8936261
0.8982756
0.8976085
0.9008974
0.9001423
0.8973859
0.8965676
0.9028022
0.9002877
0.9016452
0.9011731
0.8976926
0.9010887
0.9032511
0.9000496
0.8954362
0.8940158
0.8949786
0.8998441
0.8961983
0.9005428
0.8946266
0.8946076
0.9000601
0.8970489
0.9027552
0.8983587
0.8976036
0.9026346
0.8949291
0.9010007
0.8990238
0.9099175
0.9055323
0.8960756
0.9081537
0.8972393
0.899622
0.9087147
0.9053383
0.8987541
0.902915
0.8992331
0.8971498
0.8962052
0.9104137
0.8972571
0.9022471
0.8985651
0.9115993
0.9103446
0.901722
0.9146034
0.8976536
0.9133065
0.9050847
0.8974113
0.9018641
0.8938613
0.8991182
0.9014473
0.8986178
0.9011001
0.899321
0.891533
0.8679889
0.9238837
0.9012415
0.9035991
0.9027734
0.9274991
0.9127774
0.9110615
0.9105728
0.9085667
0.9078656
0.9188064
0.8831592
0.8846903
0.8852292
0.8856239
0.8873122
0.8875652
0.895809
0.8935314
0.8920866
0.8989493
0.8964032
0.8934159
0.891056
0.893175
0.8911365
0.8909785
0.8932101
0.8964456
0.8949456
0.8938348
0.9067671
0.8868108
0.8853044
0.8795918
0.8826915
0.8830433
0.8867972
0.8972003
0.8894352
0.8860182
0.8912942
0.8816048
0.8835156
0.8870296
0.8835847
0.88445
0.8929785
0.8821188
0.8817969
0.8753676
0.8853436
0.8844708
0.8809851
0.8819352
0.8801708
0.8839647
0.8819359
0.8785363
0.8831869
0.8829988
0.8840779
0.8871316
0.8783912
0.8785686
0.8828424
0.8943148
0.890988
0.8827621
0.902567
0.8875819
0.8826443
0.8952638
0.8936163
0.8856385
0.8872325
0.8807786
0.88346
0.8824494
0.8976322
0.8805872
0.8910099
0.8793315
0.8983179
0.9020131
0.895255
0.9040668
0.8866647
0.9002901
0.8970291
0.8787362
0.8813547
0.8823742
0.8828401
0.883874
0.8857112
0.8849503
0.8889408
0.8791165
0.8503427
0.9149292
0.895837
0.8837707
0.8838389
0.9163607
0.9083902
0.9068131
0.9007609
0.9037307
0.901122
0.9089564
0.8841516
0.8825473
0.8799071
0.8830439
0.8859128
0.8831474
0.8918948
0.8903517
0.8930332
0.8980264
0.8874907
0.8900215
0.8900527
0.8907166
0.8918548
0.8918996
0.8912551
0.8877125
0.8946646
0.8909854
0.9018795
0.8853005
0.8759027
0.8759287
0.8760579
0.8771139
0.870037
0.8854538
0.8806051
0.8750676
0.8817308
0.8773099
0.8801086
0.8822488
0.8801931
0.8785849
0.8810889
0.87443
0.8742107
0.8734196
0.8776653
0.8799077
0.8757804
0.8776332
0.8711314
0.8770954
0.8718004
0.8679955
0.8834177
0.8794815
0.8824949
0.8852606
0.8751867
0.8793222
0.8787702
0.8890723
0.8831313
0.8764961
0.8999095
0.8767606
0.8766231
0.8910873
0.8880764
0.8835569
0.8830911
0.8790057
0.8801067
0.876346
0.8937141
0.8752915
0.8853249
0.87834
0.900175
0.8985327
0.8930636
0.900039
0.8890011
0.9014431
0.8879313
0.8669579
0.8782996
0.8768077
0.8792652
0.8791082
0.8808456
0.8839314
0.8807488
0.8735377
0.8700596
0.9194468
0.889469
0.8818247
0.8816506
0.9139014
0.9046203
0.9008471
0.8963061
0.8931287
0.9003328
0.9122048
0.9034008
0.9061188
0.8939641
0.9094029
0.9017918
0.8989229
0.9170711
0.9158161
0.9185812
0.9216033
0.9172409
0.9171888
0.9146918
0.9184221
0.9231434
0.9180196
0.9165559
0.9130785
0.9193846
0.9160622
0.9156254
0.9054555
0.9109924
0.903382
0.9072895
0.9050516
0.9087589
0.9081753
0.9090168
0.9058632
0.9118727
0.9063962
0.9000612
0.900967
0.9044868
0.9036904
0.9064542
0.9000286
0.9116609
0.9050478
0.9084993
0.9024948
0.9012562
0.9046639
0.9051598
0.9001074
0.9011397
0.902996
0.9038599
0.905591
0.9009138
0.9056893
0.8989972
0.898889
0.8999856
0.9039908
0.9076683
0.8919625
0.9170424
0.9020572
0.9029974
0.9104637
0.909679
0.9003856
0.9033591
0.9071665
0.9080431
0.8995241
0.9085279
0.9023249
0.9095569
0.9038544
0.9103409
0.9053881
0.919645
0.9140492
0.912767
0.9232269
0.9200725
0.9026722
0.9089751
0.909796
0.9062245
0.9040294
0.9042591
0.9116038
0.9098152
0.9037896
0.9029489
0.8727617
0.9162605
0.9022031
0.9036067
0.8627355
0.9112306
0.9077353
0.8975435
0.9210636
0.9048519
0.8984347
0.8939098
0.8994253
0.8848989
0.903875
0.8887066
0.8932011
0.9145476
0.9112376
0.9188755
0.9192727
0.9176064
0.9120073
0.9109591
0.9171273
0.9198914
0.9131248
0.9091519
0.912478
0.9212261
0.913193
0.9178559
0.9000144
0.9075037
0.9058211
0.9013569
0.8992571
0.8949113
0.8930116
0.8989917
0.9013511
0.9102582
0.8947769
0.8888727
0.8863096
0.8978791
0.8869773
0.8907363
0.896466
0.9090005
0.9020947
0.9007656
0.897604
0.9001613
0.9030037
0.9012213
0.8967021
0.8939296
0.8965094
0.8993457
0.8976014
0.8884484
0.8997773
0.8896718
0.8931989
0.8892387
0.8958311
0.896579
0.8844179
0.9105836
0.883155
0.890081
0.8945034
0.894932
0.8890188
0.8891161
0.8939844
0.8954572
0.8921104
0.8912152
0.891325
0.9034842
0.8979336
0.8977463
0.8978431
0.9161966
0.9019024
0.9029446
0.923762
0.9143761
0.8971176
0.9050437
0.90766
0.9030912
0.8993165
0.9027902
0.9123801
0.9060829
0.8980124
0.901141
0.880844
0.91084
0.8933826
0.8935715
0.8621705
0.9013414
0.8934833
0.888417
0.9169144
0.8962182
0.9006013
0.903004
0.9001973
0.8931664
0.9094941
0.8966166
0.9038953
0.9163104
0.9148562
0.9181307
0.9164481
0.9137895
0.9129749
0.9128126
0.9210994
0.920089
0.9102573
0.9104762
0.9137132
0.9183324
0.9167774
0.9158102
0.9029891
0.9066253
0.9114238
0.906829
0.9029779
0.9023291
0.8980802
0.9042401
0.9082745
0.9101191
0.8929983
0.8975806
0.8940169
0.900395
0.8877409
0.8930277
0.9022993
0.9050536
0.9028596
0.902836
0.9026847
0.9054377
0.9065321
0.9053563
0.9009222
0.8961843
0.8990379
0.9052282
0.8960326
0.897176
0.9072919
0.8911562
0.8945514
0.8886571
0.8954554
0.8983848
0.893052
0.9113225
0.8934417
0.896788
0.8974127
0.8898339
0.8928077
0.8962753
0.8957671
0.9000863
0.8954742
0.8980357
0.8925632
0.9040545
0.9046329
0.8975291
0.8993315
0.915753
0.9048301
0.8949745
0.9290031
0.9155701
0.9045867
0.9056859
0.9096561
0.9069668
0.9069618
0.9084612
0.9126636
0.9070355
0.906581
0.9071562
0.8688678
0.9127382
0.8997443
0.9007233
0.8556951
0.8965904
0.8931111
0.8893804
0.9152958
0.8970376
0.9081995
0.9005673
0.902577
0.8896607
0.9085839
0.9008783
0.897092
0.9150417
0.9128365
0.9180616
0.9245474
0.9166696
0.9168835
0.9186038
0.9178246
0.9223728
0.9158051
0.9147092
0.9166373
0.9195952
0.9153629
0.9166844
0.9066351
0.913028
0.905879
0.9070327
0.9049689
0.906167
0.9087533
0.9067833
0.9028805
0.9094092
0.8994592
0.8978046
0.8947426
0.9018666
0.8989884
0.9028844
0.9016813
0.9115278
0.9014181
0.9065266
0.8968908
0.8979577
0.9054799
0.903148
0.8995767
0.9043782
0.9007462
0.9032909
0.8992861
0.9007891
0.9071454
0.8962381
0.895362
0.8945671
0.9038573
0.9058866
0.8899541
0.9163951
0.8936388
0.894344
0.9065316
0.9043421
0.8992932
0.8969343
0.8980221
0.8966932
0.8970551
0.901252
0.8986908
0.906019
0.900443
0.9040483
0.9041254
0.917881
0.9095768
0.9078356
0.9221862
0.915253
0.9012194
0.9069001
0.9082769
0.9054098
0.9022744
0.9040112
0.9125557
0.9097801
0.9027788
0.9077184
0.8384627
0.9118965
0.9014951
0.9018423
0.8263886
0.9109744
0.9050617
0.897746
0.9211762
0.9104205
0.8978081
0.8872214
0.8884092
0.8819634
0.8928113
0.883206
0.8872412
0.9028415
0.9021534
0.9055512
0.9088694
0.9026313
0.9040342
0.8998262
0.9078579
0.907858
0.9028789
0.8998985
0.8987149
0.9062242
0.9004296
0.906154
0.886551
0.8898914
0.8919405
0.8873646
0.8842966
0.8876467
0.8854314
0.8841914
0.8907282
0.8948042
0.8853214
0.8802438
0.881828
0.8853904
0.8820332
0.8841019
0.8809453
0.8919494
0.8826729
0.8896562
0.8817844
0.8814018
0.8880062
0.8818121
0.8765865
0.8815057
0.8813161
0.8883596
0.8813061
0.8810012
0.8905306
0.8790821
0.8781705
0.8809229
0.891429
0.8910014
0.8779463
0.9016117
0.8802706
0.8829815
0.8881988
0.8850287
0.8833881
0.8835742
0.8821078
0.8859662
0.87796
0.8869539
0.8748446
0.890655
0.8854117
0.8960332
0.8970383
0.9046453
0.8992827
0.8933026
0.9122631
0.8975169
0.8811778
0.889224
0.8941733
0.8898187
0.8863056
0.8869844
0.8956528
0.892979
0.8849594
0.8850253
0.9102277
0.8968193
0.8847154
0.8858617
0.9007053
0.8991031
0.896235
0.8878414
0.9090909
0.8972864
0.9014915
0.883674
0.8939579
0.8771677
0.8909569
0.8789501
0.8885189
0.9052563
0.902374
0.9060723
0.9008839
0.9042048
0.9002836
0.8939761
0.9026446
0.9057115
0.9027043
0.9000219
0.8984677
0.911245
0.9009962
0.9035296
0.8814479
0.8900226
0.8913076
0.8874357
0.8853003
0.8813566
0.8791399
0.8826142
0.8925037
0.8889507
0.8805987
0.8808089
0.8750426
0.8861949
0.8736822
0.8742205
0.8847675
0.8855061
0.8845796
0.8811684
0.8871076
0.8905486
0.8863071
0.8853802
0.8770822
0.880611
0.880795
0.890049
0.8855958
0.8807298
0.8908726
0.8795558
0.878129
0.8785284
0.8810626
0.8829041
0.8793442
0.8939874
0.875884
0.8809551
0.8773371
0.8750996
0.8756824
0.8805841
0.8838132
0.8851112
0.8799924
0.8805858
0.8697144
0.8839336
0.8860063
0.8813495
0.8895541
0.9058751
0.8923362
0.8791634
0.907221
0.8896625
0.8837079
0.8856336
0.8946221
0.8911791
0.8888972
0.8921956
0.8914981
0.8834303
0.8875192
0.888044
0.9079293
0.8982547
0.885017
0.8863798
0.8960478
0.8800588
0.883581
0.8839356
0.8999927
0.8828198
0.9115211
0.8987328
0.8969721
0.8992716
0.8987368
0.9015988
0.9008004
0.9045995
0.9052055
0.9037472
0.9085499
0.898392
0.9034241
0.9012777
0.9023635
0.9007753
0.9004973
0.9041048
0.903191
0.9069058
0.9016256
0.9103731
0.9034015
0.8925166
0.8931908
0.8970042
0.8974703
0.8988475
0.8986268
0.8995001
0.8970946
0.902528
0.8946639
0.8984494
0.898133
0.8951713
0.8978006
0.8984795
0.8908316
0.8979125
0.8957267
0.8952425
0.8957994
0.8987493
0.8939881
0.8948522
0.8996296
0.8919485
0.8877649
0.9006237
0.8971635
0.8972697
0.9032473
0.895234
0.8998332
0.8997794
0.9034171
0.9027875
0.8962177
0.9100787
0.8995251
0.8977915
0.9031995
0.9015178
0.8957836
0.9004966
0.8964344
0.8945483
0.9001065
0.9052809
0.8991576
0.9049497
0.8937509
0.9079022
0.9094692
0.9043944
0.9101842
0.9012763
0.9078892
0.8999406
0.8938363
0.8968313
0.89456
0.8942355
0.9022604
0.8970002
0.8992861
0.9036546
0.8952093
0.89484
0.9238641
0.8996633
0.8966312
0.8968549
0.9269767
0.9181099
0.9146751
0.9093056
0.9063052
0.9088713
0.9256017
0.8846502
0.8863792
0.875858
0.8932761
0.8822501
0.8830724
0.9107355
0.907721
0.9090718
0.9134267
0.9066942
0.9068693
0.9036043
0.9085276
0.9068466
0.906304
0.901392
0.9033711
0.9094218
0.9083975
0.9122001
0.8883364
0.8936094
0.8909574
0.8894492
0.8896636
0.8876805
0.8889895
0.8909541
0.8955948
0.8966378
0.8794794
0.879559
0.881637
0.8827729
0.8785955
0.8872271
0.8877154
0.8961484
0.8881262
0.8910806
0.8866855
0.8848555
0.8948157
0.8898588
0.8850118
0.8823359
0.8857981
0.8861683
0.8790913
0.8833877
0.8863702
0.8783818
0.8789697
0.8789468
0.8943654
0.8921477
0.8801038
0.9030869
0.8800759
0.8785095
0.8921998
0.8871525
0.8842581
0.8807306
0.8784478
0.8808209
0.8808532
0.8927698
0.8795974
0.8865595
0.8907729
0.8969016
0.8958206
0.9081193
0.9025676
0.8954409
0.9155983
0.9030324
0.8824211
0.8920835
0.8931399
0.8929732
0.8873768
0.8871542
0.9017284
0.8924885
0.8873648
0.8877118
0.909527
0.8989849
0.8852649
0.8856563
0.8956636
0.8958521
0.8967712
0.8862916
0.9075533
0.8918141
0.9025221
0.8974915
0.8995563
0.8901154
0.9106361
0.9032717
0.898864
0.9179182
0.9150943
0.9187034
0.9162545
0.9170752
0.9185172
0.9137158
0.9182842
0.9173992
0.9172455
0.9140215
0.9157691
0.9199848
0.914817
0.9203202
0.9034849
0.9055732
0.9021244
0.9047282
0.9035893
0.8998369
0.906026
0.9032885
0.9023116
0.9068884
0.8961499
0.8930418
0.8968404
0.8979897
0.9038661
0.9060998
0.8933238
0.9084814
0.9000566
0.908594
0.8968147
0.8918437
0.9026274
0.9002019
0.8991008
0.9022689
0.8921273
0.8979904
0.9000285
0.8984113
0.9024753
0.8904431
0.8944003
0.897469
0.9031111
0.9082691
0.8922401
0.9207035
0.8958393
0.893757
0.9110435
0.9116544
0.8979511
0.8990271
0.9006684
0.8965812
0.8970941
0.9056871
0.9003933
0.9042281
0.8994866
0.9147747
0.9008481
0.9180033
0.9131824
0.9132113
0.9225666
0.9164384
0.8987252
0.9094864
0.9033705
0.9001555
0.8984311
0.8978615
0.908577
0.9055174
0.8994212
0.8894858
0.9092043
0.9117863
0.8966687
0.8986633
0.8994226
0.9182163
0.9099367
0.8987995
0.9207191
0.9097217
0.8359987
0.895755
0.9048059
0.8911437
0.9007939
0.8943845
0.9028514
0.9111927
0.9085887
0.9145282
0.9111156
0.9089562
0.9087204
0.9050348
0.9125861
0.9103826
0.9074476
0.9070713
0.9067708
0.9156663
0.9102996
0.90584
0.8966551
0.8909374
0.901123
0.8912253
0.8967285
0.8942341
0.8932578
0.8954489
0.9043025
0.9008007
0.8948298
0.8977552
0.8958037
0.8995771
0.8880014
0.8921295
0.8953412
0.8979179
0.8966228
0.8947059
0.8918058
0.9000171
0.9012746
0.8983895
0.8954905
0.8906504
0.8924299
0.9034214
0.8979106
0.89828
0.9041297
0.8957306
0.8982652
0.8934086
0.8966018
0.8956791
0.8956923
0.9031235
0.8942201
0.8953892
0.8894358
0.8935941
0.8919974
0.8967371
0.8974677
0.8982193
0.8988371
0.8931144
0.893999
0.9016478
0.8978864
0.8904589
0.8920004
0.9133313
0.9050276
0.8942636
0.9150727
0.9071184
0.8961942
0.8979998
0.9007129
0.9055461
0.9000791
0.8968017
0.901327
0.8977117
0.895323
0.8904186
0.9023248
0.9080581
0.897165
0.897497
0.9016719
0.8767051
0.8772358
0.8745394
0.9088642
0.8734681
0.9105095
0.8828395
0.888748
0.8756972
0.8926694
0.8812702
0.8840622
0.9043521
0.9002818
0.9063095
0.9093724
0.9034059
0.9041246
0.9006966
0.9064926
0.9056491
0.9001747
0.9007682
0.9024909
0.9061209
0.9062081
0.90706
0.886763
0.8939612
0.8926924
0.8901003
0.8887079
0.8906916
0.8900455
0.8883219
0.8951639
0.8991374
0.8860446
0.8803274
0.8737907
0.8844474
0.8756709
0.8800029
0.8901274
0.8889411
0.8894507
0.8893282
0.8813497
0.8904342
0.8925899
0.8893871
0.8852352
0.8868814
0.8836267
0.8897059
0.8832889
0.882052
0.8894241
0.879311
0.8796954
0.8788885
0.8831559
0.8855785
0.8825602
0.900233
0.8729496
0.8777045
0.8846351
0.8812955
0.8804576
0.8793655
0.8814216
0.8815516
0.879448
0.886754
0.8763157
0.8902687
0.8907084
0.8905862
0.889344
0.903872
0.8983923
0.8874721
0.9109009
0.8972146
0.8868855
0.8938604
0.8967883
0.8944724
0.8885019
0.8891177
0.9002396
0.8925945
0.8895489
0.8870585
0.899189
0.8989322
0.8845957
0.8863305
0.893482
0.8186747
0.8311728
0.8064782
0.9072456
0.8082117
0.9023737
0.909986
0.9090527
0.911516
0.9110956
0.9107507
0.9073512
0.9135491
0.9163203
0.9104705
0.9190295
0.912566
0.9107075
0.9133687
0.9111026
0.9132338
0.9119538
0.9145755
0.913541
0.9161896
0.9151409
0.9202113
0.9114571
0.9094665
0.9039753
0.9072955
0.9043533
0.9088616
0.9105534
0.9050162
0.9084108
0.9089701
0.9077232
0.9089563
0.9145011
0.9102856
0.9103665
0.9137876
0.9022962
0.9057768
0.9031566
0.9042951
0.9058815
0.9069996
0.9059293
0.9031883
0.9071198
0.9096099
0.9027832
0.9089825
0.9110293
0.907879
0.9082488
0.9094406
0.911716
0.906557
0.9146371
0.912397
0.9074356
0.9228383
0.9132266
0.9118631
0.9129226
0.9180592
0.9132041
0.9114477
0.9120378
0.9148275
0.9097965
0.9178402
0.9092162
0.9112195
0.9083881
0.9198219
0.9183248
0.9153636
0.9233407
0.912015
0.9130208
0.9167185
0.9060886
0.9125723
0.9011989
0.9059371
0.9082321
0.9092435
0.9081686
0.9092563
0.9007997
0.8957612
0.9228666
0.9095092
0.9117059
0.9120783
0.9297074
0.9230823
0.9185331
0.9166754
0.9166695
0.9147926
0.9207222
0.8994435
0.8989591
0.9004732
0.9016071
0.9022811
0.9018655
0.9031092
0.9048126
0.907158
0.9123189
0.9042189
0.908557
0.9083016
0.9086491
0.9085321
0.9055981
0.9062533
0.9029185
0.902088
0.9024917
0.9105369
0.9020696
0.9003009
0.8920137
0.8959392
0.896258
0.8969494
0.9016783
0.8979336
0.8995494
0.9023981
0.8994091
0.8970094
0.904336
0.8992744
0.9019665
0.9017383
0.893531
0.894491
0.8945211
0.897169
0.895786
0.8953028
0.8997534
0.8964105
0.8973879
0.8966088
0.8931649
0.9001041
0.8989997
0.9012031
0.9048146
0.8985675
0.8988175
0.8964002
0.9079329
0.9027406
0.8983284
0.9127081
0.9036119
0.9007581
0.9082335
0.906186
0.9007151
0.8998519
0.9002013
0.8978549
0.901796
0.9056698
0.8984867
0.900687
0.899166
0.913224
0.9108971
0.902668
0.911701
0.9002065
0.9066553
0.9082339
0.8960567
0.8986535
0.8965505
0.9009813
0.9028723
0.8991801
0.9028288
0.9018199
0.894544
0.8851853
0.9253737
0.9032017
0.8999676
0.8989663
0.9244126
0.9142522
0.9138429
0.9151351
0.9097046
0.9090099
0.9194603
0.8948648
0.8968176
0.8979294
0.8995389
0.9002032
0.9024532
0.9070867
0.9057622
0.9059802
0.9065862
0.903758
0.9059583
0.8996956
0.9033591
0.9060141
0.9025962
0.906585
0.9022119
0.9087782
0.9101748
0.9075534
0.8984485
0.8924926
0.8927418
0.8948878
0.8944106
0.8938262
0.8961044
0.8954646
0.8986922
0.9011293
0.9010575
0.8996913
0.9000073
0.8974136
0.899033
0.9005682
0.8938673
0.8924287
0.8943425
0.8885438
0.8908653
0.893607
0.8959168
0.8932419
0.8921722
0.895004
0.8855004
0.9002023
0.8992902
0.8978023
0.8992845
0.8964058
0.8910357
0.8970395
0.9046896
0.9006811
0.8939843
0.9051544
0.9001524
0.8987402
0.9006471
0.8993956
0.8968474
0.8982662
0.8968271
0.8982179
0.8990281
0.9030395
0.8948292
0.9004708
0.897669
0.9077408
0.9044808
0.907884
0.9052965
0.8962817
0.9056631
0.8996633
0.8923575
0.8960757
0.8936641
0.8981562
0.8979429
0.8922859
0.8980379
0.895969
0.8863912
0.8773277
0.9196522
0.9038296
0.9016168
0.9021224
0.9220779
0.907908
0.9056091
0.9023193
0.9079694
0.9037408
0.9161936
0.8958755
0.8946477
0.8944517
0.8941047
0.8969046
0.8938142
0.8991169
0.9005754
0.900786
0.9086758
0.9032875
0.9054823
0.8991203
0.8988605
0.9050275
0.9047325
0.9016298
0.9001233
0.903965
0.900326
0.9086799
0.8954147
0.8941228
0.8900081
0.8932103
0.8889217
0.8909064
0.8951771
0.8905777
0.8921821
0.8959777
0.8967235
0.8920393
0.8946199
0.8938673
0.8965965
0.8998335
0.888317
0.8899373
0.8857756
0.8857993
0.8868471
0.8870711
0.8875724
0.8871905
0.8910617
0.8919836
0.8867644
0.8930943
0.8919389
0.8918859
0.8956179
0.8956048
0.8936897
0.8905638
0.9055505
0.8971716
0.8878564
0.9076488
0.897219
0.8927364
0.9027507
0.9010811
0.8909571
0.8923329
0.8939982
0.8943194
0.8906424
0.9049987
0.8953967
0.8981178
0.8927994
0.9074428
0.9073292
0.9015396
0.9080347
0.8971161
0.9013167
0.8998074
0.8908829
0.8962496
0.8906602
0.8945632
0.8915462
0.8887248
0.8967463
0.8932568
0.8823353
0.8740892
0.9208743
0.902799
0.8914984
0.8907878
0.9223131
0.9117154
0.9077786
0.9037987
0.907917
0.901173
0.9105353
0.8930635
0.894101
0.8886602
0.8980747
0.8951166
0.8870565
0.9026801
0.90255
0.90122
0.9067036
0.9030193
0.9017129
0.8998175
0.9010918
0.9026722
0.8994076
0.9008338
0.9026451
0.9033741
0.9019419
0.9086828
0.8992486
0.8925395
0.8886382
0.8980131
0.8894672
0.8922658
0.9009538
0.8898869
0.8909078
0.8973267
0.8831083
0.8874573
0.8920085
0.8896992
0.8937511
0.8949795
0.8896823
0.893918
0.8904945
0.8934429
0.892648
0.8901131
0.8874909
0.8907142
0.8915742
0.8924005
0.8873059
0.8931323
0.886476
0.8889051
0.8940147
0.8839131
0.8913681
0.8920248
0.8998839
0.8969493
0.8856806
0.9111627
0.8863787
0.8890398
0.9021266
0.8974331
0.893624
0.888844
0.8895788
0.8885236
0.8877003
0.9011386
0.8882106
0.8941888
0.8930822
0.9071478
0.9023107
0.903097
0.90742
0.8974565
0.9096341
0.9033191
0.8889739
0.8964397
0.893991
0.8926595
0.8899909
0.8928546
0.8978039
0.8964133
0.8848009
0.8851125
0.9179378
0.8974811
0.8909131
0.8911845
0.915874
0.9107342
0.9079116
0.8997632
0.9057595
0.9072857
0.9081359
0.9006069
0.897392
0.8993623
0.9041378
0.9078575
0.8986457
0.9059903
0.9103377
0.9079257
0.9152663
0.9078399
0.9084851
0.9059958
0.9074478
0.9024835
0.9083901
0.9121969
0.9075543
0.9049973
0.9081731
0.9126332
0.9054044
0.9034605
0.8957104
0.9006326
0.897183
0.9031896
0.9137246
0.9021078
0.8987562
0.9047774
0.8984872
0.8987962
0.9041655
0.8965442
0.9062112
0.9059
0.89869
0.9023032
0.8917132
0.900353
0.90076
0.8901135
0.8952803
0.8946831
0.8977256
0.904836
0.891294
0.9048946
0.8967445
0.8987854
0.9029042
0.8952381
0.8961425
0.9009349
0.9154813
0.9072191
0.8952787
0.9172858
0.8987782
0.8986841
0.9167778
0.9154446
0.9055029
0.9023927
0.8970003
0.897113
0.8955745
0.9137491
0.9027448
0.9033455
0.9007208
0.9192914
0.9125009
0.9043659
0.9134702
0.9110538
0.9153219
0.9104185
0.8934732
0.9033424
0.9012762
0.9021959
0.9003274
0.9010937
0.905725
0.9025706
0.8919556
0.8792171
0.9240552
0.9043607
0.8992556
0.8996462
0.9266085
0.926684
0.9197785
0.9170307
0.916289
0.9175025
0.9112761
0.9017409
0.9020525
0.8999553
0.9055574
0.9028364
0.9023685
0.9134678
0.9085046
0.9094234
0.9115351
0.9100043
0.9099093
0.9062386
0.9110701
0.908621
0.911801
0.9062762
0.9044811
0.9106936
0.9101465
0.9118331
0.898354
0.9033433
0.8954263
0.9039517
0.90119
0.9048808
0.9079243
0.902413
0.9030897
0.9062855
0.9012259
0.8977822
0.9055572
0.9001885
0.9096555
0.9110299
0.8988207
0.9036176
0.8992482
0.9025794
0.898482
0.8951228
0.8951529
0.8996017
0.9013398
0.9039353
0.8968682
0.9033078
0.9017775
0.9010761
0.9027778
0.9013896
0.9014414
0.9016754
0.9149614
0.9083224
0.8957688
0.9173104
0.9031912
0.9017605
0.9088393
0.9114451
0.9
0.9018086
0.9026039
0.9007244
0.9021755
0.9120867
0.8998362
0.9041167
0.9056341
0.917762
0.9092608
0.910572
0.9142669
0.9098909
0.9134675
0.9104526
0.9008667
0.9035857
0.9018922
0.9013329
0.9025929
0.9043252
0.9072056
0.9072229
0.8958248
0.8885091
0.9217024
0.9048995
0.9039058
0.9033688
0.9177014
0.9174858
0.9159338
0.9098933
0.9131705
0.9133786
0.9066218
0.9091689
0.9087626
0.9078976
0.9055895
0.9081427
0.9146097
0.9103907
0.9092428
0.9109816
0.9137646
0.9111996
0.9096847
0.9090071
0.9126234
0.9118837
0.9137266
0.9116325
0.913612
0.9144417
0.9135242
0.9178222
0.9042163
0.9031922
0.9077725
0.9011389
0.9045963
0.903081
0.9005
0.9058988
0.9057285
0.9100007
0.9084249
0.9096037
0.9105008
0.9084204
0.9087233
0.9118716
0.9052163
0.9012563
0.9012891
0.9046558
0.8999567
0.9037661
0.9051857
0.9027788
0.9060841
0.9036127
0.9029966
0.9135499
0.9108178
0.9052859
0.9126515
0.9073466
0.909441
0.904667
0.9139158
0.9093797
0.9095883
0.9115551
0.9069139
0.9097877
0.9130996
0.9118841
0.9100626
0.9077112
0.9083737
0.9079244
0.9082228
0.9123522
0.9067601
0.9131911
0.9036257
0.9135314
0.9129768
0.9129453
0.9163318
0.9047999
0.9155775
0.9090941
0.9072265
0.9064856
0.9053948
0.906366
0.9062792
0.9049749
0.9040679
0.9083473
0.9028044
0.8950725
0.9204989
0.9128632
0.9120529
0.9116153
0.9240393
0.9109795
0.9113744
0.9054426
0.9143621
0.9091788
0.92234
0.9150768
0.9144756
0.9124851
0.9101381
0.9110727
0.9155147
0.9146631
0.9111325
0.9162019
0.9136156
0.9143836
0.9108686
0.9088352
0.9122764
0.9129944
0.9128037
0.9117825
0.9106078
0.9166726
0.9144876
0.9209429
0.9080385
0.9065017
0.9100186
0.9045763
0.9106017
0.9076868
0.9077201
0.9096707
0.9119463
0.9144547
0.9080904
0.916589
0.9119818
0.90993
0.9114295
0.9090678
0.9109518
0.9050733
0.9083644
0.9053703
0.9049011
0.9104387
0.9092242
0.9069517
0.9113502
0.9075911
0.9102947
0.9159973
0.9100259
0.9107996
0.9159112
0.913385
0.9125324
0.9104996
0.9145063
0.9099118
0.9092191
0.9148413
0.9099239
0.9133881
0.9155639
0.9085313
0.9076812
0.9115121
0.9081574
0.9101002
0.9146846
0.9113347
0.9046269
0.9152573
0.9121585
0.91479
0.9153475
0.915099
0.9181643
0.9028056
0.9181239
0.9092722
0.9095932
0.9075947
0.9114721
0.9082158
0.9144666
0.9100734
0.9081135
0.9085626
0.906139
0.8975342
0.9203011
0.9122445
0.9137671
0.914381
0.9264103
0.9080198
0.9073577
0.9100452
0.9116001
0.9061734
0.9273163
0.892233
0.8897983
0.8902183
0.8975101
0.8971973
0.8906927
0.9045321
0.9051152
0.9052984
0.9123783
0.9074726
0.9053164
0.9097217
0.9069254
0.9071221
0.9054766
0.9043376
0.9060963
0.9052632
0.9037116
0.911085
0.8937534
0.8954118
0.8865681
0.895922
0.888174
0.8944556
0.900957
0.8928026
0.8916039
0.8968788
0.8912789
0.8879072
0.8944556
0.8918949
0.8992756
0.8994076
0.8886328
0.8996497
0.8886821
0.8990453
0.8950033
0.8903235
0.8927417
0.8895094
0.8904525
0.8936255
0.8820467
0.889466
0.890589
0.8953086
0.8923818
0.888508
0.887167
0.8922431
0.9056583
0.9054336
0.8851798
0.9116205
0.8909118
0.8928375
0.90683
0.9103792
0.8983738
0.8890526
0.8939222
0.8918563
0.8897478
0.9066142
0.8931129
0.9001163
0.89314
0.9125072
0.9061948
0.9060405
0.9105828
0.9073038
0.9083798
0.9057979
0.88979
0.8968277
0.8890431
0.8883585
0.8905667
0.8893994
0.8988325
0.8983597
0.8832649
0.8804303
0.9228558
0.8968357
0.8923032
0.8917643
0.9219111
0.9181408
0.9177267
0.9133432
0.9104356
0.9124417
0.9088271
0.8966539
0.9029398
0.8960192
0.8944889
0.8996592
0.9029357
0.9070911
0.9041739
0.9049533
0.9102564
0.9089383
0.908961
0.9074499
0.9051789
0.9111103
0.9037871
0.9061522
0.9091625
0.9135424
0.9084147
0.9074047
0.9034555
0.9036145
0.9000618
0.8970814
0.9029658
0.9027455
0.8992444
0.9027763
0.9036018
0.9017958
0.8973371
0.8953741
0.8996224
0.8980927
0.8926799
0.8955571
0.9003971
0.8968558
0.8975704
0.8957051
0.8999051
0.8963931
0.9016601
0.8996833
0.9024781
0.8987637
0.9019379
0.8992191
0.8976095
0.8975579
0.8988543
0.8963091
0.900895
0.8964193
0.8993734
0.8995849
0.8963091
0.9075202
0.8974255
0.8981393
0.8970697
0.8981935
0.8956974
0.9001688
0.8977044
0.9012323
0.8987946
0.8996382
0.8946358
0.8996085
0.9008279
0.9003129
0.8992627
0.9076609
0.9059993
0.8900323
0.9112258
0.9051405
0.9022502
0.9024222
0.8985021
0.903577
0.9048276
0.8996037
0.9060817
0.9021246
0.8968917
0.8894815
0.9139836
0.9034869
0.9016501
0.9009973
0.9099923
0.9008422
0.8977702
0.9014322
0.9096592
0.9016764
0.9189527
0.8879947
0.8913955
0.8941409
0.895604
0.8939017
0.8947253
0.9013177
0.8983716
0.9011904
0.9059075
0.9022111
0.9004287
0.8977685
0.9037275
0.9035827
0.9019812
0.9000933
0.9032845
0.904952
0.9012862
0.907069
0.8941301
0.8901083
0.8847984
0.8854858
0.8855909
0.8863811
0.8956249
0.8900346
0.8866066
0.8933677
0.8870191
0.8931787
0.8947926
0.8900902
0.8937045
0.8914803
0.8865783
0.8869714
0.8839439
0.8870684
0.8878149
0.8841631
0.8872285
0.8810434
0.8834185
0.8843912
0.8803826
0.8916317
0.8869855
0.8921751
0.8920347
0.8879968
0.8869023
0.8875143
0.903796
0.8932219
0.8866436
0.9094631
0.8886889
0.8897591
0.8990555
0.8978377
0.8898738
0.8919673
0.8902546
0.88871
0.8841463
0.8995937
0.8863049
0.897683
0.8886784
0.9022282
0.8988622
0.9045581
0.905119
0.8959624
0.9117166
0.8960291
0.887902
0.8954802
0.8835649
0.8899146
0.8905851
0.8903486
0.8942102
0.8896139
0.880686
0.8665166
0.9140283
0.8955316
0.8913878
0.8917002
0.9170921
0.9051256
0.9019354
0.9004122
0.9044922
0.899866
0.9045121
0.8823008
0.8867807
0.8869742
0.8923111
0.8940273
0.8885277
0.8983045
0.8981572
0.9019383
0.9029864
0.9004414
0.9016458
0.8972729
0.9008229
0.9010784
0.8945286
0.8990147
0.899424
0.9022945
0.902467
0.9082328
0.893326
0.8829732
0.8802703
0.884709
0.8862918
0.8853243
0.8873484
0.8862685
0.879386
0.8888726
0.888139
0.8843588
0.8901139
0.887626
0.8894446
0.8934765
0.8851934
0.8877981
0.8824201
0.8871621
0.884753
0.8844073
0.8825347
0.8829231
0.8788598
0.879519
0.8791143
0.8882029
0.8862169
0.8869844
0.887631
0.885621
0.8835637
0.8867021
0.9028086
0.8916438
0.8849594
0.9062422
0.8879696
0.8803935
0.9043434
0.8979817
0.8887902
0.8903659
0.8879517
0.8842164
0.8823179
0.8999053
0.8879218
0.8947561
0.887231
0.9061998
0.9054651
0.9010282
0.9065224
0.8956913
0.9044432
0.8940025
0.8792746
0.8862511
0.8840943
0.8848905
0.8881656
0.8872837
0.890943
0.8864563
0.8787472
0.8665988
0.9169628
0.8924477
0.8870855
0.8872782
0.9164179
0.9070907
0.9042699
0.900044
0.9082965
0.8993773
0.9057903
0.8941818
0.8931287
0.8865941
0.8892489
0.8891499
0.8977844
0.8980398
0.8981305
0.8998497
0.9030532
0.9007568
0.8988913
0.8958221
0.9004685
0.8997823
0.8990142
0.8981528
0.8940435
0.9040876
0.9026539
0.9087405
0.8842711
0.8882845
0.8959473
0.8820847
0.8909482
0.8893468
0.8841756
0.8910844
0.8978627
0.8956493
0.8923898
0.8917582
0.8913482
0.8906569
0.8848588
0.8880035
0.8886535
0.8813006
0.886756
0.8784388
0.8861029
0.8894113
0.892234
0.8863221
0.8871806
0.886189
0.8827365
0.8929222
0.8932765
0.8907975
0.8977351
0.8921169
0.8913155
0.8865694
0.8921579
0.8908429
0.8902036
0.9007682
0.8900748
0.8934198
0.8864676
0.8853397
0.8858998
0.8957739
0.8929262
0.8934465
0.8942378
0.8932896
0.8831323
0.8942224
0.88973
0.8937139
0.8950162
0.9021261
0.9041659
0.8817348
0.9087992
0.8952316
0.8878617
0.8888808
0.887115
0.8978429
0.8942178
0.8932874
0.8943687
0.8874649
0.8871176
0.8733691
0.9142165
0.89529
0.892116
0.8932365
0.911251
0.8893253
0.8897761
0.8916783
0.9072114
0.8880633
0.921396
0.8956701
0.900955
0.8972727
0.8971401
0.895311
0.9017877
0.9051989
0.9034062
0.9044715
0.9059955
0.9011819
0.8980568
0.8989168
0.9023614
0.9022974
0.9023398
0.8987885
0.9002791
0.9064494
0.9047241
0.9096984
0.8994209
0.8965973
0.9029565
0.8905077
0.8974773
0.8954292
0.8905774
0.8960329
0.9013889
0.9032916
0.8954987
0.8968676
0.8902226
0.8966722
0.8890093
0.8941461
0.8960409
0.8931183
0.8970001
0.8915672
0.895049
0.9008588
0.9009551
0.8941873
0.8976196
0.8941441
0.893922
0.8988591
0.8941871
0.8920078
0.9022776
0.8944148
0.8982262
0.8901493
0.8949003
0.8939238
0.8934709
0.9045448
0.8957078
0.8967916
0.8940749
0.8889469
0.8923992
0.897452
0.8944863
0.8948067
0.8974928
0.8932609
0.8945337
0.8999779
0.8987092
0.900688
0.8957827
0.904115
0.906356
0.8854518
0.9095994
0.8990439
0.8994945
0.898266
0.8963999
0.9032833
0.9028164
0.8990859
0.8981563
0.8953283
0.8923785
0.8798438
0.9168403
0.9031532
0.8971336
0.8973254
0.9128594
0.8980556
0.8942146
0.9029047
0.9044046
0.8996367
0.9246893
0.8936718
0.8984158
0.8960854
0.8946912
0.8976072
0.9022105
0.9011848
0.8961871
0.8966159
0.903855
0.8983559
0.900847
0.8981995
0.9004991
0.898561
0.8970324
0.8996888
0.8948085
0.8998822
0.8978965
0.9082399
0.8964594
0.8967062
0.888691
0.888897
0.8877402
0.8977884
0.8953078
0.8933536
0.8927616
0.8969693
0.8952246
0.897974
0.8984103
0.8949009
0.8977501
0.8998872
0.8909441
0.8930831
0.8915894
0.88982
0.8932578
0.8892361
0.8926919
0.8906029
0.8909779
0.889588
0.8885804
0.8964619
0.8934516
0.8906176
0.8972969
0.8896585
0.8921468
0.8923573
0.9015516
0.8957543
0.8952857
0.9084219
0.8982762
0.8988625
0.9042245
0.8972323
0.8940334
0.8962226
0.897991
0.8953054
0.8949748
0.9026782
0.8941525
0.8942336
0.8904398
0.9043198
0.9047876
0.8999964
0.9074061
0.8995046
0.9098882
0.8989158
0.8861489
0.8945677
0.8953551
0.8927862
0.895551
0.8968923
0.8927396
0.8934183
0.8910587
0.8727786
0.9196944
0.9023718
0.8957131
0.8953809
0.9216123
0.9098158
0.9070803
0.9033895
0.9049326
0.9054666
0.917277
0.8992401
0.9039024
0.8948456
0.8960476
0.8989481
0.9045331
0.9055758
0.9021894
0.9054821
0.906623
0.9014945
0.9006613
0.8977552
0.9078211
0.903628
0.8990701
0.9027079
0.9039528
0.9056404
0.9039133
0.907621
0.9023728
0.8933674
0.8969829
0.8924731
0.8960591
0.8916201
0.896072
0.9006859
0.9026769
0.9036368
0.899205
0.9007375
0.9019981
0.899229
0.895459
0.8978713
0.895524
0.890553
0.8925759
0.8927076
0.894035
0.9002788
0.9001783
0.891519
0.8931713
0.8916736
0.8970758
0.9015526
0.8976876
0.8986273
0.8994231
0.8995959
0.8984544
0.8947961
0.9050177
0.90624
0.8968099
0.9083053
0.9017466
0.901106
0.9024364
0.8987392
0.8969684
0.9027733
0.8986919
0.9006952
0.8984146
0.9043226
0.8950879
0.9015464
0.8973873
0.9069049
0.9026169
0.9049418
0.9114036
0.8947636
0.9091455
0.9003053
0.8951833
0.8941417
0.8976959
0.8989329
0.9036442
0.8956219
0.8992497
0.8953037
0.8935846
0.8815274
0.9163748
0.9077277
0.8999605
0.9002263
0.9159522
0.9069576
0.9021538
0.9024724
0.9068417
0.9035279
0.9207456
0.8762692
0.8832183
0.8704222
0.8864845
0.8792575
0.8813868
0.8928876
0.8933941
0.8984791
0.8987373
0.8907065
0.8950792
0.8907997
0.8959358
0.8962404
0.8979606
0.8937418
0.8929813
0.8984781
0.8957324
0.9061729
0.8813068
0.8834724
0.8780267
0.8802786
0.8789329
0.8808136
0.8831891
0.8800492
0.8769158
0.8870527
0.8770937
0.8756907
0.8764674
0.8783705
0.8718431
0.8769993
0.8779965
0.8832667
0.8797381
0.8799797
0.8783263
0.879261
0.8836849
0.8770599
0.8760195
0.8760183
0.8728085
0.8873113
0.8783026
0.8785343
0.8827636
0.8744174
0.8770273
0.8728639
0.889182
0.8870178
0.8708122
0.9002804
0.875183
0.8745046
0.8897658
0.8802601
0.8811852
0.8750917
0.8768406
0.8800741
0.8728181
0.886862
0.8734056
0.8831447
0.8787012
0.8901833
0.8883126
0.895432
0.8948236
0.8874541
0.9049616
0.892579
0.8727021
0.8776043
0.8829584
0.8819332
0.8799637
0.8791169
0.8858119
0.8863211
0.8784801
0.8729436
0.9125535
0.8881091
0.8826155
0.8827243
0.9024919
0.9000895
0.893595
0.8927939
0.8986494
0.8963074
0.9031447
0.874677
0.8792061
0.8749038
0.8850715
0.8728531
0.8802825
0.8931409
0.8914787
0.8936155
0.8964142
0.8899014
0.8886995
0.8923956
0.8945433
0.8953972
0.8955065
0.890372
0.8913884
0.8976322
0.8939887
0.9048609
0.8802085
0.8826586
0.8772546
0.8769393
0.8750227
0.8730303
0.8793166
0.8781
0.8784189
0.8831131
0.876604
0.8771302
0.8757719
0.8786549
0.8720186
0.8727065
0.8779152
0.8799134
0.8800996
0.8732353
0.872144
0.8788942
0.8773408
0.8765728
0.8728671
0.8708548
0.866603
0.8817445
0.8767921
0.8773098
0.8826759
0.8729774
0.8685083
0.8674574
0.882959
0.8843591
0.8689937
0.8965796
0.8736642
0.8754576
0.8834927
0.8771442
0.877048
0.8743542
0.876188
0.8757097
0.8750137
0.8878919
0.8664648
0.8777709
0.8777267
0.8847092
0.8876174
0.8937248
0.8924616
0.8858213
0.9040744
0.8888493
0.8738175
0.8742243
0.8807313
0.8833339
0.8810558
0.8817018
0.8860805
0.8840627
0.8753613
0.8676368
0.9096687
0.8880149
0.8776476
0.8759159
0.9053374
0.8965863
0.8875975
0.8914513
0.8975326
0.8944242
0.9040772
0.8932566
0.8903967
0.8919717
0.8935147
0.8935712
0.8922728
0.897916
0.8981996
0.8950341
0.9070539
0.8974152
0.8992169
0.8972576
0.8995289
0.8968438
0.8946547
0.8977156
0.8967596
0.8960833
0.896378
0.9075854
0.8923335
0.8885345
0.8830281
0.885067
0.8866516
0.8834203
0.8958968
0.8898548
0.8905821
0.8945065
0.8922867
0.8914271
0.8953972
0.8921734
0.8956062
0.8976412
0.890846
0.8907014
0.889024
0.8950922
0.895614
0.8854526
0.8890873
0.8881244
0.8913557
0.8884745
0.8850264
0.891859
0.8931576
0.8906037
0.8906278
0.8904199
0.8952131
0.8920373
0.9028998
0.8940895
0.8907799
0.9097398
0.8911714
0.8910638
0.9027183
0.9029047
0.8919357
0.8942601
0.8951489
0.8956556
0.8933055
0.90112
0.8866756
0.8946012
0.8897942
0.911414
0.9035948
0.8980627
0.9103011
0.8951956
0.9009416
0.8989354
0.8868419
0.8909039
0.885508
0.8893014
0.8912296
0.8924191
0.8934435
0.8857328
0.8815708
0.869685
0.922223
0.896702
0.892852
0.8928008
0.9222474
0.9107522
0.9098481
0.9080599
0.9050166
0.9050012
0.9167248
0.8709392
0.8780497
0.8686666
0.8813023
0.8752811
0.8807767
0.8868821
0.8856079
0.8905635
0.8952564
0.8897474
0.8838974
0.8788922
0.8905914
0.8895679
0.8869926
0.8836067
0.8844187
0.8897214
0.8859627
0.8988138
0.8739993
0.8739912
0.8704602
0.8676965
0.864702
0.8692305
0.8769979
0.8782456
0.8754933
0.882246
0.8647142
0.8712017
0.8715729
0.8688301
0.8652869
0.8667537
0.8653988
0.870783
0.8661824
0.8685096
0.8706169
0.8744045
0.8720091
0.8641592
0.8705587
0.8628614
0.8606515
0.8778282
0.8689143
0.8706951
0.8843243
0.8658596
0.8697895
0.8613568
0.8794566
0.8777502
0.862852
0.8952725
0.8718982
0.8671727
0.8763933
0.8725824
0.8700156
0.8733859
0.8675823
0.8731876
0.865621
0.8815765
0.8611641
0.8792313
0.8706574
0.8780308
0.887804
0.8877236
0.8872175
0.8709977
0.9016662
0.8780798
0.8674001
0.8709062
0.8725998
0.8797468
0.8796723
0.8741807
0.8806187
0.8724623
0.8694346
0.8526399
0.9103183
0.8843412
0.8703669
0.869726
0.9085679
0.8938493
0.888304
0.890499
0.891019
0.8861851
0.9049468
0.8947989
0.893289
0.8852495
0.8961529
0.887491
0.8932273
0.9021884
0.8991823
0.9013287
0.9052388
0.9002881
0.8980634
0.8960147
0.8976367
0.9011818
0.8968904
0.8976055
0.8958679
0.9023722
0.903772
0.9083374
0.8944301
0.8921849
0.888299
0.8943866
0.8850364
0.8892118
0.8989834
0.889331
0.8950404
0.8954134
0.8884078
0.8900635
0.8906999
0.8920518
0.8896057
0.8979651
0.8833532
0.8930317
0.8861032
0.8896919
0.8885851
0.8864404
0.8894771
0.8847926
0.892861
0.8863857
0.8844067
0.8943133
0.8924021
0.8869571
0.8949042
0.882338
0.8883782
0.8865189
0.8976902
0.8948007
0.8844896
0.9052448
0.8901273
0.886839
0.8956303
0.8923893
0.8877174
0.8875729
0.8863382
0.8878246
0.8848667
0.8990151
0.8879951
0.8953555
0.8883951
0.8994321
0.9011165
0.9017512
0.905774
0.8931618
0.9120218
0.8993329
0.8867103
0.8939448
0.8946035
0.8916325
0.8918221
0.8919025
0.8987468
0.8958081
0.8870582
0.8734145
0.9157641
0.897724
0.8885805
0.8892092
0.9135992
0.9042242
0.9000813
0.8973243
0.9047669
0.8981448
0.9074896
0.880335
0.8863198
0.8762986
0.8864073
0.8761388
0.8856035
0.897488
0.891385
0.894216
0.8964497
0.8944647
0.8875408
0.8872438
0.8940466
0.8965615
0.8891613
0.8882686
0.8868257
0.8987004
0.8912678
0.8981206
0.8841599
0.8830431
0.8823701
0.8789566
0.8778453
0.8774897
0.8757014
0.8828927
0.8895794
0.8879476
0.8713651
0.8791993
0.87518
0.8771923
0.8618115
0.8632056
0.8757021
0.8733314
0.8810305
0.8729498
0.881867
0.8805518
0.8819593
0.8777623
0.8760971
0.8749403
0.8794363
0.8865934
0.8765854
0.873756
0.8834682
0.8727711
0.8757025
0.8619228
0.8748985
0.877288
0.8722694
0.8918216
0.8730904
0.8832905
0.8770452
0.869041
0.8741805
0.8775699
0.8765537
0.8806369
0.878646
0.882226
0.8693953
0.8788524
0.8831636
0.8790993
0.8854979
0.8934168
0.8927783
0.870558
0.9037962
0.8851986
0.8834311
0.8808031
0.8853269
0.8841284
0.8883761
0.8834994
0.8889532
0.8839325
0.8780829
0.8627598
0.9061301
0.8896902
0.879016
0.8792907
0.9062194
0.8839714
0.8827008
0.8820475
0.896833
0.8851706
0.9111056
0.8942253
0.8948496
0.8911506
0.8989892
0.8963664
0.8938839
0.9004613
0.8984179
0.9029599
0.9053633
0.9001088
0.8986216
0.8959932
0.8976528
0.901695
0.8994026
0.8965298
0.896587
0.9018829
0.9001617
0.9072708
0.8996765
0.8912149
0.8932815
0.8908374
0.8906904
0.8912227
0.9001393
0.8921323
0.8957267
0.8991135
0.8920667
0.8951448
0.8923188
0.8931434
0.8914356
0.8909295
0.8882744
0.8876191
0.8881247
0.8930951
0.8930655
0.889458
0.8900161
0.8869821
0.8915326
0.8874919
0.8882925
0.8964226
0.8903539
0.888425
0.8933424
0.8922367
0.8910895
0.8882404
0.8937484
0.8955282
0.8887925
0.907195
0.8899503
0.8912016
0.9020007
0.8941647
0.8942273
0.8947179
0.8916406
0.8919558
0.8893265
0.8965517
0.8886235
0.8973873
0.8920694
0.9044436
0.9034671
0.8970749
0.9021307
0.8947786
0.9057174
0.9013237
0.8914779
0.8895328
0.8905076
0.8930746
0.8956034
0.8943318
0.8969622
0.8941718
0.8891337
0.8715926
0.91638
0.8971542
0.8936254
0.8944464
0.917502
0.9039228
0.9052024
0.8973806
0.9052366
0.9007859
0.9104886
0.9060358
0.90895
0.908836
0.9051296
0.9068299
0.911642
0.9081536
0.9058195
0.9091226
0.9128577
0.9102511
0.909401
0.9043292
0.9134692
0.9107763
0.9090845
0.90705
0.9072741
0.9113316
0.9102743
0.9161791
0.9085269
0.9033856
0.9053163
0.8997226
0.9059666
0.9037027
0.905268
0.904893
0.9096842
0.9082153
0.9053263
0.903297
0.9068744
0.9038966
0.9032962
0.9074048
0.9044115
0.9017112
0.90519
0.901052
0.9043284
0.9081564
0.9038048
0.9028618
0.9056931
0.8987346
0.907811
0.9088794
0.9039833
0.9019475
0.9113283
0.905262
0.9058564
0.9027251
0.9074829
0.9074831
0.9060021
0.9112465
0.907479
0.9096518
0.9056026
0.9020364
0.9033892
0.9071007
0.9048919
0.9060001
0.9069453
0.9107609
0.9056557
0.9067304
0.9048173
0.9109477
0.9096547
0.9109114
0.9170518
0.8989946
0.9118376
0.907443
0.9074753
0.9028828
0.9021843
0.9040454
0.9126538
0.9065295
0.9071011
0.9033695
0.9012425
0.8902114
0.9251811
0.9102111
0.9077271
0.9079106
0.928579
0.9117886
0.9131937
0.9143504
0.9093981
0.9092063
0.928315
0.8822061
0.8861516
0.8858108
0.8889526
0.8811334
0.8915489
0.8922864
0.8894684
0.8932734
0.897672
0.8950844
0.8926802
0.8844406
0.889801
0.8939656
0.8911865
0.8895106
0.8889917
0.8929547
0.8912141
0.9027508
0.883689
0.8859611
0.8803397
0.8791408
0.8797047
0.8780134
0.8820086
0.8834409
0.8846707
0.885326
0.8803214
0.8818268
0.88454
0.8786977
0.881042
0.8844431
0.8793403
0.8839067
0.8788065
0.8809541
0.8828317
0.8793022
0.8851652
0.8768182
0.8830526
0.8759811
0.8725677
0.8893441
0.8819223
0.8811795
0.8870248
0.8793531
0.8830356
0.8770026
0.8990698
0.8868915
0.881843
0.8981017
0.8823401
0.8833927
0.8920811
0.8804233
0.8819586
0.8855898
0.8818923
0.8818182
0.8804288
0.8930879
0.8785187
0.8922961
0.8815339
0.8969332
0.8969186
0.8947536
0.9000071
0.8802443
0.8977994
0.8842037
0.8790811
0.882904
0.8807751
0.8823339
0.8855009
0.8846832
0.883962
0.8836656
0.8776211
0.8524468
0.9138404
0.8892542
0.8846752
0.8847838
0.9140307
0.8976271
0.8984444
0.8956547
0.8948559
0.8945145
0.9122074
0.8778276
0.8767263
0.8715366
0.8816356
0.8802907
0.8820546
0.8847878
0.8876364
0.8850863
0.8954329
0.8877755
0.8894982
0.8835848
0.8919765
0.8902079
0.8876529
0.8913757
0.8880792
0.8886984
0.8865862
0.8981501
0.8814839
0.8714422
0.8675004
0.8715506
0.8677944
0.8769158
0.8803522
0.8785556
0.8803765
0.8869202
0.8736379
0.8798421
0.8779104
0.8767008
0.8762378
0.8778292
0.8764082
0.879887
0.8712376
0.8692489
0.8739437
0.8758832
0.8758358
0.8706136
0.8702494
0.8698409
0.8675685
0.8763406
0.8779829
0.872125
0.8810777
0.8691748
0.8739329
0.8745208
0.8931832
0.8789596
0.8724667
0.8942386
0.8797047
0.8734261
0.8857569
0.8832165
0.8774222
0.880401
0.8738003
0.8768568
0.8683529
0.8912252
0.8720304
0.8828386
0.8776103
0.8904608
0.8911055
0.8887342
0.8966123
0.8768772
0.8977495
0.8833465
0.8751231
0.8803753
0.871127
0.8770409
0.8826582
0.8805884
0.8820891
0.8815046
0.8687107
0.8412488
0.9132998
0.8832498
0.8735379
0.8731935
0.9114606
0.9006204
0.8956878
0.8933966
0.8924789
0.891027
0.906585
0.8778158
0.8760991
0.8728935
0.8818695
0.8840326
0.8817193
0.889802
0.8907
0.8914337
0.9011261
0.8929853
0.8913121
0.8902387
0.8937471
0.8919783
0.8894426
0.8923231
0.8893848
0.8933998
0.8891624
0.9043928
0.882449
0.8830797
0.8724057
0.8778718
0.8747582
0.8761665
0.8845425
0.8782998
0.87351
0.8812301
0.8747387
0.8771216
0.8794996
0.8754157
0.8822366
0.8851956
0.8709997
0.8775977
0.8735272
0.8818952
0.8731455
0.8712629
0.8778629
0.8726196
0.874035
0.8761307
0.8684259
0.8805775
0.8771923
0.8795128
0.8805802
0.8724095
0.8742085
0.8750046
0.8955353
0.8883241
0.8714106
0.9017694
0.8770663
0.874655
0.8950126
0.8920349
0.8781929
0.8764421
0.8802712
0.8772135
0.8742914
0.8920625
0.8756256
0.8869628
0.8740795
0.9007391
0.8970646
0.8937896
0.9007541
0.8878839
0.8986527
0.8897272
0.8761762
0.8827955
0.8782555
0.8729777
0.8736087
0.8810654
0.8879968
0.8803993
0.872153
0.85397
0.9141275
0.8859744
0.876779
0.8758606
0.9153301
0.9081091
0.9038584
0.8997369
0.8991338
0.9012077
0.8978907
0.8702161
0.8729926
0.8702047
0.8821294
0.8805027
0.8736347
0.8886266
0.890517
0.8878051
0.8996254
0.8907156
0.8880049
0.8849964
0.8951759
0.8897467
0.8907307
0.8913494
0.8872952
0.8946733
0.8863978
0.9054135
0.8824661
0.8802978
0.8744393
0.875265
0.8708626
0.8788815
0.8839091
0.8743068
0.8727478
0.8868108
0.8709476
0.8718053
0.8749082
0.8761731
0.8790506
0.8820686
0.8709358
0.8813136
0.8659764
0.8779553
0.8720487
0.8683834
0.8725615
0.8662575
0.8722383
0.8749589
0.8629143
0.877493
0.8734238
0.8708433
0.8756115
0.8631649
0.8673061
0.8669612
0.8894685
0.8852062
0.8651477
0.9027076
0.8713349
0.8698078
0.8898127
0.8875341
0.8727092
0.8754274
0.8748764
0.8733241
0.8647415
0.8934745
0.8751058
0.8795036
0.8741799
0.8982512
0.8938686
0.8902922
0.8973008
0.8906108
0.9005039
0.8887895
0.8646846
0.8789605
0.8787218
0.8782681
0.8777766
0.8784412
0.8861284
0.883375
0.8666593
0.8592038
0.9114962
0.8862713
0.868519
0.8673774
0.9112109
0.9114972
0.901773
0.8964508
0.9005472
0.9005148
0.8960932
0.8827261
0.8915606
0.8861386
0.887005
0.8825908
0.888353
0.8968257
0.8946299
0.9012202
0.9042965
0.899866
0.8977883
0.8953389
0.8972426
0.8982046
0.8953517
0.8979534
0.8926387
0.9002508
0.8983638
0.904314
0.8831606
0.8771285
0.8818271
0.8734274
0.8773684
0.8794612
0.8758937
0.8846473
0.8850728
0.8949682
0.8827531
0.8792032
0.8803856
0.8838406
0.876545
0.8820753
0.8836266
0.8773414
0.8812652
0.8761227
0.8801455
0.8862399
0.8879307
0.8788759
0.8775956
0.8778376
0.8746797
0.8881553
0.8883388
0.8840921
0.8936224
0.8826922
0.884415
0.8769808
0.8904318
0.8845654
0.8804857
0.8949894
0.8857039
0.8815126
0.8811682
0.8809027
0.8794537
0.881603
0.8828187
0.8885519
0.8833163
0.8861365
0.8769779
0.8851638
0.8855165
0.8894226
0.8910367
0.899392
0.9006783
0.8785452
0.9073872
0.893142
0.8784948
0.8843503
0.8788132
0.883174
0.8864302
0.8845224
0.8860107
0.8792058
0.8838167
0.8676672
0.9143092
0.8906983
0.8860902
0.8872474
0.9061632
0.889802
0.8887296
0.8939674
0.8990605
0.8881546
0.9165148
0.8853443
0.8866303
0.8797686
0.8851909
0.8856271
0.884299
0.8943477
0.8902692
0.8926997
0.8988303
0.8942052
0.893912
0.8898093
0.8943782
0.8956263
0.8963271
0.89027
0.8887184
0.8968144
0.8937039
0.9008478
0.8867822
0.8805819
0.8796693
0.8761311
0.877237
0.8793304
0.8856904
0.8848404
0.8850645
0.890838
0.8808717
0.8825845
0.8831093
0.8823337
0.8796684
0.8837413
0.8821205
0.8801376
0.88
0.880813
0.8795255
0.8798476
0.8822595
0.877318
0.8784856
0.8804356
0.8761929
0.8901495
0.8849458
0.883314
0.8848491
0.8789599
0.8812265
0.877797
0.8915462
0.8882126
0.8787135
0.895099
0.8826915
0.8828918
0.8878674
0.8844036
0.881452
0.8824109
0.8841479
0.8828567
0.8820844
0.886733
0.8791909
0.8889451
0.8826485
0.8960029
0.8953238
0.8919025
0.9023173
0.8871226
0.9050275
0.8891391
0.8758701
0.8861507
0.8812018
0.8850157
0.8866635
0.8829418
0.8872053
0.8870747
0.876151
0.8459858
0.913489
0.8942524
0.8819078
0.8818949
0.9148837
0.902666
0.9024148
0.8983851
0.896051
0.900889
0.9088599
0.8953714
0.898917
0.8940189
0.8993229
0.8975245
0.9014564
0.9106273
0.9054049
0.9104499
0.9074126
0.9051567
0.9010861
0.9001806
0.9063433
0.9055419
0.9028157
0.9054488
0.9061786
0.9129705
0.9074418
0.9100641
0.8984403
0.8984456
0.8937085
0.8922927
0.8900688
0.8952555
0.8950464
0.8975807
0.8984851
0.9009358
0.8926509
0.8950653
0.8964548
0.8955567
0.8958703
0.897598
0.8915602
0.8888609
0.8921178
0.8928057
0.8935726
0.8949989
0.8960543
0.8930122
0.8935069
0.8951917
0.8906673
0.8969039
0.8956731
0.893833
0.8975727
0.8934245
0.8967893
0.8906704
0.8981954
0.8954908
0.8921416
0.9104145
0.8961231
0.8968615
0.8994277
0.8972323
0.8968964
0.8928752
0.8967573
0.8966705
0.8949156
0.8990503
0.8951003
0.8995339
0.8943543
0.8999856
0.8964713
0.9078906
0.9099093
0.8935336
0.9124925
0.9015883
0.8933305
0.9003383
0.8960839
0.895988
0.8925049
0.8942487
0.9011704
0.8993363
0.8907938
0.8725497
0.9078858
0.9064354
0.8983422
0.8979357
0.9066797
0.9024364
0.8965542
0.8942374
0.9095048
0.8967138
0.9039151
0.8765541
0.8805376
0.8733422
0.8868847
0.8800191
0.8788314
0.8917844
0.8925311
0.8963723
0.8989479
0.8967345
0.8931325
0.8939269
0.8950223
0.8994045
0.8953234
0.893479
0.8921579
0.8967632
0.8939497
0.9025442
0.8866279
0.8821836
0.8763539
0.8817385
0.8800146
0.880438
0.8876437
0.8819116
0.8859099
0.8911898
0.8824822
0.8776698
0.8820703
0.8825182
0.8818199
0.8828269
0.876526
0.8786342
0.8740977
0.881766
0.8792428
0.8755862
0.8834567
0.8747571
0.8732845
0.8763011
0.8719445
0.8824431
0.8820067
0.8787957
0.8846014
0.8717274
0.8741629
0.8742955
0.8887148
0.8831708
0.8699253
0.8978154
0.8790999
0.8796671
0.8879222
0.8873765
0.8797377
0.8823508
0.8808713
0.8819833
0.8735377
0.8893693
0.8752959
0.8857226
0.8807182
0.8936504
0.8917041
0.8925747
0.8987046
0.8911184
0.9045199
0.8940115
0.8753989
0.8842942
0.8768758
0.8852144
0.8776079
0.8805655
0.8914298
0.8856697
0.8771296
0.8536898
0.9065471
0.8891613
0.8770356
0.8769808
0.9019779
0.8999567
0.8920173
0.8874075
0.899094
0.8924681
0.896221
0.8900408
0.8937511
0.8852329
0.8976147
0.8907394
0.8895161
0.9036005
0.9021655
0.9039321
0.9119329
0.9083837
0.9055165
0.9007194
0.9029642
0.9091004
0.9057126
0.9042535
0.899372
0.9058848
0.9017626
0.9095609
0.8979454
0.8897657
0.8860814
0.895355
0.8880109
0.8958452
0.8944166
0.8894164
0.8906172
0.8954329
0.8898536
0.8893083
0.889464
0.889946
0.891291
0.8976186
0.8865469
0.8947107
0.8882702
0.8911652
0.8953608
0.8919323
0.8922836
0.8909804
0.8845767
0.8921212
0.8842329
0.8877624
0.8912857
0.8892075
0.8924827
0.8879354
0.8903878
0.887664
0.9017727
0.8982288
0.8870927
0.91378
0.8905285
0.8901004
0.9033073
0.897335
0.8912903
0.8917433
0.8924078
0.8905026
0.8882682
0.8999964
0.8890891
0.892213
0.8897523
0.9031637
0.901695
0.9067206
0.9099023
0.8978319
0.9116305
0.9069808
0.8889961
0.8897918
0.8925799
0.8931625
0.8885625
0.8903182
0.8945706
0.8938236
0.8805353
0.8743116
0.9187941
0.8999472
0.8904218
0.8906883
0.9129228
0.9118476
0.9099096
0.9058769
0.9075665
0.9064274
0.9031872
0.8889127
0.8896227
0.8842539
0.8887107
0.8886494
0.8927996
0.8934744
0.8920585
0.8961605
0.9017018
0.8986806
0.8929275
0.890893
0.9005144
0.8973013
0.8946569
0.8980554
0.8948517
0.8975529
0.8948219
0.9053974
0.8908429
0.8868505
0.8871826
0.8822175
0.8842101
0.8855834
0.8926129
0.8868201
0.8918996
0.8947051
0.8844395
0.887254
0.8874501
0.8847493
0.8862617
0.8898894
0.8826129
0.8886237
0.8839174
0.8824863
0.8889366
0.8894238
0.8884378
0.8803969
0.8857256
0.8829126
0.8796661
0.8926612
0.8856127
0.8851599
0.8898133
0.8824871
0.886007
0.8831738
0.8941689
0.8907452
0.8822443
0.9029076
0.8903913
0.8860791
0.8918599
0.8880121
0.8848627
0.892797
0.8829354
0.8843459
0.882338
0.8920319
0.8812994
0.8894941
0.889775
0.8971989
0.898355
0.9004062
0.9022726
0.8881748
0.9082851
0.8932858
0.8854779
0.8848121
0.8826252
0.8961154
0.8933381
0.8882431
0.8918381
0.8879566
0.879189
0.8617476
0.9187066
0.8896427
0.8869381
0.8860459
0.9159226
0.904406
0.899317
0.9029216
0.9
0.8989079
0.9172107
0.8871372
0.8914214
0.8853549
0.8906256
0.8960074
0.8919849
0.8992063
0.8989885
0.8967638
0.903032
0.8983567
0.893998
0.8950171
0.89919
0.8997518
0.9015149
0.9002459
0.8975512
0.9019738
0.9001436
0.9018849
0.8908208
0.8902013
0.8872369
0.8855184
0.8866979
0.8929347
0.8916389
0.8925776
0.8947462
0.8959005
0.8871791
0.8886691
0.8900223
0.8892705
0.8873626
0.8915446
0.8861885
0.8878461
0.8855661
0.8853878
0.8871598
0.8892419
0.8871048
0.8871325
0.8884911
0.8899443
0.8845558
0.8918504
0.8861064
0.8878525
0.8920471
0.8875748
0.8869048
0.8855705
0.895808
0.8920266
0.8834684
0.9024382
0.8912045
0.8883004
0.8973048
0.893891
0.8865261
0.8877073
0.8869977
0.8904227
0.8868646
0.8963504
0.8854747
0.8943873
0.8925931
0.9023764
0.8982221
0.8998527
0.9038502
0.8925126
0.9046434
0.8980159
0.8869276
0.8899893
0.8871522
0.8925327
0.8961912
0.891384
0.9015827
0.8915761
0.8816328
0.8625797
0.9163016
0.8910388
0.8890284
0.8889766
0.9159989
0.9035016
0.8970095
0.8976882
0.9022157
0.8981889
0.9122587
0.9051103
0.9078873
0.9035389
0.90393
0.9058266
0.9107054
0.9130511
0.9126166
0.9138177
0.9142171
0.9164786
0.9157489
0.9102025
0.9131648
0.9133398
0.9092955
0.9104708
0.9110676
0.9148869
0.9137523
0.9115458
0.9013894
0.902758
0.9001388
0.8947312
0.901224
0.9037389
0.902019
0.9055548
0.9067401
0.9117264
0.9049791
0.9052106
0.9061051
0.9064618
0.904
0.9065574
0.9046063
0.8995127
0.8984077
0.8973
0.9014371
0.9061227
0.9068601
0.9025439
0.9025424
0.9001248
0.9041272
0.904244
0.9065132
0.9033074
0.9074999
0.9053441
0.904532
0.9016535
0.9046888
0.9029944
0.9031484
0.9130872
0.9024896
0.9064419
0.9014853
0.9062645
0.905659
0.9059408
0.905089
0.9055015
0.9025299
0.9092037
0.9009446
0.9067402
0.9041596
0.9018881
0.905222
0.9122311
0.9114778
0.8972627
0.9165794
0.9078009
0.9061326
0.9040043
0.9027995
0.9047417
0.9053084
0.9028527
0.9075755
0.905425
0.8981485
0.8798479
0.9194676
0.9124136
0.9084777
0.9087779
0.919406
0.9036523
0.9029645
0.9077984
0.9154116
0.9007781
0.9224739
0.9100833
0.9128008
0.9067994
0.914156
0.9090326
0.9088996
0.9199234
0.9178533
0.9233992
0.9263914
0.9195586
0.9213791
0.919858
0.9220473
0.9259846
0.9238768
0.918736
0.9196078
0.9227062
0.9174468
0.9207247
0.9134551
0.9142484
0.9123946
0.9158407
0.9107787
0.9141396
0.9155234
0.9123606
0.9149355
0.9177044
0.9096214
0.9051777
0.9093502
0.9102319
0.9064025
0.9102413
0.9095807
0.9133772
0.9091488
0.9101973
0.9109339
0.9106947
0.9110719
0.9114997
0.9086197
0.9128223
0.9100117
0.9096873
0.9109842
0.9103561
0.9124947
0.9072305
0.9090357
0.9094715
0.9136328
0.9140168
0.9045262
0.9214786
0.9060199
0.904058
0.9132864
0.9157906
0.9109748
0.9070059
0.9067332
0.9104388
0.9073577
0.9107301
0.9086423
0.9160273
0.9143058
0.9181143
0.914545
0.9238231
0.9172159
0.9173568
0.9271675
0.9221975
0.9120953
0.9183029
0.9171851
0.9139864
0.9141343
0.9142847
0.9190695
0.9146853
0.9047295
0.9109211
0.8837218
0.919694
0.9107022
0.909802
0.8730123
0.9173478
0.9137138
0.904673
0.9240349
0.9161698
0.9081835
0.9111808
0.914373
0.9065114
0.9104096
0.9103648
0.9118711
0.9233536
0.9204609
0.9249191
0.9219737
0.9195543
0.9201816
0.9162096
0.9236373
0.9230716
0.9220142
0.9151462
0.919566
0.9279239
0.9218101
0.9190568
0.9133326
0.9131284
0.9121106
0.9112886
0.9120324
0.9112392
0.9069491
0.9127331
0.9168933
0.9191
0.9108376
0.9091235
0.9057426
0.9093085
0.9059529
0.9077367
0.910559
0.9134087
0.9085696
0.913429
0.909393
0.912257
0.911436
0.9135281
0.9106442
0.9086204
0.9116565
0.9128377
0.9125923
0.907126
0.9157234
0.911143
0.9096266
0.9044259
0.9101627
0.909525
0.9046175
0.9143207
0.9067501
0.9058454
0.9078014
0.9105802
0.9078535
0.9100183
0.9097314
0.9107232
0.90994
0.9104718
0.9077383
0.9113494
0.9133426
0.9082215
0.905402
0.923584
0.918117
0.911534
0.9235698
0.9183516
0.9144744
0.9141895
0.9140911
0.9141371
0.9126625
0.9135137
0.9160419
0.9170676
0.9130933
0.9064256
0.8935842
0.9179404
0.9125437
0.9121848
0.8841042
0.906658
0.9020259
0.9050821
0.9266386
0.9056874
0.9074411
0.898065
0.902254
0.8898527
0.9052139
0.8959819
0.8980223
0.9186924
0.9181301
0.92079
0.9206223
0.9155483
0.9115974
0.9113166
0.9181199
0.919179
0.9152554
0.9121572
0.9142658
0.9232313
0.9174975
0.9193762
0.9056041
0.9048245
0.9055567
0.9056859
0.9017724
0.8995577
0.8993392
0.9010394
0.9035277
0.9067308
0.8975906
0.8955106
0.8952281
0.8960783
0.8929141
0.8947311
0.8963332
0.9077548
0.8995834
0.90495
0.8985295
0.9051183
0.9040771
0.9039097
0.8966073
0.8949217
0.8912785
0.8982117
0.8996314
0.8943583
0.9033452
0.8919506
0.8955213
0.8940963
0.8947861
0.8977857
0.8905848
0.9167445
0.889975
0.8946361
0.8994317
0.897079
0.8936709
0.8955612
0.8996851
0.8990448
0.8972326
0.8972777
0.8921455
0.9061999
0.89736
0.8996321
0.9002607
0.9196404
0.905759
0.9085414
0.9250797
0.9165272
0.9002069
0.9034627
0.9078491
0.9036588
0.8999142
0.901997
0.9103536
0.9064371
0.8974728
0.9015711
0.8841696
0.9115054
0.8954559
0.8954446
0.8730719
0.9050646
0.8972279
0.896163
0.9188467
0.8964033
0.9000534
0.9082532
0.9127351
0.9011422
0.9066968
0.8978787
0.9096462
0.9183919
0.9128452
0.9186206
0.9131236
0.9195863
0.9131481
0.9147193
0.9152458
0.9174793
0.9143192
0.9150702
0.9125067
0.9219052
0.917713
0.9160891
0.9089438
0.9074853
0.9144979
0.9030285
0.9099422
0.9035088
0.8987517
0.9064187
0.9127299
0.9128354
0.9044115
0.9035716
0.8989674
0.9050525
0.8931123
0.8964176
0.9103706
0.9047174
0.9080926
0.8997639
0.9093134
0.9097399
0.9090323
0.9090713
0.9058959
0.9053869
0.9109663
0.910831
0.9068029
0.9018754
0.9132428
0.9043029
0.907056
0.8958563
0.8987199
0.9021174
0.9032258
0.9124775
0.9007175
0.9047844
0.8975147
0.8930843
0.9005039
0.9021973
0.9058704
0.9111622
0.9052689
0.8954494
0.8971202
0.9049757
0.9043315
0.8981988
0.9010874
0.9194697
0.9102025
0.8927716
0.9243887
0.9141143
0.9072028
0.9081058
0.9107757
0.9124648
0.9134643
0.9084745
0.9093287
0.9084869
0.9025154
0.9094494
0.912238
0.9138778
0.9096251
0.9105972
0.9072901
0.8869177
0.8864234
0.8930399
0.9138023
0.8881101
0.9221722
0.8932215
0.8978537
0.8924833
0.9069693
0.9005979
0.8950476
0.9146324
0.9096049
0.9144477
0.9198318
0.9117512
0.9136893
0.9094841
0.9153556
0.9161347
0.913627
0.9109142
0.9167604
0.9156427
0.9114304
0.9163102
0.8970918
0.9048934
0.8991282
0.9072945
0.9024013
0.9023013
0.9034894
0.8988501
0.902836
0.9051369
0.893648
0.8901453
0.8933406
0.899563
0.897986
0.9031977
0.8943113
0.9035877
0.8951438
0.9054535
0.8972957
0.8949711
0.9009514
0.8942872
0.8943874
0.8991918
0.8911624
0.8966553
0.896693
0.8945571
0.900631
0.891598
0.8917316
0.8902726
0.9021055
0.8985753
0.8881381
0.9185227
0.8914267
0.8877746
0.905927
0.9052064
0.8982125
0.8915694
0.8950236
0.89317
0.891407
0.9031118
0.8923223
0.8999891
0.8971113
0.9087557
0.9081234
0.9173551
0.9079957
0.9055646
0.9205165
0.9130788
0.8989174
0.9059493
0.9075591
0.8995006
0.8992954
0.9022726
0.9139621
0.9056218
0.8962189
0.8986914
0.9056432
0.9111411
0.8949033
0.8962161
0.8977289
0.9171367
0.9059512
0.8953331
0.9178452
0.9075874
0.8461132
0.9148831
0.9173815
0.9053095
0.9138052
0.9084073
0.914622
0.9218246
0.9210123
0.9246881
0.9262646
0.9219404
0.9187463
0.9185678
0.9222215
0.9236715
0.9200725
0.9174808
0.9219568
0.9247051
0.922832
0.9225546
0.9101402
0.9158458
0.9179207
0.9124593
0.9161363
0.9128686
0.9093727
0.9135428
0.9161462
0.9174672
0.9080259
0.9103978
0.9112857
0.9133077
0.9095298
0.908717
0.9094999
0.9175984
0.9167252
0.9106953
0.9110064
0.9157465
0.9147763
0.9137573
0.9081908
0.9113946
0.9105108
0.9119966
0.9109409
0.9101199
0.9171562
0.9090617
0.909694
0.9077496
0.9137032
0.9107484
0.9052326
0.9212805
0.9078915
0.9111634
0.910452
0.9123082
0.9086753
0.9107817
0.9103392
0.9135536
0.9094217
0.9104165
0.9091071
0.9138316
0.9133052
0.9118078
0.9084522
0.9248513
0.9152202
0.9132171
0.9276712
0.9189942
0.9144287
0.9153668
0.9179361
0.915237
0.917948
0.9144686
0.9186804
0.9184468
0.9114329
0.9137398
0.886601
0.9203991
0.9108524
0.9120014
0.8760067
0.9094729
0.9078432
0.9040437
0.926396
0.9097808
0.9143631
0.9139482
0.9158017
0.9072552
0.9183152
0.9098702
0.9152975
0.9221405
0.9212176
0.9247401
0.9267595
0.9204266
0.9198891
0.9200904
0.927326
0.9243176
0.9216689
0.9175006
0.9208518
0.9266492
0.9220653
0.9279061
0.913318
0.9186042
0.9193419
0.9127901
0.9152805
0.9144989
0.9112201
0.9157033
0.9146449
0.918283
0.9121557
0.9097249
0.9094889
0.9120246
0.9068993
0.9096396
0.911798
0.9206427
0.9153382
0.9154825
0.9130312
0.9177832
0.9166229
0.9144295
0.9121908
0.9121872
0.9134265
0.9123662
0.9145037
0.9108402
0.9151169
0.9090098
0.9096029
0.9131054
0.9139568
0.9119639
0.9071778
0.9224862
0.9084239
0.9104898
0.9107874
0.9103158
0.9085847
0.9132829
0.9117918
0.9109223
0.9101856
0.911522
0.910727
0.9157337
0.9150834
0.9131891
0.9115661
0.9241596
0.9183308
0.9146324
0.9293512
0.9205533
0.9149857
0.9142827
0.9170441
0.9191238
0.9157565
0.9163567
0.920626
0.920887
0.915199
0.915725
0.8931275
0.9224828
0.9104907
0.9097461
0.8781373
0.9122085
0.9092926
0.9047414
0.9253355
0.9135026
0.9149571
0.9136351
0.9157935
0.9074094
0.9173962
0.9103698
0.918237
0.9212306
0.921168
0.9233879
0.9262258
0.9200789
0.9192794
0.919779
0.9267183
0.9246738
0.9205305
0.9176798
0.9200541
0.9244084
0.92209
0.9275553
0.912238
0.9166199
0.9202377
0.9147377
0.9168334
0.9154454
0.9118336
0.9153144
0.9161207
0.9179703
0.9131127
0.9089065
0.9098731
0.9134775
0.9108353
0.9108798
0.9120231
0.9198771
0.9143399
0.9159329
0.9117574
0.9164824
0.915969
0.9136584
0.9128379
0.911337
0.9126128
0.9126676
0.9156062
0.9104113
0.9167106
0.9106374
0.9089386
0.9130605
0.9141806
0.9128015
0.9065123
0.9220283
0.9083434
0.9110668
0.9121379
0.9119781
0.9072176
0.9121566
0.9092392
0.9117262
0.9098323
0.9117481
0.9101015
0.9135401
0.9162928
0.9149602
0.9111378
0.923327
0.9178265
0.914625
0.9291855
0.9199416
0.9141761
0.9162168
0.916883
0.9190755
0.9158247
0.9168798
0.9206144
0.9200448
0.9159206
0.915256
0.8938204
0.9237047
0.9096747
0.9089683
0.8785727
0.9144748
0.9092892
0.9063484
0.9269485
0.9136495
0.9158249
0.8635541
0.8716877
0.8661099
0.8730924
0.8690305
0.8709094
0.8833789
0.8804312
0.8877525
0.8906757
0.8851866
0.8840876
0.8799524
0.8873028
0.8870012
0.8820683
0.8808587
0.8829237
0.8888174
0.8808573
0.9009806
0.8676454
0.8649744
0.8610732
0.8659512
0.863046
0.86268
0.8701318
0.8682916
0.8721058
0.8725254
0.8667899
0.8630641
0.8646193
0.8669172
0.864882
0.8642338
0.86206
0.8627104
0.8605029
0.8678481
0.8641469
0.8648131
0.8642897
0.8603594
0.8543172
0.8596452
0.8618272
0.868721
0.8656176
0.8696532
0.8736137
0.859909
0.8620471
0.8581913
0.8810185
0.8778445
0.859909
0.8902417
0.8678031
0.8673091
0.8722226
0.8719066
0.8685088
0.8675708
0.867257
0.8701934
0.8639506
0.8796979
0.8561636
0.8730205
0.8642552
0.8840829
0.8826885
0.8870627
0.8958296
0.8720388
0.893902
0.8767103
0.8550288
0.8643388
0.864825
0.867646
0.8684211
0.8719842
0.8700491
0.8698904
0.8657469
0.8686644
0.9106426
0.8790349
0.8639242
0.8659249
0.9047567
0.8999641
0.89396
0.8942848
0.8864198
0.8925882
0.9074205
0.9009798
0.9035157
0.895457
0.9089108
0.9022359
0.8959913
0.9176089
0.9167368
0.9221536
0.923703
0.9142648
0.9166318
0.9173534
0.9177147
0.9191909
0.916436
0.9139442
0.9166143
0.9181505
0.9178821
0.9200308
0.9031614
0.9078714
0.9013587
0.9067549
0.9022503
0.9050025
0.9073657
0.9021425
0.9044355
0.9089944
0.8984209
0.8970169
0.8993953
0.9023832
0.9011294
0.9070527
0.8952966
0.9083186
0.902016
0.9046922
0.9048146
0.9012275
0.9058002
0.9028292
0.8959681
0.9022876
0.8960127
0.8994736
0.903763
0.8965356
0.9008081
0.8951826
0.897747
0.9027307
0.9029795
0.9088009
0.8946625
0.9197855
0.8964024
0.8972618
0.912337
0.9122544
0.9014257
0.900407
0.9001219
0.899046
0.8971098
0.9115977
0.9021379
0.9068432
0.9030456
0.9124142
0.9087421
0.9177328
0.9124814
0.9122713
0.9248444
0.9196292
0.9028392
0.9085599
0.9079881
0.9053426
0.9020021
0.9034117
0.9147543
0.9060291
0.9016323
0.9005903
0.903368
0.9145566
0.9025281
0.9043226
0.8943482
0.9148717
0.907552
0.8995053
0.9202848
0.9077843
0.8368925
0.8969154
0.9022559
0.8911239
0.9121605
0.9016731
0.8948996
0.9192146
0.920246
0.922043
0.922363
0.9180167
0.9160297
0.9156872
0.9231628
0.9207196
0.9188419
0.9173699
0.9214665
0.9230742
0.9190315
0.9215369
0.9033567
0.909535
0.9044518
0.9100939
0.9005858
0.9025764
0.9067617
0.9033934
0.9038152
0.9085631
0.8955105
0.8951311
0.8959302
0.8991309
0.8995163
0.9038308
0.8981932
0.9121468
0.9030294
0.9074074
0.9013537
0.9011348
0.9067902
0.9028256
0.8977941
0.9053076
0.8961255
0.8992899
0.898457
0.897968
0.9037502
0.8895072
0.8940134
0.8971687
0.9049917
0.9052816
0.8914958
0.9245643
0.8926177
0.8927542
0.9107919
0.9044487
0.8994991
0.8973502
0.8989884
0.8969482
0.895825
0.9075919
0.8992991
0.9087455
0.9048862
0.9136822
0.9028931
0.9238603
0.9142796
0.9109959
0.9241109
0.9193503
0.9027174
0.9097961
0.9121328
0.9030067
0.9032165
0.9019179
0.915478
0.9104084
0.9046726
0.8982177
0.9102638
0.9131281
0.9006209
0.9006101
0.8953463
0.9193812
0.9121043
0.8988
0.9200112
0.9085543
0.8369338
0.8998663
0.9087261
0.8936971
0.8988885
0.8880254
0.9031501
0.9181289
0.907421
0.9172299
0.9105585
0.914387
0.9094776
0.907423
0.9123457
0.916375
0.9113781
0.9075815
0.907256
0.919197
0.91351
0.9143461
0.8989929
0.9067487
0.9144549
0.8973108
0.9051221
0.8928825
0.8869158
0.9064618
0.9089742
0.9100411
0.8902343
0.8968138
0.8880251
0.8987092
0.8819024
0.8801312
0.9084211
0.8978979
0.9050374
0.8939281
0.9018997
0.9130562
0.9104959
0.90479
0.9012579
0.8997588
0.9028268
0.9062338
0.8943451
0.8979607
0.9068738
0.896236
0.8974474
0.8875199
0.8814447
0.8885684
0.8971465
0.9074947
0.8891025
0.8946221
0.8760605
0.8731503
0.8834074
0.891297
0.8954331
0.9011699
0.8986446
0.8825709
0.8875852
0.8993103
0.9030305
0.8750863
0.886913
0.9144909
0.9001301
0.8791469
0.9204924
0.9045891
0.902532
0.9000259
0.9117216
0.9091442
0.9075407
0.9043809
0.9030817
0.8984523
0.9084066
0.9112599
0.9100298
0.9083281
0.9010641
0.9012575
0.8926101
0.8753483
0.8737717
0.887175
0.9083227
0.8786007
0.9230156
0.9050146
0.9077754
0.898798
0.9127042
0.9024273
0.9049278
0.9228477
0.9159929
0.92338
0.9263214
0.9166067
0.9169815
0.9171029
0.9210526
0.9199728
0.9199494
0.916757
0.9202344
0.9254767
0.9176894
0.9214306
0.9095778
0.9122807
0.9083214
0.9083826
0.9090776
0.9073353
0.9044513
0.9091642
0.9100208
0.9136216
0.9008537
0.8992479
0.9005541
0.903389
0.8968786
0.9001046
0.9079924
0.9127297
0.9079087
0.9101124
0.9064629
0.9058642
0.9117722
0.9088277
0.900074
0.9072775
0.9025736
0.9053671
0.9031542
0.9058949
0.9076143
0.8972797
0.8979912
0.8985486
0.9051849
0.9094106
0.8947191
0.9205073
0.898204
0.8999963
0.9054896
0.9098503
0.8970313
0.9022131
0.9013004
0.9020601
0.9002906
0.9027639
0.8991713
0.9079951
0.9075621
0.9072169
0.9083894
0.9214222
0.9126566
0.9090538
0.9234174
0.9195344
0.9046251
0.9135726
0.9123192
0.9105071
0.9094014
0.9059748
0.9187425
0.9111851
0.9045323
0.911704
0.8819942
0.9154695
0.9030539
0.9030431
0.8673616
0.9101699
0.9077991
0.9010407
0.9220318
0.9095651
0.905061
0.9038386
0.9107705
0.8915308
0.9097141
0.8984417
0.9016623
0.9173701
0.9136817
0.9228104
0.9204735
0.9173128
0.9159412
0.9162068
0.9190571
0.9205997
0.9188472
0.91363
0.9136484
0.9230876
0.9178697
0.9150146
0.9039407
0.9092583
0.9150449
0.9058162
0.9087817
0.9017189
0.9008443
0.9042489
0.9116932
0.911144
0.9000825
0.9016905
0.8976908
0.9040642
0.8948323
0.8968848
0.90505
0.9094314
0.9088497
0.9091232
0.9028561
0.9088141
0.9090427
0.910778
0.9019643
0.9026773
0.9045323
0.9060899
0.9007377
0.8987551
0.911696
0.89726
0.8953173
0.8932462
0.8957372
0.9030443
0.8977375
0.9126305
0.8933724
0.8973035
0.8989185
0.8963997
0.8995639
0.9008815
0.9012244
0.9072315
0.9008419
0.8965232
0.8952626
0.9041816
0.904718
0.9025295
0.8973458
0.9196773
0.9086486
0.9031759
0.9236681
0.9145497
0.9056456
0.9116724
0.9110318
0.9114704
0.9070379
0.9080675
0.9170293
0.9090458
0.9121059
0.9091039
0.871833
0.9126384
0.9045255
0.9050237
0.8587051
0.9015793
0.8943493
0.8877867
0.9199333
0.9005869
0.9071489
0.9034017
0.9105837
0.8913691
0.9100991
0.8948254
0.9040639
0.9199027
0.9154239
0.9230445
0.9238936
0.9165257
0.9149432
0.9117031
0.9210684
0.9223175
0.9197596
0.915214
0.9166078
0.9219634
0.9188428
0.9173847
0.9036636
0.9095212
0.9120054
0.9097701
0.9038489
0.9049334
0.9004841
0.9038579
0.9096892
0.9113906
0.9004724
0.9015017
0.8937752
0.9039073
0.8905155
0.8952545
0.9072695
0.9103586
0.9067581
0.9056862
0.9085644
0.9067587
0.9103544
0.907305
0.898832
0.9023439
0.9046189
0.9086335
0.9035595
0.8968442
0.9092541
0.9019515
0.8991569
0.8968804
0.8955905
0.8993415
0.8946674
0.9147268
0.8952179
0.8955213
0.9021806
0.900208
0.8978577
0.8992774
0.9035748
0.903917
0.9000802
0.8969496
0.8947851
0.9033111
0.9043732
0.9055869
0.901809
0.9202154
0.905164
0.9082229
0.9287417
0.9188579
0.9041679
0.9080645
0.9155853
0.9069642
0.9032456
0.9040337
0.9115462
0.9066801
0.9085913
0.9126284
0.8802151
0.9162586
0.9048101
0.904879
0.864343
0.9044166
0.897658
0.8961801
0.9220269
0.9030088
0.9038863
0.9068387
0.9136548
0.9010715
0.9127445
0.9050121
0.9097426
0.9216282
0.9214531
0.9219235
0.9219425
0.9193368
0.9153849
0.9156885
0.9198057
0.9199247
0.9172795
0.9149303
0.9187052
0.9257624
0.9226429
0.9207737
0.9082277
0.9137607
0.9159741
0.9097136
0.9116236
0.9068647
0.9027522
0.9086441
0.9172105
0.9163606
0.9024996
0.905769
0.9020931
0.9073392
0.8971354
0.8998693
0.9098393
0.9084377
0.9116102
0.9082395
0.9093732
0.912196
0.9160254
0.9129262
0.9094185
0.9071985
0.909572
0.9102185
0.9053938
0.9058937
0.9118788
0.9008758
0.8995725
0.9002758
0.9001012
0.9034544
0.9025439
0.9122064
0.8947005
0.9050005
0.8971528
0.8994598
0.9008761
0.9028716
0.9079164
0.9113234
0.9049679
0.9019431
0.8988026
0.9097314
0.9117386
0.90127
0.9010175
0.9235889
0.9122726
0.9051372
0.9262412
0.9162333
0.9137949
0.913627
0.9152206
0.9169839
0.915457
0.9127198
0.9152111
0.911423
0.9124088
0.9113443
0.8827709
0.9149732
0.9072209
0.9067408
0.8739194
0.9021433
0.8994597
0.899942
0.921438
0.9057888
0.9170286
0.9111466
0.9122466
0.9022924
0.9149828
0.9022367
0.9091526
0.9217555
0.9176153
0.9246988
0.9189923
0.9191744
0.917505
0.9151617
0.9200542
0.922153
0.9209801
0.9140633
0.9170737
0.9276138
0.9231009
0.9159823
0.9068303
0.9076027
0.9108785
0.9056664
0.908404
0.905861
0.8994598
0.9070544
0.9155707
0.91388
0.9029599
0.9093731
0.9047977
0.9075385
0.9014074
0.9036717
0.9096392
0.9065792
0.9086659
0.9060606
0.9031336
0.9100598
0.9097077
0.9088976
0.9042386
0.9005221
0.9061797
0.911947
0.9087577
0.9072701
0.9113229
0.9057592
0.9035283
0.9017818
0.9001798
0.9058167
0.9038724
0.9141188
0.9067797
0.907095
0.9007818
0.9029461
0.9040707
0.9047482
0.9063994
0.9103434
0.9050233
0.8998457
0.9010704
0.9115463
0.9097598
0.9003506
0.9030933
0.9231837
0.9107105
0.904443
0.9226802
0.9162353
0.9060799
0.9106461
0.9100407
0.9110986
0.9121576
0.9096989
0.9137269
0.9073515
0.9069792
0.9062612
0.8666169
0.9193452
0.9079665
0.9090067
0.8594764
0.8985732
0.8927983
0.8939515
0.9198415
0.8992073
0.908434
0.9132762
0.9146031
0.908501
0.9205558
0.9080011
0.9112198
0.9256379
0.9259272
0.9268901
0.9272419
0.9210746
0.921773
0.9219055
0.925804
0.9244558
0.9224752
0.9197302
0.9222528
0.9312772
0.9236162
0.9237563
0.9119483
0.9197481
0.9183207
0.9175673
0.9151153
0.9137541
0.910646
0.9135462
0.9180639
0.9187023
0.9122851
0.9056996
0.9080855
0.9118054
0.904604
0.9097984
0.9125425
0.921524
0.9152118
0.9184589
0.9113875
0.9143786
0.9184433
0.9148741
0.9082134
0.9108493
0.9119761
0.913421
0.9123667
0.9094505
0.9156414
0.9068165
0.9085501
0.910551
0.9099447
0.9122844
0.9039444
0.9233613
0.9086552
0.9096377
0.9143672
0.9126567
0.907525
0.9108139
0.9126928
0.9116654
0.9089411
0.9104472
0.9090551
0.9139132
0.9169806
0.9099688
0.9094467
0.928354
0.9162657
0.9157414
0.9315121
0.9207523
0.9124734
0.9157973
0.9183745
0.9169245
0.9151708
0.9151263
0.9211671
0.9184299
0.9154955
0.9152518
0.8839164
0.9223135
0.9053875
0.9069427
0.869676
0.9133841
0.9111417
0.9080266
0.9298161
0.9132517
0.9094036
0.9035387
0.905726
0.8965367
0.9114406
0.9034261
0.9009051
0.921353
0.915038
0.9222521
0.9261334
0.9177319
0.9144473
0.9144046
0.9199048
0.9209278
0.9201533
0.9139489
0.9163709
0.9241103
0.9170408
0.9179068
0.9043893
0.9103647
0.9079812
0.9073749
0.9068445
0.9045127
0.9107739
0.910435
0.9077329
0.911292
0.8997106
0.8968211
0.900373
0.9036478
0.8934831
0.8977703
0.9057415
0.9137821
0.9069552
0.9065964
0.9042828
0.9049989
0.9120403
0.9052307
0.8983571
0.9008276
0.9051045
0.903804
0.9009272
0.8988504
0.9073696
0.8933995
0.8956284
0.8972143
0.9003655
0.9044684
0.8927528
0.9152969
0.897124
0.897669
0.9053776
0.9046965
0.8958569
0.897957
0.9005848
0.9011678
0.8987576
0.9031189
0.8975432
0.9027768
0.9082546
0.9063868
0.9027443
0.9171174
0.9086614
0.9057669
0.9235675
0.9141093
0.9078656
0.9108953
0.9085359
0.9074714
0.9078994
0.9076083
0.9177564
0.9087892
0.9036933
0.908178
0.8789807
0.9143352
0.9006682
0.9013718
0.863022
0.9097404
0.9055258
0.9018832
0.9204084
0.9066882
0.9029599
0.9036304
0.9080627
0.8942248
0.9109114
0.906072
0.9022372
0.917427
0.9173887
0.921081
0.9191082
0.9142667
0.9144036
0.916375
0.9196824
0.9225333
0.9204951
0.913297
0.9151415
0.9199679
0.9186439
0.9160195
0.9090327
0.9108441
0.9082422
0.9064327
0.9062177
0.9074812
0.9088407
0.905135
0.9131202
0.9137615
0.9016417
0.9030543
0.900641
0.9077602
0.9019827
0.9052332
0.9065227
0.9121295
0.9066785
0.9085405
0.9035869
0.9038331
0.9083469
0.9063645
0.8995838
0.9063746
0.9005461
0.905185
0.9027265
0.9019685
0.9055702
0.8988654
0.9016937
0.9014451
0.9049685
0.9060364
0.8963132
0.9173958
0.89916
0.8997039
0.9071477
0.9096051
0.9035811
0.8993933
0.9021513
0.90508
0.8994331
0.9077905
0.8996604
0.9082765
0.9087847
0.9119069
0.9045255
0.9198146
0.9129818
0.9110227
0.9241141
0.9199037
0.9015666
0.9115629
0.9096069
0.9095508
0.9049643
0.9086073
0.9174286
0.9110166
0.9024434
0.9022713
0.8832615
0.9140625
0.900776
0.9017123
0.8752887
0.9139483
0.9084318
0.9032514
0.9239277
0.9117313
0.9013707
0.898754
0.9012642
0.888259
0.910156
0.895867
0.8977856
0.9185099
0.9157365
0.9222089
0.9226839
0.9199365
0.9207984
0.9141301
0.9191894
0.9217073
0.9172065
0.9129721
0.9163858
0.9247668
0.9208075
0.9194753
0.904843
0.9105568
0.9087406
0.9049656
0.9053043
0.8981508
0.9008189
0.9009434
0.906286
0.9080828
0.893985
0.8919267
0.8947736
0.8995848
0.8905642
0.8936524
0.8959839
0.9080634
0.9014528
0.9058026
0.9029458
0.9049031
0.9046726
0.8998075
0.8972703
0.9001309
0.8972783
0.8991841
0.8972953
0.8940094
0.9022584
0.8890081
0.8865895
0.8938622
0.8994185
0.9009872
0.8876084
0.9131142
0.889742
0.89131
0.8991014
0.8996956
0.8953026
0.8930757
0.8936693
0.8947985
0.8954378
0.8983565
0.8935896
0.8999744
0.9011089
0.9043819
0.8987462
0.9221077
0.905754
0.9081923
0.9298604
0.9169567
0.9020106
0.9039289
0.9096147
0.9054707
0.9043456
0.9024761
0.9136369
0.9072343
0.9052616
0.9098959
0.8725157
0.9142143
0.8953309
0.8961691
0.8594769
0.9086224
0.9045286
0.8998605
0.9211854
0.9089004
0.901413
0.9023133
0.9094487
0.9000546
0.9129259
0.8962391
0.906453
0.9173973
0.9152122
0.9192982
0.9200757
0.9134876
0.9110938
0.9124266
0.9198962
0.9178581
0.9142938
0.9099201
0.9125274
0.9233191
0.9174073
0.916248
0.9015466
0.9074499
0.9088473
0.9056143
0.9058701
0.9016346
0.8999129
0.9098246
0.9067639
0.9130481
0.8995033
0.9004898
0.8972054
0.9037658
0.8944766
0.8962681
0.9061378
0.907512
0.9046885
0.9024601
0.9042837
0.9038607
0.9075879
0.9027538
0.9001372
0.8937228
0.9039613
0.9047499
0.9007628
0.9033689
0.9107743
0.9007775
0.902224
0.8976044
0.8979214
0.9017886
0.8960044
0.9123454
0.8978731
0.898139
0.8961944
0.8950926
0.8954384
0.8998691
0.8997032
0.9047619
0.8997491
0.8974684
0.8966461
0.9074327
0.9084967
0.8953382
0.9018717
0.9188154
0.9070243
0.8999453
0.9225444
0.9140131
0.9035924
0.9090033
0.9111539
0.9092691
0.907907
0.9123207
0.9121583
0.9049225
0.9076873
0.9077922
0.8757476
0.9147007
0.9035588
0.9044579
0.8621213
0.900497
0.8968211
0.8960602
0.9206655
0.9031072
0.9079375
0.8824
0.8829274
0.8796463
0.8909339
0.886046
0.8832914
0.8978729
0.8933491
0.8981819
0.9043408
0.9001342
0.9009709
0.8948531
0.8975459
0.8960119
0.8955746
0.8958652
0.895689
0.9009481
0.8979274
0.9013999
0.887764
0.8829397
0.8823913
0.8836348
0.8791937
0.87831
0.8863529
0.8838018
0.8842303
0.8850101
0.8842163
0.8778788
0.8806249
0.8814454
0.880122
0.8858312
0.8789899
0.8831385
0.8743614
0.8825263
0.8857827
0.8807846
0.8788165
0.877968
0.8816254
0.8837673
0.877297
0.8843335
0.8842687
0.8784258
0.8834846
0.8746224
0.8806566
0.8789495
0.8903668
0.8894336
0.8733355
0.8984419
0.8810238
0.877233
0.8901486
0.8892042
0.880267
0.8811486
0.8809437
0.8832297
0.8791781
0.8937313
0.8766332
0.8853299
0.8816429
0.8949565
0.894682
0.8980207
0.8997314
0.8851433
0.9066276
0.893084
0.8797088
0.8808721
0.8862617
0.8761867
0.881533
0.8794594
0.8907823
0.8852388
0.875855
0.8632526
0.9058874
0.8882019
0.8845161
0.8840163
0.9023249
0.9018876
0.8985543
0.8947521
0.9008446
0.8990037
0.9010688
0.8760322
0.883537
0.8644458
0.8834702
0.8742508
0.883782
0.8933918
0.892714
0.8959103
0.9002298
0.894862
0.8948433
0.8909812
0.8944075
0.8961269
0.8954936
0.8893385
0.8915912
0.8984511
0.8936927
0.8971653
0.8792978
0.8840343
0.8797137
0.8785878
0.8747352
0.8745433
0.8767893
0.8804794
0.8811594
0.8831958
0.8726049
0.8731731
0.8730439
0.873209
0.8683175
0.8722358
0.8810718
0.8796138
0.879923
0.8753294
0.876827
0.8795667
0.8794298
0.8797252
0.8729385
0.8756573
0.8712288
0.8773723
0.8724709
0.8743997
0.8821072
0.8727588
0.8675092
0.8680898
0.8842623
0.8823849
0.8666123
0.8988269
0.8680766
0.8733869
0.8815756
0.8796684
0.8720411
0.8765854
0.8733485
0.8785855
0.8715657
0.8819245
0.8703197
0.8776623
0.8760653
0.8882604
0.8845359
0.8976269
0.8949412
0.8770915
0.9027468
0.8935958
0.8767283
0.879249
0.8828711
0.8825699
0.8809246
0.880885
0.886339
0.8838675
0.8752391
0.8616954
0.9082806
0.891707
0.8768808
0.877566
0.8993674
0.8936278
0.8878226
0.8897623
0.8984281
0.8878836
0.9014561
0.9222603
0.9204085
0.9249236
0.9210381
0.924818
0.9223817
0.9237903
0.9228866
0.9180891
0.9286661
0.9270093
0.923224
0.9254196
0.924288
0.9256727
0.9218868
0.9255421
0.9244696
0.920513
0.9230138
0.9275715
0.9216826
0.9214392
0.9160276
0.9190784
0.920267
0.9221896
0.9241473
0.9200816
0.9202306
0.9252346
0.9249541
0.9239738
0.9240085
0.920018
0.9248416
0.9259993
0.9190792
0.9214692
0.9180368
0.9244325
0.9209633
0.9150045
0.9216058
0.917184
0.9203285
0.9238917
0.9196385
0.920647
0.9206481
0.9196652
0.9214214
0.9215468
0.9247013
0.9222288
0.9291852
0.9228858
0.9205691
0.9315988
0.9233172
0.9209481
0.930149
0.9300782
0.9237671
0.9254104
0.9213775
0.9193252
0.9214798
0.9302814
0.9221254
0.9241343
0.9222257
0.9333402
0.929227
0.9209173
0.9277154
0.9254412
0.9259564
0.9263144
0.9194582
0.9220399
0.9159287
0.9191121
0.9190587
0.9214631
0.920522
0.9211154
0.9151201
0.9125566
0.9390189
0.9220609
0.92147
0.9221351
0.935748
0.9354662
0.9290717
0.9298525
0.9233423
0.9310167
0.9265453
0.8999859
0.8966664
0.894562
0.902612
0.899077
0.8975672
0.9068247
0.9025005
0.9013151
0.9124896
0.9064591
0.9048859
0.9024407
0.902377
0.9034969
0.9031242
0.9035467
0.9040457
0.9036506
0.9040448
0.9144748
0.9021418
0.900208
0.8945636
0.9000106
0.8976723
0.8986234
0.9039706
0.8995101
0.897529
0.9036964
0.8989007
0.8975572
0.8973183
0.8970146
0.8959562
0.9013478
0.8971873
0.9012897
0.8932682
0.8995828
0.8970171
0.8932927
0.8965651
0.8933281
0.8957388
0.8952459
0.8927922
0.9001306
0.8951725
0.8987996
0.8990002
0.8947256
0.8984734
0.9000641
0.9102118
0.9061854
0.8963021
0.9109269
0.9012508
0.8957939
0.9085908
0.9030496
0.9004584
0.8969425
0.899292
0.8946696
0.8962345
0.91242
0.8986968
0.8985214
0.8993627
0.912196
0.9134864
0.904563
0.914199
0.90538
0.90996
0.9018731
0.8971639
0.9027241
0.9027631
0.8980921
0.8980784
0.8980571
0.9032733
0.9031306
0.8924881
0.8813523
0.925371
0.8978156
0.9001911
0.9009586
0.9284841
0.9167831
0.9143283
0.9170872
0.9070824
0.9146762
0.9225704
0.888274
0.884925
0.8859563
0.8931007
0.8975422
0.8885415
0.9012503
0.8983359
0.8969116
0.9069457
0.8994554
0.9032395
0.8975435
0.9025114
0.9008996
0.9007748
0.8989056
0.8961399
0.9014752
0.8978695
0.9054686
0.8916288
0.888319
0.8866445
0.8843374
0.884444
0.8885679
0.8964559
0.8908894
0.8878636
0.8946953
0.8895697
0.8882507
0.892073
0.8844227
0.8951645
0.8953379
0.8864303
0.890304
0.8784241
0.8876409
0.8891019
0.8856564
0.8835317
0.8839561
0.8899205
0.8862056
0.8810775
0.8868123
0.8846475
0.8868609
0.8916288
0.8815987
0.8863437
0.8883699
0.9006287
0.8943154
0.8844594
0.9075551
0.8921807
0.8843821
0.9020214
0.8988813
0.8867326
0.8934474
0.8874098
0.8880156
0.884309
0.9046922
0.8846112
0.8932751
0.8888689
0.9121158
0.9049045
0.9012385
0.9089003
0.8969528
0.8993773
0.8993894
0.8872975
0.8871847
0.8837732
0.8866496
0.8900332
0.8905204
0.891955
0.8923099
0.8779288
0.8555909
0.9205435
0.8945787
0.8901441
0.889529
0.9218705
0.9097779
0.9057866
0.9024917
0.9024959
0.9045631
0.9114501
0.8826016
0.8808899
0.8824738
0.885855
0.8851184
0.8858207
0.8977172
0.8907509
0.8967726
0.901799
0.8967024
0.8958993
0.8921154
0.8960937
0.8975741
0.8939861
0.8927369
0.8930804
0.8993961
0.8898432
0.9034036
0.8838919
0.8878748
0.8765076
0.8793097
0.8788963
0.8829884
0.8870526
0.8860291
0.8835455
0.8904836
0.8828325
0.8816479
0.8826674
0.8787812
0.8850444
0.8912433
0.8778713
0.879968
0.8745838
0.8814636
0.8809889
0.8784903
0.8789677
0.874913
0.8803141
0.8781798
0.874678
0.881529
0.8787546
0.8823852
0.8849062
0.8785346
0.8802794
0.8806718
0.8967623
0.8871581
0.8777909
0.9069833
0.8826975
0.8843308
0.8926702
0.8943851
0.8812874
0.8851559
0.8834282
0.8840031
0.8767285
0.8990142
0.8802104
0.8877287
0.8848412
0.9013855
0.8992387
0.8977087
0.9035179
0.8938781
0.8992831
0.8932699
0.8799037
0.8836273
0.8778492
0.8808616
0.8797295
0.8828678
0.8902034
0.8853256
0.8667237
0.8430881
0.9184942
0.8836687
0.8812964
0.8810378
0.9146556
0.9070134
0.9060184
0.9008963
0.9003864
0.9003913
0.9041325
0.9054007
0.9096725
0.9067533
0.9041178
0.9072659
0.9122321
0.9124978
0.9114236
0.9116062
0.9155225
0.9129057
0.9140133
0.910244
0.9163887
0.9129358
0.9105971
0.9147239
0.9094781
0.9174517
0.9152128
0.9119128
0.9078777
0.9049991
0.9083604
0.9031543
0.9071721
0.9054282
0.9064109
0.9063758
0.9113083
0.9131885
0.9039975
0.904264
0.9087711
0.9042377
0.9034113
0.9034204
0.9047101
0.9019904
0.9052138
0.9006779
0.9066274
0.9095702
0.9063275
0.9025162
0.9049058
0.9020201
0.906895
0.9079985
0.9042085
0.905586
0.9102443
0.901869
0.9055277
0.9027275
0.905024
0.9069173
0.9035022
0.9131718
0.9040907
0.9073362
0.9031812
0.8960511
0.9024148
0.9052568
0.9013597
0.9070551
0.9035901
0.9039146
0.9008951
0.9092377
0.9077509
0.9048278
0.9065867
0.9149867
0.9128355
0.8973324
0.9151276
0.9115743
0.906526
0.9071401
0.9052694
0.907937
0.9135742
0.9070792
0.9079894
0.9093036
0.9065279
0.8964277
0.9136879
0.9108818
0.9058881
0.9066094
0.9152968
0.9034185
0.9016256
0.8999395
0.9110505
0.9008084
0.9235324
0.8908266
0.8897111
0.8841335
0.8944005
0.8892964
0.894993
0.8985864
0.8979383
0.8979241
0.9061313
0.9018977
0.8988398
0.8977753
0.8991122
0.9009434
0.8974051
0.9000141
0.9001403
0.9004349
0.8984068
0.9102085
0.8925157
0.8908676
0.8889762
0.8883434
0.8885989
0.8881774
0.8956761
0.8948154
0.8923848
0.8957018
0.8856463
0.8891806
0.8917677
0.8869915
0.8840028
0.8884956
0.8862185
0.897405
0.8855558
0.8923467
0.8927526
0.8875653
0.8906211
0.8875215
0.8857687
0.8822281
0.8833778
0.8914488
0.8881751
0.8862043
0.8935025
0.8847893
0.8862922
0.8862863
0.8965542
0.8966998
0.8847086
0.9056014
0.889524
0.8865253
0.8990357
0.8917782
0.8888849
0.8884603
0.8859876
0.8860705
0.8838329
0.8942201
0.8859881
0.8937904
0.890615
0.8987999
0.8998227
0.8952394
0.9052461
0.892906
0.9059512
0.8955261
0.8874364
0.8884367
0.8907164
0.891937
0.894142
0.8931911
0.8927962
0.8910167
0.8841272
0.8722813
0.9224847
0.8937837
0.8872232
0.8868908
0.9182365
0.907924
0.9070093
0.9077005
0.8982872
0.9044557
0.9142777
0.8889569
0.8932171
0.8890381
0.8860723
0.8893352
0.8955858
0.8967705
0.8974441
0.8965737
0.9009165
0.8954891
0.8964469
0.8938311
0.8996399
0.8955403
0.8979258
0.8959014
0.8914034
0.8987167
0.8976851
0.9037129
0.8875023
0.8879605
0.8817379
0.8840291
0.8813879
0.8832634
0.8868609
0.887048
0.8880667
0.8921038
0.8866304
0.8849802
0.8887722
0.888019
0.8870151
0.8878015
0.8845055
0.8813939
0.8830348
0.8802036
0.8873763
0.8860686
0.8882387
0.884093
0.8841309
0.8817348
0.8843503
0.8924967
0.8891295
0.8857391
0.889425
0.8861777
0.8858255
0.8858184
0.8959652
0.8883291
0.8836201
0.8966477
0.8856126
0.892064
0.8912862
0.8868364
0.8852805
0.8876058
0.8844299
0.891021
0.8862711
0.8920612
0.8855593
0.8907051
0.8865093
0.8967921
0.8971735
0.8979729
0.8992855
0.886105
0.9023027
0.8934429
0.8871421
0.8861083
0.8863653
0.8857359
0.887505
0.8903161
0.8874025
0.8848625
0.8807098
0.8653191
0.9149414
0.8963308
0.88507
0.8850979
0.9119461
0.8979636
0.8970557
0.8943924
0.9037258
0.8930574
0.9147398
0.8874395
0.8944233
0.8872265
0.8934981
0.8945128
0.8913665
0.9022469
0.899033
0.9013836
0.9042306
0.8998341
0.8993113
0.8974978
0.9031155
0.9010037
0.9022429
0.9004959
0.8986759
0.9028184
0.9021364
0.9042478
0.8948143
0.8928789
0.8869775
0.8897067
0.8900407
0.8939986
0.8958146
0.8908542
0.8904287
0.9002029
0.8925826
0.8878966
0.8934764
0.8926271
0.8926757
0.8957745
0.8854755
0.8908673
0.8826296
0.8934547
0.8891096
0.8856297
0.8862032
0.8849004
0.8894862
0.892025
0.8858895
0.8891936
0.8922212
0.8881612
0.8921107
0.8894578
0.8907185
0.8880548
0.900538
0.9020683
0.8886103
0.9074559
0.8889695
0.8947597
0.902362
0.9015239
0.8919497
0.8954857
0.8897521
0.8912722
0.8869236
0.9045174
0.8928701
0.8939137
0.8920257
0.9052885
0.9011711
0.9042452
0.9069363
0.8994153
0.9094013
0.9010546
0.8865845
0.8901146
0.8848796
0.8893397
0.8890775
0.8944975
0.8975732
0.891755
0.889276
0.8643634
0.9214942
0.8952476
0.8927116
0.8927
0.9175865
0.9125373
0.9095039
0.9044851
0.9054899
0.9084714
0.9124555
0.8874282
0.887666
0.8869318
0.8909822
0.8908986
0.890711
0.9023443
0.8981936
0.8982169
0.9040566
0.8998554
0.899022
0.8989266
0.9027871
0.9009469
0.8973429
0.8986453
0.8998657
0.9015601
0.9016532
0.9104724
0.8947595
0.8897167
0.88544
0.8857567
0.8839253
0.8912411
0.8934065
0.8901233
0.8897386
0.8927382
0.8903268
0.8845664
0.888244
0.8885761
0.8888323
0.8926759
0.8855056
0.8922851
0.8831056
0.8891657
0.887813
0.8820674
0.890825
0.883519
0.8854951
0.8860869
0.8803163
0.891021
0.8888849
0.8829791
0.8934894
0.8832032
0.888449
0.8809105
0.9021334
0.8925931
0.8813249
0.9031467
0.8862125
0.8843475
0.9000144
0.8928752
0.8866118
0.889538
0.8892181
0.8908593
0.8882067
0.8995561
0.8846575
0.8932214
0.8865028
0.900137
0.8970594
0.8997702
0.9067595
0.8955332
0.904523
0.8959599
0.885205
0.8931629
0.8881643
0.8833568
0.8931397
0.8926997
0.8953106
0.8903868
0.8793047
0.8710641
0.9178199
0.8935752
0.8888125
0.8899649
0.9167084
0.9034485
0.9035774
0.903403
0.9060459
0.9047195
0.9095914
0.8882145
0.8874878
0.8869134
0.8888929
0.8917677
0.8876331
0.9022269
0.8979134
0.8986015
0.903053
0.9007057
0.9001448
0.8976316
0.9040237
0.9010606
0.89714
0.8988748
0.897834
0.9005871
0.9002155
0.9107872
0.8889651
0.8896616
0.8861847
0.8842415
0.8831757
0.8894695
0.8937554
0.890548
0.8901225
0.8932425
0.8874537
0.8863711
0.8908452
0.8876352
0.8884514
0.8917387
0.8850013
0.8911193
0.8837697
0.889471
0.8886399
0.8833394
0.8918454
0.8852732
0.8830065
0.8878778
0.8798
0.8873983
0.8901135
0.8832406
0.893001
0.884159
0.888311
0.8816238
0.9021716
0.8933367
0.8808495
0.9035697
0.8851391
0.883715
0.8987821
0.8934251
0.8873634
0.8898856
0.890206
0.8906053
0.888594
0.8980119
0.8836172
0.8902876
0.8867251
0.9006494
0.8944758
0.9003113
0.9071908
0.8948838
0.9031275
0.8979903
0.884458
0.8927944
0.8862191
0.882002
0.8919318
0.891455
0.8952623
0.8893332
0.8787023
0.8718185
0.9184138
0.8954995
0.8903233
0.8911535
0.9163744
0.9033309
0.9045866
0.9045841
0.9054719
0.9033144
0.9089817
0.911059
0.9106231
0.9127071
0.9124652
0.9138481
0.9102808
0.916997
0.9137267
0.9135598
0.9198806
0.9164575
0.9138288
0.9168937
0.9132132
0.9149558
0.9151603
0.9148399
0.9164628
0.9110865
0.9155158
0.9189777
0.9151397
0.9111484
0.9056385
0.9088359
0.9078556
0.9112686
0.9174501
0.912507
0.9082271
0.9114101
0.9159737
0.9101527
0.9157187
0.9096419
0.9173304
0.9170292
0.9033519
0.9104035
0.9010451
0.9095691
0.9062753
0.9036272
0.9062828
0.9050477
0.9125498
0.9126596
0.9013975
0.9115066
0.9116823
0.9123587
0.9113092
0.910791
0.9122178
0.9127678
0.9222238
0.9160295
0.9105224
0.9186722
0.9129626
0.9112159
0.9205529
0.9210039
0.9132452
0.9153077
0.9135254
0.9138816
0.914051
0.9211458
0.9134409
0.9108421
0.9107554
0.9229506
0.9196376
0.911837
0.9225147
0.9168715
0.9120425
0.916382
0.9057902
0.9114767
0.907792
0.9102533
0.9055124
0.9124408
0.9132658
0.9097962
0.9035001
0.8878028
0.9333241
0.9121295
0.9165329
0.9151613
0.9306302
0.9292182
0.927495
0.9244113
0.9177494
0.9233592
0.9209426
0.8974577
0.8973313
0.8921308
0.8953546
0.8935667
0.8900428
0.9085716
0.9015932
0.9083985
0.9093688
0.9042423
0.9051799
0.9023826
0.9043114
0.902831
0.906753
0.9049118
0.9055228
0.9072635
0.902115
0.9111646
0.9049852
0.8982318
0.8925496
0.8970505
0.8890516
0.8977704
0.8997792
0.8966312
0.900254
0.8995372
0.89537
0.8923821
0.8936871
0.8920144
0.899034
0.9014808
0.8904525
0.8984693
0.8902587
0.895005
0.8901924
0.8918611
0.8941769
0.8919756
0.8916342
0.8924053
0.8862476
0.8935571
0.891888
0.8921537
0.8964647
0.8915004
0.8929443
0.8962883
0.9091807
0.8997949
0.8880236
0.9099202
0.8904169
0.8921812
0.9008909
0.9027585
0.8963382
0.895046
0.8937598
0.890431
0.8936987
0.9035842
0.899175
0.8956981
0.8937817
0.9102828
0.9073468
0.9052771
0.9081054
0.9056819
0.9109539
0.9043871
0.8901546
0.894959
0.8938085
0.8938765
0.8952184
0.8954033
0.8987203
0.9045037
0.8860782
0.8687924
0.9213859
0.9000317
0.8928495
0.8912919
0.9191951
0.9176096
0.9083919
0.9081723
0.907687
0.9053921
0.9125
0.8907951
0.8930228
0.8928183
0.8951512
0.8903782
0.8948375
0.9013477
0.9010579
0.9027332
0.9027959
0.9042763
0.9008574
0.8983893
0.8991897
0.9008034
0.9017696
0.9039847
0.9024003
0.9034704
0.9047183
0.9086099
0.8938517
0.8941797
0.886362
0.8945231
0.8862191
0.8933932
0.8989823
0.8963999
0.8934379
0.896856
0.8914112
0.8905033
0.8907003
0.8904999
0.8902071
0.8954057
0.8857846
0.8880608
0.8853584
0.8891659
0.8914603
0.8868231
0.890349
0.8851688
0.8880697
0.8893376
0.8865228
0.8928584
0.8896881
0.8890336
0.8974175
0.8863711
0.8882868
0.8897827
0.8994253
0.8956908
0.8890423
0.9045818
0.894412
0.8925078
0.8989553
0.8962789
0.891175
0.8931571
0.8923033
0.8917009
0.8863429
0.9023588
0.8926189
0.8941032
0.8893046
0.9069717
0.9037879
0.9021117
0.9032672
0.894899
0.9082064
0.9017478
0.8887807
0.8951079
0.8917209
0.8962268
0.9005827
0.8929814
0.8964223
0.8893491
0.8842815
0.8631583
0.913087
0.8981488
0.8907001
0.8908085
0.9175482
0.9052658
0.9068051
0.8962786
0.9067538
0.9031326
0.906095
0.8915118
0.8904719
0.8892831
0.8924896
0.8893383
0.8939868
0.8955478
0.8959036
0.8946102
0.9010131
0.8948559
0.8956568
0.8899256
0.897292
0.8974756
0.8930466
0.895461
0.8961847
0.8944106
0.8961144
0.9051177
0.8945128
0.888286
0.8834493
0.8832761
0.8805166
0.8888929
0.8931221
0.89425
0.8924401
0.8913883
0.8833684
0.8912252
0.8907812
0.886702
0.8890018
0.8912697
0.8855639
0.8866346
0.8825672
0.8814426
0.8862997
0.8824188
0.887686
0.8812837
0.8835797
0.8847374
0.8832717
0.8893482
0.888252
0.8869559
0.8920159
0.8839188
0.891269
0.8882959
0.8961137
0.8955144
0.8863084
0.9021925
0.8894066
0.8873622
0.9009741
0.8925515
0.8876763
0.8876527
0.8853704
0.8871823
0.8814912
0.8942442
0.8893637
0.8911846
0.887996
0.9018088
0.8996758
0.9007924
0.9062888
0.8924836
0.9049095
0.8913121
0.8845807
0.8882353
0.8866947
0.8937277
0.8913465
0.8844852
0.8922994
0.8903506
0.8804039
0.8609102
0.9191994
0.8934117
0.8890211
0.8873641
0.9192138
0.9055213
0.9079345
0.8998241
0.9011182
0.9066596
0.911836
0.8994512
0.9040555
0.8968118
0.8978972
0.898223
0.9031251
0.9059743
0.9019387
0.9032461
0.9075394
0.9009081
0.907228
0.9027258
0.9044979
0.9047354
0.9005589
0.9034888
0.9026487
0.9101007
0.9039883
0.9106215
0.9005658
0.8968279
0.8968704
0.8900797
0.894664
0.8987866
0.898133
0.8984298
0.9031918
0.9057928
0.8982822
0.8997581
0.8985399
0.9016579
0.8935383
0.9003033
0.8995329
0.8966005
0.8980739
0.8935533
0.8954125
0.8986881
0.8982423
0.8950506
0.8991037
0.8934377
0.8955468
0.9010748
0.8984663
0.8961824
0.9013428
0.8973288
0.8971035
0.895501
0.9029845
0.8997562
0.8962251
0.9105492
0.9013034
0.8961104
0.9025699
0.8997041
0.8962632
0.901224
0.8984411
0.9013163
0.8961967
0.9055146
0.8964198
0.9062257
0.9023935
0.9064398
0.9045269
0.9079748
0.9079817
0.8935643
0.9075956
0.9014647
0.8985733
0.8997989
0.8986276
0.8977481
0.8986704
0.8987637
0.9024425
0.8986881
0.8917261
0.8759459
0.9222722
0.9020021
0.9028879
0.9027611
0.9253249
0.9073826
0.9009
0.9093611
0.9103293
0.9013975
0.9228191
0.8928891
0.8994234
0.8941944
0.8974003
0.8932427
0.8946498
0.9015637
0.9013925
0.9054793
0.902928
0.9002812
0.9005342
0.8988133
0.9023927
0.9015221
0.899809
0.9000494
0.9007182
0.9060967
0.9051872
0.9041758
0.8948159
0.8907449
0.8909931
0.8848375
0.8919277
0.8885617
0.8945817
0.8960895
0.8936125
0.8962694
0.8926722
0.8880853
0.8911287
0.8947368
0.8954013
0.8994217
0.8872373
0.8855428
0.8864102
0.8884808
0.8935903
0.8898609
0.8933856
0.8851001
0.8884292
0.8915607
0.8871317
0.896633
0.8955245
0.8938101
0.8932331
0.893004
0.8967153
0.8909005
0.9009501
0.8955011
0.8905634
0.9036729
0.8931116
0.8948411
0.8951442
0.8928185
0.8912415
0.8934943
0.889453
0.8953734
0.8902946
0.8981422
0.8913185
0.8976781
0.8908089
0.900887
0.9023983
0.9046734
0.907898
0.8889736
0.9035044
0.8976127
0.8878182
0.8887814
0.8882824
0.8919382
0.894944
0.8897883
0.8944197
0.8954447
0.8882536
0.8709108
0.9147998
0.9001345
0.8962109
0.8961206
0.9122769
0.8980148
0.9000743
0.8987028
0.9058737
0.8950213
0.9131167
0.892753
0.8965975
0.8884683
0.8892689
0.8868281
0.8985022
0.8988613
0.8956913
0.8997134
0.9053921
0.9010764
0.8969708
0.8979258
0.8965786
0.9001905
0.8991997
0.8970546
0.8968761
0.9023175
0.9042268
0.899573
0.887937
0.8888769
0.889969
0.8865991
0.8949275
0.888524
0.8898806
0.8929559
0.8945503
0.8961903
0.8880746
0.8900214
0.8892519
0.8912612
0.8845619
0.8866981
0.8941921
0.8873788
0.8896088
0.8865086
0.8871669
0.8984808
0.8940056
0.8903853
0.8883104
0.889378
0.8874905
0.8977419
0.8918129
0.8905194
0.8938152
0.8899709
0.8874768
0.8890954
0.8946247
0.8906053
0.8870592
0.9010092
0.8889171
0.8876711
0.8913288
0.8884884
0.8892809
0.8916742
0.8893794
0.889138
0.8892969
0.8939023
0.8855463
0.896971
0.8903435
0.8915899
0.8971517
0.9031279
0.901944
0.8837669
0.9054001
0.8954995
0.8876161
0.8923353
0.8938714
0.8939399
0.8949374
0.8908346
0.8950045
0.8901095
0.8865946
0.8718677
0.9162831
0.8975264
0.8927837
0.8922121
0.9174893
0.895039
0.8960891
0.9017285
0.8992605
0.8936622
0.9231736
0.8925846
0.8963898
0.8883389
0.8889009
0.8865372
0.8983332
0.8985775
0.8950507
0.8991576
0.9054187
0.9009104
0.8966482
0.8978374
0.8965297
0.9001411
0.899111
0.8968485
0.8967096
0.9022676
0.9039064
0.8994449
0.8876478
0.888949
0.8900007
0.8863093
0.8951954
0.8886765
0.8899528
0.8930264
0.8946596
0.8965357
0.8879054
0.8898923
0.8894049
0.8912126
0.8844324
0.8866905
0.8941827
0.8875315
0.8894807
0.8864205
0.8871995
0.8981554
0.894313
0.8904568
0.8880613
0.8891695
0.8874424
0.8971785
0.8917641
0.8902302
0.8934877
0.8898819
0.887307
0.8889253
0.8948546
0.8907566
0.8867677
0.9010371
0.8892316
0.8877038
0.8914408
0.8886827
0.8891919
0.8916655
0.8895721
0.8893708
0.8892887
0.893614
0.8853764
0.896961
0.8905744
0.8916215
0.8969438
0.9029229
0.901972
0.8835147
0.9057751
0.8954113
0.8878093
0.8922072
0.893743
0.8938911
0.8950868
0.8907065
0.89543
0.890301
0.8866276
0.8719056
0.916191
0.8972805
0.8925348
0.8919231
0.917358
0.8951092
0.89604
0.9019149
0.8989774
0.8938521
0.9230447
0.8755216
0.8751143
0.8740957
0.88237
0.8758456
0.8764706
0.8879205
0.8889768
0.8897627
0.8998938
0.8878361
0.8857839
0.8844784
0.8905441
0.8911441
0.8886333
0.8842177
0.886026
0.8938703
0.8898257
0.8995725
0.8756357
0.8727419
0.868714
0.8747114
0.8718701
0.8775629
0.8836657
0.8747807
0.8754786
0.882338
0.8740346
0.873609
0.8778222
0.874221
0.8740245
0.8800103
0.8693717
0.8777665
0.8686858
0.87275
0.8745876
0.8705097
0.8694808
0.8677628
0.8677235
0.8692311
0.8628688
0.8811189
0.8730293
0.8740499
0.8802653
0.8685996
0.874871
0.8682303
0.8913335
0.8838356
0.8648538
0.8949809
0.8760798
0.8703635
0.8871544
0.8836341
0.8733102
0.8759484
0.8743621
0.8745003
0.8690335
0.8910952
0.8707969
0.8775652
0.8750639
0.8893959
0.8882855
0.8870441
0.8989921
0.8855887
0.8981112
0.8874847
0.8717666
0.8753102
0.8720129
0.8796414
0.880751
0.8794094
0.8836738
0.8779208
0.8626546
0.8444276
0.9116349
0.8841459
0.8714038
0.8704742
0.9076523
0.8981004
0.8942284
0.8912988
0.8946002
0.8919378
0.9041676
0.8794808
0.8764618
0.8692262
0.8798319
0.8762913
0.8803185
0.8846057
0.8842098
0.8870553
0.8972436
0.890047
0.8893952
0.8870795
0.8914784
0.8888415
0.8844687
0.8856651
0.8887699
0.8894675
0.8874375
0.9
0.8743153
0.8743891
0.8719924
0.8750776
0.8678623
0.8727538
0.8835118
0.8734223
0.8743678
0.8806111
0.874858
0.8724077
0.8727346
0.8735603
0.8756397
0.879579
0.8728981
0.8786483
0.868991
0.8727526
0.8685061
0.8738558
0.8703602
0.8699773
0.8693626
0.8678338
0.8636179
0.8797528
0.8735262
0.8680405
0.8759161
0.8682391
0.8664519
0.8670302
0.8881441
0.8759193
0.8695765
0.8961227
0.8716477
0.8699151
0.8832135
0.8809071
0.8683948
0.8752388
0.8757585
0.8756072
0.8646023
0.8862213
0.8683412
0.8773885
0.872269
0.8930916
0.8866724
0.8862458
0.8939693
0.8797431
0.8962707
0.8813157
0.8709465
0.8767755
0.8739514
0.874532
0.8745524
0.8768258
0.8781744
0.8728693
0.8637443
0.8455248
0.9096446
0.8801619
0.8748398
0.8747849
0.9115051
0.8979445
0.8964474
0.8908807
0.8948488
0.8926773
0.9030232