0.8914456
0.9061367
0.9030188
0.9048542
0.7935324
0.9071325
0.7815096
0.8863653
0.869965
0.8532004
0.8504809
0.8891648
0.9002643
0.9122151
0.9219595
0.8974702
0.9167708
0.9043404
0.921801
0.8992254
0.90555
0.8870386
0.9056876
0.9047979
0.9070781
0.8718808
0.9103878
0.8948598
0.8955772
0.8909845
0.8897089
0.9012243
0.9041126
0.89482
0.8955966
0.9055107
0.7927512
0.8913108
0.8932492
0.898699
0.82455
0.9070325
0.8011992
0.8966106
0.8131763
0.9028798
0.8906967
0.9057134
0.9087124
0.8499925
0.906054
0.882036
0.9046268
0.2755453
0.9043092
0.8315075
0.8322356
0.8981295
0.8882684
0.9064194
0.8247247
0.9054044
0.8933952
0.8912989
0.8989993
0.8958581
0.8955272
0.8949941
0.893172
0.8976917
0.8734158
0.9055726
0.8985878
0.8345294
0.8951281
0.8828711
0.8776353
0.8869673
0.8945396
0.9050647
0.878326
0.9008051
0.8987498
0.9056817
0.6516341
0.8975192
0.8765671
0.8796593
0.9023155
0.9125722
0.8849605
0.8878795
0.8997294
0.9006098
0.8463956
0.8574844
0.9017057
0.8756832
0.8762023
0.7677145
0.8865561
0.8964184
0.893455
0.8936494
0.8820926
0.9020611
0.8823743
0.8999929
0.8883876
0.8677877
0.8667644
0.8979783
0.9074665
0.893195
0.9077241
0.873909
0.9090846
0.8871125
0.9063888
0.8850732
0.877986
0.8729471
0.9051442
0.9010961
0.9014801
0.8519487
0.9058089
0.8533209
0.9178387
0.9091339
0.9110273
0.9152773
0.9134169
0.9149365
0.9137249
0.9111215
0.8914228
0.9085015
0.8643925
0.9102358
0.8802935
0.8824207
0.8912919
0.8736598
0.8972058
0.9083178
0.8515088
0.9140291
0.9167599
0.8667621
0.9059829
0.8165494
0.8976051
0.8786882
0.9074592
0.8865184
0.8890965
0.9096978
0.8993799
0.9206705
0.8834536
0.8724181
0.9040652
0.8941491
0.9053238
0.890192
0.8949666
0.8928841
0.8934092
0.8969261
0.9063211
0.9049899
0.8914412
0.8921088
0.9056244
0.8328401
0.8432205
0.8949906
0.8961617
0.9129043
0.8471686
0.898811
0.9152143
0.9135112
0.8817829
0.9110224
0.8492455
0.8556273
0.9196831
0.9130603
0.8812771
0.9002592
0.8950983
0.8981458
0.872485
0.8763287
0.9073955
0.8303065
0.8749318
0.8769118
0.8940036
0.9150777
0.9179389
0.9180069
0.8796846
0.9200325
0.8893382
0.8996717
0.8936688
0.8700673
0.8720821
0.8997227
0.9152823
0.9081945
0.9140471
0.8949082
0.9186608
0.9037573
0.9155191
0.8939405
0.8908917
0.8914308
0.9200942
0.9180316
0.9158318
0.8696127
0.9125452
0.876827
0.9218274
0.9180293
0.921062
0.9186412
0.9240166
0.9189381
0.9166755
0.9164933
0.8804461
0.9164115
0.8912596
0.9176198
0.8782606
0.895217
0.8815804
0.8892073
0.8949804
0.9149906
0.8859275
0.9192217
0.9156505
0.8733473
0.9142948
0.8682687
0.9130664
0.8757577
0.9139138
0.8827342
0.8918343
0.917737
0.9014928
0.9230391
0.8979103
0.892057
0.9175089
0.8991348
0.9186537
0.9097929
0.913631
0.9157348
0.9123619
0.916349
0.9056219
0.9188048
0.9122795
0.8917432
0.9179796
0.8784969
0.8772747
0.9010206
0.911475
0.918142
0.8727866
0.9122752
0.9191827
0.9200824
0.8821543
0.9182959
0.8821543
0.8736035
0.9198228
0.9195343
0.7580901
0.9001283
0.9097683
0.9138516
0.8731232
0.8752089
0.9152859
0.8723195
0.6905301
0.8775783
0.8874476
0.8990197
0.9000179
0.8995179
0.8867584
0.9114707
0.8837775
0.9021581
0.8953658
0.8739211
0.8672942
0.899288
0.9136326
0.8949991
0.9083844
0.8801611
0.9082188
0.892658
0.9004428
0.8781382
0.8775643
0.8707148
0.9122011
0.9102216
0.9106523
0.8512165
0.9126472
0.8549357
0.920322
0.9193937
0.9188391
0.9183011
0.9226729
0.923
0.9167791
0.9136953
0.8910838
0.9157346
0.8654664
0.918345
0.8808461
0.8776004
0.8919472
0.869472
0.9009079
0.9135459
0.8550536
0.9187358
0.9195582
0.8684953
0.9129493
0.8304531
0.9073108
0.8838529
0.9112632
0.8894597
0.8891562
0.9162463
0.9050367
0.926251
0.8921127
0.8696018
0.9097094
0.897978
0.9104137
0.9022476
0.9034913
0.9036089
0.9007513
0.9062956
0.9075149
0.9089279
0.9031589
0.8887053
0.9133791
0.7717877
0.844697
0.9003078
0.9080905
0.9173779
0.8509987
0.9094756
0.9212283
0.9153189
0.8843161
0.9141915
0.8522008
0.8546035
0.9219459
0.9149331
0.8798874
0.903862
0.8996078
0.9051079
0.8783908
0.8872401
0.9125129
0.8399819
0.8777346
0.8805324
0.8925655
0.90912
0.9066898
0.9077732
0.8044451
0.9095829
0.7895953
0.8896204
0.8754954
0.854721
0.8496928
0.8945041
0.9033344
0.913654
0.9210508
0.8981223
0.9193981
0.903763
0.9223757
0.9017598
0.9046982
0.8906317
0.9092725
0.9076879
0.908971
0.8792265
0.9142171
0.8962778
0.9006162
0.8962906
0.8993472
0.9048457
0.908281
0.9003916
0.8998708
0.9086303
0.8032339
0.8969898
0.8941285
0.9075615
0.8322598
0.9049088
0.8080203
0.8998593
0.820849
0.9110989
0.8925182
0.9076583
0.9103622
0.8489083
0.9074442
0.8864021
0.9084807
0.627059
0.9089725
0.8364916
0.8412775
0.8986159
0.895163
0.9079744
0.8350429
0.9036242
0.90004
0.8946304
0.9041187
0.8995837
0.9034775
0.9005995
0.9006729
0.9019077
0.8822688
0.9074835
0.9006029
0.8426987
0.9011649
0.8853014
0.8831169
0.8884329
0.9012227
0.9087583
0.8789054
0.9033016
0.9051152
0.9117351
0.6684147
0.901475
0.8784214
0.8826453
0.9093827
0.9152035
0.8897237
0.8952932
0.9028343
0.9041927
0.8533826
0.8653145
0.9060848
0.8761641
0.8809618
0.7779182
0.9139164
0.8943615
0.8948389
0.894675
0.8991587
0.869552
0.8958713
0.8925268
0.9051505
0.8988175
0.8979917
0.915944
0.8539717
0.931664
0.9364546
0.9136675
0.9318804
0.9188601
0.934115
0.9190331
0.9242707
0.9063228
0.8759193
0.8760015
0.8730732
0.9051977
0.9079535
0.9189632
0.8319047
0.8244609
0.8207788
0.8649563
0.8910565
0.8590527
0.8564468
0.8265126
0.9065226
0.8197725
0.9192381
0.8536269
0.9035088
0.9228956
0.9039363
0.9199887
0.9186263
0.8997808
0.9123317
0.8708003
0.9086719
0.8974563
0.8577114
0.9104596
0.8955728
0.8941512
0.8971649
0.9057153
0.9132513
0.8546818
0.9007639
0.8178868
0.8883914
0.9246176
0.8829379
0.8972415
0.895449
0.8859475
0.8925036
0.8856514
0.8871887
0.8918909
0.8886034
0.877356
0.8892977
0.9175192
0.8540478
0.9083345
0.9087737
0.8912549
0.886798
0.8586379
0.9083246
0.8918691
0.8607928
0.8959815
0.9052514
0.8585202
0.9146852
0.9074407
0.8700162
0.9128901
0.9208547
0.9021339
0.8849017
0.8890439
0.8923088
0.8973713
0.8726474
0.903727
0.9175639
0.8979058
0.9095826
0.8460642
0.8477408
0.8447284
0.8979258
0.890263
0.894654
0.8997092
0.9030126
0.8981025
0.896156
0.9148352
0.8920337
0.9245257
0.9303858
0.9069089
0.9289826
0.917964
0.9295103
0.9157594
0.9233564
0.9041984
0.8934969
0.8903738
0.8918713
0.8994405
0.9086803
0.9096892
0.8983907
0.8891467
0.8895554
0.8977289
0.8944449
0.8996443
0.8987355
0.8942801
0.9083565
0.8865816
0.9139563
0.8938799
0.900486
0.9200332
0.9078364
0.9219149
0.918195
0.8980697
0.9079026
0.8983599
0.9117452
0.895628
0.8998354
0.903964
0.8494777
0.8922861
0.894618
0.9036357
0.91006
0.8949196
0.9053784
0.9038648
0.8871383
0.9224258
0.8787868
0.8972608
0.8382441
0.7539999
0.7873072
0.7849327
0.7863265
0.7695376
0.8915899
0.8908517
0.8263553
0.9168409
0.8923328
0.9053131
0.9049354
0.8987906
0.8313481
0.9019054
0.9077776
0.8292368
0.9021356
0.8991597
0.897904
0.8949889
0.9047249
0.9091037
0.9043933
0.917782
0.9162872
0.9073672
0.8382609
0.8283828
0.8888205
0.8954122
0.893929
0.9027995
0.9122218
0.8967719
0.9103755
0.8082148
0.8269746
0.8228031
0.9029298
0.8898034
0.8941718
0.904527
0.9062377
0.8959368
0.8915693
0.9117984
0.8914915
0.921435
0.9248241
0.9003759
0.9267715
0.9139685
0.9267511
0.9138945
0.9208702
0.9015484
0.8881799
0.8870812
0.8872518
0.9032854
0.9076709
0.9098708
0.9079015
0.9014645
0.8982672
0.9032969
0.8920166
0.9013756
0.9037213
0.8931723
0.9127177
0.8938033
0.9113508
0.8952063
0.9005645
0.9164396
0.9091561
0.9169994
0.9200182
0.8973968
0.9014391
0.9047463
0.9168646
0.8912648
0.9028243
0.9033588
0.8092433
0.8975743
0.8937965
0.9048801
0.9148269
0.9032188
0.9104705
0.9102082
0.8920354
0.9237675
0.8765479
0.8986662
0.8431439
0.8052742
0.8096579
0.8146341
0.808121
0.8065051
0.8987678
0.8842517
0.7837696
0.9181602
0.8872664
0.8955191
0.8977042
0.8987153
0.7976904
0.9056048
0.9020283
0.8014758
0.9088125
0.8960575
0.899808
0.894343
0.896449
0.9060948
0.9135274
0.917122
0.9098723
0.9123979
0.7951036
0.8051697
0.8951098
0.8943786
0.8951785
0.8991346
0.9108585
0.8984997
0.9123452
0.5311895
0.840647
0.8319486
0.90701
0.902724
0.9021618
0.9167138
0.9127737
0.9017244
0.8958498
0.9152833
0.904636
0.9207056
0.9223433
0.9066955
0.928633
0.9171981
0.9252776
0.91856
0.9214957
0.9083517
0.903398
0.9025849
0.9039278
0.9054912
0.912692
0.9100167
0.9181234
0.9092839
0.9107919
0.9197848
0.910148
0.9186886
0.9149531
0.9079375
0.9195722
0.9086865
0.9140241
0.9135511
0.9067899
0.9186205
0.91621
0.9184145
0.9197436
0.9122022
0.9029559
0.9163474
0.9238431
0.8956728
0.91101
0.9040688
0.8427553
0.9076631
0.9069452
0.9162782
0.9162727
0.9119483
0.9194255
0.9228624
0.9069222
0.9192168
0.8935588
0.9084657
0.8628219
0.8367098
0.8412704
0.8416512
0.8328614
0.8428826
0.9143032
0.9020862
0.8296678
0.9201026
0.9015284
0.9029977
0.9057961
0.9121487
0.8365022
0.9142428
0.9086298
0.8342203
0.9216058
0.9078154
0.9098714
0.906434
0.9047602
0.9124818
0.9217121
0.9204394
0.9132475
0.9209927
0.8352133
0.8358448
0.9044747
0.9045152
0.9089893
0.8991703
0.9149207
0.9092726
0.9000352
0.9093771
0.9111277
0.9126501
0.8964342
0.9043888
0.8968679
0.8370697
0.8960248
0.8860207
0.8865154
0.9052015
0.8954253
0.9234591
0.9282541
0.9054926
0.9244783
0.9161256
0.9299863
0.9074074
0.9160236
0.9024615
0.9074914
0.9058151
0.9074627
0.8882123
0.9090332
0.9081553
0.8907349
0.8874029
0.8890537
0.8941542
0.9035797
0.8867276
0.8927441
0.8993549
0.8986226
0.8917625
0.9091648
0.8934209
0.9003573
0.9136862
0.8977175
0.9061344
0.9111616
0.902225
0.9005121
0.9018737
0.8996231
0.8860064
0.8932014
0.8981604
0.9009905
0.886942
0.8976524
0.8940556
0.9041957
0.8957853
0.8270474
0.8975311
0.8902781
0.9140675
0.8942916
0.8591336
0.907357
0.9053832
0.906609
0.8959851
0.9073348
0.9060357
0.8435803
0.9064323
0.9061852
0.9070508
0.8919807
0.8994912
0.8998604
0.4960506
0.9028776
0.8944221
0.8922555
0.9031252
0.8970647
0.9033977
0.8934341
0.9000837
0.8973614
0.8947463
0.8931865
0.9085293
0.9087833
0.8325487
0.9026934
0.9005663
0.8823723
0.8931284
0.8987979
0.894141
0.9001995
0.8854862
0.907171
0.9284179
0.9275648
0.9284775
0.8603997
0.9260674
0.8810791
0.9058243
0.8968156
0.8851033
0.8878501
0.9008735
0.9244296
0.9184692
0.9210958
0.9127976
0.9258329
0.9183914
0.9253752
0.9135674
0.9120425
0.9079755
0.9262475
0.9249129
0.9262861
0.8981045
0.9211757
0.9022802
0.9199703
0.9208171
0.9189641
0.9195734
0.9295695
0.9158085
0.9203735
0.9284671
0.8654606
0.9212629
0.9026152
0.9224309
0.8495595
0.9079162
0.8691403
0.9055948
0.8785448
0.9210251
0.9048758
0.9236138
0.9215275
0.8884583
0.9178518
0.8993146
0.922935
0.85974
0.9216214
0.8135953
0.8758799
0.9191877
0.9083428
0.9234248
0.890534
0.916248
0.9227318
0.9107416
0.9222761
0.9248541
0.9208601
0.9200014
0.9208151
0.9211906
0.9087481
0.92838
0.9236721
0.8760725
0.922584
0.9043766
0.9032689
0.9080306
0.922776
0.92212
0.8986312
0.9267905
0.9165345
0.9283002
0.8643117
0.9251393
0.9031373
0.8989105
0.9214278
0.9226328
0.8971224
0.9069546
0.9261149
0.920891
0.8851992
0.891999
0.9214953
0.8984912
0.8915492
0.8576092
0.8941429
0.9034148
0.9025875
0.9016294
0.8318627
0.9096057
0.8290566
0.8940334
0.8758375
0.8458453
0.8450903
0.8876451
0.905317
0.9104215
0.9141946
0.8944189
0.9173753
0.9009806
0.9170915
0.8974559
0.9007736
0.8891467
0.9082048
0.9054474
0.9033622
0.8789605
0.911776
0.8882589
0.9078829
0.902416
0.9050401
0.9120208
0.9091009
0.9079383
0.9096728
0.9057245
0.8383106
0.9008924
0.8895278
0.9079336
0.7602
0.9031612
0.8382882
0.8976692
0.8607108
0.9050362
0.8844669
0.9075639
0.9156547
0.84537
0.9100992
0.8807422
0.9025
0.8193897
0.9083205
0.8031517
0.853851
0.909107
0.900369
0.9123983
0.8534834
0.8985923
0.9027722
0.8879055
0.9050264
0.8961479
0.896564
0.8979621
0.8938808
0.8972581
0.8964205
0.9071155
0.900546
0.8587683
0.902883
0.8768611
0.8800246
0.8929173
0.8979534
0.9076945
0.8743949
0.9005066
0.9091656
0.9113277
0.8221402
0.9097938
0.8746094
0.8825839
0.9177816
0.9210162
0.87977
0.8992331
0.8970678
0.9015257
0.8544247
0.8628616
0.9056381
0.8749135
0.876897
0.8176293
0.9031052
0.9178708
0.916723
0.9173292
0.8928274
0.9082752
0.898925
0.8201793
0.8982173
0.8972379
0.8970113
0.9044337
0.8974995
0.9254983
0.9333035
0.9162236
0.9243389
0.9188157
0.9343166
0.9089617
0.9205575
0.9028298
0.904919
0.9060456
0.9086084
0.8935576
0.9045028
0.9125431
0.8804514
0.8821654
0.8849276
0.8875919
0.9033576
0.8810894
0.8900737
0.9004367
0.8960857
0.8837877
0.9118022
0.8868548
0.8989394
0.9138332
0.8967577
0.9092963
0.9110666
0.8966415
0.9082592
0.8982088
0.8939334
0.8977077
0.890463
0.8981945
0.9034204
0.8844746
0.8951658
0.8970498
0.9033202
0.8926808
0.8468705
0.894731
0.8889296
0.9178918
0.8905334
0.7996336
0.9071642
0.906628
0.911532
0.9025772
0.908118
0.9115777
0.823934
0.906864
0.909042
0.9075944
0.8955513
0.9072054
0.9082667
0.8429997
0.8998127
0.8973297
0.9021306
0.9107558
0.8856467
0.9025733
0.8913603
0.8947136
0.8983045
0.8991307
0.8896159
0.9069462
0.9108361
0.8507649
0.9101547
0.9040078
0.8826563
0.8926545
0.8955398
0.9014003
0.9005978
0.884969
0.9143664
0.5241332
0.8383562
0.834208
0.9089001
0.9034372
0.902866
0.9143049
0.912096
0.9026609
0.895026
0.9157344
0.9045864
0.9204025
0.9216974
0.9053442
0.9287582
0.9159352
0.9256332
0.916426
0.920695
0.9076372
0.9026751
0.9023411
0.9029267
0.9037138
0.9123969
0.9083663
0.9185519
0.9093034
0.9108081
0.9186197
0.9073082
0.9186093
0.9132116
0.9055519
0.9192653
0.9067979
0.9137645
0.9127061
0.9047466
0.9186571
0.9154104
0.9151919
0.9211275
0.9102915
0.9024775
0.9156536
0.9233051
0.8960787
0.9096606
0.9048436
0.8422695
0.9083107
0.9062858
0.9172358
0.9167722
0.9136632
0.9191535
0.9235816
0.9054488
0.9184922
0.8954894
0.9073654
0.8631137
0.837649
0.8425807
0.8414772
0.8351941
0.8438884
0.9156778
0.9020817
0.8287963
0.9202118
0.8999673
0.9017716
0.906057
0.9109599
0.8391184
0.9141347
0.9072091
0.8349496
0.9214056
0.9061233
0.9115142
0.9057453
0.9068972
0.9130327
0.9189315
0.9203586
0.915091
0.9210246
0.8342912
0.8405369
0.9032398
0.9040333
0.9092838
0.8995286
0.9154627
0.9098352
0.9179977
0.9217053
0.9218815
0.9244937
0.9173226
0.9213208
0.9189105
0.9071078
0.9167495
0.9144464
0.9137806
0.9194835
0.9168763
0.9264785
0.9326603
0.9187161
0.9319173
0.9253655
0.9335456
0.9137776
0.9251766
0.913228
0.9197572
0.917257
0.9160572
0.9157855
0.8692349
0.9168077
0.9182078
0.9180479
0.9184981
0.9171373
0.9254001
0.9181876
0.9162885
0.9177355
0.9216929
0.9187722
0.9239684
0.915149
0.9153849
0.921899
0.9192844
0.9197447
0.9249408
0.9091002
0.9186042
0.9179865
0.9014138
0.9137782
0.9149855
0.9178555
0.9181878
0.9182203
0.9107668
0.9202005
0.9161759
0.9199267
0.9137365
0.923506
0.9191156
0.9272361
0.9189437
0.9089337
0.9213668
0.9187247
0.9148084
0.914345
0.9158574
0.9198285
0.9106481
0.920325
0.9198379
0.917575
0.9185656
0.9197199
0.9205731
0.9144931
0.9194751
0.9187987
0.9153329
0.9202049
0.9150586
0.919742
0.9214762
0.9174009
0.9184258
0.9176864
0.9169174
0.8668656
0.9225359
0.9133534
0.9175509
0.9185226
0.916536
0.9196441
0.9192947
0.9152936
0.9198105
0.9187211
0.9151848
0.9271166
0.9288989
0.9283565
0.9080336
0.8909784
0.9137543
0.8876556
0.9130665
0.9118285
0.9131901
0.918179
0.8628272
0.9401265
0.9465925
0.9265076
0.9362425
0.931999
0.9448854
0.9225218
0.9342188
0.9158915
0.8921792
0.887898
0.8906072
0.9091822
0.9178121
0.9272357
0.8508927
0.8504528
0.8502438
0.8477718
0.9083862
0.8417582
0.8212055
0.8768783
0.9147911
0.8534204
0.9263855
0.8430998
0.9136422
0.9227887
0.9081523
0.9227298
0.9230233
0.9064051
0.9235799
0.8666792
0.9009773
0.9143831
0.8603943
0.9166104
0.9124295
0.9026197
0.9018214
0.9115712
0.9164986
0.8281882
0.8913745
0.8604175
0.9067705
0.9297681
0.8970033
0.9059482
0.9125058
0.9146502
0.9135531
0.908291
0.9168685
0.9182155
0.8760538
0.8918571
0.9181462
0.921023
0.8586491
0.9217456
0.9215887
0.8922769
0.9114313
0.863411
0.9161359
0.9213687
0.8191063
0.9141525
0.9057815
0.8617837
0.917199
0.912621
0.8564105
0.9127552
0.9285141
0.8929708
0.9190743
0.9185269
0.8984082
0.9145421
0.8748182
0.9205195
0.9206881
0.9036344
0.8941499
0.9032316
0.9036929
0.902818
0.8355649
0.9110283
0.8294218
0.8943953
0.878219
0.8463368
0.8452815
0.8886147
0.904194
0.9097993
0.9145145
0.8950227
0.9169854
0.9011091
0.9179323
0.8991847
0.9005904
0.888873
0.9085324
0.9071411
0.9038861
0.8790399
0.9131603
0.8878233
0.9104504
0.9035461
0.9057692
0.9105993
0.9113832
0.9082294
0.9081353
0.9064825
0.8417913
0.9009836
0.8913152
0.9097723
0.7619504
0.9019387
0.8391299
0.8973671
0.863587
0.9059558
0.8847903
0.906135
0.9155234
0.8450888
0.9094973
0.8786714
0.9015702
0.8211553
0.909571
0.8052648
0.8533255
0.9077713
0.8983264
0.9138122
0.8520045
0.8983285
0.9054836
0.8896139
0.9057327
0.8969838
0.8983743
0.8992251
0.8942842
0.897622
0.8963892
0.9055259
0.9007925
0.8558121
0.9041553
0.876286
0.8806715
0.8938764
0.8990626
0.908952
0.8774969
0.9025937
0.9103891
0.9122851
0.8238468
0.9095762
0.8735808
0.8827049
0.9170742
0.9205149
0.8811362
0.897702
0.8990536
0.9029426
0.8537223
0.8624714
0.9067467
0.8751959
0.8771372
0.819664
0.9146669
0.8537683
0.8051813
0.7980833
0.9044783
0.9064179
0.89729
0.9088679
0.9100463
0.9016238
0.8965822
0.9198762
0.90163
0.9263129
0.9309512
0.9120685
0.9277342
0.9205146
0.9306582
0.9203767
0.921656
0.9071184
0.8992181
0.8984599
0.900809
0.9074152
0.9152913
0.915379
0.9085694
0.9020198
0.9007005
0.9116004
0.9033366
0.9083898
0.9104203
0.9060651
0.913631
0.9021696
0.9167158
0.9085726
0.9036828
0.9232091
0.9139609
0.9207802
0.921003
0.9120219
0.9078558
0.9109135
0.9199903
0.8957831
0.9121088
0.9082472
0.8656074
0.9014589
0.9073301
0.9093199
0.9195928
0.9083542
0.9132567
0.9110479
0.8986005
0.9236665
0.8918909
0.9093667
0.8656484
0.8460566
0.8550804
0.8542534
0.8440706
0.8449485
0.9078374
0.902371
0.8424422
0.9198366
0.9016652
0.903342
0.9070185
0.9032989
0.8483015
0.9083732
0.9091516
0.8496951
0.9155876
0.9054911
0.9034534
0.9024092
0.9078069
0.912407
0.9161605
0.9240729
0.9202498
0.9141338
0.8479438
0.8459162
0.8977468
0.9036717
0.9090845
0.9043613
0.9160151
0.9065967
0.8933029
0.904283
0.9021666
0.9011287
0.8303026
0.910233
0.8277536
0.8939308
0.8756659
0.8445733
0.8437744
0.8884376
0.9050104
0.9107235
0.9134789
0.8950298
0.9177814
0.8994668
0.9170137
0.8977812
0.8999294
0.8891267
0.9084035
0.9058832
0.9033702
0.8789483
0.9132555
0.8889566
0.9056821
0.9002258
0.9038147
0.9096887
0.9098991
0.9066835
0.9090554
0.9058088
0.8365935
0.898547
0.88923
0.9075884
0.758306
0.9033232
0.8375697
0.8971765
0.862034
0.9041361
0.884571
0.9085019
0.9141803
0.8446981
0.9081687
0.8783774
0.9018817
0.8159843
0.9075002
0.8033412
0.8525908
0.9076058
0.8991579
0.9129025
0.8525056
0.8986431
0.904328
0.8909317
0.9047636
0.897106
0.8965774
0.8982093
0.8932627
0.8978222
0.8951145
0.9055963
0.9006738
0.8559191
0.9038744
0.8746864
0.8809421
0.893489
0.899299
0.9063778
0.8767963
0.9011435
0.9097913
0.9132821
0.8231587
0.9093284
0.8765584
0.8836942
0.9154765
0.9205612
0.8821654
0.8982978
0.8981873
0.8999715
0.8553283
0.8609726
0.9042751
0.8736746
0.8760343
0.8182547
0.8845921
0.9049649
0.9067441
0.9053716
0.89024
0.9056324
0.8940102
0.9015607
0.8986072
0.8780505
0.8804588
0.9029915
0.9105464
0.8983146
0.9147478
0.892198
0.9173005
0.8998107
0.9150263
0.8921986
0.8881194
0.8705574
0.9118719
0.9085673
0.9096994
0.873865
0.9086146
0.8801002
0.9134612
0.9065458
0.9095561
0.9145657
0.9165302
0.9148454
0.9127462
0.9097874
0.8980275
0.907626
0.8871316
0.9113532
0.8869415
0.8924743
0.8920605
0.893313
0.9067026
0.913042
0.883473
0.9121581
0.9142817
0.8794128
0.909874
0.8658716
0.9079196
0.8864428
0.9097103
0.8913659
0.8969105
0.9075594
0.9037661
0.9186523
0.8929905
0.896153
0.9046616
0.8976946
0.9083263
0.8997248
0.9005937
0.8984685
0.8976262
0.9043695
0.9023596
0.9107462
0.9035382
0.896779
0.9068406
0.8724051
0.87199
0.9048416
0.9050448
0.9112685
0.8693689
0.9061553
0.9141939
0.9110653
0.8926071
0.9102702
0.8631354
0.8684278
0.9210433
0.9146478
0.8905368
0.9026298
0.898726
0.9043141
0.8851006
0.8873985
0.9081731
0.8680162
0.8900922
0.8864828
0.9026773
0.9250419
0.9253908
0.9271254
0.8578305
0.9240422
0.8690528
0.8972833
0.8929077
0.8749143
0.8756987
0.8988818
0.9181927
0.9186086
0.9211339
0.9126159
0.921112
0.9197383
0.9245849
0.9122152
0.9145082
0.9024399
0.9235546
0.9212687
0.92231
0.8942486
0.9205067
0.8980113
0.9139156
0.9138859
0.9122391
0.9130806
0.9252293
0.9114069
0.9131633
0.918678
0.8588627
0.913904
0.9030908
0.9165641
0.8383759
0.9060023
0.8608387
0.9058848
0.8711956
0.9167687
0.9025719
0.9172156
0.9156204
0.8771626
0.9178414
0.8934312
0.9190156
0.8465439
0.9192511
0.7963156
0.8677992
0.9142567
0.8974331
0.9187928
0.8802461
0.9105114
0.9197127
0.9066303
0.9222812
0.9191374
0.918125
0.9136208
0.918668
0.9202512
0.8929736
0.924312
0.9213914
0.8678328
0.9200859
0.8969574
0.8965039
0.9015957
0.9178589
0.916898
0.8945887
0.9217601
0.9125204
0.9249124
0.8539239
0.9193012
0.8966876
0.8943722
0.9159806
0.9187608
0.8936832
0.8979942
0.9232462
0.9194994
0.873121
0.8868291
0.9217248
0.8949151
0.8908134
0.8473166
0.9247068
0.9175141
0.916615
0.9149762
0.9164641
0.910061
0.912364
0.9029514
0.9158293
0.9124564
0.9143965
0.927582
0.9067062
0.9376805
0.9457621
0.9200918
0.9399762
0.9326892
0.9463665
0.9268729
0.9382651
0.919604
0.9103815
0.9087785
0.9115573
0.9173301
0.9232836
0.9291347
0.905536
0.9006545
0.8990266
0.9088883
0.8905931
0.9036217
0.9081135
0.9083435
0.9212165
0.8972877
0.9310898
0.9048905
0.9184338
0.933843
0.9170015
0.9335078
0.9311988
0.9000036
0.9290077
0.9083447
0.918382
0.9139219
0.9104472
0.9207452
0.9099573
0.9053248
0.9020379
0.9176964
0.9266407
0.911372
0.9117625
0.9070926
0.9057652
0.9385586
0.8939486
0.9147861
0.9101099
0.9042561
0.904084
0.9061322
0.9067906
0.9016914
0.8939297
0.9075172
0.9087001
0.9266206
0.9054521
0.9224988
0.9280661
0.911697
0.9067063
0.9136831
0.921984
0.9101779
0.9109746
0.9067082
0.9125005
0.9069681
0.9211429
0.9287198
0.9088014
0.9254554
0.9338746
0.9133977
0.9055712
0.9079208
0.9062119
0.914676
0.9074424
0.922303
0.9278203
0.9124489
0.9143704
0.8287246
0.8486884
0.8476638
0.9060961
0.9019121
0.9028217
0.9073145
0.9127496
0.9030082
0.898262
0.9188488
0.9040675
0.9197778
0.9218946
0.9078177
0.9273329
0.9167463
0.92572
0.9159732
0.9200224
0.9047602
0.8997163
0.8974247
0.8998909
0.9053981
0.9104399
0.9106933
0.9138605
0.908226
0.9054168
0.9121117
0.9079122
0.9153707
0.9134095
0.9038043
0.9130081
0.9079115
0.9156062
0.9106816
0.9102314
0.919194
0.9142261
0.9193278
0.9221478
0.9045925
0.9090098
0.9125067
0.9182542
0.8981671
0.9076255
0.9078487
0.7768568
0.9043497
0.9020886
0.9102546
0.9152501
0.9100999
0.9122694
0.9172949
0.9022766
0.921157
0.8956413
0.9041407
0.8662964
0.8375451
0.8406913
0.8468685
0.8388078
0.8433082
0.9080993
0.8965895
0.8416372
0.9179036
0.9017186
0.9031437
0.9015029
0.9058895
0.8406006
0.9119227
0.9070906
0.8433292
0.9166577
0.9077574
0.9050205
0.9059016
0.9065444
0.9104499
0.9189006
0.9180921
0.9151338
0.9144817
0.8404089
0.8410513
0.9019268
0.9048953
0.9051456
0.9014596
0.9111284
0.9058992
0.9094373
0.8242972
0.8499868
0.8470993
0.902365
0.8914122
0.8968063
0.901246
0.9110322
0.8982911
0.8958945
0.9150318
0.8986869
0.9193554
0.9246367
0.9009048
0.9274859
0.914786
0.9302621
0.9134466
0.9185325
0.902642
0.8942167
0.8899361
0.8900677
0.8993245
0.9077548
0.9053082
0.9053616
0.8981065
0.898428
0.9068456
0.9001484
0.9049388
0.9023897
0.8948845
0.9119754
0.896496
0.9130419
0.9014572
0.9063645
0.9157769
0.9079069
0.9171643
0.9196224
0.9007924
0.8999031
0.9046297
0.9117699
0.8950447
0.8994047
0.9015713
0.7858167
0.9006723
0.8962442
0.9071335
0.9163152
0.8986618
0.9074725
0.908336
0.893881
0.9203462
0.8847782
0.9001103
0.8551632
0.8266758
0.8407543
0.8365261
0.8370238
0.8418761
0.900364
0.8904175
0.8274301
0.9189189
0.8904511
0.9008922
0.9003152
0.8967642
0.826057
0.9029168
0.9076534
0.8278176
0.9062839
0.9049044
0.9008909
0.8992237
0.9036368
0.9038201
0.9124915
0.9188025
0.9121548
0.9095855
0.8360449
0.8325902
0.8924532
0.9016924
0.8959764
0.8961479
0.9068506
0.8980603
0.9143802
0.8271848
0.8435076
0.8443475
0.9091523
0.896034
0.9014747
0.9082292
0.9098118
0.8993531
0.8942663
0.9170052
0.9015171
0.9152572
0.925212
0.9030423
0.9261747
0.9147965
0.9289593
0.9129192
0.9188488
0.903814
0.9001524
0.8979858
0.9004461
0.903346
0.9072967
0.9060529
0.9134789
0.9095221
0.905203
0.9140032
0.9066849
0.9114887
0.9144307
0.9030005
0.9165377
0.9023837
0.9129361
0.9087845
0.909978
0.9154841
0.912393
0.9183481
0.920236
0.903818
0.8979247
0.9099038
0.9186739
0.8938098
0.9027718
0.9063124
0.81755
0.9020946
0.8990156
0.9084172
0.9159835
0.9101176
0.9171235
0.9163289
0.8965279
0.9201712
0.8925065
0.9030012
0.8679328
0.8352275
0.8395294
0.8372709
0.8322265
0.8386643
0.9065783
0.897836
0.8300701
0.9160423
0.8984358
0.9005775
0.9020471
0.9056017
0.8335555
0.9127531
0.9046138
0.831216
0.9142929
0.9043478
0.9068409
0.9028646
0.8992757
0.9074851
0.9165058
0.9213856
0.9109748
0.9191166
0.8352392
0.8360456
0.8968642
0.9015751
0.9042238
0.9012563
0.9096025
0.9051429
0.913139
0.8252153
0.8439735
0.8420472
0.910398
0.8961172
0.901597
0.9104409
0.910241
0.8969903
0.8951807
0.9165699
0.9019189
0.9161279
0.9242177
0.9036786
0.9261123
0.9139202
0.9252027
0.9128884
0.9177957
0.9019447
0.8972735
0.8967472
0.8995716
0.9028002
0.9061803
0.9059415
0.9112029
0.9061756
0.9037629
0.9161941
0.9048306
0.9121269
0.912768
0.903283
0.9164321
0.9006191
0.9146672
0.9076155
0.9076195
0.9138554
0.9137456
0.9188482
0.9209202
0.9056151
0.8990763
0.9098714
0.917584
0.8952415
0.9037237
0.9046377
0.8185805
0.8994884
0.8984419
0.9079587
0.9173257
0.9102409
0.9186344
0.9182007
0.8946832
0.9187395
0.8896787
0.9005057
0.8677598
0.8284381
0.8390748
0.8371212
0.8303763
0.8370119
0.9076923
0.8977988
0.8261806
0.9155549
0.8989598
0.8991989
0.9036605
0.9067806
0.8350453
0.9113218
0.9020676
0.8302559
0.9146906
0.9046331
0.9045052
0.9027894
0.9006985
0.9061688
0.9177921
0.9224132
0.911404
0.9199702
0.8349533
0.8350971
0.8963466
0.9014606
0.9035557
0.8995613
0.9098407
0.9051872
0.9123307
0.8438806
0.855113
0.853678
0.9081812
0.8991785
0.9026462
0.9034775
0.9100181
0.904174
0.9009106
0.9158827
0.9001316
0.9221571
0.9280095
0.9100422
0.9290392
0.9160515
0.9295018
0.9151597
0.9211501
0.9061281
0.8974566
0.8926246
0.8922306
0.9043321
0.9049832
0.9100283
0.9060629
0.9028292
0.9022556
0.9045982
0.9031161
0.9053552
0.9075941
0.9047931
0.9167228
0.9035039
0.9145202
0.9031953
0.9092114
0.9175338
0.9147118
0.9244153
0.9204872
0.9047034
0.9011033
0.9098779
0.9142766
0.9016488
0.9030021
0.9088854
0.7995706
0.903471
0.9008715
0.9108717
0.9158179
0.9083678
0.9123174
0.9127405
0.8988448
0.9225964
0.8868511
0.8945602
0.865686
0.8391411
0.8451408
0.8431611
0.8469783
0.8446232
0.9009403
0.8951898
0.8381947
0.9174903
0.897337
0.9057358
0.9030222
0.9009783
0.8416355
0.904027
0.9048975
0.8494738
0.9107577
0.9020057
0.9053733
0.9002353
0.9052158
0.9097056
0.9117093
0.9197062
0.9177293
0.914076
0.8429584
0.8448217
0.9018237
0.908288
0.9009861
0.9006774
0.9126798
0.9068086
0.9094348
0.825201
0.8427822
0.8424308
0.9041812
0.8921419
0.896455
0.9032874
0.906183
0.8977207
0.8932878
0.9134016
0.893726
0.9155368
0.9263452
0.8992367
0.9274611
0.9134843
0.9268437
0.9114715
0.9182885
0.8984403
0.8888683
0.8863678
0.8876938
0.8963155
0.9028321
0.9078555
0.9037766
0.8992404
0.8974722
0.907492
0.8985861
0.90359
0.9064979
0.8956054
0.9119243
0.8954358
0.9095429
0.8974181
0.905854
0.9199379
0.9071413
0.9176699
0.9176073
0.9016226
0.9018223
0.9066448
0.909853
0.8939108
0.9042843
0.8997244
0.7922547
0.8968764
0.8956623
0.9061232
0.9155431
0.8985333
0.9076057
0.9096348
0.8909185
0.9170133
0.8852324
0.8968629
0.8582748
0.828684
0.8343159
0.8360279
0.8302805
0.8264261
0.8984283
0.887429
0.8258115
0.9138257
0.8900993
0.8966308
0.8999275
0.8997019
0.8301872
0.9004345
0.9056195
0.8270709
0.9084379
0.8969877
0.9024179
0.901086
0.8955522
0.9040686
0.9133524
0.9151031
0.9129956
0.9092292
0.8285181
0.8312751
0.8931461
0.8975117
0.894514
0.8969147
0.9072886
0.9011196
0.8996127
0.9079718
0.9112136
0.9138709
0.8156339
0.9183333
0.7829948
0.9011726
0.8887705
0.8641021
0.864117
0.9008018
0.9127617
0.9163279
0.9168305
0.9018134
0.9175679
0.905414
0.9194748
0.9093264
0.9102309
0.8964981
0.9193571
0.9200675
0.9177222
0.888845
0.9211517
0.8966362
0.9127186
0.9117044
0.9100504
0.9143223
0.9185367
0.913202
0.9129389
0.9181542
0.8183232
0.9091138
0.896371
0.9144338
0.8386711
0.9091289
0.8322384
0.9005122
0.8003279
0.9155961
0.8995314
0.9134711
0.916343
0.8641538
0.9169769
0.8924351
0.9160979
0.7615175
0.9155135
0.8476282
0.8492099
0.9141494
0.9081459
0.9232205
0.8533701
0.9044219
0.9079104
0.9037544
0.9155585
0.91152
0.9113636
0.9103122
0.9111088
0.9125558
0.900378
0.9180634
0.908985
0.8502674
0.9113875
0.8907172
0.8891911
0.9052453
0.9081075
0.9171354
0.8856825
0.9122078
0.9147232
0.9216035
0.7573429
0.9139311
0.8897787
0.8954248
0.9164104
0.9209762
0.8919887
0.9086496
0.9103897
0.9134447
0.869953
0.8728069
0.9166784
0.8865238
0.8883102
0.7998529
0.8942355
0.9004047
0.9025232
0.9031717
0.7530988
0.908171
0.8103269
0.8952689
0.8767049
0.8545046
0.854225
0.8930857
0.9032131
0.9068956
0.9161219
0.8928018
0.9146968
0.9053887
0.9209307
0.8993448
0.9062731
0.8864994
0.9031668
0.9028355
0.9015258
0.8748133
0.9148944
0.8887933
0.9026014
0.8984227
0.899825
0.9093088
0.9100685
0.9096401
0.9019158
0.9042485
0.7249795
0.8994298
0.8912857
0.9038935
0.8281923
0.9047903
0.7728477
0.8964775
0.8401877
0.9095624
0.8890526
0.9048436
0.9119567
0.8536198
0.9089136
0.876085
0.9025923
0.7715413
0.9090068
0.8352641
0.8234248
0.9020201
0.8995555
0.9111294
0.8334855
0.9021874
0.901672
0.8968959
0.9047703
0.8956897
0.9018845
0.8934119
0.8989838
0.8930391
0.8878952
0.9058386
0.8991068
0.8257373
0.9007661
0.8767158
0.8745865
0.8908248
0.8997722
0.9086388
0.8812529
0.9004815
0.9082428
0.9123576
0.7815364
0.908048
0.8819793
0.8882079
0.9081334
0.9171999
0.8880964
0.8984582
0.8972804
0.89974
0.8552151
0.8638458
0.9038895
0.8771809
0.880232
0.6442282
0.9169019
0.9154713
0.9149861
0.9109596
0.9066643
0.8656018
0.9070817
0.8958026
0.9075026
0.9096884
0.9065128
0.9181124
0.8692026
0.9319277
0.9404314
0.9197709
0.9345977
0.9274706
0.9395998
0.9179594
0.9272277
0.9129912
0.8714355
0.869588
0.8695229
0.9093314
0.9119695
0.9237479
0.8677355
0.8620769
0.8653795
0.8659961
0.8983165
0.861673
0.8690423
0.8763347
0.9172192
0.8632875
0.9248302
0.8600639
0.9097546
0.9227089
0.9087704
0.9236266
0.9249228
0.9034999
0.9170834
0.868106
0.9100984
0.906582
0.8698095
0.9121877
0.8995975
0.9048013
0.8981774
0.9102437
0.9151327
0.8702242
0.9016197
0.8774141
0.9015347
0.9272753
0.8904806
0.9040413
0.9071989
0.9039552
0.9004481
0.8973121
0.8997619
0.9000614
0.8869935
0.8701313
0.9032188
0.9202644
0.8650519
0.9176175
0.9157357
0.8980012
0.9007166
0.8708921
0.9149556
0.9079788
0.8680655
0.9053811
0.9096061
0.8658169
0.9131701
0.9122577
0.868974
0.9144663
0.9204936
0.9034917
0.9051587
0.9018719
0.8987107
0.9082529
0.7637634
0.9079616
0.9163843
0.9034064
0.9143314
0.9172796
0.9166755
0.9145439
0.9046805
0.8685828
0.9050527
0.8936384
0.9114547
0.9085955
0.9078323
0.9165473
0.8709126
0.9331522
0.9440144
0.9195553
0.9377297
0.9291668
0.9391931
0.9176405
0.9266454
0.9139944
0.8670723
0.8667089
0.8693402
0.9065977
0.9110266
0.9222331
0.8738729
0.8673527
0.8694552
0.8660845
0.903655
0.8609229
0.8670514
0.8831083
0.9133559
0.8693739
0.9212486
0.8625644
0.9136299
0.9233067
0.9103068
0.9240318
0.9233879
0.9008789
0.9183702
0.8722552
0.9061528
0.9078248
0.8719654
0.912047
0.9054796
0.9042641
0.8979521
0.9081445
0.9174911
0.8712886
0.9008154
0.8795631
0.9047259
0.9277368
0.8955416
0.9035128
0.9070828
0.903031
0.9043896
0.9019671
0.9022424
0.9042694
0.8872612
0.869651
0.9069626
0.9203512
0.8679407
0.9164961
0.9186317
0.895545
0.9014574
0.8726661
0.9148786
0.9073505
0.8712621
0.9078579
0.9097872
0.8710738
0.9111001
0.9111166
0.8754586
0.9140869
0.9228708
0.9027603
0.9047363
0.9026843
0.9012546
0.9081695
0.8043265
0.9112153
0.9192616
0.904677
0.9104749
0.9112155
0.9096172
0.9097785
0.9037299
0.8654252
0.9046902
0.8927953
0.9031536
0.9048264
0.9037042
0.9137115
0.865718
0.9317709
0.9384457
0.9139981
0.9354199
0.9242259
0.9381633
0.9166402
0.9264398
0.9078107
0.8756132
0.8702489
0.8677763
0.9046339
0.90741
0.922125
0.8632213
0.8596867
0.8581265
0.8672251
0.9008289
0.8576869
0.8665371
0.875432
0.9131034
0.8603908
0.9205698
0.8543096
0.907689
0.923653
0.9100043
0.9225813
0.9191258
0.900434
0.9147955
0.870458
0.9065348
0.9033409
0.8684093
0.9109372
0.9010806
0.901965
0.8936626
0.9063578
0.9169864
0.8670252
0.8985602
0.8744124
0.8983512
0.9266359
0.8923157
0.8973433
0.9040882
0.898751
0.9001432
0.8941465
0.898861
0.8977683
0.8825732
0.8675799
0.9054287
0.917045
0.8652179
0.9158312
0.9149486
0.8940661
0.8987073
0.8683966
0.9083191
0.9060157
0.8675462
0.9028144
0.9065644
0.865811
0.9089776
0.9123224
0.8650585
0.9100333
0.9205794
0.9005209
0.902314
0.9003382
0.894074
0.9035772
0.8062318
0.9103711
0.9133399
0.9011668
0.9190049
0.6844013
0.8428431
0.8380024
0.9109058
0.9049621
0.9034702
0.9188563
0.9150158
0.9059841
0.9016335
0.9191036
0.9108755
0.9173901
0.9194472
0.9040167
0.9278506
0.9143019
0.9269466
0.9190571
0.9205811
0.9084487
0.9024937
0.9055172
0.9027843
0.9077865
0.9148996
0.9130312
0.9222731
0.9163622
0.9165492
0.9234326
0.9123553
0.9234867
0.9184456
0.9088623
0.9196094
0.9137875
0.9166433
0.9185519
0.9072838
0.9185495
0.9169127
0.9199624
0.9213122
0.9137385
0.9047653
0.9167112
0.9248298
0.9007593
0.9175762
0.9112166
0.8489477
0.9116466
0.9121261
0.9182328
0.9161752
0.9190085
0.9206501
0.9240308
0.9063218
0.9224644
0.8995315
0.9130465
0.865716
0.8438747
0.8482393
0.8511647
0.8425999
0.8514658
0.9193341
0.8995144
0.8416928
0.9176392
0.906769
0.9026934
0.9069189
0.9165695
0.8452829
0.9161604
0.9092297
0.843378
0.9252631
0.9123055
0.9096902
0.9111495
0.9067842
0.91432
0.9249832
0.9228036
0.913585
0.9222426
0.8442458
0.8459484
0.9082805
0.9078778
0.913798
0.9019973
0.9161254
0.9117991
0.9020363
0.9169938
0.9169284
0.9188103
0.771477
0.9217875
0.8409142
0.9011472
0.8899297
0.8770247
0.8712821
0.899087
0.9175069
0.9155481
0.9173077
0.903731
0.9178921
0.909247
0.9206387
0.9093858
0.9087678
0.8948149
0.9189237
0.9186479
0.920823
0.8874732
0.918563
0.893259
0.9105154
0.9087053
0.9086205
0.9144404
0.9212375
0.9129382
0.9122572
0.9177625
0.8019688
0.9117448
0.895623
0.9142074
0.8512025
0.9056177
0.7869381
0.8963231
0.8496284
0.9138981
0.9002121
0.9156936
0.9123166
0.8708348
0.9148817
0.8927174
0.9112863
0.8138379
0.9181873
0.8556943
0.8319394
0.9135073
0.9052699
0.9197029
0.8589549
0.9064544
0.9154002
0.9046006
0.915219
0.9149493
0.9149682
0.9150691
0.9126859
0.9127176
0.9018519
0.9231254
0.9161015
0.8310233
0.913555
0.8913229
0.8891306
0.9057833
0.9108862
0.9198519
0.8896104
0.9145027
0.915873
0.922037
0.8129713
0.9165076
0.8928318
0.8933447
0.9145326
0.9208804
0.8918403
0.9049626
0.9149944
0.9131469
0.8720663
0.8796055
0.9130818
0.8913578
0.8851623
0.7823978
0.9119792
0.6967323
0.841317
0.8360215
0.9076021
0.9017174
0.8999783
0.91597
0.9128669
0.9021533
0.8971065
0.9151174
0.9064232
0.9144288
0.9245894
0.9053981
0.9283444
0.9146415
0.9294345
0.9210999
0.9208833
0.905986
0.9007984
0.9033792
0.8994089
0.9051008
0.916273
0.9108441
0.9174059
0.9106129
0.9092476
0.916973
0.9069258
0.9194201
0.9175767
0.9034182
0.9204762
0.9068584
0.9155791
0.909775
0.9052292
0.9189891
0.9152723
0.9179856
0.9204882
0.9118393
0.9040978
0.9128995
0.9232009
0.8977248
0.9088685
0.906269
0.8373494
0.9109177
0.9085092
0.9148808
0.9187416
0.9146015
0.9194159
0.9222413
0.9047101
0.9209201
0.893867
0.9071545
0.8637524
0.8351988
0.841498
0.8436329
0.8341056
0.8396719
0.9153816
0.9016829
0.8349503
0.9193332
0.9024044
0.9022064
0.9000829
0.9116196
0.8398234
0.9166696
0.906604
0.8352878
0.9191227
0.9062214
0.9093766
0.9057216
0.904919
0.9128843
0.9196976
0.9227045
0.915488
0.9206015
0.833731
0.8365546
0.9044759
0.9021024
0.9101801
0.9030469
0.9167815
0.9103737
0.8942355
0.9004047
0.9025232
0.9031717
0.7530988
0.908171
0.8103269
0.8952689
0.8767049
0.8545046
0.854225
0.8930857
0.9032131
0.9068956
0.9161219
0.8928018
0.9146968
0.9053887
0.9209307
0.8993448
0.9062731
0.8864994
0.9031668
0.9028355
0.9015258
0.8748133
0.9148944
0.8887933
0.9026014
0.8984227
0.899825
0.9093088
0.9100685
0.9096401
0.9019158
0.9042485
0.7249795
0.8994298
0.8912857
0.9038935
0.8281923
0.9047903
0.7728477
0.8964775
0.8401877
0.9095624
0.8890526
0.9048436
0.9119567
0.8536198
0.9089136
0.876085
0.9025923
0.7715413
0.9090068
0.8352641
0.8234248
0.9020201
0.8995555
0.9111294
0.8334855
0.9021874
0.901672
0.8968959
0.9047703
0.8956897
0.9018845
0.8934119
0.8989838
0.8930391
0.8878952
0.9058386
0.8991068
0.8257373
0.9007661
0.8767158
0.8745865
0.8908248
0.8997722
0.9086388
0.8812529
0.9004815
0.9082428
0.9123576
0.7815364
0.908048
0.8819793
0.8882079
0.9081334
0.9171999
0.8880964
0.8984582
0.8972804
0.89974
0.8552151
0.8638458
0.9038895
0.8771809
0.880232
0.6442282
0.9201861
0.9210191
0.9178749
0.9158114
0.9116171
0.9076809
0.9123715
0.9020513
0.9158307
0.9113988
0.9112111
0.92256
0.902869
0.9384567
0.9505736
0.9216548
0.9415616
0.932738
0.9424295
0.9279669
0.9399133
0.9202198
0.9115175
0.9090741
0.9146857
0.917329
0.9214598
0.9319415
0.8979331
0.8978533
0.897892
0.9043116
0.8903424
0.8964516
0.9040056
0.9068226
0.918917
0.8944045
0.9305323
0.904102
0.9154924
0.9330221
0.9111781
0.9308746
0.9276976
0.8963136
0.926175
0.904843
0.9171732
0.9118778
0.9111372
0.9213224
0.9119674
0.9066309
0.8984853
0.9120441
0.9228507
0.9072316
0.9036399
0.9055657
0.9034337
0.9383336
0.8907152
0.9147502
0.9092128
0.9062042
0.9072199
0.9032648
0.9085286
0.9071968
0.8895015
0.911601
0.9107117
0.9239504
0.906243
0.9236534
0.9273543
0.9083986
0.906964
0.9133302
0.9186577
0.910309
0.9027576
0.9041009
0.9132583
0.9016773
0.9161716
0.9229995
0.906309
0.9184077
0.9330901
0.9052628
0.9090107
0.9100906
0.9023839
0.911584
0.9040984
0.9191304
0.9267665
0.9058449
0.9046586
0.8966657
0.899464
0.897137
0.8959077
0.8944925
0.8957017
0.8893155
0.8970509
0.8999277
0.8977862
0.9137788
0.8908674
0.9298124
0.9377056
0.9154412
0.9296093
0.9207656
0.9383384
0.9181278
0.9259625
0.9054617
0.8996139
0.8948998
0.8944687
0.8993411
0.9128607
0.9158892
0.8846833
0.8789364
0.8821235
0.8873513
0.8858874
0.8872468
0.8902696
0.8910337
0.9062904
0.8821178
0.9142827
0.8884615
0.9030334
0.9260196
0.9040557
0.922061
0.9156286
0.8966925
0.9148379
0.8926197
0.9032246
0.8969697
0.895708
0.9052301
0.8893648
0.8867577
0.8951641
0.9071731
0.9127188
0.8908263
0.8943281
0.8934134
0.8870136
0.9247171
0.8567459
0.8970753
0.8874216
0.8812745
0.8796757
0.8813572
0.882727
0.8812435
0.8747829
0.8972658
0.8894454
0.9129736
0.8865887
0.9101087
0.9044399
0.8920544
0.8872706
0.8951198
0.9110008
0.8912452
0.891958
0.8978635
0.8928206
0.8913359
0.9048978
0.9085844
0.8932574
0.9137919
0.9207977
0.8971387
0.8823529
0.8885785
0.8890614
0.8953054
0.8901437
0.9040853
0.9127452
0.891971
0.8967917
0.9062713
0.9105732
0.9116692
0.8720423
0.9045321
0.8765984
0.8851361
0.8669715
0.8486466
0.8517071
0.8879787
0.904367
0.9108722
0.9247312
0.9001514
0.9153549
0.9101913
0.92174
0.9033531
0.9044798
0.8911748
0.9083813
0.9069408
0.9058739
0.8787945
0.9143038
0.8897314
0.9021632
0.8948126
0.8955444
0.9063268
0.9048586
0.9008548
0.899052
0.9056461
0.8759292
0.9002926
0.8942993
0.8982395
0.8732327
0.9029872
0.8734636
0.8978439
0.890124
0.9071203
0.8921183
0.9068321
0.908767
0.8508782
0.9039104
0.8794877
0.9051551
0.8602183
0.9025365
0.8731771
0.8852157
0.9010331
0.8895046
0.9095888
0.874533
0.9039036
0.900622
0.8917951
0.9034294
0.9002294
0.897876
0.8935022
0.9026251
0.9017828
0.8814017
0.9059447
0.9037
0.8916502
0.900993
0.887548
0.8850704
0.887392
0.9029005
0.9074359
0.8889452
0.9067158
0.9025167
0.9093946
0.8691094
0.9017442
0.8857112
0.8837437
0.9055399
0.9137343
0.890737
0.8917003
0.8990723
0.9007064
0.8366038
0.8196867
0.9024769
0.8835676
0.8799376
0.8612337
0.9150009
0.8401188
0.7790772
0.7796542
0.9098712
0.8990916
0.9035882
0.9124567
0.9082575
0.9045487
0.8970341
0.917056
0.9016275
0.9187104
0.9235803
0.9039388
0.9289073
0.9153884
0.9251602
0.91611
0.9218439
0.9041923
0.9026517
0.9004124
0.8981229
0.9031785
0.9082854
0.9115408
0.9181861
0.9095845
0.9140089
0.9170934
0.9095657
0.9144951
0.9094267
0.9050094
0.9167808
0.9066468
0.9166959
0.9066145
0.9064723
0.920375
0.9171181
0.9155245
0.9218918
0.9098775
0.9029258
0.9116825
0.9192534
0.8972147
0.9128095
0.9071945
0.8573838
0.9076918
0.9064838
0.9100233
0.920816
0.9106819
0.9171764
0.9217909
0.9026159
0.9190459
0.8956426
0.9046624
0.8688699
0.8460236
0.854982
0.8544438
0.8471469
0.8503268
0.9112921
0.8983913
0.84184
0.9164384
0.9010658
0.8976864
0.9048961
0.910572
0.8479486
0.9087231
0.9057351
0.8493584
0.9188437
0.904536
0.9078372
0.9031731
0.9005689
0.9127593
0.9183368
0.9232378
0.9167542
0.9193205
0.8407924
0.8548954
0.9020689
0.9058899
0.9030255
0.9021139
0.9120864
0.9095658
0.8962542
0.9160049
0.9138823
0.9129021
0.8789786
0.9197161
0.8870004
0.8954279
0.8871226
0.863525
0.8701893
0.8971683
0.9133288
0.9051539
0.915141
0.8995778
0.91544
0.9034087
0.9171343
0.8905464
0.8913539
0.8907102
0.9207704
0.9172494
0.9163421
0.8714119
0.9088523
0.8728364
0.9172465
0.9185926
0.9167205
0.9139662
0.9232486
0.9180755
0.9124269
0.9142776
0.8832064
0.9141742
0.8846499
0.9154606
0.8724046
0.893971
0.8765924
0.888004
0.8927249
0.9133276
0.8807353
0.9177202
0.9107742
0.8698199
0.9106485
0.8656749
0.9076212
0.8755194
0.9096016
0.878172
0.887267
0.9147134
0.8975408
0.9222807
0.8937137
0.8879665
0.9122801
0.8908929
0.9155155
0.9087799
0.9059441
0.9071456
0.9065454
0.9086601
0.9052768
0.9186371
0.9061003
0.8886865
0.9156203
0.876398
0.8754131
0.8981878
0.9090877
0.915873
0.8665885
0.9078029
0.9165248
0.9164012
0.8780188
0.9175104
0.8778969
0.8722515
0.9201553
0.9144769
0.7437168
0.8968376
0.9079349
0.9092161
0.8690546
0.877548
0.9149109
0.8661065
0.4964464
0.8759217
0.9072534
0.8450004
0.8420894
0.8369141
0.9048395
0.8925264
0.8976595
0.9029528
0.9060306
0.8981889
0.8953757
0.9129814
0.8949575
0.9199344
0.9225895
0.9075899
0.9240389
0.9156808
0.924976
0.9104986
0.9211166
0.9008419
0.8914906
0.8936616
0.8929555
0.8995683
0.9035894
0.9080192
0.9061981
0.8993313
0.9010941
0.9018724
0.90088
0.9043931
0.9054769
0.8988282
0.90972
0.8948714
0.9145544
0.8989264
0.9029137
0.9184211
0.9103155
0.9160011
0.915721
0.9020851
0.8983764
0.9066376
0.9150716
0.8953575
0.9010663
0.9014079
0.8462609
0.8997284
0.8977277
0.9101609
0.9143906
0.9027516
0.9104547
0.9109768
0.8975116
0.9161775
0.8893542
0.9020147
0.8638837
0.8338118
0.840921
0.8414707
0.8337873
0.839462
0.9037339
0.8889536
0.8321883
0.9146772
0.8923334
0.899519
0.9002775
0.897973
0.8397865
0.9054449
0.9013874
0.8380776
0.9051449
0.8975631
0.903538
0.896036
0.9004586
0.9086649
0.9098472
0.9199583
0.9146563
0.9122695
0.8387133
0.8374355
0.8983185
0.9023503
0.8983936
0.9002318
0.909803
0.8999216
0.9131859
0.8489034
0.8007998
0.7947082
0.9038957
0.9026393
0.8954638
0.907762
0.9097503
0.8997526
0.8972297
0.9159198
0.9024478
0.9242363
0.9305598
0.9079531
0.9267877
0.9189981
0.9296493
0.9175505
0.920453
0.9062774
0.8985726
0.8970213
0.8987856
0.9062599
0.9119451
0.9138408
0.906729
0.8971243
0.9000509
0.9089675
0.9045355
0.9072169
0.9072117
0.8991485
0.9144033
0.8991767
0.9173387
0.9039119
0.9052253
0.9200815
0.9146588
0.9202496
0.9208087
0.9094962
0.9067806
0.908483
0.920054
0.8960781
0.9095799
0.9079443
0.8610803
0.8962696
0.9064334
0.9080254
0.9160082
0.906777
0.9113086
0.90997
0.8964501
0.9212743
0.8911756
0.9071209
0.8650762
0.8403654
0.8497745
0.8508866
0.844251
0.8417975
0.9073723
0.8987346
0.8393126
0.918963
0.9017364
0.9040359
0.9023786
0.9024382
0.8404239
0.9054664
0.9093117
0.8416432
0.9127159
0.9027974
0.899326
0.9028767
0.9052676
0.9126859
0.9169849
0.9232522
0.9189311
0.9124611
0.8414992
0.8406085
0.8975342
0.9013273
0.9073039
0.9037767
0.9134243
0.9033868
0.9150036
0.8410956
0.7756333
0.7707847
0.9093808
0.8953408
0.8973097
0.913307
0.9109551
0.8998468
0.8960426
0.9175345
0.9041856
0.9197843
0.9263895
0.9071756
0.9287036
0.9212142
0.9237393
0.9156542
0.921384
0.9047568
0.8952152
0.8993276
0.898275
0.9041414
0.9104882
0.9161856
0.9131109
0.9078089
0.9072056
0.9128952
0.9028111
0.9141858
0.912126
0.901666
0.9154494
0.9052329
0.9168098
0.9073365
0.9073818
0.917771
0.9129944
0.9223351
0.9222929
0.9102653
0.9046312
0.9106005
0.9216198
0.8962618
0.9079996
0.9048755
0.8560779
0.9031323
0.9044551
0.9118404
0.917633
0.9071217
0.9201275
0.9159958
0.8986733
0.9234149
0.8918561
0.9058824
0.8644316
0.8408405
0.8509141
0.8468769
0.8455373
0.8378071
0.907805
0.8956607
0.8349696
0.9191297
0.8976221
0.9025993
0.9069007
0.9087223
0.8453442
0.9072914
0.905286
0.8383524
0.9176059
0.9028786
0.9047433
0.9030773
0.9058334
0.9108834
0.9165983
0.9233392
0.9178513
0.9208442
0.8338043
0.8405168
0.9029625
0.9019074
0.902139
0.9051543
0.9120558
0.9053063
0.8897333
0.9051139
0.9062712
0.9087662
0.7460595
0.9064964
0.8071798
0.8845806
0.8758743
0.852727
0.8531694
0.887011
0.8983198
0.9089584
0.9191656
0.892606
0.9124187
0.9014437
0.9205845
0.9000178
0.9052777
0.8869853
0.9050948
0.9034175
0.9056977
0.8775824
0.9111072
0.8898944
0.8955104
0.8922355
0.8935833
0.9018271
0.9029804
0.8968181
0.8986047
0.9007197
0.7137206
0.8960472
0.8901659
0.8989068
0.8286562
0.9030502
0.7656219
0.8946601
0.8377301
0.9050147
0.893833
0.8989837
0.908091
0.8531554
0.9048762
0.8793003
0.9025407
0.7514058
0.9079797
0.8330813
0.8164719
0.8955213
0.8923306
0.907048
0.824038
0.897271
0.8979121
0.8934186
0.9037638
0.9006511
0.8988119
0.8975011
0.9004874
0.8986923
0.8771006
0.9071457
0.9019151
0.8175174
0.8973893
0.8813189
0.8784542
0.8869136
0.9004904
0.9040029
0.8760285
0.905876
0.8991185
0.9124476
0.7651637
0.9012525
0.8832535
0.8814863
0.8999747
0.9128663
0.8846694
0.8914591
0.8988643
0.9009309
0.8491854
0.8632821
0.9015914
0.8788078
0.8760006
0.6668546
0.9089767
0.8412156
0.7801489
0.7701228
0.904523
0.8926622
0.8957951
0.9084537
0.906803
0.9016399
0.8954428
0.9159423
0.8920858
0.9232561
0.9274938
0.906034
0.9260112
0.9154229
0.9300366
0.9164093
0.9216794
0.9051379
0.8889864
0.8906176
0.8893314
0.9011528
0.9074845
0.9136556
0.9013746
0.8967459
0.8972303
0.9083438
0.8959518
0.9062557
0.9042549
0.8971149
0.9113915
0.8929872
0.9156635
0.9003604
0.9068711
0.9151926
0.914022
0.9224419
0.9209825
0.905875
0.9030599
0.9050291
0.915914
0.8945935
0.9028969
0.905843
0.8531886
0.8966473
0.9028139
0.9091809
0.9175514
0.9030505
0.9154754
0.9097485
0.8943491
0.9198306
0.8828357
0.9023076
0.8564093
0.829167
0.8434092
0.8417033
0.8352696
0.8343918
0.9031276
0.8876075
0.8265169
0.9178749
0.8918209
0.9009048
0.902056
0.9045851
0.8332257
0.9027284
0.9038736
0.8396166
0.9093523
0.8993777
0.9009427
0.896148
0.9013743
0.9079442
0.9121701
0.9214948
0.9158005
0.9162791
0.8257191
0.8355338
0.897485
0.9012306
0.8957585
0.9001648
0.9127006
0.8974856
0.882064
0.8968343
0.9009028
0.8966204
0.885181
0.9047308
0.8869296
0.8975765
0.888134
0.870976
0.8684597
0.8980755
0.9084269
0.893355
0.9049298
0.8785659
0.9138207
0.8955939
0.9044405
0.8800596
0.8734247
0.86957
0.9058641
0.9063929
0.9029059
0.8505877
0.9058582
0.8588843
0.9182447
0.9160017
0.915757
0.9123154
0.9160018
0.9166246
0.914153
0.9140001
0.8935704
0.9118852
0.8723101
0.9141511
0.8749176
0.8780497
0.8859462
0.870635
0.8944413
0.9127881
0.8529874
0.915428
0.9131123
0.8701623
0.9080324
0.8377866
0.8965067
0.8798299
0.9108709
0.8865782
0.8872395
0.9118944
0.9013942
0.9256098
0.8892586
0.8749406
0.9066258
0.8893843
0.9090074
0.8932312
0.8964429
0.8962295
0.8951721
0.8955887
0.9031543
0.9030553
0.8950492
0.8927853
0.9094183
0.8441
0.8462522
0.8972714
0.8996264
0.9108408
0.8120009
0.8999856
0.919443
0.9131569
0.8831684
0.9055235
0.8533378
0.8524119
0.9196292
0.9101794
0.8760276
0.8990162
0.8905607
0.9000683
0.8701496
0.8756074
0.9089046
0.8442019
0.8737158
0.8842136
0.8916282
0.9079111
0.9093127
0.9080386
0.8918445
0.9170254
0.892861
0.9052439
0.8965615
0.880147
0.8784227
0.9004259
0.9192718
0.8958348
0.9073893
0.8891256
0.9095761
0.9004867
0.9068983
0.8836942
0.8743175
0.8767005
0.9203134
0.9138737
0.9151515
0.8484498
0.9133389
0.6360556
0.9211733
0.9195991
0.9210564
0.9200042
0.927034
0.9199245
0.9179513
0.9204445
0.8985938
0.9210536
0.8638738
0.918781
0.8862551
0.8843338
0.8939642
0.8752877
0.8994778
0.9160722
0.8701877
0.9168404
0.9160003
0.8779034
0.9200533
0.8328746
0.9034133
0.8865991
0.9148798
0.8911407
0.8909966
0.9149803
0.9076972
0.9274338
0.8972137
0.8755744
0.9177979
0.8986506
0.9170228
0.9062334
0.9073293
0.9093755
0.9122059
0.9069594
0.9109102
0.9167994
0.9069924
0.8978601
0.9186503
0.851757
0.8485705
0.9037021
0.9078933
0.9199494
0.8490068
0.9091166
0.9203915
0.9206502
0.8901544
0.9201191
0.8580904
0.8597781
0.9227031
0.9192228
0.8749459
0.9068047
0.9084777
0.9060498
0.8855474
0.8854995
0.9168287
0.8471984
0.8739137
0.8873989
0.9208889
0.9063193
0.9080658
0.9037843
0.908114
0.8974426
0.9068223
0.9018313
0.9074545
0.9090975
0.9103767
0.9211078
0.8924336
0.9362414
0.943629
0.9156331
0.9390909
0.9288613
0.940519
0.9274159
0.9325295
0.9176615
0.8998134
0.8987361
0.8985957
0.9154042
0.9154432
0.926099
0.9016763
0.893083
0.8917312
0.9050317
0.7390505
0.9055183
0.9026066
0.9029473
0.9159554
0.891391
0.925695
0.8957067
0.914157
0.9372332
0.9121646
0.9314719
0.9280632
0.9007212
0.9203636
0.9018966
0.916243
0.9098555
0.908167
0.9171475
0.9055342
0.9071024
0.8954902
0.9147225
0.9230603
0.901819
0.9107675
0.9062861
0.8968272
0.9346752
0.8821749
0.9122001
0.897115
0.8947173
0.8988124
0.8993701
0.8967907
0.8967692
0.8908871
0.895902
0.8989176
0.9240456
0.892786
0.9210231
0.9217209
0.906506
0.895858
0.9049327
0.9187455
0.9008729
0.9056772
0.8481988
0.9117936
0.902356
0.9138119
0.922434
0.9028776
0.9175198
0.9257672
0.9111667
0.8962819
0.8997784
0.9006536
0.9068168
0.898728
0.9140961
0.9199841
0.9097123
0.8968615
0.9198892
0.9154194
0.9165847
0.8886784
0.9216967
0.8968008
0.9096162
0.9015818
0.8892808
0.8856408
0.9034087
0.9207503
0.9048539
0.9121484
0.8926059
0.9144047
0.9001913
0.9129596
0.8944868
0.8889521
0.8928407
0.9246215
0.9215067
0.9203882
0.8742645
0.9226742
0.8673953
0.9216242
0.9219813
0.9221625
0.9227383
0.9262401
0.9200738
0.9219341
0.9219178
0.8962381
0.9193204
0.49911
0.9200308
0.8896544
0.8934209
0.891559
0.8930021
0.9037491
0.9196459
0.8792761
0.9179133
0.9240641
0.8860922
0.9224996
0.8566116
0.9161776
0.8931101
0.9170991
0.8913824
0.8973525
0.9211131
0.9128962
0.9302569
0.9035672
0.8839999
0.9180701
0.9036149
0.9193861
0.9113364
0.9130799
0.9119602
0.9137889
0.9151919
0.9122901
0.9240963
0.9161087
0.9045011
0.9207433
0.8755118
0.8654858
0.9102645
0.9159414
0.9249547
0.8707518
0.9139717
0.9233066
0.9272014
0.8951335
0.9206865
0.8798025
0.8743942
0.9237487
0.9228356
0.8904022
0.9126248
0.9116287
0.9132218
0.8950011
0.8945638
0.9183968
0.8617752
0.8851199
0.8915869
0.9134954
0.9206765
0.9149024
0.9142096
0.9151024
0.912116
0.9139915
0.9016268
0.9135107
0.9116092
0.910721
0.9167497
0.9134244
0.9261305
0.9320862
0.9168105
0.930103
0.9243952
0.9333932
0.9119514
0.922863
0.9120781
0.9161082
0.9130525
0.9143056
0.9070485
0.8529284
0.916895
0.9104441
0.9151169
0.9136934
0.9094828
0.9197537
0.9070753
0.9117841
0.9096148
0.9149533
0.9137961
0.921474
0.9098181
0.9132481
0.9156344
0.9185026
0.9158424
0.924276
0.9054123
0.9113649
0.9125339
0.8933319
0.9106038
0.9065863
0.9091883
0.9074126
0.9111103
0.9080417
0.9132268
0.9157125
0.9125708
0.9067244
0.9148714
0.9129151
0.9204073
0.9195065
0.9052537
0.9150483
0.910472
0.9097227
0.9071745
0.9116845
0.9115644
0.9059982
0.9165625
0.9164772
0.9158438
0.9099486
0.9159999
0.917857
0.9075622
0.911788
0.9118545
0.9087955
0.9149017
0.9137631
0.9148376
0.9136307
0.9132851
0.9131451
0.9099769
0.9165162
0.8451416
0.9184742
0.9051992
0.9135088
0.9128156
0.9081345
0.9162102
0.9153889
0.9101061
0.911907
0.9132845
0.8967685
0.9034912
0.9063266
0.9051118
0.7556619
0.9117226
0.8089042
0.8911674
0.8802372
0.8547012
0.8557309
0.8889353
0.9049257
0.9093389
0.9175518
0.8948013
0.9165718
0.9066549
0.9226097
0.8976017
0.906493
0.889163
0.9050386
0.9057616
0.9058347
0.8787581
0.9141402
0.8928891
0.9050443
0.8996456
0.9005656
0.9071095
0.9122877
0.9083763
0.9048437
0.9045091
0.7294797
0.9028795
0.8919228
0.9077438
0.8290644
0.9044691
0.7700584
0.8980478
0.8392474
0.9084679
0.8904503
0.907373
0.9125253
0.855043
0.9095267
0.8754095
0.9066809
0.7839482
0.9083631
0.8379664
0.8269594
0.9054721
0.9002835
0.9116322
0.8356534
0.9037993
0.9057478
0.8981586
0.9083316
0.8993226
0.9027213
0.8946052
0.899
0.8990599
0.8880968
0.9087595
0.9011287
0.8221995
0.9015372
0.8801581
0.8792966
0.8928199
0.9027625
0.9128863
0.881281
0.903829
0.908899
0.917034
0.7895499
0.9069015
0.8852725
0.8831548
0.9079691
0.915658
0.8890079
0.8989877
0.9017931
0.9022637
0.8531458
0.8668164
0.9070864
0.8770799
0.8784375
0.6520904
0.9154312
0.6762581
0.8375642
0.8331864
0.9054073
0.9043671
0.9014216
0.9166461
0.9170957
0.9054833
0.9009996
0.9190304
0.9067311
0.919625
0.9204632
0.9046077
0.9281316
0.9156345
0.925301
0.9190575
0.9180472
0.9063686
0.9035224
0.9039003
0.8997931
0.9060388
0.9152703
0.9112806
0.9178556
0.9129248
0.9119275
0.9204419
0.9119377
0.9211396
0.9175577
0.9041383
0.9181687
0.9097482
0.917437
0.9155823
0.9065527
0.9177162
0.9158377
0.9175114
0.9176008
0.9097338
0.9050411
0.9170147
0.9240206
0.8992162
0.9126276
0.9076654
0.8455645
0.9091007
0.9061069
0.9165552
0.9167018
0.9140178
0.9190813
0.9223935
0.9027316
0.9223226
0.8971719
0.9106532
0.8668209
0.8420038
0.8425389
0.8489519
0.8371925
0.8431892
0.9155674
0.8993023
0.8350193
0.9185479
0.9052734
0.9005634
0.9051309
0.9152182
0.8428512
0.9159987
0.910058
0.8372624
0.9215246
0.9124456
0.9088129
0.9098695
0.9058165
0.9113072
0.925228
0.9233025
0.9152501
0.9211431
0.8421453
0.8430824
0.9034503
0.9078486
0.9113288
0.9030546
0.9166139
0.9083298
0.8867931
0.9050988
0.9089652
0.9052699
0.881259
0.90679
0.8883521
0.8980289
0.8961412
0.8759785
0.8743604
0.8990797
0.9112869
0.8980774
0.9116061
0.8882327
0.914592
0.8964581
0.9100823
0.8871188
0.8868621
0.879339
0.9132664
0.9072883
0.9095876
0.853312
0.9105711
0.8699068
0.9107985
0.9101209
0.90968
0.9121138
0.9159673
0.9154213
0.908984
0.9124332
0.8923165
0.9107053
0.8778159
0.9091071
0.8823381
0.8861094
0.8888092
0.8779172
0.9021937
0.9095602
0.8697213
0.9095189
0.9170351
0.8748548
0.9098398
0.8484826
0.9057082
0.8819747
0.9077278
0.8875574
0.8899224
0.9107749
0.8990981
0.9186741
0.891513
0.8793957
0.910955
0.898197
0.9105147
0.9004204
0.9054345
0.9022538
0.9004139
0.9026303
0.9004774
0.9087626
0.908268
0.8939059
0.9119997
0.855957
0.8564767
0.8965048
0.9062256
0.9122739
0.8558986
0.9066354
0.9149996
0.9132218
0.8874735
0.9113666
0.862253
0.864135
0.9153072
0.9139962
0.8840637
0.8986314
0.9023439
0.9068959
0.8742746
0.8856449
0.9114086
0.8553076
0.8837561
0.8830403
0.891866
0.9193096
0.9199208
0.9175016
0.8839136
0.9175731
0.892954
0.886306
0.8878424
0.8764865
0.8815584
0.8970276
0.9103315
0.9126018
0.9182252
0.8981016
0.9184389
0.9050068
0.9207383
0.8880144
0.8883563
0.8846056
0.9176487
0.9142745
0.9142826
0.8494175
0.9139192
0.8724115
0.9040656
0.9024525
0.9026493
0.9019009
0.9215087
0.8980527
0.9009801
0.9171638
0.8890091
0.904444
0.8786611
0.9055837
0.8859236
0.8885139
0.885854
0.8836455
0.8997065
0.9051313
0.8835295
0.9063862
0.9043447
0.8819341
0.9047995
0.8510208
0.9130714
0.8771034
0.9067406
0.8810233
0.8919891
0.9038083
0.8858493
0.9105624
0.8923638
0.8845499
0.9080819
0.8918822
0.9189596
0.9095211
0.9109531
0.9075227
0.9104988
0.9151676
0.8870867
0.9186171
0.9101388
0.8905007
0.9096767
0.8698761
0.8651527
0.8862602
0.910452
0.9088726
0.8565407
0.9142024
0.9024585
0.9200274
0.883523
0.9079628
0.8729075
0.8672488
0.9044572
0.9114317
0.8884293
0.8862348
0.9162071
0.9096122
0.8701834
0.8811573
0.9107675
0.8599516
0.8785849
0.8778319
0.9125124
0.9223127
0.9188637
0.9160932
0.9039323
0.8874729
0.9088941
0.8869591
0.9073485
0.9100226
0.9114753
0.9137441
0.8461509
0.9371934
0.9451589
0.9239764
0.936157
0.928862
0.9428974
0.9209322
0.9303395
0.9126151
0.8887073
0.8841718
0.8868275
0.902501
0.9136765
0.9230141
0.8506914
0.8485877
0.8486468
0.7170996
0.9032331
0.8436172
0.8380189
0.8709166
0.9104841
0.8464532
0.9222816
0.8311037
0.9113025
0.9244732
0.9077244
0.9204289
0.9224755
0.9002087
0.921454
0.8507245
0.9042129
0.9118216
0.8472525
0.9133242
0.9031799
0.90047
0.8998482
0.9089017
0.9167468
0.8503595
0.9010864
0.8634494
0.8967571
0.9276395
0.8940118
0.9041307
0.9071984
0.9066575
0.9057303
0.9008588
0.9039243
0.9088215
0.8744478
0.8915105
0.9051336
0.9192289
0.8463467
0.9177867
0.9175151
0.8983996
0.9032878
0.8664229
0.9143236
0.9080643
0.8341266
0.9106394
0.9032375
0.7780147
0.9119747
0.9145962
0.8457919
0.9148004
0.9246028
0.9038174
0.9064534
0.9068262
0.8970162
0.9097217
0.8687875
0.9131888
0.9163491
0.8993057
0.9125386
0.9100411
0.9057243
0.903498
0.9006196
0.8726438
0.9039542
0.8919536
0.9056973
0.9025632
0.9000108
0.9144726
0.8410515
0.9342699
0.9416927
0.9158792
0.9354883
0.9210098
0.9382796
0.917318
0.9263954
0.9109027
0.8794688
0.8701479
0.8757741
0.9056319
0.9108834
0.9195809
0.8616563
0.8523083
0.8544004
0.7772846
0.8979447
0.858966
0.8404807
0.8707174
0.9128444
0.8561352
0.918937
0.8321946
0.9075982
0.9221257
0.9112829
0.9205187
0.9200307
0.9023962
0.9111675
0.85536
0.9086159
0.9006684
0.857633
0.9098484
0.9001599
0.8965417
0.8992207
0.9097289
0.9152116
0.8481118
0.9069482
0.8714538
0.8940198
0.9258765
0.8902534
0.9006015
0.9000143
0.8941006
0.8957702
0.8935923
0.8956102
0.8977912
0.8892714
0.8765059
0.8988136
0.9188693
0.8417731
0.9139609
0.9135763
0.8995948
0.8973783
0.8686257
0.9090909
0.9003296
0.8514757
0.9005127
0.8994879
0.5261141
0.9115003
0.9089124
0.8589127
0.9188665
0.9223645
0.908645
0.8978009
0.8981424
0.895373
0.9041397
0.8619441
0.9082984
0.9157373
0.903458
0.9144831
0.9161012
0.9156894
0.9107124
0.9027763
0.8847631
0.907486
0.8902665
0.9063869
0.9072935
0.9103807
0.9169762
0.8459003
0.9349596
0.9429355
0.91995
0.9343139
0.9258226
0.9406103
0.9206131
0.9288589
0.9138751
0.8839031
0.87886
0.8828073
0.9079014
0.9119233
0.9222662
0.8568526
0.8561842
0.8534106
0.7290651
0.9019952
0.8486908
0.8421336
0.8721266
0.9135394
0.8523769
0.9208158
0.8338996
0.9075892
0.9253079
0.9068735
0.9219687
0.9180741
0.9019932
0.9165954
0.8526432
0.9050613
0.910492
0.8507219
0.9120643
0.9051983
0.902107
0.8952364
0.9086331
0.9162532
0.8494391
0.8991247
0.8664751
0.8974256
0.9292848
0.8955667
0.9009752
0.9064307
0.9039931
0.9054751
0.9016541
0.907462
0.9068209
0.8809728
0.8880343
0.9050768
0.9164275
0.8460505
0.9185567
0.9148163
0.8976146
0.901496
0.8661713
0.9124388
0.9088586
0.8411731
0.9041358
0.9039001
0.7734273
0.9119254
0.9120185
0.8525034
0.9118076
0.924986
0.9018539
0.9057963
0.9079014
0.8966752
0.906418
0.8700953
0.9142214
0.9185031
0.9004698
0.9118791
0.9114825
0.9057622
0.9058734
0.9060162
0.8814343
0.9028903
0.8968834
0.9062789
0.904018
0.9038716
0.9157627
0.8472137
0.9340457
0.940479
0.9183754
0.9359915
0.9234215
0.9352802
0.9190933
0.9288729
0.9126293
0.879425
0.8726039
0.8773248
0.9056306
0.9118375
0.9206271
0.8689553
0.8631362
0.8589173
0.7913585
0.8972546
0.8593005
0.8476513
0.8704328
0.9133716
0.8545914
0.9211591
0.8396461
0.9068521
0.9270917
0.9114667
0.9230581
0.9220757
0.9011679
0.9174178
0.8540932
0.914811
0.9029185
0.8598106
0.9150705
0.9006853
0.8986315
0.8988815
0.9096051
0.9179513
0.8506792
0.9032632
0.8732816
0.8942385
0.9244508
0.8912648
0.902021
0.9042951
0.8984293
0.8985226
0.8962853
0.8966242
0.8989183
0.8866617
0.8766338
0.9024804
0.9159453
0.8481143
0.9124376
0.9147598
0.9011508
0.8981465
0.8677525
0.9123507
0.9074087
0.8563565
0.9028227
0.9018685
0.7772577
0.9105978
0.9134772
0.8598911
0.9131465
0.9230177
0.9063943
0.8970899
0.9000614
0.8937336
0.9053242
0.8703503
0.9092308
0.9182831
0.9058971
0.9186415
0.8474646
0.744113
0.7382059
0.9092641
0.9045282
0.9080993
0.9156103
0.9097655
0.9045113
0.9011445
0.9174265
0.9036564
0.9237167
0.924804
0.9090877
0.9284763
0.9171519
0.9289323
0.9191789
0.9234636
0.9068957
0.9007672
0.8998057
0.8993547
0.9092807
0.916176
0.9137186
0.9130544
0.9122737
0.9110468
0.9163639
0.9071795
0.9184717
0.9129245
0.9050472
0.9198788
0.9110847
0.917193
0.9125004
0.9128036
0.9231567
0.9188227
0.9211991
0.9260808
0.9150743
0.9054663
0.9112923
0.9238807
0.9016376
0.9127617
0.9075279
0.8574249
0.9106517
0.9103761
0.9170742
0.9206846
0.9102614
0.9234959
0.9189698
0.9080333
0.9237659
0.8950121
0.9108769
0.8656232
0.8394946
0.8506638
0.8479306
0.8493596
0.8411503
0.9166073
0.8997404
0.8409725
0.9233251
0.9062903
0.9077141
0.9119915
0.9165524
0.8491643
0.9157619
0.9135868
0.8473789
0.9212473
0.9108579
0.910091
0.908931
0.9073557
0.9114886
0.923408
0.9263303
0.9168726
0.924278
0.8376412
0.8475026
0.909353
0.9071271
0.9073882
0.9009947
0.9175477
0.9079943
0.8934481
0.908623
0.9066218
0.9098314
0.8093191
0.9147163
0.7765562
0.899171
0.8810598
0.8623766
0.8599326
0.8973053
0.9109445
0.9135802
0.9215619
0.8998356
0.9175346
0.9062533
0.9198518
0.9055223
0.9084699
0.8969058
0.9127255
0.9154945
0.9131962
0.8837201
0.918431
0.8949243
0.9067281
0.9060655
0.9044339
0.9140906
0.9129267
0.9090223
0.9064325
0.9128212
0.8101537
0.9018423
0.8947817
0.9096227
0.8358276
0.9068727
0.8250199
0.8969697
0.8009081
0.9135963
0.8968073
0.9123529
0.9150645
0.8612607
0.9117377
0.8912188
0.9124227
0.7452964
0.9145914
0.8434281
0.8461824
0.9072784
0.9032293
0.9154294
0.8450079
0.9042167
0.9054581
0.9007292
0.9116631
0.9063262
0.9089155
0.9044593
0.9085293
0.9052311
0.8928973
0.9128444
0.9063098
0.8495899
0.9070291
0.8875
0.8863661
0.8981716
0.9017848
0.9137742
0.8839598
0.9064238
0.91016
0.9199216
0.7530755
0.9087233
0.8846375
0.8903498
0.9133366
0.9174624
0.8909375
0.9036638
0.9040989
0.9087285
0.8602617
0.8694505
0.9129572
0.8827885
0.8810842
0.7912667
0.8965903
0.9153121
0.9168095
0.9171782
0.7609336
0.9150923
0.8268794
0.8975693
0.8859581
0.8669378
0.8667877
0.8943456
0.9083162
0.9115269
0.918866
0.9021372
0.9186672
0.9089185
0.9231084
0.9026903
0.9082492
0.8979966
0.9149117
0.9120704
0.9135754
0.8830753
0.9136441
0.8952452
0.9044604
0.9023153
0.9059567
0.9091687
0.9184828
0.9069534
0.9079591
0.9123167
0.7389899
0.9086442
0.8970926
0.9069223
0.8419408
0.9098116
0.7760361
0.8996389
0.8396421
0.9158077
0.8964561
0.9090329
0.9116205
0.8659198
0.9122733
0.8857491
0.9133772
0.787524
0.9141031
0.8418669
0.8339186
0.9093276
0.9001213
0.9110597
0.8519651
0.9062347
0.9108851
0.9020702
0.9132882
0.9098346
0.9096853
0.9057115
0.9089597
0.9106383
0.8939909
0.9187733
0.910867
0.8275694
0.9073916
0.8864908
0.8849589
0.8958148
0.9106767
0.9134998
0.8864785
0.9143018
0.9060817
0.9200512
0.7956631
0.9104026
0.8917869
0.889499
0.9051949
0.9169207
0.8947926
0.8994613
0.9108107
0.9083134
0.866527
0.8745455
0.908323
0.8874381
0.8851264
0.6308296
0.885698
0.8994975
0.9035717
0.8994006
0.8823401
0.906583
0.8857933
0.8923287
0.890323
0.8710658
0.8722369
0.8963419
0.909117
0.8918633
0.9061884
0.8787333
0.9124006
0.8987183
0.9051582
0.8796539
0.8742932
0.872799
0.9057707
0.904525
0.9035674
0.8527175
0.9059215
0.8584751
0.9149044
0.915981
0.9142017
0.9091565
0.9150284
0.914922
0.9128522
0.9127738
0.8944367
0.910209
0.8690485
0.9107136
0.8820834
0.8821024
0.8914829
0.8713823
0.8974105
0.9079052
0.8619896
0.9107405
0.9093732
0.8717432
0.9058621
0.8390026
0.8992088
0.8823701
0.9045404
0.8868572
0.8888008
0.9092788
0.8993165
0.9227891
0.887425
0.8767503
0.9058137
0.8884613
0.9080659
0.900606
0.9003749
0.8956656
0.897591
0.9008588
0.9000255
0.9048255
0.8975932
0.8922618
0.9077899
0.8481184
0.8467087
0.8919134
0.8991811
0.910122
0.817635
0.9008847
0.9171018
0.9152598
0.8838173
0.9085159
0.8520706
0.8586485
0.9207988
0.9086217
0.8748044
0.8984884
0.8968214
0.9048555
0.872208
0.8764384
0.909006
0.8436155
0.8706262
0.8836845
0.894106
0.9090747
0.9045594
0.9065474
0.890138
0.9138866
0.8918392
0.9041699
0.898598
0.8836453
0.8798535
0.897363
0.9181062
0.9023029
0.910169
0.8944627
0.9138967
0.9022771
0.9098201
0.8938851
0.8958712
0.8843935
0.9109861
0.9112255
0.9120077
0.8707531
0.9101937
0.8755658
0.9200516
0.9181457
0.9161036
0.9217633
0.9218155
0.918947
0.9161215
0.9143102
0.8950624
0.913854
0.8909776
0.91865
0.8849814
0.8947031
0.8943841
0.8875528
0.9
0.9138394
0.8788796
0.9204211
0.9142957
0.8820931
0.9132521
0.8679398
0.9063216
0.8956014
0.9132376
0.8921013
0.8938196
0.9169695
0.9045123
0.9252668
0.900678
0.8865095
0.9160605
0.8961525
0.9146051
0.9034065
0.9065056
0.9055806
0.9066462
0.9076079
0.9108434
0.9114182
0.9061987
0.8971999
0.9187487
0.8741717
0.8753197
0.900369
0.9083126
0.9162616
0.8661873
0.9109776
0.920539
0.9146104
0.8940999
0.9182208
0.8809186
0.8788628
0.9227498
0.9133289
0.8810237
0.9053405
0.9052277
0.908131
0.8920704
0.8862802
0.9159131
0.8693347
0.8777778
0.8946593
0.9060728
0.9188725
0.920117
0.9261176
0.7802052
0.9209747
0.844165
0.9043991
0.8945478
0.8814833
0.8764291
0.9019146
0.9165376
0.9166014
0.9243872
0.9067284
0.9187267
0.9110574
0.9248453
0.9090592
0.9144235
0.9051468
0.9226943
0.9219603
0.9203916
0.8874763
0.9217831
0.899947
0.9090909
0.9087607
0.9061588
0.9126117
0.9251171
0.9136924
0.9123902
0.9169835
0.7930342
0.9112183
0.8979275
0.9158272
0.8582103
0.9104913
0.7929287
0.9052096
0.8544517
0.9192118
0.9063346
0.9170475
0.9174065
0.8756257
0.9171042
0.8936685
0.9203926
0.8165999
0.922035
0.8580619
0.8378559
0.9139059
0.9072212
0.9183155
0.8669484
0.9062391
0.9159993
0.9107435
0.9192052
0.9186285
0.9173571
0.9162957
0.9167626
0.9185345
0.903004
0.9225083
0.9200125
0.8440411
0.9182007
0.8953051
0.9000071
0.9074915
0.9160303
0.9184374
0.8956077
0.9194032
0.917307
0.9251818
0.8227068
0.9162598
0.899721
0.8980428
0.91482
0.9201586
0.8980388
0.9062555
0.9186958
0.915404
0.8755098
0.8858457
0.9118717
0.8964047
0.892275
0.7750433
0.8889637
0.8993742
0.8966582
0.8963841
0.8804829
0.9050404
0.8800276
0.8943023
0.8885436
0.8650936
0.8656902
0.8941348
0.9087496
0.8965891
0.9058045
0.8823165
0.9127449
0.8981276
0.9106802
0.8900315
0.8830561
0.8738382
0.9062825
0.9055928
0.9024759
0.8551032
0.9094546
0.8681472
0.9084705
0.9055505
0.9051865
0.9069818
0.910457
0.9105328
0.9042412
0.908925
0.8885102
0.9015058
0.877684
0.9033922
0.8753776
0.8859505
0.8834783
0.8834951
0.8974169
0.9050239
0.8673747
0.9097433
0.9114957
0.8658948
0.9072279
0.8444653
0.9006675
0.8782161
0.9025015
0.8820174
0.8914365
0.9035488
0.8951796
0.9155517
0.8833394
0.8813712
0.9019137
0.8942516
0.9066329
0.8985134
0.8972715
0.8911225
0.8945081
0.8977741
0.8924351
0.9058541
0.9003616
0.8924935
0.9008443
0.8550687
0.8544435
0.8927466
0.8992176
0.908391
0.8463553
0.8966892
0.9061085
0.9125514
0.8830084
0.9027828
0.8541156
0.8588248
0.9108094
0.9128516
0.8837009
0.8965045
0.8956779
0.8981607
0.8700628
0.8744184
0.9076241
0.8446154
0.8763462
0.8714683
0.8893066
0.8994562
0.8974893
0.8978136
0.877525
0.9031475
0.8797173
0.8971796
0.8873769
0.8655468
0.865312
0.8947058
0.9090388
0.8957756
0.9079228
0.8834774
0.9112533
0.8988378
0.9111529
0.8900212
0.8834787
0.8713427
0.9060984
0.90529
0.9026807
0.8556808
0.9087424
0.8657743
0.9086834
0.9061601
0.9075071
0.9066013
0.9117507
0.9121612
0.90938
0.9104248
0.8873786
0.9043052
0.8782662
0.9050109
0.8744848
0.8840148
0.8835394
0.8841562
0.8990486
0.9051479
0.8657035
0.9097605
0.9124308
0.8658912
0.9081767
0.8436937
0.9003559
0.8779427
0.9037616
0.8825209
0.8909912
0.9073001
0.8966924
0.9175493
0.8854806
0.8793622
0.9022
0.8939318
0.9064528
0.8974497
0.8970352
0.8922287
0.8956956
0.8983677
0.8959365
0.9056692
0.8999319
0.8907403
0.902079
0.8528743
0.8557
0.8890174
0.900361
0.9080554
0.8456751
0.8977187
0.908634
0.9124156
0.8826237
0.905879
0.8551166
0.8572909
0.9154076
0.9135967
0.8830388
0.8978952
0.8958747
0.9000143
0.8707747
0.8755818
0.9079513
0.8492084
0.8777834
0.8767418
0.895818
0.8998853
0.9036882
0.9010871
0.8858911
0.9076575
0.8856978
0.900156
0.8909821
0.8683741
0.8697883
0.8973873
0.9087603
0.8989765
0.9063962
0.8871388
0.9129322
0.9019636
0.9106474
0.8900164
0.8876533
0.8810791
0.9144947
0.9112912
0.9118756
0.8626519
0.9111018
0.8688968
0.9143451
0.913731
0.9138794
0.9169806
0.9161136
0.9148289
0.9140478
0.9143973
0.8915921
0.9120721
0.8760803
0.9103847
0.8821386
0.8912488
0.8874861
0.8865612
0.9032788
0.9100464
0.8672164
0.9126545
0.9149862
0.8701176
0.9116523
0.8504218
0.9021941
0.880109
0.9072795
0.8874718
0.8964562
0.9110413
0.9022252
0.9211085
0.8885666
0.8819039
0.9097752
0.8962622
0.9098642
0.9029705
0.9017229
0.9002769
0.9006625
0.9029137
0.902235
0.9100859
0.901886
0.8932602
0.9055245
0.8567626
0.8558012
0.8993973
0.9060752
0.9119991
0.8463806
0.9004354
0.9179898
0.9160576
0.8887055
0.9080443
0.8621197
0.8596962
0.9194768
0.9178025
0.8819013
0.9016417
0.9038036
0.9041451
0.8781976
0.8828136
0.9104366
0.8580199
0.88219
0.8811419
0.9185767
0.9199874
0.9221323
0.9222129
0.9113769
0.9131489
0.9140502
0.9025802
0.9157449
0.9104431
0.912963
0.9181711
0.9134731
0.9260765
0.9376692
0.9184046
0.9325496
0.9257988
0.9381089
0.9150056
0.926752
0.9110754
0.9193412
0.9105876
0.915331
0.909981
0.8797704
0.9208093
0.9096552
0.9078691
0.9070734
0.9123313
0.9218671
0.9049953
0.9138413
0.9104064
0.9151426
0.9064188
0.9247575
0.9116118
0.909592
0.9248136
0.9147555
0.9208269
0.9227502
0.9081703
0.9136274
0.908234
0.8957847
0.9134535
0.9090233
0.9173098
0.9125199
0.9131077
0.9079168
0.9149381
0.915991
0.9106118
0.9057141
0.9131718
0.9127619
0.9250561
0.9159253
0.9082899
0.9196317
0.913827
0.9113809
0.9129232
0.9128479
0.9149407
0.9075128
0.9190009
0.9162015
0.9178939
0.9144923
0.9202871
0.9202841
0.9044836
0.9150844
0.9101788
0.9141115
0.915625
0.9125444
0.9178947
0.9174718
0.9131379
0.916527
0.9160446
0.9133565
0.8767059
0.9201092
0.9064942
0.9162355
0.9168475
0.9089749
0.9170699
0.9126306
0.9130786
0.9189893
0.911307
0.8933037
0.9069618
0.9077529
0.9077131
0.8127542
0.9115561
0.7033115
0.8949583
0.8800747
0.8651772
0.858766
0.8955353
0.907148
0.9125572
0.9191476
0.9001003
0.9173819
0.9029188
0.9235199
0.90649
0.9094003
0.8946114
0.9110034
0.9075495
0.9107016
0.881805
0.913485
0.89415
0.9026555
0.901564
0.8983881
0.9103468
0.9115631
0.9051303
0.9065948
0.9103232
0.8280418
0.9004397
0.8937732
0.9057472
0.8382618
0.9081425
0.8359252
0.9019167
0.8216742
0.9075561
0.895249
0.9120649
0.9088168
0.8593865
0.9087034
0.8853464
0.9057364
0.7685141
0.9120537
0.8503779
0.8516162
0.9037121
0.8994472
0.9091658
0.8465856
0.9015012
0.9010067
0.8984251
0.9064422
0.9014691
0.9046509
0.9018947
0.9026369
0.9038708
0.8919401
0.9117825
0.9045246
0.8558851
0.9055866
0.8860924
0.8850745
0.8944028
0.900762
0.9102113
0.8822912
0.9070899
0.91177
0.9162065
0.7789706
0.9072458
0.8828946
0.8898764
0.9113464
0.9151927
0.8925599
0.9005196
0.9030806
0.9064195
0.8617081
0.8668188
0.9103861
0.8833388
0.889628
0.805898
0.8965469
0.9236116
0.921906
0.9200616
0.8937351
0.9217597
0.8996132
0.8997068
0.9020364
0.8891184
0.892483
0.907207
0.9202445
0.9072576
0.9164858
0.8973489
0.9179294
0.9040661
0.9190559
0.8934615
0.8911176
0.8855665
0.9239668
0.9212667
0.9190835
0.8754896
0.9145127
0.8755469
0.9138392
0.9158313
0.9168693
0.9172358
0.9253795
0.9104739
0.9129728
0.9204262
0.8967005
0.9170761
0.8876929
0.9178193
0.8918649
0.8886683
0.8951719
0.8853682
0.9078081
0.9139994
0.8839501
0.9142716
0.9138135
0.8930918
0.9095083
0.8514163
0.9179529
0.8924316
0.912626
0.8993611
0.8967614
0.9136486
0.9002748
0.9192501
0.906481
0.8838375
0.9191352
0.9013733
0.9207166
0.9151316
0.9149232
0.9134323
0.9157921
0.9177967
0.9036214
0.9229879
0.9183716
0.9032224
0.9225122
0.8735532
0.8698214
0.8984394
0.9181225
0.9183036
0.8713688
0.9194607
0.9136782
0.9238045
0.8935943
0.9203687
0.876238
0.874313
0.9129095
0.9153825
0.8911842
0.902083
0.9198123
0.9153782
0.8856069
0.8960177
0.9185748
0.8695399
0.8885722
0.891503
0.878666
0.9152313
0.9157488
0.9127213
0.8816622
0.9146184
0.8913986
0.8904534
0.8915158
0.8707222
0.8772287
0.899775
0.9118279
0.9013952
0.913769
0.8856684
0.9132825
0.8994195
0.9121603
0.8739873
0.8795417
0.8743852
0.9154462
0.9135062
0.9164586
0.8531578
0.9061738
0.8496859
0.9118147
0.9116151
0.9105786
0.9078738
0.9212679
0.9055808
0.9060658
0.9187852
0.8856916
0.9100659
0.8603544
0.9085442
0.8843658
0.8833231
0.884419
0.8698486
0.8966616
0.9086409
0.8579241
0.911651
0.9105024
0.8767443
0.9096719
0.8184056
0.9073981
0.8845818
0.9066468
0.8856173
0.8851932
0.9085956
0.887453
0.9208284
0.893296
0.8734478
0.9115006
0.8901004
0.9140249
0.9091878
0.9095795
0.9082006
0.9110156
0.9143272
0.8930493
0.9150229
0.909415
0.8937695
0.9117257
0.8524829
0.8479385
0.8943116
0.9128972
0.9102147
0.847946
0.9116612
0.9053791
0.9147584
0.8854865
0.9129278
0.8587703
0.853169
0.910145
0.9105614
0.8799161
0.8869426
0.9119986
0.9112918
0.8799412
0.8839168
0.9105076
0.8372384
0.8677134
0.8799504
0.8922375
0.9139881
0.9160976
0.9128257
0.8823594
0.9044495
0.8894304
0.880902
0.8898086
0.8836871
0.8794236
0.9044668
0.9030925
0.9139583
0.9235768
0.8970161
0.9180761
0.9041577
0.9253855
0.8927503
0.8974083
0.8860558
0.9093009
0.9062771
0.909468
0.8628525
0.9114644
0.8753535
0.8924532
0.8933318
0.8930839
0.8966376
0.907369
0.8944688
0.8977446
0.905965
0.8886156
0.8939338
0.8812523
0.8984902
0.8910045
0.8940957
0.8866623
0.8906917
0.9022362
0.9067094
0.8840114
0.901763
0.9021313
0.8800044
0.8969046
0.8536302
0.9051945
0.8776562
0.9036732
0.8881405
0.8888407
0.9000252
0.8786411
0.9036166
0.8878693
0.8895881
0.8991059
0.8916993
0.9095963
0.907365
0.9053919
0.9002478
0.9065467
0.9068483
0.8745654
0.9096977
0.9051523
0.8989396
0.9034893
0.8705387
0.868784
0.8822624
0.902694
0.8980873
0.8720248
0.9091104
0.8937356
0.9131778
0.8838006
0.9039694
0.8713733
0.873521
0.9032773
0.9110403
0.8922319
0.8801549
0.9037358
0.9052998
0.8725712
0.8820464
0.9070624
0.8624236
0.8793405
0.8825658
0.8868327
0.9068163
0.9089295
0.906985
0.883434
0.9087963
0.8927145
0.8996583
0.8869519
0.8731343
0.8713406
0.8978082
0.9134276
0.8912378
0.9063135
0.8809237
0.9089738
0.8958042
0.9039087
0.8781663
0.8761691
0.871779
0.9118025
0.9114574
0.9093967
0.8445045
0.913778
0.8493569
0.9142888
0.9127289
0.9141743
0.9100926
0.9174028
0.9143453
0.9123669
0.9173507
0.8935935
0.9128305
0.8619245
0.9144135
0.8810335
0.8738507
0.8881735
0.8675781
0.8981994
0.9123766
0.8580803
0.9152982
0.9143267
0.8722062
0.9113938
0.7960084
0.9090974
0.8858179
0.9130465
0.8864781
0.8913191
0.9122838
0.902992
0.9226459
0.894331
0.8631204
0.9111191
0.8935457
0.9133053
0.9061856
0.9043066
0.9014626
0.9040051
0.908235
0.9036815
0.9106773
0.9057788
0.8909892
0.9123584
0.8410937
0.8377553
0.8978283
0.907155
0.9153287
0.8485687
0.9058547
0.9185625
0.9156176
0.8857875
0.9121549
0.8462948
0.8505264
0.9182115
0.9175333
0.88064
0.9023279
0.9079332
0.9030372
0.8779253
0.8828858
0.9113387
0.8345201
0.8757669
0.88202
0.8837275
0.9110433
0.9098854
0.9107415
0.8917768
0.9162567
0.8903268
0.8979955
0.8944271
0.8743791
0.8756156
0.8976419
0.9145229
0.8952334
0.9086758
0.880226
0.9105533
0.8979999
0.9113591
0.8828122
0.8760166
0.8778287
0.9147992
0.9150663
0.9161526
0.8443538
0.9111725
0.8463201
0.9188341
0.9163431
0.9165679
0.9177089
0.9228717
0.916765
0.915082
0.9189629
0.8940246
0.9147579
0.8646397
0.9145414
0.8829258
0.8794082
0.8907335
0.8693764
0.9042278
0.9140705
0.8592844
0.9158461
0.9097402
0.8757836
0.915143
0.7988035
0.9081956
0.8869261
0.9146212
0.8917452
0.8919565
0.9142555
0.9039025
0.9238132
0.8975097
0.8705334
0.9117298
0.8968754
0.9118017
0.9031949
0.9087424
0.9074068
0.9064195
0.9072604
0.9042408
0.915303
0.9065952
0.8973313
0.9131518
0.8423418
0.8421053
0.901581
0.9112733
0.9144949
0.8463864
0.9099597
0.9175269
0.9193854
0.889168
0.9182839
0.8570479
0.8571007
0.9174845
0.9158012
0.8780567
0.9026134
0.9097493
0.9101342
0.8800599
0.8834832
0.9159878
0.8346611
0.8764695
0.8872849
0.8844364
0.9142665
0.9144036
0.912114
0.8841019
0.9148891
0.8922016
0.8948589
0.8963514
0.8756298
0.8814812
0.9025731
0.9140075
0.8965903
0.9086944
0.8842882
0.9159156
0.8999323
0.9100191
0.8794567
0.8767762
0.8759906
0.9164803
0.9135886
0.9117762
0.8508125
0.9123733
0.8503085
0.9115553
0.9138683
0.9116234
0.913059
0.9253484
0.9133697
0.9107054
0.9198712
0.8897159
0.9128325
0.8711402
0.912178
0.8832022
0.8780681
0.8828536
0.8773697
0.8988894
0.9112211
0.8615271
0.9114339
0.9121997
0.8804407
0.9095429
0.8084401
0.9063068
0.8842613
0.9073647
0.8893266
0.8864729
0.9125172
0.8942658
0.9218263
0.8918899
0.8729374
0.9136295
0.8883688
0.9110613
0.9049207
0.9086845
0.9030462
0.9068241
0.9073555
0.902476
0.9159446
0.9090167
0.8920655
0.9135235
0.8488125
0.8434447
0.8946198
0.9093705
0.9129803
0.8463004
0.9115993
0.9141616
0.9194921
0.8861671
0.9102867
0.8603863
0.8523667
0.9151651
0.9150696
0.8787737
0.8961086
0.9091103
0.9059784
0.8810323
0.8846921
0.9123893
0.8392561
0.8768234
0.8784731
0.8874925
0.9132938
0.9161197
0.9170645
0.8837445
0.9149599
0.8937379
0.8998825
0.8952455
0.8711889
0.8745683
0.8998516
0.9176604
0.8983957
0.9064186
0.8807879
0.9086602
0.8972551
0.9067681
0.8729246
0.8768071
0.8766309
0.9205089
0.9131534
0.914708
0.8515173
0.9101088
0.8423915
0.9185551
0.916952
0.9124756
0.9161907
0.9279182
0.9143751
0.9144066
0.9240332
0.8902509
0.9138384
0.8626616
0.9150974
0.88098
0.8718767
0.8905958
0.8668219
0.8982274
0.9136752
0.855731
0.9172137
0.9147731
0.8741628
0.9138542
0.8048544
0.909554
0.886815
0.9121422
0.890737
0.8909501
0.9144632
0.8948928
0.9223318
0.8993008
0.8638149
0.918218
0.8935344
0.9162942
0.908424
0.9092416
0.911716
0.9092424
0.9085743
0.902402
0.9161715
0.9110488
0.8909774
0.9184935
0.8406397
0.8354105
0.8978568
0.9121648
0.9167404
0.8415372
0.91451
0.9145793
0.9229313
0.8902636
0.9144421
0.8499758
0.8513644
0.9165096
0.9167685
0.8733994
0.8953828
0.9118055
0.9094035
0.8805402
0.8839289
0.9099289
0.8340155
0.868771
0.8831823
0.8829069
0.9120567
0.912933
0.9092426
0.8865672
0.9161497
0.8938373
0.8994534
0.8925147
0.8759819
0.8790788
0.9002682
0.9198206
0.8965553
0.911417
0.8824792
0.9139135
0.8974999
0.9103489
0.8794789
0.8763956
0.8745928
0.9178824
0.9156516
0.9126925
0.8509529
0.913271
0.8423257
0.9181481
0.9188007
0.918054
0.9128123
0.9245473
0.9163478
0.9141683
0.9166726
0.8949016
0.9196075
0.8607832
0.9153177
0.8852701
0.8770017
0.890507
0.8738735
0.9027044
0.9150079
0.8574862
0.9185361
0.9163883
0.879532
0.9132341
0.7984535
0.9039971
0.8887446
0.9145929
0.8932977
0.8940192
0.9133084
0.9034818
0.9236312
0.8941784
0.8702187
0.9137708
0.897238
0.9135958
0.9077799
0.9051332
0.9057951
0.9060805
0.9094736
0.9052757
0.9164273
0.9043874
0.8981633
0.9155155
0.843226
0.8339616
0.8974304
0.9062323
0.9119263
0.8499237
0.9141195
0.9176124
0.9237394
0.8872232
0.9138534
0.8573591
0.8558509
0.9194455
0.919725
0.8780699
0.9020351
0.9082086
0.9076368
0.8845916
0.8840622
0.9134185
0.8333144
0.875751
0.8854918
0.8946596
0.904973
0.9013501
0.8987851
0.8944884
0.9110486
0.889699
0.9032235
0.8979807
0.8782852
0.8774924
0.8997537
0.9135375
0.8971639
0.9072841
0.8783877
0.9130226
0.8993241
0.9075137
0.8847403
0.8821365
0.8809643
0.9140415
0.9065261
0.9107807
0.8597599
0.9138074
0.8590316
0.9233593
0.9193146
0.9222984
0.9203677
0.9241394
0.9199844
0.9191586
0.9147112
0.9007773
0.9151921
0.8728322
0.918278
0.888873
0.8821959
0.893217
0.8799487
0.9031597
0.9106734
0.8637012
0.9176768
0.91709
0.8793927
0.914388
0.8398523
0.9046471
0.8881518
0.9122688
0.8934708
0.8939137
0.9144955
0.9039418
0.9249728
0.8925608
0.873151
0.9101224
0.8952861
0.9140549
0.8976386
0.9041168
0.9046196
0.9023442
0.9013955
0.9076775
0.9119312
0.9051876
0.8958929
0.9150897
0.8501923
0.8535966
0.9023338
0.8997026
0.9169793
0.8548334
0.9073088
0.9208658
0.916364
0.8906857
0.915244
0.8577716
0.8595356
0.9232008
0.9162916
0.8770151
0.9026998
0.902355
0.9065272
0.8859504
0.8802659
0.9138484
0.8466709
0.8780558
0.8917513
0.9023259
0.9260139
0.925912
0.9281032
0.895959
0.9257097
0.904012
0.9010284
0.9050596
0.8972962
0.8996131
0.9095211
0.9200167
0.9088563
0.9227619
0.9027397
0.9176606
0.9114336
0.9225319
0.8961852
0.8969644
0.8962603
0.9230236
0.9217744
0.9235111
0.8785377
0.9154708
0.8845459
0.9148329
0.9182161
0.9159126
0.9191207
0.9261864
0.9079665
0.9122237
0.9238972
0.8972935
0.914325
0.8967517
0.9176581
0.9011027
0.8946653
0.8938873
0.887316
0.9065683
0.912825
0.8902706
0.9147579
0.9128061
0.8989074
0.9139561
0.8653818
0.922012
0.8906161
0.9145391
0.8978451
0.8971995
0.9141393
0.9002468
0.9201255
0.902023
0.8921964
0.920435
0.90464
0.9227287
0.9222615
0.9216598
0.917844
0.919577
0.9200606
0.9059938
0.9236977
0.9256666
0.9054021
0.9180139
0.883972
0.877307
0.9003646
0.9190389
0.9192979
0.8793823
0.9230346
0.9111641
0.9258626
0.8990274
0.9193464
0.8828458
0.8768891
0.9170123
0.9142838
0.8977482
0.8987016
0.9237238
0.9213611
0.8916163
0.9006144
0.9194556
0.877129
0.8888029
0.8946221
0.8904395
0.9092915
0.9082139
0.9066586
0.8869656
0.9126061
0.892253
0.8992681
0.8929117
0.8749909
0.8746373
0.8999759
0.9178616
0.899676
0.9085517
0.8883416
0.9114139
0.9007653
0.9059254
0.881046
0.8776012
0.8790055
0.9184469
0.9132504
0.915495
0.8545853
0.9068428
0.847541
0.917983
0.9152469
0.9174991
0.916551
0.9241556
0.9162967
0.9145775
0.9181193
0.8923038
0.9193669
0.8642567
0.9150743
0.8813578
0.879412
0.8889965
0.8691257
0.8979319
0.9154775
0.8613745
0.9171093
0.9182978
0.8736192
0.912295
0.803339
0.905146
0.8871376
0.915543
0.8883831
0.8844039
0.9115279
0.8991234
0.9213762
0.8989964
0.8778855
0.9153151
0.8971678
0.9177396
0.9052027
0.9071554
0.9078971
0.9065238
0.9060458
0.9068263
0.9148361
0.9099157
0.8934987
0.9171192
0.8513131
0.8436354
0.8998786
0.9085314
0.9138749
0.8518519
0.9069305
0.9165245
0.9189595
0.8859788
0.9150789
0.8541095
0.8520427
0.9208117
0.9140551
0.8771689
0.8984591
0.9081106
0.9086598
0.8770696
0.8812986
0.9191262
0.8357685
0.8741883
0.8841999
0.9108314
0.8995435
0.8975087
0.8971529
0.9013906
0.8650601
0.8976884
0.8945134
0.9066681
0.9000541
0.900699
0.9119418
0.8350519
0.9335553
0.9397657
0.9107446
0.9338558
0.9201365
0.9386752
0.9200354
0.9286441
0.9107601
0.8633265
0.8626205
0.860255
0.9049545
0.9156422
0.9200454
0.8614002
0.8516119
0.8542465
0.8343852
0.8873758
0.8472029
0.8457467
0.8646901
0.9107296
0.8510375
0.9175207
0.8302809
0.9069717
0.9264783
0.9074705
0.9244219
0.9203769
0.9022638
0.9144134
0.8466495
0.9092821
0.8996932
0.8536335
0.9102486
0.8965946
0.8954973
0.8987667
0.9077854
0.9157016
0.8470611
0.903646
0.8712378
0.8893195
0.9311348
0.8804491
0.8997483
0.8897681
0.8855685
0.8905062
0.8873528
0.8898249
0.8870227
0.8807233
0.8648362
0.8906657
0.9163383
0.8302328
0.9082836
0.9125098
0.8965228
0.8895151
0.859671
0.9144022
0.893266
0.8499904
0.9006922
0.9031525
0.8199905
0.9068982
0.912542
0.8561683
0.915916
0.9229091
0.9053617
0.8848102
0.8919502
0.8960996
0.8968572
0.8647863
0.9058599
0.9189926
0.8977533
0.8979577
0.9040726
0.9024487
0.9045616
0.8919913
0.9014644
0.8927371
0.8336809
0.8906973
0.8822612
0.8840958
0.9017443
0.8920123
0.9225538
0.9286503
0.9092438
0.923868
0.913176
0.9313359
0.9089493
0.9167925
0.8981749
0.9000327
0.9021684
0.903031
0.8855042
0.9057853
0.9066349
0.8897998
0.8839996
0.8871568
0.8978773
0.902064
0.8835024
0.8930366
0.8949229
0.8973414
0.8902971
0.9085437
0.8885847
0.8969057
0.9075191
0.8928559
0.9024079
0.9099412
0.9003319
0.8993105
0.9015806
0.8986633
0.8846739
0.8905949
0.8927308
0.8992665
0.8836912
0.8941152
0.8912809
0.9012156
0.8947235
0.8226349
0.8985534
0.8861771
0.9124232
0.8906672
0.8551154
0.9030826
0.8994399
0.9015697
0.8942519
0.8985606
0.8973499
0.842533
0.9007941
0.8977699
0.9072768
0.8913409
0.8980091
0.8957651
0.5241585
0.8959069
0.8939532
0.8884095
0.8986844
0.8918741
0.9030642
0.8900857
0.896084
0.8894434
0.8939247
0.8952548
0.903952
0.9030873
0.8288209
0.8952388
0.8982154
0.8783714
0.887011
0.8973381
0.8907082
0.9014366
0.8860111
0.9152484
0.851079
0.7964128
0.7909596
0.906579
0.896951
0.905169
0.9043866
0.9110343
0.9050693
0.9012035
0.9159262
0.8977871
0.9258013
0.93141
0.9104165
0.929494
0.9191647
0.9337996
0.9230449
0.9253241
0.9070258
0.8979327
0.898521
0.9028147
0.9056958
0.9123205
0.9174886
0.9019537
0.8953774
0.8980405
0.90825
0.9018497
0.9025654
0.905866
0.9019551
0.9128852
0.8934186
0.9184427
0.9023544
0.9090973
0.9206602
0.9120331
0.9237662
0.9236817
0.9062123
0.9090395
0.9088186
0.9173304
0.9011904
0.9045921
0.9102767
0.8600765
0.9004355
0.9050572
0.9130206
0.9199736
0.9066799
0.9112634
0.9100766
0.9010729
0.9246604
0.8877243
0.906565
0.8669992
0.8386599
0.8443973
0.8483033
0.8432167
0.8468246
0.900047
0.8955855
0.83566
0.9231756
0.8995241
0.9063363
0.9080829
0.9020543
0.8447579
0.9058333
0.910492
0.8443811
0.9048286
0.904912
0.9057858
0.8993524
0.9066751
0.913827
0.9111262
0.9218609
0.9192463
0.9129973
0.8439406
0.8389027
0.8978837
0.9045366
0.9020311
0.9069331
0.9151701
0.9074676
0.9192765
0.8469246
0.7948497
0.7872122
0.9086027
0.899031
0.8996285
0.9084174
0.9081532
0.9023276
0.8994921
0.9186744
0.901752
0.9239794
0.9282039
0.9113281
0.9264686
0.9160107
0.9320435
0.9211003
0.9214862
0.9078493
0.8974544
0.8977273
0.899697
0.9051648
0.9146239
0.9139834
0.9075934
0.9010632
0.9003764
0.9048854
0.9046412
0.9104047
0.9035254
0.9038171
0.9143578
0.8943824
0.9181758
0.9004704
0.9061825
0.9183369
0.9106017
0.9201192
0.9208303
0.9073211
0.9030812
0.9083697
0.9229916
0.8989687
0.9023299
0.910375
0.8607703
0.8953041
0.9031009
0.9104467
0.9186172
0.9068504
0.916528
0.9101369
0.8981078
0.9233977
0.8936568
0.9050388
0.8620045
0.841692
0.8517131
0.8496705
0.8473174
0.8471629
0.9031093
0.8959812
0.8398097
0.9197296
0.9005989
0.9019119
0.9023931
0.9047179
0.8417512
0.9081091
0.9040867
0.846278
0.9109895
0.90667
0.9034686
0.901306
0.9031571
0.9113692
0.913516
0.9204771
0.9170237
0.9165222
0.8409547
0.8484747
0.8972484
0.9044309
0.9032606
0.8993711
0.9169054
0.9041461
0.9146101
0.8365266
0.7606407
0.7573548
0.9056841
0.8971099
0.9000689
0.9138546
0.908057
0.8994405
0.8948646
0.9185598
0.9049911
0.9197189
0.9163436
0.9016495
0.9263279
0.9144911
0.9242113
0.9151101
0.9211856
0.9013421
0.8935566
0.8948607
0.8912859
0.9038698
0.9115428
0.9133217
0.9162811
0.9128789
0.9085813
0.9209757
0.9085189
0.9172856
0.9189578
0.9038869
0.9162136
0.9079083
0.9127677
0.9086892
0.9042404
0.9163396
0.918094
0.9202154
0.9212775
0.9103465
0.8976381
0.9147799
0.9234371
0.8954466
0.9096723
0.9046537
0.8507719
0.9055061
0.9061526
0.911127
0.9183449
0.912736
0.9216115
0.9208457
0.9013843
0.9230525
0.8956567
0.9059493
0.8654346
0.8319538
0.8432281
0.844669
0.8385984
0.8403448
0.9138526
0.8912706
0.82893
0.9206226
0.9019852
0.8982829
0.8974592
0.9092971
0.8450436
0.910261
0.9052275
0.8358996
0.9197346
0.9036785
0.908219
0.9058414
0.9009547
0.9102725
0.9241446
0.9238491
0.9122196
0.9224113
0.8332108
0.8373039
0.9044294
0.9015655
0.906474
0.9019999
0.9119672
0.9098484
0.9159284
0.8485877
0.7981699
0.7907237
0.905186
0.8982439
0.9015286
0.9120644
0.9109669
0.9039682
0.8998777
0.9181291
0.9041694
0.9247661
0.9312006
0.9111623
0.9312524
0.9210209
0.9291251
0.9183969
0.9232798
0.9038448
0.8996342
0.899865
0.8979569
0.9045594
0.9161926
0.9144739
0.912273
0.9073065
0.9051238
0.9142257
0.9047424
0.9101838
0.909081
0.9038251
0.917463
0.9021219
0.9200904
0.9082204
0.9084532
0.9202066
0.9153819
0.9227968
0.9231279
0.9098901
0.9080402
0.9116319
0.9198366
0.89911
0.9099489
0.9094556
0.8643278
0.9035417
0.9081465
0.9104648
0.9205363
0.9080385
0.9188386
0.9111402
0.9060709
0.920812
0.8975384
0.9107796
0.8714938
0.8498034
0.856881
0.8523412
0.8544008
0.8505207
0.9069488
0.8991145
0.8433363
0.9207083
0.8985895
0.9062354
0.9027773
0.9087121
0.8525561
0.9091598
0.9085007
0.8465254
0.9114098
0.9057928
0.9055587
0.9024069
0.9036296
0.9139949
0.9182639
0.9239253
0.9160572
0.9189083
0.8494673
0.854564
0.9060327
0.9065407
0.9083466
0.9025782
0.9155114
0.9055769
0.9178253
0.8387968
0.7854342
0.7806979
0.904469
0.89742
0.8971359
0.9121286
0.9125683
0.9005727
0.8933009
0.9175763
0.8956588
0.9257603
0.9309162
0.9112757
0.928882
0.9193973
0.9348818
0.9206216
0.9243093
0.9056257
0.8941168
0.8945192
0.8977795
0.906966
0.9124868
0.9173342
0.9068571
0.9035123
0.9001319
0.908089
0.8966004
0.9085743
0.9069892
0.8985843
0.9162548
0.8957822
0.9184823
0.9012985
0.9050291
0.9247811
0.9154103
0.9292011
0.9243729
0.9123037
0.9071784
0.9109626
0.9241288
0.8928443
0.9106189
0.9086977
0.8586206
0.9014614
0.9068932
0.9087763
0.9177516
0.9063969
0.9213511
0.9101984
0.8945842
0.9261087
0.8873822
0.9070169
0.8621525
0.8367563
0.8425884
0.8413158
0.8379248
0.8351114
0.903947
0.8944422
0.826806
0.9181125
0.8921815
0.9064022
0.9018475
0.9085416
0.8371662
0.9075795
0.9105366
0.8374227
0.9127291
0.9028178
0.9035519
0.8968242
0.9089879
0.9136559
0.9168358
0.923002
0.9162677
0.9217223
0.835004
0.8352352
0.898431
0.9018484
0.9023564
0.9013339
0.9180052
0.905011
0.9138555
0.842537
0.7841112
0.779888
0.9052043
0.8953433
0.9033861
0.9099434
0.9047754
0.8993827
0.8936308
0.9171523
0.8977986
0.9232905
0.9289723
0.9069551
0.926602
0.9162167
0.9300038
0.9166286
0.9235915
0.9048463
0.8905742
0.8951765
0.8943498
0.9052481
0.9126875
0.9132601
0.9095091
0.9034243
0.9015293
0.9068675
0.8991169
0.9096047
0.9061635
0.898567
0.9134477
0.9002011
0.9123679
0.9018407
0.908675
0.9221971
0.9143169
0.9204522
0.9236243
0.9086219
0.9018605
0.9081149
0.9197654
0.8924978
0.9033081
0.9045361
0.8555672
0.8991585
0.9058322
0.9093963
0.9167456
0.9066291
0.9157355
0.9106352
0.8990378
0.9247211
0.8850306
0.9055082
0.8576916
0.8344914
0.8429783
0.8418358
0.8395866
0.8374839
0.8983094
0.8918741
0.8316143
0.9179431
0.8970257
0.897249
0.9015227
0.9046036
0.842288
0.9065615
0.9066629
0.8404517
0.9117246
0.9022474
0.9010757
0.8982106
0.9033489
0.909165
0.9130139
0.9204359
0.9187074
0.9180386
0.8380941
0.8415565
0.8956597
0.9025073
0.9042848
0.8970937
0.914333
0.9021094
0.9176129
0.8457912
0.7893742
0.7881041
0.9123437
0.8987618
0.9036736
0.9138724
0.9107268
0.9047063
0.9001278
0.9167063
0.8980756
0.9253518
0.9245309
0.9056664
0.9321162
0.9187237
0.9330429
0.9158296
0.9229995
0.9057429
0.8975045
0.8995245
0.8974007
0.9051767
0.9132335
0.9141883
0.912205
0.9053946
0.9053892
0.9080848
0.9078248
0.9109285
0.9125098
0.9039865
0.9168007
0.9021482
0.916148
0.9057474
0.9059623
0.917562
0.917288
0.9214051
0.9237781
0.9118041
0.9069825
0.9092792
0.9215121
0.9001137
0.9051632
0.906952
0.8588617
0.9054232
0.9066281
0.9101914
0.9165531
0.9157594
0.9191834
0.9183332
0.9020369
0.9216144
0.8963765
0.9065536
0.8653319
0.8392017
0.8494927
0.850995
0.8474443
0.8460788
0.9072261
0.8943894
0.8452139
0.9202717
0.898742
0.9040697
0.9055185
0.9076841
0.8450467
0.9087443
0.9080187
0.840003
0.9136842
0.9094491
0.9042972
0.9018338
0.9056176
0.9123399
0.9158101
0.92053
0.9197108
0.9208514
0.8407749
0.8449304
0.9057339
0.9035044
0.9028781
0.9067282
0.9177522
0.906722
0.9145284
0.8393671
0.7828
0.7731041
0.9067863
0.9054911
0.9026418
0.9151612
0.9114072
0.9019264
0.8953321
0.9148176
0.907773
0.920879
0.9234946
0.9072573
0.9256991
0.9154114
0.9270898
0.9171316
0.9211802
0.9062255
0.9025676
0.9005963
0.8997813
0.9060111
0.9123241
0.9144419
0.916069
0.9124858
0.9114044
0.9181772
0.9113695
0.9191025
0.9155556
0.9098823
0.917002
0.905583
0.915807
0.9135687
0.9066833
0.9190222
0.9161918
0.921461
0.9203318
0.9134249
0.9020941
0.9164456
0.9234189
0.8956321
0.9089896
0.9073312
0.8564857
0.9053169
0.9105948
0.9135719
0.9167902
0.9127409
0.9229073
0.9222724
0.9045188
0.9233011
0.8999926
0.9089813
0.8703894
0.8457087
0.8482639
0.848916
0.8450459
0.8500793
0.9183071
0.8999307
0.845064
0.9166961
0.9032117
0.9017019
0.9060407
0.9124755
0.8512898
0.9120402
0.9076268
0.8493664
0.9191952
0.9038984
0.9101961
0.9086287
0.906649
0.9140414
0.9267243
0.9248452
0.9158681
0.9251117
0.8456971
0.8510911
0.9051559
0.9061387
0.9092779
0.9035681
0.9137101
0.908779
0.9142837
0.8431928
0.8044138
0.7989226
0.9062961
0.9032999
0.901285
0.9148136
0.9117379
0.903309
0.8993862
0.9181062
0.9084882
0.9238139
0.9272519
0.9055993
0.9328282
0.9182004
0.9298146
0.9176334
0.9196506
0.904312
0.9023064
0.899242
0.898439
0.9073951
0.9137109
0.9126388
0.9091388
0.9033178
0.9082898
0.9128782
0.9110095
0.9148276
0.9092092
0.9022461
0.9144211
0.9067356
0.9145315
0.9071073
0.9065125
0.9194597
0.912106
0.9204152
0.919875
0.9135371
0.9021469
0.9141672
0.9176667
0.8992894
0.9115908
0.9056464
0.8507422
0.9030688
0.9051891
0.9103095
0.9199913
0.9105517
0.9168418
0.9185073
0.9023113
0.9233608
0.8956197
0.9046379
0.867825
0.8384655
0.846646
0.8509312
0.8415423
0.8470726
0.9096757
0.8999173
0.8361606
0.9174995
0.8996276
0.9034097
0.9035432
0.9064477
0.8455478
0.9094112
0.9051017
0.8407118
0.9126553
0.9083883
0.9058719
0.9054414
0.9025527
0.9103114
0.9164013
0.9251838
0.918411
0.918747
0.8438384
0.8435313
0.90117
0.9029812
0.9082108
0.9017526
0.9147044
0.9064161
0.9239057
0.9183472
0.9168154
0.9151389
0.9157597
0.9091349
0.9128055
0.9032022
0.9166906
0.9135257
0.9154609
0.9281007
0.9075636
0.9378586
0.9469634
0.9204078
0.9402276
0.933905
0.9464658
0.9262562
0.9383332
0.91945
0.9116344
0.9090674
0.9124055
0.9181584
0.9220486
0.9295154
0.9045603
0.9009149
0.8982877
0.9075162
0.8921455
0.903919
0.9085238
0.9089564
0.9210233
0.8970921
0.9313907
0.9055467
0.9198815
0.9341775
0.9180221
0.9342942
0.9313459
0.9009216
0.9301191
0.9083518
0.9178782
0.9149491
0.9108533
0.9214092
0.9108449
0.905575
0.9014195
0.9168775
0.9270613
0.911855
0.9115279
0.9068972
0.9052873
0.9390775
0.8941725
0.9143198
0.9098393
0.9041846
0.9045338
0.9056597
0.9058344
0.900809
0.8930268
0.9074033
0.9102677
0.9272331
0.9070846
0.9231213
0.9275633
0.9112647
0.9073552
0.9149606
0.9233073
0.9100642
0.911222
0.9074941
0.9129011
0.9072606
0.9211049
0.9286021
0.9083235
0.9255696
0.9342474
0.9133624
0.9050944
0.9074875
0.9062604
0.9142836
0.907086
0.923316
0.9273963
0.9118988
0.8818286
0.9038648
0.9047924
0.9056038
0.8813301
0.9119905
0.8863817
0.894891
0.8888968
0.867661
0.8661835
0.896541
0.9105383
0.8934886
0.9054561
0.8776459
0.9110424
0.8946085
0.9046621
0.871466
0.8668542
0.8684105
0.9145747
0.9101581
0.9094972
0.831993
0.908302
0.8340443
0.9153211
0.9133389
0.916033
0.9140488
0.9197361
0.9106866
0.9117291
0.9147861
0.8899796
0.9128118
0.8535602
0.9126589
0.8757005
0.8724283
0.8806861
0.8645754
0.8961685
0.9078548
0.8471178
0.9131162
0.912902
0.8665959
0.9079252
0.02674
0.9016493
0.8846028
0.9057919
0.8826183
0.8874529
0.9077098
0.8995468
0.9238422
0.8897446
0.8635496
0.9078705
0.8903376
0.9113059
0.9003175
0.9032452
0.9015682
0.9023503
0.9040168
0.8996159
0.9126418
0.9041247
0.8893149
0.9076206
0.8259843
0.8184255
0.8976214
0.9023904
0.9104462
0.8372996
0.9050996
0.908928
0.917737
0.88175
0.9122537
0.8371059
0.8408938
0.9149936
0.9151666
0.8676722
0.8989213
0.9001544
0.9086624
0.8682196
0.8784405
0.9110105
0.8123433
0.8665594
0.8771348
0.8811832
0.9054373
0.9066264
0.9076342
0.8827377
0.9136611
0.8870519
0.899033
0.8918457
0.867959
0.8705295
0.8991038
0.9131332
0.8945913
0.9052687
0.8757099
0.9116066
0.8943485
0.9069565
0.8726189
0.8649587
0.8712972
0.9152241
0.9106615
0.9107805
0.8320452
0.9081113
0.8319798
0.9198044
0.9152915
0.9152048
0.9164797
0.9259073
0.9145143
0.9136578
0.9180491
0.8941571
0.9165472
0.8501019
0.9148107
0.8787154
0.870265
0.8861151
0.8638846
0.8989771
0.9137724
0.8489144
0.9174604
0.9136949
0.8713531
0.9145686
0.5323638
0.9026406
0.8848342
0.908691
0.8883391
0.8883953
0.9132981
0.9026723
0.923787
0.8925404
0.8650192
0.9118441
0.8938327
0.9123697
0.8998182
0.902553
0.901577
0.9048161
0.9054645
0.9018135
0.9124439
0.9029968
0.8934569
0.9121424
0.8315985
0.8197586
0.8990531
0.9038024
0.9140337
0.8385264
0.9054939
0.914833
0.9203961
0.8831966
0.9144643
0.8387678
0.8347826
0.9198641
0.9178044
0.8698605
0.9012222
0.9004015
0.9057186
0.8743802
0.8798252
0.9124417
0.817432
0.8662378
0.8814044
0.9083181
0.922397
0.9197263
0.923587
0.8337501
0.9242849
0.8233895
0.8987613
0.892739
0.881221
0.8799142
0.9039644
0.9189218
0.9161174
0.9235539
0.9131882
0.9272014
0.9126616
0.9248898
0.9119914
0.9115627
0.9052121
0.9242868
0.9239286
0.9224484
0.8938361
0.9195023
0.8999894
0.9138323
0.9166251
0.9126304
0.9208227
0.9255842
0.9151208
0.9177632
0.9224993
0.8374068
0.9189686
0.9021043
0.9197182
0.8580457
0.9130225
0.8447652
0.9058444
0.6877021
0.9158679
0.9044758
0.9193131
0.9162787
0.8812433
0.9183432
0.9010529
0.9218783
0.8011256
0.916993
0.8622944
0.8591027
0.9181723
0.9055043
0.9197485
0.8678796
0.9037755
0.9149941
0.9098855
0.9216776
0.9183546
0.9179852
0.918279
0.9167942
0.9189368
0.900408
0.9239893
0.9194339
0.8607549
0.9182664
0.8985983
0.8984582
0.9058228
0.9200443
0.9226758
0.8971467
0.9198026
0.9204864
0.9277185
0.7996081
0.9207855
0.8987556
0.8987502
0.9188517
0.9233644
0.8963847
0.90655
0.919551
0.9200263
0.8766458
0.8878832
0.9186966
0.8971218
0.8926528
0.8248456
0.886375
0.9035604
0.9058198
0.904402
0.8809351
0.9131481
0.8890977
0.8985518
0.8914588
0.8672748
0.8672894
0.8981039
0.9134746
0.8936753
0.903236
0.8845256
0.9106099
0.8932116
0.9103573
0.885774
0.8745821
0.8773838
0.9189612
0.912783
0.9137587
0.8510821
0.9106202
0.8454539
0.9162866
0.9145451
0.9135155
0.9150093
0.920167
0.9140811
0.9133037
0.9161681
0.8878101
0.9142085
0.8637115
0.9132259
0.8805168
0.8755654
0.8921421
0.8682334
0.8981903
0.9146253
0.859547
0.9159643
0.917141
0.867993
0.911864
0.8157379
0.9045282
0.8809176
0.9153251
0.8856927
0.8919374
0.9127526
0.901726
0.9234672
0.8904971
0.8653232
0.9132066
0.8943202
0.9100274
0.9018915
0.8995442
0.8981204
0.9023188
0.9055514
0.9028054
0.9120066
0.9057001
0.8920042
0.9141908
0.8310228
0.8318987
0.8987274
0.9073502
0.9124835
0.8410409
0.9059713
0.9129284
0.9160968
0.8853206
0.9155096
0.8459205
0.8482293
0.9214463
0.9129123
0.8778168
0.9010606
0.9050415
0.9037378
0.8800718
0.8806569
0.9143692
0.695416
0.875568
0.8784887
0.8977389
0.9135916
0.9160699
0.9155573
0.8903228
0.9241908
0.8988374
0.9112261
0.909381
0.8892516
0.8863473
0.9056591
0.9272778
0.8946815
0.9027587
0.89236
0.9132304
0.8978402
0.9069118
0.89224
0.8811431
0.8950857
0.924459
0.9225014
0.9221794
0.8710707
0.914062
0.8671657
0.929538
0.9288285
0.9298833
0.9322951
0.9309045
0.929217
0.9241821
0.9246648
0.9020491
0.9267634
0.8779066
0.92458
0.8913418
0.8899076
0.8998683
0.882836
0.9024741
0.925254
0.8794195
0.9252465
0.9241243
0.8872024
0.9236848
0.8565124
0.9145693
0.900594
0.9195461
0.8962701
0.899691
0.9246985
0.9141133
0.9302866
0.9085745
0.8734122
0.9245303
0.9022131
0.9221528
0.9127289
0.9140932
0.914346
0.9149266
0.913503
0.9213136
0.9199249
0.9156541
0.9008478
0.9226523
0.871347
0.8672004
0.9141132
0.9196338
0.9245687
0.8547644
0.9177122
0.9254158
0.9292284
0.9023367
0.9221425
0.8719664
0.8724507
0.9285388
0.9207139
0.8822365
0.9131068
0.9150338
0.917335
0.893654
0.895407
0.9205984
0.8579539
0.883534
0.8970478
0.9012728
0.9183122
0.9191849
0.9170583
0.8281744
0.9213285
0.8580313
0.900254
0.8896327
0.8794385
0.8757384
0.8988933
0.9173443
0.9129379
0.9235558
0.9057927
0.9208773
0.9106367
0.9204499
0.906227
0.909313
0.9010197
0.918878
0.9204223
0.9204398
0.8900336
0.9129982
0.8991935
0.9108037
0.90966
0.9111023
0.9153857
0.9215827
0.9120263
0.9156839
0.9184004
0.8284803
0.9094622
0.9019022
0.9105484
0.8580179
0.9071113
0.830331
0.9036346
0.8675911
0.9134006
0.8950439
0.91713
0.915613
0.8755408
0.9183616
0.8939615
0.9178673
0.8377486
0.9139138
0.8599145
0.7958121
0.9177748
0.901884
0.9180559
0.8714181
0.9079933
0.914612
0.9021465
0.9150544
0.9145932
0.9175515
0.9125148
0.9138094
0.9119733
0.8974202
0.920097
0.91734
0.7653569
0.9117272
0.8937117
0.8913253
0.9014489
0.9113604
0.9174209
0.8931485
0.9173718
0.9084149
0.9189689
0.8432109
0.9149585
0.8972887
0.8966995
0.9179964
0.9163144
0.8981775
0.9047737
0.9134903
0.9157494
0.8737814
0.8837654
0.9175374
0.8924862
0.8906378
0.8216466