0.8903672
0.8880668
0.8830233
0.8918375
0.9149818
0.9163913
0.8804367
0.8723505
0.8950604
0.8761715
0.8880698
0.8934086
0.8991557
0.9009067
0.8914637
0.8935818
0.9007527
0.9058483
0.9010028
0.8873987
0.8794375
0.9033198
0.9018952
0.9016854
0.8925564
0.9064006
0.8699596
0.8712179
0.9039562
0.8862026
0.8969227
0.8861984
0.8843564
0.8981501
0.8840569
0.8877462
0.8902808
0.8818257
0.9007265
0.900682
0.8704709
0.8928962
0.8993061
0.8921115
0.9017358
0.8668192
0.8700465
0.9043815
0.9069461
0.8637327
0.8869983
0.9075591
0.8877231
0.8833043
0.9138722
0.8994012
0.8826982
0.8882783
0.8925635
0.9100778
0.8954384
0.9092206
0.9045995
0.9028007
0.9012999
0.9047397
0.8918195
0.8859833
0.8856587
0.9034339
0.9035182
0.9030492
0.895837
0.8970353
0.9016393
0.8855302
0.8748483
0.8851324
0.8798009
0.8975533
0.9022554
0.8981518
0.8810862
0.8997838
0.8800793
0.8884796
0.901296
0.8997669
0.9011501
0.9027803
0.881545
0.9035345
0.8720308
0.8967914
0.8982478
0.8966633
0.884069
0.8789642
0.8894285
0.9005109
0.8860322
0.8871059
0.8829613
0.8870613
0.9133561
0.9160849
0.8797265
0.8709654
0.8867385
0.8777332
0.8865031
0.8860453
0.8950704
0.9021089
0.8883283
0.8905286
0.8979695
0.899939
0.8997677
0.8874184
0.8771828
0.8976714
0.8945215
0.9025884
0.8945016
0.9041145
0.8720073
0.8665491
0.9029764
0.8863424
0.8975742
0.8790441
0.8819435
0.8980934
0.8800305
0.8843602
0.8861706
0.8831314
0.8970218
0.8978152
0.8672895
0.8880911
0.8964955
0.8882767
0.8970101
0.8646149
0.8696888
0.8967744
0.9024373
0.8614215
0.8830883
0.9008066
0.889345
0.8832831
0.9105764
0.8967562
0.8757519
0.8866073
0.8879713
0.9071244
0.892466
0.90322
0.9025329
0.9014419
0.901994
0.899117
0.8870725
0.8840705
0.8858388
0.9012106
0.9032651
0.9027962
0.8915838
0.8968599
0.9000995
0.8872318
0.8738722
0.8849083
0.8805868
0.8989924
0.8965118
0.8956064
0.8801713
0.8948264
0.8765767
0.884915
0.8993866
0.8975741
0.8999892
0.9013903
0.8811982
0.8985616
0.8659786
0.8943436
0.8974756
0.8972396
0.8835206
0.8789014
0.8845972
0.8927225
0.885811
0.8874784
0.8823701
0.8877632
0.9136348
0.9152657
0.8796641
0.870487
0.886881
0.8785624
0.8856082
0.8862286
0.8959713
0.9028772
0.8884284
0.8903086
0.8981887
0.9003554
0.8996318
0.8872785
0.8765499
0.8978522
0.8943022
0.9022104
0.8950709
0.9041365
0.8715701
0.8672739
0.9025737
0.8863219
0.8972407
0.8800878
0.882787
0.8981143
0.8799681
0.8842171
0.8871154
0.8816623
0.8972041
0.8981538
0.8680147
0.8888035
0.8969965
0.8881758
0.8973888
0.8641697
0.8695813
0.895959
0.9023806
0.8623283
0.8821005
0.901104
0.8893651
0.8833024
0.910374
0.8966577
0.8754012
0.8869496
0.8877115
0.9068753
0.891878
0.9035959
0.903423
0.9017401
0.9021739
0.8998523
0.8869724
0.8837268
0.8856175
0.9007189
0.9023428
0.9028181
0.8907372
0.8957405
0.900199
0.8874515
0.8741807
0.8849687
0.8790701
0.898817
0.8963331
0.8951124
0.8801495
0.8953274
0.8774471
0.8846921
0.9000789
0.8983873
0.9005236
0.9009012
0.8812986
0.8983458
0.8659539
0.8943245
0.8969804
0.8970625
0.8832964
0.8796131
0.8853473
0.8942663
0.885795
0.8871951
0.8840527
0.8878379
0.9158148
0.9172678
0.8801862
0.8703063
0.8902237
0.8753641
0.8861908
0.8886314
0.895486
0.901171
0.8895122
0.8913217
0.895644
0.8973515
0.8985398
0.886266
0.8794257
0.8968566
0.8950146
0.8987677
0.8954176
0.903979
0.8685991
0.8667824
0.9002727
0.8854216
0.8973235
0.8750369
0.8808193
0.8975375
0.8800846
0.8830869
0.8882361
0.8834032
0.8974904
0.8940813
0.8637038
0.884533
0.8977215
0.8867925
0.8976726
0.862344
0.8665327
0.8961963
0.9013056
0.8617591
0.8860631
0.8977121
0.8868691
0.8809009
0.908937
0.9010141
0.8791112
0.8880323
0.8923448
0.9078244
0.8905858
0.906706
0.901036
0.899819
0.9004928
0.9008647
0.8864407
0.8827659
0.889262
0.900979
0.9031247
0.9026928
0.8954427
0.8953405
0.8973027
0.8870822
0.8740606
0.8860908
0.881049
0.8963704
0.8950439
0.8913484
0.8831192
0.8946774
0.8790153
0.8888808
0.8992642
0.8972821
0.8991157
0.9007263
0.8803175
0.8983155
0.8663357
0.8974739
0.8977812
0.8975832
0.8812628
0.879769
0.8901595
0.8935698
0.8867065
0.8879286
0.8803933
0.8877414
0.9143622
0.9162939
0.8797236
0.8695444
0.8891054
0.8737924
0.8872528
0.8875515
0.8957499
0.8997259
0.8865953
0.8888485
0.8967849
0.8988874
0.8990763
0.8870136
0.8796148
0.8978813
0.8960416
0.8994781
0.8950463
0.9057708
0.8678331
0.8688168
0.9000602
0.8870979
0.8978998
0.8756458
0.8787428
0.8968569
0.8801924
0.8815122
0.8869287
0.8838721
0.8960572
0.8953876
0.8635655
0.8853409
0.896137
0.8852309
0.8993279
0.8628408
0.8652535
0.8960586
0.9016824
0.8623438
0.8848393
0.8960588
0.8862473
0.8799839
0.9097469
0.8990024
0.878072
0.888905
0.891212
0.9076106
0.892489
0.9078248
0.9019324
0.8992829
0.8994778
0.9012837
0.8852193
0.8827508
0.8890855
0.9017541
0.9032642
0.9015277
0.8934972
0.8952442
0.8993351
0.8861409
0.8761683
0.8850958
0.8819251
0.8961147
0.8953488
0.8924533
0.8828603
0.8937744
0.8776177
0.8872492
0.8983724
0.8971051
0.8984618
0.9006292
0.8793602
0.8983772
0.8653147
0.8980145
0.8980426
0.8982421
0.8819439
0.8784842
0.8899814
0.8927062
0.8874456
0.8881425
0.8838345
0.8878382
0.9168646
0.9192022
0.8799956
0.867775
0.8841848
0.8735498
0.8838149
0.8840209
0.8966826
0.9002642
0.8865259
0.8862698
0.8943462
0.8996231
0.8977823
0.8848469
0.8818026
0.8969294
0.8967328
0.9006339
0.8961944
0.9069173
0.8685294
0.8699734
0.9010193
0.8863034
0.8952464
0.8759073
0.8825802
0.9009663
0.8807121
0.8809269
0.8877116
0.8838331
0.8986593
0.8953518
0.8617938
0.8862147
0.8945672
0.8860954
0.898668
0.8605888
0.8713877
0.896347
0.8986902
0.8619627
0.8839127
0.8993444
0.8888889
0.8817394
0.9117637
0.8954406
0.8775158
0.8862448
0.893798
0.9082461
0.8903496
0.9045606
0.9029577
0.9016179
0.8956385
0.9008715
0.8874828
0.8851898
0.8884215
0.8998693
0.900993
0.9000833
0.8940483
0.8941342
0.8970985
0.8898173
0.8764736
0.8811527
0.8817161
0.897954
0.8923133
0.8923663
0.8807729
0.8981242
0.8809792
0.8884394
0.8997033
0.8978756
0.899714
0.9001769
0.8781493
0.8973151
0.8698295
0.8939736
0.8974564
0.8952952
0.8801692
0.8753682
0.8864645
0.8929028
0.8884715
0.89044
0.8843595
0.8906719
0.9146536
0.9150041
0.8787404
0.8684143
0.8875469
0.8753868
0.8865706
0.8882022
0.8958265
0.8978139
0.8885267
0.885078
0.8950228
0.9001948
0.8974876
0.8836276
0.8824532
0.8996372
0.8955962
0.9011304
0.894491
0.9051383
0.8669061
0.8675597
0.9026993
0.8841094
0.8986869
0.8784555
0.881157
0.8961108
0.8811665
0.883477
0.8859946
0.8850359
0.8988805
0.8945821
0.8657904
0.8876773
0.8937142
0.8859595
0.89805
0.8643582
0.8705922
0.8957343
0.9019157
0.8622535
0.8848351
0.8982481
0.8860006
0.8812095
0.9113601
0.8990386
0.8765473
0.8872435
0.8892094
0.9077241
0.8909741
0.9065656
0.9045453
0.8998769
0.9010285
0.9022725
0.8877845
0.8827872
0.886065
0.8980915
0.9064128
0.9040909
0.8943208
0.8955571
0.9010993
0.888949
0.8754575
0.8830869
0.8828506
0.89857
0.8969935
0.8913279
0.8753252
0.8933673
0.8745496
0.889022
0.8986072
0.8976193
0.8980602
0.8997553
0.8819749
0.8979761
0.8663185
0.8964543
0.8997905
0.8997477
0.883125
0.8792177
0.8872622
0.8945952
0.8883013
0.8860303
0.8837158
0.8882917
0.9171745
0.9177819
0.880799
0.872173
0.8924947
0.8781555
0.8916729
0.8914012
0.8961857
0.9023866
0.8917937
0.8924785
0.9029404
0.9035251
0.9019671
0.8880037
0.8824273
0.8998989
0.8987867
0.902431
0.8935921
0.9074451
0.8722249
0.8726494
0.9013176
0.8861671
0.8996573
0.8827868
0.8841628
0.9020351
0.8807399
0.8842209
0.8890493
0.8845988
0.8997889
0.9002696
0.8677954
0.8898693
0.9004013
0.8889896
0.9017989
0.8675949
0.8776604
0.9008205
0.9040866
0.8667459
0.882788
0.901123
0.8910923
0.8799226
0.9106247
0.8997401
0.8792432
0.8863101
0.8922983
0.9085269
0.8919702
0.9080057
0.9086676
0.9066777
0.9058595
0.9022846
0.889609
0.8872335
0.885944
0.902869
0.9053502
0.9061707
0.8958924
0.8988972
0.9011161
0.8866974
0.8780622
0.8841998
0.8819777
0.8976508
0.9004155
0.8964331
0.8803937
0.8957813
0.8823741
0.8922922
0.9002547
0.8990371
0.9017639
0.9025306
0.8838991
0.9027365
0.8691957
0.8950961
0.8969559
0.8969191
0.8825672
0.8801426
0.8860013
0.8972756
0.8882187
0.8878736
0.8825511
0.8895359
0.916985
0.9155025
0.8806453
0.8687818
0.884249
0.8749272
0.88448
0.8826008
0.8959334
0.8997476
0.8872657
0.8862437
0.8954095
0.8952384
0.8999677
0.8836974
0.8801293
0.8964601
0.8960643
0.9033286
0.8959735
0.9067331
0.8680299
0.8681785
0.9020252
0.8876851
0.8980405
0.8770404
0.8796814
0.8969959
0.8807079
0.8817027
0.8872764
0.8835344
0.8969295
0.8937661
0.8621189
0.8856953
0.8922447
0.8832162
0.8959194
0.8602403
0.8692425
0.8951994
0.9019009
0.8613524
0.8869565
0.8978759
0.8878864
0.8823443
0.9096151
0.8998224
0.8775241
0.8884448
0.8921523
0.9101539
0.8878867
0.9047002
0.9018345
0.8993447
0.9004963
0.8998733
0.8846404
0.8848038
0.886658
0.899273
0.9038378
0.9035239
0.8952516
0.8964925
0.9020251
0.8874526
0.8749492
0.88557
0.8806143
0.8991491
0.8965379
0.8921565
0.8811762
0.8923049
0.8780921
0.8870311
0.9008532
0.9001081
0.9009041
0.8994243
0.8783606
0.8930913
0.865639
0.8962807
0.8954277
0.8993763
0.8809873
0.8814561
0.8901671
0.8915992
0.8878839
0.8893965
0.8817918
0.8877521
0.9154691
0.9165197
0.878336
0.870824
0.8882585
0.8745669
0.8877814
0.8880539
0.8962529
0.8994726
0.889549
0.888901
0.8946853
0.8969565
0.8986248
0.8847685
0.8822996
0.8946869
0.8956604
0.8998676
0.8960502
0.9066676
0.8689507
0.8710129
0.9021481
0.8871079
0.8981601
0.8763891
0.8822323
0.8978154
0.881296
0.8843063
0.887262
0.8837167
0.895916
0.8950064
0.8665778
0.8845656
0.8956744
0.8862573
0.897957
0.8626939
0.8702934
0.8979614
0.9030913
0.8621956
0.8877054
0.8965992
0.8888003
0.8837532
0.9101589
0.8979458
0.8815521
0.8856747
0.8927029
0.908073
0.8919746
0.9037227
0.9015621
0.9003441
0.9013773
0.8993581
0.8842189
0.8845427
0.8866831
0.9010667
0.9043998
0.9047944
0.8969772
0.8963329
0.9019531
0.887519
0.8768713
0.8858797
0.8808747
0.8999425
0.894683
0.8915074
0.8818875
0.8964488
0.8775755
0.8898047
0.8981967
0.8968475
0.8987241
0.9008925
0.8805916
0.8970067
0.8667705
0.8976384
0.8990228
0.8986633
0.8835431
0.8776617
0.8902781
0.8904565
0.8869017
0.8853548
0.8810791
0.8890258
0.915229
0.9167938
0.8790572
0.869437
0.8855328
0.8738962
0.8899542
0.886315
0.8943837
0.8969848
0.888607
0.8898536
0.8955895
0.8977775
0.8990826
0.8824489
0.8793975
0.8979666
0.8955626
0.9016267
0.8967016
0.9060984
0.8675975
0.8687085
0.9041851
0.8876957
0.8982612
0.8767482
0.8827313
0.8971344
0.8799752
0.8827333
0.8879733
0.8839437
0.8959794
0.8950292
0.8646313
0.887553
0.8988719
0.8844887
0.8975
0.8601749
0.8664928
0.895741
0.8999099
0.8594067
0.8812679
0.8978588
0.8920374
0.8824305
0.909424
0.8981683
0.8779336
0.8849677
0.8912104
0.9092204
0.8897879
0.9057955
0.90222
0.899808
0.8984849
0.9031186
0.8832344
0.8815598
0.8881574
0.899895
0.904381
0.9029214
0.8976263
0.8936591
0.9010718
0.8857308
0.877355
0.8833272
0.8815899
0.8979056
0.894262
0.8928533
0.8828501
0.8942995
0.8793935
0.890795
0.8992528
0.8980263
0.8990643
0.903242
0.8805768
0.8975471
0.8687287
0.897421
0.8978882
0.8982475
0.8854034
0.8745131
0.8892901
0.8934728
0.8876493
0.8855072
0.880688
0.8888008
0.9138304
0.9147656
0.8824464
0.8713799
0.8867938
0.8776994
0.890675
0.8880586
0.8954921
0.899454
0.8872604
0.889704
0.8983892
0.8986581
0.8981375
0.8840282
0.8811649
0.8988504
0.8961025
0.9000475
0.8965591
0.903279
0.8673962
0.8678372
0.8997531
0.8866369
0.8939193
0.8788467
0.8824647
0.9028289
0.8801205
0.8809838
0.8907179
0.8827807
0.8966423
0.89581
0.867496
0.8883513
0.8954362
0.8886955
0.8974701
0.8664572
0.8707737
0.8979511
0.9016393
0.8643784
0.8844672
0.8983819
0.886834
0.8820337
0.9097848
0.8983339
0.8767408
0.8887964
0.8927613
0.907155
0.8904925
0.9037592
0.9017693
0.899369
0.8981709
0.9008068
0.8883633
0.8849698
0.8848874
0.9014738
0.9044326
0.9027449
0.8947443
0.8959775
0.898479
0.8861247
0.8753681
0.8843108
0.8808382
0.8933578
0.8964542
0.8920912
0.8812772
0.8964868
0.8792176
0.888435
0.8987787
0.8952927
0.8985512
0.9007481
0.8797814
0.9001649
0.8668534
0.8985424
0.9003523
0.8969847
0.8840195
0.8791541
0.8880939
0.8937049
0.8894579
0.8875943
0.8834888
0.8884465
0.914516
0.9175097
0.8811719
0.8743402
0.8862606
0.8729991
0.8845574
0.8858101
0.8963286
0.8997008
0.8920801
0.8903191
0.8974785
0.8973098
0.8982204
0.886553
0.8801684
0.897256
0.8973801
0.9010675
0.8958889
0.9070768
0.8705787
0.8713424
0.9026767
0.8907651
0.8968465
0.8790631
0.8788866
0.8992481
0.8815612
0.8838317
0.886263
0.8826846
0.8961548
0.895044
0.8664571
0.8860209
0.8967563
0.8861074
0.8992632
0.8657459
0.8706689
0.8978343
0.9005108
0.862421
0.8870735
0.8987442
0.8919368
0.8811153
0.909342
0.9003332
0.8783848
0.8884409
0.8915099
0.9111498
0.8907114
0.9066978
0.901787
0.897222
0.9008869
0.9003834
0.887729
0.8872235
0.888584
0.9011731
0.9050119
0.9047363
0.8965799
0.8950631
0.900489
0.8876096
0.8764028
0.888252
0.8810584
0.8991422
0.896371
0.8913908
0.8820296
0.8931473
0.8811341
0.8897709
0.9000144
0.8996252
0.899827
0.901196
0.8798771
0.8954862
0.8676552
0.8958348
0.896022
0.8950282
0.8842532
0.8792064
0.8899607
0.8923211
0.8895259
0.8864788
0.882906
0.8889572
0.914426
0.9168698
0.8815675
0.8740423
0.8866591
0.8728671
0.884186
0.8853879
0.8971165
0.8986543
0.8911874
0.8900653
0.8976239
0.8974952
0.8977706
0.8863407
0.8789783
0.8973623
0.8969259
0.9009316
0.8960327
0.9070218
0.86957
0.8705454
0.902003
0.8896336
0.89604
0.879259
0.8788372
0.8985732
0.8813066
0.8842294
0.8854424
0.8834001
0.8956554
0.8963108
0.8666174
0.8856395
0.89618
0.8866645
0.8998448
0.865486
0.8709534
0.898578
0.9012865
0.8621167
0.8871421
0.8992066
0.8907232
0.8807773
0.9097778
0.9000398
0.8783749
0.8879846
0.8908993
0.9110559
0.8910665
0.9069567
0.9025263
0.8984463
0.9014686
0.9008856
0.8876372
0.8863653
0.887327
0.9019905
0.9050358
0.9044062
0.8971147
0.8949706
0.9007884
0.8874373
0.8766421
0.88694
0.8811695
0.8986933
0.896558
0.8916986
0.8810417
0.8938192
0.8806785
0.8896782
0.899683
0.8994522
0.8997333
0.9013392
0.8803172
0.8972259
0.8683588
0.8966204
0.8964881
0.8958138
0.8838754
0.8785819
0.8886541
0.8930339
0.8877459
0.8870951
0.8809698
0.8891419
0.9153901
0.9157777
0.8821227
0.8681448
0.88529
0.8734749
0.8870875
0.8833579
0.8949704
0.8970822
0.888483
0.891976
0.8975636
0.8983504
0.8981066
0.8839931
0.8819311
0.8968211
0.8963452
0.9024381
0.8931004
0.9049961
0.8668885
0.8685838
0.9000778
0.8856843
0.9002075
0.8774331
0.878509
0.8989414
0.8783991
0.881308
0.8855089
0.8856793
0.8927955
0.8952515
0.8634208
0.8842676
0.8936232
0.8837201
0.8941586
0.8630346
0.8680968
0.8977199
0.9041376
0.863049
0.8878885
0.89668
0.8865654
0.8824002
0.9105038
0.90141
0.878446
0.8898234
0.8934682
0.9092492
0.8906814
0.9045736
0.9001593
0.8982259
0.8990181
0.8987548
0.8827589
0.8819381
0.8877938
0.9016116
0.9027648
0.9018994
0.8935231
0.8966898
0.8993931
0.8867795
0.8745566
0.8837448
0.8830156
0.8991069
0.8934393
0.8919612
0.8802142
0.8946048
0.8789645
0.8882521
0.8995823
0.898558
0.8995136
0.9020262
0.8805507
0.8962904
0.866679
0.8972385
0.896987
0.8965119
0.8810038
0.8775868
0.8889617
0.8922097
0.8866214
0.8881974
0.8794134
0.8914251
0.913803
0.9174188
0.8813953
0.8708955
0.8918632
0.8762213
0.8859721
0.8921866
0.8973336
0.8984316
0.8882821
0.888518
0.8963263
0.8989433
0.9016933
0.8866878
0.8818929
0.897219
0.8968231
0.9026345
0.8917954
0.9042832
0.8704031
0.8712082
0.9027126
0.8853229
0.898115
0.8797856
0.8828216
0.8966419
0.879056
0.8824586
0.8866413
0.8829856
0.9000255
0.8955294
0.8640604
0.8887378
0.8963184
0.8907322
0.8995419
0.8653632
0.8674314
0.8997075
0.9044073
0.8619955
0.8821741
0.900252
0.8892624
0.8810542
0.9066173
0.8986594
0.8788586
0.8865949
0.8890049
0.9116396
0.8926379
0.9070043
0.9036866
0.9025129
0.8958553
0.9018907
0.8862204
0.8867945
0.8837251
0.9000217
0.9050065
0.906222
0.8926155
0.8960955
0.8999786
0.8856142
0.8761803
0.8844817
0.8802692
0.8968094
0.8972971
0.89224
0.8820086
0.8974879
0.8794544
0.8873648
0.90041
0.9007337
0.9005002
0.9021794
0.8779319
0.898751
0.8702782
0.8987081
0.9003641
0.9019397
0.8858142
0.8782876
0.8904154
0.893859
0.8875211
0.8883678
0.8840216
0.8886325
0.9143011
0.9175039
0.877531
0.87199
0.8925547
0.8764305
0.8876208
0.8914211
0.8969636
0.8988534
0.8918929
0.894013
0.9028792
0.9064409
0.8995886
0.885665
0.8795368
0.90494
0.8990832
0.899235
0.8934537
0.9044499
0.8702172
0.8690323
0.900793
0.8860673
0.8964851
0.8838677
0.8815516
0.8984196
0.8813701
0.8848931
0.8899903
0.8804344
0.8978416
0.9018271
0.8698575
0.8916746
0.898588
0.8906188
0.9007905
0.8670337
0.871389
0.903403
0.9063692
0.8627188
0.8854223
0.9081513
0.8869465
0.881414
0.9136631
0.896332
0.8817466
0.8876616
0.8903314
0.9092391
0.8921119
0.907827
0.9046044
0.9035526
0.9016181
0.906315
0.8886739
0.884276
0.8845973
0.9061068
0.9005251
0.9015964
0.8931284
0.8949059
0.9031606
0.8847915
0.8741985
0.8845059
0.8785645
0.8972348
0.9017032
0.8980315
0.8788683
0.8974368
0.8797749
0.8859296
0.8999964
0.8978278
0.9011513
0.9013309
0.8818502
0.9045562
0.865589
0.8950352
0.8973721
0.8965008
0.8828734
0.8777563
0.8886912
0.8995205
0.881953
0.8924131
0.8850211
0.8927674
0.91695
0.9125724
0.7385738
0.7867936
0.8993654
0.8709384
0.8926987
0.8990426
0.9034138
0.9050529
0.8906402
0.8961813
0.9037636
0.9090715
0.9046636
0.8259289
0.8134554
0.9078655
0.9032212
0.8961873
0.7930861
0.9124889
0.7858299
0.7587679
0.8529195
0.8390136
0.8933788
0.8827523
0.8929144
0.8977817
0.8759786
0.8812468
0.888532
0.7456757
0.9015875
0.9057359
0.8762416
0.9012932
0.9015127
0.897943
0.9070939
0.8552661
0.8526268
0.9046817
0.9029098
0.8506811
0.8942785
0.9089873
0.8484214
0.8885671
0.9097972
0.9015242
0.8887086
0.8820597
0.8876429
0.9117637
0.8979138
0.9111539
0.9094845
0.9067927
0.9055039
0.9075095
0.8829354
0.8778909
0.884904
0.9082759
0.9052307
0.9072614
0.8979224
0.8947707
0.9022468
0.8075456
0.8649432
0.8880605
0.7440816
0.8937309
0.9052791
0.8989596
0.8862241
0.9035226
0.8781016
0.887647
0.9059835
0.9071235
0.9050597
0.9086128
0.8809403
0.9064894
0.7997658
0.9058411
0.9064589
0.9046445
0.8860617
0.8791717
0.8889574
0.9008101
0.9028982
0.8988404
0.8945305
0.8948102
0.9039174
0.9006247
0.9053062
0.8991312
0.8987337
0.8989492
0.9027812
0.8985712
0.9068188
0.9090457
0.9020172
0.8984057
0.9002255
0.8947558
0.9056249
0.9066995
0.9080266
0.9022348
0.8965306
0.8978153
0.9107872
0.9046175
0.9003923
0.8945505
0.916199
0.9016748
0.9037575
0.8953505
0.8934759
0.9179277
0.8933295
0.8940137
0.901806
0.9067472
0.9020637
0.9023178
0.8909333
0.8994646
0.9039974
0.898624
0.9066876
0.9010789
0.8974958
0.8975789
0.8957018
0.895623
0.8920904
0.9029275
0.90797
0.8992921
0.901868
0.9095157
0.8984495
0.9009382
0.9044089
0.913724
0.9022349
0.9046666
0.9046937
0.9057217
0.9043541
0.9066719
0.900205
0.8966808
0.8975636
0.9032166
0.9074813
0.9082539
0.9048003
0.9024847
0.9115283
0.9052424
0.9027604
0.8879379
0.9067023
0.8991552
0.8998631
0.9004557
0.8988784
0.8989779
0.9035199
0.9053737
0.9035904
0.9032465
0.9045412
0.9040487
0.9016808
0.8986866
0.8953892
0.9049301
0.9044133
0.9044005
0.8968854
0.895627
0.9015526
0.9002586
0.9071354
0.8994947
0.8974931
0.9005372
0.90552
0.9014289
0.9088099
0.9055258
0.9084923
0.9030214
0.9104041
0.9076356
0.908001
0.9110279
0.9055957
0.9023352
0.9072845
0.9078587
0.9130117
0.9101703
0.9120404
0.9124262
0.9068849
0.9019185
0.9121866
0.9150295
0.904665
0.9041719
0.9181067
0.9055151
0.9072258
0.9040888
0.9030328
0.9229857
0.9012441
0.899961
0.9074559
0.9139303
0.9089747
0.9125385
0.8962144
0.9077763
0.9078157
0.9031781
0.9102798
0.9036912
0.9044413
0.9053044
0.9079381
0.9007617
0.8948718
0.9100333
0.9090846
0.8986367
0.9059091
0.9100443
0.8995887
0.9078086
0.9093685
0.9138512
0.9079429
0.9136109
0.9159431
0.9150633
0.9101562
0.9162909
0.9073695
0.9033206
0.9024476
0.9086851
0.9117853
0.9114323
0.9130062
0.9067617
0.9125121
0.9096555
0.8990637
0.9004496
0.9127255
0.9104368
0.9089049
0.9027607
0.9025159
0.9078349
0.9034344
0.9079053
0.9077328
0.9068216
0.9074029
0.9128162
0.9023508
0.9135178
0.9066209
0.9106961
0.9123679
0.9107792
0.9031316
0.9008012
0.9021497
0.9074576
0.9051266
0.9068
0.9011502
0.9042004
0.9124395
0.9096093
0.9130706
0.9117555
0.917963
0.9036771
0.9148834
0.9152823
0.9143169
0.915394
0.9100017
0.9113614
0.9159273
0.9150224
0.9171242
0.9097413
0.9121462
0.9164677
0.913664
0.9008115
0.9121421
0.9192666
0.9090877
0.9113258
0.9168924
0.9092998
0.907434
0.9062235
0.9061331
0.9182678
0.9057436
0.8975691
0.9043655
0.9123875
0.9146795
0.9175456
0.9009486
0.9128573
0.9125357
0.9075456
0.9148079
0.9067844
0.9098072
0.9173022
0.9159547
0.9031377
0.9043478
0.9195822
0.9114273
0.9070683
0.9068532
0.916304
0.9068301
0.9062148
0.9098845
0.9195303
0.9152374
0.9191831
0.9177328
0.9167747
0.9202042
0.9164856
0.9101159
0.9043646
0.9052915
0.9227932
0.918918
0.9179167
0.9095115
0.9040263
0.9183645
0.9098309
0.906911
0.9045699
0.9145975
0.910539
0.9149924
0.9142618
0.9067073
0.9130022
0.9039755
0.9080008
0.9100895
0.9104818
0.9106033
0.9134565
0.9036289
0.9192948
0.9028223
0.9172662
0.9136577
0.915523
0.906917
0.9037745
0.906989
0.914379
0.7869572
0.9022219
0.8505674
0.9027121
0.9157803
0.9147033
0.8920959
0.8831723
0.915605
0.8885629
0.8837026
0.914861
0.9191161
0.917772
0.8655959
0.8647183
0.9063948
0.9049864
0.9165787
0.8933932
0.8901138
0.9054044
0.9002736
0.9149013
0.9011454
0.9168346
0.8844272
0.884689
0.9017195
0.8835574
0.862459
0.8653362
0.9016535
0.8947313
0.8501005
0.8506325
0.8762935
0.8957393
0.9154935
0.9070348
0.8856781
0.9134557
0.9139812
0.9140329
0.9154984
0.880994
0.8749954
0.9039089
0.9019832
0.8768914
0.9008859
0.903182
0.8934309
0.902567
0.9168315
0.9202688
0.9025752
0.8539866
0.7819011
0.9225286
0.9125512
0.9171679
0.9183413
0.9165278
0.9178544
0.9176171
0.8561117
0.8536658
0.75657
0.9083613
0.9173975
0.9216431
0.8869444
0.8725269
0.8861911
0.8879756
0.8891955
0.8623932
0.8936875
0.8821247
0.9050151
0.9055834
0.8299098
0.9113527
0.8697485
0.8673436
0.9141968
0.9134391
0.9140238
0.9141687
0.8617898
0.9084417
0.8830914
0.9146095
0.9156046
0.9155303
0.899029
0.8605794
0.899598
0.9071929
0.9180646
0.8971443
0.9107565
0.9038806
0.9176347
0.9164827
0.9087616
0.9017505
0.827491
0.9002177
0.9078572
0.8265084
0.847346
0.849516
0.9119696
0.913203
0.8971404
0.9054288
0.8655181
0.913154
0.9097515
0.9047429
0.8964374
0.9032791
0.9194354
0.8809322
0.9048746
0.8988922
0.9246868
0.9098974
0.9179534
0.9036936
0.8951384
0.9261907
0.9064707
0.9090746
0.9150114
0.9122733
0.8513658
0.9063523
0.9086884
0.8259531
0.8532281
0.8873574
0.8643618
0.9022993
0.9059878
0.9018856
0.9093154
0.9000471
0.90286
0.9058185
0.913727
0.8981133
0.9162997
0.852252
0.8931568
0.9154639
0.9190377
0.8402351
0.8518292
0.8782615
0.876633
0.8751484
0.874019
0.8720134
0.9083339
0.9086538
0.9164754
0.9086725
0.8715671
0.8705712
0.9170425
0.9154204
0.9170721
0.9077273
0.8992273
0.9082344
0.9119983
0.9253962
0.9017221
0.8982239
0.9090099
0.835678
0.9142264
0.9162083
0.8576627
0.8569283
0.8589748
0.8592745
0.9066729
0.9042002
0.9058166
0.8572449
0.8581147
0.8552844
0.8987099
0.9085718
0.9035701
0.8946697
0.8971688
0.8901577
0.8889717
0.8941987
0.9041782
0.902085
0.9032336
0.8961308
0.8993003
0.8937716
0.9017078
0.8975353
0.9009817
0.901219
0.8944946
0.8981592
0.895051
0.8970287
0.9018881
0.9051047
0.9060326
0.9012612
0.894748
0.897099
0.9116811
0.9044564
0.9009211
0.8981264
0.9171741
0.9035115
0.9025802
0.8934731
0.8926009
0.9139039
0.8937926
0.892193
0.8987705
0.9034101
0.9044003
0.8994504
0.8857001
0.9031344
0.9003151
0.8957679
0.90095
0.8936787
0.8978865
0.9006872
0.8959684
0.8909835
0.8947424
0.8966807
0.9042527
0.8876189
0.8986178
0.9068175
0.8899202
0.895771
0.9003621
0.9137842
0.898665
0.9046198
0.9042606
0.9044255
0.9019546
0.9061677
0.9004272
0.8953036
0.8982571
0.9021533
0.9043558
0.906426
0.9049028
0.8992267
0.9076721
0.9054897
0.9004265
0.8912688
0.9043517
0.9021272
0.8972075
0.8961582
0.8923846
0.8992648
0.8986172
0.899674
0.9017544
0.9025708
0.9021129
0.905008
0.8939858
0.9031795
0.8946886
0.9079789
0.9051392
0.9064258
0.887812
0.8951179
0.901097
0.8972545
0.9107842
0.900215
0.9105738
0.9035517
0.9116793
0.9146291
0.910282
0.9000649
0.8289381
0.8983349
0.9057681
0.8258915
0.7681592
0.7786598
0.9082089
0.9089343
0.9024116
0.9037174
0.8667436
0.91144
0.905007
0.9031777
0.8988908
0.903586
0.91686
0.8761321
0.9014629
0.9023073
0.9221233
0.9083515
0.9151849
0.9031627
0.8996151
0.9264844
0.9065062
0.9063201
0.9126013
0.9145221
0.8337038
0.9035355
0.9033467
0.8244122
0.841927
0.8911851
0.8658473
0.9004892
0.9038427
0.9048085
0.9045609
0.8993369
0.9008356
0.9021263
0.9108023
0.8989558
0.9126156
0.8477264
0.8976241
0.9122732
0.915214
0.8575339
0.858921
0.8747209
0.8751679
0.873676
0.8700866
0.8725867
0.9104303
0.9057639
0.9155879
0.907297
0.8718436
0.8702122
0.9157473
0.909738
0.9179516
0.9085464
0.8994757
0.9059866
0.9127479
0.9174071
0.8992506
0.8947101
0.9043531
0.8377566
0.9108276
0.9085821
0.8559089
0.8552552
0.8568412
0.857492
0.9090224
0.904069
0.9033247
0.854489
0.8511503
0.8539903
0.9018629
0.9090453
0.9084159
0.8974443
0.9151585
0.8904646
0.921913
0.8827839
0.916039
0.9122789
0.9098739
0.9074027
0.8931461
0.89731
0.9112958
0.8917269
0.900108
0.903003
0.9179188
0.9200899
0.9203926
0.912489
0.8990846
0.9138903
0.8994282
0.9298971
0.9150888
0.8452881
0.9201945
0.9169435
0.8925718
0.9075888
0.9101978
0.9026675
0.9196241
0.901947
0.8858702
0.9296693
0.9074547
0.9147565
0.9111695
0.913224
0.8867523
0.9250843
0.9057663
0.8912363
0.8969736
0.8924683
0.8996698
0.9055367
0.9082576
0.9169806
0.9211967
0.9021179
0.8953736
0.9255038
0.9024793
0.8847999
0.9006466
0.8765686
0.8912519
0.919955
0.9190533
0.9030314
0.8880659
0.9133959
0.9132082
0.9159125
0.9098524
0.9048906
0.9127842
0.9080955
0.9156443
0.930732
0.8954567
0.8993214
0.912376
0.9156613
0.9273066
0.9022284
0.8953376
0.9127101
0.9141981
0.9276502
0.920837
0.9126175
0.9091772
0.9071753
0.9157277
0.9168635
0.8910034
0.8912979
0.8906775
0.8962782
0.9119708
0.9269815
0.9031688
0.8920675
0.891058
0.8908256
0.8871722
0.9052875
0.8863244
0.9112052
0.9125208
0.8906702
0.921229
0.8840537
0.9136608
0.9137541
0.9112608
0.9089651
0.8919803
0.9001569
0.9103587
0.8912708
0.9017251
0.902618
0.9164194
0.9163883
0.9179029
0.9153445
0.8974879
0.9128677
0.9007416
0.9248047
0.9152418
0.8462146
0.9171259
0.9160255
0.8940488
0.9060822
0.9130544
0.9036483
0.9207767
0.9040737
0.8869678
0.9299356
0.9098873
0.9132821
0.9097037
0.9156449
0.8810794
0.9257184
0.9085366
0.8888554
0.8973766
0.8948131
0.9007546
0.9043031
0.9073427
0.918313
0.9191443
0.9030731
0.8954901
0.9242337
0.9056687
0.8853587
0.9004743
0.8741682
0.8913784
0.9166455
0.9179502
0.9034528
0.8912279
0.9144665
0.9119679
0.9164596
0.9101785
0.9061589
0.9163401
0.9093753
0.9134006
0.9294601
0.8976653
0.9006099
0.9143625
0.9176052
0.9219647
0.9047289
0.8965645
0.9123109
0.9167684
0.9283488
0.9202279
0.9101607
0.9106513
0.9072264
0.9143556
0.9163825
0.8899325
0.8870739
0.8891916
0.8959852
0.9108211
0.9262168
0.9053187
0.888091
0.8899847
0.8908299
0.8872256
0.9040188
0.88713
0.9110874
0.9119376
0.8904437
0.9212513
0.8835169
0.9137086
0.9122109
0.9121357
0.9123809
0.8918726
0.901631
0.9111871
0.8902002
0.9033874
0.9054407
0.9167089
0.9186443
0.9229403
0.9158725
0.900641
0.9132305
0.8984747
0.9263567
0.915573
0.8463395
0.9180721
0.9154456
0.8960347
0.9067208
0.9143113
0.9042036
0.9211874
0.9046758
0.8874184
0.9328274
0.9119913
0.9152003
0.9109402
0.9169454
0.8838919
0.9237995
0.90682
0.8905448
0.8978143
0.8944236
0.9001742
0.9048636
0.9068602
0.9201837
0.921044
0.9023757
0.8945781
0.9263595
0.9045036
0.8869907
0.8994423
0.8769804
0.8910245
0.9185873
0.9192526
0.9059375
0.8916638
0.9147565
0.9144536
0.9166728
0.9101434
0.9060767
0.9140867
0.9102924
0.9157293
0.9296883
0.8953917
0.8997851
0.9122277
0.9151587
0.9231101
0.9028438
0.8965068
0.9124789
0.9176014
0.9248326
0.9221415
0.9120315
0.9103396
0.9076707
0.9182641
0.916594
0.8918496
0.8904897
0.89231
0.8964585
0.9113439
0.9255488
0.907402
0.8919212
0.8910776
0.8910522
0.8894776
0.9046973
0.8861377
0.9124541
0.9121256
0.8931026
0.9187742
0.885069
0.9162784
0.9114838
0.9131061
0.9100435
0.8961078
0.9033883
0.9115722
0.8952399
0.9043546
0.9036994
0.9158161
0.9163713
0.9233403
0.9163157
0.902663
0.9132154
0.8996612
0.9308731
0.9161777
0.8490144
0.9167588
0.9172684
0.8970859
0.9054261
0.9138257
0.9057863
0.9178304
0.9048668
0.8887734
0.9298707
0.9096178
0.9134745
0.9098301
0.9142304
0.8897555
0.9251639
0.9108465
0.891235
0.8998034
0.8938541
0.9001475
0.9048526
0.9107906
0.9187992
0.9230465
0.9027419
0.8961964
0.92349
0.9058108
0.8879022
0.9030874
0.8783498
0.8935371
0.9197143
0.9192064
0.9060405
0.8925993
0.9149308
0.9122062
0.9149805
0.9132534
0.9078262
0.9139113
0.9097003
0.9142559
0.9295491
0.8955539
0.8993143
0.9125679
0.9161462
0.9249251
0.906105
0.8949848
0.9125073
0.9145747
0.9269478
0.9230965
0.9113915
0.9122318
0.908046
0.9153956
0.9188663
0.8953067
0.8934311
0.8950289
0.8972641
0.9110223
0.9263181
0.9076166
0.8934584
0.892828
0.8926759
0.8887238
0.9060041
0.8897072
0.9122044
0.9172787
0.8946721
0.9188137
0.8962284
0.915892
0.9137796
0.9127323
0.9083771
0.8507979
0.909062
0.9140093
0.8502432
0.8673949
0.8658546
0.9174095
0.9177269
0.9158265
0.913825
0.8726932
0.9136428
0.9056972
0.9173798
0.9079056
0.8926936
0.919142
0.8906466
0.902543
0.9081702
0.9161293
0.9115175
0.9197919
0.9068626
0.8912108
0.9308111
0.9120549
0.9133985
0.9132682
0.914863
0.8565194
0.9193125
0.9117167
0.852441
0.8666891
0.8936101
0.8672363
0.9068445
0.9057308
0.9128945
0.9150083
0.9043231
0.899526
0.9172812
0.9059016
0.8944173
0.9092133
0.8206731
0.8948145
0.915678
0.9185162
0.870127
0.8567198
0.883726
0.882751
0.8868035
0.8840814
0.8819011
0.9160736
0.9152823
0.9127841
0.9220044
0.8765391
0.8777806
0.9114846
0.9166988
0.9235927
0.9112476
0.8984338
0.9113644
0.912721
0.9245541
0.9130482
0.9064738
0.9085905
0.8673671
0.9175932
0.9158826
0.8582477
0.8527976
0.8575063
0.861547
0.9094111
0.9192112
0.9082909
0.8615413
0.861724
0.8617196
0.8949745
0.9095495
0.8993255
0.906487
0.883282
0.9037129
0.8780028
0.9056584
0.9212172
0.9187619
0.8893871
0.8816442
0.9169791
0.8861088
0.8980457
0.9157049
0.9172183
0.9164972
0.893692
0.8934271
0.9124591
0.9144112
0.9204091
0.8835964
0.8875316
0.9146742
0.9124673
0.9192664
0.8960706
0.9212089
0.8833717
0.884436
0.8982772
0.8832331
0.887271
0.8878242
0.9011829
0.8951108
0.8757943
0.8775154
0.8864915
0.8896928
0.9188317
0.916339
0.8822873
0.9203655
0.9185018
0.9145716
0.9174705
0.8819384
0.8764061
0.912459
0.9114213
0.8777956
0.8997112
0.915049
0.8850595
0.9026577
0.9201445
0.9166138
0.9024718
0.8853237
0.8827845
0.9231436
0.9190838
0.9198052
0.921955
0.9187206
0.9210582
0.9182419
0.8812972
0.8788632
0.8751083
0.9173777
0.9193119
0.9180035
0.8987222
0.8934165
0.9041664
0.8812417
0.8842841
0.8798169
0.8875147
0.8880536
0.9183544
0.9127756
0.878565
0.9144117
0.6843741
0.8899943
0.9163309
0.9153161
0.9160851
0.9168298
0.8864599
0.9188207
0.8721222
0.9170467
0.9179552
0.916436
0.9012175
0.8702768
0.898377
0.9084497
0.9142989
0.8966296
0.9114359
0.904709
0.9164487
0.9154009
0.9133362
0.910559
0.8707909
0.9081778
0.9116726
0.8677804
0.8786833
0.8804188
0.915155
0.9170489
0.9115571
0.9069726
0.8774338
0.9109788
0.9090295
0.9154874
0.9074322
0.9014225
0.9185203
0.8276595
0.9036981
0.9116715
0.9211261
0.9135426
0.9217229
0.9067387
0.8964032
0.9296775
0.9101012
0.9104601
0.9179573
0.9168104
0.8661319
0.9122046
0.9089348
0.8665737
0.8763785
0.8948594
0.873319
0.9025376
0.9045331
0.9104188
0.9074094
0.9023568
0.9018023
0.9088917
0.9096781
0.8999385
0.9091445
0.8701391
0.9022497
0.9203333
0.9172755
0.8866885
0.8707816
0.8303154
0.8158658
0.8279108
0.8170536
0.8071054
0.9137821
0.9102601
0.917497
0.9166071
0.5368573
0.5407653
0.9136453
0.9123702
0.9185128
0.9122309
0.8993023
0.9080886
0.9164994
0.9184324
0.909935
0.9010332
0.9156409
0.8711966
0.9184813
0.914304
0.8703587
0.8693905
0.8714004
0.8707021
0.9078566
0.9142959
0.908293
0.8654925
0.8669905
0.8663409
0.8997396
0.9069817
0.9061024
0.9027123
0.9167488
0.8997231
0.910597
0.9054955
0.9155268
0.9166497
0.9135741
0.9078648
0.868068
0.9039069
0.9123735
0.8657383
0.8748517
0.875949
0.9133883
0.9095123
0.9045361
0.9034289
0.8780497
0.9115344
0.912212
0.9040012
0.8979895
0.9063778
0.9213292
0.8227589
0.9059417
0.9079683
0.9216265
0.9130128
0.9209
0.9027983
0.8951706
0.9282938
0.908613
0.9080571
0.9144597
0.9174492
0.8681835
0.9089444
0.9098544
0.8654692
0.8750046
0.8931824
0.8764111
0.9029859
0.9039873
0.900712
0.9014312
0.9035202
0.9036157
0.9039388
0.9145233
0.9025713
0.9108627
0.8722685
0.8973327
0.9162177
0.9201893
0.8818573
0.8712329
0.8212321
0.8193174
0.8219035
0.8170903
0.8198345
0.9106463
0.9120564
0.913972
0.9102371
0.7804712
0.7761763
0.9152459
0.9105754
0.9195241
0.9134714
0.9023889
0.9036349
0.916038
0.9200578
0.9039248
0.8993178
0.9136436
0.8645101
0.9175593
0.9122246
0.8687966
0.8680393
0.8687041
0.8706877
0.9080435
0.9075041
0.9069186
0.8694152
0.8679182
0.8653331
0.9039897
0.909272
0.9077877
0.8961897
0.9147454
0.9311804
0.9049624
0.931884
0.9307206
0.9319849
0.9151656
0.9142219
0.9348771
0.9112211
0.9238386
0.9359531
0.9368303
0.9365079
0.9158312
0.9139073
0.9309787
0.9282818
0.9368996
0.9171387
0.9171304
0.9251848
0.9286472
0.941729
0.9231332
0.9343457
0.9209856
0.9156716
0.922978
0.9146432
0.9125817
0.9201791
0.9290369
0.9001345
0.9140711
0.9088458
0.9125502
0.915191
0.9390951
0.9286898
0.9105627
0.9385158
0.9371525
0.9370021
0.9372288
0.9162128
0.9115602
0.9269087
0.9225138
0.9206095
0.9269042
0.9247384
0.9202512
0.932766
0.9372996
0.9405195
0.9296011
0.9138889
0.9146178
0.9383269
0.9417866
0.9337972
0.93484
0.9372677
0.9347367
0.9357569
0.919485
0.9153449
0.9134145
0.9250717
0.9387848
0.9392163
0.9254684
0.919052
0.924817
0.915101
0.9208083
0.9114905
0.9154905
0.9080193
0.9259667
0.9307873
0.9160854
0.9362397
0.9099746
0.9142898
0.9365917
0.937945
0.9359172
0.9362289
0.9212042
0.9283
0.9102756
0.9387007
0.9371479
0.9382173
0.9302669
0.9133108
0.9291855
0.9277172
0.9126785
0.8930527
0.9120107
0.8948446
0.9136525
0.9136326
0.90617
0.8984218
0.8506067
0.8945169
0.9059762
0.8495089
0.8576563
0.8615775
0.9090318
0.9118922
0.8955729
0.8996517
0.8707177
0.909042
0.8992568
0.9056991
0.8958718
0.8943242
0.9129227
0.8845181
0.8941401
0.8975631
0.917513
0.9058272
0.9165651
0.901022
0.8883897
0.9271285
0.9026796
0.9061382
0.9129104
0.9098302
0.856382
0.901922
0.9053269
0.8525881
0.8653883
0.8809417
0.8570939
0.8964581
0.9003813
0.9052928
0.9024043
0.8955136
0.8970914
0.8990066
0.9044235
0.8876321
0.9050334
0.8467328
0.8918602
0.9162978
0.9171693
0.8676344
0.7551604
0.877772
0.876246
0.8751645
0.8709568
0.8737294
0.9100942
0.9066859
0.9111686
0.9066457
0.8743334
0.8763195
0.9111396
0.9100995
0.9143543
0.9074441
0.8978916
0.9042013
0.9089638
0.9237762
0.9000958
0.8922687
0.9033592
0.8622855
0.9146889
0.9193016
0.8547478
0.8543486
0.8553845
0.8581289
0.9049833
0.903227
0.8958822
0.8556717
0.8559438
0.856039
0.890663
0.90374
0.898315
0.8912109
0.9099391
0.89449
0.9126038
0.8953437
0.9151895
0.9105894
0.9073854
0.8972335
0.8504123
0.8951331
0.9052228
0.8495352
0.8583512
0.8626157
0.9074879
0.9113026
0.8977799
0.8989858
0.8705648
0.9083321
0.9025052
0.9036778
0.8950291
0.8957481
0.9147058
0.8847643
0.8950867
0.898547
0.9186347
0.9060163
0.916885
0.9001983
0.8894241
0.9267404
0.9034623
0.9071288
0.9138142
0.9098281
0.8557558
0.9001322
0.9033644
0.8503971
0.8647041
0.8794695
0.8581344
0.8969205
0.9000808
0.9033962
0.9012657
0.8944253
0.8957833
0.8994715
0.906438
0.8907554
0.9049466
0.8480905
0.8915432
0.9158373
0.9162105
0.8669223
0.7516047
0.8788095
0.8769909
0.8784819
0.872297
0.872603
0.9092313
0.9078648
0.9090483
0.9083543
0.8742287
0.8753753
0.9123807
0.9097842
0.9154874
0.9092481
0.8980727
0.9041899
0.909626
0.9241424
0.8988577
0.8922783
0.9034262
0.8611164
0.9157396
0.9182272
0.8556556
0.8537256
0.8555509
0.8579515
0.9053317
0.9027732
0.8966668
0.8534298
0.853439
0.8538467
0.8912024
0.9047238
0.8979697
0.8910542
0.9038005
0.9222349
0.8979816
0.9229922
0.9290987
0.9292826
0.9084558
0.9037478
0.9329686
0.8958143
0.917248
0.9326224
0.933315
0.9343678
0.9121246
0.9114353
0.9260193
0.925995
0.9322486
0.9088734
0.9101057
0.924254
0.9225739
0.936425
0.9131108
0.9329762
0.9087858
0.9073706
0.9127494
0.9078609
0.9057224
0.9130435
0.9230564
0.8857363
0.9067853
0.9030526
0.9113223
0.9066458
0.9373572
0.925689
0.9054759
0.932261
0.9347286
0.9329538
0.9359844
0.9105031
0.9010542
0.9247539
0.921682
0.9070595
0.9168532
0.9248263
0.9115007
0.9214105
0.9300841
0.9353374
0.919674
0.9032247
0.8989205
0.9320216
0.9346226
0.9338304
0.9337858
0.9343005
0.9333908
0.9328145
0.9091728
0.9104
0.9033521
0.9240344
0.9347744
0.9340738
0.9166781
0.9150126
0.917787
0.9071394
0.9112538
0.9051633
0.9075872
0.9020441
0.9240462
0.9273289
0.9057224
0.9301554
0.8989768
0.9095323
0.9335389
0.9325673
0.932654
0.9318719
0.9115566
0.9268688
0.904919
0.9357534
0.9347006
0.9353195
0.9249163
0.906627
0.9203223
0.9265134
0.8904085
0.9137275
0.8809472
0.9124057
0.9177183
0.9168345
0.9002758
0.8995774
0.9269108
0.8970578
0.9040162
0.9245921
0.9278917
0.9273899
0.8970243
0.9024165
0.9125093
0.9112039
0.928564
0.9031963
0.9033679
0.9114531
0.911321
0.9279611
0.9099046
0.9250576
0.9023974
0.8960345
0.9097705
0.8991573
0.8980339
0.8992093
0.9153365
0.8995068
0.8865284
0.883274
0.8960599
0.902747
0.9246418
0.9109931
0.8892161
0.9247452
0.9225729
0.9192366
0.9268667
0.8952234
0.893271
0.9108124
0.9092356
0.8966794
0.9069784
0.913002
0.9030945
0.9148293
0.9179454
0.9318206
0.9133074
0.8906054
0.8852935
0.9298185
0.9256181
0.9207152
0.9235147
0.9258313
0.9248474
0.9265997
0.8910662
0.8881999
0.8882328
0.9133095
0.9312215
0.9325543
0.9026951
0.896383
0.9056923
0.9000566
0.9060508
0.8936645
0.901465
0.8923958
0.9124671
0.9151509
0.8901819
0.9198605
0.8712173
0.8979606
0.9246363
0.922582
0.9244361
0.92504
0.8972246
0.9142113
0.8906558
0.9240803
0.9230635
0.9242155
0.9124242
0.8918561
0.9131233
0.9137406
0.8812803
0.8986287
0.8799114
0.8951173
0.9122076
0.9099467
0.8895666
0.8774787
0.903733
0.8643242
0.8897849
0.9052601
0.9101503
0.9121092
0.8862959
0.8917921
0.9053925
0.9037928
0.9068569
0.8918535
0.8845617
0.9052602
0.9030229
0.9040223
0.8982419
0.915111
0.8742768
0.8813877
0.9037823
0.8827183
0.8884033
0.8808096
0.8937407
0.8748571
0.8758641
0.8788574
0.8871055
0.8908975
0.9089996
0.9073877
0.8812414
0.9052435
0.9091524
0.9072676
0.9117803
0.8770194
0.879789
0.9049824
0.9104572
0.87285
0.8965236
0.9109533
0.8862314
0.8923231
0.9106862
0.9088387
0.8989773
0.8869005
0.8843908
0.9164656
0.9025983
0.9106011
0.9086284
0.9094072
0.9053702
0.9062355
0.8818999
0.8807181
0.8840164
0.9103309
0.9111434
0.9077376
0.8933672
0.8902543
0.9013204
0.8870818
0.8802301
0.8829061
0.8908897
0.8920475
0.9107524
0.9045111
0.8819947
0.9054343
0.874176
0.8853386
0.9058865
0.9041461
0.9065603
0.9072653
0.8880345
0.911325
0.8707841
0.907724
0.9086075
0.9068457
0.889612
0.8759068
0.8921213
0.9053659
0.9110412
0.9089318
0.9086832
0.9107093
0.9181542
0.9177812
0.9227395
0.9211385
0.918275
0.9121196
0.9166322
0.9160057
0.9205591
0.920844
0.909818
0.9132463
0.9191856
0.9176776
0.9140937
0.9187253
0.9147723
0.9202376
0.9188809
0.9148152
0.9234251
0.9233131
0.9143638
0.915518
0.9202033
0.9168809
0.9178502
0.908882
0.903727
0.9298674
0.9066156
0.9050748
0.9130146
0.9218868
0.9138582
0.9253544
0.917443
0.9166519
0.9168932
0.9159738
0.917275
0.9135369
0.9127723
0.9160099
0.9169758
0.9130251
0.9062861
0.9193689
0.9175839
0.9091806
0.9154509
0.9182474
0.909126
0.909555
0.9133842
0.9249307
0.9188489
0.9190052
0.9172421
0.9193231
0.9163758
0.9153391
0.9092494
0.9075394
0.9091482
0.9198009
0.9147805
0.914842
0.9158708
0.9082611
0.9205816
0.9178172
0.9140702
0.9048245
0.9214355
0.9181796
0.9218069
0.9186751
0.9171717
0.9193254
0.914668
0.9160927
0.9135447
0.9147763
0.9148226
0.9162555
0.9138233
0.9205136
0.9137931
0.9153281
0.9172663
0.9145275
0.9106432
0.9095666
0.9118373
0.9186018
0.9021453
0.8918533
0.8959111
0.8928467
0.915147
0.9188728
0.8868352
0.8795616
0.8879586
0.8865615
0.8939716
0.8877934
0.8975762
0.8953399
0.8953687
0.8970368
0.8937239
0.8956563
0.9042884
0.8952167
0.8883828
0.8885143
0.8906244
0.898866
0.9029039
0.9036916
0.8792612
0.8798746
0.912408
0.8951186
0.9072428
0.8854459
0.8887903
0.9169769
0.8887021
0.8918939
0.8987149
0.8926398
0.9033815
0.898494
0.8760245
0.8841024
0.8954916
0.8855286
0.9023351
0.8790218
0.8817635
0.894441
0.8974612
0.874827
0.8931771
0.8929449
0.9001087
0.8860848
0.9124352
0.9026209
0.8853386
0.8952423
0.9085929
0.9088783
0.89072
0.8984446
0.9003114
0.9013338
0.8994391
0.9010238
0.8929024
0.8972861
0.9009676
0.8943579
0.9069295
0.9050212
0.9061198
0.8959201
0.8996532
0.8942022
0.8858158
0.8843603
0.8922308
0.9058374
0.8925708
0.8854592
0.895881
0.8905673
0.897604
0.9010885
0.902047
0.9008156
0.902219
0.9056542
0.8929054
0.8943768
0.8779322
0.8980808
0.899156
0.8969019
0.8864901
0.8840734
0.8982351
0.8923887
0.9239084
0.9108753
0.9129008
0.9155877
0.9243501
0.9255696
0.9166157
0.9148359
0.901679
0.9144337
0.9112825
0.8999963
0.9091578
0.9084814
0.9197564
0.9190724
0.9006715
0.8999741
0.9103358
0.9192415
0.9216339
0.8985011
0.8954679
0.9223623
0.9244861
0.9082505
0.9140574
0.9093753
0.9289949
0.9234926
0.9227287
0.9084874
0.9110368
0.9343947
0.9140925
0.9135821
0.9190545
0.9244718
0.9103044
0.9017755
0.9092003
0.9018994
0.9084031
0.8980845
0.913953
0.9040129
0.909654
0.8990067
0.9025045
0.9054114
0.9129839
0.8987136
0.9243523
0.9112262
0.9220507
0.9144783
0.9049951
0.9190549
0.9261506
0.9230825
0.9041827
0.9028649
0.9015458
0.9056924
0.9021707
0.9055031
0.9159302
0.9144903
0.9221115
0.9043616
0.9102306
0.9116959
0.9235872
0.9177388
0.914899
0.9220216
0.91387
0.9088206
0.923354
0.9244666
0.9009952
0.8935565
0.9193514
0.9068121
0.9208129
0.9182042
0.9101477
0.9120277
0.9098858
0.9143646
0.9140492
0.9033337
0.9104162
0.9105685
0.9120767
0.9120073
0.9114686
0.9118951
0.917609
0.8985045
0.9199774
0.9132825
0.9078772
0.9125107
0.9170858
0.9188757
0.9102518
0.9057605
0.8671292
0.9113135
0.9117554
0.8616876
0.8747623
0.8717691
0.9102074
0.9091398
0.8923695
0.8971113
0.8813161
0.9152944
0.9163958
0.8910949
0.893829
0.917866
0.9237803
0.8800769
0.9067663
0.9020468
0.9280683
0.9155129
0.9190299
0.9082361
0.9132716
0.9261812
0.9090163
0.910112
0.9125303
0.9149101
0.8788673
0.8961195
0.9003934
0.866483
0.8792693
0.8963736
0.881847
0.8995507
0.902984
0.8910111
0.8970199
0.8992355
0.909721
0.8961502
0.9208246
0.9079935
0.9168218
0.8883651
0.9058275
0.9112678
0.9188922
0.8859742
0.8764226
0.8809216
0.8797609
0.8765657
0.8777377
0.8825117
0.913637
0.9117396
0.9147842
0.9004796
0.8903713
0.8874211
0.9201482
0.9100185
0.9158081
0.9132794
0.9098836
0.9046137
0.9143675
0.9188681
0.8937342
0.8935298
0.9112046
0.8595597
0.9149469
0.9105839
0.8790754
0.8775427
0.8806862
0.8845773
0.9096183
0.8979214
0.9040504
0.8757142
0.874438
0.8757407
0.9123353
0.9098742
0.9183586
0.8979875
0.9168092
0.9049384
0.9053603
0.914432
0.9177946
0.9157776
0.9118478
0.9031546
0.8496472
0.9043225
0.908939
0.8476179
0.8669338
0.8670803
0.9118872
0.9124676
0.8902026
0.8905553
0.8722698
0.9120754
0.9138466
0.8873742
0.8841232
0.9153767
0.9207977
0.8717151
0.9059096
0.9029421
0.9275104
0.9182462
0.9193956
0.9042851
0.9031885
0.9284148
0.90515
0.9053478
0.9103925
0.9142064
0.8701156
0.8896638
0.8998437
0.8474085
0.8702417
0.8867339
0.8725079
0.8993942
0.8994001
0.8869707
0.8957556
0.8949847
0.9054462
0.8912971
0.9206637
0.9054818
0.9140739
0.8796905
0.8985971
0.9127227
0.9173721
0.872067
0.8706661
0.8738337
0.8728422
0.8722717
0.8685641
0.8732918
0.9110992
0.9086168
0.9133
0.8984753
0.8820183
0.8770929
0.9177749
0.9037762
0.9111087
0.9154669
0.9071831
0.9011294
0.9139299
0.9156342
0.8925929
0.8842796
0.9079549
0.8482835
0.912621
0.9075934
0.8731126
0.8715088
0.8740331
0.8774714
0.9093761
0.8919653
0.9011376
0.8626762
0.8590663
0.8613944
0.9076628
0.9079436
0.9092424
0.8849226
0.9144753
0.9052727
0.9127598
0.9076901
0.9165628
0.9163293
0.9109977
0.9049293
0.8413238
0.9061399
0.9147856
0.8415611
0.8512923
0.8551683
0.9117637
0.9150987
0.9077658
0.907336
0.8718748
0.9155649
0.9100602
0.9149603
0.9094321
0.9034081
0.9229945
0.887326
0.9057295
0.9108348
0.9213883
0.9124275
0.9191491
0.9017329
0.8938577
0.9268527
0.9093157
0.9118369
0.9170739
0.9177184
0.8534218
0.911319
0.9119383
0.8409933
0.86095
0.8962152
0.8649952
0.9061898
0.9063684
0.9105946
0.9117949
0.9042221
0.902172
0.9117543
0.9086629
0.9017062
0.9169228
0.8513468
0.9028905
0.9133925
0.9227369
0.863222
0.8658811
0.8821852
0.8827237
0.8815018
0.8810188
0.8805647
0.9122493
0.9128153
0.9153274
0.9136074
0.8812189
0.8779353
0.9168432
0.9150785
0.9215536
0.9117378
0.9067854
0.9128657
0.9164659
0.9229586
0.9093742
0.9059003
0.910366
0.8484997
0.9137792
0.9160117
0.8578399
0.8557032
0.8583349
0.8615105
0.908791
0.9148575
0.9087199
0.867234
0.8681709
0.8653889
0.9025707
0.9105122
0.9067476
0.9053594
0.9111578
0.8964138
0.9009941
0.9021868
0.913673
0.9101112
0.9070341
0.9004763
0.8232755
0.901465
0.9018519
0.8196876
0.8334431
0.8380276
0.9001119
0.9047464
0.8904441
0.8922976
0.8658809
0.9080509
0.9067857
0.8913604
0.8867061
0.9065087
0.9192472
0.8681335
0.9004849
0.9003429
0.918718
0.9117542
0.9103261
0.8941576
0.8923359
0.9240211
0.902988
0.8993699
0.9076719
0.9116228
0.7676443
0.8939688
0.8967206
0.8231506
0.775973
0.8844114
0.8633134
0.8950131
0.8966612
0.8907461
0.8931061
0.8907755
0.9004955
0.8889297
0.9079372
0.897008
0.9131686
0.8576087
0.8882196
0.9083097
0.9093632
0.8623332
0.8572795
0.8697848
0.8673335
0.8681723
0.8635506
0.8691936
0.9099893
0.9059013
0.9059456
0.8985121
0.8730094
0.870662
0.9146307
0.9072309
0.9112765
0.9103962
0.900051
0.9007131
0.9103794
0.9174759
0.8906181
0.8846337
0.9005772
0.8414175
0.9081404
0.9088788
0.8594979
0.8614222
0.860213
0.8657899
0.9040098
0.8923184
0.8985318
0.8554563
0.8563323
0.8574176
0.8914839
0.9011517
0.9078472
0.8881518
0.9114516
0.8978449
0.9073485
0.9009547
0.9157413
0.9120011
0.9099357
0.9039994
0.8260068
0.9042553
0.9045482
0.8199637
0.8376726
0.8396788
0.9046641
0.9054245
0.8926895
0.8944206
0.8684053
0.9110216
0.9082815
0.8938624
0.8904428
0.907647
0.9194411
0.8750466
0.9016346
0.9005355
0.9213369
0.911
0.9140826
0.8960369
0.8937169
0.9280728
0.9064185
0.9017272
0.9096851
0.9142715
0.7729781
0.8945941
0.9019764
0.8273576
0.7859109
0.8842801
0.864191
0.8989366
0.8976533
0.8945823
0.8945772
0.8938414
0.9015574
0.8936957
0.9120954
0.8983983
0.9138362
0.8581364
0.8963011
0.9093856
0.9112483
0.8635019
0.8670243
0.8712204
0.8701343
0.8677804
0.8652466
0.8717747
0.9120242
0.9099477
0.909322
0.9004307
0.8738136
0.8717575
0.9128959
0.9093897
0.9103256
0.910727
0.9006461
0.9019093
0.9124902
0.9171661
0.8949985
0.8878142
0.9049678
0.8419167
0.9092042
0.9103066
0.858648
0.8626388
0.8593225
0.8683611
0.9078431
0.8950426
0.8998003
0.857581
0.8580247
0.8571212
0.8927931
0.9044388
0.9062375
0.8912266
0.910943
0.8916649
0.90585
0.9010073
0.9120939
0.9121459
0.9117982
0.9066451
0.8234763
0.8991053
0.9042826
0.8173711
0.8316121
0.8381472
0.9036058
0.9086592
0.8929996
0.8923376
0.8666567
0.9103983
0.9051557
0.8941311
0.8857936
0.9044245
0.9175232
0.8735088
0.8992566
0.8994359
0.9202972
0.9069043
0.9120569
0.8973872
0.8908481
0.9249496
0.9055587
0.9003388
0.9074513
0.9139171
0.7594047
0.8980046
0.90286
0.8268553
0.7737906
0.8813089
0.860194
0.8986324
0.8992785
0.8956579
0.8959297
0.8949606
0.8997122
0.8910844
0.908853
0.8930241
0.9077309
0.8551375
0.8902426
0.9095028
0.9105074
0.858714
0.8574603
0.8707335
0.8682439
0.869208
0.8663879
0.8745331
0.9101228
0.9076405
0.9080727
0.9006849
0.8687652
0.8701745
0.9110066
0.9076747
0.9119544
0.9095192
0.9012602
0.898555
0.9134104
0.917539
0.8958333
0.8876043
0.9021312
0.8379192
0.9091653
0.9096786
0.858129
0.859028
0.8579841
0.8616742
0.9040606
0.8987604
0.900851
0.8551998
0.8534715
0.8541793
0.8905895
0.9012792
0.9062025
0.8906026
0.9100111
0.8955743
0.9069532
0.9009149
0.9125086
0.912636
0.909234
0.9058934
0.824022
0.9013037
0.9058731
0.8173985
0.8344713
0.8361913
0.9044271
0.9073987
0.8960892
0.8954323
0.8668834
0.9114095
0.906091
0.8948802
0.8900742
0.9066799
0.9190607
0.8785592
0.8988009
0.9030756
0.9201629
0.9081143
0.9121394
0.8970459
0.8925442
0.9262828
0.9031863
0.9012467
0.9080381
0.9133461
0.7632507
0.8983088
0.9038017
0.8307518
0.7713864
0.8844037
0.8612317
0.8980135
0.8979756
0.8978591
0.8972368
0.8966389
0.8975525
0.8953144
0.9090093
0.8944138
0.9118333
0.8557883
0.8905771
0.9102882
0.9108207
0.8605157
0.8554847
0.8755179
0.8707713
0.8705428
0.8684944
0.8758641
0.9091914
0.9053188
0.9081494
0.9019136
0.8695897
0.8706177
0.9097742
0.9075552
0.914013
0.9092079
0.9029285
0.9003065
0.9131856
0.917668
0.8956086
0.8894011
0.9036644
0.8415151
0.9095927
0.9073607
0.8614857
0.860537
0.8613865
0.8620664
0.9037356
0.8991046
0.9013957
0.8567152
0.8552067
0.8562129
0.8933197
0.8983561
0.9044905
0.8904089
0.913059
0.901406
0.9059807
0.9070186
0.9133055
0.9145138
0.9084305
0.9037005
0.8217872
0.9039977
0.9059288
0.81678
0.8346841
0.8394421
0.9063759
0.9074548
0.8900647
0.8957746
0.8685565
0.9104164
0.908493
0.8930257
0.8888232
0.9090708
0.9186182
0.871536
0.9024876
0.9036866
0.922031
0.9119872
0.9125054
0.8972663
0.8984397
0.9244251
0.9031247
0.9020251
0.9088002
0.9126279
0.7739334
0.8943298
0.899445
0.8300528
0.7803261
0.8859471
0.8634034
0.8987545
0.8983565
0.8954934
0.897577
0.8936983
0.9017331
0.8931882
0.9121501
0.8973733
0.915884
0.8583802
0.8912448
0.9094804
0.9112253
0.8620367
0.8644145
0.8717517
0.8716437
0.8685714
0.8647148
0.8713755
0.9088574
0.9071447
0.9063633
0.8961791
0.8765653
0.8720344
0.9144461
0.9101067
0.911392
0.9118308
0.9029063
0.9039636
0.9122352
0.9194163
0.8930205
0.8865703
0.9026133
0.8381887
0.9099968
0.9105577
0.8615547
0.8623221
0.8624845
0.8691885
0.9037133
0.8951021
0.9015728
0.8600249
0.8576623
0.8629951
0.8945926
0.9070194
0.9098888
0.8941393
0.9113292
0.9005016
0.9042996
0.9054283
0.9141373
0.9147502
0.9090747
0.9026581
0.8247253
0.9035515
0.905718
0.8188629
0.835147
0.839716
0.9068305
0.9077516
0.8912438
0.8945963
0.8673953
0.9111712
0.9079671
0.8945685
0.8885771
0.9076453
0.9193883
0.8709207
0.9022361
0.9039092
0.9208285
0.9114217
0.9136085
0.8970164
0.8975017
0.9251774
0.9023995
0.9010125
0.9079968
0.9123735
0.7758217
0.8947696
0.8995144
0.8311201
0.783361
0.8850465
0.8616724
0.8991053
0.8979048
0.8962955
0.8998511
0.8932873
0.9016812
0.8923731
0.911933
0.8964412
0.9141292
0.8576311
0.8910808
0.9085181
0.9114366
0.8618507
0.8630106
0.8731179
0.8742795
0.867401
0.8664079
0.8732089
0.9087993
0.9062242
0.9065032
0.8962123
0.8782483
0.8727666
0.9146513
0.9086851
0.9120299
0.9122738
0.9011333
0.9042275
0.9119423
0.9189256
0.8935465
0.8863686
0.9035884
0.8382864
0.9097827
0.9084991
0.8602531
0.8608067
0.8614406
0.8659508
0.9044112
0.8936023
0.901083
0.8604414
0.8581694
0.8628932
0.8946677
0.9055061
0.9080165
0.8929963
0.9119705
0.8987105
0.9080943
0.9045741
0.911851
0.9101147
0.9119327
0.9067621
0.8290442
0.8984241
0.9123079
0.8238927
0.781904
0.7873088
0.9141375
0.9155301
0.9027713
0.9059706
0.8694201
0.9111174
0.9034401
0.9091238
0.9040093
0.8960741
0.9208125
0.8830547
0.9041145
0.9052994
0.9194157
0.9084209
0.915972
0.8994231
0.8951466
0.925663
0.9092303
0.9059996
0.9112276
0.9164906
0.8338912
0.9102735
0.905787
0.8345095
0.8449339
0.8943575
0.8679111
0.9010123
0.9042784
0.9061123
0.9050722
0.9027768
0.89808
0.9102067
0.9080641
0.8974489
0.9066249
0.8453277
0.8980336
0.916014
0.9175665
0.8600134
0.857922
0.8840628
0.8801854
0.8818921
0.8736485
0.8806986
0.9138437
0.9068945
0.9139514
0.9087863
0.8754221
0.8745921
0.913401
0.9153531
0.9237008
0.9095467
0.9013604
0.9050338
0.9160647
0.9200637
0.9073524
0.8974424
0.9074465
0.848688
0.9172118
0.912817
0.8530233
0.8508039
0.852094
0.8607036
0.9055262
0.9065118
0.9031677
0.8585083
0.8561944
0.8558572
0.8988451
0.9089577
0.8999782
0.9017786
0.9119966
0.898075
0.9086696
0.9047568
0.9128034
0.9105872
0.9116112
0.906514
0.826779
0.8990405
0.9119893
0.8219307
0.7813773
0.78582
0.9138164
0.9154408
0.9033912
0.9054834
0.8707407
0.9121074
0.9030344
0.9085979
0.9040748
0.8960587
0.9208392
0.8835309
0.9043766
0.9062265
0.9201215
0.9089518
0.9167287
0.8994484
0.8953643
0.9253923
0.9096061
0.9055909
0.9110596
0.9164406
0.8324564
0.9110824
0.9061267
0.8340769
0.8436253
0.8951466
0.8675108
0.9008787
0.9045813
0.9066517
0.90423
0.9028025
0.8984212
0.9108975
0.9088311
0.8983125
0.906726
0.8458776
0.8972627
0.9158862
0.9180513
0.8598222
0.8578132
0.8841279
0.8803751
0.881668
0.8745948
0.8813434
0.9142151
0.9064512
0.9145166
0.9088518
0.8751949
0.875741
0.9128156
0.9149192
0.9245588
0.9095338
0.902302
0.9052575
0.9157472
0.9202052
0.9079324
0.8987008
0.9073551
0.8477871
0.9163616
0.9134249
0.8528279
0.8506073
0.8522019
0.8601708
0.905827
0.9071665
0.9037064
0.8586159
0.8562158
0.8560078
0.8992689
0.9091397
0.9000435
0.9013655
0.9118488
0.9044963
0.9023821
0.9087713
0.9151585
0.9152519
0.9093867
0.9014301
0.8958934
0.9040751
0.9023934
0.8951251
0.898361
0.9009178
0.899692
0.9063248
0.4108342
0.8346827
0.9045084
0.9134899
0.9124828
0.8211152
0.8085815
0.9214579
0.9175966
0.9011959
0.9080574
0.8983039
0.9247501
0.9108638
0.9159818
0.8965417
0.9022007
0.9229866
0.898421
0.8995487
0.9126138
0.9110047
0.9068384
0.8305917
0.8998888
0.8990421
0.9005475
0.8859831
0.9062018
0.8943904
0.900721
0.8385522
0.8398635
0.8955771
0.9104383
0.8044866
0.9139857
0.9043936
0.9154258
0.9097531
0.9020449
0.9099648
0.9092227
0.9112096
0.8985369
0.9013993
0.9012984
0.8998843
0.8949589
0.9004518
0.9059868
0.9016856
0.9078112
0.8328288
0.9075886
0.90938
0.9157366
0.9052856
0.910158
0.9145049
0.9110769
0.8992522
0.9100775
0.9104658
0.8029592
0.8183568
0.9037632
0.8945091
0.906197
0.9072628
0.9052055
0.9042717
0.9044732
0.9062098
0.9013191
0.840317
0.9014019
0.906278
0.9065839
0.9078171
0.9037669
0.9030413
0.9139379
0.803782
0.9093361
0.9056695
0.8954562
0.9128562
0.9131266
0.9178353
0.9083456
0.9006479
0.8947102
0.9055791
0.9040642
0.8945884
0.8991789
0.9017012
0.9026226
0.9031298
0.7967014
0.8311792
0.9055944
0.9094148
0.9143344
0.8231436
0.8017393
0.9233147
0.9175037
0.9027585
0.9102523
0.903817
0.9238859
0.9117144
0.913363
0.9020516
0.9048189
0.9166581
0.899345
0.8947463
0.9063987
0.9149106
0.9074439
0.8254507
0.8983364
0.898825
0.8995655
0.8882285
0.9061479
0.8970257
0.8957214
0.8348037
0.8404052
0.8957533
0.9074418
0.7748045
0.9167714
0.9059868
0.9180022
0.9186096
0.8977446
0.906018
0.9132087
0.9121742
0.8994395
0.8989592
0.8988917
0.8977668
0.8963732
0.9003398
0.9030548
0.9027645
0.9032383
0.8285703
0.9073266
0.9078258
0.914801
0.9037792
0.9072346
0.9139511
0.9082299
0.897379
0.9132445
0.9081819
0.7955295
0.8150384
0.9073605
0.8937817
0.9090434
0.902668
0.9067512
0.9059853
0.907153
0.9118506
0.9022117
0.836139
0.8981139
0.9067664
0.90796
0.9074762
0.9071108
0.9067325
0.9141871
0.8126424
0.9171726
0.9050317
0.9064839
0.9149217
0.9163681
0.9161681
0.9160926
0.907942
0.8649427
0.9075079
0.9125274
0.8621043
0.8823223
0.8811859
0.9104002
0.9057864
0.8980752
0.8937479
0.8805045
0.9133061
0.9150689
0.897814
0.8948625
0.9193108
0.9261951
0.785243
0.9081287
0.9071439
0.9247965
0.9201345
0.9183673
0.9038266
0.9048949
0.9287671
0.9083056
0.9044091
0.9139743
0.9190992
0.8823177
0.9014884
0.9066912
0.8666566
0.8790663
0.8914638
0.8795382
0.9016661
0.9029948
0.897267
0.8980127
0.9026407
0.9063227
0.8977061
0.9211283
0.9068005
0.9176666
0.886346
0.9039945
0.9168722
0.9221646
0.8913702
0.8755282
0.7233889
0.7173329
0.7344623
0.7782473
0.7545812
0.9096609
0.9110809
0.9176487
0.9031214
0.8215807
0.8197836
0.9197641
0.910443
0.915556
0.9153343
0.9071926
0.9030369
0.9188264
0.9160422
0.8987017
0.8896239
0.9128788
0.8681162
0.9163042
0.9124964
0.8754554
0.8733187
0.8775806
0.8776621
0.9070605
0.8987558
0.9114596
0.8814966
0.8794416
0.8782776
0.9077889
0.9087742
0.9133266
0.8955552
0.9088785
0.9143301
0.9021052
0.9147396
0.9193923
0.9206579
0.9081481
0.8978845
0.8965391
0.9057792
0.9011905
0.8957315
0.8997574
0.9032455
0.9053351
0.9024434
0.8239597
0.8289408
0.9056011
0.9096522
0.9141993
0.8324748
0.8257731
0.9280429
0.9198497
0.9026574
0.9094144
0.9005509
0.9274113
0.9125882
0.9107529
0.8990114
0.9116637
0.9198103
0.9016452
0.9010165
0.9066861
0.9110392
0.9083007
0.5814851
0.900086
0.8986816
0.903924
0.8899546
0.909679
0.8998021
0.8989352
0.831985
0.8298149
0.9009997
0.9094344
0.8224955
0.9188714
0.9147254
0.9181663
0.9193629
0.9045106
0.9051296
0.9102981
0.9187971
0.9025501
0.9033756
0.9022505
0.9012742
0.9034132
0.9044104
0.9042406
0.9026643
0.9061413
0.736661
0.9130388
0.9162289
0.915353
0.9049342
0.907877
0.9113589
0.9111508
0.8960634
0.910381
0.9091458
0.8273704
0.8355079
0.906141
0.8946718
0.905847
0.9040572
0.9091882
0.9086916
0.9090877
0.9094405
0.9010036
0.8364584
0.8987173
0.9102596
0.9099421
0.9117029
0.9124933
0.9062055
0.9187035
0.8319134
0.8894179
0.8993658
0.8771239
0.9026656
0.9159479
0.9145717
0.8881954
0.8775906
0.9003601
0.8887211
0.8938094
0.9003164
0.9000869
0.9023127
0.8870605
0.8872123
0.8918742
0.8911352
0.9056563
0.8931785
0.8929879
0.8896696
0.8867558
0.9164497
0.8998049
0.9044453
0.8855001
0.8761758
0.9116318
0.8918025
0.8904303
0.8817358
0.8974716
0.9072335
0.882821
0.8815775
0.8934536
0.8888689
0.9104132
0.8889213
0.8662055
0.8978073
0.8988809
0.8976128
0.9123064
0.8768795
0.8740486
0.8880891
0.8935862
0.8754575
0.8963482
0.8878685
0.8972305
0.8945846
0.9116715
0.918892
0.8921494
0.8917823
0.8921473
0.9129634
0.9022833
0.9004984
0.8996774
0.8996164
0.8987741
0.9035562
0.8833074
0.8823679
0.8835455
0.890925
0.9095596
0.9086551
0.9035116
0.8912496
0.8936575
0.8920483
0.8843109
0.8808159
0.8875814
0.8928636
0.8927841
0.8909498
0.886165
0.898085
0.8784572
0.8935809
0.9074518
0.9069135
0.9084049
0.9087991
0.884852
0.8937272
0.8723255
0.911603
0.9124134
0.9109875
0.8926605
0.8813318
0.9053807
0.8905024
0.9068957
0.9042001
0.8979278
0.9082449
0.911944
0.9167814
0.9093174
0.8997442
0.8929233
0.9056246
0.9016859
0.8935645
0.8971875
0.902051
0.9047956
0.9060074
0.7831278
0.8331563
0.8993269
0.9100805
0.9107143
0.8151303
0.7962767
0.915641
0.9170532
0.8989472
0.9054437
0.8986342
0.9214937
0.9088323
0.9121686
0.8974433
0.9047488
0.9217448
0.8934447
0.8992404
0.9127486
0.9122532
0.9024425
0.8303782
0.8998932
0.890394
0.8968566
0.8843631
0.9020932
0.8957856
0.8960204
0.8335993
0.8376565
0.8970451
0.9060325
0.7879504
0.9125075
0.9028425
0.9114954
0.9095635
0.9019545
0.9097365
0.9098815
0.9127715
0.8975523
0.8976053
0.8963417
0.8968023
0.8944043
0.8976452
0.9000741
0.8973392
0.9052505
0.8348575
0.9092781
0.9078387
0.9155446
0.9074783
0.9094707
0.9107825
0.9052459
0.8983142
0.9104603
0.9110399
0.802209
0.8170624
0.9060988
0.8941176
0.9052698
0.9040304
0.9057127
0.9044756
0.9052987
0.9069397
0.9022492
0.8421231
0.8981412
0.8999714
0.9005116
0.9008993
0.9028826
0.9043808
0.9142161
0.8103642
0.8965847
0.8647124
0.8914626
0.8632791
0.9112849
0.9112979
0.9022657
0.8987001
0.8977821
0.8925576
0.9013027
0.8980172
0.9057618
0.9055107
0.8983417
0.8993856
0.9111824
0.901423
0.9057023
0.9027797
0.9005562
0.9033904
0.9027599
0.8969391
0.9085254
0.9052449
0.8953294
0.897123
0.9069145
0.8985558
0.9060049
0.8965147
0.8611792
0.9135029
0.8958326
0.8922132
0.8958555
0.9021396
0.9038994
0.9055286
0.8850009
0.9002911
0.9018892
0.8976033
0.9047416
0.893954
0.8929148
0.8989639
0.8999574
0.8893496
0.643775
0.9063208
0.9054192
0.859558
0.9084858
0.9026836
0.8362043
0.8983467
0.9050309
0.9116616
0.8981274
0.9033084
0.8994451
0.9039297
0.9013078
0.9019475
0.8981827
0.8981377
0.8973361
0.9092453
0.9057267
0.9049105
0.9033923
0.8997569
0.9092117
0.9027812
0.8953047
0.8925917
0.9005129
0.900478
0.9064392
0.8971272
0.8970421
0.899882
0.8994097
0.8962204
0.8998577
0.9000213
0.8996725
0.9004401
0.8965848
0.9066243
0.8866028
0.9023644
0.9019643
0.9017226
0.8618496
0.8937565
0.8621122
0.9030316
0.9075645
0.9043497
0.8989337
0.9063106
0.9144858
0.91391
0.9103365
0.8947043
0.8937765
0.9016817
0.9023025
0.8932846
0.8978239
0.8999309
0.9039334
0.9029878
0.7957713
0.8363881
0.9016239
0.9128504
0.9124124
0.8243
0.8050562
0.9158022
0.9193645
0.8981252
0.9069198
0.9000831
0.9259983
0.9105442
0.9140502
0.8963905
0.9008021
0.9226425
0.8944122
0.9000692
0.9084446
0.9123505
0.9002212
0.8254579
0.9044545
0.8934605
0.8952577
0.8803213
0.8993293
0.893652
0.8951412
0.8305735
0.8392029
0.8934694
0.9051591
0.7964739
0.9135807
0.9022968
0.9091891
0.9109173
0.8969719
0.909359
0.9122663
0.908585
0.893868
0.897643
0.8948973
0.8985195
0.8916559
0.8986106
0.9007072
0.8996424
0.9040845
0.8356492
0.9048915
0.9055258
0.9149723
0.9033763
0.9099868
0.9124444
0.9011113
0.9014925
0.9118807
0.9113507
0.8003434
0.812749
0.9036848
0.8944585
0.9054792
0.9046554
0.9005268
0.8970872
0.9004981
0.9021944
0.9011367
0.8352882
0.8961842
0.9022892
0.9024789
0.9021913
0.9000654
0.9049712
0.9099632
0.8099921
0.9142214
0.9049192
0.9152048
0.905867
0.8874257
0.8861975
0.9160661
0.9145687
0.9059638
0.9082218
0.9154407
0.9055759
0.908036
0.9125181
0.9145629
0.9167921
0.9122215
0.9122988
0.9137553
0.9148748
0.9136828
0.9164108
0.9131306
0.8990064
0.9214118
0.9151855
0.9129391
0.9106494
0.9224219
0.9137532
0.9209615
0.9112898
0.8993745
0.9295648
0.9118613
0.9124465
0.9164477
0.9194567
0.9047803
0.918843
0.9109356
0.9076241
0.9114912
0.904083
0.9097162
0.9089341
0.9095655
0.9124836
0.9129643
0.9060209
0.9028078
0.9159488
0.9131342
0.9027426
0.8814685
0.9010174
0.9019154
0.9195469
0.9189208
0.9162484
0.9042931
0.9105964
0.9122971
0.9127837
0.9137001
0.912722
0.9150886
0.9147244
0.919062
0.9189681
0.9096569
0.9095745
0.9161214
0.9163186
0.9209128
0.9138254
0.905427
0.912919
0.9199257
0.9156474
0.9168335
0.9113763
0.9206683
0.9086682
0.9133992
0.9154149
0.9080357
0.9067603
0.9072953
0.9104236
0.9114385
0.915744
0.9109217
0.907826
0.9064559
0.9062878
0.9020962
0.9064319
0.9067955
0.9116935
0.9118944
0.8982632
0.9088358
0.9043669
0.9133001
0.9111583
0.9099195
0.9064416
0.8314524
0.899509
0.9139168
0.8265422
0.7796974
0.7849471
0.9132526
0.9150728
0.9047
0.9071462
0.8723656
0.9094141
0.9027604
0.9090416
0.9061821
0.8946137
0.9208278
0.8813578
0.9015707
0.9065457
0.9179897
0.9095055
0.917326
0.9001235
0.8957807
0.9259465
0.9084867
0.9069398
0.9118498
0.9165755
0.8352089
0.9119169
0.9059749
0.833424
0.844864
0.8931596
0.8638018
0.9009162
0.9036721
0.9064602
0.9058908
0.9004475
0.8994435
0.9098918
0.9063363
0.8977067
0.9064655
0.8431771
0.8972152
0.9153256
0.9186088
0.8609076
0.856826
0.8809207
0.8792597
0.8771467
0.8711826
0.8768596
0.9144625
0.9073179
0.9146497
0.9106693
0.8736877
0.8730661
0.9137106
0.9165871
0.924515
0.9078328
0.9027002
0.9054597
0.915996
0.9190052
0.9077425
0.89746
0.9092371
0.8471734
0.9170689
0.9134021
0.8524472
0.8509623
0.85195
0.8600203
0.9061467
0.9089406
0.9005782
0.8609523
0.8578274
0.8586478
0.9009374
0.9072328
0.9019139
0.9018432
0.9099541
0.9094308
0.8990364
0.9133855
0.9164194
0.9189972
0.9106866
0.9036702
0.9083216
0.9090941
0.9073665
0.9058734
0.907705
0.9075594
0.9041315
0.9042553
0.8403046
0.8205692
0.9136889
0.9096863
0.9156707
0.8422675
0.8359435
0.9237024
0.9197889
0.9043575
0.908868
0.9050988
0.9254879
0.9112755
0.912669
0.9037648
0.9097871
0.9223187
0.9031019
0.8976977
0.9108673
0.9142357
0.9133657
0.8322063
0.898721
0.9065286
0.9075159
0.8923183
0.9108015
0.9011584
0.8965268
0.8210892
0.8233736
0.9003784
0.905651
0.8344187
0.9200253
0.9112823
0.9181834
0.9180345
0.9074324
0.9097239
0.9111369
0.9166813
0.9100495
0.9019241
0.9045906
0.9036954
0.901958
0.9061065
0.9089917
0.905712
0.9047078
0.8335435
0.9095355
0.9113523
0.918125
0.9064489
0.9125277
0.9134943
0.9099771
0.899427
0.9139254
0.9109577
0.8335635
0.8447499
0.9085078
0.8993679
0.9101159
0.909007
0.9100388
0.9110953
0.9091233
0.9091652
0.9077366
0.8557563
0.9037267
0.9111079
0.9104036
0.912004
0.9096212
0.9068296
0.9179168
0.8441977
0.9012132
0.9163817
0.893737
0.9184585
0.9240039
0.9228176
0.9092025
0.9130648
0.9299046
0.9047803
0.9127736
0.9280871
0.9294849
0.9297209
0.9103827
0.9049223
0.9232491
0.9214862
0.9279523
0.9106518
0.9103323
0.9208699
0.9226607
0.9192049
0.9143075
0.930087
0.9108087
0.9064916
0.9140165
0.9067984
0.9007839
0.904594
0.9161632
0.909176
0.9060164
0.8968735
0.9017138
0.9089414
0.9287175
0.924191
0.909248
0.9291084
0.9294941
0.9263004
0.9304696
0.9083053
0.9091844
0.9233547
0.9215707
0.9048027
0.9136686
0.9236201
0.9103254
0.9232165
0.9178157
0.9321018
0.9161767
0.9096207
0.9045053
0.9327172
0.9317222
0.926992
0.9276413
0.9287385
0.9258467
0.9306979
0.9086644
0.9064043
0.9010686
0.9241358
0.9270251
0.9295304
0.9159548
0.9079007
0.9165417
0.9129143
0.9107998
0.9042898
0.9093166
0.8963193
0.9259233
0.925526
0.9035454
0.9255573
0.8990159
0.9064756
0.9252555
0.925944
0.9249433
0.9256952
0.9049357
0.927446
0.9048244
0.9291185
0.9289347
0.9288719
0.9188839
0.8913923
0.9144823
0.9219634
0.8889407
0.8920112
0.8867644
0.8910845
0.911462
0.908598
0.850985
0.8439767
0.9096217
0.8787562
0.8970173
0.9047122
0.9096259
0.9127897
0.8955453
0.9011553
0.9110977
0.9092814
0.9093383
0.8612871
0.8528532
0.9148672
0.9076011
0.8980971
0.8671286
0.9177097
0.8397306
0.849032
0.8685353
0.7633551
0.8881898
0.8804843
0.8922451
0.8967844
0.880726
0.8804891
0.8906048
0.8551988
0.9053532
0.9169608
0.878031
0.9072524
0.9078024
0.9067335
0.9110717
0.8690393
0.8653306
0.9132177
0.9098605
0.8674481
0.8939049
0.9144765
0.672379
0.8929599
0.9079765
0.903493
0.8956152
0.8837765
0.8897514
0.9152882
0.9039025
0.9151331
0.9145718
0.9162567
0.9120347
0.9108344
0.8889325
0.8836664
0.8863538
0.9168581
0.9103152
0.9073995
0.8993666
0.8930163
0.9061927
0.8498147
0.8657661
0.8881395
0.8539657
0.8936734
0.9144919
0.9082296
0.8831708
0.9139094
0.8774819
0.8867632
0.9048399
0.9071065
0.9050486
0.9090555
0.885609
0.9183508
0.8097205
0.9069966
0.909979
0.9084067
0.890203
0.8782596
0.89124
0.9072058
0.8932299
0.8250863
0.8844968
0.8621379
0.9050845
0.9086068
0.9032157
0.8945937
0.9006741
0.8918748
0.8975528
0.8966184
0.9029377
0.9006466
0.8946644
0.8967115
0.9000672
0.8981892
0.9016699
0.9019642
0.8979392
0.9032967
0.8947631
0.8972064
0.9127175
0.900725
0.8963445
0.89936
0.9137742
0.9033035
0.8989697
0.8928113
0.8106494
0.9150905
0.8879546
0.8799279
0.8956958
0.9097672
0.8978215
0.9011634
0.8875716
0.890913
0.8984386
0.8918168
0.9032087
0.8949833
0.8912718
0.8937179
0.8954028
0.8894697
0.8560049
0.897722
0.9074152
0.855496
0.9044248
0.9012705
0.8328049
0.8955958
0.8953031
0.9101492
0.8902589
0.8981541
0.8952928
0.899123
0.8936102
0.8971357
0.8944893
0.8897236
0.8946423
0.9058446
0.9043822
0.9046529
0.9003681
0.8956687
0.9100281
0.900504
0.8952652
0.8821645
0.9080607
0.9004818
0.8991989
0.892976
0.8922304
0.8998899
0.8935901
0.8891853
0.8970599
0.8953047
0.8965603
0.8948338
0.88896
0.9029294
0.8951336
0.89698
0.8966938
0.8976738
0.8564456
0.8829392
0.8616359
0.8927934
0.8541967
0.8933142
0.813655
0.8992118
0.9135715
0.9111232
0.8860195
0.8822209
0.9108084
0.8836298
0.8804402
0.9104499
0.9110794
0.9099115
0.8687731
0.8738376
0.9048945
0.9039906
0.9098535
0.8853849
0.881727
0.9031829
0.9006911
0.9100945
0.8981763
0.9166667
0.8798588
0.8819203
0.898448
0.8839791
0.859323
0.8645965
0.8913013
0.8935028
0.8490875
0.8171175
0.8658133
0.8886902
0.9164489
0.9069012
0.8758165
0.9074194
0.908322
0.9034599
0.9137527
0.8757277
0.8759633
0.9028694
0.9018872
0.8729773
0.8975079
0.9019081
0.8886288
0.8931427
0.913109
0.9121725
0.8917948
0.8579598
0.8548035
0.9182807
0.9102633
0.911142
0.9113807
0.9071763
0.9112768
0.90949
0.8517711
0.852361
0.849723
0.9071362
0.913656
0.9117919
0.8811008
0.8730776
0.8917526
0.8849532
0.8832548
0.8542337
0.887807
0.8721232
0.903777
0.9003745
0.8551348
0.9059936
0.8671718
0.8565485
0.9080787
0.9054006
0.9073553
0.9080999
0.8637806
0.9055474
0.8745338
0.9128615
0.9100712
0.9124026
0.8945342
0.8473905
0.8898548
0.9039234
0.9060959
0.9000916
0.8943246
0.9054277
0.9124782
0.9141268
0.9060235
0.896918
0.8924109
0.9003006
0.9015146
0.8917155
0.8918423
0.895486
0.8957135
0.8994068
0.8288107
0.7439201
0.9043441
0.9101076
0.9098212
0.8336105
0.8253684
0.9201146
0.9159608
0.8987719
0.9077602
0.8986145
0.9249078
0.9107429
0.9108678
0.8933801
0.9025241
0.921147
0.8933097
0.8950115
0.9043
0.9116179
0.9025186
0.8224321
0.8910844
0.8930335
0.8957188
0.8842972
0.9039902
0.897448
0.8975693
0.7343122
0.758984
0.8955115
0.9013
0.8271677
0.9160452
0.9037144
0.9116924
0.913821
0.8973803
0.9065061
0.906522
0.9089088
0.8951955
0.895438
0.8942663
0.8946984
0.8891547
0.897289
0.8988925
0.8957069
0.905717
0.8319182
0.9079564
0.9067705
0.9106393
0.9006919
0.9037904
0.9112067
0.9103677
0.8921213
0.9100291
0.9080003
0.8272508
0.8370896
0.9005941
0.8907007
0.9033546
0.9006065
0.9039385
0.9055277
0.9037141
0.9070394
0.9012916
0.8438416
0.8966767
0.8990919
0.9004392
0.9006735
0.9040715
0.8996211
0.91177
0.8310584
0.9078657
0.8987382
0.8935799
0.9067385
0.9105129
0.9144898
0.9076759
0.8985544
0.8936147
0.9014361
0.8993644
0.8929633
0.895023
0.8993745
0.8975162
0.902929
0.8310357
0.745639
0.9052326
0.9126152
0.9127946
0.8346939
0.8291675
0.9203613
0.9161383
0.8956964
0.9073054
0.8991733
0.9253519
0.912982
0.9118775
0.8941262
0.9010266
0.9217168
0.8953643
0.8949072
0.9037366
0.912272
0.9039521
0.8239322
0.8956798
0.8935444
0.8956522
0.8861042
0.9040958
0.9003212
0.8971373
0.7394518
0.7610127
0.8972924
0.9013743
0.8282778
0.9177947
0.903387
0.9150284
0.9142437
0.8986581
0.9076593
0.9060343
0.9103569
0.8972004
0.8930772
0.8940429
0.8944337
0.8875992
0.897819
0.9009378
0.8983794
0.9069064
0.8303994
0.9069876
0.908357
0.9128986
0.9024938
0.904091
0.9126729
0.9109596
0.8960128
0.9108058
0.9073895
0.8272318
0.83973
0.901026
0.8937281
0.9023688
0.8996939
0.9036496
0.904013
0.9030305
0.9042695
0.9031413
0.845915
0.899272
0.9004086
0.9032945
0.9032839
0.9048457
0.8985132
0.9135979
0.8323323
0.9071523
0.8970909
0.8914223
0.9079722
0.9129473
0.9163609
0.9077011
0.8981391
0.8930238
0.901654
0.9016876
0.8934694
0.894881
0.89824
0.8971394
0.8999459
0.8254256
0.7476932
0.9033312
0.9088267
0.9128606
0.8308983
0.82743
0.9206275
0.9150646
0.8965179
0.9090097
0.8964162
0.9236676
0.9098846
0.9095021
0.8952305
0.9014687
0.9215237
0.8963382
0.8951677
0.9058777
0.9131431
0.9018109
0.8240963
0.8944207
0.8923015
0.8961158
0.8850579
0.9048306
0.8984737
0.8981975
0.7388069
0.758029
0.8976335
0.9024547
0.8257295
0.9175568
0.9033709
0.912997
0.9152063
0.899867
0.9087397
0.9051233
0.9126693
0.8976667
0.8941845
0.8952325
0.8949767
0.8921343
0.8978798
0.9047501
0.8983209
0.9053326
0.8312409
0.9065798
0.9075199
0.9118949
0.9012222
0.9079724
0.9134694
0.911924
0.8939813
0.9109093
0.908156
0.8244331
0.8362322
0.9035273
0.8939084
0.9030549
0.9026021
0.9051712
0.9046282
0.9051063
0.9060617
0.9022181
0.8459965
0.8996107
0.9020592
0.9029217
0.9017641
0.9055384
0.8998813
0.9118373
0.8345188
0.9147465
0.9001998
0.9105784
0.9066443
0.9180411
0.9166723
0.9123291
0.8995372
0.845998
0.9046622
0.9104855
0.8412309
0.85289
0.852939
0.9119066
0.9069194
0.8996499
0.8976113
0.8731777
0.9087049
0.9093065
0.8991209
0.8961993
0.9105374
0.920039
0.8785312
0.9025047
0.9049846
0.9217273
0.9102242
0.9132037
0.9032885
0.9010183
0.9279543
0.9056765
0.9022445
0.9149818
0.9130144
0.8586012
0.8998952
0.8985393
0.8396339
0.8564736
0.8957586
0.8693165
0.9010265
0.9019084
0.9017993
0.9002593
0.9017134
0.9048397
0.8982107
0.9115016
0.9038869
0.9154494
0.8657716
0.899404
0.9115709
0.916033
0.860824
0.8624735
0.8796197
0.876422
0.8783055
0.8741879
0.8755694
0.9106279
0.9094494
0.9123421
0.9068488
0.8788102
0.8788503
0.9157612
0.9116348
0.9148621
0.9096447
0.9029988
0.9042043
0.9119741
0.9172587
0.8981188
0.8962784
0.9050186
0.8357951
0.9117512
0.9121684
0.8651736
0.8623764
0.8658382
0.8701006
0.9066185
0.9015473
0.9044702
0.8677723
0.8643657
0.8669292
0.9032189
0.9073466
0.9105022
0.895359
0.8850479
0.8948051
0.8888084
0.8940236
0.9184531
0.9142394
0.9028531
0.9031398
0.9150768
0.8931156
0.9011828
0.9125439
0.9201657
0.9201508
0.8972507
0.9008223
0.9241324
0.9203905
0.9165171
0.902904
0.8981616
0.9269521
0.9202335
0.9042487
0.9033927
0.9232473
0.8895347
0.900663
0.9064186
0.8889607
0.8894208
0.8913587
0.8972394
0.9113282
0.886389
0.890408
0.8917578
0.9046594
0.9117626
0.927037
0.8964553
0.9119882
0.9137617
0.9138536
0.9158581
0.8969124
0.8957582
0.9234453
0.9233925
0.8926294
0.8990943
0.9264253
0.8899248
0.8944356
0.9095876
0.9077204
0.9034392
0.8906453
0.8901434
0.9191455
0.9159555
0.9246835
0.9248017
0.9239846
0.919212
0.9231285
0.8890838
0.8887489
0.8819914
0.9293891
0.9163774
0.9147866
0.8953702
0.8986064
0.9083083
0.8968073
0.8895547
0.8894616
0.9042275
0.8975166
0.9240144
0.9183079
0.8897805
0.9187303
0.8852982
0.8893622
0.9079486
0.9065564
0.9089745
0.9106409
0.8950373
0.9251882
0.8934892
0.913776
0.9115315
0.9110401
0.8948316
0.8748266
0.8915985
0.9188816
0.8839302
0.8957126
0.8891659
0.8917476
0.9147047
0.912305
0.9011826
0.9007997
0.9168979
0.8906155
0.9009167
0.9159251
0.9214165
0.9219627
0.8979723
0.9005137
0.9232117
0.9209528
0.9173186
0.9004208
0.8944091
0.9266271
0.9203415
0.900532
0.9040067
0.9237618
0.8905278
0.8996513
0.9078217
0.8875224
0.8879781
0.8901059
0.8967188
0.9074428
0.8883105
0.8902796
0.8876769
0.9034201
0.9116613
0.9264881
0.8939014
0.9141389
0.9135403
0.9119802
0.9149816
0.8966111
0.8954585
0.9236577
0.9234912
0.8926558
0.8981669
0.9228667
0.8863595
0.8928674
0.9074736
0.9082926
0.9012938
0.8946557
0.8871922
0.9229857
0.9155726
0.9251183
0.9247837
0.92627
0.9202387
0.9215976
0.8907821
0.8915309
0.8857821
0.928087
0.9157683
0.915484
0.8962853
0.901111
0.90864
0.8976845
0.8908348
0.8878454
0.9027176
0.8978055
0.9249454
0.9198951
0.8856546
0.9183839
0.8872143
0.8895169
0.9068486
0.9065467
0.9076404
0.9108519
0.8978207
0.9270801
0.8923607
0.9142089
0.9132821
0.9111347
0.8931037
0.8762504
0.8924669
0.9197178
0.9184112
0.9065126
0.911864
0.9113727
0.9217412
0.9183961
0.9185614
0.9137204
0.8967864
0.9112993
0.9183066
0.8960039
0.9048774
0.9088922
0.9115958
0.9115089
0.899151
0.8984542
0.9073704
0.9199686
0.9192305
0.9016158
0.8951015
0.9162211
0.9281642
0.9019745
0.9145117
0.9091074
0.9309294
0.9220844
0.9219353
0.9038215
0.9050151
0.9313739
0.9103513
0.9114712
0.9200975
0.9232571
0.9040024
0.9013407
0.9051605
0.9025176
0.9069725
0.8997723
0.9073107
0.9083594
0.9137399
0.9016623
0.8981563
0.9045977
0.9079963
0.895327
0.9237446
0.90734
0.9172541
0.9135888
0.9071716
0.9201783
0.9222851
0.9147502
0.9017332
0.9043969
0.8983471
0.8964535
0.8987286
0.9010977
0.9154003
0.9137292
0.9164097
0.9060818
0.9093198
0.9081592
0.921276
0.9151048
0.9184491
0.9235367
0.9123516
0.9077952
0.9223339
0.9179397
0.900521
0.8930397
0.920623
0.9061927
0.9192642
0.9179325
0.9066934
0.9084551
0.9073068
0.9122623
0.909938
0.9051356
0.9093515
0.9080258
0.9063814
0.9080376
0.9068649
0.9107091
0.912658
0.8976358
0.9260668
0.9130187
0.9219698
0.9136877
0.9268654
0.9297479
0.9182199
0.9101103
0.8950736
0.9175525
0.9131765
0.8907731
0.9017688
0.908763
0.9198885
0.9216319
0.9040878
0.9062281
0.9091475
0.9190202
0.9177256
0.9041458
0.9004656
0.9167318
0.9256343
0.9072831
0.9099868
0.9082226
0.93091
0.9253796
0.9317417
0.9067149
0.912741
0.9350385
0.9176598
0.9240364
0.9241374
0.91808
0.9075458
0.9047091
0.9136208
0.8936275
0.9039729
0.8930571
0.9082528
0.9012734
0.9125037
0.9074649
0.9089673
0.9015723
0.9179476
0.9053351
0.9260926
0.914105
0.9245283
0.9118244
0.9031261
0.9253181
0.9304891
0.9197956
0.8970905
0.90657
0.9034321
0.9039739
0.8998471
0.9011721
0.9196705
0.9196629
0.9283539
0.9075394
0.9105604
0.9115119
0.9262604
0.9253111
0.9215361
0.9224349
0.9114973
0.915304
0.9181131
0.9310234
0.900877
0.8964751
0.9235347
0.9068854
0.9257672
0.9260582
0.9129113
0.9113664
0.912412
0.9152648
0.9188885
0.906862
0.9130133
0.9110596
0.9099713
0.9095453
0.9131565
0.9196027
0.9149575
0.8966045
0.916425
0.9064381
0.9113079
0.9133691
0.9186194
0.921574
0.9139353
0.9084497
0.8968015
0.9131275
0.9133699
0.892439
0.9031914
0.9011762
0.9112787
0.9137078
0.899567
0.903345
0.9063011
0.9163304
0.9153519
0.8994758
0.8989489
0.9176873
0.9255357
0.9000881
0.9096279
0.906498
0.9261304
0.9218388
0.9216121
0.9021002
0.9056358
0.9329852
0.9086969
0.9114684
0.9207804
0.9168687
0.9040898
0.899412
0.9083397
0.8973473
0.9026242
0.8916522
0.9091439
0.9007653
0.9081097
0.9013081
0.9022768
0.8998454
0.9108996
0.8962788
0.9251078
0.9076202
0.9194671
0.9093335
0.8978697
0.9191171
0.9192323
0.9179769
0.8986738
0.903117
0.8994576
0.8989091
0.8980089
0.9016731
0.9141131
0.9137627
0.9156242
0.9080023
0.9058901
0.9093523
0.9224798
0.9164939
0.9149882
0.9178278
0.9132173
0.9093096
0.9164378
0.9220315
0.8971938
0.8935873
0.914671
0.8988122
0.9215902
0.9150746
0.9101111
0.9098441
0.9102867
0.9145756
0.9101738
0.9001685
0.9055032
0.9069513
0.9041031
0.9033296
0.9054335
0.9101558
0.9127721
0.8981376
0.9224917
0.8943796
0.920361
0.8999598
0.9206224
0.9193509
0.9156341
0.9104705
0.8921033
0.9100169
0.9101614
0.8880252
0.898752
0.9025698
0.9154919
0.919406
0.9025733
0.9065051
0.9016975
0.9153879
0.9100188
0.9100679
0.9001848
0.9009741
0.9223924
0.9007951
0.9072131
0.9117583
0.9262263
0.9186788
0.9272701
0.9007105
0.8959764
0.9383274
0.9121312
0.9146111
0.9217522
0.9209504
0.8965762
0.9139625
0.9147752
0.88661
0.8982925
0.8874377
0.9024928
0.9021974
0.9117358
0.9088513
0.911322
0.9026995
0.9046774
0.9083772
0.9176983
0.8935801
0.912561
0.8936796
0.8898652
0.9211777
0.9269878
0.9103996
0.8902278
0.9001918
0.8989854
0.9021711
0.898062
0.8943557
0.9138234
0.9152707
0.9210818
0.9178733
0.8973127
0.8977717
0.9165451
0.9167175
0.9191319
0.9166966
0.9050138
0.9089579
0.9196747
0.926008
0.9066642
0.8946846
0.9154381
0.9007388
0.9206366
0.9207582
0.9017988
0.8984899
0.9012863
0.9028774
0.9123564
0.9096008
0.9124823
0.8981181
0.8968844
0.8972128
0.8939047
0.9129648
0.9001804
0.8989242
0.9207488
0.9041707
0.9188651
0.9105231
0.9235048
0.9246495
0.9150277
0.910477
0.8890644
0.9112793
0.9139466
0.8872231
0.8999147
0.8993578
0.9137438
0.91689
0.9029244
0.9000849
0.9007561
0.9158734
0.9145758
0.902
0.8962005
0.9153384
0.9252906
0.9017916
0.9045719
0.9062944
0.9302014
0.9229201
0.9268554
0.8997599
0.9001847
0.9351706
0.9095363
0.9183355
0.9230244
0.9187419
0.9005083
0.8971672
0.9104499
0.888822
0.8978597
0.8893771
0.9047006
0.8980104
0.9103118
0.902086
0.8995395
0.9014709
0.9106046
0.9002876
0.9243951
0.9045786
0.916158
0.9039456
0.897696
0.9205862
0.9240439
0.9131318
0.8911059
0.9005803
0.896014
0.8969818
0.8944662
0.8962545
0.9100751
0.9140337
0.924622
0.9115624
0.9044323
0.9036269
0.9233251
0.9161543
0.9178767
0.9200961
0.910503
0.9079599
0.9169922
0.9273957
0.8983675
0.8928571
0.9177633
0.8961029
0.9221668
0.9190351
0.9043248
0.9052983
0.9041775
0.9079154
0.9124859
0.9053693
0.9092036
0.9026816
0.9030357
0.9043545
0.902689
0.9113193
0.910218
0.8938198
0.917612
0.9028347
0.9162044
0.9032717
0.9207642
0.9201998
0.9154297
0.9109711
0.8915405
0.9101613
0.91268
0.8892517
0.9012569
0.9023512
0.9174348
0.9159582
0.8996059
0.9027931
0.9054862
0.9197956
0.9132218
0.9034152
0.899963
0.9096623
0.9230742
0.905614
0.9029201
0.9034105
0.9298474
0.915912
0.9269607
0.900652
0.9000284
0.9318317
0.908016
0.9168876
0.919302
0.9216741
0.9024726
0.9027287
0.9104705
0.8920489
0.9025527
0.8898094
0.9090178
0.8994738
0.9053752
0.9050279
0.9038532
0.9005354
0.9072366
0.9039181
0.9237737
0.9005876
0.9160158
0.9014267
0.8981448
0.9214818
0.9220798
0.9142082
0.8899525
0.9032899
0.8980682
0.8992308
0.8965287
0.90034
0.9107631
0.9123206
0.9187919
0.9109446
0.9043839
0.9020884
0.9204953
0.9169028
0.9220598
0.9169597
0.9062844
0.911653
0.9215917
0.9245425
0.9027285
0.8926254
0.9142537
0.8980734
0.9210911
0.9177914
0.9036741
0.9024345
0.9030837
0.9047062
0.9125816
0.9056797
0.9064415
0.9032412
0.9032721
0.9040654
0.900305
0.9114172
0.9102789
0.8925555
0.8584473
0.8946519
0.8580486
0.8923138
0.913189
0.9119522
0.8880253
0.882944
0.9075282
0.8810469
0.8845975
0.9068133
0.9104734
0.9136407
0.8810683
0.8816907
0.9061897
0.9034028
0.9063768
0.8926796
0.8831727
0.9104873
0.9042037
0.9052252
0.8958969
0.9144267
0.880745
0.8838988
0.9001094
0.8885931
0.8692316
0.8675779
0.8934783
0.8933248
0.8577038
0.854405
0.881277
0.8915585
0.9088446
0.9098334
0.8812375
0.9031966
0.9036075
0.90401
0.9054509
0.8762013
0.8761078
0.9057794
0.9031023
0.8746127
0.89604
0.9069252
0.8871096
0.8897136
0.912197
0.9038911
0.8930447
0.8718382
0.8658277
0.9146496
0.9013141
0.9116641
0.9115544
0.9125241
0.904558
0.9080587
0.8617764
0.8599697
0.8629466
0.9125557
0.9105404
0.9117333
0.8828971
0.8798261
0.8949778
0.8871607
0.8820233
0.8711049
0.8907972
0.885297
0.9099871
0.9036213
0.8612467
0.9076862
0.8784341
0.8760246
0.9032015
0.9019903
0.9037249
0.9062422
0.8675858
0.9082425
0.882537
0.9021868
0.9039882
0.9007107
0.8916368
0.8621417
0.8924782
0.9062836
0.860204
0.9053248
0.867896
0.9043682
0.9154688
0.9189525
0.8970096
0.889744
0.9071624
0.8923505
0.8876625
0.9061736
0.9127431
0.9131898
0.8761149
0.8774215
0.9048928
0.9026948
0.9141145
0.8973075
0.899315
0.9023135
0.9013629
0.9139025
0.9051013
0.9141278
0.8912816
0.891124
0.9101312
0.8910569
0.8880887
0.8698842
0.9006494
0.9043341
0.8749909
0.8707965
0.8861806
0.8996318
0.9155505
0.8995978
0.8887166
0.9133188
0.9091397
0.9116635
0.9128229
0.8895958
0.8861059
0.9033796
0.9007475
0.8866887
0.9034322
0.9029282
0.8970126
0.9048162
0.9184348
0.9207819
0.9002887
0.8724161
0.8686161
0.9168306
0.911279
0.9169173
0.9137784
0.9154695
0.910379
0.9134407
0.8759679
0.8766177
0.8584391
0.9042386
0.9156516
0.9199887
0.8995561
0.8851616
0.8957071
0.8971813
0.8947159
0.8687701
0.8993519
0.8879553
0.9016033
0.903814
0.8585791
0.9059915
0.8858084
0.8807923
0.912831
0.9134575
0.9130804
0.9117668
0.8731065
0.9042967
0.8801513
0.91382
0.9136231
0.9123211
0.9033329
0.8749088
0.907111
0.9035289
0.9179566
0.907408
0.9151611
0.9101449
0.8973509
0.8954868
0.9178049
0.9173123
0.9166841
0.9143638
0.9166864
0.9167508
0.9162069
0.9168104
0.9194553
0.9164228
0.9174856
0.915621
0.9159817
0.9169765
0.9167463
0.9176144
0.9147717
0.9084472
0.9251508
0.9152918
0.9136313
0.9152554
0.9224958
0.9162277
0.9207325
0.9122034
0.9063036
0.9314288
0.9132557
0.9117811
0.9163003
0.9194398
0.9131594
0.9185609
0.918228
0.9113578
0.9136994
0.9145781
0.9170956
0.9176082
0.9191118
0.9211551
0.9123426
0.9171626
0.9081994
0.9186359
0.9166209
0.9106401
0.8925501
0.9146689
0.9092637
0.9212709
0.9180887
0.920661
0.912338
0.9157665
0.9148426
0.9149873
0.9123986
0.9147755
0.9169678
0.9147526
0.9150416
0.9180141
0.9129454
0.9157134
0.9185062
0.9137583
0.9248235
0.9196237
0.9145809
0.9122192
0.9192506
0.9167983
0.9181897
0.915538
0.9161034
0.9129482
0.9212302
0.9228639
0.9104089
0.910381
0.9106145
0.9140727
0.9148584
0.9203585
0.9122807
0.9124705
0.9117106
0.9115323
0.9109456
0.9109017
0.9090941
0.9137063
0.9122951
0.8966761
0.9066061
0.9035122
0.9123856
0.9131446
0.9098162
0.901768
0.8188936
0.8996774
0.9092869
0.8175697
0.7348215
0.7309496
0.9096142
0.9090126
0.8970198
0.8980134
0.8665326
0.9094659
0.9043413
0.8992511
0.8966765
0.8964276
0.9184949
0.8758818
0.8990371
0.9003678
0.9188384
0.9054228
0.9142196
0.8994947
0.8949754
0.9273395
0.9020242
0.8999964
0.9093317
0.9155571
0.8290916
0.9007082
0.9032676
0.8236286
0.834121
0.886992
0.8613243
0.8983334
0.8992581
0.8991841
0.8959962
0.8958371
0.9020563
0.9012905
0.9085019
0.8975969
0.9093279
0.8482985
0.888662
0.9125067
0.917783
0.8528016
0.8529209
0.871276
0.8714628
0.8720353
0.8673278
0.8733861
0.9098885
0.9050967
0.9111467
0.9052792
0.8727686
0.8700436
0.9127678
0.9077943
0.914304
0.9079234
0.9013557
0.9010574
0.915283
0.920017
0.897033
0.8941484
0.9052575
0.8319526
0.9107504
0.9104194
0.8501403
0.8479921
0.8493338
0.8563309
0.9064735
0.8977013
0.9012248
0.8556148
0.8539347
0.8543367
0.8985959
0.9051247
0.9065242
0.8903954
0.9162454
0.897215
0.9208441
0.8925422
0.9159551
0.9130901
0.9135962
0.9134134
0.9058281
0.9113057
0.9167377
0.904449
0.9125976
0.9132138
0.9228817
0.9198519
0.9227533
0.9237325
0.9084872
0.9203975
0.904774
0.9305391
0.9205068
0.8535824
0.9187702
0.9193123
0.901305
0.9155903
0.915197
0.9052342
0.9249777
0.90779
0.8939992
0.9336863
0.9116937
0.9169988
0.9146935
0.9169611
0.9000931
0.9297674
0.9102434
0.9028497
0.9073809
0.9034442
0.9093495
0.9072522
0.9103825
0.9255729
0.9261632
0.9085292
0.9011898
0.929026
0.9074396
0.8941415
0.9051484
0.8907873
0.8990316
0.9205334
0.9184775
0.9138167
0.9020672
0.919812
0.9166212
0.9177516
0.9173812
0.9131939
0.9167232
0.9141263
0.9191287
0.9309049
0.9075326
0.9079269
0.9138686
0.9204108
0.9256786
0.9158664
0.8994547
0.9149392
0.9174574
0.9258215
0.9287129
0.919078
0.9130795
0.915982
0.9166102
0.9174319
0.8979374
0.8985113
0.8988384
0.9023686
0.909984
0.9286811
0.9103466
0.9008119
0.9010436
0.8988979
0.8941801
0.9067606
0.8900015
0.9206872
0.9142474
0.8995935
0.9177276
0.9033295
0.9221867
0.9149788
0.9195019
0.9107941
0.8686959
0.9059877
0.9149783
0.8687874
0.8785427
0.8833864
0.9146009
0.9162179
0.9064449
0.906482
0.8831936
0.9201623
0.9156762
0.9158177
0.9040592
0.9065615
0.9196195
0.8908462
0.9100944
0.9093106
0.9268242
0.9168953
0.9212228
0.9066021
0.8973519
0.934466
0.9116501
0.9134578
0.9218843
0.9226022
0.8709351
0.9122005
0.9134336
0.8675467
0.8773302
0.8958929
0.8815582
0.9061929
0.913975
0.9143887
0.9131007
0.9053996
0.9072132
0.9075739
0.9166902
0.9032652
0.9125344
0.8727624
0.8999677
0.9183847
0.924918
0.8826616
0.8777094
0.8862497
0.8858989
0.8863486
0.8839903
0.8820543
0.9177295
0.9163757
0.9189151
0.9180474
0.882953
0.8830274
0.9229035
0.9168745
0.921927
0.9194374
0.9045476
0.9148754
0.9223338
0.928082
0.9077017
0.903829
0.9150853
0.8760178
0.9153018
0.9169408
0.8764078
0.8738376
0.877355
0.8762815
0.9128737
0.9097106
0.9112186
0.8762446
0.8784565
0.875732
0.901413
0.9139305
0.9092958
0.9040562
0.9093661
0.9095332
0.8994555
0.9150019
0.9124026
0.9146547
0.9090621
0.8993446
0.8972742
0.9045506
0.9042613
0.8982296
0.901298
0.9038118
0.9017238
0.9052358
0.8127102
0.8352941
0.9021786
0.9126129
0.9137418
0.8210039
0.8046283
0.924679
0.9177963
0.8966807
0.908975
0.9006618
0.9239082
0.9119464
0.9083074
0.8994081
0.9066694
0.9183272
0.9045495
0.8996267
0.9098517
0.9125389
0.9109985
0.8314093
0.8982355
0.8986851
0.9002236
0.891087
0.9042089
0.8939416
0.8966001
0.835431
0.8424895
0.8944422
0.9074628
0.7996091
0.9166082
0.9106485
0.9194316
0.916037
0.9032384
0.9056825
0.9105468
0.9146654
0.9033274
0.8993354
0.8981969
0.8964299
0.8962615
0.9005247
0.9052179
0.905094
0.9041706
0.8290399
0.9090974
0.9125306
0.9176735
0.9012993
0.9067537
0.9149145
0.9133288
0.8961605
0.9111624
0.9101342
0.8131466
0.8295985
0.9052915
0.893577
0.9073873
0.9058995
0.9082836
0.9059607
0.9083381
0.90873
0.90486
0.8428518
0.9000178
0.9079519
0.9075948
0.9094748
0.9053025
0.9043444
0.9176483
0.8188204
0.9119561
0.9101278
0.8998431
0.9150521
0.9117657
0.9163061
0.9102048
0.8975015
0.8962414
0.9047953
0.905461
0.8966775
0.9042686
0.9061624
0.9034573
0.9060609
0.815937
0.838273
0.9052687
0.9115717
0.9133422
0.8240822
0.804463
0.925989
0.9199986
0.8961723
0.9118123
0.9020142
0.9251396
0.9131103
0.9088831
0.9019538
0.908057
0.9213645
0.9029774
0.899857
0.9114155
0.9137331
0.9105979
0.8343366
0.8954447
0.89912
0.9023052
0.8895971
0.907103
0.8945521
0.8962105
0.8346284
0.8443605
0.8969168
0.9092245
0.8014229
0.9182392
0.910793
0.9170429
0.9174225
0.9043042
0.9066987
0.9108049
0.9134231
0.9044531
0.895457
0.8964525
0.8978618
0.8947975
0.9015772
0.9051144
0.9043721
0.904881
0.8316809
0.9096354
0.9127443
0.9169658
0.9032213
0.9073352
0.9132605
0.9130404
0.8974341
0.9126301
0.9123078
0.8138697
0.8292591
0.9068456
0.8947103
0.9068555
0.9065272
0.9087855
0.907597
0.9096888
0.9096906
0.9034761
0.8429021
0.9022746
0.9092294
0.9084882
0.9103945
0.9070574
0.9054818
0.9162416
0.8206457
0.9220743
0.9102555
0.9207334
0.9089377
0.9226205
0.9225072
0.9188615
0.9127126
0.9010824
0.9134861
0.9186826
0.899302
0.9073112
0.9089007
0.9221041
0.9210957
0.9131388
0.9113801
0.905937
0.9168525
0.9146904
0.9122255
0.9057242
0.9095084
0.923489
0.9083583
0.908885
0.9103638
0.924235
0.9191065
0.9247156
0.9094979
0.9049829
0.9345653
0.9179303
0.9143525
0.9210349
0.9231688
0.9076298
0.9126161
0.9169549
0.8989148
0.9101731
0.8998691
0.9120582
0.9089238
0.9100162
0.9093671
0.9144956
0.9081788
0.9081301
0.9125072
0.9208258
0.9081114
0.916211
0.9046527
0.9043228
0.9194255
0.9279172
0.9167528
0.9039112
0.9059587
0.9044758
0.9068713
0.9034915
0.9094167
0.9202045
0.9206209
0.9225091
0.9133285
0.9073893
0.9094747
0.925048
0.917897
0.9263935
0.917532
0.9098894
0.9117923
0.9212676
0.9281281
0.9099848
0.9050038
0.9203292
0.9097132
0.920583
0.9242983
0.9113637
0.9085071
0.9116949
0.9118481
0.9130201
0.915219
0.9136116
0.9076478
0.9074825
0.904179
0.9077206
0.9153643
0.9091369
0.9046061
0.9140339
0.9061695
0.9011515
0.9102005
0.9122128
0.91738
0.9115788
0.9025227
0.8971731
0.9056604
0.9050169
0.8945906
0.8977132
0.8969393
0.9080566
0.9073744
0.7924842
0.8328167
0.9061842
0.9134886
0.9142797
0.8227627
0.7968806
0.9235522
0.9193312
0.9015454
0.9076643
0.9026656
0.9276102
0.9107458
0.9137584
0.9008291
0.9050418
0.9253644
0.8990441
0.9010894
0.907385
0.9148242
0.9044484
0.827854
0.8966349
0.8971458
0.8980222
0.8886462
0.9026533
0.8966165
0.9
0.8331289
0.8359414
0.8937609
0.9084318
0.7905539
0.9149823
0.9048983
0.9114648
0.9138054
0.9030195
0.9099231
0.9169213
0.9137901
0.9031047
0.9009962
0.8985418
0.9008312
0.897997
0.9027858
0.9046252
0.9040676
0.9090458
0.8348894
0.9113716
0.9113617
0.9191304
0.9070649
0.9108872
0.9136625
0.9087716
0.8983688
0.9127958
0.9139732
0.7994933
0.8300728
0.9090909
0.8959855
0.9071968
0.9088934
0.9059064
0.9066987
0.9060383
0.9046784
0.9066058
0.837548
0.9006066
0.9041509
0.9046935
0.9041297
0.9028565
0.9063981
0.9131628
0.8153313
0.9071891
0.8919884
0.9042027
0.8994955
0.913036
0.9075668
0.9069584
0.9006056
0.8296988
0.8968334
0.9034771
0.8254368
0.8377991
0.8416824
0.9082397
0.9080626
0.8910971
0.894503
0.8650311
0.9067274
0.9053335
0.8925534
0.8868107
0.8991809
0.9206428
0.8727668
0.8980499
0.9009897
0.9199197
0.9068138
0.9151402
0.8939322
0.8867051
0.9236927
0.9018594
0.8989307
0.9094084
0.9114154
0.7785996
0.8979158
0.8959063
0.8295785
0.7795276
0.8830572
0.8620546
0.8935358
0.8944216
0.8940548
0.8957922
0.8957935
0.8974016
0.8970163
0.9081019
0.8938883
0.9086776
0.8486594
0.8870648
0.9073712
0.9102367
0.8660651
0.8604366
0.8644247
0.8646816
0.8658758
0.8634537
0.8658352
0.9075871
0.9039621
0.909554
0.9026946
0.8639764
0.8655389
0.9159364
0.905939
0.9138664
0.9048476
0.8952458
0.897418
0.9105932
0.918072
0.8937759
0.8832467
0.8984307
0.8401268
0.9101741
0.903828
0.8580411
0.8549992
0.8594951
0.8666417
0.8996107
0.8965807
0.8965618
0.8542277
0.8534512
0.8531157
0.8955055
0.9020013
0.900274
0.8876042
0.9164802
0.8963061
0.9162464
0.9000427
0.910476
0.9080117
0.9157578
0.9129945
0.8797217
0.9067683
0.9131946
0.8777008
0.8922034
0.8954011
0.9186551
0.9196942
0.9123385
0.9123025
0.8850213
0.9132806
0.9113636
0.9202842
0.9092822
0.8930852
0.9210699
0.9049743
0.9061713
0.9111056
0.9231855
0.9126928
0.9192071
0.9000645
0.8919765
0.9346867
0.9115082
0.9099797
0.9215241
0.9190203
0.8738019
0.9160513
0.9156855
0.8798895
0.8820727
0.8958169
0.8871395
0.9083777
0.9080554
0.9135338
0.91563
0.9082644
0.8982618
0.9189922
0.9075901
0.8970472
0.9050866
0.87064
0.9005303
0.9155311
0.9201991
0.8914222
0.8731682
0.8945166
0.8914684
0.8967742
0.8901961
0.8886508
0.915548
0.9151003
0.917252
0.9218211
0.882518
0.8838114
0.9116664
0.9122955
0.9251569
0.9148973
0.8994935
0.9125545
0.9193901
0.9261166
0.9131085
0.904478
0.911482
0.8882952
0.91849
0.9188147
0.8753978
0.875151
0.8755582
0.8776105
0.9061657
0.9192341
0.9099236
0.8805676
0.8787879
0.8785026
0.8941921
0.9085896
0.8982844
0.9090034
0.911958
0.9016247
0.9141617
0.9015943
0.9144544
0.9103592
0.9120723
0.9140481
0.8824514
0.9065177
0.9143456
0.8822096
0.8903312
0.8948194
0.9145709
0.9172555
0.9053148
0.9069718
0.8886312
0.9087747
0.9093281
0.9124026
0.9075764
0.8986403
0.9212841
0.8971347
0.9023349
0.9078022
0.9218713
0.9106472
0.9199654
0.9017829
0.8981669
0.9296574
0.9066797
0.9100415
0.9159249
0.9133488
0.8809811
0.9122481
0.9118664
0.8811528
0.8860521
0.8938135
0.8884662
0.905222
0.9069029
0.909155
0.9129811
0.9038925
0.9005225
0.9108052
0.9072154
0.8998124
0.9058643
0.8820994
0.9006062
0.911325
0.918821
0.8931615
0.8773256
0.8952048
0.8947708
0.8965333
0.8903351
0.8921119
0.9086201
0.9120137
0.9158927
0.9153053
0.891098
0.8903644
0.9095306
0.9150078
0.9216672
0.9120845
0.8976588
0.9127059
0.9136434
0.9201455
0.908637
0.9038996
0.9095133
0.8889329
0.9177997
0.9127868
0.8845725
0.8839735
0.8861359
0.8825517
0.9072625
0.9170589
0.9071915
0.8847095
0.8839681
0.8837979
0.8950775
0.9079763
0.9029838
0.9050942
0.9132422
0.8914467
0.9175705
0.8906854
0.9148701
0.9159388
0.9118335
0.9060695
0.8637862
0.8985249
0.9073802
0.8649694
0.8807895
0.8831586
0.9150875
0.9164621
0.9085373
0.9067812
0.8763226
0.9121799
0.9040892
0.9180274
0.9084481
0.8822365
0.921187
0.8951512
0.8974594
0.9085143
0.9176993
0.9063337
0.9205934
0.8945753
0.886208
0.9276074
0.909446
0.9137693
0.914261
0.9170774
0.8631007
0.9178826
0.9102773
0.8640408
0.8772341
0.8858823
0.8764146
0.9027213
0.902534
0.9124239
0.912182
0.8998672
0.8964084
0.9126944
0.9057242
0.8867315
0.9046744
0.8586598
0.8904943
0.9162483
0.9187884
0.8836234
0.861377
0.890219
0.8925595
0.8950938
0.8895603
0.8899605
0.9156769
0.9092521
0.9195176
0.9228549
0.8773823
0.8758644
0.9095528
0.9133949
0.9197326
0.9114936
0.8936052
0.9082334
0.9164135
0.9265194
0.9101074
0.9034774
0.9096141
0.878984
0.9173058
0.9151649
0.8696358
0.8686945
0.8716731
0.870369
0.9071629
0.9140973
0.9039381
0.8659813
0.8666844
0.8640898
0.8874703
0.9071491
0.8914591
0.908362
0.9130098
0.9144178
0.9019284
0.9160911
0.9167032
0.9224094
0.9105542
0.8988937
0.8974069
0.9061451
0.9053465
0.8973239
0.9030338
0.9065217
0.9088877
0.9066914
0.8301952
0.8288278
0.9093913
0.9116633
0.9155083
0.8366956
0.8327772
0.9257456
0.9218837
0.8999892
0.9112113
0.9003755
0.9260473
0.9144003
0.9114233
0.9020426
0.9105934
0.9219084
0.9010385
0.9000865
0.9115834
0.9134997
0.9096989
0.6557009
0.9031728
0.8991049
0.9033494
0.8881251
0.9074313
0.8980408
0.8964495
0.8338371
0.8336254
0.8978004
0.9111025
0.828119
0.9169015
0.913853
0.91947
0.9187969
0.9067501
0.9076457
0.9125396
0.9172453
0.9033291
0.8999928
0.9023105
0.9012951
0.8987869
0.9047448
0.9068913
0.9050261
0.9108348
0.7496924
0.9123551
0.9138133
0.9172147
0.9054571
0.9110546
0.9129838
0.9113992
0.8972449
0.9123867
0.9122521
0.8255337
0.8354814
0.9063144
0.8989362
0.9104047
0.9059914
0.9116496
0.9107296
0.9119385
0.9096506
0.9049863
0.8449057
0.9008709
0.9105085
0.9106582
0.9095447
0.9124303
0.906418
0.9189438
0.8375511
0.9130373
0.8901785
0.9040251
0.8974895
0.9143927
0.9128921
0.9060594
0.892408
0.8818435
0.8974267
0.903658
0.8757052
0.8914487
0.8899649
0.9041165
0.9084426
0.8842198
0.8875939
0.8890184
0.9064157
0.9028016
0.8859293
0.878056
0.896064
0.9115905
0.8946851
0.8917897
0.8953951
0.9187961
0.9081749
0.9172629
0.8913695
0.8892962
0.9255721
0.896354
0.9074067
0.9066528
0.9110309
0.885915
0.8868257
0.8971513
0.8810986
0.8888111
0.8034659
0.8905999
0.89195
0.8994158
0.8888033
0.8887834
0.890989
0.8938232
0.8860527
0.9071922
0.8904849
0.9054713
0.8936482
0.8877116
0.9082273
0.91345
0.901996
0.8813819
0.8941971
0.8896035
0.8909411
0.8920623
0.8929787
0.9013752
0.903316
0.9096085
0.8944795
0.8951742
0.8948671
0.9109382
0.9077744
0.9085116
0.9037664
0.8966271
0.9004136
0.909983
0.9187476
0.8836521
0.876371
0.9060263
0.8876545
0.9119175
0.908912
0.8905355
0.8911473
0.8913504
0.8935722
0.9029542
0.8877879
0.8976019
0.8853459
0.8878621
0.8874776
0.8885357
0.9027493
0.8927438
0.8796505
0.909798
0.8904826
0.9057578
0.8966216
0.913042
0.914359
0.9062914
0.9000397
0.8855858
0.8997704
0.8998537
0.8831391
0.8950998
0.8964248
0.9063106
0.909388
0.8833247
0.8859762
0.8946163
0.909256
0.9044381
0.888413
0.8784226
0.8999112
0.9168514
0.8981094
0.8992102
0.897717
0.9226846
0.9094638
0.9174097
0.8951271
0.8933502
0.924881
0.901922
0.9026073
0.9081029
0.9096499
0.890358
0.8854489
0.8972007
0.8815166
0.8897792
0.794731
0.8956941
0.8925505
0.8980284
0.8857522
0.8903117
0.888938
0.8976851
0.8838512
0.9150164
0.8956832
0.9123391
0.893931
0.8863495
0.9077598
0.9159342
0.9053767
0.8840591
0.8990742
0.89151
0.8970131
0.8914035
0.8934219
0.9008066
0.9034624
0.9046116
0.8922507
0.8952987
0.8977674
0.914019
0.9059025
0.9104228
0.9047773
0.9004915
0.8995119
0.909023
0.9181301
0.8836191
0.8791707
0.9008151
0.8909492
0.9092653
0.9100527
0.8970262
0.894295
0.8977178
0.8953019
0.9054701
0.8897228
0.9005247
0.8952924
0.8909431
0.8925804
0.8924554
0.9009533
0.8987844
0.8792719
0.9114407
0.8979345
0.9096252
0.901055
0.9157805
0.916964
0.9068801
0.9008655
0.8858376
0.9027548
0.9023476
0.8833156
0.8936747
0.8929318
0.9087784
0.9118289
0.8892648
0.8839599
0.8989342
0.9078913
0.9059293
0.8896899
0.8836765
0.9013279
0.9148624
0.8970944
0.897526
0.8974385
0.9187368
0.9151626
0.9176717
0.8979804
0.8942708
0.925365
0.9020891
0.9071869
0.9110025
0.9089745
0.892812
0.8917731
0.9013366
0.8869113
0.8941819
0.8170059
0.8977979
0.8941612
0.9002751
0.8876924
0.8926238
0.895339
0.9019004
0.8851457
0.9136087
0.8941865
0.9109541
0.8978986
0.8899465
0.910839
0.916416
0.9037126
0.8855453
0.8957926
0.8946371
0.8954458
0.8949878
0.8964238
0.9067027
0.9093009
0.9104139
0.8948612
0.9013915
0.8987044
0.9148217
0.9136875
0.9096148
0.9107736
0.9022829
0.9028164
0.9092909
0.9187975
0.8840248
0.8826519
0.9057291
0.8924724
0.913079
0.9126531
0.8982795
0.8981379
0.8977338
0.8985003
0.9032129
0.8941703
0.900177
0.8944175
0.8945913
0.8947103
0.8936263
0.9074921
0.9033563
0.8848291
0.9063027
0.8845382
0.8995194
0.8944517
0.9107596
0.9125661
0.8995636
0.8936395
0.8766049
0.8937285
0.8978473
0.8755963
0.8866625
0.8856764
0.9035667
0.9049977
0.8776928
0.8803308
0.8886569
0.9045503
0.900745
0.8838894
0.8732115
0.8948722
0.9098556
0.891879
0.8895359
0.8917283
0.9166285
0.9086291
0.9155196
0.8880784
0.8853933
0.9274748
0.8968366
0.9035343
0.9067089
0.9033853
0.8855701
0.8860381
0.893257
0.8770276
0.8838126
0.7959281
0.8919981
0.8891623
0.8911837
0.8808825
0.8837458
0.8880561
0.8962104
0.8827053
0.9080753
0.8858836
0.9013308
0.8875361
0.8823097
0.9048583
0.9146992
0.9019487
0.8744144
0.8911372
0.8888314
0.8919764
0.8890121
0.8921486
0.9017982
0.9004625
0.9056868
0.88622
0.8911077
0.8933636
0.9110537
0.9036404
0.9065032
0.9016771
0.8894335
0.8952402
0.9014105
0.9142653
0.8810899
0.8709617
0.9023281
0.8819878
0.9086667
0.9036946
0.8869953
0.888513
0.8865881
0.892225
0.8938692
0.8868862
0.8989723
0.8873037
0.8845713
0.8848892
0.8889868
0.901277
0.8963299
0.8725141
0.9095533
0.8846237
0.9038643
0.9000399
0.9141604
0.9146258
0.9045376
0.8966745
0.8790005
0.897619
0.8954559
0.8781202
0.8891439
0.886054
0.9049457
0.9050738
0.88193
0.8828608
0.8896463
0.9043107
0.9008541
0.8832291
0.8744238
0.8978969
0.9112145
0.893767
0.8905666
0.8941271
0.9169487
0.9085925
0.9186995
0.8885406
0.8879338
0.9279157
0.89838
0.9056412
0.9085577
0.9072611
0.8844496
0.8862931
0.8951725
0.8781606
0.8855612
0.7997136
0.8948604
0.8906439
0.8938459
0.8804659
0.8859313
0.8862963
0.8957142
0.8848557
0.910429
0.8911632
0.9042124
0.8899327
0.8839972
0.9093957
0.9176019
0.9011451
0.8778436
0.8910304
0.8892549
0.8944387
0.8885309
0.8921659
0.9061549
0.9044563
0.9069425
0.8868874
0.8910417
0.893139
0.9144846
0.9061525
0.9077182
0.902381
0.8929202
0.8947349
0.9050229
0.9164105
0.8812572
0.8722478
0.905289
0.8843982
0.9110004
0.907132
0.8906853
0.8894245
0.8904865
0.8927695
0.898556
0.8861567
0.8986393
0.8919774
0.8901253
0.8911622
0.8925011
0.9016661
0.8986116
0.8743165