0.9186383
0.8589478
0.9137009
0.8647448
0.864019
0.89799
0.9013751
0.8724197
0.873354
0.8846725
0.8964264
0.8941331
0.8480407
0.918962
0.8956858
0.8999354
0.9006305
0.9013752
0.9150184
0.9131591
0.8656986
0.8610532
0.8460818
0.895715
0.8634919
0.8876433
0.861967
0.8481088
0.8703201
0.9175609
0.8715441
0.8485222
0.8675526
0.9103564
0.8971459
0.9010394
0.8339716
0.8646027
0.8649383
0.8712294
0.8758313
0.8756437
0.8984587
0.8721315
0.9045338
0.8963782
0.9002172
0.902446
0.8481879
0.894171
0.8494914
0.915519
0.9029601
0.8941082
0.9018932
0.8975101
0.8983672
0.8979969
0.8249397
0.8612681
0.8618868
0.8771174
0.8660767
0.907118
0.8756437
0.8847189
0.9048027
0.8753234
0.8700812
0.8793508
0.8527146
0.8999454
0.8861965
0.8701504
0.8693894
0.8739745
0.9151803
0.857488
0.85769
0.8929239
0.8691008
0.886975
0.8823172
0.8671056
0.9044624
0.8648788
0.8866908
0.8722433
0.8778612
0.9081359
0.9060935
0.8464876
0.915486
0.9116309
0.9117971
0.9142032
0.9114878
0.9107295
0.9142898
0.9119187
0.9156614
0.8601487
0.9091464
0.8703368
0.8649639
0.893219
0.8991385
0.8716945
0.8715039
0.8751509
0.8961962
0.8965555
0.8502356
0.9117206
0.8962547
0.8941449
0.9002154
0.8996586
0.9104937
0.9114151
0.8654798
0.8668696
0.8538158
0.8926133
0.8693795
0.8855571
0.8631287
0.8537303
0.8696132
0.9098505
0.8739524
0.8538849
0.860169
0.9080575
0.8983867
0.9023122
0.8382225
0.8656894
0.8651388
0.8705217
0.8722912
0.8723115
0.896358
0.8718856
0.9072028
0.8976381
0.8987976
0.9007332
0.8570525
0.8873219
0.8533303
0.909267
0.8968739
0.8946793
0.9016777
0.895388
0.8971632
0.8988352
0.8358805
0.8678266
0.8640981
0.8786894
0.8618209
0.9094783
0.8723115
0.8898948
0.9023935
0.8757027
0.8771656
0.8816267
0.8549846
0.9036394
0.8827405
0.8648799
0.8746341
0.8758381
0.910197
0.8565678
0.8612368
0.8913598
0.8674492
0.8837361
0.8827408
0.8680169
0.9033304
0.8639047
0.8790455
0.875538
0.8673186
0.9068859
0.9034313
0.8523753
0.9131484
0.9070391
0.9070589
0.9136731
0.9103688
0.9092948
0.9092365
0.9128078
0.9118911
0.8594373
0.9091267
0.8713821
0.8685573
0.8949892
0.8993779
0.8735727
0.8797099
0.879501
0.8953611
0.8944341
0.8488007
0.9149435
0.8954652
0.898015
0.8991105
0.8995409
0.9088345
0.9093601
0.8619491
0.8704996
0.8555782
0.898505
0.8698623
0.8897705
0.8614879
0.8485245
0.868184
0.9113485
0.8711113
0.849582
0.8615265
0.9026777
0.8988245
0.8978404
0.8389325
0.8614123
0.860301
0.8666987
0.8616722
0.8624995
0.8981588
0.8732322
0.9022982
0.8940175
0.8988801
0.9014408
0.8524645
0.8844033
0.8547628
0.9114286
0.9015281
0.8966181
0.8997373
0.9010218
0.8930703
0.8973483
0.8425241
0.871724
0.8631299
0.8768119
0.8664357
0.9046839
0.8625416
0.8841391
0.9007352
0.878452
0.8728124
0.8826065
0.8618462
0.8993232
0.8860961
0.8645803
0.8758896
0.877901
0.9105168
0.867239
0.8665644
0.8929428
0.8693299
0.8873971
0.8849709
0.8785132
0.9064768
0.8652375
0.8803142
0.8724724
0.8697304
0.9072861
0.9073308
0.8574974
0.9110386
0.9059698
0.9054449
0.9087207
0.9069396
0.907723
0.9074324
0.9072561
0.9122258
0.8790091
0.9091105
0.889269
0.8860191
0.9018145
0.9073366
0.8892422
0.8956596
0.8891616
0.8986602
0.8978569
0.8785837
0.9185099
0.9034864
0.9074656
0.9099246
0.9102737
0.9148253
0.9143898
0.8791005
0.8816468
0.881
0.9064838
0.8805899
0.8974277
0.8835607
0.8803897
0.8846293
0.9105551
0.8845245
0.8804581
0.8751651
0.9044241
0.9027738
0.9050121
0.8729553
0.8746959
0.8743724
0.8802489
0.8904129
0.8918189
0.9058418
0.8769789
0.906776
0.9063483
0.9074941
0.9135772
0.8776716
0.8937212
0.8740166
0.8974619
0.9140788
0.9042788
0.9106213
0.9056001
0.8948571
0.897949
0.8741508
0.8898475
0.8760587
0.8908297
0.8858593
0.912182
0.8916192
0.8974477
0.9113402
0.8844512
0.8914939
0.8809271
0.8796232
0.8971683
0.8862994
0.8827019
0.8922542
0.882141
0.9070401
0.8861609
0.8836137
0.8994804
0.8888254
0.8963701
0.8921346
0.8868634
0.9154802
0.8844345
0.8933621
0.8770149
0.8818932
0.908737
0.8997425
0.8808339
0.9118357
0.9124453
0.9092042
0.916347
0.9114511
0.9126998
0.9116761
0.9123832
0.9085659
0.873002
0.9092146
0.8873667
0.8783706
0.8956719
0.8997411
0.8874744
0.8877003
0.8820647
0.8950855
0.8952845
0.8746164
0.9145305
0.8990922
0.9036218
0.9049709
0.9050866
0.9060388
0.9077323
0.8796374
0.8789867
0.8689716
0.8977607
0.8779411
0.8969523
0.8796653
0.8738077
0.8804526
0.9081197
0.8789041
0.87552
0.8709096
0.9018982
0.896735
0.9011818
0.8669442
0.8762784
0.8764132
0.8759365
0.8805997
0.8830104
0.8979267
0.8716977
0.9033351
0.8989337
0.8972478
0.9014483
0.8756709
0.8913247
0.865818
0.8976557
0.9046652
0.8967447
0.9019185
0.8995792
0.891411
0.8936915
0.8667996
0.8836967
0.8708353
0.8847549
0.8796502
0.9035604
0.8829698
0.8975205
0.9007425
0.8836065
0.891215
0.8770699
0.8745573
0.8948253
0.8831862
0.8779312
0.8886269
0.8799869
0.9039303
0.8767999
0.8820879
0.8978495
0.8894598
0.8916421
0.8850136
0.8803897
0.9119053
0.8842357
0.8855053
0.8739107
0.8772676
0.9041972
0.89166
0.8791712
0.9089196
0.9017793
0.9051019
0.9067556
0.9076087
0.9069933
0.9075582
0.9057094
0.9134846
0.8742853
0.9122235
0.8776218
0.8737434
0.902439
0.9076023
0.8793634
0.8831407
0.8778935
0.8991215
0.9031055
0.8690867
0.9180737
0.9073647
0.9121193
0.911396
0.9112434
0.9142092
0.9145623
0.8753809
0.8820541
0.8709537
0.9104514
0.8756033
0.8933272
0.8752085
0.8701729
0.8789194
0.9077317
0.8750045
0.8708164
0.8605354
0.9101739
0.9080322
0.9106642
0.8639748
0.8777081
0.8780069
0.8749498
0.8822999
0.8822724
0.9055757
0.8720561
0.9106229
0.9067432
0.90475
0.909839
0.8706354
0.8865483
0.8615833
0.8965852
0.9136396
0.9068039
0.9103199
0.9064556
0.8975682
0.9017427
0.8624853
0.8743112
0.8674088
0.8856917
0.8762064
0.9092285
0.8821918
0.8921759
0.9108806
0.8785539
0.8897255
0.8746804
0.8701426
0.8965267
0.8839765
0.873626
0.8823261
0.8756853
0.9036944
0.8715509
0.8690489
0.8904148
0.8876668
0.8815031
0.8878637
0.8791415
0.9119543
0.8795876
0.8810899
0.8720041
0.8735674
0.9027568
0.898451
0.8680345
0.910798
0.9070806
0.9100307
0.909455
0.9107243
0.9092769
0.9111385
0.9073107
0.9125181
0.8695605
0.9117114
0.8778191
0.8718171
0.9006459
0.9090941
0.8805537
0.8810554
0.8781345
0.8989247
0.9034309
0.8704676
0.9166255
0.9068005
0.9119559
0.9125361
0.9123073
0.9136524
0.915657
0.8744724
0.8800641
0.8666398
0.9105152
0.874818
0.8942968
0.8767914
0.8704831
0.8800145
0.9097351
0.8736811
0.8702218
0.8623031
0.9089619
0.9043716
0.9112632
0.8620182
0.876555
0.8768538
0.8740348
0.8829926
0.8834885
0.9050832
0.8686876
0.9097943
0.9072324
0.9045671
0.9115579
0.8708642
0.8847958
0.863519
0.8960248
0.9147771
0.9054892
0.9121968
0.9064725
0.898464
0.9024081
0.8599682
0.8756804
0.8674664
0.8847403
0.8760772
0.9092128
0.8833676
0.8931836
0.9099048
0.8744012
0.8872918
0.8703704
0.8692987
0.8963226
0.8807127
0.8732029
0.8802822
0.8723955
0.9033236
0.872852
0.8688221
0.8899687
0.8854649
0.8805377
0.8866981
0.877963
0.9111127
0.8793047
0.8808103
0.8713325
0.8739259
0.9015551
0.8971375
0.8662716
0.9092837
0.9059723
0.9100166
0.9117006
0.9127805
0.9107628
0.9108963
0.9086415
0.9320186
0.8749229
0.9328684
0.8846085
0.8962184
0.919562
0.920413
0.8844253
0.8528803
0.9054374
0.9308229
0.9266336
0.8761621
0.9375844
0.9316189
0.9289368
0.927759
0.9268327
0.9382628
0.9364617
0.8868285
0.9035263
0.8751135
0.9263022
0.8920402
0.907279
0.8787418
0.8761345
0.8849816
0.9313404
0.9023852
0.8755494
0.8902334
0.9306831
0.9233453
0.9245708
0.870411
0.8971825
0.8965803
0.9066989
0.9085965
0.9087059
0.9198351
0.9057294
0.9260561
0.9255188
0.9234026
0.9274267
0.8700734
0.9047653
0.879757
0.9304381
0.9246537
0.9242975
0.9274512
0.9218141
0.922064
0.9223042
0.8627726
0.8911141
0.8880865
0.910463
0.8872879
0.9298501
0.9086674
0.8985783
0.9258949
0.8913844
0.9018738
0.9034227
0.8608894
0.9257151
0.9053829
0.8862906
0.8851992
0.8931221
0.9215686
0.8713215
0.8709046
0.8972771
0.8913945
0.888494
0.8934542
0.9020123
0.9129061
0.8798294
0.8984325
0.893466
0.893435
0.9185434
0.9266481
0.8655558
0.9313392
0.9308211
0.9316156
0.9342377
0.9313386
0.9307212
0.9315789
0.9323124
0.9263837
0.8810259
0.9179963
0.8962923
0.893966
0.8925654
0.9007569
0.8936116
0.8948123
0.9031396
0.903572
0.9022224
0.8757266
0.9169917
0.9052756
0.9052585
0.9013281
0.9013654
0.9248561
0.9238449
0.8945892
0.8870021
0.8780533
0.9028848
0.8802693
0.909373
0.8785589
0.8800642
0.8890125
0.9290232
0.8896613
0.878627
0.8865722
0.9180745
0.8968559
0.9022251
0.8792645
0.8835969
0.8846645
0.8950434
0.9013542
0.9010308
0.8954985
0.8918267
0.9097775
0.9006388
0.9067668
0.9053265
0.8817955
0.9124509
0.8775403
0.9267692
0.9041989
0.8950931
0.906058
0.8977173
0.8981942
0.8999051
0.8770828
0.8950988
0.8884935
0.8991909
0.8882904
0.9199192
0.9011517
0.9059912
0.9052094
0.8865119
0.8965303
0.8952409
0.8815328
0.9210372
0.9035615
0.8900316
0.8952737
0.8936878
0.9182334
0.8844963
0.8878205
0.9059321
0.8900326
0.8985827
0.9001411
0.8936995
0.9203571
0.8816848
0.9057968
0.8940804
0.8949553
0.9111942
0.9188694
0.8865019
0.9227051
0.921085
0.9231824
0.9211038
0.9194946
0.9225248
0.9250935
0.9226947
0.9229399
0.8782555
0.9151517
0.8830832
0.8907271
0.9046216
0.9075276
0.8922889
0.890902
0.8998581
0.9085943
0.907457
0.8752266
0.9236855
0.9068627
0.9071522
0.9074742
0.9076667
0.9239902
0.9184761
0.8906709
0.8808693
0.8780867
0.9069899
0.8872683
0.9048753
0.8789401
0.8763805
0.8853638
0.9228095
0.8912607
0.8765298
0.888645
0.9176033
0.9045933
0.9079123
0.8691476
0.8841326
0.8840706
0.8908123
0.8933548
0.8914995
0.901862
0.8942204
0.9125604
0.9072161
0.907373
0.9091488
0.8818651
0.90474
0.8776319
0.9191265
0.909974
0.901939
0.9093969
0.9097958
0.9034992
0.9043286
0.8675587
0.8876468
0.8851835
0.8954633
0.8855014
0.9198801
0.8913805
0.8970536
0.907762
0.8892106
0.8912581
0.8974726
0.8793502
0.9110833
0.8973647
0.8826079
0.8898122
0.8935988
0.9192515
0.8799131
0.882235
0.8951861
0.8896329
0.898488
0.898571
0.8928597
0.9150422
0.8843281
0.8967358
0.8885235
0.8928802
0.9151056
0.9146813
0.8783281
0.9221594
0.917825
0.9178639
0.9217376
0.9199972
0.9162781
0.9186421
0.9197055
0.9202419
0.8540557
0.9213928
0.8630431
0.871714
0.910361
0.9171696
0.8653334
0.8338668
0.8880648
0.9167586
0.9136965
0.8420737
0.9265103
0.916755
0.9168635
0.9196363
0.9196403
0.9251862
0.9245541
0.8633886
0.8791623
0.8590312
0.9177822
0.8767707
0.8910613
0.8587266
0.8436611
0.8701303
0.9195614
0.8823359
0.8427341
0.8599385
0.9172664
0.913203
0.9195057
0.8187704
0.8670711
0.8665259
0.8857101
0.8885526
0.8889209
0.9107156
0.8838113
0.9183304
0.9157315
0.9153906
0.9172686
0.8422631
0.89353
0.8507273
0.9165337
0.9192305
0.9149861
0.9184516
0.9156154
0.9149806
0.9170038
0.819131
0.8761557
0.8644367
0.8929969
0.8661469
0.9217461
0.8888009
0.8806522
0.916508
0.8796437
0.8859935
0.8846825
0.8358878
0.9130139
0.8836713
0.8668432
0.8666977
0.8741874
0.9109824
0.8438684
0.831078
0.8834097
0.8709211
0.8701009
0.8739034
0.8907328
0.9018127
0.8596808
0.8748132
0.8724605
0.8746932
0.9109009
0.9118825
0.8328993
0.9191951
0.9212172
0.9191649
0.9208201
0.9192192
0.9221989
0.920586
0.920402
0.9241114
0.8558875
0.9244792
0.8641644
0.8737158
0.9090264
0.9079785
0.8703743
0.8221006
0.8911694
0.9129457
0.9113065
0.848521
0.9289959
0.9127752
0.9115085
0.9126289
0.9126303
0.9252347
0.9251051
0.864691
0.88267
0.8567203
0.9134849
0.8711825
0.8987735
0.8617629
0.8491886
0.8720731
0.9231908
0.8813572
0.8492146
0.8667477
0.9224102
0.9107616
0.913911
0.8374091
0.8737782
0.8718355
0.8906148
0.8873828
0.8874721
0.9080534
0.8847367
0.9150373
0.9113143
0.9156764
0.9119958
0.8526441
0.8944313
0.8618431
0.9275693
0.9123877
0.9108132
0.9115559
0.9122018
0.9119944
0.9123937
0.8309153
0.8763173
0.8695509
0.8962335
0.8673593
0.9196822
0.887432
0.8873189
0.9127683
0.8773253
0.8895625
0.8921661
0.7027764
0.915207
0.8920055
0.8714118
0.8700164
0.8848115
0.9166695
0.8526621
0.8438301
0.8891595
0.8723097
0.8710113
0.8793406
0.8901659
0.9064816
0.8627898
0.8853719
0.8791101
0.8797376
0.9155612
0.9184304
0.8432663
0.9266295
0.9208123
0.9225086
0.9246609
0.9232675
0.9240175
0.923351
0.9224885
0.9194456
0.8562041
0.9153445
0.8532366
0.8699361
0.9001145
0.9083538
0.8483433
0.8655487
0.8894001
0.9072772
0.906526
0.8533264
0.9212537
0.9057782
0.9085195
0.9072904
0.9069404
0.9170049
0.9186454
0.8648798
0.8728829
0.8517734
0.9081213
0.8729776
0.8950094
0.8610292
0.8529663
0.8736592
0.9126041
0.8725741
0.8548196
0.866728
0.909772
0.9058372
0.9103448
0.8340451
0.8678513
0.866721
0.8800379
0.8821676
0.8822614
0.9017329
0.8779678
0.9079588
0.9067925
0.907422
0.9069933
0.8469262
0.8903996
0.8523495
0.9075934
0.9072526
0.9024821
0.9101894
0.9039088
0.90175
0.9021201
0.8247738
0.880341
0.8653401
0.8895847
0.8717311
0.9097492
0.8821805
0.8845163
0.9104827
0.8739178
0.8782649
0.8829954
0.8507673
0.9008513
0.8841744
0.8736615
0.8540996
0.8744571
0.9151992
0.853067
0.8590289
0.8855635
0.8694739
0.8768979
0.8740882
0.8819975
0.9048986
0.862268
0.8821677
0.8714166
0.8760331
0.9088132
0.9104862
0.8497806
0.9107857
0.911623
0.91275
0.915939
0.9157266
0.911879
0.9132781
0.9120251
0.9146156
0.8626825
0.9123537
0.8568142
0.875167
0.9030843
0.9093072
0.8581088
0.8665545
0.8863153
0.9037631
0.9021395
0.8549158
0.9181462
0.9027897
0.9055516
0.9082049
0.9095963
0.9141913
0.9156465
0.8611664
0.8751603
0.8542593
0.903602
0.8724072
0.8944923
0.8562391
0.8582764
0.8785712
0.9102605
0.8788981
0.8581764
0.8688609
0.9089424
0.9035665
0.9058263
0.8332388
0.8593959
0.8581973
0.8750778
0.8851139
0.8833117
0.9023114
0.8780932
0.9043775
0.9037393
0.9052492
0.9113879
0.8490095
0.8897162
0.858796
0.9095252
0.9065411
0.8987826
0.9095529
0.9025367
0.8960043
0.8984906
0.8356522
0.8800604
0.8662659
0.8847265
0.875683
0.9083068
0.8833117
0.8797084
0.9082618
0.875803
0.8757578
0.8832794
0.8549121
0.9084274
0.8806122
0.8760069
0.8614014
0.8870456
0.9117627
0.8564439
0.8522287
0.8881198
0.8626916
0.8847956
0.8807654
0.8828461
0.9099965
0.8590112
0.8813989
0.8745371
0.8746798
0.9108152
0.9064418
0.8495019
0.9071755
0.9092103
0.9076394
0.910535
0.9082679
0.9081987
0.9079092
0.9104325
0.9193639
0.8492683
0.9161849
0.8605354
0.8739329
0.9012081
0.9081919
0.8582076
0.8414853
0.8852246
0.9061714
0.9039223
0.8435746
0.9238256
0.9052244
0.9082803
0.9074002
0.9065454
0.9227774
0.9232707
0.8522085
0.8707576
0.8445524
0.9074954
0.8636715
0.8940997
0.8511936
0.843861
0.8642852
0.9206641
0.8818188
0.8445782
0.8606761
0.9137388
0.904508
0.9086872
0.7714855
0.8545101
0.8542392
0.8835315
0.8834533
0.8836268
0.9026314
0.8819147
0.9115748
0.9064707
0.906945
0.9077634
0.8231484
0.8922646
0.8464396
0.9161082
0.9096788
0.9032258
0.9087091
0.9038632
0.9040294
0.9042429
0.7640657
0.8747876
0.8633271
0.8887368
0.8636163
0.9146886
0.883546
0.8765494
0.9071065
0.878722
0.8759477
0.88258
0.838454
0.9085153
0.8886687
0.8644386
0.8637472
0.8765392
0.9146312
0.8319379
0.8296151
0.8878009
0.8510341
0.8752137
0.8744432
0.8788242
0.9069207
0.8543402
0.8794005
0.8740323
0.8752425
0.9142106
0.9126973
0.8163625
0.9158039
0.9142332
0.9156945
0.9137234
0.91823
0.915666
0.917966
0.9156148
0.9236013
0.8447386
0.9162369
0.8573835
0.8624354
0.8940837
0.9017976
0.8575577
0.8457803
0.8855128
0.9046176
0.8996921
0.8365174
0.9186788
0.8952371
0.9004377
0.9021137
0.902268
0.9186658
0.9203431
0.857869
0.8619843
0.8423582
0.8991868
0.8659197
0.8938148
0.8474488
0.8379947
0.8643574
0.91981
0.8741887
0.8370119
0.8582378
0.9118536
0.8983221
0.9045761
0.78885
0.8590897
0.8571589
0.8771865
0.8734395
0.8747762
0.8962175
0.8775338
0.9098205
0.9006175
0.9049232
0.9040043
0.821531
0.8895708
0.8458122
0.9168917
0.9008716
0.8987892
0.9014874
0.9011889
0.9020664
0.9013865
0.7922553
0.8628521
0.8598224
0.8811143
0.8616261
0.9134717
0.8746528
0.8751899
0.903851
0.8728136
0.8741751
0.8828641
0.8363081
0.9095693
0.8873978
0.8622834
0.8580671
0.8739702
0.9161795
0.8344896
0.8352605
0.8821476
0.8485633
0.8759297
0.8687136
0.8718324
0.9059112
0.8499888
0.8804494
0.8700121
0.8750138
0.9078227
0.9106336
0.8250486
0.9179559
0.9170821
0.916702
0.9139213
0.9145085
0.9159842
0.9173362
0.9146316
0.9291377
0.8689921
0.9297142
0.8704264
0.8824077
0.9150681
0.916109
0.8735804
0.7880691
0.8963232
0.9179189
0.915489
0.862012
0.9285116
0.9230634
0.9203251
0.9192577
0.9192995
0.9283211
0.9285332
0.8766422
0.8925254
0.8577956
0.9205478
0.8810893
0.9014842
0.8766726
0.8640328
0.8841343
0.9281416
0.8902869
0.8644341
0.8752552
0.9288771
0.916234
0.9184519
0.8452923
0.8799577
0.879727
0.8939427
0.8957887
0.8959099
0.9157452
0.8895889
0.9214228
0.9136534
0.9177087
0.9169331
0.8593526
0.9018215
0.8708153
0.923393
0.9182489
0.9133018
0.921301
0.9146793
0.9143136
0.9144072
0.8380027
0.8803229
0.8708185
0.898754
0.8847943
0.9263782
0.8959492
0.8913714
0.9189872
0.8864011
0.8917921
0.8908639
0.8275797
0.9148564
0.898964
0.8848389
0.8748096
0.8883736
0.9200069
0.8635344
0.8458948
0.8969508
0.882798
0.8787166
0.89
0.8905047
0.9090877
0.8751631
0.8905175
0.8852724
0.8846098
0.9168847
0.9224281
0.8488178
0.929577
0.9270009
0.9260897
0.9247103
0.9271668
0.9254168
0.9252392
0.9292961
0.929505
0.8672502
0.9296719
0.8704171
0.8827194
0.9184504
0.9171329
0.8716028
0.7597429
0.8998828
0.9208964
0.9191294
0.8629624
0.9318237
0.9256554
0.9222455
0.9239994
0.9250549
0.9337319
0.9347301
0.8743863
0.8970451
0.8660179
0.9257598
0.8836244
0.8998133
0.8680018
0.8627307
0.8802909
0.9249772
0.8897601
0.8620474
0.8707588
0.929282
0.9203187
0.9226124
0.8384722
0.876837
0.8764781
0.892383
0.9018564
0.9016603
0.9184903
0.8937628
0.9218354
0.9226085
0.9222085
0.922305
0.8566893
0.8968002
0.8703921
0.9228579
0.9259054
0.9227242
0.924428
0.9181916
0.9210782
0.9212067
0.8365885
0.8851141
0.8760927
0.9030817
0.8801825
0.9265594
0.9017382
0.8869026
0.9218176
0.8877101
0.8940618
0.8944039
0.8223564
0.9156627
0.899936
0.8797767
0.8696751
0.8871252
0.9197421
0.8535771
0.8406928
0.8915557
0.8778232
0.8800448
0.8822901
0.8928763
0.9083217
0.8690867
0.8861183
0.8844634
0.8813215
0.917247
0.9229928
0.8437418
0.9291265
0.9280791
0.9246618
0.9283491
0.9277568
0.9259723
0.9257946
0.9280663
0.9149147
0.8854624
0.9097819
0.8981152
0.9006711
0.9159877
0.9179478
0.8964709
0.8975655
0.8989056
0.9159248
0.9192249
0.8869474
0.9239959
0.9232391
0.9186697
0.9218077
0.9208292
0.9238833
0.9246836
0.8954658
0.9098987
0.8919045
0.9185565
0.894701
0.900399
0.8906407
0.8880774
0.8987369
0.9063865
0.8977655
0.8883053
0.8849221
0.9121004
0.920492
0.919859
0.8915286
0.8913657
0.8912319
0.8961884
0.9020606
0.9018248
0.9158253
0.902042
0.9175773
0.9195685
0.9203261
0.922748
0.8889808
0.8931122
0.8866353
0.9074855
0.9263165
0.9211505
0.9253663
0.9234007
0.9156774
0.9176975
0.8916066
0.9051958
0.890676
0.9046131
0.8962815
0.9119504
0.9017076
0.9026228
0.923543
0.8942366
0.9066353
0.8978477
0.8980683
0.905104
0.8952101
0.8890932
0.898985
0.8954251
0.9047702
0.8951575
0.8961956
0.9049641
0.9021946
0.9003913
0.901991
0.9069644
0.9147142
0.8903353
0.8906059
0.8840209
0.8772654
0.905026
0.9024839
0.8893079
0.9143301
0.9142887
0.911645
0.9138549
0.9172605
0.9153396
0.9134422
0.9153651
0.9207619
0.8773199
0.9184452
0.8855141
0.8932311
0.9066572
0.9140677
0.8870894
0.8820563
0.8952667
0.9101758
0.9081801
0.8715275
0.9227177
0.9145695
0.9136112
0.9153711
0.9160219
0.9217579
0.9246887
0.8868611
0.8909701
0.8835851
0.9101727
0.8827399
0.9020374
0.8738401
0.8686153
0.8861393
0.919438
0.8893291
0.8697573
0.8785564
0.9182905
0.9085573
0.9210005
0.8723039
0.8853989
0.8857434
0.8934302
0.8979606
0.8980799
0.9076983
0.892264
0.9227462
0.9140265
0.9118329
0.9172644
0.8817492
0.8969333
0.8699688
0.9195131
0.9153916
0.9131317
0.918483
0.912
0.9108793
0.9120783
0.8715546
0.8935453
0.8819344
0.8960886
0.8834604
0.9211683
0.8981191
0.8968952
0.9202665
0.8855582
0.8932501
0.8937801
0.8768718
0.910095
0.8980312
0.8807512
0.8858186
0.8960798
0.9145971
0.8762872
0.8783385
0.8976915
0.8910716
0.8905965
0.8947313
0.8947462
0.9130435
0.876332
0.8897624
0.8830622
0.8559643
0.9161732
0.9180264
0.8790565
0.9181633
0.9192341
0.9180944
0.9221986
0.9192866
0.9176083
0.9197438
0.9206177
0.9112903
0.8735725
0.9131603
0.88289
0.8887811
0.9090389
0.9146702
0.8860148
0.8806242
0.8880032
0.9115774
0.9125872
0.8704739
0.9207875
0.9137058
0.9139777
0.9148657
0.9155994
0.919649
0.9158974
0.8808803
0.889298
0.8773443
0.9190917
0.8857423
0.8987153
0.8750412
0.8665707
0.8898342
0.9104681
0.8880081
0.8668487
0.872852
0.9127567
0.916646
0.9157561
0.8726684
0.8827999
0.8828177
0.8840834
0.8959804
0.8953074
0.9122393
0.8873798
0.9162555
0.9124035
0.9132433
0.9183493
0.8777294
0.8841546
0.8725682
0.9030312
0.9163072
0.9129123
0.9180817
0.9126976
0.9086408
0.9111629
0.8718308
0.8948177
0.8759886
0.8961568
0.8845202
0.9156409
0.8952676
0.9008056
0.9171247
0.8865875
0.8940066
0.8900018
0.8766136
0.9019822
0.8890863
0.8849712
0.887652
0.8814766
0.9031034
0.8789443
0.8703853
0.9028397
0.8908993
0.8838857
0.8931759
0.8934482
0.9106561
0.8773416
0.8857039
0.8783395
0.8710477
0.9050161
0.9001418
0.8760699
0.9163419
0.9116661
0.9090357
0.9145544
0.9150676
0.9090131
0.9124054
0.9129972
0.9201286
0.8595576
0.9157842
0.8706202
0.8747321
0.8994604
0.9018586
0.8765737
0.8745894
0.8867528
0.9039317
0.9022995
0.8499364
0.9244178
0.9021231
0.9054146
0.9074213
0.9073816
0.9201743
0.917851
0.8652681
0.8695942
0.8592562
0.9055284
0.8689183
0.8961048
0.8636313
0.8526198
0.8706073
0.9230796
0.877619
0.8526033
0.8436414
0.9117008
0.8980201
0.9051865
0.8406842
0.8774616
0.8760654
0.8820064
0.881976
0.881623
0.9002527
0.8802165
0.9076226
0.900677
0.906846
0.9036766
0.8533438
0.8971476
0.8549618
0.9170582
0.9064492
0.8984049
0.9026934
0.9092615
0.9050048
0.9063417
0.8381823
0.8690637
0.8465029
0.8902743
0.8742161
0.9142069
0.8815823
0.8909182
0.9041905
0.8815756
0.8787451
0.8867581
0.8566015
0.9077524
0.891809
0.8731768
0.8752318
0.8797314
0.9162276
0.8614894
0.8609425
0.8919005
0.8730326
0.8736364
0.8780312
0.8820492
0.9069008
0.8659524
0.8848164
0.8733969
0.8802943
0.9141877
0.9139908
0.8529751
0.9174733
0.9158272
0.9151017
0.9162234
0.9157043
0.9144203
0.9146285
0.9146009
0.9183752
0.8641249
0.9140802
0.8726286
0.8719153
0.9027862
0.9079913
0.879571
0.8720871
0.8883269
0.89951
0.9023926
0.8602265
0.919571
0.9020994
0.9047044
0.9076662
0.9073563
0.9189569
0.9158659
0.8714098
0.8712399
0.8632548
0.9092257
0.8675034
0.8995492
0.8681058
0.8618778
0.8794152
0.9192877
0.8761964
0.8634064
0.8466425
0.9109492
0.902723
0.9081801
0.8441913
0.874098
0.8720794
0.8816544
0.8837637
0.8846597
0.9082601
0.8752643
0.912679
0.906076
0.9056502
0.9042255
0.857264
0.8925439
0.8536594
0.9158859
0.9098211
0.9006296
0.9085844
0.9101408
0.9048054
0.9047485
0.8413407
0.8761788
0.847658
0.8872708
0.8757631
0.9134433
0.8845794
0.8876676
0.9056289
0.8786029
0.882675
0.8844746
0.8598
0.9037894
0.8896386
0.8731773
0.8783536
0.8821914
0.9144186
0.8625864
0.8664996
0.890748
0.8773974
0.8721176
0.8861083
0.8795965
0.9096155
0.8739481
0.8850086
0.8722918
0.8809714
0.9090225
0.908948
0.8592072
0.9161168
0.9118686
0.9119182
0.9185503
0.916223
0.913921
0.9121022
0.9139487
0.9152572
0.8671142
0.9156989
0.8875208
0.8811104
0.9026249
0.9067098
0.8853921
0.877846
0.8898648
0.9003351
0.9028212
0.8631992
0.9203011
0.9006798
0.9060236
0.9075104
0.9077806
0.917832
0.9158321
0.8714619
0.8807426
0.8687381
0.9071413
0.8781107
0.9008977
0.8767367
0.8668763
0.8869302
0.9117689
0.883045
0.8669032
0.8697134
0.9085943
0.9018597
0.9055612
0.8586459
0.8758007
0.8769631
0.8851978
0.888038
0.8879267
0.9063525
0.8847976
0.9132613
0.9080369
0.904627
0.9080276
0.8703981
0.8898266
0.8602286
0.9136231
0.9095525
0.9036231
0.9087003
0.9040201
0.9007803
0.9020804
0.8540273
0.8868988
0.8753086
0.8884136
0.8806619
0.9104998
0.8879267
0.8976964
0.9064031
0.8795507
0.8893358
0.8884471
0.8721252
0.9048116
0.8962833
0.8823636
0.8851826
0.8840669
0.9125104
0.8702837
0.8738758
0.8930314
0.8809055
0.8913775
0.8863669
0.8842564
0.9124536
0.8794524
0.8877547
0.8790614
0.8852821
0.9111476
0.9088699
0.8730188
0.9119566
0.9070412
0.9076803
0.9122924
0.9135629
0.9078137
0.9101465
0.908391
0.915798
0.8950523
0.9176147
0.9030233
0.8965384
0.9143901
0.9141691
0.9026145
0.9026839
0.9021589
0.9079628
0.9112943
0.8945646
0.9191551
0.914172
0.9144774
0.9183089
0.9180855
0.9195039
0.9179043
0.8947237
0.8988864
0.8999682
0.9155146
0.9010518
0.9057915
0.9023141
0.8937836
0.9036621
0.913904
0.8966181
0.894559
0.8944304
0.9139993
0.9129306
0.9142259
0.894204
0.8985668
0.8993886
0.8915135
0.9025322
0.9016376
0.9175047
0.8924966
0.9136222
0.9150554
0.9156405
0.9189425
0.8981271
0.9033056
0.8935051
0.9132141
0.9175679
0.9158528
0.9175413
0.9172551
0.9098143
0.9107454
0.892507
0.9017262
0.8961855
0.8976372
0.8988676
0.9155107
0.9015988
0.909268
0.9169761
0.8999152
0.8977997
0.8984291
0.8953183
0.9043054
0.9048897
0.8973958
0.905928
0.8923137
0.915551
0.9054226
0.9000387
0.9079392
0.9062533
0.9047451
0.9084263
0.8894767
0.9187526
0.9057413
0.9045721
0.9007868
0.9025317
0.9131676
0.9063672
0.9003818
0.9188519
0.9134595
0.9150682
0.9174619
0.9183488
0.9173164
0.9155496
0.9156732
0.895143
0.8965653
0.9054903
0.901749
0.8966424
0.9095015
0.915681
0.9072197
0.9098413
0.8970441
0.9011287
0.9045713
0.897776
0.9132492
0.9024942
0.9107511
0.9131481
0.9126107
0.9066799
0.9066896
0.9009279
0.8982178
0.8992362
0.9125066
0.8963069
0.8986
0.9004281
0.8975441
0.900025
0.8969747
0.8937036
0.8978877
0.9025027
0.8973934
0.9089586
0.9114838
0.8977757
0.8883151
0.8889859
0.8843926
0.8991525
0.8999786
0.9154294
0.8940066
0.9075476
0.9078743
0.9084216
0.9135549
0.900995
0.8955926
0.8921877
0.8937421
0.9140942
0.9113738
0.9113009
0.9096462
0.9008974
0.9020865
0.9032223
0.9066648
0.9017918
0.8956547
0.8984786
0.8985009
0.8999786
0.9113406
0.9127105
0.8995367
0.9015773
0.8893969
0.9031501
0.8876025
0.8963415
0.8969934
0.9022645
0.8918267
0.9035091
0.9034121
0.9020766
0.9142482
0.9067776
0.9152364
0.9077057
0.8923989
0.9192129
0.9037424
0.8969345
0.8987315
0.8968805
0.9042355
0.8861428
0.9025501
0.9061966
0.9001257
0.9014568
0.9061724
0.9083041
0.9025009
0.9044802
0.9022728
0.9111665
0.8760207
0.9018057
0.8920006
0.8758753
0.8984302
0.8969016
0.8911286
0.9020013
0.8842483
0.8904471
0.887433
0.8759137
0.911707
0.8905051
0.8940955
0.8980289
0.8973103
0.9065534
0.9066838
0.8826011
0.8615855
0.8778949
0.8924044
0.8830696
0.8940178
0.8878802
0.8774855
0.8837378
0.9101889
0.8712102
0.8773082
0.883033
0.9005398
0.8883129
0.8963257
0.8730269
0.8804699
0.8785067
0.8742217
0.874354
0.8741254
0.8973468
0.8713828
0.9022124
0.8912748
0.8959805
0.8963203
0.8837775
0.8975436
0.8735505
0.9081186
0.8941227
0.8891617
0.8988127
0.8949426
0.8894676
0.8886932
0.8723169
0.873095
0.8831518
0.8761804
0.8818837
0.9042132
0.8741254
0.9027616
0.8949688
0.8884359
0.8778112
0.8827253
0.8790881
0.8947985
0.8883578
0.8855824
0.8954429
0.880181
0.9104498
0.8880997
0.8894986
0.9023869
0.8882728
0.8996174
0.8936744
0.706642
0.9106499
0.8907015
0.8985268
0.8851688
0.8838083
0.9069872
0.9013523
0.8849247
0.9087607
0.9051866
0.9062266
0.907913
0.9054223
0.9081549
0.9057203
0.9074147
0.9144349
0.8829988
0.9081735
0.8946527
0.8806013
0.8967395
0.902311
0.8948906
0.9014325
0.8892221
0.8930176
0.8951954
0.8785105
0.9151746
0.8965417
0.9000791
0.9013271
0.9002981
0.9133677
0.9112623
0.8886799
0.8691883
0.879299
0.8927411
0.8840996
0.8994923
0.8943753
0.8817028
0.8930849
0.9153794
0.8712649
0.8804281
0.8882394
0.9085712
0.8970863
0.9045825
0.8733713
0.8875105
0.8881425
0.8742354
0.8835357
0.8833854
0.9007471
0.8796984
0.9048444
0.8969208
0.9013191
0.8981665
0.8830626
0.904682
0.8776551
0.9091952
0.9006732
0.890804
0.8979555
0.8998143
0.895397
0.8941947
0.8777029
0.8755218
0.8887363
0.8815171
0.8845399
0.9090586
0.8833043
0.9024692
0.895983
0.8894538
0.8846929
0.8817992
0.8830895
0.8993291
0.888736
0.8858814
0.8948014
0.8850374
0.9168486
0.8886393
0.893207
0.9072697
0.8903532
0.8998319
0.8940834
0.6540718
0.9160194
0.8963231
0.9021261
0.8924735
0.8939164
0.9096047
0.9058144
0.8874792
0.9099448
0.9070458
0.9085075
0.9101765
0.9084379
0.9122826
0.9103671
0.9107301
0.9145362
0.882856
0.9187236
0.8910202
0.8826412
0.919291
0.9200645
0.8907066
0.883943
0.8940215
0.9171539
0.9199378
0.8802672
0.9289895
0.922344
0.9223996
0.9219361
0.9229938
0.9238526
0.923802
0.8886497
0.8966382
0.8812477
0.9243399
0.8922912
0.8969654
0.8840298
0.8806423
0.8924243
0.9117397
0.8900345
0.8812752
0.8772179
0.9142233
0.919343
0.9232502
0.8759667
0.8912605
0.891887
0.8912199
0.8965972
0.8971494
0.9189541
0.8867333
0.9216114
0.9220398
0.924789
0.9224966
0.8820729
0.8965923
0.8822315
0.9052955
0.9286555
0.9218535
0.922584
0.920942
0.9181995
0.9179161
0.8793948
0.8892366
0.8867911
0.8992819
0.8908993
0.9153563
0.8971101
0.9003198
0.9229883
0.8877072
0.896397
0.8956241
0.8820202
0.9052635
0.8882264
0.881968
0.8894711
0.882098
0.9067864
0.8802837
0.8811597
0.9005433
0.8953956
0.8889128
0.8963774
0.8965726
0.912198
0.8860955
0.8868372
0.8831813
0.8844401
0.9063421
0.9057968
0.8787386
0.9180994
0.9132228
0.9131935
0.9157229
0.9184657
0.9146179
0.9156234
0.915823
0.9212281
0.8577796
0.9156562
0.8603094
0.8752031
0.8995029
0.9069271
0.8646754
0.8597588
0.882202
0.9074061
0.9046524
0.85258
0.9225038
0.901718
0.9053838
0.9073017
0.9081144
0.9167331
0.9186466
0.866762
0.8674805
0.8192849
0.904953
0.8756052
0.8932666
0.8625078
0.8494888
0.8726331
0.9206691
0.8823081
0.8488299
0.8635575
0.9139808
0.9016808
0.9028707
0.8212186
0.8625677
0.8629008
0.8775793
0.8778973
0.8780355
0.8996983
0.8809013
0.9060922
0.9059777
0.9038994
0.9048263
0.8414643
0.8917406
0.8596413
0.9177278
0.9091551
0.9034451
0.9040103
0.9032247
0.8996673
0.9002723
0.8176026
0.8813012
0.8633057
0.8865292
0.8725991
0.915309
0.877954
0.8779304
0.9017809
0.8845005
0.8815634
0.8871979
0.8545313
0.9075899
0.8918162
0.8707351
0.8717712
0.8890808
0.9124269
0.8547465
0.8483246
0.8888183
0.8684554
0.8811598
0.8766299
0.8815466
0.9091479
0.8669812
0.8882334
0.8777504
0.8806942
0.910504
0.9145686
0.8456864
0.9190839
0.912285
0.9153987
0.9170809
0.9148921
0.9155232
0.9161102
0.9168041
0.9127493
0.9008181
0.9024452
0.9049979
0.9056034
0.8223488
0.8242542
0.9106077
0.9218288
0.9060698
0.8797172
0.8777997
0.8988359
0.9051631
0.821716
0.8384495
0.8402683
0.8396644
0.895174
0.8984503
0.9022478
0.8882739
0.8970121
0.8292149
0.900537
0.9133978
0.9078689
0.9001871
0.9023268
0.9112272
0.8984983
0.8999784
0.9102762
0.8996955
0.8079662
0.811413
0.8989965
0.897602
0.8971939
0.8973483
0.8989932
0.8987159
0.8192743
0.8975679
0.8010334
0.8077091
0.8289857
0.8362307
0.9019988
0.9155881
0.8971885
0.9166547
0.8335627
0.8218449
0.8361808
0.7994038
0.7905969
0.7902178
0.8936077
0.9083978
0.9029583
0.8979371
0.9050372
0.8982163
0.8985967
0.9193073
0.839525
0.9037573
0.9054256
0.9078241
0.901333
0.9078727
0.9083653
0.8999206
0.9111791
0.9118518
0.9174158
0.9080064
0.9069396
0.9184163
0.9075791
0.9218425
0.9133728
0.8965791
0.9298567
0.9087084
0.9170657
0.9045559
0.9045353
0.9110334
0.9069751
0.9135346
0.9044483
0.8964164
0.8998879
0.9065083
0.9028093
0.900668
0.9010101
0.9027348
0.9147657
0.905604
0.9066859
0.9129659
0.9139815
0.8398525
0.8480702
0.9117555
0.9262375
0.9131174
0.8861375
0.8840007
0.9047551
0.910846
0.8363602
0.8401946
0.8439687
0.8422329
0.9016776
0.8998222
0.9061351
0.8927065
0.9041311
0.8420395
0.9081934
0.9234223
0.9161897
0.9063959
0.9090941
0.9164107
0.9011755
0.9066975
0.9141253
0.9053263
0.8350343
0.8369524
0.9030016
0.901531
0.9006946
0.9002417
0.8994108
0.8993717
0.8446945
0.9047124
0.8376055
0.8268048
0.849711
0.8429693
0.9075624
0.9210823
0.9078712
0.9220687
0.8426839
0.8280566
0.8438604
0.8348182
0.8276884
0.8303947
0.899074
0.9148585
0.909204
0.9027405
0.9098288
0.8991521
0.8992137
0.9258848
0.8462556
0.9112552
0.9109357
0.9145433
0.9059649
0.9123149
0.9187176
0.9074808
0.9155435
0.9157134
0.9211828
0.9126852
0.9123944
0.9216458
0.9097559
0.9265981
0.9155337
0.9070696
0.9317071
0.9162728
0.9235928
0.9103759
0.9133129
0.9166123
0.9127041
0.9143807
0.9099176
0.9062668
0.906797
0.9096465
0.9069269
0.9052888
0.9058979
0.906269
0.8639042
0.9117123
0.8492203
0.9227249
0.9192673
0.9086422
0.9165771
0.9224508
0.9287819
0.9035685
0.8972729
0.9022312
0.9103757
0.9147069
0.8990926
0.9101443
0.9148304
0.9140166
0.9051852
0.9053191
0.9107053
0.9098449
0.9128247
0.9095023
0.915091
0.9156661
0.9136996
0.9125531
0.9152107
0.8446278
0.9101652
0.912699
0.9117563
0.7657977
0.909153
0.9120562
0.9115678
0.902642
0.9029207
0.8972191
0.9056461
0.9051302
0.9141407
0.9028265
0.9031046
0.9093727
0.9036299
0.9154375
0.9156545
0.9105863
0.9069658
0.8913099
0.9171326
0.9061657
0.9135594
0.9082483
0.898741
0.8986836
0.910831
0.9242313
0.9154679
0.905074
0.9094138
0.8550348
0.9051302
0.9223621
0.9098989
0.9144575
0.917528
0.9059526
0.919871
0.8919901
0.9080786
0.9097142
0.9184903
0.9140672
0.9084661
0.9197568
0.9181837
0.9278579
0.921991
0.9233216
0.9213467
0.9095695
0.9348675
0.9152175
0.9095144
0.9091494
0.9137436
0.9127675
0.8944731
0.9165512
0.847276
0.8438324
0.8488438
0.8533951
0.8506842
0.8475677
0.8460515
0.8443346
0.9108372
0.9036942
0.9004546
0.9127305
0.9069652
0.8409983
0.8513181
0.9149964
0.9214776
0.9083768
0.8811558
0.8798692
0.9035427
0.9069038
0.8395945
0.8488852
0.8576358
0.8575288
0.8922454
0.8926888
0.9018586
0.8936798
0.9001546
0.844676
0.902638
0.9142746
0.9117186
0.9043696
0.9078656
0.910951
0.898427
0.9047909
0.9086738
0.8995037
0.8334991
0.8405918
0.904025
0.8928206
0.893173
0.8972777
0.8985246
0.8990812
0.842411
0.9041653
0.8415196
0.8302754
0.8539386
0.8514952
0.9059737
0.912337
0.8975177
0.9166488
0.849233
0.8405909
0.8547809
0.8396091
0.8305878
0.8276388
0.9011259
0.9123296
0.9059068
0.9002486
0.9038607
0.8985826
0.8989622
0.9197913
0.8511104
0.9068913
0.905584
0.9086105
0.905387
0.9018403
0.9122175
0.9005624
0.9184258
0.9112285
0.9151809
0.9093737
0.913154
0.9166783
0.9084679
0.9241833
0.9164832
0.8994492
0.9294708
0.9131237
0.916906
0.9049507
0.9103092
0.9092201
0.8984644
0.9156866
0.906222
0.9014533
0.9014039
0.9038847
0.90545
0.9021007
0.9034671
0.9069059
0.8664271
0.9128315
0.8486239
0.9195475
0.913945
0.9106007
0.9175014
0.9189621
0.9279071
0.9055763
0.8954883
0.9026717
0.9109562
0.9159486
0.9016137
0.9091596
0.9143593
0.9134281
0.9033075
0.9021784
0.9100774
0.9051446
0.9116943
0.9109064
0.9129534
0.9167695
0.9146624
0.9117332
0.9176358
0.8455347
0.9053664
0.9115294
0.9089732
0.76085
0.9083657
0.9101878
0.9144774
0.9038357
0.9029596
0.8957718
0.9066274
0.9058367
0.9149556
0.9010762
0.9027433
0.908215
0.9057057
0.9114192
0.9143733
0.9103092
0.9046724
0.8937959
0.9170879
0.9078344
0.9120294
0.9074638
0.8963604
0.89682
0.9094961
0.9212358
0.9121711
0.903256
0.9094886
0.8553102
0.9058367
0.9224676
0.9107964
0.909682
0.9159162
0.9070969
0.919213
0.8925265
0.9059149
0.9112345
0.9168718
0.909896
0.9086938
0.9163993
0.9151931
0.9241678
0.9181952
0.9231231
0.9202838
0.9085892
0.9326803
0.9147105
0.9076327
0.9071165
0.9101831
0.9099284
0.895736
0.9175836
0.8418864
0.8437214
0.8456649
0.8534557
0.8516141
0.8471937
0.8455458
0.8415819
0.9216937
0.8782313
0.9120094
0.8841044
0.8622728
0.8938746
0.894805
0.8870303
0.8895569
0.8686289
0.8986674
0.9015986
0.8739266
0.9159275
0.8980764
0.9019692
0.9039426
0.9038626
0.9131682
0.9141936
0.8831413
0.8516968
0.866022
0.8988796
0.8785834
0.8832331
0.8831661
0.8745547
0.8839073
0.9210239
0.8588083
0.8743364
0.8844609
0.9149169
0.8949404
0.9030102
0.8596265
0.8801314
0.8792454
0.8607787
0.8605611
0.8616387
0.8934488
0.8676125
0.9085747
0.895626
0.9025031
0.8963688
0.8709124
0.8982132
0.8719733
0.9162861
0.9008714
0.895969
0.8984899
0.9022378
0.8974304
0.8965921
0.8579421
0.8618575
0.8811452
0.8735326
0.8825508
0.9138761
0.8615549
0.893476
0.8991741
0.883772
0.8698851
0.8736483
0.8761158
0.9107431
0.8792221
0.8808514
0.8882582
0.8744989
0.9146198
0.8761419
0.8843413
0.9038094
0.8834893
0.8993317
0.8915892
0.8665885
0.8982693
0.8853208
0.9016906
0.8838046
0.8830467
0.9144961
0.9133084
0.8798857
0.9166667
0.9144904
0.913157
0.9187972
0.9152887
0.9180115
0.9155157
0.9155256
0.9267127
0.8747007
0.9228449
0.8846046
0.8623009
0.90462
0.9084835
0.8869798
0.8859326
0.8942995
0.9171331
0.9131717
0.867981
0.9294089
0.9168636
0.9141467
0.9118823
0.9112016
0.9306753
0.9287726
0.8927236
0.8809703
0.8706013
0.9112146
0.879577
0.9039607
0.8795447
0.8679973
0.8898638
0.9247837
0.8831989
0.8693274
0.8809345
0.9201384
0.9068095
0.9122862
0.8752377
0.8863068
0.8858493
0.8903939
0.8876082
0.8888771
0.9080988
0.8869113
0.9159561
0.9116527
0.9141926
0.9151507
0.875828
0.9051194
0.8727955
0.9230289
0.9152601
0.9064299
0.9116969
0.9104855
0.9105873
0.9121447
0.8732125
0.8609491
0.8828906
0.8937844
0.8887038
0.9182386
0.8889164
0.8953002
0.9101214
0.8869273
0.8855664
0.8897512
0.8733646
0.9188251
0.8925859
0.8867764
0.8874603
0.8750359
0.911221
0.8790643
0.8819223
0.8955296
0.8887683
0.8912568
0.8939762
0.8810932
0.9089536
0.880494
0.895785
0.8848674
0.8901954
0.9091892
0.9148205
0.873921
0.9263808
0.9252986
0.92573
0.9249589
0.9242539
0.9271294
0.9287156
0.9257394
0.9129871
0.8780505
0.9161227
0.8892871
0.8629726
0.907947
0.9129963
0.888641
0.8873845
0.8906022
0.9120922
0.9127763
0.872848
0.9172846
0.9187633
0.9194671
0.921856
0.9219357
0.9175088
0.9226714
0.884834
0.8936269
0.8798939
0.9168348
0.8854539
0.894892
0.884897
0.8723335
0.8901498
0.9081524
0.8815241
0.8724418
0.8802477
0.9094647
0.9167246
0.9136668
0.8764596
0.8869362
0.886878
0.8892548
0.8970079
0.8972828
0.9139608
0.8812565
0.9138994
0.9174312
0.916174
0.9185492
0.8847528
0.8875963
0.8801802
0.8987775
0.9218242
0.9178703
0.9194561
0.9154446
0.9123731
0.9119013
0.8774766
0.8689821
0.8852125
0.892795
0.8871993
0.9092149
0.8972438
0.8999302
0.9200931
0.8867219
0.8909334
0.8818736
0.8836221
0.8940896
0.8787901
0.8855732
0.8895018
0.8522133
0.8985427
0.8838301
0.885849
0.898746
0.8960812
0.8886715
0.8953979
0.8852073
0.9110238
0.8891572
0.8821022
0.8782961
0.8807696
0.9076719
0.8980344
0.8772762
0.9133608
0.911908
0.9137058
0.9156484
0.9127903
0.9140963
0.9131649
0.9105938
0.9162428
0.8789987
0.9178427
0.8914786
0.8563231
0.9043711
0.906279
0.88948
0.8901402
0.8860773
0.9111771
0.9092962
0.8773914
0.9201553
0.9081054
0.915489
0.9148373
0.9156435
0.9168481
0.9157051
0.8852495
0.8801988
0.8796444
0.9134687
0.8824425
0.8946284
0.8823657
0.8772
0.8906638
0.9085545
0.8783148
0.8780027
0.8809394
0.9104992
0.9044602
0.9075271
0.8804549
0.884133
0.8848847
0.8838623
0.89161
0.8908986
0.9088476
0.885002
0.9104851
0.9059511
0.9074101
0.9118616
0.8848448
0.8898058
0.8765319
0.9047209
0.9122163
0.9095438
0.9097544
0.9104204
0.906685
0.9046594
0.8774422
0.8558181
0.8846654
0.8882676
0.8871993
0.9128932
0.8908587
0.8979368
0.9107067
0.8855124
0.8840923
0.8796022
0.8795705
0.9023834
0.8840511
0.8900548
0.8874982
0.8517
0.9078728
0.8824533
0.88315
0.8972559
0.8939921
0.8980874
0.8883916
0.8806138
0.9075266
0.8843697
0.8897689
0.8849411
0.8874674
0.9061725
0.9022198
0.8800073
0.9158852
0.9084407
0.9120906
0.9166608
0.9141589
0.9128729
0.9132738
0.9136308
0.9428845
0.9048959
0.9420235
0.9101875
0.8901699
0.9323428
0.9370133
0.9099096
0.8955377
0.9125166
0.9414816
0.9374978
0.899199
0.941223
0.9405515
0.9403067
0.9410275
0.9416193
0.945217
0.9458446
0.9129353
0.9109565
0.9058703
0.938509
0.9085694
0.9140072
0.8954969
0.9014991
0.912783
0.9427519
0.9137501
0.9012944
0.9044667
0.9393669
0.9337602
0.9361455
0.9036387
0.9156809
0.9161911
0.9158616
0.9166929
0.9162651
0.9349903
0.9108042
0.9370993
0.9344789
0.9373721
0.9385028
0.9026968
0.9144578
0.9055461
0.9329004
0.9407726
0.9396405
0.9394315
0.9391708
0.9360281
0.9366933
0.8996087
0.8847498
0.9076874
0.9167132
0.9104902
0.9413311
0.9161894
0.9123915
0.9370807
0.9115146
0.9042967
0.9094285
0.9063303
0.9314272
0.9101807
0.912277
0.9081962
0.8978772
0.9341346
0.904666
0.9031013
0.9158209
0.912035
0.9006934
0.9112379
0.9103351
0.9134313
0.8962458
0.9075965
0.9125864
0.9130511
0.9300044
0.9383628
0.8975887
0.9438567
0.9423334
0.9424741
0.9400164
0.9426428
0.9439743
0.9447284
0.9429478
0.9175181
0.8743576
0.9152361
0.8800144
0.853591
0.9051022
0.9103989
0.8851878
0.8840831
0.882592
0.9102398
0.9108193
0.8697439
0.9220802
0.9093472
0.9094372
0.9133853
0.9138102
0.9195719
0.9178008
0.8822418
0.8747792
0.870257
0.9125509
0.879576
0.8892188
0.8775421
0.8700084
0.8845513
0.9155837
0.8801314
0.8704912
0.8776436
0.9147103
0.9081861
0.9095662
0.8672364
0.8849341
0.8843425
0.8765967
0.8854669
0.8851141
0.9055169
0.8778087
0.9121991
0.9072455
0.910656
0.9118253
0.8734085
0.8920039
0.8685813
0.8995666
0.9148673
0.9087969
0.9120809
0.9093415
0.9040456
0.9046474
0.8680123
0.8572218
0.8806816
0.8840669
0.8827847
0.9139337
0.8849122
0.8901982
0.9127936
0.8812994
0.8776219
0.8801128
0.8757886
0.9001309
0.8782152
0.8754256
0.8865896
0.8680683
0.9022013
0.873052
0.875562
0.8995123
0.8912401
0.8879628
0.8911492
0.8732209
0.9095075
0.8782723
0.886473
0.8810102
0.8760318
0.9023757
0.9022026
0.875041
0.9175396
0.9149358
0.9120934
0.9141911
0.9163848
0.9157188
0.9145462
0.9144804
0.9274794
0.8734334
0.9234353
0.883829
0.8541874
0.9083147
0.9063649
0.8847189
0.8817893
0.8931879
0.9178565
0.9135547
0.8701004
0.9277096
0.919336
0.9151961
0.9174506
0.9168812
0.9281915
0.9277506
0.8864515
0.8734317
0.870943
0.9158559
0.8784458
0.8957667
0.8746898
0.8702402
0.8793235
0.9271845
0.8840469
0.87035
0.8786828
0.9226144
0.9114847
0.9153185
0.8683891
0.8880608
0.8884482
0.8887116
0.88965
0.8909359
0.9055347
0.8851167
0.9194252
0.9110712
0.9155999
0.9141836
0.8733465
0.9003893
0.8730124
0.9179345
0.9138393
0.9085361
0.9157514
0.9145266
0.9106879
0.9133025
0.8627175
0.8541874
0.8768206
0.8918238
0.8806806
0.9229774
0.8909359
0.8904735
0.9128787
0.8816332
0.8790535
0.8861528
0.8736316
0.914857
0.8926735
0.882105
0.8839598
0.8700903
0.9144598
0.8728252
0.8809284
0.9026137
0.8855273
0.8835787
0.8939699
0.8790985
0.9067699
0.8780824
0.894901
0.8865404
0.8883493
0.9125146
0.9150007
0.8729237
0.9261278
0.922985
0.9243353
0.9264762
0.9262501
0.9262908
0.9263371
0.9246114
0.9309444
0.8837335
0.9189735
0.8832018
0.8652296
0.8983507
0.9029824
0.8869323
0.8941824
0.8820058
0.9045785
0.9005381
0.8749454
0.9188006
0.9050104
0.9056187
0.9061789
0.9043463
0.9209005
0.9218649
0.8895048
0.8522013
0.8721253
0.8998678
0.8859589
0.889618
0.8848321
0.876391
0.8886648
0.9290949
0.8677558
0.8761323
0.8919513
0.9203758
0.8986124
0.9069751
0.8727239
0.8844613
0.8837481
0.8739542
0.8676384
0.8691144
0.9028082
0.8700062
0.9146203
0.8997098
0.9071236
0.9020869
0.8793016
0.9061524
0.875183
0.9252093
0.8966726
0.8936008
0.9011403
0.9036499
0.9030035
0.9027527
0.8635558
0.8673365
0.8811939
0.8761117
0.8898452
0.9176083
0.8690315
0.9010016
0.9012266
0.891584
0.872409
0.8795674
0.8772159
0.9164552
0.8868749
0.8884919
0.8926735
0.8838675
0.9227365
0.873675
0.8879868
0.9028296
0.88446
0.8965862
0.8957613
0.8701745
0.9018726
0.8857791
0.9100028
0.8954447
0.88771
0.9134181
0.9211627
0.8825634
0.9260087
0.9234735
0.9203652
0.9203159
0.9209826
0.9222607
0.9214038
0.922087
0.9423394
0.9079793
0.9381365
0.909331
0.8965018
0.9260768
0.9249407
0.908834
0.9016538
0.9144778
0.941258
0.9377086
0.9052966
0.9416931
0.9357071
0.9317095
0.9330846
0.9326142
0.9485867
0.9448858
0.9128787
0.9084235
0.9047182
0.9317506
0.9115362
0.9175268
0.9022136
0.9056071
0.9125351
0.9431152
0.9120879
0.9053267
0.9108485
0.9388114
0.9298671
0.9336125
0.9089371
0.9180334
0.9185068
0.9188924
0.9156567
0.9157596
0.9262238
0.9140012
0.9360164
0.9301574
0.9318658
0.9315804
0.9049083
0.9241413
0.9108851
0.9377966
0.9321443
0.9284437
0.9316153
0.9316821
0.9326254
0.9321273
0.9058824
0.8921958
0.911838
0.9196887
0.9127257
0.9402403
0.9157596
0.9155398
0.9315087
0.915182
0.909275
0.9162383
0.9049098
0.9383741
0.9215515
0.9082627
0.9101166
0.9088312
0.9312625
0.9061428
0.912392
0.9162546
0.9103875
0.9092731
0.9127983
0.9092765
0.9161542
0.9040274
0.9190425
0.9148074
0.9152125
0.9275338
0.9409297
0.9037728
0.9400885
0.9420773
0.9416384
0.939539
0.9389077
0.9400261
0.9413699
0.9418263
0.9375754
0.8983459
0.9357916
0.899043
0.8848528
0.9184217
0.9176004
0.904757
0.8981544
0.9135582
0.9293669
0.9280782
0.8899424
0.9347374
0.9254669
0.9222494
0.9258332
0.924119
0.9411702
0.9390054
0.9071227
0.896611
0.8935116
0.9228412
0.9018468
0.9070767
0.8926531
0.8894336
0.9022066
0.9385164
0.9031262
0.890216
0.8969617
0.9340895
0.9202122
0.9247397
0.8928252
0.9073022
0.907229
0.9089719
0.9064243
0.9071136
0.9200197
0.9026895
0.9297492
0.9207423
0.9249394
0.9187977
0.8940912
0.915917
0.8946181
0.9306296
0.9195731
0.9192637
0.9201656
0.9262369
0.9227607
0.9249673
0.8933023
0.8823803
0.8998724
0.9107884
0.8995061
0.9311118
0.9070366
0.9087645
0.9186869
0.9052383
0.9022617
0.9061856
0.8981866
0.9322468
0.9172785
0.9001493
0.902061
0.8993246
0.9279377
0.8938679
0.9005949
0.9138613
0.9058573
0.9040322
0.9077714
0.9019754
0.9122406
0.8963986
0.9107902
0.9066751
0.9048092
0.920115
0.9311659
0.8928699
0.9349871
0.9358802
0.9374247
0.9344527
0.9356014
0.9374871
0.9393472
0.9361644
0.9244129
0.877401
0.9198992
0.8917025
0.8666204
0.9065848
0.9073624
0.8936829
0.8861577
0.8885036
0.9158117
0.9148723
0.8707074
0.9252422
0.9190385
0.9128072
0.9160008
0.914929
0.927485
0.9259606
0.8912087
0.8837948
0.8755888
0.9140158
0.8848373
0.9023277
0.8752604
0.8715919
0.8842888
0.9201292
0.8825159
0.8719085
0.8806515
0.9210331
0.9124411
0.9150897
0.8764809
0.8901455
0.8884716
0.8922776
0.8945873
0.8956628
0.9067307
0.8874001
0.9180491
0.9132154
0.91179
0.9163334
0.8776538
0.8991365
0.8761468
0.9115965
0.919716
0.9112243
0.9124319
0.912496
0.9093345
0.9119994
0.8764844
0.8662059
0.8848355
0.8994341
0.8815842
0.9194348
0.8957421
0.8959829
0.9126034
0.8867707
0.8938508
0.8870639
0.8752693
0.9154404
0.8877747
0.8817486
0.8905256
0.8708231
0.9087802
0.8796425
0.8867253
0.9014721
0.8897219
0.8876246
0.8935333
0.8826029
0.9090495
0.8780435
0.8890294
0.8863587
0.8856207
0.9082354
0.9085577
0.87984
0.9223768
0.9227735
0.9204129
0.9227809
0.9225456
0.9205321
0.9213033
0.9213456
0.9108022
0.8815863
0.9045704
0.8917383
0.8871691
0.8898878
0.8960592
0.8956362
0.9072341
0.8750562
0.8909295
0.8914273
0.8815339
0.9106378
0.894565
0.9002724
0.9026769
0.9030365
0.9026281
0.9001098
0.8906591
0.8609901
0.8864765
0.8979359
0.8928136
0.8906021
0.895004
0.8837054
0.896005
0.9077534
0.8621398
0.8834436
0.8898044
0.9020567
0.8925614
0.8938937
0.8840429
0.878821
0.8798901
0.8633888
0.8702169
0.8702819
0.8967589
0.8668814
0.8937964
0.8962162
0.8959732
0.8994512
0.887242
0.9018531
0.8772727
0.9068732
0.9008392
0.8991112
0.9026438
0.9014856
0.8889379
0.8882264
0.8817285
0.8923409
0.8868099
0.8764095
0.8959093
0.9026772
0.8703244
0.9093852
0.8992928
0.8921774
0.8926037
0.8713145
0.8901399
0.8999179
0.8765034
0.8908552
0.8955818
0.8897078
0.9075047
0.8927925
0.8923877
0.904963
0.8942787
0.904149
0.9023415
0.8888642
0.9132392
0.8963063
0.9000733
0.8831251
0.8917084
0.9096581
0.8947034
0.8895126
0.9084974
0.902056
0.9073803
0.9083445
0.9058772
0.9064806
0.9082957
0.9048037
0.9235443
0.8864861
0.912115
0.8903114
0.879423
0.9013304
0.90615
0.8914273
0.8993189
0.8750511
0.901968
0.8994545
0.8799438
0.9217594
0.8975168
0.9027383
0.9045113
0.9030757
0.9195971
0.9205052
0.8873819
0.8614959
0.8813197
0.9044528
0.8886318
0.8836555
0.88
0.8817323
0.8923893
0.9220583
0.8688549
0.8820492
0.8919981
0.9131644
0.9039794
0.9076193
0.876291
0.8834089
0.8841749
0.8659258
0.868606
0.8694743
0.9020196
0.8764016
0.9117433
0.9030307
0.9049382
0.903525
0.8786465
0.9052807
0.88075
0.9201528
0.9063404
0.9009274
0.9046057
0.9039177
0.8994942
0.9014206
0.8759592
0.8792173
0.8845333
0.8733381
0.8890766
0.9167025
0.8693899
0.9013366
0.9038077
0.8924323
0.8741566
0.8869195
0.8858885
0.9122961
0.8885827
0.8867111
0.8944261
0.8930336
0.9180535
0.884012
0.8894147
0.9057614
0.8888566
0.9064709
0.8969094
0.8758349
0.905005
0.8826301
0.9025301
0.8889742
0.8976038
0.9161571
0.9146275
0.8847709
0.918887
0.9153519
0.9146548
0.9184271
0.9181776
0.917545
0.9173654
0.9190377
0.9146247
0.892606
0.9147938
0.8958092
0.8869982
0.9127196
0.91612
0.8992861
0.9022003
0.7890658
0.9106159
0.9075037
0.8914787
0.9196888
0.9091905
0.9142566
0.9172549
0.9164247
0.9181472
0.9173257
0.8976906
0.8741386
0.893063
0.9153698
0.8969742
0.8329859
0.8948827
0.8919198
0.8997592
0.9158648
0.8748502
0.8922633
0.89343
0.9105235
0.912978
0.9146499
0.8857389
0.8911457
0.8910125
0.8099345
0.7765392
0.7768771
0.9147265
0.8802705
0.9157401
0.9138287
0.9145345
0.9122579
0.8928139
0.9041753
0.8892438
0.9090619
0.9167422
0.9104669
0.915683
0.9142797
0.9096743
0.9100352
0.8869646
0.8951619
0.8891547
0.8414416
0.8975606
0.9179728
0.7766364
0.9036406
0.912796
0.8972108
0.8904469
0.8787758
0.8930654
0.903851
0.888877
0.8966744
0.901306
0.8927769
0.9142916
0.8913222
0.8923948
0.9082164
0.8963967
0.9059556
0.9000244
0.8925926
0.8546632
0.8935142
0.9016857
0.895747
0.8929683
0.9137668
0.9053282
0.8937607
0.9175719
0.9143078
0.9147333
0.9175046
0.9124054
0.9139453
0.913505
0.9147322
0.9117532
0.8873634
0.9102006
0.8919685
0.878259
0.9182718
0.9217086
0.8950245
0.8959775
0.8439735
0.9120812
0.913782
0.8857617
0.9231987
0.9205807
0.92329
0.9287878
0.92831
0.9224829
0.9184183
0.8941425
0.872439
0.8888169
0.9238808
0.8977265
0.8552148
0.8893446
0.8856102
0.8941822
0.9061795
0.8740714
0.8857988
0.8843335
0.9075597
0.917033
0.9166025
0.8788915
0.8863876
0.8872194
0.8360395
0.8412311
0.8436633
0.9168555
0.8680267
0.9162639
0.9142653
0.9180584
0.9219891
0.8874793
0.8967393
0.8852001
0.9010685
0.9271
0.924387
0.9247614
0.9179376
0.9094997
0.9124982
0.8871761
0.8839737
0.8837201
0.8535198
0.8943253
0.9156529
0.8436633
0.9021846
0.923616
0.8979228
0.8838744
0.8701308
0.8887411
0.8966044
0.8761804
0.8929868
0.8952052
0.8814156
0.9056748
0.8876011
0.8858146
0.9034249
0.8975265
0.9037329
0.8957819
0.8838756
0.8812158
0.8904355
0.8886288
0.8875674
0.8894193
0.9160355
0.9034199
0.8840752
0.9145145
0.9099627
0.9129835
0.9114745
0.91079
0.9105328
0.9161122
0.9125648
0.9092817
0.8883417
0.9078636
0.8961044
0.8783481
0.9143817
0.9188722
0.9004887
0.8963204
0.8419452
0.9067266
0.9074673
0.8865023
0.9224588
0.9118065
0.9198592
0.9188248
0.9187144
0.9131164
0.9140665
0.8887446
0.8753397
0.8902356
0.9208042
0.892644
0.851221
0.8900846
0.888036
0.8993428
0.9020843
0.8679363
0.8888249
0.8883058
0.9029071
0.9136409
0.9113866
0.8821565
0.8833966
0.8845157
0.8237574
0.844587
0.8440219
0.9185544
0.8692322
0.9125995
0.9156346
0.9110602
0.9170226
0.8873773
0.8913255
0.8825371
0.8932095
0.9223556
0.9166281
0.9223592
0.9155582
0.9066577
0.908947
0.8873556
0.887385
0.889281
0.85089
0.8961351
0.904247
0.8440219
0.9022962
0.9177512
0.8965357
0.8866079
0.8666593
0.8955598
0.8972361
0.8721518
0.8950393
0.8957329
0.8760771
0.9063612
0.892105
0.883307
0.9026171
0.8980624
0.9035353
0.8975218
0.8849798
0.886495
0.8922078
0.8890891
0.8864643
0.8879504
0.9123312
0.8942007
0.8918997
0.9120261
0.9030631
0.9078493
0.9092484
0.9080142
0.9051045
0.9101701
0.9036647
0.9059688
0.8757077
0.8996738
0.8876404
0.873885
0.8947749
0.9032977
0.8850174
0.8935734
0.8725163
0.8904456
0.8931641
0.8739502
0.9108447
0.8932049
0.9018557
0.9069402
0.9068221
0.9077059
0.9048163
0.8818941
0.8318642
0.8724763
0.8990578
0.8812625
0.8820789
0.8844798
0.8747894
0.8861573
0.9019821
0.7977519
0.874487
0.8806473
0.9017426
0.8941703
0.9019664
0.8737415
0.8807397
0.8809611
0.8502619
0.8590779
0.8601679
0.9005459
0.8017485
0.9025485
0.8948507
0.8945773
0.9042477
0.8785853
0.8901684
0.8705634
0.9017899
0.9044028
0.8990178
0.8983474
0.9017746
0.8923739
0.8952115
0.8674395
0.8760946
0.8786108
0.8694401
0.8860539
0.9012111
0.8600832
0.9024693
0.9010578
0.8831027
0.8776258
0.8130597
0.8791085
0.8928965
0.8694064
0.8792094
0.8890183
0.8837929
0.9076595
0.8819257
0.8870968
0.8972559
0.88763
0.89257
0.8876304
0.8718024
0.9044597
0.8859586
0.8892871
0.8838651
0.8792483
0.9058388
0.8958356
0.8766402
0.9081662
0.9034785
0.8992798
0.9088325
0.9044675
0.9030546
0.9018581
0.9015271
0.9027174
0.8786688
0.9015606
0.8863653
0.8842469
0.8989383
0.9029559
0.8876651
0.9025415
0.8673887
0.8851729
0.8873022
0.87861
0.910222
0.8900935
0.9028555
0.9062835
0.9043649
0.9019427
0.9014318
0.8836888
0.8342307
0.8837488
0.9006955
0.8837108
0.8777557
0.8853725
0.8795207
0.8897803
0.8988557
0.8378911
0.8790993
0.8831467
0.8979945
0.8956713
0.902802
0.870322
0.8724718
0.8726034
0.844452
0.8665756
0.8663076
0.8972196
0.835704
0.902245
0.897419
0.8928689
0.9023716
0.8829984
0.887951
0.8715471
0.899222
0.9038661
0.8975562
0.9015012
0.9028455
0.8861786
0.8865241
0.873966
0.8853308
0.8812746
0.8659181
0.8849619
0.8968861
0.8663494
0.9026771
0.9007186
0.8899499
0.8767039
0.8475011
0.8823359
0.888443
0.869975
0.8859385
0.8899919
0.8838376
0.9047185
0.8892992
0.8885339
0.8978988
0.8884636
0.8997676
0.8906756
0.8741394
0.906587
0.8879301
0.8849699
0.8827771
0.8842885
0.9073204
0.8881224
0.8847143
0.8992276
0.895965
0.896681
0.9040544
0.901106
0.8989293
0.8985596
0.8928649
0.9091393
0.871338
0.9065497
0.890304
0.882923
0.8967337
0.9022392
0.893576
0.8953318
0.8805581
0.9013785
0.898394
0.8696495
0.908352
0.9006528
0.9048009
0.9064909
0.9049721
0.9122916
0.9092799
0.8865481
0.8596922
0.8786054
0.9057716
0.8810793
0.8889919
0.8874923
0.8735787
0.8905902
0.9139353
0.8658537
0.8728665
0.8800597
0.904223
0.8960118
0.9016638
0.8756562
0.8800673
0.8793028
0.8758239
0.8767248
0.8789848
0.9008799
0.8647252
0.9056245
0.9017444
0.9031503
0.9056859
0.8822337
0.8977878
0.8779063
0.9049871
0.9044744
0.8997616
0.9039328
0.9002629
0.8963397
0.8968713
0.8755755
0.8885477
0.878525
0.8819095
0.8855202
0.909303
0.8789848
0.9019338
0.9011904
0.8820618
0.8857429
0.8654067
0.8875297
0.897911
0.8687965
0.8856058
0.8936467
0.8815699
0.9065307
0.8832778
0.8864027
0.9024109
0.8909692
0.8936688
0.8937778
0.8781507
0.9115466
0.888829
0.8956142
0.8805204
0.888483
0.9028406
0.8952028
0.8811996
0.9139148
0.9084672
0.9096065
0.9102994
0.9117657
0.9062522
0.9112211
0.908692
0.909078
0.8777862
0.9063392
0.8854463
0.8710576
0.8995431
0.9027451
0.8886235
0.8953881
0.8634529
0.8899553
0.8928921
0.875567
0.9136986
0.8957181
0.9012372
0.9040687
0.9042225
0.9098847
0.9047167
0.8820874
0.8343691
0.8781035
0.8986597
0.8827544
0.8770044
0.8847691
0.8782253
0.8871513
0.9062221
0.8426617
0.8777247
0.8830812
0.8956846
0.8980742
0.9032919
0.8655468
0.8725278
0.87241
0.8415983
0.8590708
0.8576277
0.9035508
0.8489066
0.9018017
0.8959263
0.8988756
0.9007168
0.8755536
0.8951598
0.8663823
0.903723
0.9041547
0.8997659
0.9021638
0.9014723
0.890891
0.8912695
0.8681045
0.8755314
0.8769253
0.8607623
0.8861279
0.9039102
0.8575856
0.9016618
0.8999358
0.8872477
0.8769292
0.8605556
0.8766076
0.8965617
0.8596342
0.8874968
0.8917769
0.8788296
0.9113154
0.8814314
0.8838158
0.9014521
0.8870165
0.8998155
0.8893799
0.8656071
0.8989431
0.8875905
0.8933805
0.8830361
0.8830416
0.9070118
0.8960194
0.878264
0.9061437
0.9031982
0.9046266
0.9062743
0.9032087
0.9041417
0.90529
0.9000142
0.9155478
0.8745398
0.9124317
0.8823213
0.8743197
0.8936992
0.896747
0.8885552
0.8905576
0.8707276
0.8968338
0.8930499
0.8718315
0.9079526
0.900144
0.9020718
0.9055399
0.9038956
0.9128911
0.9143575
0.8785946
0.8492171
0.8771501
0.8971882
0.8774683
0.8817173
0.8838263
0.8730432
0.881489
0.9104082
0.8494563
0.8738531
0.8759346
0.9053377
0.8913797
0.9006554
0.8702921
0.8786488
0.8782497
0.8578307
0.8617691
0.8617131
0.8938323
0.8554577
0.9013367
0.8954979
0.8987888
0.8992203
0.8756482
0.8994415
0.8715569
0.9127828
0.9007328
0.8931462
0.9000828
0.8967281
0.8960168
0.8967078
0.865979
0.8744831
0.8757163
0.8727546
0.8804035
0.9087942
0.861671
0.8957393
0.8999749
0.8813184
0.8745058
0.8568972
0.8775674
0.8997926
0.8691142
0.8785644
0.8905597
0.8810659
0.913045
0.8746796
0.881381
0.899147
0.8882498
0.8921805
0.8926634
0.8757075
0.8992089
0.8827194
0.8960396
0.8834165
0.8824881
0.9048244
0.9033354
0.8767398
0.9102596
0.9027852
0.912155
0.9109131
0.9100319
0.9076381
0.9072697
0.908723
0.9421963
0.9050114
0.9346469
0.9105274
0.9057745
0.9196126
0.9215926
0.9109577
0.9097689
0.9143037
0.9298227
0.9299595
0.9056378
0.9378623
0.9296582
0.9289528
0.925284
0.9254395
0.940828
0.9399739
0.9136965
0.8977586
0.9054849
0.9258065
0.9102186
0.913555
0.9024847
0.9057162
0.9061134
0.9394661
0.9004726
0.9060915
0.913129
0.9349004
0.9208683
0.9285272
0.9032897
0.9145344
0.9134734
0.9066043
0.9066488
0.9074908
0.9224195
0.9063738
0.9306137
0.9259637
0.9300213
0.9251722
0.9038978
0.9290822
0.906011
0.9370719
0.9251698
0.9221726
0.9260898
0.9261726
0.9264048
0.9265677
0.9016795
0.8966673
0.9083017
0.9073611
0.9096089
0.9367588
0.9073755
0.9098942
0.9260714
0.9087657
0.9013343
0.9108152
0.9044027
0.9331094
0.9123601
0.9106703
0.9141912
0.9066248
0.9324407
0.9030374
0.9090719
0.9180098
0.9104104
0.9161842
0.9139792
0.9079207
0.9141821
0.9027479
0.9197647
0.9175763
0.914922
0.9263006
0.9377733
0.9053907
0.9359398
0.9371255
0.9374227
0.936023
0.9348334
0.9371931
0.9365385
0.9357984
0.9086673
0.8833672
0.8999557
0.8905756
0.8790662
0.8952542
0.9007045
0.8936827
0.8999418
0.884244
0.8923432
0.8984992
0.8809171
0.9132189
0.895211
0.9016111
0.9061522
0.9055531
0.9072776
0.904744
0.8846325
0.8732124
0.8799317
0.8988834
0.886881
0.8961275
0.8917876
0.8833302
0.8907498
0.9067713
0.8748783
0.8830693
0.8899401
0.9043074
0.8989274
0.9034785
0.8772976
0.884733
0.88417
0.8676793
0.8734386
0.874552
0.9006808
0.8766554
0.9004505
0.8952964
0.9014667
0.9028448
0.8833506
0.8992469
0.8801448
0.9077362
0.9072273
0.8990853
0.9032069
0.9008911
0.8878131
0.8912527
0.8755802
0.88047
0.8878608
0.8826476
0.8864233
0.9013966
0.87451
0.9037811
0.9026879
0.8924644
0.8837807
0.8818565
0.8842856
0.8942591
0.8894995
0.8863056
0.8949398
0.8841235
0.907913
0.892263
0.8927126
0.9091135
0.8897225
0.9026288
0.8967619
0.8613177
0.915936
0.8913107
0.89763
0.8847303
0.8901961
0.9066746
0.899689
0.8877675
0.9082356
0.9051463
0.9061271
0.9081238
0.9056652
0.9011479
0.9083914
0.9054717
0.9093015
0.8783474
0.9080769
0.8894549
0.8804591
0.8997881
0.9030881
0.8902103
0.9000926
0.8847227
0.8933834
0.8905096
0.874063
0.9136409
0.8930202
0.9007825
0.9008851
0.9007636
0.9141742
0.9129864
0.8878846
0.8684288
0.8791573
0.896088
0.8810685
0.8950198
0.8920281
0.8767048
0.8922102
0.914036
0.8676313
0.8771418
0.888087
0.9052714
0.8974396
0.8998039
0.871374
0.8854901
0.8850218
0.8743055
0.8801355
0.8820623
0.9008577
0.8755273
0.9042384
0.8962736
0.8993982
0.900811
0.8795413
0.8974782
0.8761555
0.9039154
0.9004292
0.8926304
0.8990631
0.8991006
0.8952779
0.8946692
0.8766988
0.8775422
0.8881828
0.8782295
0.8847563
0.9066733
0.881981
0.89966
0.9000251
0.8874179
0.8811267
0.8800557
0.8807933
0.894452
0.885278
0.8835036
0.8919308
0.8787448
0.9133981
0.8865127
0.8896013
0.9030859
0.8867459
0.9003748
0.8923972
0.5776926
0.9104577
0.8943028
0.8986182
0.8890888
0.8876902
0.9101104
0.9027125
0.8843077
0.9110464
0.9035829
0.9074774
0.9093839
0.9106244
0.9071838
0.9103847
0.9085808
0.9052184
0.8830241
0.9055811
0.8964017
0.8793085
0.9010338
0.9085287
0.89861
0.8993175
0.8862079
0.8953778
0.9012184
0.8828539
0.91067
0.8988123
0.9059463
0.9110483
0.9087454
0.9096881
0.9091714
0.8885775
0.8776635
0.8887112
0.9044469
0.8889657
0.8966987
0.890857
0.8822927
0.893812
0.9042318
0.8821586
0.8823207
0.8852831
0.9000906
0.9032281
0.9057911
0.8808598
0.8818581
0.8818749
0.8697238
0.8807804
0.8809175
0.9081335
0.8752726
0.9058341
0.9038384
0.9006932
0.9121194
0.8867918
0.898111
0.8789722
0.8986885
0.9118171
0.9037517
0.9098361
0.9091103
0.8980704
0.8984873
0.8807501
0.8861597
0.8865698
0.8829667
0.8898512
0.9020969
0.8808765
0.9064605
0.9133667
0.8927706
0.8922701
0.8814053
0.8899655
0.8938539
0.8837541
0.8868193
0.9005157
0.8811489
0.9077426
0.8882529
0.8914586
0.9056292
0.8964482
0.9066042
0.897164
0.8647223
0.9195278
0.8908294
0.8932338
0.8876506
0.8883037
0.9081158
0.8953412
0.8854645
0.9092309
0.9054414
0.9041239
0.9102445
0.9090812
0.9066236
0.9068015
0.9053685
0.909292
0.9191314
0.9112829
0.9243022
0.9243458
0.910295
0.9163286
0.9231332
0.9309413
0.9102404
0.8971046
0.8968872
0.9210013
0.910865
0.9077518
0.913367
0.9135756
0.9115972
0.9055726
0.9007392
0.9146792
0.9112356
0.9212389
0.9120233
0.9181469
0.9214914
0.9221149
0.9217235
0.9246214
0.9030118
0.9116509
0.9214724
0.9202893
0.9056495
0.9083856
0.9140857
0.9191365
0.903041
0.9040111
0.9016249
0.9093254
0.9093184
0.9133336
0.9089144
0.9110983
0.9135603
0.9091888
0.9137231
0.9178824
0.9154999
0.9094821
0.9031873
0.9152011
0.908454
0.9122219
0.9121696
0.8963099
0.9020664
0.9189984
0.9268915
0.916055
0.9048581
0.9208757
0.9054815
0.9093597
0.9271821
0.9144677
0.9182418
0.925037
0.9116639
0.9216347
0.9050925
0.90986
0.9177003
0.9276156
0.9160504
0.9198334
0.9262776
0.9230541
0.9289181
0.9217778
0.9307375
0.9218139
0.9095317
0.93589
0.9256044
0.9173942
0.9156432
0.9171931
0.9173505
0.8990794
0.9245121
0.9109103
0.9087788
0.9077152
0.9109472
0.911367
0.9069431
0.9079633
0.9091427
0.9191008
0.8599484
0.9132897
0.8616657
0.8777794
0.9009915
0.9071691
0.8661414
0.8530655
0.8861897
0.9063152
0.9038268
0.8570106
0.921216
0.8999389
0.9050371
0.9055603
0.9059875
0.9139249
0.9173883
0.8637972
0.8694048
0.8160064
0.9031614
0.8783666
0.891786
0.8630016
0.8553793
0.8702917
0.9213177
0.8809186
0.8553632
0.8655642
0.9109959
0.9024608
0.9042693
0.8151752
0.8606106
0.8600515
0.8789574
0.8782077
0.8778154
0.9007587
0.8851959
0.9092308
0.9024585
0.905084
0.9056106
0.8419294
0.8936254
0.8528093
0.9158766
0.9091295
0.8992402
0.9042081
0.9034581
0.8991128
0.9017838
0.8185802
0.8770903
0.8640094
0.8879786
0.8699241
0.9110436
0.8778154
0.8803754
0.9037775
0.883532
0.8819976
0.8900641
0.8491262
0.9075209
0.8882714
0.8677114
0.8684333
0.8868409
0.9118055
0.8472597
0.8471728
0.888079
0.8672672
0.8806641
0.8765707
0.8812545
0.907329
0.8650266
0.8866746
0.8809403
0.8806841
0.9101455
0.910901
0.8446032
0.913773
0.9100245
0.9110434
0.9135285
0.9141911
0.912982
0.9130757
0.9121283
0.8787788
0.9111471
0.8620295
0.9182755
0.9159709
0.8961431
0.9039201
0.9215206
0.929123
0.9056987
0.8854784
0.8827135
0.9118793
0.9071392
0.8840758
0.8961493
0.8959788
0.8952423
0.8904209
0.8931472
0.9077955
0.8976021
0.9099122
0.889853
0.9098841
0.9187353
0.9202392
0.9117997
0.9182288
0.8698389
0.9048886
0.9114367
0.9106346
0.8573227
0.8895701
0.8917739
0.9093413
0.8983269
0.8980368
0.8939187
0.8949242
0.896385
0.901769
0.8993803
0.8959199
0.890488
0.8907218
0.8983287
0.9121553
0.9083853
0.9059446
0.9064139
0.8984707
0.8935061
0.8960402
0.9014074
0.8838322
0.8852941
0.9046872
0.9167439
0.9124382
0.9015945
0.9137825
0.8593235
0.896385
0.9233273
0.9005132
0.9131405
0.9096846
0.9083914
0.9157834
0.8973432
0.9112647
0.9126347
0.9224955
0.9159912
0.9191132
0.9202469
0.919694
0.923678
0.9148595
0.9306703
0.921653
0.9010645
0.934183
0.9195435
0.9231182
0.9077673
0.9108278
0.9134467
0.8937018
0.9209209
0.8631599
0.8551998
0.8609214
0.866857
0.8638662
0.8604263
0.8582713
0.8618381
0.8647041
0.9105096
0.8516221
0.9206759
0.9164259
0.9087039
0.9149908
0.921852
0.9264915
0.9044556
0.8924896
0.8982793
0.9116734
0.9123407
0.8951121
0.9092298
0.9112956
0.9114544
0.8938634
0.8968608
0.9098411
0.9078899
0.9162085
0.9042863
0.9104267
0.9128102
0.9201533
0.913554
0.9164298
0.8502932
0.9049182
0.913114
0.9123614
0.846302
0.9081499
0.9056105
0.9082632
0.8945675
0.8941891
0.8949679
0.9008835
0.9013638
0.9087421
0.9008606
0.8989716
0.9042754
0.8995408
0.9108803
0.9134792
0.9051984
0.9087205
0.8900387
0.9127027
0.9099747
0.9122482
0.9069624
0.8929511
0.8960784
0.9101238
0.9231478
0.9110148
0.9004201
0.913734
0.8532694
0.9013638
0.9219841
0.9119898
0.9144983
0.9146603
0.9014498
0.9149166
0.8923371
0.9023999
0.9160748
0.9221119
0.9123378
0.9063447
0.9207033
0.9177599
0.9198087
0.9181253
0.9289163
0.9162946
0.9061184
0.9327226
0.9227339
0.9081618
0.9067699
0.9109368
0.9109599
0.8904662
0.9197151
0.8521094
0.8533869
0.851798
0.8627399
0.8555568
0.8562455
0.8539459
0.8500783
0.8739593
0.9102806
0.8647152
0.9143068
0.9139907
0.9007758
0.9053732
0.9167102
0.9267779
0.9087621
0.8943667
0.8953407
0.9092503
0.9085917
0.8930219
0.9001451
0.9042979
0.9042169
0.8991405
0.8984614
0.9091886
0.9079228
0.9091332
0.8974424
0.9115228
0.915131
0.9154032
0.9115862
0.9138964
0.863302
0.9070722
0.9108769
0.9087477
0.8617397
0.9028986
0.9022856
0.9058578
0.8974499
0.8980069
0.8998402
0.9046317
0.9050221
0.9060767
0.898537
0.8994258
0.9004041
0.8978911
0.9042284
0.9140321
0.9091463
0.9063041
0.8991455
0.9048579
0.8998462
0.9048671
0.9017372
0.8900601
0.8910479
0.9066383
0.9172837
0.9094552
0.9079132
0.9096545
0.8649938
0.9050615
0.9185302
0.9068787
0.9080538
0.9138522
0.905487
0.9127847
0.8977675
0.9024135
0.9078007
0.9167273
0.9113879
0.9077422
0.9167913
0.9159278
0.9177939
0.9133917
0.9243413
0.9181716
0.9069158
0.930866
0.9174497
0.9115082
0.9052481
0.9135904
0.9067847
0.8983455
0.91555
0.8583459
0.8590531
0.8582179
0.8675903
0.86277
0.8579003
0.8592395
0.8620806
0.8988912
0.9159673
0.9103288
0.9225416
0.9182566
0.9282944
0.9282099
0.9249644
0.9211331
0.907378
0.9112547
0.9191363
0.915072
0.9219575
0.9217263
0.9308214
0.9315903
0.9319019
0.9155546
0.9133806
0.9116197
0.9202328
0.9165057
0.9275234
0.9161797
0.9149367
0.9193917
0.9172029
0.9221696
0.8981741
0.9108439
0.9178518
0.9117753
0.9016507
0.9291998
0.9215129
0.9143227
0.906365
0.9066876
0.9060556
0.914899
0.9151217
0.929334
0.9054623
0.9151755
0.9250353
0.9243855
0.9320165
0.9186408
0.9034833
0.9133054
0.8735187
0.9313843
0.9295017
0.9322811
0.9281549
0.9160969
0.9148011
0.9167535
0.9256859
0.9128608
0.9131639
0.917234
0.9087661
0.9151995
0.9234293
0.9298557
0.9109451
0.9262284
0.9005743
0.9180474
0.8737871
0.901327
0.9174615
0.9238313
0.9074241
0.9014949
0.9224814
0.9148898
0.91963
0.9258531
0.921107
0.9158605
0.9117319
0.9301473
0.9214682
0.9005234
0.9071501
0.9056412
0.9129813
0.8793492
0.9144638
0.9084428
0.9067587
0.9067397
0.908488
0.9130044
0.9102337
0.9102134
0.9086936
0.864423
0.9149783
0.8697148
0.9228417
0.9176154
0.9252222
0.926258
0.9243816
0.9267463
0.901847
0.9058902
0.9144289
0.9171735
0.9151568
0.9176183
0.9241482
0.9275018
0.9277408
0.9054331
0.9073878
0.9156657
0.9196477
0.9227446
0.9244058
0.9234401
0.9099353
0.9248634
0.9177577
0.9232072
0.8484967
0.9178137
0.9188047
0.915006
0.859944
0.9251838
0.9245892
0.9167755
0.905147
0.9046228
0.9020434
0.9112383
0.910754
0.92972
0.9072925
0.9147184
0.9220603
0.9158576
0.931089
0.9204607
0.902474
0.9137799
0.873138
0.9325923
0.9275162
0.9304689
0.924948
0.907942
0.9107699
0.9209535
0.9295329
0.9220597
0.9099471
0.9173979
0.8716099
0.9107937
0.9268778
0.9300151
0.9135606
0.924197
0.9075355
0.9222322
0.8829261
0.9026721
0.9166455
0.9244814
0.9094264
0.8977285
0.9243773
0.9178314
0.9232916
0.9263061
0.9285382
0.9198263
0.921251
0.9348224
0.9262034
0.9018592
0.9070734
0.9067921
0.9103997
0.8815535
0.9202697
0.8666565
0.864836
0.8678707
0.8764129
0.8747833
0.8681452
0.8709348
0.8655417
0.8595729
0.9136266
0.8434683
0.9174639
0.914729
0.9106773
0.9157666
0.9189936
0.9291643
0.9043478
0.8913059
0.895969
0.9151582
0.9114873
0.9020168
0.9118162
0.9146862
0.9154218
0.8946229
0.8974445
0.9110099
0.9081603
0.9146562
0.9091916
0.9149072
0.9086571
0.9196952
0.9141946
0.916525
0.8155537
0.9073915
0.9151468
0.9136445
0.8322202
0.9021356
0.9050949
0.910277
0.8985817
0.8993759
0.895608
0.9008698
0.9016188
0.9135714
0.897588
0.9029028
0.9056837
0.8991468
0.9167556
0.9170794
0.9069584
0.9081951
0.8921034
0.9133973
0.9099773
0.9163665
0.9097306
0.8925424
0.8940374
0.9114078
0.9231011
0.9136665
0.9004927
0.9133696
0.8523452
0.9016188
0.9263004
0.915949
0.9135085
0.9166491
0.9017051
0.9175644
0.8893076
0.905115
0.9119282
0.9183315
0.9091201
0.9092374
0.9180949
0.9197295
0.9226119
0.920194
0.9237389
0.9199332
0.9085983
0.931649
0.9209119
0.9064365
0.9088421
0.9110023
0.9148101
0.8864408
0.9159387
0.8444116
0.8355525
0.8381921
0.846122
0.8430712
0.838415
0.8440659
0.8400258
0.8555073
0.9118527
0.8464719
0.9147088
0.9145867
0.9118418
0.918804
0.9154095
0.9283059
0.8986843
0.8894766
0.8924251
0.9108292
0.9101079
0.893849
0.9081673
0.9115844
0.9111558
0.8956505
0.8953027
0.9099112
0.9130044
0.915825
0.905009
0.9133695
0.9150364
0.9208783
0.9132357
0.9171231
0.8126502
0.9048048
0.9129163
0.9095907
0.8347639
0.904973
0.9056867
0.9063095
0.8996358
0.8994713
0.8921292
0.9010509
0.8997399
0.9180557
0.8999529
0.8990816
0.9033641
0.8986363
0.9114479
0.9153285
0.9067352
0.9102149
0.883671
0.9142939
0.9085392
0.9116662
0.9088602
0.8905588
0.8929475
0.9063029
0.9236432
0.9113834
0.8990012
0.9135683
0.8548854
0.8997796
0.9257293
0.9096108
0.9144798
0.9127956
0.9050704
0.9152796
0.8867925
0.900488
0.911731
0.9156576
0.9072224
0.9078767
0.9196987
0.9162163
0.9222863
0.918525
0.9285589
0.9192516
0.9044982
0.9335869
0.9216393
0.909384
0.9082008
0.9075803
0.907755
0.8895628
0.9183008
0.841543
0.8381416
0.8383367
0.8504789
0.8419169
0.8355765
0.8432694
0.8395589
0.8607038
0.9130312
0.8428392
0.9173571
0.9161121
0.9040241
0.9095783
0.9167559
0.9258484
0.9011807
0.8868292
0.8923685
0.9107865
0.911668
0.8928169
0.9038358
0.9064008
0.9061651
0.899292
0.9000851
0.9102628
0.9004796
0.9089683
0.8952171
0.9095208
0.9108782
0.9107675
0.913712
0.9136191
0.843368
0.9029252
0.9128189
0.9064779
0.0791213
0.9006138
0.9042042
0.9106153
0.896453
0.8953235
0.8927587
0.899548
0.9004549
0.9071121
0.9019319
0.896489
0.899179
0.8998511
0.9078204
0.9100525
0.9084372
0.9033728
0.892352
0.9040592
0.8995893
0.9080291
0.9022937
0.8873595
0.8879447
0.9062567
0.9207617
0.9071927
0.9011824
0.9099506
0.8538071
0.9005731
0.9211598
0.907316
0.9072765
0.9138827
0.9066432
0.9155466
0.8873146
0.9064094
0.9085792
0.9190775
0.9098506
0.9092306
0.9141511
0.9185579
0.9198121
0.9216177
0.9236508
0.9170781
0.9055985
0.9312455
0.9117085
0.91063
0.9044112
0.9152434
0.9058465
0.893386
0.9161409
0.8488302
0.8382235
0.8419797
0.8466649
0.8474952
0.8471244
0.847228
0.8443967
0.9185677
0.9203764
0.9196918
0.9208672
0.9248796
0.9216571
0.9229391
0.9228964
0.9274983
0.9206284
0.9143277
0.9178407
0.9196815
0.9269895
0.9233978
0.9250026
0.9257229
0.9261708
0.9247934
0.922729
0.9222991
0.9210717
0.9204553
0.9225514
0.9165403
0.9178947
0.9196278
0.9206034
0.9192246
0.9154385
0.9174635
0.9212979
0.9127615
0.9151866
0.9167903
0.9171874
0.9214239
0.9123314
0.9118858
0.9194306
0.9207101
0.9205478
0.9227899
0.9236767
0.9177691
0.9222834
0.9185856
0.9262396
0.9219435
0.9204549
0.9162226
0.9121808
0.9245432
0.9214248
0.927367
0.923224
0.9148228
0.9176615
0.9194816
0.9250983
0.9151099
0.919989
0.9168074
0.9177512
0.9204737
0.9251134
0.9262422
0.9154023
0.9226639
0.9202999
0.9234003
0.9112426
0.9170286
0.9167271
0.9235724
0.9158527
0.8913458
0.9211928
0.922271
0.9217798
0.9286292
0.9230848
0.9220503
0.9163854
0.9347717
0.9201466
0.9192041
0.9155181
0.9158846
0.8922924
0.9173617
0.921945
0.919741
0.9160459
0.9188546
0.9194811
0.9205428
0.9177047
0.9196186
0.9183596
0.8694049
0.9103389
0.8583321
0.9162007
0.9168562
0.9030047
0.905234
0.9197315
0.9267334
0.8987144
0.8897253
0.8922837
0.9125166
0.905129
0.8908567
0.9031729
0.9070923
0.9081614
0.8892352
0.8916667
0.9080559
0.9040961
0.911733
0.8969566
0.91472
0.9076482
0.9191836
0.9122416
0.9131623
0.8504748
0.9039252
0.9121148
0.9138715
0.8505567
0.9032188
0.9026792
0.9093208
0.8995119
0.8999523
0.8875148
0.8988952
0.898575
0.9029375
0.8991882
0.8976518
0.899774
0.8979743
0.905157
0.918625
0.9047636
0.908395
0.8897591
0.9079633
0.9018091
0.9068785
0.9023259
0.8853204
0.8888077
0.9120399
0.9219911
0.9131903
0.8956512
0.9110061
0.8565209
0.8985349
0.9222022
0.9053995
0.911195
0.9140149
0.9036699
0.9165593
0.887523
0.9039649
0.9101684
0.9167947
0.9110622
0.9106814
0.9192664
0.9154884
0.919805
0.9186627
0.9296806
0.9176018
0.9074616
0.9302187
0.9198403
0.9127118
0.9049511
0.9092623
0.9105637
0.8906803
0.9175099
0.8577656
0.8507954
0.8512286
0.8653089
0.8576671
0.8536214
0.8571104
0.8585637
0.8840198
0.9197934
0.8740067
0.9277599
0.9183209
0.9143477
0.9184804
0.9246481
0.9313964
0.9080128
0.8960617
0.9037067
0.9202197
0.9155904
0.906359
0.9085313
0.9124275
0.9119638
0.900089
0.9011253
0.9156609
0.9144976
0.9154825
0.9135609
0.9175356
0.92144
0.9240675
0.9185788
0.917844
0.8770923
0.9171805
0.9193321
0.9187438
0.8754291
0.9093017
0.9106409
0.9132441
0.9053276
0.9054088
0.9037631
0.908472
0.9091653
0.9158428
0.9110041
0.9113037
0.9075841
0.9025081
0.9163499
0.9199577
0.9167758
0.9130481
0.9036105
0.9155364
0.9108693
0.9167705
0.9104933
0.8950179
0.8981991
0.9162616
0.9269241
0.9193531
0.9122913
0.9190325
0.8726537
0.9091653
0.9264155
0.9150041
0.9156018
0.9217322
0.9121441
0.9239184
0.9018456
0.9136977
0.9165781
0.926103
0.9182483
0.9129919
0.9237047
0.9220054
0.9269885
0.9244412
0.9329902
0.9224159
0.9198929
0.9354551
0.9253026
0.9141804
0.9098
0.9199745
0.9158365
0.9055415
0.9211007
0.8761218
0.8736511
0.8734826
0.8840669
0.8803891
0.8760619
0.8777525
0.8766882
0.9134086
0.8997668
0.9168427
0.8981893
0.890481
0.9210013
0.9244194
0.9043445
0.9043689
0.8924096
0.9173821
0.9183827
0.8974627
0.9227161
0.9160594
0.9186749
0.9226826
0.9230688
0.921115
0.9220883
0.9009566
0.896464
0.8993706
0.9224573
0.9073153
0.9019831
0.9007296
0.8949991
0.9049735
0.9074522
0.8928325
0.8959047
0.9018314
0.9122732
0.9222316
0.9194191
0.8928649
0.8938405
0.8936683
0.8834723
0.8922212
0.8916646
0.9198988
0.8897072
0.9155117
0.9207473
0.920232
0.9238984
0.9042927
0.9005905
0.8972863
0.9007484
0.9269629
0.9171904
0.9208533
0.9234147
0.9117772
0.9147908
0.8929065
0.8930714
0.9002876
0.8948835
0.9039055
0.9160192
0.8916646
0.90802
0.9211161
0.9049814
0.8960244
0.8915654
0.9015429
0.8978566
0.8939762
0.9015591
0.9012259
0.8893659
0.9151437
0.9027898
0.8996034
0.910312
0.9062312
0.9091881
0.9036157
0.8891431
0.9146042
0.9017099
0.89991
0.899099
0.9000687
0.9165433
0.903362
0.898644
0.9141371
0.9138621
0.9134825
0.9202893
0.9172133
0.9138816
0.9157513
0.913059
0.9077021
0.8836087
0.9058062
0.8883919
0.8705187
0.9075159
0.9126557
0.8913379
0.899148
0.8732056
0.9003139
0.9005085
0.8811401
0.9129941
0.9018394
0.9061656
0.9109352
0.910011
0.914377
0.9116546
0.8867714
0.8667331
0.8791655
0.9083283
0.8907524
0.8854774
0.8873538
0.8820001
0.8912053
0.9053362
0.8739404
0.8826333
0.8816759
0.9009727
0.9023488
0.9091293
0.8709229
0.8785829
0.8780622
0.8617037
0.8689029
0.8685944
0.9105003
0.8722165
0.9084801
0.901551
0.9007821
0.9073574
0.8807645
0.8947199
0.8729264
0.9010559
0.9127297
0.9013547
0.9058111
0.9060547
0.8990085
0.89977
0.870872
0.8758163
0.8840993
0.879585
0.8891927
0.9053187
0.8685116
0.9000811
0.9107257
0.8881074
0.8780242
0.8770705
0.8828943
0.8946315
0.8844931
0.8873178
0.8905643
0.8783474
0.909072
0.8919647
0.8888096
0.9036761
0.8913013
0.9009908
0.8960115
0.8624609
0.9054512
0.8909176
0.8934121
0.8851781
0.8919863
0.9084517
0.8949353
0.8844533
0.9073601
0.9050045
0.9052224
0.9083339
0.9090684
0.9027091
0.9097914
0.9026376
0.9200795
0.8692191
0.9122349
0.8816503
0.8804379
0.9067513
0.9107859
0.8803518
0.876299
0.8929701
0.9092781
0.9088456
0.8655967
0.9241992
0.906355
0.9085308
0.913924
0.9136978
0.9231703
0.9191879
0.8739377
0.8850658
0.8653664
0.9132897
0.8815624
0.8948646
0.8708696
0.8649947
0.8811799
0.9175826
0.8819527
0.8660532
0.8766241
0.9118029
0.9083693
0.9079785
0.848792
0.8680192
0.8664415
0.8864601
0.8883571
0.8885638
0.9030516
0.8853407
0.9116815
0.9120625
0.9082966
0.9111626
0.8627637
0.8970578
0.8636697
0.9073031
0.9128096
0.9104832
0.9108388
0.9108793
0.9095402
0.9075824
0.8469338
0.8870259
0.8773364
0.8896421
0.8825198
0.9155229
0.8886034
0.891849
0.913074
0.8848887
0.8886215
0.8891242
0.864553
0.9050191
0.890723
0.883325
0.8809457
0.8803585
0.9092912
0.8700723
0.8659511
0.886944
0.8737885
0.8824183
0.8868496
0.8881832
0.9103503
0.8731184
0.8872017
0.8765818
0.883173
0.9126704
0.9073804
0.8588149
0.9142807
0.9110338
0.9118101
0.9134692
0.9146933
0.9133081
0.9126784
0.9107112
0.8694351
0.9122084
0.8280203
0.9198059
0.9157081
0.9096443
0.9125533
0.9164685
0.9308625
0.9064976
0.8914672
0.8968664
0.9123507
0.9121181
0.8922017
0.905601
0.90741
0.906864
0.9023491
0.900096
0.9102505
0.9056077
0.9143049
0.9028592
0.9129804
0.9145595
0.9197754
0.9129637
0.9160881
0.8473248
0.9070729
0.9129545
0.9122166
0.8445032
0.906575
0.9061868
0.9102159
0.9013567
0.9014338
0.894107
0.9021533
0.9029348
0.9075766
0.9049593
0.9028404
0.9000728
0.9006193
0.9082808
0.9169834
0.9092038
0.9111332
0.8973133
0.9076048
0.9019104
0.9079437
0.9071226
0.8912654
0.8912888
0.9085505
0.9213647
0.9135498
0.9028378
0.9145209
0.8597493
0.9029348
0.9243369
0.9090229
0.9151129
0.9179544
0.9074987
0.9167809
0.8965756
0.9089295
0.9123596
0.9201191
0.9155725
0.9078126
0.9181841
0.918603
0.9224529
0.9188447
0.926797
0.917727
0.9129022
0.9325065
0.9206077
0.9106555
0.9085959
0.9129092
0.9096479
0.8976344
0.9190052
0.6794386
0.6451313
0.6645462
0.7342787
0.6754579
0.6587243
0.6776514
0.6830962
0.9029133
0.9024965
0.9047705
0.9077887
0.9060441
0.9176074
0.9265893
0.9121204
0.9103996
0.8971461
0.9079699
0.9089497
0.9002547
0.9144899
0.9139163
0.9217926
0.9228463
0.9226995
0.9109788
0.9093015
0.9073261
0.9090322
0.9059869
0.9198035
0.9063427
0.9033609
0.9074087
0.8986783
0.9083779
0.8964751
0.8989724
0.8990628
0.90058
0.9014755
0.9181239
0.9150477
0.8999425
0.8928233
0.8931345
0.8904394
0.8987911
0.8986336
0.9215275
0.8932898
0.9147212
0.9191353
0.9149372
0.9265974
0.9078952
0.8911239
0.8995381
0.8867592
0.9265521
0.9238468
0.9271502
0.9209657
0.9084951
0.9094416
0.9070892
0.9102139
0.9039617
0.9005497
0.906931
0.90648
0.8987128
0.9173114
0.9277325
0.9051847
0.9102297
0.896184
0.9084763
0.8918312
0.9006827
0.9016924
0.9125696
0.8980871
0.902293
0.9078961
0.9012284
0.9147427
0.9107375
0.9153993
0.9081328
0.8986054
0.9235947
0.9092944
0.8958431
0.8999857
0.8983774
0.9088079
0.891377
0.9041326
0.905997
0.9007218
0.9059946
0.9072992
0.907338
0.9038544
0.9083408
0.9045658
0.9102212
0.881773
0.9039729
0.8885599
0.8784864
0.8982654
0.903308
0.890305
0.8994471
0.8846154
0.8892267
0.8916213
0.8743187
0.9129335
0.8944815
0.9003701
0.9007494
0.9014554
0.9114225
0.9089544
0.8851579
0.8671339
0.8757304
0.8980105
0.8810807
0.8986083
0.8903275
0.8785561
0.8922678
0.9114617
0.8686813
0.8791961
0.8835252
0.9032929
0.8990421
0.9001391
0.871008
0.8846899
0.8847913
0.8736094
0.8789216
0.8813023
0.9000866
0.8755368
0.9016085
0.896777
0.8995394
0.9020156
0.8839023
0.899631
0.8758765
0.907087
0.9033156
0.8937792
0.9017372
0.898807
0.8965972
0.8941349
0.8755549
0.8760876
0.8873545
0.8791405
0.8835544
0.9068146
0.8812209
0.9003825
0.9013099
0.8880753
0.8819054
0.8818707
0.8819023
0.8943092
0.8896038
0.8854227
0.8931916
0.878633
0.9115355
0.8881405
0.8910087
0.9027243
0.887796
0.9018083
0.8929648
0.5935086
0.9131831
0.8932496
0.9011971
0.8918977
0.8886347
0.9082948
0.9031721
0.8837959
0.9101056
0.9037241
0.9082811
0.9104134
0.9087163
0.9109343
0.9097143
0.9088002
0.9241981
0.8674196
0.9265527
0.8690297
0.8843319
0.9197236
0.9213236
0.8765384
0.8442583
0.8997949
0.9218244
0.9204477
0.8638986
0.9329043
0.9274818
0.9245047
0.9259798
0.9259118
0.9336192
0.9315909
0.8813706
0.8930543
0.8671423
0.9257194
0.8833615
0.8982962
0.8687857
0.8639997
0.8757867
0.9227941
0.8910236
0.8637359
0.8729264
0.9244955
0.9199624
0.9250741
0.8362499
0.8772517
0.877386
0.9000107
0.8986458
0.8998938
0.923128
0.8941731
0.9266699
0.9245144
0.9204378
0.9239274
0.8533663
0.8911701
0.8669936
0.9212057
0.9261615
0.9242451
0.9265248
0.9265293
0.9223214
0.9233391
0.8379899
0.8874215
0.8837226
0.9053006
0.8762439
0.9260335
0.8998938
0.8874198
0.9265797
0.8829665
0.8950504
0.8894481
0.8467608
0.9139292
0.8952686
0.8726883
0.8745765
0.8846099
0.916024
0.855204
0.8188641
0.8954839
0.8798646
0.8809635
0.8867711
0.8979556
0.9083533
0.867522
0.8809532
0.8811966
0.8854591
0.9152232
0.9187474
0.842342
0.9299965
0.9265033
0.9250364
0.9274118
0.9290024
0.9260799
0.9288699
0.9264599
0.9252223
0.8995028
0.9186484
0.8978771
0.8884872
0.9137556
0.9185115
0.9010545
0.8990017
0.8502457
0.9123236
0.9137791
0.8937886
0.9262674
0.9136124
0.9190378
0.9203105
0.9194869
0.9257528
0.9237442
0.8996214
0.872085
0.8976319
0.918661
0.9019428
0.8594483
0.8952972
0.8918659
0.8992709
0.9206199
0.88223
0.8911441
0.8937696
0.9154979
0.9115358
0.9181925
0.8892344
0.8916095
0.8919152
0.8350908
0.8372171
0.8356103
0.9162948
0.8773048
0.9189845
0.9156058
0.9131174
0.9133333
0.8962545
0.9056943
0.8907431
0.9177355
0.9182154
0.9138681
0.9153441
0.9164727
0.9107081
0.9132231
0.888072
0.8901394
0.8890237
0.8550009
0.9021374
0.9189527
0.8355231
0.9064796
0.9164538
0.9032428
0.8890188
0.8856442
0.8941502
0.9137202
0.8866755
0.8992377
0.9026068
0.8913788
0.9208498
0.897839
0.8953083
0.9060785
0.8983502
0.9066592
0.9003484
0.8820761
0.881599
0.8970604
0.9000707
0.8972121
0.9006568
0.9232683
0.916016
0.8903568
0.9191205
0.9189406
0.9183738
0.919085
0.916318
0.9168703
0.9197118
0.9200931
0.8684753
0.9077773
0.8530243
0.9174877
0.9123405
0.8961651
0.9054735
0.9151375
0.9289783
0.9082054
0.8889755
0.8896347
0.9064963
0.9107944
0.8824533
0.8968564
0.8993345
0.8976863
0.8928316
0.8925262
0.9089079
0.8955136
0.9065367
0.8920342
0.905042
0.9163335
0.9192372
0.908696
0.9148373
0.85882
0.9043689
0.9075878
0.9126622
0.8288841
0.8902524
0.8995591
0.9095387
0.8980906
0.8976811
0.898639
0.9018352
0.9016749
0.9002229
0.9049171
0.8954966
0.8902239
0.8929997
0.8966046
0.9113557
0.9141005
0.907948
0.9086617
0.8926446
0.8879192
0.898564
0.8937632
0.8845592
0.8864548
0.9061495
0.9193292
0.9093715
0.9024099
0.909493
0.8540785
0.9015955
0.9253391
0.8997015
0.9106235
0.9120469
0.9074114
0.9147691
0.9001217
0.9087442
0.9088912
0.9154253
0.9092348
0.9158567
0.9154919
0.9135561
0.9219245
0.9138218
0.9270789
0.9194459
0.9045369
0.933227
0.919085
0.9165983
0.9110213
0.9124253
0.9118302
0.8987896
0.9197627
0.8531484
0.8438003
0.849787
0.854812
0.8482685
0.848728
0.8516679
0.8497838
0.8687166
0.9053909
0.8549459
0.9126853
0.915393
0.8987333
0.9065083
0.914844
0.9285214
0.9048303
0.8908534
0.8954988
0.9084956
0.9102707
0.8922491
0.9009747
0.9024276
0.903851
0.9002015
0.8993997
0.9083548
0.9002143
0.9097438
0.9005459
0.9078391
0.9121206
0.9151933
0.9090812
0.9151179
0.8530296
0.9025606
0.9082907
0.9098708
0.8322799
0.9005097
0.9029468
0.9097257
0.8986489
0.8979205
0.8960656
0.904385
0.9036331
0.903604
0.9049268
0.8958272
0.8964666
0.8948471
0.9039017
0.908964
0.9071362
0.9046742
0.9009035
0.9057919
0.8974989
0.9040635
0.9018079
0.8872396
0.8889573
0.9078063
0.9197019
0.9052148
0.901162
0.9106945
0.8555864
0.903712
0.9188534
0.9039448
0.9101059
0.9137596
0.9004285
0.9141617
0.8947912
0.9053646
0.9083764
0.9141151
0.9074659
0.908883
0.9126706
0.9121856
0.9231783
0.9160512
0.923446
0.9214353
0.9025768
0.9287251
0.9158563
0.9129303
0.9092595
0.908178
0.9095078
0.8942449
0.9136808
0.8571214
0.8471398
0.8498049
0.8559697
0.8543587
0.8442847
0.8497239
0.8521437
0.8714856
0.906538
0.8544921
0.9161211
0.9162746
0.8957474
0.9010697
0.9115339
0.9272395
0.9079448
0.8879362
0.8888848
0.9099609
0.9130058
0.886247
0.8971226
0.8960679
0.8961432
0.8956901
0.894636
0.9081369
0.8963878
0.9061197
0.8898327
0.9056509
0.9161482
0.9155789
0.9085919
0.9109159
0.8607859
0.9011679
0.9088561
0.9115776
0.8347605
0.8907708
0.8964331
0.9059752
0.8954098
0.8956844
0.9005459
0.9049439
0.905256
0.9002045
0.9041017
0.8908715
0.8905855
0.8922514
0.8938458
0.9117563
0.9117731
0.9033708
0.9082396
0.8931579
0.8899711
0.8962502
0.8947941
0.8861401
0.8866516
0.9047412
0.9182261
0.9093843
0.903658
0.9057318
0.8519806
0.9051376
0.9198141
0.8955861
0.9100114
0.9117866
0.9037763
0.9133819
0.8984389
0.9093457
0.9075682
0.9147152
0.91179
0.9145314
0.9138684
0.9178271
0.9207234
0.9119074
0.9227828
0.9153448
0.9042384
0.9277927
0.9169363
0.91191
0.9087721
0.9092188
0.9089959
0.8983269
0.9173454
0.8566792
0.8446305
0.850689
0.8561276
0.8500436
0.853028
0.8528677
0.852552
0.8687654
0.9084797
0.849849
0.9141891
0.9137565
0.8998765
0.9045255
0.9114013
0.9258842
0.9082822
0.8844251
0.8881889
0.9080278
0.9090942
0.8855962
0.8985629
0.8984707
0.8983063
0.8896018
0.8926813
0.9061972
0.8986368
0.9051231
0.8888604
0.9081145
0.9142079
0.9135044
0.907519
0.911872
0.8542714
0.9061925
0.9065676
0.9090124
0.8299543
0.8934821
0.8988991
0.9077316
0.8968605
0.8972971
0.8937011
0.9022426
0.9023202
0.9005579
0.9019857
0.8953578
0.8916574
0.890901
0.8987125
0.9050412
0.9096455
0.9039554
0.9021731
0.8984525
0.8896866
0.8962468
0.8962722
0.8837091
0.8889212
0.9050852
0.9171316
0.9096021
0.8986011
0.9035471
0.853193
0.9023598
0.9214564
0.8981151
0.9074167
0.9101439
0.9056706
0.9108362
0.8963581
0.9079964
0.906018
0.9130314
0.9109127
0.9135577
0.9142357
0.9142371
0.9179464
0.9105783
0.923895
0.9187419
0.9008632
0.932957
0.9137096
0.9100194
0.907115
0.9097915
0.9081057
0.8964566
0.9148148
0.850826
0.8452994
0.8456997
0.8492498
0.8485204
0.8488046
0.8504772
0.8500322
0.8794671
0.9095622
0.8645447
0.917298
0.9128796
0.8985759
0.9027698
0.9160951
0.9282499
0.9080472
0.8907267
0.8881114
0.9128336
0.9099885
0.8953797
0.8980647
0.9027293
0.9012248
0.9003602
0.9002151
0.9060914
0.8992543
0.9033782
0.8936101
0.9095544
0.9161519
0.9147029
0.9121761
0.913008
0.8722398
0.9091754
0.9126686
0.9148285
0.8444655
0.8937742
0.9016352
0.9118537
0.903581
0.9038191
0.9044636
0.9056172
0.9063951
0.8969679
0.9058452
0.8966473
0.8941661
0.8954722
0.9009558
0.9134909
0.9135873
0.9075169
0.9117911
0.897957
0.8950046
0.9012292
0.9026606
0.8928122
0.8937103
0.9067909
0.91681
0.9092819
0.903871
0.9140503
0.8631364
0.9063951
0.9249017
0.9002454
0.9115289
0.913622
0.9089833
0.9119015
0.9078164
0.9119991
0.912573
0.918205
0.9129863
0.9199293
0.9138887
0.9193735
0.9217767
0.9159049
0.9251946
0.9198804
0.905895
0.9312996
0.9151344
0.9201976
0.912885
0.9145585
0.9101815
0.9090942
0.9184098
0.8647895
0.8593375
0.8601704
0.858165
0.8610428
0.8591291
0.8634266
0.8591633
0.868646
0.9074858
0.8493235
0.9136134
0.9137166
0.895697
0.9043415
0.9155801
0.9249267
0.9066551
0.8826386
0.8935887
0.9093848
0.9077744
0.8882368
0.8982012
0.9015506
0.9012283
0.8943482
0.8956626
0.9059006
0.9008861
0.9085618
0.8943947
0.9082562
0.9160913
0.9147065
0.9104017
0.914436
0.851129
0.9086186
0.9108219
0.912335
0.823839
0.8943178
0.8998952
0.9100324
0.8965732
0.8959985
0.8949046
0.9003409
0.8998223
0.8991544
0.8994356
0.8953497
0.893696
0.8957503
0.9031918
0.9084436
0.9096338
0.902974
0.9039851
0.9015253
0.8931134
0.9017535
0.8979858
0.8843244
0.8867498
0.9045463
0.9196624
0.9081398
0.9009172
0.9093591
0.8502919
0.8997825
0.9190391
0.9027969
0.9099445
0.9117616
0.905887
0.9141356
0.8932789
0.9042299
0.9066291
0.9161679
0.9092578
0.9097585
0.9127938
0.9154695
0.9200335
0.9168755
0.9257832
0.9154017
0.9068059
0.9302544
0.9159152
0.9112212
0.9076067
0.9063847
0.9066774
0.8969802
0.9180608
0.8508755
0.8422345
0.8430419
0.8505582
0.8487392
0.8431717
0.8451768
0.8456118
0.8735401
0.909937
0.8524477
0.9141364
0.9180044
0.9023867
0.9106208
0.917684
0.9276357
0.908215
0.891285
0.8977352
0.9114042
0.909858
0.8926012
0.9034307
0.9045619
0.9039646
0.8981982
0.8999925
0.9059277
0.900073
0.9082744
0.8976048
0.9077715
0.9163452
0.9139547
0.9112473
0.9131385
0.8592052
0.9099031
0.9119006
0.9151302
0.8370847
0.8973678
0.9034513
0.9086459
0.898057
0.8975665
0.8982438
0.9008082
0.9008076
0.9023171
0.906589
0.9002824
0.8923717
0.8983812
0.9050484
0.9098417
0.9109131
0.9056242
0.9061681
0.9037377
0.8981154
0.9062863
0.9011989
0.8880958
0.8891314
0.9050894
0.9216267
0.9095771
0.9051917
0.908089
0.8571805
0.900728
0.9242594
0.9041384
0.9164144
0.915104
0.9086467
0.91683
0.9001697
0.9064315
0.9094902
0.9179981
0.909637
0.9128537
0.9134036
0.9188291
0.9232135
0.9147161
0.9251963
0.9188516
0.9091889
0.9322057
0.9163253
0.9162233
0.9078683
0.9120444
0.9090306
0.8984317
0.9197371
0.8588936
0.8521012
0.8520065
0.8595773
0.859094
0.8519951
0.8525745
0.8567172
0.8735641
0.9083417
0.858283
0.9184914
0.9163599
0.8960631
0.902745
0.9195322
0.9274449
0.9098281
0.8868479
0.8915047
0.9125783
0.9045107
0.8879994
0.8996869
0.8994728
0.9016661
0.8910958
0.8909173
0.9076286
0.900565
0.9066715
0.892054
0.9082503
0.9157731
0.9129486
0.9128102
0.9131042
0.8553684
0.9034338
0.9126064
0.9075351
0.8342537
0.8966974
0.901443
0.9102992
0.8990353
0.89895
0.9029398
0.9066407
0.9058874
0.8981071
0.9049739
0.8959223
0.8924687
0.8930195
0.9031895
0.9120733
0.9101362
0.9071356
0.902902
0.8991328
0.8930367
0.9010316
0.896989
0.8865318
0.8872054
0.9060082
0.9221209
0.9122374
0.9024673
0.9103711
0.8532835
0.9058874
0.9250885
0.9032726
0.9083345
0.9114437
0.9034568
0.9085526
0.8982306
0.9011304
0.9114943
0.9183008
0.9116
0.9121695
0.9148083
0.9163804
0.9203586
0.9157545
0.9259927
0.9179044
0.9040799
0.9332385
0.9146668
0.9144052
0.9074446
0.9085524
0.9088467
0.8976323
0.9205437
0.8549979
0.8493808
0.8538683
0.8596939
0.8525229
0.8525957
0.8546046
0.8522499
0.8727644
0.9026679
0.8528641
0.9168767
0.9143985
0.8979303
0.9013825
0.9164266
0.9256766
0.9098919
0.8872178
0.8888602
0.9073783
0.9062681
0.889784
0.8987356
0.8993999
0.898121
0.8899451
0.8940855
0.9058659
0.9001269
0.907457
0.8899654
0.9069159
0.9155346
0.914037
0.9066757
0.910045
0.8653976
0.9047585
0.906392
0.9106235
0.8439368
0.8941983
0.9025404
0.9076295
0.8993644
0.898479
0.8990284
0.9005403
0.8995893
0.8985228
0.9034885
0.8964344
0.8897725
0.8895972
0.900994
0.9132074
0.9084827
0.9025226
0.9086315
0.8983467
0.8914523
0.9010292
0.8956973
0.8845526
0.8867596
0.9054263
0.9174138
0.906411
0.9016665
0.9062522
0.8587131
0.89951
0.9216811
0.899924
0.9113568
0.9107275
0.9067983
0.9126973
0.902115
0.9089869
0.9074519
0.9167819
0.9110318
0.9151803
0.9161928
0.9181578
0.9215578
0.9139532
0.9242621
0.9159526
0.9052379
0.9312144
0.9152789
0.9173668
0.9078727
0.9101112
0.9102373
0.9017906
0.9176808
0.8634345
0.8543356
0.8588359
0.8624
0.8540634
0.8556453
0.8566873
0.8581268
0.8731261
0.912681
0.8596649
0.9170905
0.9154248
0.8981241
0.9016388
0.9183223
0.9288399
0.9116886
0.8904456
0.8933665
0.9101622
0.9139156
0.8915535
0.8996793
0.9022324
0.9015987
0.8939484
0.8959471
0.9116875
0.90568
0.9105483
0.8938469
0.9104446
0.9164012
0.9165284
0.9129004
0.9158419
0.8632091
0.9051931
0.9140827
0.9121896
0.8467675
0.8937708
0.9026321
0.9111901
0.9015766
0.900741
0.8982628
0.9060549
0.9056213
0.9007446
0.9043625
0.8983611
0.8955792
0.8973957
0.9056218
0.9138267
0.9111064
0.9080673
0.9074001
0.9026381
0.8984568
0.9019608
0.9032235
0.8860979
0.8872869
0.9058575
0.9209489
0.9146402
0.9031773
0.9119955
0.8637543
0.9056213
0.921572
0.9041725
0.9077737
0.9102822
0.9070276
0.9182538
0.9014505
0.9099801
0.9109404
0.9185188
0.9146329
0.9110506
0.9169878
0.9201425
0.9239744
0.9175535
0.9291292
0.9198557
0.9114122
0.9316533
0.9199593
0.9192588
0.9143714
0.9126518
0.9137012
0.8980075
0.9188448
0.8596086
0.8541064
0.8591423
0.8614221
0.8603985
0.8561388
0.8585384
0.8545101
0.8692276
0.9094478
0.8538061
0.9153603
0.9175363
0.9014748
0.909104
0.9191028
0.9251794
0.9035624
0.8928795
0.8988451
0.9125812
0.9120349
0.8923939
0.904817
0.907632
0.907828
0.8966473
0.8997986
0.9070577
0.9031942
0.9101308
0.899261
0.911507
0.9132357
0.9143448
0.9120754
0.9151196
0.8507019
0.9060316
0.912997
0.9101422
0.8307199
0.8975875
0.9009644
0.9102697
0.9005603
0.8999162
0.8952054
0.9042201
0.9039804
0.9056631
0.9023446
0.8975928
0.9005474
0.897306
0.9092185
0.9129318
0.9094429
0.9090811
0.8990467
0.906533
0.9028016
0.9111991
0.9027064
0.8921675
0.8937507
0.9064245
0.92391
0.909907
0.904081
0.9116668
0.8592257
0.9039804
0.9201489
0.9110241
0.9062377
0.918161
0.903248
0.9129629
0.8953063
0.9087746
0.9111103
0.9160742
0.9118005
0.9122881
0.9172394
0.9136869
0.9186468
0.9127242
0.9230742
0.9179679
0.9068991
0.9309652
0.9170894
0.9103239
0.90875
0.910137
0.9123032
0.8972344
0.9193
0.8506265
0.8462476
0.8469958
0.8572928
0.8550839
0.8474267
0.8527957
0.8479167
0.8720227
0.9100207
0.8474017
0.9143301
0.9202538
0.9008033
0.902907
0.9172681
0.9301485
0.9078692
0.886236
0.8917579
0.9109798
0.9104553
0.890871
0.9008508
0.903819
0.9025849
0.8956885
0.8976165
0.9093554
0.8972738
0.9105889
0.895935
0.9081328
0.9126548
0.9177468
0.9123811
0.9146952
0.8585644
0.9048635
0.9113203
0.9097785
0.8310366
0.8958986
0.9014064
0.9071593
0.897146
0.8968562
0.8939427
0.9033237
0.902291
0.8996418
0.9043809
0.8952774
0.8881853
0.8940881
0.90048
0.9141326
0.9115041
0.9063065
0.9064955
0.9005325
0.8987393
0.9019551
0.8999422
0.8901801
0.8920947
0.9028377
0.920368
0.9060127
0.902708
0.9119334
0.8558993
0.902291
0.9226285
0.9020405
0.9059817
0.9138744
0.9063598
0.9123378
0.898601
0.9087215
0.9109459
0.9169822
0.9126523
0.9110955
0.9161247
0.9158018
0.918884
0.9149477
0.9221037
0.9177111
0.9053845
0.931748
0.9181737
0.9123429
0.9041849
0.9118134
0.9081615
0.8961743
0.9190437
0.8549771
0.8492744
0.8511503
0.8576151
0.8531535
0.851009
0.8534574
0.8546999
0.8747228
0.9097397
0.858828
0.9151244
0.917935
0.9038282
0.9059488
0.9160805
0.9254995
0.9113695
0.8980389
0.9026031
0.9108851
0.9148046
0.8962035
0.9026121
0.9033823
0.9043256
0.8996878
0.9031267
0.9091946
0.9062455
0.9077005
0.9002053
0.9111301
0.9181879
0.9153029
0.913318
0.91388
0.8557231
0.9118434
0.9138096
0.91222
0.8421934
0.9018303
0.9060027
0.9123412
0.9022953
0.9020559
0.9015991
0.908062
0.9063784
0.902933
0.9062601
0.90008
0.8970259
0.9012009
0.9062646
0.9126652
0.9122189
0.9072653
0.9071429
0.9061382
0.9040514
0.9084345
0.9054618
0.8956921
0.8980855
0.909822
0.9178971
0.9117459
0.9040502
0.9105132
0.8684103
0.9063784
0.9194377
0.9072487
0.9103534
0.914333
0.9102183
0.9145447
0.9016148
0.9127187
0.9113559
0.9207189
0.9095969
0.9122948
0.9182185
0.9149865
0.9189227
0.9174829
0.9234823
0.913822
0.9075178
0.9331635
0.9160011
0.9120063
0.911212
0.9121009
0.9092608
0.9023716
0.9181282
0.8571536
0.8545892
0.8574962
0.8624211
0.8607623
0.8522808
0.8599216
0.8578155
0.9121603
0.9082316
0.9170309
0.9164349
0.9069751
0.9178984
0.9191797
0.9131872
0.9192337
0.9041353
0.9096643
0.9106499
0.9071901
0.9151009
0.9184047
0.9227365
0.92265
0.9222858
0.9147303
0.9165368
0.9089431
0.9051628
0.9087768
0.9215458
0.9090123
0.9121277
0.9090972
0.9074555
0.9123297
0.9100367
0.9016691
0.9080126
0.9048664
0.9116616
0.9134712
0.9163783
0.9037465
0.9035161
0.9034396
0.9021104
0.9072758
0.9072708
0.9185713
0.8973055
0.9150632
0.9207752
0.917084
0.9223881
0.9113741
0.9071614
0.905127
0.9007566
0.9222853
0.9226883
0.9200593
0.9193124
0.91115
0.9134052
0.9014744
0.9094121
0.9059879
0.9040267
0.9102981
0.9148138
0.9072329
0.9167234
0.9220949
0.9067524
0.909652
0.9019161
0.905257
0.9024813
0.9056401
0.9099093
0.9126693
0.9018822
0.914278
0.9086657
0.9126001
0.9194888
0.9149313
0.9150836
0.9131454
0.905307
0.9258786
0.9137262
0.9076774
0.9051754
0.907332
0.9144147
0.899954
0.9093608
0.9195177
0.9166552
0.9178516
0.9156966
0.9197258
0.916704
0.9165319
0.9153844
0.9054301
0.8996288
0.9038415
0.9074312
0.9045608
0.9121846
0.9141997
0.9036534
0.9112335
0.8969806
0.9025309
0.9048927
0.9003444
0.9146785
0.9091942
0.9102168
0.9139814
0.9129811
0.9026235
0.9052386
0.9033001
0.8971933
0.9017842
0.9129915
0.9042334
0.9107862
0.9066502
0.9021239
0.904618
0.8990276
0.8896643
0.902076
0.9009987
0.899039
0.9077377
0.9120027
0.8981821
0.8932951
0.8925871
0.8892233
0.8979888
0.8979902
0.9118982
0.8898006
0.911644
0.9146869
0.9034773
0.9134093
0.902496
0.8991643
0.8965242
0.8960735
0.9172863
0.9090027
0.9130256
0.9104905
0.9031817
0.9044743
0.8970109
0.9070921
0.9000517
0.8951417
0.9040088
0.9069568
0.8979902
0.9154517
0.9179636
0.9025595
0.9062532
0.8956331
0.9006502
0.892349
0.8983238
0.905122
0.9093485
0.8940209
0.9069227
0.9039216
0.9053571
0.9128107
0.9125055
0.9118929
0.9076887
0.8942611
0.9233461
0.9090599
0.9083476
0.8967122
0.8986583
0.9095409
0.8927303
0.9029756
0.9027998
0.9006407
0.9045339
0.9047831
0.9025163
0.9008082
0.9041982
0.899337
0.9222257
0.8634026
0.9173879
0.8640858
0.882114
0.9008877
0.9046836
0.8653445
0.8621539
0.8867285
0.9068004
0.9037221
0.8560151
0.9200085
0.9040086
0.9070778
0.9067022
0.9068179
0.9195207
0.9206068
0.8677804
0.8744904
0.8201513
0.9032534
0.8772403
0.8951853
0.8593236
0.854424
0.872912
0.9227375
0.8815871
0.8543228
0.8649976
0.9149004
0.9025529
0.9043993
0.8237068
0.8657402
0.8662019
0.8811018
0.8813196
0.8821035
0.9033357
0.8875131
0.9089705
0.9035046
0.9052158
0.9024948
0.8438624
0.8986631
0.8561213
0.9176946
0.9064718
0.9003686
0.9026907
0.9057612
0.9008821
0.9009031
0.8212355
0.8813096
0.8630672
0.8893174
0.8748128
0.918126
0.8820225
0.8840034
0.9013203
0.8845557
0.8802837
0.8899594
0.8520143
0.9129421
0.8912879
0.8746436
0.8678044
0.8887446
0.9153532
0.851624
0.8514138
0.8891952
0.87065
0.8810464
0.87679
0.8812312
0.9084492
0.864713
0.889177
0.8843062
0.8814764
0.9131789
0.9161916
0.8475569
0.9217068
0.9135116
0.9193276
0.9209827
0.9181675
0.9160588
0.9174464
0.9192394
0.88459
0.9117313
0.8798962
0.9186753
0.9190299
0.9034794
0.9083588
0.9207161
0.9260713
0.9128223
0.9022524
0.9063124
0.9113311
0.9189739
0.8954327
0.9070353
0.9123571
0.9116974
0.9095941
0.9122059
0.9121251
0.9086953
0.9103217
0.9034498
0.9145184
0.9187132
0.9157148
0.9127235
0.9117762
0.8721221
0.9099563
0.9125982
0.9186559
0.8751481
0.9078141
0.9102938
0.9072224
0.9100748
0.9103962
0.9056386
0.9124332
0.9111452
0.903137
0.9097976
0.9072874
0.9046264
0.9074168
0.9099609
0.9132677
0.9107653
0.9099412
0.9071163
0.9137784
0.9069607
0.9085282
0.9055107
0.8962
0.895032
0.9085499
0.923902
0.916395
0.9075095
0.9085056
0.8699434
0.9111064
0.9208704
0.9113688
0.9112628
0.9183609
0.9112139
0.9166076
0.9056631
0.9103342
0.9126186
0.9185954
0.9149655
0.911059
0.9190942
0.9169218
0.9226217
0.9166024
0.9311224
0.9204652
0.9114222
0.9320794
0.9187089
0.9141547
0.9123909
0.9139877
0.9124438
0.9081451
0.9155149
0.8739325
0.8722765
0.8707703
0.8805916
0.8793464
0.8718708
0.8737484
0.8696699
0.8781124
0.9156041
0.8570229
0.9200211
0.9197734
0.9043428
0.9070029
0.9207479
0.9305414
0.9047567
0.8827803
0.8866587
0.9145909
0.9091273
0.8849666
0.9014336
0.9030545
0.9029723
0.8891926
0.8887625
0.9090548
0.9029962
0.9100982
0.895453
0.9116006
0.9134164
0.9198387
0.9166845
0.9190338
0.8605465
0.9070029
0.917179
0.9185525
0.8542865
0.8952548
0.8968776
0.9122378
0.8969913
0.8966596
0.8936123
0.9036328
0.9018398
0.9018746
0.9053308
0.8963786
0.8938244
0.8962916
0.9075975
0.9170006
0.9097991
0.9123105
0.8974821
0.9037416
0.9004163
0.9036237
0.8998005
0.885937
0.8844111
0.912559
0.9231665
0.9138605
0.9010614
0.914653
0.8597549
0.9018398
0.9240952
0.9080364
0.9133503
0.9141759
0.9099315
0.9197676
0.8948053
0.907471
0.9109661
0.9225833
0.9122093
0.9102682
0.919034
0.9187617
0.9236487
0.9172475
0.9300445
0.9205708
0.9062534
0.9356272
0.9210302
0.9124856
0.9114863
0.9143866
0.9104222
0.8904303
0.9240053
0.861987
0.8565241
0.8580249
0.8677158
0.8619236
0.8567965
0.8604318
0.8585187
0.9203465
0.8612042
0.9110643
0.859751
0.8795659
0.8972581
0.9001687
0.8640969
0.8607478
0.8836603
0.8997249
0.898286
0.8528395
0.9192619
0.8950713
0.8995588
0.9019047
0.9020589
0.9162003
0.9175729
0.8640888
0.8620113
0.8137014
0.9026722
0.8749315
0.8908112
0.8626641
0.8517953
0.8693403
0.9220329
0.8793349
0.8507524
0.87032
0.9138756
0.8958214
0.8994909
0.8152366
0.8587792
0.8593242
0.874642
0.8731663
0.8726914
0.894853
0.8821217
0.9067088
0.9014432
0.902893
0.8991138
0.8386878
0.8936002
0.854386
0.9174413
0.9021139
0.896061
0.9008045
0.8989453
0.8964265
0.8949544
0.8122946
0.8794446
0.8627935
0.8852934
0.8707962
0.9127581
0.8726501
0.8813084
0.898999
0.8816013
0.8796683
0.8875368
0.8511296
0.9108825
0.8922429
0.8678787
0.8695668
0.8887004
0.9151417
0.8499626
0.8518929
0.8877359
0.8647093
0.8842733
0.8789519
0.876289
0.904974
0.8672729
0.8882115
0.8815956
0.8805692
0.9114015
0.9120942
0.8428587
0.9154462
0.9093108
0.9138016
0.9149288
0.9125675
0.9147719
0.9131387
0.9149514