0.9092233
0.916163
0.915135
0.9150683
0.9145492
0.9141564
0.9187654
0.9164726
0.913221
0.8921719
0.8895515
0.8991354
0.8811338
0.8793569
0.901117
0.8777215
0.9015539
0.8823699
0.8935405
0.8976344
0.9005128
0.9095078
0.9090279
0.9173084
0.9191446
0.9171731
0.9179883
0.9183228
0.9192974
0.9214198
0.9158062
0.8944413
0.8934102
0.9031068
0.8873042
0.8808865
0.9062031
0.8842003
0.9074351
0.8884102
0.8908779
0.902187
0.9044564
0.9155783
0.9020349
0.9121529
0.914483
0.9109457
0.9129019
0.9127745
0.91373
0.9133423
0.9107687
0.8775886
0.8825538
0.8943333
0.8780659
0.8725701
0.9003937
0.8709665
0.8959037
0.8755518
0.8813441
0.8914273
0.8935675
0.9091267
0.9019726
0.916463
0.9174022
0.9163251
0.9168072
0.9165261
0.9217005
0.9169717
0.9156398
0.8847135
0.8824153
0.8953484
0.869662
0.8705899
0.899515
0.8682395
0.8948405
0.8726122
0.8732426
0.8891114
0.8890787
0.9069303
0.9070798
0.9236951
0.9223163
0.9208359
0.9224919
0.9226751
0.9289583
0.9226176
0.9182043
0.8990612
0.8981877
0.9014637
0.8780577
0.8887622
0.9083351
0.8854773
0.9090397
0.8892884
0.8932607
0.9047006
0.9081887
0.9152088
0.900245
0.9139061
0.9155921
0.9157198
0.9135141
0.9132703
0.9194739
0.9149662
0.9139434
0.8857268
0.8917264
0.8912766
0.8766674
0.8781007
0.9037629
0.8756675
0.9018276
0.883973
0.8831335
0.896614
0.9001007
0.9113029
0.8999185
0.9110735
0.9119063
0.9117171
0.9106854
0.9105583
0.9210573
0.9122568
0.9119051
0.8846643
0.8800905
0.896538
0.8636617
0.868337
0.8954106
0.8626606
0.8971949
0.8730644
0.8735666
0.8952968
0.8970414
0.906141
0.9046985
0.9089377
0.9078947
0.9069943
0.9099979
0.9099492
0.9163609
0.9096927
0.9089414
0.8851915
0.8812165
0.8911756
0.8714176
0.8558756
0.8965676
0.8635475
0.8982601
0.869031
0.8809135
0.8909052
0.8954754
0.9066445
0.9067278
0.9076426
0.9076962
0.905262
0.9083554
0.9083065
0.9106139
0.9093381
0.9067199
0.8805927
0.8848196
0.8890938
0.8742774
0.8458254
0.896178
0.8671961
0.8924662
0.8679183
0.881164
0.8899496
0.8943692
0.9084942
0.9137907
0.9183724
0.9190269
0.9198061
0.9196624
0.9190049
0.9239038
0.9207397
0.9184153
0.8937583
0.8901827
0.8981445
0.8757149
0.8696449
0.8998416
0.8779133
0.8990034
0.8833876
0.889818
0.9025525
0.9044789
0.9184356
0.911132
0.9140923
0.914989
0.9146124
0.9158261
0.9153934
0.9176822
0.9164891
0.9129148
0.8866933
0.8891604
0.8967534
0.8743832
0.8668809
0.8995661
0.8781056
0.8985313
0.8795268
0.8874311
0.8989899
0.9019935
0.9150986
0.8999575
0.9017838
0.8992121
0.9005627
0.898973
0.8990819
0.9072898
0.9010109
0.9077567
0.8846405
0.8841796
0.8941066
0.8757207
0.7969847
0.8989845
0.8730701
0.8948006
0.8772702
0.888007
0.8930686
0.893269
0.9095837
0.9067269
0.90913
0.9082829
0.9087159
0.9074944
0.9073277
0.9121728
0.9103912
0.9120223
0.8828487
0.8836402
0.8932497
0.8687976
0.8497394
0.8943315
0.8670541
0.8954441
0.8758502
0.8822889
0.8924167
0.8963408
0.9118361
0.9033406
0.9120855
0.9124896
0.9103649
0.9135414
0.9138068
0.9166035
0.9120159
0.912667
0.8890752
0.8897517
0.897974
0.8853091
0.8756362
0.8970973
0.876885
0.9067989
0.8830375
0.8864926
0.8962812
0.8988715
0.9114751
0.90793
0.9230878
0.9243745
0.9218535
0.9232987
0.9232527
0.9286415
0.9251615
0.9173234
0.9019601
0.898213
0.9034081
0.8861736
0.890056
0.9114118
0.8849092
0.9144443
0.8919539
0.8932171
0.9092159
0.9098805
0.9149144
0.9044385
0.9150715
0.9147703
0.9151662
0.9139108
0.9140561
0.9203769
0.9147681
0.9106919
0.8841938
0.8856659
0.8953509
0.8742968
0.8794162
0.9004404
0.8722362
0.8987476
0.8790713
0.8819419
0.8941598
0.8979825
0.9107626
0.9073062
0.9166637
0.9160869
0.9144224
0.9144416
0.9143155
0.9225443
0.9179847
0.912293
0.8887398
0.8898956
0.8967128
0.8825425
0.8806765
0.9042319
0.8738808
0.9030015
0.8832638
0.882181
0.8962268
0.9005027
0.9096336
0.9088695
0.9134393
0.9151442
0.9115593
0.9114676
0.9114969
0.919094
0.9160643
0.9140904
0.8932829
0.8928788
0.9024173
0.8817862
0.8728908
0.9026949
0.8806386
0.9017838
0.8846404
0.8895388
0.8975401
0.9025721
0.9093049
0.9127674
0.9015308
0.8997211
0.9005109
0.901272
0.9011025
0.8984171
0.9026248
0.9091483
0.8830034
0.8806719
0.8932288
0.8797838
0.8698576
0.8960028
0.8844911
0.8904599
0.8752476
0.891469
0.8902734
0.8936698
0.9160311
0.9032875
0.9110159
0.911027
0.9080933
0.9113271
0.9112022
0.9125575
0.9117574
0.9157688
0.8872607
0.8934464
0.8993367
0.8796193
0.8833715
0.9040256
0.8782352
0.9071972
0.8809755
0.8862824
0.8948658
0.8972482
0.9094844
0.9196164
0.9257447
0.9257422
0.9258398
0.9271949
0.9274508
0.927602
0.9274329
0.9223529
0.9040524
0.9040907
0.9045755
0.8760207
0.8961847
0.9097923
0.8902347
0.9091195
0.896922
0.9034032
0.9139441
0.9157758
0.9223682
0.9031235
0.9074688
0.908898
0.9073667
0.9082638
0.9080576
0.9102583
0.9078379
0.9078151
0.8851604
0.8868813
0.8889535
0.8736118
0.8841108
0.8984236
0.8775249
0.8992196
0.8849151
0.8896886
0.900319
0.9001109
0.9106442
0.9079258
0.9139251
0.914578
0.9123827
0.9135065
0.9131559
0.9120625
0.9149923
0.909306
0.8901018
0.8916532
0.8964473
0.8793959
0.883975
0.9024828
0.8724305
0.9010545
0.8790596
0.8911411
0.9019526
0.9037738
0.9139071
0.898694
0.9026283
0.9036362
0.9014135
0.9043832
0.9044911
0.9084606
0.9063174
0.911338
0.8222494
0.786004
0.9039843
0.8928816
0.889295
0.8298104
0.8825559
0.857966
0.8553107
0.8777296
0.8400256
0.8434287
0.8993478
0.9004046
0.8847206
0.8872228
0.8856795
0.8866173
0.8867278
0.8890239
0.8873136
0.9022191
0.8913822
0.8920944
0.9026306
0.901761
0.8899325
0.9070228
0.8891354
0.9096588
0.8844732
0.8876961
0.8920164
0.8933415
0.8995406
0.8404064
0.9019136
0.9027727
0.8985555
0.9025313
0.9027202
0.9062977
0.9037322
0.9111495
0.8995682
0.9025284
0.9164617
0.9111326
0.9095956
0.9159667
0.8919656
0.9219263
0.8949604
0.8948283
0.8969546
0.9015497
0.8527957
0.8389617
0.901631
0.9006494
0.8980668
0.90213
0.902439
0.9030694
0.9026938
0.9116921
0.9016211
0.9039842
0.9182067
0.9109035
0.9080634
0.917726
0.8945287
0.9213353
0.8956752
0.8959812
0.8956695
0.8991309
0.8543446
0.9129788
0.913116
0.9120068
0.9144811
0.9118054
0.9116802
0.9158879
0.9156592
0.9150128
0.8666983
0.8526055
0.9083622
0.8973893
0.9000628
0.8703297
0.8951926
0.8817089
0.8861493
0.8955968
0.8760693
0.878696
0.9167044
0.9072938
0.9044202
0.903455
0.901953
0.9033738
0.9038351
0.9033162
0.9044787
0.9071344
0.8985677
0.8992287
0.9060991
0.9022412
0.9038173
0.9105549
0.8997757
0.9077122
0.8901482
0.8887931
0.9029567
0.9064288
0.9082911
0.9059814
0.9111501
0.9117458
0.911323
0.9132919
0.9129332
0.9169371
0.9144244
0.9086191
0.8816959
0.8885763
0.8941673
0.8242188
0.886112
0.898601
0.8738141
0.8977957
0.8791863
0.8799097
0.9002968
0.9007565
0.9105605
0.9130481
0.855359
0.854731
0.8554075
0.8544179
0.8539232
0.8539005
0.8567048
0.910024
0.9044518
0.9048437
0.9156721
0.9226664
0.8971601
0.9174322
0.9101328
0.9181643
0.9056821
0.9073644
0.9004538
0.9076297
0.9131437
0.8962559
0.9031911
0.9055229
0.9054004
0.9051546
0.9054679
0.9095841
0.9059289
0.9153871
0.9138742
0.9072326
0.9235099
0.9233236
0.9147223
0.9286649
0.9100743
0.9335423
0.906975
0.9066117
0.9042249
0.9082766
0.900216
0.9147525
0.9041751
0.9047737
0.9065526
0.905737
0.9052632
0.9047164
0.9061286
0.8942741
0.9090025
0.908664
0.9120117
0.9126791
0.9018479
0.9172822
0.9114897
0.9163302
0.910289
0.9094421
0.9122612
0.9138128
0.9188194
0.9163916
0.8504889
0.8488085
0.8495478
0.8506461
0.8505388
0.8522599
0.8517088
0.9120217
0.9065465
0.9037748
0.915253
0.9237985
0.8912511
0.9174157
0.9077663
0.9181665
0.9017969
0.9078475
0.902386
0.9070782
0.9139253
0.8893657
0.9097056
0.9102722
0.9082138
0.9094737
0.9098596
0.9146394
0.9094408
0.9148869
0.906443
0.9041599
0.9188542
0.9150771
0.9130114
0.9209472
0.9027828
0.9284493
0.9048032
0.9013198
0.9063175
0.9061781
0.8931658
0.8984508
0.901434
0.9036358
0.9008516
0.9028811
0.9029498
0.9072499
0.9045078
0.9148862
0.8237069
0.7559635
0.9066071
0.8939793
0.8876864
0.813207
0.8799475
0.863104
0.8547459
0.8747208
0.8407324
0.8486788
0.9011443
0.9087884
0.8924896
0.8938495
0.8921791
0.8922012
0.892149
0.8917951
0.8930094
0.9100088
0.9072688
0.9082396
0.9125417
0.9118325
0.8978066
0.9193307
0.9109283
0.9198679
0.9082654
0.9157289
0.9046532
0.9073574
0.9152507
0.9103092
0.9017619
0.906122
0.9052556
0.9030853
0.9033512
0.9076376
0.9052189
0.9092405
0.8323879
0.8052436
0.9024207
0.8919367
0.8906477
0.8347803
0.8867392
0.857714
0.8670034
0.8839745
0.8497889
0.8553296
0.9093379
0.8939811
0.8929188
0.8921756
0.8911405
0.8917749
0.8919256
0.8955486
0.8953029
0.9069364
0.8542181
0.8641764
0.8917817
0.8834756
0.8798587
0.8793554
0.8765964
0.8831422
0.7968645
0.8662411
0.8673246
0.8730469
0.8986486
0.9053343
0.9065614
0.9062255
0.9046597
0.9050493
0.9049218
0.9096383
0.9072404
0.9093217
0.8871696
0.8837953
0.8945353
0.8738624
0.8810834
0.9030146
0.8779384
0.9022211
0.8784999
0.8857862
0.8927563
0.8948081
0.9104891
0.9000423
0.9024593
0.9025578
0.9006079
0.9027537
0.9030991
0.9119691
0.9023625
0.9084663
0.8801641
0.8827836
0.896203
0.8727153
0.8801832
0.9011726
0.8692743
0.9015745
0.8750916
0.8800844
0.8920223
0.8940927
0.9082874
0.9058659
0.9057774
0.9060677
0.9060674
0.907236
0.9072261
0.9120562
0.9077104
0.9134966
0.8259321
0.7974133
0.908872
0.8962544
0.893772
0.8265049
0.8827698
0.8597957
0.8556162
0.8774777
0.8473704
0.8489086
0.9033342
0.9130768
0.9049264
0.9064374
0.9067127
0.9055689
0.9060694
0.9063028
0.9071836
0.9114114
0.8149939
0.8461999
0.9007338
0.8900639
0.8907334
0.8578395
0.8883956
0.8418529
0.8676048
0.8747353
0.8746072
0.8751322
0.9165615
0.8996076
0.9124166
0.9112952
0.9096957
0.910037
0.9104183
0.9179696
0.9130092
0.9138202
0.8818208
0.8862575
0.8925521
0.8714833
0.8824561
0.8979693
0.8584713
0.9013377
0.8731239
0.87618
0.8929563
0.8931567
0.9026215
0.9136913
0.8989738
0.9020088
0.8994256
0.8999892
0.900018
0.9031329
0.9022486
0.9097513
0.8149213
0.8472098
0.9004863
0.8944099
0.8856138
0.8652818
0.8925917
0.8433386
0.8700073
0.8843582
0.8731916
0.8739658
0.9179686
0.9185447
0.9125394
0.9130112
0.9138273
0.9133864
0.9129542
0.9164988
0.914738
0.9191179
0.8566444
0.7977428
0.9141905
0.8996024
0.901763
0.6059772
0.8989003
0.8690609
0.8836564
0.8942048
0.8761991
0.8790642
0.9183936
0.9131998
0.9013369
0.9048717
0.9031957
0.9052749
0.9053457
0.9004711
0.9030793
0.9207099
0.9096317
0.9107495
0.9235147
0.9244178
0.9090255
0.9247181
0.9144252
0.9283606
0.9117033
0.9154479
0.9095934
0.9151156
0.9125882
0.9066751
0.9009514
0.9020833
0.8998913
0.9016459
0.9015559
0.8981569
0.9046556
0.9094636
0.8293979
0.7968372
0.900753
0.8961314
0.8871065
0.8327954
0.8820492
0.855708
0.866775
0.8801587
0.8485847
0.8521389
0.9056584
0.9121218
0.9099083
0.9086756
0.9090292
0.908864
0.908971
0.9104531
0.9105413
0.913899
0.8535458
0.8435354
0.906773
0.8921343
0.8978033
0.8603397
0.8950359
0.8704446
0.8737683
0.8907292
0.8662927
0.8662982
0.9138818
0.9120918
0.9003266
0.9017812
0.8999818
0.9020579
0.9019679
0.902991
0.9010683
0.9125897
0.8912996
0.8904891
0.9004099
0.8912579
0.8839828
0.902508
0.8889815
0.9049232
0.8910059
0.892205
0.896832
0.8977366
0.9138272
0.8978615
0.8979176
0.8995424
0.8966862
0.8983433
0.8982922
0.9012346
0.8991465
0.9107638
0.8607393
0.8650007
0.894394
0.8808984
0.8859113
0.8876525
0.8794119
0.8844257
0.7934585
0.8686444
0.8767229
0.8785576
0.9008326
0.9091737
0.9057903
0.9047413
0.9043045
0.9073362
0.9070905
0.90492
0.9069491
0.9091324
0.8817251
0.8787746
0.9006784
0.9015865
0.8917136
0.8956704
0.8955412
0.8982696
0.8785163
0.890449
0.8908146
0.8946045
0.9129592
0.8944966
0.8964433
0.8959041
0.8925702
0.8978387
0.8979079
0.8985327
0.8951831
0.9097766
0.8568711
0.8637477
0.8925118
0.8862201
0.8830143
0.8838251
0.8792547
0.8869766
0.7990628
0.8665678
0.8780425
0.880531
0.8963086
0.8984172
0.890099
0.8922885
0.888721
0.8913594
0.8913067
0.8927404
0.8908717
0.9115814
0.8523724
0.8616392
0.8920552
0.886161
0.8772627
0.8801624
0.879354
0.8811128
0.8028833
0.8667013
0.8749586
0.8768496
0.8952642
0.9025497
0.910085
0.909042
0.9095149
0.911181
0.9114051
0.9126592
0.9112272
0.9082656
0.881948
0.8822954
0.892131
0.873749
0.8794202
0.9018632
0.8714328
0.9027675
0.8770249
0.8848689
0.8912589
0.8938094
0.9088179
0.9173629
0.8834715
0.8847003
0.882494
0.8833573
0.8830155
0.8811925
0.8854886
0.9054268
0.8936936
0.8981282
0.9025844
0.906269
0.8841808
0.9052628
0.9041884
0.9029143
0.8965642
0.8972221
0.8998816
0.9010517
0.9184147
0.909667
0.8803012
0.8791022
0.8808487
0.8808103
0.8806322
0.8797517
0.8803951
0.9046696
0.8927685
0.8941921
0.8982185
0.9072959
0.8807852
0.9052773
0.8924642
0.903745
0.89104
0.8883904
0.8974147
0.9003253
0.9095733
0.9110273
0.8838722
0.8828845
0.8826927
0.884535
0.8845632
0.8872971
0.882772
0.9044736
0.8941725
0.8946009
0.9000036
0.9022097
0.8884902
0.9094958
0.8923592
0.9061335
0.8900141
0.8858757
0.9008114
0.9031086
0.9090234
0.9117668
0.8834683
0.8837115
0.8821621
0.884871
0.885063
0.8843209
0.8838039
0.9061752
0.8927261
0.8953814
0.9000395
0.9054252
0.8806179
0.9073598
0.8958086
0.9032429
0.8907959
0.8904743
0.8982053
0.9001288
0.9139967
0.9121514
0.8797191
0.8812397
0.8814567
0.8821957
0.8817322
0.8837303
0.8822754
0.9060168
0.8915568
0.8957842
0.9025765
0.9058125
0.8810169
0.9088779
0.8955379
0.9044843
0.8929406
0.8908653
0.8986325
0.8999573
0.909632
0.911852
0.8927582
0.8951616
0.8953497
0.8952052
0.8947923
0.8917409
0.8957289
0.9062302
0.8918054
0.8948974
0.9017204
0.9026248
0.8894926
0.9015832
0.8940114
0.9035341
0.8870102
0.886213
0.8991798
0.8978306
0.9146144
0.918068
0.8857472
0.8875199
0.8877869
0.8862489
0.8856984
0.8826186
0.8884359
0.9048027
0.8956888
0.8958825
0.9011161
0.9080941
0.885067
0.9039706
0.9052829
0.9022976
0.8926663
0.8909197
0.9028441
0.9057141
0.9162127
0.8987904
0.85433
0.856887
0.8552541
0.8554378
0.8551593
0.8565375
0.8582572
0.9101395
0.9017258
0.9023976
0.9125885
0.9153386
0.9043191
0.9179744
0.9012896
0.9228474
0.8992474
0.9075827
0.9025793
0.9038309
0.9002492
0.8388198
0.9008402
0.9008214
0.9010926
0.9005041
0.9010475
0.9078495
0.902603
0.9136168
0.9085585
0.9083301
0.9152208
0.9127135
0.9083669
0.9197452
0.9009584
0.92467
0.895275
0.9024104
0.9008194
0.9040426
0.7883803
0.7997507
0.9042001
0.9048574
0.9019694
0.9050135
0.9050829
0.9124633
0.9050188
0.9123037
0.8980862
0.9030061
0.9177211
0.9065373
0.9092417
0.9176649
0.8952308
0.9229124
0.8905238
0.8932304
0.8945261
0.8976087
0.8335374
0.90621
0.8979446
0.8993855
0.8975241
0.8989928
0.8980766
0.8991233
0.899114
0.9050613
0.8842086
0.8850304
0.8945176
0.8805213
0.8753771
0.8995038
0.8851579
0.8969744
0.8784861
0.8881595
0.8888374
0.892317
0.908221
0.9079865
0.8827076
0.8850125
0.8858513
0.8864598
0.8866522
0.8849662
0.886664
0.9028713
0.8906617
0.8932158
0.900285
0.9047465
0.8876734
0.9065837
0.8950811
0.9054747
0.8855411
0.8905247
0.8951001
0.894978
0.9070968
0.8989662
0.8964311
0.8993214
0.8966505
0.8978925
0.8976767
0.9000297
0.8980183
0.91899
0.914991
0.9081077
0.9184433
0.922889
0.9056469
0.9257976
0.908046
0.9291783
0.9049011
0.9131426
0.9066312
0.9110821
0.8999197
0.8966152
0.8859491
0.8870861
0.8865737
0.8862396
0.8863903
0.8923644
0.8883566
0.9054021
0.8881432
0.887327
0.9016993
0.8992968
0.8882844
0.9056238
0.8875009
0.9092855
0.8830535
0.8863093
0.8896116
0.8953563
0.8985109
0.9036893
0.8817745
0.8826807
0.8813716
0.8837226
0.8839154
0.8835389
0.881123
0.9000568
0.8837708
0.8861054
0.9011088
0.902058
0.8847365
0.8998863
0.891841
0.9014224
0.8799985
0.8803947
0.8864603
0.8921438
0.9007082
0.8979628
0.9185575
0.9187538
0.9187295
0.9186253
0.9188086
0.9247586
0.9210871
0.9179952
0.8953039
0.8948613
0.9143433
0.8996312
0.9097998
0.9100014
0.9012425
0.9150664
0.8932406
0.8841709
0.8997283
0.8990108
0.9009214
0.8997165
0.8924713
0.8918129
0.8924835
0.8942133
0.893785
0.8961507
0.8955792
0.9041994
0.8925906
0.8961795
0.9072672
0.9004228
0.8922547
0.9064837
0.8910577
0.9110913
0.8901639
0.8891049
0.895178
0.8996491
0.9001582
0.9022188
0.9116105
0.9113479
0.909905
0.9120029
0.9115644
0.916321
0.9101354
0.906646
0.8830042
0.8845275
0.8963564
0.8150068
0.8822624
0.8992303
0.867614
0.8987759
0.8744119
0.8827682
0.892366
0.8953137
0.9082338
0.8478261
0.905066
0.9074717
0.9044131
0.9076615
0.9080029
0.9102665
0.9075114
0.9150413
0.9066681
0.9004938
0.9203071
0.9112861
0.9098415
0.9205142
0.9018241
0.9246127
0.9010766
0.9004234
0.8983559
0.9057118
0.7573547
0.8426133
0.9153041
0.9163983
0.915205
0.917161
0.9167263
0.9246417
0.9167442
0.9207466
0.9120575
0.9100146
0.9220692
0.9138066
0.9209724
0.9245355
0.9031634
0.9300815
0.9025319
0.9008466
0.9100132
0.9119577
0.8153858
0.8966492
0.8882024
0.8874228
0.8855656
0.8889335
0.889205
0.8905879
0.8880003
0.9020264
0.8912278
0.8943576
0.9029029
0.902628
0.8886878
0.9077544
0.8905191
0.9091451
0.8811596
0.8829695
0.8950391
0.8962629
0.9011665
0.9070338
0.8576422
0.8598464
0.859919
0.8599618
0.8595617
0.8627943
0.8590118
0.9150611
0.9107855
0.9078188
0.9193969
0.9220269
0.9076349
0.9215278
0.9105043
0.9244833
0.9099752
0.906634
0.9054818
0.9096827
0.9066416
0.9122333
0.91896
0.916363
0.914529
0.9163131
0.9163426
0.9177399
0.9156315
0.9117831
0.8746195
0.8796346
0.9034022
0.8832834
0.8908406
0.8917943
0.8826225
0.894079
0.8734602
0.8797759
0.8942521
0.8990383
0.9147874
0.9165345
0.910094
0.9114994
0.9110408
0.9112594
0.910786
0.9122246
0.9114212
0.9155718
0.8434313
0.8158176
0.9053001
0.8942648
0.8956604
0.8390013
0.8937203
0.8603839
0.8691503
0.886703
0.8638513
0.8683338
0.9152661
0.902246
0.9114478
0.9107666
0.9094995
0.9113737
0.911057
0.9126015
0.9126467
0.9157678
0.8907137
0.8929432
0.8968319
0.881345
0.8853599
0.9011847
0.8777486
0.9068349
0.8821734
0.8888019
0.8928686
0.8959607
0.9066778
0.8951401
0.8979332
0.8990357
0.8970257
0.8971186
0.8964666
0.9010436
0.8981612
0.9076118
0.7713545
0.8059985
0.8998994
0.8841703
0.8818478
0.8399133
0.8757368
0.8372015
0.8426975
0.8640447
0.8471039
0.8541418
0.9002141
0.9062841
0.8930985
0.8939748
0.89214
0.894825
0.8945317
0.8982866
0.8948672
0.9078146
0.8204971
0.7808371
0.9004927
0.8941818
0.8815011
0.8178006
0.8826252
0.8517435
0.8561498
0.8822394
0.8325403
0.8369804
0.9044806
0.908209
0.9006109
0.9020114
0.8999928
0.9016558
0.9016058
0.9068554
0.9023682
0.9091162
0.8158868
0.8402915
0.9008082
0.8872413
0.8842217
0.8594843
0.8870997
0.8427743
0.8626578
0.8789841
0.8689507
0.8693227
0.9134447
0.9107124
0.9085708
0.9101416
0.9082355
0.9099401
0.9101636
0.9107914
0.9126227
0.9115466
0.8339293
0.759378
0.9106246
0.8959519
0.896968
0.7859641
0.8888489
0.8619195
0.8683061
0.8852187
0.8582357
0.8632039
0.9114715
0.9087376
0.8962648
0.8982722
0.8961193
0.8975612
0.8974313
0.9024294
0.89883
0.9121755
0.8396702
0.7994978
0.9022225
0.8987873
0.8850449
0.8371895
0.8892431
0.8694853
0.861724
0.8843471
0.8537532
0.8588326
0.907371
0.8874359
0.8938187
0.8953933
0.893383
0.8947059
0.8944502
0.8971897
0.8962919
0.907595
0.9007545
0.8995985
0.9140807
0.9171281
0.8958408
0.9164138
0.8990789
0.9194371
0.8940069
0.8978489
0.8932789
0.8943255
0.8927598
0.9151621
0.9186366
0.9192863
0.9190349
0.919993
0.9195677
0.9200464
0.9207223
0.9201194
0.7981662
0.8581737
0.912946
0.8997237
0.8978234
0.8776668
0.8948378
0.8064565
0.8773998
0.8916225
0.8809841
0.8847695
0.9164816
0.9110479
0.9097774
0.9094016
0.9090164
0.9096664
0.9098894
0.9156507
0.9118409
0.9150431
0.836461
0.752562
0.9123468
0.8997972
0.8981575
0.7934833
0.8887852
0.8622167
0.8672187
0.8837193
0.8581696
0.8630001
0.9143156
0.913961
0.9100546
0.9106494
0.9087465
0.9114947
0.9118338
0.9147438
0.9142076
0.9146079
0.8382066
0.7565148
0.9128947
0.8979716
0.8979427
0.7912832
0.8872606
0.8625646
0.8669556
0.8830179
0.8578397
0.865061
0.9129993
0.8964966
0.9032305
0.903963
0.9010562
0.9039997
0.9044248
0.9093922
0.9078336
0.9068104
0.8271586
0.743876
0.9047414
0.8918498
0.8902409
0.7991633
0.8813052
0.871401
0.855652
0.8750917
0.8421589
0.8488041
0.8936033
0.9168793
0.9067752
0.9062126
0.9067137
0.9077842
0.9075441
0.903838
0.9074829
0.8954285
0.909947
0.9090815
0.9122685
0.9161279
0.9068661
0.9164477
0.9141563
0.9192621
0.9149268
0.913777
0.9127047
0.9166064
0.9156689
0.9146571
0.9057358
0.9054422
0.9063705
0.9059409
0.9055444
0.9032498
0.9053662
0.893814
0.909811
0.9083345
0.9133524
0.9149594
0.905744
0.9164469
0.9155403
0.9171257
0.9149964
0.9143323
0.9133711
0.9144678
0.9186891
0.9078046
0.9069271
0.9073621
0.9057166
0.9054834
0.9054352
0.9067731
0.9082783
0.8915546
0.908687
0.9119153
0.9125332
0.90804
0.906418
0.9193925
0.9068955
0.9235175
0.9101496
0.9134335
0.9166181
0.9182843
0.9139041
0.8996136
0.9046584
0.906259
0.9040386
0.9044743
0.9049393
0.9088087
0.9074047
0.9104656
0.8637272
0.8698504
0.9017851
0.8872301
0.8961582
0.8862344
0.8802049
0.8903624
0.8249798
0.8733078
0.8817405
0.8858648
0.9011838
0.9151684
0.9169313
0.9177001
0.9166431
0.9192097
0.918783
0.9184997
0.9165521
0.9115335
0.8807316
0.8833638
0.9052248
0.8892232
0.8964554
0.8922979
0.8920915
0.8939901
0.8803048
0.8777036
0.8997627
0.8995579
0.9166782
0.9070278
0.9064614
0.908
0.9075333
0.9081502
0.9076725
0.9109066
0.909441
0.9156184
0.8300755
0.8015937
0.9110083
0.8977756
0.8950012
0.8300842
0.8860221
0.8604227
0.8607347
0.8825399
0.8519605
0.8524159
0.906098
0.911518
0.9057539
0.9069859
0.9056122
0.9053734
0.9052454
0.9105284
0.9074956
0.9096943
0.835455
0.803099
0.9043054
0.8907224
0.8889833
0.8359401
0.8834649
0.859379
0.8681084
0.8808937
0.8544948
0.8595112
0.9119033
0.9207338
0.9204637
0.9221685
0.9215432
0.9218887
0.922107
0.9240981
0.9223145
0.9204939
0.855801
0.8429749
0.9126043
0.9007717
0.9032448
0.8533037
0.9013532
0.8697262
0.8825203
0.8959804
0.8754294
0.8807128
0.9208297
0.897847
0.9076603
0.9074008
0.9068532
0.9070042
0.9071899
0.9114462
0.9077534
0.909526
0.8797856
0.8830056
0.8893705
0.8746163
0.88005
0.8955028
0.8728436
0.9015845
0.8712138
0.8828682
0.8902641
0.8913051
0.909203
0.9090308
0.9036633
0.9047807
0.9059557
0.9047772
0.9042965
0.9082851
0.9059181
0.9119855
0.8400598
0.8110804
0.9022714
0.8981194
0.8921907
0.846063
0.8874177
0.8636512
0.8712332
0.8810789
0.856546
0.8579171
0.9065098