0.
0.9052804
0.9030007
0.8965765
0.9094459
0.9078064
0.9126884
0.9140339
0.9174742
0.9172211
0.9055459
0.9027446
0.9112735
0.9085863
0.8525553
0.9046551
0.9084912
0.9122054
0.9174683
0.9306281
0.9139026
0.9190822
0.9270928
0.9079763
0.8532507
0.853563
0.8469724
0.905998
0.9164055
0.9238981
0.9229721
0.916987
0.905805
0.9154457
0.8451204
0.921261
0.9248189
0.9238568
0.9254801
0.922588
0.9231667
0.9218146
0.9235481
0.8422229
0.9167221
0.8677099
0.9044501
0.8313417
0.9156093
0.9192639
0.9214694
0.9126136
0.8368177
0.9160822
0.9199447
0.8316223
0.9126878
0.9189976
0.848398
0.8405622
0.9064108
0.9075004
0.9219981
0.9204068
0.9235113
0.9198904
0.9208034
0.9067745
0.8997932
0.8286348
0.9070883
0.8980874
0.8992723
0.9176796
0.9192894
0.9171052
0.9156077
0.9175453
0.9194386
0.92
0.9169301
0.9186969
0.9151069
0.9015168
0.9260959
0.8447135
0.8392586
0.8453039
0.9058619
0.8393013
0.9097462
0.9033398
0.9060667
0.9094142
0.9222826
0.8315709
0.9011717
0.9033857
0.9290059
0.9113684
0.9052804
0.
0.5222233
0.8793595
0.9143261
0.8760319
0.8878961
0.839819
0.8882256
0.8876566
0.8813258
0.8856396
0.8861409
0.8517518
0.9061569
0.8769647
0.89565
0.8537508
0.9079833
0.9082131
0.9208995
0.8922441
0.881114
0.8332133
0.9052391
0.9058069
0.9035986
0.9132209
0.898427
0.9148332
0.9235689
0.8523603
0.8631294
0.8924435
0.9030499
0.9208988
0.9232847
0.9247939
0.9245764
0.924352
0.9201259
0.9218077
0.9231106
0.8986401
0.889671
0.9036506
0.9115605
0.9004118
0.8602596
0.8956058
0.8979122
0.913538
0.9063428
0.879922
0.9198595
0.9022289
0.8551819
0.9212113
0.9041188
0.9013438
0.847061
0.8835822
0.8822597
0.8823022
0.883434
0.8828305
0.8799193
0.8856543
0.9121692
0.8999676
0.9037034
0.9097784
0.8626775
0.8989441
0.8945929
0.8600946
0.8588544
0.8619088
0.8680231
0.8660905
0.8600451
0.8627813
0.8888969
0.9118742
0.9242128
0.9030483
0.9028247
0.9024495
0.8858548
0.905547
0.8934553
0.8828858
0.9099083
0.913996
0.9207321
0.9022008
0.8971488
0.9048669
0.9048607
0.8998758
0.9030007
0.5222233
0.
0.8784835
0.9147517
0.8737414
0.8894176
0.8423978
0.8902666
0.89018
0.8801698
0.8847646
0.8884406
0.8543632
0.9063297
0.8783439
0.8986876
0.8570373
0.9080724
0.9081507
0.9191701
0.8937016
0.8812985
0.8339383
0.9052197
0.9053972
0.9056081
0.9124106
0.9019919
0.9139722
0.9271134
0.8559783
0.8676048
0.8917336
0.9010263
0.919591
0.9216623
0.9228974
0.922721
0.9231218
0.9193301
0.9217594
0.9232956
0.8989884
0.8891201
0.9030867
0.9102776
0.8986439
0.8631711
0.8982246
0.8999682
0.9120412
0.906868
0.8791375
0.9203512
0.8996911
0.856178
0.9198653
0.9050313
0.9024303
0.8469273
0.8826717
0.881917
0.8838043
0.8852524
0.8840891
0.8825155
0.8865935
0.9127615
0.9000754
0.9066893
0.9077092
0.8631521
0.8982682
0.8934138
0.862168
0.8632787
0.8640955
0.8675682
0.8695827
0.8643407
0.8674309
0.8890244
0.912854
0.9233883
0.9033455
0.9005213
0.9014935
0.8844583
0.9021167
0.8956188
0.883796
0.908637
0.9161103
0.920455
0.9039934
0.9011316
0.9047292
0.9018731
0.8998654
0.8965765
0.8793595
0.8784835
0.
0.8982868
0.8712359
0.8721401
0.8810939
0.8758113
0.868278
0.820683
0.8574839
0.8715613
0.877787
0.9001323
0.8532186
0.8850182
0.8882635
0.8891806
0.8943991
0.8999674
0.8815026
0.8864241
0.8746198
0.906135
0.9058437
0.9034335
0.8943467
0.8957376
0.9099316
0.910751
0.875822
0.8802138
0.8913722
0.8995958
0.904319
0.9075381
0.9073406
0.9084739
0.9086181
0.9070847
0.9057879
0.9069897
0.8982198
0.8726555
0.8955412
0.8956366
0.8934227
0.8855454
0.8863988
0.886371
0.9050547
0.900822
0.8837679
0.9041862
0.8948589
0.8807037
0.901965
0.8999679
0.8986384
0.8740331
0.8673409
0.8804139
0.87888
0.8817177
0.8798209
0.8811002
0.8709215
0.8982204
0.8906704
0.8940603
0.8966506
0.8731953
0.8976223
0.8850686
0.8861002
0.8836821
0.8871661
0.8859197
0.8877193
0.884058
0.8836346
0.8675504
0.8966358
0.9118579
0.8996873
0.8955311
0.8942711
0.8547305
0.8938823
0.8863789
0.8630778
0.8997617
0.9063574
0.9010752
0.8933846
0.8842755
0.8932249
0.8902984
0.8910174
0.9094459
0.9143261
0.9147517
0.8982868
0.
0.9115551
0.9116199
0.9140393
0.9140606
0.909348
0.9042057
0.9018583
0.9099607
0.9141996
0.9074849
0.8999247
0.8946895
0.9164852
0.9089692
0.9282361
0.9048632
0.9195882
0.9159967
0.9096326
0.9034451
0.9045255
0.9049335
0.8429711
0.9228074
0.9122117
0.8722546
0.9082778
0.9133737
0.9155685
0.9033695
0.859546
0.8634154
0.8645709
0.8642722
0.862237
0.8603265
0.8627179
0.8625497
0.9047705
0.9050541
0.9024399
0.8891218
0.9000996
0.9154274
0.9135236
0.9198038
0.9134063
0.9127012
0.9222744
0.8602437
0.9067903
0.918778
0.8618313
0.9037745
0.9052353
0.911045
0.9088432
0.916518
0.9155599
0.9180162
0.9159133
0.914939
0.9058283
0.8623167
0.9027334
0.8951368
0.8740909
0.9072522
0.916362
0.9158001
0.916737
0.9174454
0.9181668
0.9178584
0.919489
0.9153385
0.9167313
0.9093671
0.8750185
0.9114065
0.9074318
0.9064103
0.9028852
0.9000572
0.9032374
0.9016924
0.9015512
0.8681877
0.8667432
0.898356
0.9020066
0.8955121
0.8984119
0.9250847
0.9046642
0.9078064
0.8760319
0.8737414
0.8712359
0.9115551
0.
0.8959399
0.8712361
0.8934647
0.8864302
0.8766693
0.8841409
0.88624
0.8742592
0.9074009
0.8732435
0.8973011
0.8850538
0.9000171
0.9084747
0.904261
0.8958245
0.8762703
0.8649438
0.9080407
0.9080221
0.9042208
0.9003443
0.9046672
0.9087741
0.9103296
0.8693035
0.8778413
0.8984441
0.9026297
0.90785
0.9118849
0.9127277
0.9119664
0.9115572
0.9102873
0.9093301
0.9104336
0.9031191
0.8921767
0.9038081
0.9000036
0.8957495
0.8840294
0.8949484
0.8995935
0.9058783
0.9016895
0.8845469
0.9118282
0.9004093
0.882927
0.9119875
0.9062281
0.9032761
0.8691052
0.8863377
0.8860922
0.8855347
0.8841555
0.887275
0.8841409
0.8858781
0.9056287
0.9005159
0.9017771
0.8985046
0.8720833
0.8968507
0.8940237
0.8764924
0.8764644
0.8770887
0.877141
0.8782781
0.8773544
0.8766806
0.8838057
0.9058601
0.912329
0.9027075
0.9030307
0.8970363
0.8869133
0.9014465
0.8921736
0.8857471
0.9041193
0.909264
0.8994504
0.9021009
0.8933119
0.8984698
0.909485
0.8936952
0.9126884
0.8878961
0.8894176
0.8721401
0.9116199
0.8959399
0.
0.8893384
0.8218997
0.849348
0.8733773
0.7472594
0.7850661
0.8968836
0.9151957
0.8244156
0.9082553
0.8951979
0.9004388
0.8710746
0.9117772
0.8654271
0.9023758
0.8914402
0.9172672
0.9169406
0.9122333
0.9096349
0.904146
0.9190688
0.9221906
0.8907455
0.8970795
0.8995738
0.9132029
0.9166879
0.9176124
0.9165209
0.9171395
0.9161895
0.9156736
0.9161786
0.9153846
0.9127763
0.829522
0.9153361
0.9098771
0.9081818
0.8999292
0.8297371
0.8443019
0.9181492
0.915761
0.8903429
0.9184105
0.913702
0.8935234
0.9164341
0.9159451
0.9130068
0.888332
0.8383269
0.892622
0.8904512
0.8905037
0.8903319
0.8918556
0.8882161
0.9107181
0.9103497
0.9091624
0.9105842
0.888138
0.9096451
0.8602674
0.8950249
0.8940428
0.8976166
0.8952242
0.8962897
0.8941109
0.891972
0.8511258
0.9174351
0.9219347
0.9127793
0.9124982
0.9086293
0.8324625
0.9136389
0.9021001
0.7721107
0.9149408
0.9186795
0.9124942
0.910453
0.9044545
0.907771
0.8711162
0.9024339
0.9140339
0.839819
0.8423978
0.8810939
0.9140393
0.8712361
0.8893384
0.
0.8876748
0.8832069
0.882031
0.8908369
0.8929892
0.8449269
0.9155602
0.878337
0.900268
0.8520952
0.9023642
0.9020002
0.9207216
0.8904329
0.8682968
0.7957645
0.9162346
0.9166696
0.913731
0.9129315
0.903586
0.9134985
0.9227141
0.8439417
0.8682909
0.8972518
0.9147133
0.9183464
0.9191187
0.9216209
0.923332
0.923773
0.9214419
0.9219775
0.9201682
0.9136307
0.8880425
0.9079256
0.9120923
0.9082297
0.8572169
0.8947031
0.8947798
0.9169249
0.9133615
0.8783623
0.916071
0.9110471
0.8545065
0.9202297
0.9128113
0.9141664
0.8425262
0.8745312
0.8737625
0.8713259
0.8754885
0.8722017
0.8735291
0.8827561
0.9182836
0.9072257
0.90914
0.9146693
0.8567014
0.8993339
0.8952614
0.8461596
0.8433861
0.8503032
0.8449595
0.8487392
0.8454886
0.8465081
0.8820831
0.9165865
0.9222257
0.9122447
0.9117647
0.9095716
0.8857453
0.910016
0.9018375
0.8899603
0.9172272
0.9200972
0.9147267
0.9088479
0.9058051
0.9098199
0.9042362
0.8982708
0.9174742
0.8882256
0.8902666
0.8758113
0.9140606
0.8934647
0.8218997
0.8876748
0.
0.8513439
0.8776345
0.808133
0.8258744
0.8926886
0.9132948
0.8255102
0.9058807
0.8966766
0.8970284
0.8729547
0.9100623
0.8637321
0.892684
0.8873158
0.9163976
0.9158039
0.9148212
0.9129196
0.9066848
0.9177033
0.9219821
0.8882044
0.8981994
0.9036378
0.913274
0.9109735
0.9146096
0.915771
0.9151261
0.914047
0.9136896
0.9147157
0.9124029
0.9171397
0.7705022
0.9144212
0.9075537
0.9083167
0.8984045
0.7738324
0.8133657
0.9173033
0.9174031
0.8881448
0.9158141
0.9133522
0.8916946
0.9094473
0.9158706
0.911773
0.8903339
0.845765
0.8851651
0.8805302
0.8820981
0.8807385
0.8830844
0.8910146
0.9108617
0.9138369
0.9066011
0.9078878
0.8868646
0.9070971
0.8429285
0.891577
0.8925679
0.8928941
0.8919683
0.8932867
0.891802
0.8938132
0.8540477
0.9160963
0.9149706
0.9167018
0.9131835
0.9083033
0.8347875
0.9164643
0.9056987
0.8096743
0.9139424
0.917776
0.9062466
0.91444
0.903686
0.9070852
0.8663843
0.9041375
0.9172211
0.8876566
0.89018
0.868278
0.909348
0.8864302
0.849348
0.8832069
0.8513439
0.
0.8703724
0.8464988
0.8601826
0.8969907
0.9186493
0.8099275
0.8994551
0.8973794
0.8925182
0.8587342
0.9081235
0.84775
0.8874002
0.8830494
0.9190288
0.9190798
0.9173032
0.9053632
0.9036208
0.9101832
0.9127976
0.8774299
0.8976539
0.8985215
0.9156992
0.9025283
0.9071815
0.9060574
0.9075881
0.9064796
0.9041865
0.9059287
0.906879
0.9159278
0.8480332
0.9098323
0.9033829
0.90882
0.8964019
0.8517319
0.8655606
0.9163865
0.9155049
0.8855142
0.9047278
0.9143594
0.8933846
0.9058251
0.9169397
0.9129714
0.8839247
0.8194682
0.8759913
0.8768119
0.8760447
0.8778316
0.8765241
0.8806948
0.9065283
0.9132325
0.9036127
0.9054259
0.8793298
0.9004005
0.8703898
0.8890681
0.8895492
0.889044
0.8909691
0.8915796
0.8883344
0.8878021
0.662564
0.9169533
0.9107013
0.9124749
0.9106851
0.9081932
0.8086425
0.9087103
0.8982574
0.8434209
0.9091297
0.9152339
0.9013712
0.9060654
0.9014592
0.9059119
0.8562082
0.8970401
0.9055459
0.8813258
0.8801698
0.820683
0.9042057
0.8766693
0.8733773
0.882031
0.8776345
0.8703724
0.
0.8652344
0.8733037
0.8844871
0.907501
0.8590636
0.8957079
0.8869525
0.8988089
0.8950018
0.9074008
0.8791331
0.8892182
0.8782978
0.9101565
0.9102523
0.9077926
0.9050223
0.9013499
0.9126234
0.9170232
0.8859513
0.8860257
0.8951094
0.9061028
0.9113701
0.912783
0.9135117
0.9124251
0.9126146
0.909972
0.9102517
0.9103603
0.9018904
0.873851
0.9063732
0.8985728
0.9006904
0.8860892
0.8829379
0.8886908
0.9069146
0.900409
0.8786492
0.9104083
0.9006561
0.8864159
0.9122
0.9053539
0.9051045
0.8761648
0.866796
0.8850772
0.8835567
0.884924
0.8837617
0.8835101
0.8759972
0.9070956
0.8969684
0.8948824
0.9024875
0.878705
0.9037903
0.8849728
0.8882816
0.8880463
0.8878189
0.8912254
0.8911211
0.8887849
0.8882523
0.8734283
0.9043766
0.9132902
0.905077
0.9019193
0.9031545
0.8609994
0.9034668
0.8927822
0.8647712
0.9075963
0.9129681
0.9035279
0.9035765
0.8901095
0.8913067
0.898518
0.8949539
0.9027446
0.8856396
0.8847646
0.8574839
0.9018583
0.8841409
0.7472594
0.8908369
0.808133
0.8464988
0.8652344
0.
0.6978003
0.8918426
0.8990891
0.81
0.8942955
0.894554
0.8906915
0.8712127
0.9027251
0.8608597
0.8936285
0.8849262
0.9055944
0.9049522
0.9029747
0.9001088
0.8968223
0.9151068
0.9133628
0.8847217
0.8920114
0.8930716
0.9006837
0.9095511
0.9062848
0.90868
0.9065732
0.9052099
0.905425
0.9048609
0.9060609
0.9022451
0.8135945
0.9022812
0.8936427
0.8941651
0.8956219
0.8268467
0.8421778
0.9095865
0.9067387
0.8887774
0.9086768
0.9039234
0.8922289
0.9079349
0.9055193
0.9000431
0.8854401
0.8348814
0.8861023
0.8831337
0.8815301
0.8828181
0.8842907
0.8851996
0.8977608
0.9010353
0.8928767
0.8949746
0.8762418
0.9018442
0.856118
0.8895175
0.8898009
0.8899723
0.8913091
0.8915632
0.8874151
0.8872404
0.8501898
0.9022054
0.9110578
0.9008492
0.8985884
0.8948582
0.821207
0.903471
0.8935283
0.7491133
0.9065969
0.9114959
0.8973486
0.897608
0.8890623
0.8923657
0.8730532
0.8951668
0.9112735
0.8861409
0.8884406
0.8715613
0.9099607
0.88624
0.7850661
0.8929892
0.8258744
0.8601826
0.8733037
0.6978003
0.
0.895854
0.9098219
0.8269399
0.9007955
0.8961215
0.8988915
0.8836468
0.9065089
0.8688049
0.8985803
0.886234
0.9099348
0.9097606
0.9073759
0.9089964
0.9046397
0.9175087
0.9204812
0.8878481
0.8943297
0.8984854
0.9074378
0.9153294
0.9175695
0.9169477
0.91475
0.9157396
0.9136265
0.9157694
0.9161626
0.9068405
0.8330509
0.9105993
0.9015722
0.9022139
0.8982489
0.8426711
0.8550064
0.914832
0.9099996
0.894198
0.9167998
0.9118628
0.8954623
0.9134896
0.9083319
0.9072158
0.8922188
0.8499071
0.8916771
0.8905988
0.8906517
0.8910708
0.8902348
0.8874301
0.9076552
0.9031693
0.8992167
0.9035072
0.8874294
0.906588
0.862069
0.8916341
0.893381
0.8926782
0.8959146
0.8971412
0.8899475
0.8920501
0.863388
0.9103041
0.9179074
0.908349
0.9080009
0.9032799
0.8336733
0.9067969
0.9023477
0.7792058
0.9129956
0.9188732
0.908174
0.9066748
0.8959405
0.8992712
0.8806671
0.905163
0.9085863
0.8517518
0.8543632
0.877787
0.9141996
0.8742592
0.8968836
0.8449269
0.8926886
0.8969907
0.8844871
0.8918426
0.895854
0.
0.9084472
0.8830645
0.8969585
0.8632024
0.905724
0.908601
0.923395
0.8980422
0.8855003
0.84
0.9095515
0.9096854
0.9081636
0.9107866
0.9021123
0.9128013
0.9245479
0.8617041
0.8641627
0.8984543
0.9047822
0.9246711
0.9272911
0.9281987
0.9266299
0.9263348
0.9233715
0.9249063
0.926773
0.9036376
0.8945784
0.9099821
0.9151309
0.9054603
0.8691134
0.8937875
0.9012985
0.9149824
0.9059432
0.8765954
0.9221412
0.9057573
0.7961079
0.9198805
0.904436
0.9031321
0.8579771
0.8874973
0.8805661
0.8800914
0.8794151
0.880539
0.8814031
0.8873214
0.9125258
0.9035315
0.9091525
0.9137258
0.8695763
0.8956879
0.8988784
0.8643691
0.8652172
0.8677128
0.8692994
0.8681283
0.8637028
0.8664818
0.8944442
0.9127724
0.9270279
0.9060493
0.9011263
0.9032521
0.8871995
0.9060852
0.8961709
0.8888292
0.9115925
0.9182403
0.9200823
0.9058469
0.9020798
0.9072169
0.9110087
0.9012393
0.8525553
0.9061569
0.9063297
0.9001323
0.9074849
0.9074009
0.9151957
0.9155602
0.9132948
0.9186493
0.907501
0.8990891
0.9098219
0.9084472
0.
0.8986139
0.9032671
0.9138112
0.9142206
0.9326742
0.9091689
0.921759
0.9220984
0.910572
0.801432
0.8028743
0.8017868
0.8983039
0.9209352
0.9208448
0.9203549
0.9145365
0.9033642
0.9146099
0.8040699
0.9175796
0.9194555
0.9214392
0.920242
0.919772
0.9205527
0.9187277
0.9208166
0.7972442
0.9137194
0.8699875
0.8948633
0.8373302
0.9171627
0.9182759
0.9246493
0.9138537
0.853282
0.9197252
0.9143659
0.8522868
0.912844
0.9119356
0.7987687
0.7941834
0.9067011
0.9072089
0.9151798
0.9177688
0.9160345
0.9180044
0.9157598
0.9076825
0.9021343
0.8370269
0.9076956
0.8949416
0.9036222
0.922903
0.9161633
0.9193672
0.9168561
0.9188595
0.9208236
0.9217552
0.9200643
0.9191403
0.9166579
0.9015886
0.9236775
0.8592697
0.8538292
0.8532226
0.9090877
0.8426488
0.9070874
0.9072951
0.9039754
0.912051
0.9135887
0.8403568
0.9015972
0.9056638
0.9309495
0.9128216
0.9046551
0.8769647
0.8783439
0.8532186
0.8999247
0.8732435
0.8244156
0.878337
0.8255102
0.8099275
0.8590636
0.81
0.8269399
0.8830645
0.8986139
0.
0.8874086
0.8850139
0.8857553
0.8491076
0.9024434
0.8317241
0.8848897
0.8760089
0.9019468
0.9028731
0.9055488
0.8992273
0.8966631
0.9118557
0.9117418
0.871509
0.8852941
0.8918426
0.8990561
0.9058667
0.9065628
0.9089159
0.9057968
0.9065459
0.9061503
0.9063565
0.9058928
0.9022013
0.8327542
0.9004296
0.8926688
0.89159
0.8890491
0.844389
0.8534273
0.909315
0.9084512
0.8788985
0.9034803
0.9009634
0.889244
0.9020939
0.9013509
0.9039342
0.8755479
0.7976395
0.8775968
0.8756154
0.877365
0.876238
0.8765053
0.8708801
0.89876
0.8977039
0.8915376
0.8934262
0.8742245
0.9008621
0.8575154
0.8787736
0.8792734
0.880225
0.8841074
0.881546
0.8785418
0.8763881
0.8138455
0.9031128
0.9103309
0.9010422
0.8970726
0.8934612
0.7233946
0.8977768
0.8897134
0.8061844
0.9024653
0.9089678
0.8983944
0.8995103
0.8890219
0.8908631
0.8490978
0.8916076
0.9084912
0.89565
0.8986876
0.8850182
0.8946895
0.8973011
0.9082553
0.900268
0.9058807
0.8994551
0.8957079
0.8942955
0.9007955
0.8969585
0.9032671
0.8874086
0.
0.9024789
0.9012222
0.9190532
0.9004119
0.9043276
0.8965703
0.8982936
0.9041722
0.9045072
0.9028045
0.8969413
0.9054339
0.9012696
0.9041013
0.8954434
0.8992638
0.898105
0.9059034
0.892276
0.8994555
0.8966962
0.8960063
0.8951374
0.8945831
0.8963353
0.8973765
0.9043194
0.8995018
0.8945683
0.8909617
0.8969557
0.9070864
0.9089855
0.9096487
0.9043984
0.912476
0.9083172
0.8969976
0.8990968
0.8990039
0.8946279
0.9042237
0.9022373
0.889862
0.8994477
0.9000425
0.9029685
0.9038054
0.9031485
0.9018721
0.8870169
0.8993135
0.8954701
0.8941258
0.8927879
0.8848712
0.9024173
0.9092279
0.9055914
0.9028222
0.907022
0.9030441
0.9069223
0.904037
0.90369
0.8951204
0.9003654
0.9031852
0.9018598
0.9017873
0.8971154
0.888981
0.8978504
0.8408249
0.8921074
0.8996904
0.9046649
0.8905209
0.8980364
0.8895452
0.8964374
0.9168087
0.8487617
0.9122054
0.8537508
0.8570373
0.8882635
0.9164852
0.8850538
0.8951979
0.8520952
0.8966766
0.8973794
0.8869525
0.894554
0.8961215
0.8632024
0.9138112
0.8850139
0.9024789
0.
0.9094537
0.9084209
0.9247592
0.8993629
0.8852429
0.8437138
0.9162686
0.9165497
0.9138519
0.9144107
0.9062052
0.9189904
0.9241808
0.8642607
0.8698011
0.9032678
0.9106377
0.9165967
0.9196139
0.9202579
0.9205166
0.9188657
0.9211799
0.9179026
0.9225403
0.9114799
0.9000425
0.9142526
0.918066
0.9084119
0.8773011
0.9043371
0.9008125
0.9123683
0.9132541
0.8860081
0.916528
0.910061
0.8633091
0.9200946
0.9110309
0.9076667
0.8586335
0.887491
0.8844929
0.8864803
0.8866888
0.8866809
0.8869491
0.8943136
0.9159607
0.9046517
0.9132546
0.9143297
0.8710599
0.9005705
0.9011279
0.8682366
0.8663524
0.8701715
0.8713962
0.8718238
0.8656678
0.8637132
0.8960398
0.9152729
0.9302531
0.9107212
0.9105431
0.9085925
0.8871918
0.9153032
0.9042425
0.893569
0.9111537
0.9181422
0.9156614
0.9096875
0.9072425
0.9116743
0.9116737
0.903884
0.9174683
0.9079833
0.9080724
0.8891806
0.9089692
0.9000171
0.9004388
0.9023642
0.8970284
0.8925182
0.8988089
0.8906915
0.8988915
0.905724
0.9142206
0.8857553
0.9012222
0.9094537
0.
0.9131874
0.9130525
0.9039057
0.8994625
0.8995131
0.9192967
0.9193093
0.9203026
0.9059335
0.9072445
0.9140999
0.912916
0.8946965
0.9073093
0.8926721
0.9169575
0.9044586
0.9037958
0.9043488
0.9032906
0.9038544
0.9048097
0.9046188
0.9063629
0.9190686
0.8943295
0.9127209
0.8986608
0.912865
0.9138295
0.9016926
0.9092758
0.9172301
0.9235844
0.9080616
0.9052398
0.9143582
0.9097409
0.9085019
0.920955
0.9152398
0.9047554
0.898045
0.9000994
0.9047587
0.9030628
0.904595
0.9016052
0.8967655
0.9106312
0.9156453
0.899586
0.906023
0.8997367
0.9147729
0.9015353
0.9098361
0.9066169
0.9084885
0.904924
0.9079834
0.9065533
0.9070478
0.8924381
0.9175839
0.9113537
0.9192232
0.9152769
0.9144146
0.8838561
0.9128436
0.9037823
0.8900374
0.9127685
0.9178353
0.8941327
0.9164528
0.8974484
0.9016807
0.9140854
0.8987572
0.9306281
0.9082131
0.9081507
0.8943991
0.9282361
0.9084747
0.8710746
0.9020002
0.8729547
0.8587342
0.8950018
0.8712127
0.8836468
0.908601
0.9326742
0.8491076
0.9190532
0.9084209
0.9131874
0.
0.9256519
0.8333766
0.9027281
0.9061567
0.9332532
0.9332212
0.9318931
0.9245045
0.9214308
0.9229148
0.9296829
0.9002976
0.9167786
0.9142996
0.9321203
0.9273334
0.9284022
0.9296911
0.9272042
0.9281452
0.9263162
0.9277977
0.9259193
0.9335037
0.8697459
0.9264249
0.9233529
0.9266454
0.9140399
0.8771503
0.8806151
0.9251268
0.9306041
0.9013754
0.9260538
0.9316714
0.9109193
0.9269305
0.9314975
0.9303697
0.9049494
0.8486971
0.899723
0.8948627
0.8967819
0.8954778
0.8985705
0.9104431
0.9290755
0.9279529
0.9214306
0.9231911
0.9062522
0.9178998
0.8817113
0.9018973
0.9007324
0.9031329
0.9043126
0.9026038
0.9033643
0.8992574
0.860676
0.9298246
0.9263689
0.928061
0.9251088
0.9237435
0.8570276
0.9269349
0.9154499
0.8701851
0.9254276
0.9301643
0.9195549
0.9246332
0.9213045
0.9252245
0.8232261
0.9139185
0.9139026
0.9208995
0.9191701
0.8999674
0.9048632
0.904261
0.9117772
0.9207216
0.9100623
0.9081235
0.9074008
0.9027251
0.9065089
0.923395
0.9091689
0.9024434
0.9004119
0.9247592
0.9130525
0.9256519
0.
0.9158188
0.9122688
0.9209688
0.9158191
0.9162597
0.9126644
0.9015356
0.9210194
0.9081209
0.9096989
0.9133298
0.9186986
0.9175578
0.9096609
0.8997703
0.9020876
0.9049335
0.9052636
0.9039221
0.9031118
0.9024189
0.9023546
0.9138061
0.9103792
0.9038247
0.8758167
0.904207
0.9241078
0.9174858
0.9194987
0.9151674
0.9163354
0.9239553
0.9023386
0.9098603
0.9212046
0.9005331
0.9132071
0.908175
0.9154213
0.9118904
0.9214343
0.9237552
0.9211515
0.9244743
0.9224573
0.9112938
0.9031609
0.9024974
0.8970632
0.8962626
0.9109007
0.9201979
0.9164497
0.9181287
0.9170005
0.9179974
0.9169156
0.91914
0.9184904
0.9167793
0.909622
0.9029657
0.9106045
0.9124038
0.9092091
0.9109127
0.8992021
0.9053849
0.9038037
0.9040389
0.9092418
0.9113888
0.8926317
0.9103446
0.894685
0.8972812
0.9271867
0.9024504
0.9190822
0.8922441
0.8937016
0.8815026
0.9195882
0.8958245
0.8654271
0.8904329
0.8637321
0.84775
0.8791331
0.8608597
0.8688049
0.8980422
0.921759
0.8317241
0.9043276
0.8993629
0.9039057
0.8333766
0.9158188
0.
0.8990419
0.8930335
0.9224473
0.9225704
0.9255102
0.9185261
0.9078824
0.9201649
0.9213868
0.8951469
0.9033045
0.9031412
0.9195153
0.920091
0.9214773
0.9237093
0.9227969
0.9242807
0.9209262
0.9218846
0.9232489
0.9235083
0.8633705
0.9173804
0.9161151
0.9143025
0.9018131
0.8696607
0.8751564
0.9185117
0.9199651
0.8925562
0.9202228
0.9168678
0.8993286
0.9212554
0.9214037
0.9214085
0.8929421
0.8416546
0.8892663
0.8901987
0.8908776
0.8903931
0.8913641
0.89503
0.918653
0.9140803
0.9114765
0.9198409
0.897251
0.9152748
0.8774288
0.8946381
0.8931495
0.8955852
0.8929105
0.8940205
0.894707
0.8923821
0.8494853
0.9205853
0.9230142
0.9183581
0.9125141
0.9111462
0.8368527
0.9194865
0.9099065
0.8593085
0.9209672
0.9198021
0.9185634
0.9185478
0.9080889
0.9104059
0.8587417
0.9103036
0.9270928
0.881114
0.8812985
0.8864241
0.9159967
0.8762703
0.9023758
0.8682968
0.892684
0.8874002
0.8892182
0.8936285
0.8985803
0.8855003
0.9220984
0.8848897
0.8965703
0.8852429
0.8994625
0.9027281
0.9122688
0.8990419
0.
0.8724662
0.9232907
0.9232635
0.9237925
0.9152214
0.9066356
0.9072973
0.9197116
0.8695042
0.8878806
0.8978529
0.9210489
0.9099926
0.9133053
0.9131142
0.9121419
0.9129357
0.9148622
0.9124511
0.9126834
0.9218949
0.8920949
0.9126269
0.9042569
0.9129685
0.8879604
0.895336
0.9005425
0.9173057
0.9232562
0.8900086
0.9098481
0.9200538
0.8888009
0.9105174
0.918295
0.9183883
0.8750595
0.8892736
0.8798016
0.8809808
0.8828432
0.882319
0.8819434
0.8899458
0.9195337
0.9162404
0.9061142
0.9160443
0.8826967
0.8995889
0.8975807
0.8780506
0.8770797
0.8773017
0.877766
0.8777693
0.8767504
0.8762313
0.8834944
0.9166309
0.9132552
0.9197953
0.915821
0.9159229
0.882877
0.9145713
0.9017502
0.8922732
0.9201517
0.9189696
0.9012725
0.9130636
0.9038462
0.9075126
0.9030344
0.9001281
0.9079763
0.8332133
0.8339383
0.8746198
0.9096326
0.8649438
0.8914402
0.7957645
0.8873158
0.8830494
0.8782978
0.8849262
0.886234
0.84
0.910572
0.8760089
0.8982936
0.8437138
0.8995131
0.9061567
0.9209688
0.8930335
0.8724662
0.
0.9116137
0.9117855
0.9077818
0.9131103
0.9005578
0.9139346
0.9220906
0.8377203
0.8604779
0.8941424
0.9086244
0.9173771
0.92119
0.9210084
0.9209912
0.9196925
0.9183016
0.9190414
0.9214484
0.9074835
0.8852011
0.9036338
0.9093756
0.9038584
0.8517554
0.8915074
0.8943052
0.9135807
0.9106787
0.8701752
0.9166311
0.9060168
0.8415997
0.9161006
0.9088122
0.9041145
0.842123
0.8775629
0.8693058
0.8711327
0.8672641
0.870659
0.869202
0.8831649
0.9129563
0.9027927
0.9033692
0.9074002
0.8527962
0.8969319
0.8959226
0.840863
0.8378074
0.8430602
0.8439493
0.8439395
0.8412257
0.8389333
0.8846639
0.9152174
0.9179683
0.9054925
0.9052443
0.9050536
0.8795977
0.9031381
0.8931845
0.8847674
0.9101528
0.9152674
0.9127553
0.9039934
0.8985284
0.9005617
0.9036873
0.9011113
0.8532507
0.9052391
0.9052197
0.906135
0.9034451
0.9080407
0.9172672
0.9162346
0.9163976
0.9190288
0.9101565
0.9055944
0.9099348
0.9095515
0.801432
0.9019468
0.9041722
0.9162686
0.9192967
0.9332532
0.9158191
0.9224473
0.9232907
0.9116137
0.
0.0220531
0.6784607
0.9024726
0.9177877
0.924048
0.9180091
0.9147482
0.9080359
0.9155043
0.7946785
0.917575
0.9230544
0.924409
0.924113
0.9233753
0.9230094
0.9205094
0.92221
0.7871689
0.9174293
0.8689129
0.8983335
0.8422727
0.9200814
0.922486
0.9273525
0.9154457
0.8563027
0.9200697
0.9154688
0.8507845
0.9133523
0.909991
0.7986071
0.7881259
0.9100156
0.9100131
0.9166434
0.9179539
0.9180654
0.9172854
0.9198594
0.9058807
0.9005378
0.829387
0.9080767
0.8977139
0.9028827
0.9185785
0.9211193
0.9197882
0.9170766
0.9198459
0.9213649
0.923241
0.9190091
0.9165521
0.9175225
0.8991149
0.9234792
0.8505437
0.846474
0.8498368
0.9088491
0.8430935
0.9063518
0.9031762
0.9047705
0.9105089
0.9161864
0.842901
0.9060321
0.9057594
0.9332075
0.9122597
0.853563
0.9058069
0.9053972
0.9058437
0.9045255
0.9080221
0.9169406
0.9166696
0.9158039
0.9190798
0.9102523
0.9049522
0.9097606
0.9096854
0.8028743
0.9028731
0.9045072
0.9165497
0.9193093
0.9332212
0.9162597
0.9225704
0.9232635
0.9117855
0.0220531
0.
0.677629
0.9025758
0.9173868
0.9245017
0.9184412
0.9154935
0.908516
0.9155576
0.7952995
0.9178675
0.9231837
0.924498
0.9244767
0.9237799
0.9235713
0.9205618
0.9223794
0.7866942
0.9172537
0.8692498
0.8984805
0.8418591
0.9205481
0.9218603
0.9271013
0.915985
0.8566135
0.9202326
0.9154071
0.8515331
0.9137889
0.9100882
0.7983742
0.7894259
0.9099571
0.9099548
0.9173389
0.9180054
0.9180791
0.9172995
0.9199096
0.9066799
0.9003233
0.8304449
0.9086877
0.8981736
0.9030631
0.9187436
0.9213183
0.9204442
0.917851
0.92035
0.921528
0.9234398
0.9194018
0.9168721
0.9175745
0.8992605
0.9246359
0.8508598
0.8471015
0.8498519
0.9089459
0.8432003
0.9060312
0.9028071
0.9053817
0.9111475
0.9169424
0.8426136
0.9067176
0.9065718
0.9331756
0.912468
0.8469724
0.9035986
0.9056081
0.9034335
0.9049335
0.9042208
0.9122333
0.913731
0.9148212
0.9173032
0.9077926
0.9029747
0.9073759
0.9081636
0.8017868
0.9055488
0.9028045
0.9138519
0.9203026
0.9318931
0.9126644
0.9255102
0.9237925
0.9077818
0.6784607
0.677629
0.
0.8954089
0.917505
0.9174759
0.9195076
0.9130419
0.9115475
0.9181009
0.7931007
0.9211132
0.9232622
0.923515
0.9223946
0.9222047
0.9201435
0.9206036
0.9196177
0.7777066
0.9142937
0.8651673
0.8979822
0.8343556
0.9158432
0.9217865
0.9242398
0.9153928
0.8482372
0.9163525
0.9166489
0.8509559
0.9100099
0.9104515
0.7931546
0.7855842
0.907456
0.9066096
0.9178727
0.9191389
0.9194766
0.9194859
0.9182587
0.9054121
0.8993062
0.8249683
0.9038434
0.8952381
0.9037871
0.9161664
0.9185085
0.9150927
0.9161458
0.9150798
0.9179267
0.9203487
0.9159454
0.9141264
0.9180718
0.8963652
0.9213027
0.847609
0.8433771
0.8450339
0.9029766
0.8347356
0.9058571
0.9026691
0.9039455
0.9120477
0.9168703
0.8332443
0.9014807
0.9035002
0.934043
0.9114466
0.905998
0.9132209
0.9124106
0.8943467
0.8429711
0.9003443
0.9096349
0.9129315
0.9129196
0.9053632
0.9050223
0.9001088
0.9089964
0.9107866
0.8983039
0.8992273
0.8969413
0.9144107
0.9059335
0.9245045
0.9015356
0.9185261
0.9152214
0.9131103
0.9024726
0.9025758
0.8954089
0.
0.9212939
0.9122486
0.8693648
0.9078393
0.9104165
0.9103144
0.8995116
0.8570309
0.8580111
0.858471
0.8593352
0.8573842
0.8582239
0.8554661
0.859454
0.9026529
0.9055623
0.8951757
0.8868269
0.897943
0.9187356
0.913575
0.9192005
0.9135319
0.9080651
0.9236306
0.8601971
0.8995191
0.915318
0.8603346
0.9044664
0.8984247
0.9105627
0.9078278
0.9177879
0.9190703
0.9219195
0.9186231
0.9186743
0.9043757
0.8592999
0.897782
0.8936328
0.8704404
0.9037954
0.9144383
0.9183939
0.9162456
0.9167318
0.9157689
0.9156407
0.9185696
0.9167616
0.9154266
0.9064838
0.8758101
0.9088249
0.9029889
0.9015229
0.9007506
0.8954877
0.8974939
0.8987471
0.8991578
0.8675924
0.8709978
0.8938955
0.8942107
0.8882602
0.8937303
0.9246207
0.902223
0.9164055
0.898427
0.9019919
0.8957376
0.9228074
0.9046672
0.904146
0.903586
0.9066848
0.9036208
0.9013499
0.8968223
0.9046397
0.9021123
0.9209352
0.8966631
0.9054339
0.9062052
0.9072445
0.9214308
0.9210194
0.9078824
0.9066356
0.9005578
0.9177877
0.9173868
0.917505
0.9212939
0.
0.9240124
0.9293519
0.9089183
0.9044766
0.8599178
0.9145815
0.926216
0.9270545
0.9261472
0.9260471
0.9275284
0.9267793
0.9267198
0.9275399
0.9127068
0.9073789
0.9167335
0.9147254
0.9159862
0.9062303
0.9097097
0.9153992
0.9198301
0.9168972
0.9046722
0.927512
0.9135915
0.9015162
0.9233648
0.9145872
0.9148006
0.9017838
0.9000247
0.9050593
0.904951
0.9079844
0.9056217
0.9056637
0.8947779
0.9189914
0.9125088
0.9150142
0.9147656
0.9043988
0.9170742
0.9129218
0.9072057
0.9053196
0.9090337
0.9091132
0.9100059
0.9076314
0.9057963
0.903991
0.9195192
0.9271687
0.9145723
0.9169297
0.9141838
0.8987914
0.9154698
0.908482
0.8988621
0.9240436
0.9269787
0.9226855
0.9169905
0.9096155
0.9170966
0.913438
0.9070278
0.9238981
0.9148332
0.9139722
0.9099316
0.9122117
0.9087741
0.9190688
0.9134985
0.9177033
0.9101832
0.9126234
0.9151068
0.9175087
0.9128013
0.9208448
0.9118557
0.9012696
0.9189904
0.9140999
0.9229148
0.9081209
0.9201649
0.9072973
0.9139346
0.924048
0.9245017
0.9174759
0.9122486
0.9240124
0.
0.915362
0.9081893
0.9141182
0.9194962
0.92454
0.9066289
0.9028482
0.9043298
0.9031741
0.9039072
0.9030411
0.9044848
0.9045052
0.9202582
0.9144639
0.9085521
0.912074
0.9161915
0.9140733
0.921965
0.9193818
0.9016984
0.9227152
0.9191878
0.9051198
0.9183787
0.9138644
0.9057383
0.9178976
0.9162215
0.9098805
0.9108596
0.9150419
0.9165183
0.9189965
0.9168632
0.9157621
0.9087587
0.9156483
0.9166725
0.9104067
0.9102035
0.906075
0.9119153
0.9147494
0.913861
0.9161697
0.9136621
0.9114931
0.9148128
0.9133836
0.9124176
0.9066079
0.9175492
0.8816892
0.9152795
0.9150917
0.9144801
0.9110086
0.9120879
0.907145
0.9177822
0.9153458
0.9126406
0.9047144
0.9153817
0.9101763
0.9133725
0.9236877
0.9008736
0.9229721
0.9235689
0.9271134
0.910751
0.8722546
0.9103296
0.9221906
0.9227141
0.9219821
0.9127976
0.9170232
0.9133628
0.9204812
0.9245479
0.9203549
0.9117418
0.9041013
0.9241808
0.912916
0.9296829
0.9096989
0.9213868
0.9197116
0.9220906
0.9180091
0.9184412
0.9195076
0.8693648
0.9293519
0.915362
0.
0.9131849
0.9196172
0.9174395
0.9200155
0.8734967
0.8745813
0.8743475
0.8743864
0.8740037
0.875599
0.8771763
0.8759649
0.919524
0.9204474
0.9162589
0.9038183
0.9152424
0.920035
0.9210864
0.9253958
0.9208786
0.9254674
0.9279164
0.8739713
0.9198999
0.9230662
0.8761887
0.9189812
0.9146884
0.9186727
0.9195531
0.9267813
0.9246045
0.9239762
0.9249422
0.925182
0.9167194
0.8809849
0.9139922
0.9092869
0.8871891
0.9140172
0.9205751
0.9218907
0.9223795
0.9190842
0.9212692
0.9206722
0.9219819
0.9217227
0.9208777
0.9151729
0.898622
0.9111373
0.9185037
0.9199732
0.918381
0.9082228
0.916858
0.9092914
0.9146384
0.8860064
0.8868704
0.9018838
0.9149433
0.9049403
0.9066676
0.92784
0.9082633
0.916987
0.8523603
0.8559783
0.875822
0.9082778
0.8693035
0.8907455
0.8439417
0.8882044
0.8774299
0.8859513
0.8847217
0.8878481
0.8617041
0.9145365
0.871509
0.8954434
0.8642607
0.8946965
0.9002976
0.9133298
0.8951469
0.8695042
0.8377203
0.9147482
0.9154935
0.9130419
0.9078393
0.9089183
0.9081893
0.9131849
0.
0.8674184
0.8925093
0.9151825
0.9048221
0.9098952
0.9113142
0.9076752
0.9106098
0.9081909
0.9082728
0.9078532
0.9141371
0.8857638
0.9095047
0.9028015
0.9082948
0.8676113
0.8904963
0.8940598
0.9127708
0.9174885
0.881786
0.9083725
0.9133685
0.864986
0.9080613
0.9152959
0.9131685
0.8491633
0.8817298
0.8718444
0.8786334
0.8779463
0.88014
0.8741926
0.8840495
0.9161679
0.9069368
0.9025958
0.9045214
0.8556374
0.8964579
0.8920596
0.8585413
0.8530846
0.8595641
0.8609102
0.8615396
0.8581508
0.856361
0.8821165
0.91326
0.9130752
0.910426
0.9056272
0.9121187
0.880067
0.9033173
0.8911086
0.8845216
0.9098481
0.9134035
0.9026962
0.9089154
0.8961086
0.8991734
0.9030915
0.8939768
0.905805
0.8631294
0.8676048
0.8802138
0.9133737
0.8778413
0.8970795
0.8682909
0.8981994
0.8976539
0.8860257
0.8920114
0.8943297
0.8641627
0.9033642
0.8852941
0.8992638
0.8698011
0.9073093
0.9167786
0.9186986
0.9033045
0.8878806
0.8604779
0.9080359
0.908516
0.9115475
0.9104165
0.9044766
0.9141182
0.9196172
0.8674184
0.
0.8981823
0.9037998
0.9165942
0.9209195
0.9213638
0.9216189
0.9214296
0.9209138
0.9194954
0.9206682
0.9046775
0.8978959
0.9040028
0.9114352
0.9024561
0.8768643
0.9025345
0.9075149
0.9158053
0.9072824
0.8947498
0.9196422
0.903611
0.8651775
0.9154274
0.9038873
0.9039372
0.8601383
0.8904402
0.8931922
0.8974107
0.8929982
0.8981751
0.8936365
0.8916186
0.9118827
0.8993491
0.9119997
0.9092562
0.8673991
0.8959262
0.9019122
0.8753605
0.8749685
0.878703
0.8798906
0.8762567
0.8730515
0.8757089
0.8956215
0.9090425
0.9217575
0.9052253
0.9030333
0.9039398
0.8926363
0.9043675
0.8983443
0.8903933
0.908301
0.916655
0.9163586
0.9038557
0.9077227
0.9078628
0.9114383
0.9053006
0.9154457
0.8924435
0.8917336
0.8913722
0.9155685
0.8984441
0.8995738
0.8972518
0.9036378
0.8985215
0.8951094
0.8930716
0.8984854
0.8984543
0.9146099
0.8918426
0.898105
0.9032678
0.8926721
0.9142996
0.9175578
0.9031412
0.8978529
0.8941424
0.9155043
0.9155576
0.9181009
0.9103144
0.8599178
0.9194962
0.9174395
0.8925093
0.8981823
0.
0.9154409
0.912
0.9157009
0.9137711
0.9148711
0.9152214
0.9156947
0.9139075
0.91588
0.9148276
0.8946622
0.9116593
0.9086095
0.9107529
0.8978788
0.9029838
0.9116922
0.9165783
0.9212838
0.90185
0.9163313
0.9104594
0.9018379
0.9159952
0.9171705
0.9153536
0.8915628
0.894877
0.8983726
0.8993182
0.9002671
0.8992697
0.9006983
0.881982
0.9158414
0.9093288
0.9052707
0.9097251
0.8930885
0.9142299
0.9063012
0.9068917
0.9027195
0.9040392
0.9028618
0.902271
0.9040796
0.9040065
0.8995622
0.9158468
0.9202968
0.9108092
0.9114797
0.9129427
0.8916806
0.9117429
0.9015873
0.8887054
0.9170974
0.9184352
0.9100172
0.9095861
0.9037731
0.905088
0.9136409
0.9030299
0.8451204
0.9030499
0.9010263
0.8995958
0.9033695
0.9026297
0.9132029
0.9147133
0.913274
0.9156992
0.9061028
0.9006837
0.9074378
0.9047822
0.8040699
0.8990561
0.9059034
0.9106377
0.9169575
0.9321203
0.9096609
0.9195153
0.9210489
0.9086244
0.7946785
0.7952995
0.7931007
0.8995116
0.9145815
0.92454
0.9200155
0.9151825
0.9037998
0.9154409
0.
0.9234294
0.9227832
0.9249725
0.9250293
0.9245283
0.9249487
0.9223262
0.9259612
0.7617125
0.9151968
0.8659591
0.8947136
0.826087
0.9126441
0.9200392
0.9242034
0.9100512
0.8448505
0.9168801
0.9194676
0.848736
0.9083073
0.9139719
0.7677605
0.7607591
0.9065824
0.9085708
0.9201862
0.9171805
0.9183159
0.91704
0.9186429
0.90051
0.8979958
0.8257699
0.9057982
0.8950742
0.9046166
0.9176508
0.9173808
0.9152728
0.9144534
0.9157192
0.9185426
0.9199479
0.9153628
0.9160322
0.9190652
0.897333
0.9244892
0.8394846
0.8444326
0.8410963
0.9038778
0.8353994
0.9072412
0.8991457
0.9026434
0.9107743
0.9181979
0.8333205
0.9033686
0.902423
0.9322233
0.913716
0.921261
0.9208988
0.919591
0.904319
0.859546
0.90785
0.9166879
0.9183464
0.9109735
0.9025283
0.9113701
0.9095511
0.9153294
0.9246711
0.9175796
0.9058667
0.892276
0.9165967
0.9044586
0.9273334
0.8997703
0.920091
0.9099926
0.9173771
0.917575
0.9178675
0.9211132
0.8570309
0.926216
0.9066289
0.8734967
0.9048221
0.9165942
0.912
0.9234294
0.
0.5932498
0.5976892
0.5870552
0.5874444
0.5993368
0.5880506
0.5979387
0.9216573
0.9104209
0.903384
0.8921094
0.9171001
0.9192177
0.9147845
0.917382
0.9165532
0.9286887
0.9240063
0.8509351
0.9162794
0.9201946
0.8507551
0.9172921
0.9183344
0.9099816
0.9101792
0.9163548
0.9155564
0.9204948
0.9165519
0.9178588
0.9121639
0.870969
0.9157844
0.9002836
0.877697
0.9065954
0.9125367
0.9154914
0.9173729
0.9161703
0.9175149
0.9162787
0.9199927
0.9162396
0.9128709
0.9034055
0.8878134
0.9024372
0.9186464
0.9163095
0.9135784
0.9067139
0.9119606
0.9029789
0.911653
0.875182
0.8712176
0.8879493
0.9143322
0.8952445
0.9009635
0.9231267
0.9013643
0.9248189
0.9232847
0.9216623
0.9075381
0.8634154
0.9118849
0.9176124
0.9191187
0.9146096
0.9071815
0.912783
0.9062848
0.9175695
0.9272911
0.9194555
0.9065628
0.8994555
0.9196139
0.9037958
0.9284022
0.9020876
0.9214773
0.9133053
0.92119
0.9230544
0.9231837
0.9232622
0.8580111
0.9270545
0.9028482
0.8745813
0.9098952
0.9209195
0.9157009
0.9227832
0.5932498
0.
0.5008227
0.4907946
0.4937837
0.4892571
0.4682578
0.4904391
0.9239386
0.9100723
0.9061132
0.898493
0.9193226
0.9234072
0.913614
0.9154346
0.917736
0.928681
0.9250415
0.856813
0.9185335
0.9223319
0.8522785
0.9237881
0.9211703
0.9131586
0.911431
0.9173965
0.9182467
0.923013
0.9179045
0.9196409
0.9144159
0.8756094
0.9172813
0.9035631
0.8811907
0.9126999
0.9107517
0.9160984
0.9162426
0.9181274
0.9186004
0.9193106
0.9201328
0.9160588
0.9173081
0.9045827
0.8891979
0.904956
0.9223059
0.9191263
0.9178636
0.9086581
0.9155496
0.9026648
0.911304
0.879367
0.8700131
0.8935136
0.9175121
0.8990039
0.9046111
0.9241203
0.9037937
0.9238568
0.9247939
0.9228974
0.9073406
0.8645709
0.9127277
0.9165209
0.9216209
0.915771
0.9060574
0.9135117
0.90868
0.9169477
0.9281987
0.9214392
0.9089159
0.8966962
0.9202579
0.9043488
0.9296911
0.9049335
0.9237093
0.9131142
0.9210084
0.924409
0.924498
0.923515
0.858471
0.9261472
0.9043298
0.8743475
0.9113142
0.9213638
0.9137711
0.9249725
0.5976892
0.5008227
0.
0.2853589
0.2791776
0.4742869
0.4684538
0.4883845
0.9251413
0.9147854
0.9057115
0.8960174
0.9190615
0.9231105
0.9161147
0.9175314
0.9204981
0.9299923
0.9259513
0.856824
0.9189458
0.9211339
0.853414
0.9248586
0.9199574
0.9150444
0.9125583
0.919021
0.9188484
0.9222504
0.9200709
0.9214133
0.9173726
0.8734094
0.9148511
0.9031929
0.8820218
0.9138733
0.9122801
0.9176031
0.9180778
0.9178242
0.9195214
0.9172232
0.9190819
0.9171827
0.9152119
0.9061209
0.8870678
0.9018806
0.9209002
0.9197387
0.9167617
0.9083823
0.9142773
0.9045693
0.9118353
0.8820881
0.8743199
0.8924475
0.9178846
0.8990444
0.9044492
0.9270351
0.9067382
0.9254801
0.9245764
0.922721
0.9084739
0.8642722
0.9119664
0.9171395
0.923332
0.9151261
0.9075881
0.9124251
0.9065732
0.91475
0.9266299
0.920242
0.9057968
0.8960063
0.9205166
0.9032906
0.9272042
0.9052636
0.9227969
0.9121419
0.9209912
0.924113
0.9244767
0.9223946
0.8593352
0.9260471
0.9031741
0.8743864
0.9076752
0.9216189
0.9148711
0.9250293
0.5870552
0.4907946
0.2853589
0.
0.2578038
0.4617602
0.4566118
0.4721997
0.9258282
0.9137433
0.9041269
0.8953577
0.920302
0.9230126
0.9158668
0.9157895
0.9183944
0.9276972
0.927011
0.8553188
0.9173365
0.9209991
0.8518577
0.9247203
0.9208124
0.9156706
0.9108736
0.9169241
0.9178147
0.9235933
0.9185697
0.919796
0.9157312
0.8737556
0.9152417
0.9029068
0.8801497
0.9112549
0.9127517
0.9167271
0.9171937
0.9171781
0.9187179
0.916098
0.9196979
0.9164561
0.9156392
0.9048304
0.8857307
0.9010439
0.9200923
0.9186866
0.9162315
0.9069682
0.9157903
0.9030673
0.9107836
0.8789987
0.8705986
0.8891024
0.9179506
0.8983521
0.9047404
0.9246199
0.9053711
0.922588
0.924352
0.9231218
0.9086181
0.862237
0.9115572
0.9161895
0.923773
0.914047
0.9064796
0.9126146
0.9052099
0.9157396
0.9263348
0.919772
0.9065459
0.8951374
0.9188657
0.9038544
0.9281452
0.9039221
0.9242807
0.9129357
0.9196925
0.9233753
0.9237799
0.9222047
0.8573842
0.9275284
0.9039072
0.8740037
0.9106098
0.9214296
0.9152214
0.9245283
0.5874444
0.4937837
0.2791776
0.2578038
0.
0.4745176
0.4661891
0.4835035
0.9238267
0.9115811
0.9050381
0.8940076
0.9174322
0.9235309
0.915072
0.9173596
0.9178122
0.9289292
0.9261357
0.8559608
0.9183335
0.9209646
0.8529493
0.923482
0.9194675
0.9167003
0.9117409
0.9180244
0.918128
0.9236804
0.9184524
0.9207763
0.9166422
0.8705145
0.9135478
0.9036659
0.8812226
0.9128924
0.911822
0.9157401
0.9182613
0.9174137
0.9196262
0.9170094
0.9191472
0.9172075
0.9154748
0.9056952
0.8857547
0.8989999
0.9181099
0.918847
0.9153486
0.9067856
0.9148629
0.9031593
0.9099226
0.8781516
0.8687242
0.8893892
0.9180298
0.8981085
0.9035976
0.9252114
0.9050654
0.9231667
0.9201259
0.9193301
0.9070847
0.8603265
0.9102873
0.9156736
0.9214419
0.9136896
0.9041865
0.909972
0.905425
0.9136265
0.9233715
0.9205527
0.9061503
0.8945831
0.9211799
0.9048097
0.9263162
0.9031118
0.9209262
0.9148622
0.9183016
0.9230094
0.9235713
0.9201435
0.8582239
0.9267793
0.9030411
0.875599
0.9081909
0.9209138
0.9156947
0.9249487
0.5993368
0.4892571
0.4742869
0.4617602
0.4745176
0.
0.4634597
0.4659646
0.922429
0.9117841
0.9029318
0.8942876
0.9196701
0.9212426
0.91337
0.9154679
0.9177689
0.9267552
0.9289001
0.8559511
0.919324
0.9194252
0.8548336
0.9223368
0.9192227
0.913312
0.9119439
0.9189621
0.9186329
0.9209412
0.9186821
0.9210022
0.9136511
0.8716704
0.9144727
0.9008174
0.8825327
0.9118495
0.9112254
0.9159743
0.9186119
0.9179238
0.9173303
0.9188299
0.9198511
0.916688
0.9171036
0.9047373
0.8909644
0.9045504
0.9202463
0.9190406
0.916265
0.9052573
0.9126925
0.9023402
0.9096863
0.8775127
0.8704807
0.8922328
0.9197379
0.8998204
0.9028664
0.9214371
0.9051981
0.9218146
0.9218077
0.9217594
0.9057879
0.8627179
0.9093301
0.9161786
0.9219775
0.9147157
0.9059287
0.9102517
0.9048609
0.9157694
0.9249063
0.9187277
0.9063565
0.8963353
0.9179026
0.9046188
0.9277977
0.9024189
0.9218846
0.9124511
0.9190414
0.9205094
0.9205618
0.9206036
0.8554661
0.9267198
0.9044848
0.8771763
0.9082728
0.9194954
0.9139075
0.9223262
0.5880506
0.4682578
0.4684538
0.4566118
0.4661891
0.4634597
0.
0.4658426
0.9220168
0.9112227
0.9041203
0.8956512
0.9170244
0.924518
0.9133253
0.9171497
0.9174098
0.9284568
0.9271433
0.8558855
0.9177194
0.9208636
0.8538259
0.921108
0.9179798
0.9134665
0.9089004
0.9185191
0.9197946
0.9220962
0.9203885
0.9189971
0.9142836
0.8699654
0.9129808
0.9020726
0.8802024
0.908057
0.910263
0.9180832
0.9163071
0.9167671
0.9183465
0.9179476
0.9177867
0.9147727
0.9139919
0.9059118
0.8857797
0.9032
0.9181338
0.9191082
0.91518
0.9040056
0.9130097
0.9029824
0.9084351
0.8774667
0.8689671
0.8908526
0.9165376
0.8969458
0.9012994
0.9239037
0.9008005
0.9235481
0.9231106
0.9232956
0.9069897
0.8625497
0.9104336
0.9153846
0.9201682
0.9124029
0.906879
0.9103603
0.9060609
0.9161626
0.926773
0.9208166
0.9058928
0.8973765
0.9225403
0.9063629
0.9259193
0.9023546
0.9232489
0.9126834
0.9214484
0.92221
0.9223794
0.9196177
0.859454
0.9275399
0.9045052
0.8759649
0.9078532
0.9206682
0.91588
0.9259612
0.5979387
0.4904391
0.4883845
0.4721997
0.4835035
0.4659646
0.4658426
0.
0.9232494
0.9099324
0.9059299
0.8962907
0.9185581
0.9247601
0.9136347
0.916125
0.9179899
0.9294474
0.9261101
0.8570031
0.9180769
0.922002
0.8567847
0.9229513
0.9188931
0.9120992
0.9117712
0.9212604
0.9221765
0.9247835
0.9231158
0.9217316
0.9155529
0.8718695
0.9143396
0.9028371
0.8778565
0.911756
0.9128903
0.9172194
0.918916
0.9193331
0.9188193
0.9178273
0.9215715
0.9177069
0.917885
0.9058537
0.8857755
0.9051743
0.9193631
0.9181103
0.9147752
0.9086782
0.9140469
0.9011733
0.9096325
0.8794679
0.8746985
0.8913661
0.9168943
0.8995994
0.9049199
0.9224365
0.9065922
0.8422229
0.8986401
0.8989884
0.8982198
0.9047705
0.9031191
0.9127763
0.9136307
0.9171397
0.9159278
0.9018904
0.9022451
0.9068405
0.9036376
0.7972442
0.9022013
0.9043194
0.9114799
0.9190686
0.9335037
0.9138061
0.9235083
0.9218949
0.9074835
0.7871689
0.7866942
0.7777066
0.9026529
0.9127068
0.9202582
0.919524
0.9141371
0.9046775
0.9148276
0.7617125
0.9216573
0.9239386
0.9251413
0.9258282
0.9238267
0.922429
0.9220168
0.9232494
0.
0.9148117
0.8599604
0.8974829
0.8315801
0.9146817
0.9216674
0.923463
0.9089766
0.8379444
0.9150127
0.9178087
0.8387417
0.9121987
0.9119352
0.7529842
0.7153583
0.9036304
0.9080165
0.9165085
0.9168392
0.91828
0.9161668
0.9162923
0.9024627
0.8966782
0.8215906
0.9075325
0.894528
0.9031817
0.9166961
0.9198407
0.9164987
0.9141046
0.9173638
0.9216357
0.9214733
0.9178925
0.9189065
0.9184593
0.893305
0.925761
0.8454432
0.8389801
0.8453382
0.9066419
0.8351088
0.9039469
0.9008684
0.9010754
0.9090094
0.9163197
0.8340115
0.8983493
0.9040437
0.9321689
0.9137505
0.9167221
0.889671
0.8891201
0.8726555
0.9050541
0.8921767
0.829522
0.8880425
0.7705022
0.8480332
0.873851
0.8135945
0.8330509
0.8945784
0.9137194
0.8327542
0.8995018
0.9000425
0.8943295
0.8697459
0.9103792
0.8633705
0.8920949
0.8852011
0.9174293
0.9172537
0.9142937
0.9055623
0.9073789
0.9144639
0.9204474
0.8857638
0.8978959
0.8946622
0.9151968
0.9104209
0.9100723
0.9147854
0.9137433
0.9115811
0.9117841
0.9112227
0.9099324
0.9148117
0.
0.9093315
0.9031502
0.9101945
0.8993112
0.6537151
0.8177763
0.9154886
0.920184
0.8936698
0.908673
0.9139337
0.8973178
0.909648
0.9146278
0.9141932
0.8893471
0.8485579
0.8894978
0.883897
0.8876421
0.8848964
0.885005
0.890943
0.9087621
0.9117689
0.9003321
0.9058533
0.8858278
0.905524
0.844734
0.8885266
0.8917452
0.8924279
0.8909039
0.8921082
0.8884305
0.8907286
0.8556185
0.9104616
0.9168787
0.9146894
0.9117261
0.910198
0.8383819
0.9109499
0.9013904
0.8148049
0.9099035
0.9165641
0.9024116
0.9108325
0.9009558
0.9000289
0.8696264
0.9001623
0.8677099
0.9036506
0.9030867
0.8955412
0.9024399
0.9038081
0.9153361
0.9079256
0.9144212
0.9098323
0.9063732
0.9022812
0.9105993
0.9099821
0.8699875
0.9004296
0.8945683
0.9142526
0.9127209
0.9264249
0.9038247
0.9173804
0.9126269
0.9036338
0.8689129
0.8692498
0.8651673
0.8951757
0.9167335
0.9085521
0.9162589
0.9095047
0.9040028
0.9116593
0.8659591
0.903384
0.9061132
0.9057115
0.9041269
0.9050381
0.9029318
0.9041203
0.9059299
0.8599604
0.9093315
0.
0.8946079
0.8590278
0.9114966
0.9153265
0.9198151
0.9088193
0.8647745
0.9160319
0.9057241
0.855924
0.9116374
0.8974731
0.8653253
0.8651261
0.9070445
0.9083643
0.908755
0.9123096
0.9133693
0.91282
0.9115339
0.9046856
0.8997166
0.8491212
0.9050461
0.8895571
0.8980091
0.9131323
0.9148699
0.9135829
0.9126511
0.9139539
0.9161556
0.9171849
0.9139774
0.9139538
0.9066115
0.8973754
0.9119558
0.8544708
0.8576829
0.8542406
0.899539
0.8523243
0.8967325
0.9027207
0.8955953
0.9070564
0.9084122
0.8548091
0.8989645
0.9041879
0.9281631
0.9054264
0.9044501
0.9115605
0.9102776
0.8956366
0.8891218
0.9000036
0.9098771
0.9120923
0.9075537
0.9033829
0.8985728
0.8936427
0.9015722
0.9151309
0.8948633
0.8926688
0.8909617
0.918066
0.8986608
0.9233529
0.8758167
0.9161151
0.9042569
0.9093756
0.8983335
0.8984805
0.8979822
0.8868269
0.9147254
0.912074
0.9038183
0.9028015
0.9114352
0.9086095
0.8947136
0.8921094
0.898493
0.8960174
0.8953577
0.8940076
0.8942876
0.8956512
0.8962907
0.8974829
0.9031502
0.8946079
0.
0.8879405
0.9162261
0.9129012
0.9170235
0.9072995
0.9066395
0.9214828
0.8954509
0.895656
0.9165036
0.8914766
0.8999024
0.897951
0.9045898
0.9046812
0.9153259
0.9170443
0.9189189
0.9183565
0.9151863
0.900588
0.8926449
0.8901913
0.8825052
0.8838859
0.8957648
0.9139201
0.9137527
0.9110282
0.9130046
0.9113316
0.9150484
0.9167559
0.911506
0.9102652
0.9063241
0.8934202
0.9044896
0.8959985
0.8921052
0.8961082
0.8939958
0.8928388
0.8941361
0.8979651
0.9027443
0.8990688
0.8797612
0.8933103
0.8767603
0.8805079
0.9232445
0.8978036
0.8313417
0.9004118
0.8986439
0.8934227
0.9000996
0.8957495
0.9081818
0.9082297
0.9083167
0.90882
0.9006904
0.8941651
0.9022139
0.9054603
0.8373302
0.89159
0.8969557
0.9084119
0.912865
0.9266454
0.904207
0.9143025
0.9129685
0.9038584
0.8422727
0.8418591
0.8343556
0.897943
0.9159862
0.9161915
0.9152424
0.9082948
0.9024561
0.9107529
0.826087
0.9171001
0.9193226
0.9190615
0.920302
0.9174322
0.9196701
0.9170244
0.9185581
0.8315801
0.9101945
0.8590278
0.8879405
0.
0.9110067
0.9131538
0.9159803
0.9102736
0.8161556
0.9138183
0.9076085
0.8338567
0.9093581
0.9059735
0.8353957
0.8258077
0.9003083
0.9018847
0.9117842
0.914873
0.9152824
0.9156372
0.9139934
0.8978569
0.8941611
0.7936135
0.9003711
0.8912865
0.8977714
0.9104221
0.9166494
0.9137624
0.9140153
0.9127259
0.916011
0.9165039
0.9137738
0.9116914
0.9077684
0.8881708
0.9194084
0.8309838
0.8186391
0.8267961
0.8946656
0.8060632
0.9019946
0.896537
0.9023851
0.9053158
0.9095023
0.7935787
0.896278
0.8952112
0.9258372
0.9075486
0.9156093
0.8602596
0.8631711
0.8855454
0.9154274
0.8840294
0.8999292
0.8572169
0.8984045
0.8964019
0.8860892
0.8956219
0.8982489
0.8691134
0.9171627
0.8890491
0.9070864
0.8773011
0.9138295
0.9140399
0.9241078
0.9018131
0.8879604
0.8517554
0.9200814
0.9205481
0.9158432
0.9187356
0.9062303
0.9140733
0.920035
0.8676113
0.8768643
0.8978788
0.9126441
0.9192177
0.9234072
0.9231105
0.9230126
0.9235309
0.9212426
0.924518
0.9247601
0.9146817
0.8993112
0.9114966
0.9162261
0.9110067
0.
0.9007593
0.9016769
0.9139815
0.9139122
0.8888492
0.9226942
0.9115267
0.8690724
0.9177397
0.9157136
0.9140617
0.8689936
0.8944625
0.887538
0.8886432
0.8888135
0.8896326
0.8876834
0.8896964
0.9124396
0.9130173
0.9134915
0.9161616
0.8762785
0.9030372
0.9012959
0.8711032
0.8708724
0.8699445
0.8714197
0.8726298
0.8729614
0.8709937
0.8958051
0.9171316
0.9197758
0.9116815
0.9122047
0.9108634
0.8921206
0.914314
0.9036558
0.896459
0.9153538
0.917967
0.9182716
0.9148146
0.9114906
0.912726
0.9131131
0.9066029
0.9192639
0.8956058
0.8982246
0.8863988
0.9135236
0.8949484
0.8297371
0.8947031
0.7738324
0.8517319
0.8829379
0.8268467
0.8426711
0.8937875
0.9182759
0.844389
0.9089855
0.9043371
0.9016926
0.8771503
0.9174858
0.8696607
0.895336
0.8915074
0.922486
0.9218603
0.9217865
0.913575
0.9097097
0.921965
0.9210864
0.8904963
0.9025345
0.9029838
0.9200392
0.9147845
0.913614
0.9161147
0.9158668
0.915072
0.91337
0.9133253
0.9136347
0.9216674
0.6537151
0.9153265
0.9129012
0.9131538
0.9007593
0.
0.8248989
0.9187624
0.9212816
0.8947944
0.9148463
0.9170845
0.8968683
0.9159258
0.9215889
0.920053
0.8942933
0.8538136
0.8911974
0.8883574
0.8880533
0.8887906
0.8885465
0.8968516
0.9167316
0.916728
0.9073697
0.9154366
0.8930179
0.911814
0.8481449
0.8907174
0.891667
0.8950167
0.8952066
0.8931707
0.8898326
0.8932222
0.8579841
0.9228555
0.9198907
0.9173681
0.9176086
0.9184172
0.8442991
0.917551
0.9058404
0.8247868
0.919605
0.9211536
0.906864
0.9189568
0.907132
0.9085914
0.8760189
0.9057059
0.9214694
0.8979122
0.8999682
0.886371
0.9198038
0.8995935
0.8443019
0.8947798
0.8133657
0.8655606
0.8886908
0.8421778
0.8550064
0.9012985
0.9246493
0.8534273
0.9096487
0.9008125
0.9092758
0.8806151
0.9194987
0.8751564
0.9005425
0.8943052
0.9273525
0.9271013
0.9242398
0.9192005
0.9153992
0.9193818
0.9253958
0.8940598
0.9075149
0.9116922
0.9242034
0.917382
0.9154346
0.9175314
0.9157895
0.9173596
0.9154679
0.9171497
0.916125
0.923463
0.8177763
0.9198151
0.9170235
0.9159803
0.9016769
0.8248989
0.
0.9189428
0.9261433
0.892648
0.9182792
0.9233018
0.9015479
0.9189351
0.9239187
0.9219244
0.8974622
0.8574877
0.8906526
0.889152
0.8906162
0.888406
0.8889085
0.9016723
0.9196715
0.9211086
0.9162746
0.9157778
0.8958548
0.9114427
0.859576
0.8974658
0.8949269
0.8992598
0.9000459
0.8957972
0.8951922
0.8979642
0.8660358
0.9225053
0.918189
0.9216531
0.9190088
0.9199944
0.8563459
0.9222226
0.9101147
0.8421249
0.9206565
0.9245159
0.9165156
0.9195194
0.914878
0.9151738
0.8785699
0.9086574
0.9126136
0.913538
0.9120412
0.9050547
0.9134063
0.9058783
0.9181492
0.9169249
0.9173033
0.9163865
0.9069146
0.9095865
0.914832
0.9149824
0.9138537
0.909315
0.9043984
0.9123683
0.9172301
0.9251268
0.9151674
0.9185117
0.9173057
0.9135807
0.9154457
0.915985
0.9153928
0.9135319
0.9198301
0.9016984
0.9208786
0.9127708
0.9158053
0.9165783
0.9100512
0.9165532
0.917736
0.9204981
0.9183944
0.9178122
0.9177689
0.9174098
0.9179899
0.9089766
0.9154886
0.9088193
0.9072995
0.9102736
0.9139815
0.9187624
0.9189428
0.
0.9147777
0.9197058
0.9175415
0.9073123
0.9137736
0.9157403
0.9131795
0.9077003
0.9112348
0.9130285
0.9202302
0.9170843
0.916971
0.9187526
0.9196477
0.9072441
0.911932
0.9097372
0.9052416
0.9117038
0.9051309
0.9154954
0.9193028
0.9192061
0.9180412
0.9183002
0.9203762
0.9211076
0.919705
0.917607
0.9132318
0.9116442
0.9042094
0.9070237
0.9085856
0.9064808
0.9135939
0.9111691
0.9047781
0.9114108
0.9129845
0.9155646
0.9064396
0.9115466
0.9017669
0.9056417
0.9270858
0.9037157
0.8368177
0.9063428
0.906868
0.900822
0.9127012
0.9016895
0.915761
0.9133615
0.9174031
0.9155049
0.900409
0.9067387
0.9099996
0.9059432
0.853282
0.9084512
0.912476
0.9132541
0.9235844
0.9306041
0.9163354
0.9199651
0.9232562
0.9106787
0.8563027
0.8566135
0.8482372
0.9080651
0.9168972
0.9227152
0.9254674
0.9174885
0.9072824
0.9212838
0.8448505
0.9286887
0.928681
0.9299923
0.9276972
0.9289292
0.9267552
0.9284568
0.9294474
0.8379444
0.920184
0.8647745
0.9066395
0.8161556
0.9139122
0.9212816
0.9261433
0.9147777
0.
0.9167252
0.9225021
0.8444005
0.9108925
0.9154092
0.8500916
0.8476684
0.906501
0.9087615
0.9199188
0.9176705
0.9197509
0.9182111
0.92
0.9035389
0.9018479
0.8101979
0.9097162
0.9023038
0.9044952
0.9158133
0.9221661
0.9185969
0.9172458
0.9208224
0.9197232
0.9232066
0.9202904
0.91806
0.9158618
0.8994574
0.9279276
0.8405362
0.8367237
0.8344533
0.9091815
0.8266384
0.9115915
0.9048661
0.9062736
0.9135287
0.9233644
0.8119848
0.9028913
0.9077129
0.9311523
0.9091778
0.9160822
0.879922
0.8791375
0.8837679
0.9222744
0.8845469
0.8903429
0.8783623
0.8881448
0.8855142
0.8786492
0.8887774
0.894198
0.8765954
0.9197252
0.8788985
0.9083172
0.8860081
0.9080616
0.9013754
0.9239553
0.8925562
0.8900086
0.8701752
0.9200697
0.9202326
0.9163525
0.9236306
0.9046722
0.9191878
0.9279164
0.881786
0.8947498
0.90185
0.9168801
0.9240063
0.9250415
0.9259513
0.927011
0.9261357
0.9289001
0.9271433
0.9261101
0.9150127
0.8936698
0.9160319
0.9214828
0.9138183
0.8888492
0.8947944
0.892648
0.9197058
0.9167252
0.
0.9274751
0.9123789
0.8848392
0.9224888
0.9159953
0.9153849
0.8774685
0.87614
0.7487216
0.7502988
0.7504286
0.7508454
0.7554833
0.8829936
0.9218326
0.9133983
0.9098071
0.9190352
0.8892276
0.9025636
0.8958136
0.8815331
0.8794908
0.8809549
0.8822281
0.8816196
0.8822726
0.8813681
0.8870669
0.9177512
0.9297462
0.9132539
0.9127076
0.9081525
0.8835966
0.9123931
0.9038303
0.887146
0.9211023
0.9247028
0.9178491
0.911971
0.9090043
0.9123013
0.8993347
0.9011552
0.9199447
0.9198595
0.9203512
0.9041862
0.8602437
0.9118282
0.9184105
0.916071
0.9158141
0.9047278
0.9104083
0.9086768
0.9167998
0.9221412
0.9143659
0.9034803
0.8969976
0.916528
0.9052398
0.9260538
0.9023386
0.9202228
0.9098481
0.9166311
0.9154688
0.9154071
0.9166489
0.8601971
0.927512
0.9051198
0.8739713
0.9083725
0.9196422
0.9163313
0.9194676
0.8509351
0.856813
0.856824
0.8553188
0.8559608
0.8559511
0.8558855
0.8570031
0.9178087
0.908673
0.9057241
0.8954509
0.9076085
0.9226942
0.9148463
0.9182792
0.9175415
0.9225021
0.9274751
0.
0.9164908
0.9189914
0.7946
0.9160916
0.9144236
0.9111611
0.9128194
0.9193418
0.9195535
0.922883
0.9195245
0.9205609
0.9120334
0.8681252
0.9104767
0.8985348
0.8742402
0.904858
0.9128595
0.9144628
0.9195784
0.9197145
0.9210471
0.9178355
0.918561
0.9198258
0.917584
0.903026
0.8842675
0.9051113
0.9147334
0.9146538
0.9099383
0.9055697
0.9104274
0.9018493
0.9106798
0.8698981
0.8675971
0.8917855
0.908029
0.8950626
0.9006487
0.9214363
0.9034389
0.8316223
0.9022289
0.8996911
0.8948589
0.9067903
0.9004093
0.913702
0.9110471
0.9133522
0.9143594
0.9006561
0.9039234
0.9118628
0.9057573
0.8522868
0.9009634
0.8990968
0.910061
0.9143582
0.9316714
0.9098603
0.9168678
0.9200538
0.9060168
0.8507845
0.8515331
0.8509559
0.8995191
0.9135915
0.9183787
0.9198999
0.9133685
0.903611
0.9104594
0.848736
0.9162794
0.9185335
0.9189458
0.9173365
0.9183335
0.919324
0.9177194
0.9180769
0.8387417
0.9139337
0.855924
0.895656
0.8338567
0.9115267
0.9170845
0.9233018
0.9073123
0.8444005
0.9123789
0.9164908
0.
0.9107825
0.9137783
0.8507284
0.8460927
0.9046717
0.9076043
0.9133817
0.9141764
0.916038
0.9147996
0.9146577
0.8998455
0.8986884
0.8264004
0.9016148
0.8946459
0.898694
0.9143221
0.9170776
0.9108075
0.9106807
0.912226
0.915861
0.9148658
0.9117825
0.9107499
0.9152154
0.8941151
0.9212111
0.8460521
0.8402306
0.8385306
0.9058786
0.8361044
0.902399
0.9010143
0.8994316
0.9077717
0.9142402
0.8312077
0.8984208
0.8997444
0.9298936
0.906322
0.9126878
0.8551819
0.856178
0.8807037
0.918778
0.882927
0.8935234
0.8545065
0.8916946
0.8933846
0.8864159
0.8922289
0.8954623
0.7961079
0.912844
0.889244
0.8990039
0.8633091
0.9097409
0.9109193
0.9212046
0.8993286
0.8888009
0.8415997
0.9133523
0.9137889
0.9100099
0.915318
0.9015162
0.9138644
0.9230662
0.864986
0.8651775
0.9018379
0.9083073
0.9201946
0.9223319
0.9211339
0.9209991
0.9209646
0.9194252
0.9208636
0.922002
0.9121987
0.8973178
0.9116374
0.9165036
0.9093581
0.8690724
0.8968683
0.9015479
0.9137736
0.9108925
0.8848392
0.9189914
0.9107825
0.
0.9159411
0.9093776
0.9086248
0.8602522
0.8910849
0.8853951
0.8838413
0.8844863
0.8838461
0.8835956
0.8936147
0.9161336
0.9048821
0.9115316
0.9119543
0.8736186
0.8952571
0.9020928
0.8648115
0.8659512
0.8681211
0.8723056
0.8715413
0.8633115
0.8683788
0.8909752
0.9113167
0.923421
0.9093251
0.9070834
0.9090845
0.8876134
0.9072819
0.8953294
0.8932651
0.910022
0.9178159
0.9161456
0.9068504
0.9051017
0.909247
0.910033
0.9012572
0.9189976
0.9212113
0.9198653
0.901965
0.8618313
0.9119875
0.9164341
0.9202297
0.9094473
0.9058251
0.9122
0.9079349
0.9134896
0.9198805
0.9119356
0.9020939
0.8946279
0.9200946
0.9085019
0.9269305
0.9005331
0.9212554
0.9105174
0.9161006
0.909991
0.9100882
0.9104515
0.8603346
0.9233648
0.9057383
0.8761887
0.9080613
0.9154274
0.9159952
0.9139719
0.8507551
0.8522785
0.853414
0.8518577
0.8529493
0.8548336
0.8538259
0.8567847
0.9119352
0.909648
0.8974731
0.8914766
0.9059735
0.9177397
0.9159258
0.9189351
0.9157403
0.9154092
0.9224888
0.7946
0.9137783
0.9159411
0.
0.9143313
0.9074741
0.9134557
0.9113929
0.9173335
0.9175494
0.9187658
0.9183587
0.9195491
0.9129706
0.8648823
0.909775
0.9030452
0.8730949
0.9012917
0.9085161
0.9130527
0.9174055
0.9153144
0.9168527
0.9145281
0.9173052
0.9160357
0.9122206
0.9067076
0.8792204
0.9024382
0.9070897
0.9105527
0.9094727
0.9002416
0.9056686
0.8978606
0.9043619
0.8685599
0.874211
0.8918166
0.907164
0.8965429
0.8985449
0.9247218
0.8981614
0.848398
0.9041188
0.9050313
0.8999679
0.9037745
0.9062281
0.9159451
0.9128113
0.9158706
0.9169397
0.9053539
0.9055193
0.9083319
0.904436
0.7987687
0.9013509
0.9042237
0.9110309
0.920955
0.9314975
0.9132071
0.9214037
0.918295
0.9088122
0.7986071
0.7983742
0.7931546
0.9044664
0.9145872
0.9178976
0.9189812
0.9152959
0.9038873
0.9171705
0.7677605
0.9172921
0.9237881
0.9248586
0.9247203
0.923482
0.9223368
0.921108
0.9229513
0.7529842
0.9146278
0.8653253
0.8999024
0.8353957
0.9157136
0.9215889
0.9239187
0.9131795
0.8500916
0.9159953
0.9160916
0.8507284
0.9093776
0.9143313
0.
0.7488234
0.9074107
0.9079146
0.916192
0.9158052
0.9185052
0.9157424
0.9175929
0.9047973
0.9046079
0.8379715
0.9100537
0.9013631
0.9065202
0.9198441
0.9182912
0.9164076
0.9159391
0.9150304
0.9170283
0.9194802
0.9163461
0.9160976
0.9157807
0.8974174
0.9256708
0.848088
0.8512381
0.8457023
0.9038101
0.8332259
0.9068759
0.9047906
0.9038023
0.9061446
0.9173126
0.841812
0.9035013
0.9094423
0.9321468
0.9147144
0.8405622
0.9013438
0.9024303
0.8986384
0.9052353
0.9032761
0.9130068
0.9141664
0.911773
0.9129714
0.9051045
0.9000431
0.9072158
0.9031321
0.7941834
0.9039342
0.9022373
0.9076667
0.9152398
0.9303697
0.908175
0.9214085
0.9183883
0.9041145
0.7881259
0.7894259
0.7855842
0.8984247
0.9148006
0.9162215
0.9146884
0.9131685
0.9039372
0.9153536
0.7607591
0.9183344
0.9211703
0.9199574
0.9208124
0.9194675
0.9192227
0.9179798
0.9188931
0.7153583
0.9141932
0.8651261
0.897951
0.8258077
0.9140617
0.920053
0.9219244
0.9077003
0.8476684
0.9153849
0.9144236
0.8460927
0.9086248
0.9074741
0.7488234
0.
0.9040602
0.906952
0.9149749
0.9175427
0.9185234
0.9178933
0.9170364
0.9026239
0.8961423
0.8248094
0.9066459
0.8944854
0.9045965
0.9158421
0.9152833
0.9167518
0.9158977
0.9163177
0.9191321
0.92
0.9163081
0.9176247
0.9132549
0.8918099
0.9217445
0.8495529
0.8461655
0.8416134
0.904368
0.834695
0.9052401
0.9015888
0.8995378
0.9063317
0.9147799
0.8358716
0.8971379
0.9039222
0.9299962
0.9109929
0.9064108
0.847061
0.8469273
0.8740331
0.911045
0.8691052
0.888332
0.8425262
0.8903339
0.8839247
0.8761648
0.8854401
0.8922188
0.8579771
0.9067011
0.8755479
0.889862
0.8586335
0.9047554
0.9049494
0.9154213
0.8929421
0.8750595
0.842123
0.9100156
0.9099571
0.907456
0.9105627
0.9017838
0.9098805
0.9186727
0.8491633
0.8601383
0.8915628
0.9065824
0.9099816
0.9131586
0.9150444
0.9156706
0.9167003
0.913312
0.9134665
0.9120992
0.9036304
0.8893471
0.9070445
0.9045898
0.9003083
0.8689936
0.8942933
0.8974622
0.9112348
0.906501
0.8774685
0.9111611
0.9046717
0.8602522
0.9134557
0.9074107
0.9040602
0.
0.8770644
0.8750679
0.876867
0.8786502
0.8764738
0.8777121
0.8763574
0.9125107
0.8973704
0.9047396
0.908619
0.8604056
0.8905471
0.8961048
0.8600627
0.8581084
0.864047
0.8649753
0.863628
0.8586221
0.8603482
0.8808655
0.9111652
0.9182492
0.9032523
0.9032663
0.9038674
0.8771419
0.9027306
0.8898323
0.8828528
0.9083096
0.9140219
0.9096359
0.9044878
0.9027669
0.903685
0.902747
0.8950365
0.9075004
0.8835822
0.8826717
0.8673409
0.9088432
0.8863377
0.8383269
0.8745312
0.845765
0.8194682
0.866796
0.8348814
0.8499071
0.8874973
0.9072089
0.7976395
0.8994477
0.887491
0.898045
0.8486971
0.9118904
0.8416546
0.8892736
0.8775629
0.9100131
0.9099548
0.9066096
0.9078278
0.9000247
0.9108596
0.9195531
0.8817298
0.8904402
0.894877
0.9085708
0.9101792
0.911431
0.9125583
0.9108736
0.9117409
0.9119439
0.9089004
0.9117712
0.9080165
0.8485579
0.9083643
0.9046812
0.9018847
0.8944625
0.8538136
0.8574877
0.9130285
0.9087615
0.87614
0.9128194
0.9076043
0.8910849
0.9113929
0.9079146
0.906952
0.8770644
0.
0.8819816
0.877562
0.8794596
0.8779761
0.8821781
0.8791372
0.9027002
0.90553
0.9019848
0.905769
0.8804533
0.8998865
0.8628079
0.8851385
0.8836598
0.885319
0.8880855
0.8880672
0.8843949
0.8863071
0.8255643
0.9109264
0.919228
0.9076967
0.9056691
0.9050105
0.8062488
0.9111032
0.8992054
0.8305406
0.9070678
0.9108571
0.9082582
0.9021121
0.899095
0.9042921
0.859102
0.8952317
0.9219981
0.8822597
0.881917
0.8804139
0.916518
0.8860922
0.892622
0.8737625
0.8851651
0.8759913
0.8850772
0.8861023
0.8916771
0.8805661
0.9151798
0.8775968
0.9000425
0.8844929
0.9000994
0.899723
0.9214343
0.8892663
0.8798016
0.8693058
0.9166434
0.9173389
0.9178727
0.9177879
0.9050593
0.9150419
0.9267813
0.8718444
0.8931922
0.8983726
0.9201862
0.9163548
0.9173965
0.919021
0.9169241
0.9180244
0.9189621
0.9185191
0.9212604
0.9165085
0.8894978
0.908755
0.9153259
0.9117842
0.887538
0.8911974
0.8906526
0.9202302
0.9199188
0.7487216
0.9193418
0.9133817
0.8853951
0.9173335
0.916192
0.9149749
0.8750679
0.8819816
0.
0.5096474
0.5134738
0.5132383
0.4231639
0.8790416
0.9209681
0.9106847
0.9060297
0.9172028
0.884747
0.9058824
0.8972504
0.8795983
0.87759
0.8805906
0.8799279
0.8776644
0.877509
0.8794285
0.8794342
0.9199324
0.9178162
0.9196653
0.9131753
0.915421
0.8780356
0.9147314
0.9008105
0.8881435
0.9192978
0.9222029
0.9098696
0.9147328
0.9036341
0.9084645
0.8979871
0.8993808
0.9204068
0.8823022
0.8838043
0.87888
0.9155599
0.8855347
0.8904512
0.8713259
0.8805302
0.8768119
0.8835567
0.8831337
0.8905988
0.8800914
0.9177688
0.8756154
0.9029685
0.8864803
0.9047587
0.8948627
0.9237552
0.8901987
0.8809808
0.8711327
0.9179539
0.9180054
0.9191389
0.9190703
0.904951
0.9165183
0.9246045
0.8786334
0.8974107
0.8993182
0.9171805
0.9155564
0.9182467
0.9188484
0.9178147
0.918128
0.9186329
0.9197946
0.9221765
0.9168392
0.883897
0.9123096
0.9170443
0.914873
0.8886432
0.8883574
0.889152
0.9170843
0.9176705
0.7502988
0.9195535
0.9141764
0.8838413
0.9175494
0.9158052
0.9175427
0.876867
0.877562
0.5096474
0.
0.4897006
0.0909643
0.5115133
0.8792507
0.9185496
0.9134757
0.9075567
0.9206009
0.8857872
0.9038887
0.8928043
0.8824162
0.8813024
0.8878951
0.882188
0.8812592
0.8811885
0.8824945
0.8800029
0.9201814
0.9180619
0.917652
0.9121731
0.9127129
0.8742318
0.9139608
0.9033533
0.8832566
0.921207
0.9215072
0.9128247
0.9156377
0.9059663
0.9090099
0.8979656
0.8985833
0.9235113
0.883434
0.8852524
0.8817177
0.9180162
0.8841555
0.8905037
0.8754885
0.8820981
0.8760447
0.884924
0.8815301
0.8906517
0.8794151
0.9160345
0.877365
0.9038054
0.8866888
0.9030628
0.8967819
0.9211515
0.8908776
0.8828432
0.8672641
0.9180654
0.9180791
0.9194766
0.9219195
0.9079844
0.9189965
0.9239762
0.8779463
0.8929982
0.9002671
0.9183159
0.9204948
0.923013
0.9222504
0.9235933
0.9236804
0.9209412
0.9220962
0.9247835
0.91828
0.8876421
0.9133693
0.9189189
0.9152824
0.8888135
0.8880533
0.8906162
0.916971
0.9197509
0.7504286
0.922883
0.916038
0.8844863
0.9187658
0.9185052
0.9185234
0.8786502
0.8794596
0.5134738
0.4897006
0.
0.5149868
0.5115231
0.878931
0.919274
0.9148055
0.9108516
0.9184658
0.8835483
0.9040672
0.8950385
0.8797295
0.8767523
0.8824858
0.8797361
0.8781613
0.8779256
0.8772937
0.8794044
0.9177449
0.918615
0.918556
0.9145019
0.9164686
0.8773183
0.915974
0.9058973
0.883746
0.9187892
0.9245447
0.9131289
0.9145287
0.9095394
0.9108643
0.8989496
0.9017716
0.9198904
0.8828305
0.8840891
0.8798209
0.9159133
0.887275
0.8903319
0.8722017
0.8807385
0.8778316
0.8837617
0.8828181
0.8910708
0.880539
0.9180044
0.876238
0.9031485
0.8866809
0.904595
0.8954778
0.9244743
0.8903931
0.882319
0.870659
0.9172854
0.9172995
0.9194859
0.9186231
0.9056217
0.9168632
0.9249422
0.88014
0.8981751
0.8992697
0.91704
0.9165519
0.9179045
0.9200709
0.9185697
0.9184524
0.9186821
0.9203885
0.9231158
0.9161668
0.8848964
0.91282
0.9183565
0.9156372
0.8896326
0.8887906
0.888406
0.9187526
0.9182111
0.7508454
0.9195245
0.9147996
0.8838461
0.9183587
0.9157424
0.9178933
0.8764738
0.8779761
0.5132383
0.0909643
0.5149868
0.
0.5154376
0.8798648
0.9189027
0.913986
0.9066424
0.921019
0.8855502
0.904797
0.8940065
0.8829425
0.8820307
0.8882523
0.8835174
0.8821885
0.8815974
0.8829818
0.8796505
0.9214772
0.9177764
0.918115
0.9126487
0.9129567
0.8745306
0.9154584
0.9037914
0.8839841
0.9220793
0.9224512
0.913344
0.9165616
0.9056411
0.9078633
0.8988045
0.8996948
0.9208034
0.8799193
0.8825155
0.8811002
0.914939
0.8841409
0.8918556
0.8735291
0.8830844
0.8765241
0.8835101
0.8842907
0.8902348
0.8814031
0.9157598
0.8765053
0.9018721
0.8869491
0.9016052
0.8985705
0.9224573
0.8913641
0.8819434
0.869202
0.9198594
0.9199096
0.9182587
0.9186743
0.9056637
0.9157621
0.925182
0.8741926
0.8936365
0.9006983
0.9186429
0.9178588
0.9196409
0.9214133
0.919796
0.9207763
0.9210022
0.9189971
0.9217316
0.9162923
0.885005
0.9115339
0.9151863
0.9139934
0.8876834
0.8885465
0.8889085
0.9196477
0.92
0.7554833
0.9205609
0.9146577
0.8835956
0.9195491
0.9175929
0.9170364
0.8777121
0.8821781
0.4231639
0.5115133
0.5115231
0.5154376
0.
0.8766154
0.921162
0.9127363
0.9079726
0.9179645
0.8855798
0.9062588
0.8975293
0.8792769
0.8777154
0.8835521
0.8810962
0.878234
0.8778774
0.8805181
0.8807188
0.9184557
0.9181582
0.9191824
0.9111237
0.9134225
0.876096
0.9139849
0.9023241
0.8851346
0.9205129
0.9222794
0.9122287
0.9162315
0.9057224
0.9080636
0.8991888
0.8995787
0.9067745
0.8856543
0.8865935
0.8709215
0.9058283
0.8858781
0.8882161
0.8827561
0.8910146
0.8806948
0.8759972
0.8851996
0.8874301
0.8873214
0.9076825
0.8708801
0.8870169
0.8943136
0.8967655
0.9104431
0.9112938
0.89503
0.8899458
0.8831649
0.9058807
0.9066799
0.9054121
0.9043757
0.8947779
0.9087587
0.9167194
0.8840495
0.8916186
0.881982
0.90051
0.9121639
0.9144159
0.9173726
0.9157312
0.9166422
0.9136511
0.9142836
0.9155529
0.9024627
0.890943
0.9046856
0.900588
0.8978569
0.8896964
0.8968516
0.9016723
0.9072441
0.9035389
0.8829936
0.9120334
0.8998455
0.8936147
0.9129706
0.9047973
0.9026239
0.8763574
0.8791372
0.8790416
0.8792507
0.878931
0.8798648
0.8766154
0.
0.9078308
0.8972605
0.8956588
0.903054
0.883343
0.9110735
0.893722
0.8937413
0.8924731
0.8927215
0.8968703
0.8962423
0.8936117
0.8953105
0.8877393
0.9053461
0.9157276
0.9012262
0.8998453
0.9002326
0.8736535
0.8995906
0.8891738
0.8802083
0.9074286
0.9088257
0.9025135
0.9007647
0.891679
0.8967587
0.9051482
0.8849608
0.8997932
0.9121692
0.9127615
0.8982204
0.8623167
0.9056287
0.9107181
0.9182836
0.9108617
0.9065283
0.9070956
0.8977608
0.9076552
0.9125258
0.9021343
0.89876
0.8993135
0.9159607
0.9106312
0.9290755
0.9031609
0.918653
0.9195337
0.9129563
0.9005378
0.9003233
0.8993062
0.8592999
0.9189914
0.9156483
0.8809849
0.9161679
0.9118827
0.9158414
0.8979958
0.870969
0.8756094
0.8734094
0.8737556
0.8705145
0.8716704
0.8699654
0.8718695
0.8966782
0.9087621
0.8997166
0.8926449
0.8941611
0.9124396
0.9167316
0.9196715
0.911932
0.9018479
0.9218326
0.8681252
0.8986884
0.9161336
0.8648823
0.9046079
0.8961423
0.9125107
0.9027002
0.9209681
0.9185496
0.919274
0.9189027
0.921162
0.9078308
0.
0.8950859
0.8980059
0.869764
0.9024249
0.9162986
0.9154999
0.9203722
0.9191273
0.9185117
0.9241113
0.9234857
0.9196228
0.9183724
0.9106537
0.8768284
0.9072351
0.901456
0.8994514
0.8942174
0.8960553
0.9005978
0.901633
0.8999709
0.862534
0.8618441
0.8999629
0.8963598
0.8931818
0.8969213
0.9244946
0.9104621
0.8286348
0.8999676
0.9000754
0.8906704
0.9027334
0.9005159
0.9103497
0.9072257
0.9138369
0.9132325
0.8969684
0.9010353
0.9031693
0.9035315
0.8370269
0.8977039
0.8954701
0.9046517
0.9156453
0.9279529
0.9024974
0.9140803
0.9162404
0.9027927
0.829387
0.8304449
0.8249683
0.897782
0.9125088
0.9166725
0.9139922
0.9069368
0.8993491
0.9093288
0.8257699
0.9157844
0.9172813
0.9148511
0.9152417
0.9135478
0.9144727
0.9129808
0.9143396
0.8215906
0.9117689
0.8491212
0.8901913
0.7936135
0.9130173
0.916728
0.9211086
0.9097372
0.8101979
0.9133983
0.9104767
0.8264004
0.9048821
0.909775
0.8379715
0.8248094
0.8973704
0.90553
0.9106847
0.9134757
0.9148055
0.913986
0.9127363
0.8972605
0.8950859
0.
0.8993975
0.8902822
0.8956163
0.9143463
0.9153183
0.9109101
0.9102036
0.9109788
0.9117626
0.9131605
0.9107251
0.9095731
0.9132093
0.8926074
0.9205234
0.8245229
0.8174424
0.8180446
0.8981205
0.7727547
0.8961837
0.895682
0.8990623
0.9070543
0.9078195
0.772179
0.8925692
0.8963497
0.9272092
0.9039787
0.9070883
0.9037034
0.9066893
0.8940603
0.8951368
0.9017771
0.9091624
0.90914
0.9066011
0.9036127
0.8948824
0.8928767
0.8992167
0.9091525
0.9076956
0.8915376
0.8941258
0.9132546
0.899586
0.9214306
0.8970632
0.9114765
0.9061142
0.9033692
0.9080767
0.9086877
0.9038434
0.8936328
0.9150142
0.9104067
0.9092869
0.9025958
0.9119997
0.9052707
0.9057982
0.9002836
0.9035631
0.9031929
0.9029068
0.9036659
0.9008174
0.9020726
0.9028371
0.9075325
0.9003321
0.9050461
0.8825052
0.9003711
0.9134915
0.9073697
0.9162746
0.9052416
0.9097162
0.9098071
0.8985348
0.9016148
0.9115316
0.9030452
0.9100537
0.9066459
0.9047396
0.9019848
0.9060297
0.9075567
0.9108516
0.9066424
0.9079726
0.8956588
0.8980059
0.8993975
0.
0.8923183
0.8978595
0.9148708
0.9096793
0.9083528
0.9095571
0.9103023
0.911171
0.9128583
0.9096526
0.9067537
0.9043869
0.9009399
0.908972
0.9034445
0.9029399
0.9002837
0.8943208
0.9007547
0.8951982
0.89559
0.9068424
0.9066044
0.864
0.9004636
0.5692344
0.6101742
0.9205277
0.8982397
0.8980874
0.9097784
0.9077092
0.8966506
0.8740909
0.8985046
0.9105842
0.9146693
0.9078878
0.9054259
0.9024875
0.8949746
0.9035072
0.9137258
0.8949416
0.8934262
0.8927879
0.9143297
0.906023
0.9231911
0.8962626
0.9198409
0.9160443
0.9074002
0.8977139
0.8981736
0.8952381
0.8704404
0.9147656
0.9102035
0.8871891
0.9045214
0.9092562
0.9097251
0.8950742
0.877697
0.8811907
0.8820218
0.8801497
0.8812226
0.8825327
0.8802024
0.8778565
0.894528
0.9058533
0.8895571
0.8838859
0.8912865
0.9161616
0.9154366
0.9157778
0.9117038
0.9023038
0.9190352
0.8742402
0.8946459
0.9119543
0.8730949
0.9013631
0.8944854
0.908619
0.905769
0.9172028
0.9206009
0.9184658
0.921019
0.9179645
0.903054
0.869764
0.8902822
0.8923183
0.
0.8982754
0.915345
0.9143781
0.9137774
0.9148683
0.9127368
0.9172511
0.9179313
0.9140178
0.9119667
0.9048308
0.8826245
0.903696
0.8967271
0.8953136
0.8875126
0.8949607
0.8946706
0.8986066
0.8964443
0.8796171
0.883596
0.8978573
0.8908204
0.8890455
0.8891366
0.9244192
0.9030324
0.8992723
0.8626775
0.8631521
0.8731953
0.9072522
0.8720833
0.888138
0.8567014
0.8868646
0.8793298
0.878705
0.8762418
0.8874294
0.8695763
0.9036222
0.8742245
0.8848712
0.8710599
0.8997367
0.9062522
0.9109007
0.897251
0.8826967
0.8527962
0.9028827
0.9030631
0.9037871
0.9037954
0.9043988
0.906075
0.9140172
0.8556374
0.8673991
0.8930885
0.9046166
0.9065954
0.9126999
0.9138733
0.9112549
0.9128924
0.9118495
0.908057
0.911756
0.9031817
0.8858278
0.8980091
0.8957648
0.8977714
0.8762785
0.8930179
0.8958548
0.9051309
0.9044952
0.8892276
0.904858
0.898694
0.8736186
0.9012917
0.9065202
0.9045965
0.8604056
0.8804533
0.884747
0.8857872
0.8835483
0.8855502
0.8855798
0.883343
0.9024249
0.8956163
0.8978595
0.8982754
0.
0.8970357
0.8940171
0.8676746
0.8669438
0.869045
0.8715225
0.8728618
0.8672169
0.8667626
0.8801118
0.9017961
0.9088149
0.8993749
0.8940147
0.8959527
0.8768584
0.8960095
0.886943
0.8794881
0.903721
0.9101764
0.8993888
0.8971524
0.8896394
0.8957001
0.9060509
0.8896745
0.9176796
0.8989441
0.8982682
0.8976223
0.916362
0.8968507
0.9096451
0.8993339
0.9070971
0.9004005
0.9037903
0.9018442
0.906588
0.8956879
0.922903
0.9008621
0.9024173
0.9005705
0.9147729
0.9178998
0.9201979
0.9152748
0.8995889
0.8969319
0.9185785
0.9187436
0.9161664
0.9144383
0.9170742
0.9119153
0.9205751
0.8964579
0.8959262
0.9142299
0.9176508
0.9125367
0.9107517
0.9122801
0.9127517
0.911822
0.9112254
0.910263
0.9128903
0.9166961
0.905524
0.9131323
0.9139201
0.9104221
0.9030372
0.911814
0.9114427
0.9154954
0.9158133
0.9025636
0.9128595
0.9143221
0.8952571
0.9085161
0.9198441
0.9158421
0.8905471
0.8998865
0.9058824
0.9038887
0.9040672
0.904797
0.9062588
0.9110735
0.9162986
0.9143463
0.9148708
0.915345
0.8970357
0.
0.9110995
0.9014614
0.8989199
0.9008792
0.898856
0.8994811
0.8997404
0.8969911
0.9026433
0.9155325
0.9179307
0.9132795
0.9089
0.9100039
0.9053079
0.916364
0.9077697
0.9031799
0.9138377
0.9164964
0.9124951
0.9144514
0.9103209
0.9134488
0.91896
0.9035542
0.9192894
0.8945929
0.8934138
0.8850686
0.9158001
0.8940237
0.8602674
0.8952614
0.8429285
0.8703898
0.8849728
0.856118
0.862069
0.8988784
0.9161633
0.8575154
0.9092279
0.9011279
0.9015353
0.8817113
0.9164497
0.8774288
0.8975807
0.8959226
0.9211193
0.9213183
0.9185085
0.9183939
0.9129218
0.9147494
0.9218907
0.8920596
0.9019122
0.9063012
0.9173808
0.9154914
0.9160984
0.9176031
0.9167271
0.9157401
0.9159743
0.9180832
0.9172194
0.9198407
0.844734
0.9148699
0.9137527
0.9166494
0.9012959
0.8481449
0.859576
0.9193028
0.9221661
0.8958136
0.9144628
0.9170776
0.9020928
0.9130527
0.9182912
0.9152833
0.8961048
0.8628079
0.8972504
0.8928043
0.8950385
0.8940065
0.8975293
0.893722
0.9154999
0.9153183
0.9096793
0.9143781
0.8940171
0.9110995
0.
0.8923896
0.8914085
0.8925192
0.8927403
0.8932232
0.8917478
0.8927238
0.8638063
0.9172239
0.9211637
0.9166057
0.9140639
0.9127681
0.8564723
0.9147751
0.9065718
0.8531159
0.9174745
0.9190687
0.9061772
0.9204157
0.9074961
0.9108151
0.8785539
0.9043512
0.9171052
0.8600946
0.862168
0.8861002
0.916737
0.8764924
0.8950249
0.8461596
0.891577
0.8890681
0.8882816
0.8895175
0.8916341
0.8643691
0.9193672
0.8787736
0.9055914
0.8682366
0.9098361
0.9018973
0.9181287
0.8946381
0.8780506
0.840863
0.9197882
0.9204442
0.9150927
0.9162456
0.9072057
0.913861
0.9223795
0.8585413
0.8753605
0.9068917
0.9152728
0.9173729
0.9162426
0.9180778
0.9171937
0.9182613
0.9186119
0.9163071
0.918916
0.9164987
0.8885266
0.9135829
0.9110282
0.9137624
0.8711032
0.8907174
0.8974658
0.9192061
0.9185969
0.8815331
0.9195784
0.9108075
0.8648115
0.9174055
0.9164076
0.9167518
0.8600627
0.8851385
0.8795983
0.8824162
0.8797295
0.8829425
0.8792769
0.8937413
0.9203722
0.9109101
0.9083528
0.9137774
0.8676746
0.9014614
0.8923896
0.
0.4106868
0.5005325
0.5483659
0.4651947
0.2106177
0.4378162
0.8862364
0.9168354
0.9189682
0.9150697
0.9111364
0.912801
0.882978
0.9127895
0.9047734
0.8921174
0.9151745
0.9192715
0.9183213
0.91113
0.9072487
0.9081306
0.9061625
0.9009789
0.9156077
0.8588544
0.8632787
0.8836821
0.9174454
0.8764644
0.8940428
0.8433861
0.8925679
0.8895492
0.8880463
0.8898009
0.893381
0.8652172
0.9168561
0.8792734
0.9028222
0.8663524
0.9066169
0.9007324
0.9170005
0.8931495
0.8770797
0.8378074
0.9170766
0.917851
0.9161458
0.9167318
0.9053196
0.9161697
0.9190842
0.8530846
0.8749685
0.9027195
0.9144534
0.9161703
0.9181274
0.9178242
0.9171781
0.9174137
0.9179238
0.9167671
0.9193331
0.9141046
0.8917452
0.9126511
0.9130046
0.9140153
0.8708724
0.891667
0.8949269
0.9180412
0.9172458
0.8794908
0.9197145
0.9106807
0.8659512
0.9153144
0.9159391
0.9158977
0.8581084
0.8836598
0.87759
0.8813024
0.8767523
0.8820307
0.8777154
0.8924731
0.9191273
0.9102036
0.9095571
0.9148683
0.8669438
0.8989199
0.8914085
0.4106868
0.
0.4945605
0.5611812
0.487787
0.4017673
0.4787789
0.8862022
0.9151259
0.9205107
0.9133347
0.9113187
0.912597
0.8833087
0.9133156
0.9030997
0.8919201
0.9116197
0.9171243
0.915047
0.9137772
0.9083262
0.9098828
0.9028918
0.9036463
0.9175453
0.8619088
0.8640955
0.8871661
0.9181668
0.8770887
0.8976166
0.8503032
0.8928941
0.889044
0.8878189
0.8899723
0.8926782
0.8677128
0.9188595
0.880225
0.907022
0.8701715
0.9084885
0.9031329
0.9179974
0.8955852
0.8773017
0.8430602
0.9198459
0.92035
0.9150798
0.9157689
0.9090337
0.9136621
0.9212692
0.8595641
0.878703
0.9040392
0.9157192
0.9175149
0.9186004
0.9195214
0.9187179
0.9196262
0.9173303
0.9183465
0.9188193
0.9173638
0.8924279
0.9139539
0.9113316
0.9127259
0.8699445
0.8950167
0.8992598
0.9183002
0.9208224
0.8809549
0.9210471
0.912226
0.8681211
0.9168527
0.9150304
0.9163177
0.864047
0.885319
0.8805906
0.8878951
0.8824858
0.8882523
0.8835521
0.8927215
0.9185117
0.9109788
0.9103023
0.9127368
0.869045
0.9008792
0.8925192
0.5005325
0.4945605
0.
0.598567
0.5478077
0.4777882
0.5293334
0.8903933
0.9178573
0.9199162
0.9148659
0.9122091
0.9144748
0.8825972
0.9109686
0.904734
0.8922491
0.9136637
0.9196714
0.9148532
0.9144695
0.9094517
0.9093386
0.9062358
0.9023763
0.9194386
0.8680231
0.8675682
0.8859197
0.9178584
0.877141
0.8952242
0.8449595
0.8919683
0.8909691
0.8912254
0.8913091
0.8959146
0.8692994
0.9208236
0.8841074
0.9030441
0.8713962
0.904924
0.9043126
0.9169156
0.8929105
0.877766
0.8439493
0.9213649
0.921528
0.9179267
0.9156407
0.9091132
0.9114931
0.9206722
0.8609102
0.8798906
0.9028618
0.9185426
0.9162787
0.9193106
0.9172232
0.916098
0.9170094
0.9188299
0.9179476
0.9178273
0.9216357
0.8909039
0.9161556
0.9150484
0.916011
0.8714197
0.8952066
0.9000459
0.9203762
0.9197232
0.8822281
0.9178355
0.915861
0.8723056
0.9145281
0.9170283
0.9191321
0.8649753
0.8880855
0.8799279
0.882188
0.8797361
0.8835174
0.8810962
0.8968703
0.9241113
0.9117626
0.911171
0.9172511
0.8715225
0.898856
0.8927403
0.5483659
0.5611812
0.598567
0.
0.4435647
0.5309671
0.5413648
0.8895347
0.9197741
0.9180927
0.9172598
0.9148883
0.9139595
0.8848101
0.9151054
0.9060489
0.8936683
0.9130265
0.9167726
0.916514
0.9165664
0.9097664
0.9104403
0.9041139
0.9022008
0.92
0.8660905
0.8695827
0.8877193
0.919489
0.8782781
0.8962897
0.8487392
0.8932867
0.8915796
0.8911211
0.8915632
0.8971412
0.8681283
0.9217552
0.881546
0.9069223
0.8718238
0.9079834
0.9026038
0.91914
0.8940205
0.8777693
0.8439395
0.923241
0.9234398
0.9203487
0.9185696
0.9100059
0.9148128
0.9219819
0.8615396
0.8762567
0.902271
0.9199479
0.9199927
0.9201328
0.9190819
0.9196979
0.9191472
0.9198511
0.9177867
0.9215715
0.9214733
0.8921082
0.9171849
0.9167559
0.9165039
0.8726298
0.8931707
0.8957972
0.9211076
0.9232066
0.8816196
0.918561
0.9148658
0.8715413
0.9173052
0.9194802
0.92
0.863628
0.8880672
0.8776644
0.8812592
0.8781613
0.8821885
0.878234
0.8962423
0.9234857
0.9131605
0.9128583
0.9179313
0.8728618
0.8994811
0.8932232
0.4651947
0.487787
0.5478077
0.4435647
0.
0.444657
0.4772828
0.8905065
0.9217926
0.9219131
0.9182856
0.9171941
0.9175163
0.8872083
0.9162195
0.9087464
0.8939165
0.91492
0.9195148
0.9204229
0.9177899
0.9121354
0.9120143
0.9054078
0.9030448
0.9169301
0.8600451
0.8643407
0.884058
0.9153385
0.8773544
0.8941109
0.8454886
0.891802
0.8883344
0.8887849
0.8874151
0.8899475
0.8637028
0.9200643
0.8785418
0.904037
0.8656678
0.9065533
0.9033643
0.9184904
0.894707
0.8767504
0.8412257
0.9190091
0.9194018
0.9159454
0.9167616
0.9076314
0.9133836
0.9217227
0.8581508
0.8730515
0.9040796
0.9153628
0.9162396
0.9160588
0.9171827
0.9164561
0.9172075
0.916688
0.9147727
0.9177069
0.9178925
0.8884305
0.9139774
0.911506
0.9137738
0.8729614
0.8898326
0.8951922
0.919705
0.9202904
0.8822726
0.9198258
0.9117825
0.8633115
0.9160357
0.9163461
0.9163081
0.8586221
0.8843949
0.877509
0.8811885
0.8779256
0.8815974
0.8778774
0.8936117
0.9196228
0.9107251
0.9096526
0.9140178
0.8672169
0.8997404
0.8917478
0.2106177
0.4017673
0.4777882
0.5309671
0.444657
0.
0.4188967
0.8872971
0.9179279
0.920917
0.9148148
0.9113775
0.9131188
0.88344
0.9124145
0.9038268
0.8903472
0.9131469
0.9183371
0.9172134
0.9134165
0.9076031
0.9097048
0.906434
0.900782
0.9186969
0.8627813
0.8674309
0.8836346
0.9167313
0.8766806
0.891972
0.8465081
0.8938132
0.8878021
0.8882523
0.8872404
0.8920501
0.8664818
0.9191403
0.8763881
0.90369
0.8637132
0.9070478
0.8992574
0.9167793
0.8923821
0.8762313
0.8389333
0.9165521
0.9168721
0.9141264
0.9154266
0.9057963
0.9124176
0.9208777
0.856361
0.8757089
0.9040065
0.9160322
0.9128709
0.9173081
0.9152119
0.9156392
0.9154748
0.9171036
0.9139919
0.917885
0.9189065
0.8907286
0.9139538
0.9102652
0.9116914
0.8709937
0.8932222
0.8979642
0.917607
0.91806
0.8813681
0.917584
0.9107499
0.8683788
0.9122206
0.9160976
0.9176247
0.8603482
0.8863071
0.8794285
0.8824945
0.8772937
0.8829818
0.8805181
0.8953105
0.9183724
0.9095731
0.9067537
0.9119667
0.8667626
0.8969911
0.8927238
0.4378162
0.4787789
0.5293334
0.5413648
0.4772828
0.4188967
0.
0.8858819
0.916058
0.9188928
0.9147155
0.9101088
0.9129404
0.8828153
0.9116937
0.9037928
0.889896
0.9117689
0.9181276
0.9159869
0.9154326
0.9058576
0.9078696
0.9064024
0.9009775
0.9151069
0.8888969
0.8890244
0.8675504
0.9093671
0.8838057
0.8511258
0.8820831
0.8540477
0.662564
0.8734283
0.8501898
0.863388
0.8944442
0.9166579
0.8138455
0.8951204
0.8960398
0.8924381
0.860676
0.909622
0.8494853
0.8834944
0.8846639
0.9175225
0.9175745
0.9180718
0.9064838
0.903991
0.9066079
0.9151729
0.8821165
0.8956215
0.8995622
0.9190652
0.9034055
0.9045827
0.9061209
0.9048304
0.9056952
0.9047373
0.9059118
0.9058537
0.9184593
0.8556185
0.9066115
0.9063241
0.9077684
0.8958051
0.8579841
0.8660358
0.9132318
0.9158618
0.8870669
0.903026
0.9152154
0.8909752
0.9067076
0.9157807
0.9132549
0.8808655
0.8255643
0.8794342
0.8800029
0.8794044
0.8796505
0.8807188
0.8877393
0.9106537
0.9132093
0.9043869
0.9048308
0.8801118
0.9026433
0.8638063
0.8862364
0.8862022
0.8903933
0.8895347
0.8905065
0.8872971
0.8858819
0.
0.9179614
0.9073194
0.911379
0.9098137
0.9064735
0.8120136
0.9070643
0.8975987
0.8444187
0.9072876
0.9114925
0.9024726
0.9081455
0.9017211
0.9087947
0.8594473
0.8968762
0.9015168
0.9118742
0.912854
0.8966358
0.8750185
0.9058601
0.9174351
0.9165865
0.9160963
0.9169533
0.9043766
0.9022054
0.9103041
0.9127724
0.9015886
0.9031128
0.9003654
0.9152729
0.9175839
0.9298246
0.9029657
0.9205853
0.9166309
0.9152174
0.8991149
0.8992605
0.8963652
0.8758101
0.9195192
0.9175492
0.898622
0.91326
0.9090425
0.9158468
0.897333
0.8878134
0.8891979
0.8870678
0.8857307
0.8857547
0.8909644
0.8857797
0.8857755
0.893305
0.9104616
0.8973754
0.8934202
0.8881708
0.9171316
0.9228555
0.9225053
0.9116442
0.8994574
0.9177512
0.8842675
0.8941151
0.9113167
0.8792204
0.8974174
0.8918099
0.9111652
0.9109264
0.9199324
0.9201814
0.9177449
0.9214772
0.9184557
0.9053461
0.8768284
0.8926074
0.9009399
0.8826245
0.9017961
0.9155325
0.9172239
0.9168354
0.9151259
0.9178573
0.9197741
0.9217926
0.9179279
0.916058
0.9179614
0.
0.9174616
0.8985555
0.8971351
0.8943303
0.904618
0.8945445
0.9003274
0.9042738
0.884675
0.8885423
0.907764
0.8926661
0.8951957
0.9015996
0.9311949
0.9095147
0.9260959
0.9242128
0.9233883
0.9118579
0.9114065
0.912329
0.9219347
0.9222257
0.9149706
0.9107013
0.9132902
0.9110578
0.9179074
0.9270279
0.9236775
0.9103309
0.9031852
0.9302531
0.9113537
0.9263689
0.9106045
0.9230142
0.9132552
0.9179683
0.9234792
0.9246359
0.9213027
0.9088249
0.9271687
0.8816892
0.9111373
0.9130752
0.9217575
0.9202968
0.9244892
0.9024372
0.904956
0.9018806
0.9010439
0.8989999
0.9045504
0.9032
0.9051743
0.925761
0.9168787
0.9119558
0.9044896
0.9194084
0.9197758
0.9198907
0.918189
0.9042094
0.9279276
0.9297462
0.9051113
0.9212111
0.923421
0.9024382
0.9256708
0.9217445
0.9182492
0.919228
0.9178162
0.9180619
0.918615
0.9177764
0.9181582
0.9157276
0.9072351
0.9205234
0.908972
0.903696
0.9088149
0.9179307
0.9211637
0.9189682
0.9205107
0.9199162
0.9180927
0.9219131
0.920917
0.9188928
0.9073194
0.9174616
0.
0.9237755
0.9199375
0.9210953
0.9120175
0.9207722
0.9066164
0.9130722
0.9131011
0.9113033
0.8972362
0.9181563
0.9042389
0.9102555
0.9273858
0.9088397
0.8447135
0.9030483
0.9033455
0.8996873
0.9074318
0.9027075
0.9127793
0.9122447
0.9167018
0.9124749
0.905077
0.9008492
0.908349
0.9060493
0.8592697
0.9010422
0.9018598
0.9107212
0.9192232
0.928061
0.9124038
0.9183581
0.9197953
0.9054925
0.8505437
0.8508598
0.847609
0.9029889
0.9145723
0.9152795
0.9185037
0.910426
0.9052253
0.9108092
0.8394846
0.9186464
0.9223059
0.9209002
0.9200923
0.9181099
0.9202463
0.9181338
0.9193631
0.8454432
0.9146894
0.8544708
0.8959985
0.8309838
0.9116815
0.9173681
0.9216531
0.9070237
0.8405362
0.9132539
0.9147334
0.8460521
0.9093251
0.9070897
0.848088
0.8495529
0.9032523
0.9076967
0.9196653
0.917652
0.918556
0.918115
0.9191824
0.9012262
0.901456
0.8245229
0.9034445
0.8967271
0.8993749
0.9132795
0.9166057
0.9150697
0.9133347
0.9148659
0.9172598
0.9182856
0.9148148
0.9147155
0.911379
0.8985555
0.9237755
0.
0.7536279
0.782645
0.9040291
0.8281442
0.8994836
0.899318
0.9029985
0.9060679
0.9137215
0.8229648
0.8976364
0.9010682
0.9260602
0.9065734
0.8392586
0.9028247
0.9005213
0.8955311
0.9064103
0.9030307
0.9124982
0.9117647
0.9131835
0.9106851
0.9019193
0.8985884
0.9080009
0.9011263
0.8538292
0.8970726
0.9017873
0.9105431
0.9152769
0.9251088
0.9092091
0.9125141
0.915821
0.9052443
0.846474
0.8471015
0.8433771
0.9015229
0.9169297
0.9150917
0.9199732
0.9056272
0.9030333
0.9114797
0.8444326
0.9163095
0.9191263
0.9197387
0.9186866
0.918847
0.9190406
0.9191082
0.9181103
0.8389801
0.9117261
0.8576829
0.8921052
0.8186391
0.9122047
0.9176086
0.9190088
0.9085856
0.8367237
0.9127076
0.9146538
0.8402306
0.9070834
0.9105527
0.8512381
0.8461655
0.9032663
0.9056691
0.9131753
0.9121731
0.9145019
0.9126487
0.9111237
0.8998453
0.8994514
0.8174424
0.9029399
0.8953136
0.8940147
0.9089
0.9140639
0.9111364
0.9113187
0.9122091
0.9148883
0.9171941
0.9113775
0.9101088
0.9098137
0.8971351
0.9199375
0.7536279
0.
0.7654586
0.9018053
0.8305633
0.8987435
0.8961636
0.9028923
0.9067261
0.9148959
0.8205437
0.8971004
0.9006286
0.9236524
0.90773
0.8453039
0.9024495
0.9014935
0.8942711
0.9028852
0.8970363
0.9086293
0.9095716
0.9083033
0.9081932
0.9031545
0.8948582
0.9032799
0.9032521
0.8532226
0.8934612
0.8971154
0.9085925
0.9144146
0.9237435
0.9109127
0.9111462
0.9159229
0.9050536
0.8498368
0.8498519
0.8450339
0.9007506
0.9141838
0.9144801
0.918381
0.9121187
0.9039398
0.9129427
0.8410963
0.9135784
0.9178636
0.9167617
0.9162315
0.9153486
0.916265
0.91518
0.9147752
0.8453382
0.910198
0.8542406
0.8961082
0.8267961
0.9108634
0.9184172
0.9199944
0.9064808
0.8344533
0.9081525
0.9099383
0.8385306
0.9090845
0.9094727
0.8457023
0.8416134
0.9038674
0.9050105
0.915421
0.9127129
0.9164686
0.9129567
0.9134225
0.9002326
0.8942174
0.8180446
0.9002837
0.8875126
0.8959527
0.9100039
0.9127681
0.912801
0.912597
0.9144748
0.9139595
0.9175163
0.9131188
0.9129404
0.9064735
0.8943303
0.9210953
0.782645
0.7654586
0.
0.8986825
0.8222077
0.9023839
0.8968916
0.9013288
0.9035484
0.9130843
0.8255702
0.8955957
0.8978134
0.9237479
0.9066794
0.9058619
0.8858548
0.8844583
0.8547305
0.9000572
0.8869133
0.8324625
0.8857453
0.8347875
0.8086425
0.8609994
0.821207
0.8336733
0.8871995
0.9090877
0.7233946
0.888981
0.8871918
0.8838561
0.8570276
0.8992021
0.8368527
0.882877
0.8795977
0.9088491
0.9089459
0.9029766
0.8954877
0.8987914
0.9110086
0.9082228
0.880067
0.8926363
0.8916806
0.9038778
0.9067139
0.9086581
0.9083823
0.9069682
0.9067856
0.9052573
0.9040056
0.9086782
0.9066419
0.8383819
0.899539
0.8939958
0.8946656
0.8921206
0.8442991
0.8563459
0.9135939
0.9091815
0.8835966
0.9055697
0.9058786
0.8876134
0.9002416
0.9038101
0.904368
0.8771419
0.8062488
0.8780356
0.8742318
0.8773183
0.8745306
0.876096
0.8736535
0.8960553
0.8981205
0.8943208
0.8949607
0.8768584
0.9053079
0.8564723
0.882978
0.8833087
0.8825972
0.8848101
0.8872083
0.88344
0.8828153
0.8120136
0.904618
0.9120175
0.9040291
0.9018053
0.8986825
0.
0.8994582
0.8892866
0.8152454
0.9020009
0.9087646
0.8953914
0.8975862
0.8913923
0.8929652
0.8534372
0.8901393
0.8393013
0.905547
0.9021167
0.8938823
0.9032374
0.9014465
0.9136389
0.910016
0.9164643
0.9087103
0.9034668
0.903471
0.9067969
0.9060852
0.8426488
0.8977768
0.8978504
0.9153032
0.9128436
0.9269349
0.9053849
0.9194865
0.9145713
0.9031381
0.8430935
0.8432003
0.8347356
0.8974939
0.9154698
0.9120879
0.916858
0.9033173
0.9043675
0.9117429
0.8353994
0.9119606
0.9155496
0.9142773
0.9157903
0.9148629
0.9126925
0.9130097
0.9140469
0.8351088
0.9109499
0.8523243
0.8928388
0.8060632
0.914314
0.917551
0.9222226
0.9111691
0.8266384
0.9123931
0.9104274
0.8361044
0.9072819
0.9056686
0.8332259
0.834695
0.9027306
0.9111032
0.9147314
0.9139608
0.915974
0.9154584
0.9139849
0.8995906
0.9005978
0.7727547
0.9007547
0.8946706
0.8960095
0.916364
0.9147751
0.9127895
0.9133156
0.9109686
0.9151054
0.9162195
0.9124145
0.9116937
0.9070643
0.8945445
0.9207722
0.8281442
0.8305633
0.8222077
0.8994582
0.
0.8996921
0.9006401
0.9042507
0.9103251
0.909081
0.7960532
0.89677
0.8992443
0.925745
0.9050204
0.9097462
0.8934553
0.8956188
0.8863789
0.9016924
0.8921736
0.9021001
0.9018375
0.9056987
0.8982574
0.8927822
0.8935283
0.9023477
0.8961709
0.9070874
0.8897134
0.8408249
0.9042425
0.9037823
0.9154499
0.9038037
0.9099065
0.9017502
0.8931845
0.9063518
0.9060312
0.9058571
0.8987471
0.908482
0.907145
0.9092914
0.8911086
0.8983443
0.9015873
0.9072412
0.9029789
0.9026648
0.9045693
0.9030673
0.9031593
0.9023402
0.9029824
0.9011733
0.9039469
0.9013904
0.8967325
0.8941361
0.9019946
0.9036558
0.9058404
0.9101147
0.9047781
0.9115915
0.9038303
0.9018493
0.902399
0.8953294
0.8978606
0.9068759
0.9052401
0.8898323
0.8992054
0.9008105
0.9033533
0.9058973
0.9037914
0.9023241
0.8891738
0.901633
0.8961837
0.8951982
0.8986066
0.886943
0.9077697
0.9065718
0.9047734
0.9030997
0.904734
0.9060489
0.9087464
0.9038268
0.9037928
0.8975987
0.9003274
0.9066164
0.8994836
0.8987435
0.9023839
0.8892866
0.8996921
0.
0.8889358
0.8982034
0.9067199
0.89946
0.8957762
0.8918691
0.8930527
0.9178875
0.8627906
0.9033398
0.8828858
0.883796
0.8630778
0.9015512
0.8857471
0.7721107
0.8899603
0.8096743
0.8434209
0.8647712
0.7491133
0.7792058
0.8888292
0.9072951
0.8061844
0.8921074
0.893569
0.8900374
0.8701851
0.9040389
0.8593085
0.8922732
0.8847674
0.9031762
0.9028071
0.9026691
0.8991578
0.8988621
0.9177822
0.9146384
0.8845216
0.8903933
0.8887054
0.8991457
0.911653
0.911304
0.9118353
0.9107836
0.9099226
0.9096863
0.9084351
0.9096325
0.9008684
0.8148049
0.9027207
0.8979651
0.896537
0.896459
0.8247868
0.8421249
0.9114108
0.9048661
0.887146
0.9106798
0.9010143
0.8932651
0.9043619
0.9047906
0.9015888
0.8828528
0.8305406
0.8881435
0.8832566
0.883746
0.8839841
0.8851346
0.8802083
0.8999709
0.895682
0.89559
0.8964443
0.8794881
0.9031799
0.8531159
0.8921174
0.8919201
0.8922491
0.8936683
0.8939165
0.8903472
0.889896
0.8444187
0.9042738
0.9130722
0.899318
0.8961636
0.8968916
0.8152454
0.9006401
0.8889358
0.
0.909458
0.9103048
0.9039001
0.8964595
0.8943642
0.8969741
0.8710485
0.8981603
0.9060667
0.9099083
0.908637
0.8997617
0.8681877
0.9041193
0.9149408
0.9172272
0.9139424
0.9091297
0.9075963
0.9065969
0.9129956
0.9115925
0.9039754
0.9024653
0.8996904
0.9111537
0.9127685
0.9254276
0.9092418
0.9209672
0.9201517
0.9101528
0.9047705
0.9053817
0.9039455
0.8675924
0.9240436
0.9153458
0.8860064
0.9098481
0.908301
0.9170974
0.9026434
0.875182
0.879367
0.8820881
0.8789987
0.8781516
0.8775127
0.8774667
0.8794679
0.9010754
0.9099035
0.8955953
0.9027443
0.9023851
0.9153538
0.919605
0.9206565
0.9129845
0.9062736
0.9211023
0.8698981
0.8994316
0.910022
0.8685599
0.9038023
0.8995378
0.9083096
0.9070678
0.9192978
0.921207
0.9187892
0.9220793
0.9205129
0.9074286
0.862534
0.8990623
0.9068424
0.8796171
0.903721
0.9138377
0.9174745
0.9151745
0.9116197
0.9136637
0.9130265
0.91492
0.9131469
0.9117689
0.9072876
0.884675
0.9131011
0.9029985
0.9028923
0.9013288
0.9020009
0.9042507
0.8982034
0.909458
0.
0.8288462
0.9052058
0.9005173
0.9006065
0.9050667
0.9266965
0.9072209
0.9094142
0.913996
0.9161103
0.9063574
0.8667432
0.909264
0.9186795
0.9200972
0.917776
0.9152339
0.9129681
0.9114959
0.9188732
0.9182403
0.912051
0.9089678
0.9046649
0.9181422
0.9178353
0.9301643
0.9113888
0.9198021
0.9189696
0.9152674
0.9105089
0.9111475
0.9120477
0.8709978
0.9269787
0.9126406
0.8868704
0.9134035
0.916655
0.9184352
0.9107743
0.8712176
0.8700131
0.8743199
0.8705986
0.8687242
0.8704807
0.8689671
0.8746985
0.9090094
0.9165641
0.9070564
0.8990688
0.9053158
0.917967
0.9211536
0.9245159
0.9155646
0.9135287
0.9247028
0.8675971
0.9077717
0.9178159
0.874211
0.9061446
0.9063317
0.9140219
0.9108571
0.9222029
0.9215072
0.9245447
0.9224512
0.9222794
0.9088257
0.8618441
0.9070543
0.9066044
0.883596
0.9101764
0.9164964
0.9190687
0.9192715
0.9171243
0.9196714
0.9167726
0.9195148
0.9183371
0.9181276
0.9114925
0.8885423
0.9113033
0.9060679
0.9067261
0.9035484
0.9087646
0.9103251
0.9067199
0.9103048
0.8288462
0.
0.9029701
0.9066872
0.9047636
0.9077652
0.9234425
0.9109944
0.9222826
0.9207321
0.920455
0.9010752
0.898356
0.8994504
0.9124942
0.9147267
0.9062466
0.9013712
0.9035279
0.8973486
0.908174
0.9200823
0.9135887
0.8983944
0.8905209
0.9156614
0.8941327
0.9195549
0.8926317
0.9185634
0.9012725
0.9127553
0.9161864
0.9169424
0.9168703
0.8938955
0.9226855
0.9047144
0.9018838
0.9026962
0.9163586
0.9100172
0.9181979
0.8879493
0.8935136
0.8924475
0.8891024
0.8893892
0.8922328
0.8908526
0.8913661
0.9163197
0.9024116
0.9084122
0.8797612
0.9095023
0.9182716
0.906864
0.9165156
0.9064396
0.9233644
0.9178491
0.8917855
0.9142402
0.9161456
0.8918166
0.9173126
0.9147799
0.9096359
0.9082582
0.9098696
0.9128247
0.9131289
0.913344
0.9122287
0.9025135
0.8999629
0.9078195
0.864
0.8978573
0.8993888
0.9124951
0.9061772
0.9183213
0.915047
0.9148532
0.916514
0.9204229
0.9172134
0.9159869
0.9024726
0.907764
0.8972362
0.9137215
0.9148959
0.9130843
0.8953914
0.909081
0.89946
0.9039001
0.9052058
0.9029701
0.
0.9129946
0.8607739
0.8626715
0.9199859
0.8985176
0.8315709
0.9022008
0.9039934
0.8933846
0.9020066
0.9021009
0.910453
0.9088479
0.91444
0.9060654
0.9035765
0.897608
0.9066748
0.9058469
0.8403568
0.8995103
0.8980364
0.9096875
0.9164528
0.9246332
0.9103446
0.9185478
0.9130636
0.9039934
0.842901
0.8426136
0.8332443
0.8942107
0.9169905
0.9153817
0.9149433
0.9089154
0.9038557
0.9095861
0.8333205
0.9143322
0.9175121
0.9178846
0.9179506
0.9180298
0.9197379
0.9165376
0.9168943
0.8340115
0.9108325
0.8548091
0.8933103
0.7935787
0.9148146
0.9189568
0.9195194
0.9115466
0.8119848
0.911971
0.908029
0.8312077
0.9068504
0.907164
0.841812
0.8358716
0.9044878
0.9021121
0.9147328
0.9156377
0.9145287
0.9165616
0.9162315
0.9007647
0.8963598
0.772179
0.9004636
0.8908204
0.8971524
0.9144514
0.9204157
0.91113
0.9137772
0.9144695
0.9165664
0.9177899
0.9134165
0.9154326
0.9081455
0.8926661
0.9181563
0.8229648
0.8205437
0.8255702
0.8975862
0.7960532
0.8957762
0.8964595
0.9005173
0.9066872
0.9129946
0.
0.8975945
0.8994338
0.9250095
0.9064506
0.9011717
0.8971488
0.9011316
0.8842755
0.8955121
0.8933119
0.9044545
0.9058051
0.903686
0.9014592
0.8901095
0.8890623
0.8959405
0.9020798
0.9015972
0.8890219
0.8895452
0.9072425
0.8974484
0.9213045
0.894685
0.9080889
0.9038462
0.8985284
0.9060321
0.9067176
0.9014807
0.8882602
0.9096155
0.9101763
0.9049403
0.8961086
0.9077227
0.9037731
0.9033686
0.8952445
0.8990039
0.8990444
0.8983521
0.8981085
0.8998204
0.8969458
0.8995994
0.8983493
0.9009558
0.8989645
0.8767603
0.896278
0.9114906
0.907132
0.914878
0.9017669
0.9028913
0.9090043
0.8950626
0.8984208
0.9051017
0.8965429
0.9035013
0.8971379
0.9027669
0.899095
0.9036341
0.9059663
0.9095394
0.9056411
0.9057224
0.891679
0.8931818
0.8925692
0.5692344
0.8890455
0.8896394
0.9103209
0.9074961
0.9072487
0.9083262
0.9094517
0.9097664
0.9121354
0.9076031
0.9058576
0.9017211
0.8951957
0.9042389
0.8976364
0.8971004
0.8955957
0.8913923
0.89677
0.8918691
0.8943642
0.9006065
0.9047636
0.8607739
0.8975945
0.
0.6179837
0.9184932
0.8919772
0.9033857
0.9048669
0.9047292
0.8932249
0.8984119
0.8984698
0.907771
0.9098199
0.9070852
0.9059119
0.8913067
0.8923657
0.8992712
0.9072169
0.9056638
0.8908631
0.8964374
0.9116743
0.9016807
0.9252245
0.8972812
0.9104059
0.9075126
0.9005617
0.9057594
0.9065718
0.9035002
0.8937303
0.9170966
0.9133725
0.9066676
0.8991734
0.9078628
0.905088
0.902423
0.9009635
0.9046111
0.9044492
0.9047404
0.9035976
0.9028664
0.9012994
0.9049199
0.9040437
0.9000289
0.9041879
0.8805079
0.8952112
0.912726
0.9085914
0.9151738
0.9056417
0.9077129
0.9123013
0.9006487
0.8997444
0.909247
0.8985449
0.9094423
0.9039222
0.903685
0.9042921
0.9084645
0.9090099
0.9108643
0.9078633
0.9080636
0.8967587
0.8969213
0.8963497
0.6101742
0.8891366
0.8957001
0.9134488
0.9108151
0.9081306
0.9098828
0.9093386
0.9104403
0.9120143
0.9097048
0.9078696
0.9087947
0.9015996
0.9102555
0.9010682
0.9006286
0.8978134
0.8929652
0.8992443
0.8930527
0.8969741
0.9050667
0.9077652
0.8626715
0.8994338
0.6179837
0.
0.9207287
0.8963038
0.9290059
0.9048607
0.9018731
0.8902984
0.9250847
0.909485
0.8711162
0.9042362
0.8663843
0.8562082
0.898518
0.8730532
0.8806671
0.9110087
0.9309495
0.8490978
0.9168087
0.9116737
0.9140854
0.8232261
0.9271867
0.8587417
0.9030344
0.9036873
0.9332075
0.9331756
0.934043
0.9246207
0.913438
0.9236877
0.92784
0.9030915
0.9114383
0.9136409
0.9322233
0.9231267
0.9241203
0.9270351
0.9246199
0.9252114
0.9214371
0.9239037
0.9224365
0.9321689
0.8696264
0.9281631
0.9232445
0.9258372
0.9131131
0.8760189
0.8785699
0.9270858
0.9311523
0.8993347
0.9214363
0.9298936
0.910033
0.9247218
0.9321468
0.9299962
0.902747
0.859102
0.8979871
0.8979656
0.8989496
0.8988045
0.8991888
0.9051482
0.9244946
0.9272092
0.9205277
0.9244192
0.9060509
0.91896
0.8785539
0.9061625
0.9028918
0.9062358
0.9041139
0.9054078
0.906434
0.9064024
0.8594473
0.9311949
0.9273858
0.9260602
0.9236524
0.9237479
0.8534372
0.925745
0.9178875
0.8710485
0.9266965
0.9234425
0.9199859
0.9250095
0.9184932
0.9207287
0.
0.9152876
0.9113684
0.8998758
0.8998654
0.8910174
0.9046642
0.8936952
0.9024339
0.8982708
0.9041375
0.8970401
0.8949539
0.8951668
0.905163
0.9012393
0.9128216
0.8916076
0.8487617
0.903884
0.8987572
0.9139185
0.9024504
0.9103036
0.9001281
0.9011113
0.9122597
0.912468
0.9114466
0.902223
0.9070278
0.9008736
0.9082633
0.8939768
0.9053006
0.9030299
0.913716
0.9013643
0.9037937
0.9067382
0.9053711
0.9050654
0.9051981
0.9008005
0.9065922
0.9137505
0.9001623
0.9054264
0.8978036
0.9075486
0.9066029
0.9057059
0.9086574
0.9037157
0.9091778
0.9011552
0.9034389
0.906322
0.9012572
0.8981614
0.9147144
0.9109929
0.8950365
0.8952317
0.8993808
0.8985833
0.9017716
0.8996948
0.8995787
0.8849608
0.9104621
0.9039787
0.8982397
0.9030324
0.8896745
0.9035542
0.9043512
0.9009789
0.9036463
0.9023763
0.9022008
0.9030448
0.900782
0.9009775
0.8968762
0.9095147
0.9088397
0.9065734
0.90773
0.9066794
0.8901393
0.9050204
0.8627906
0.8981603
0.9072209
0.9109944
0.8985176
0.9064506
0.8919772
0.8963038
0.9152876
0.