0.9169838
0.9151872
0.9176715
0.9147298
0.9165458
0.9198146
0.915253
0.9182056
0.9186674
0.9162988
0.9174774
0.9161311
0.9148215
0.916358
0.9150265
0.9196558
0.9183033
0.9039634
0.9246397
0.9180953
0.9179342
0.9128686
0.9044875
0.9044057
0.9056132
0.9039556
0.9040108
0.9037512
0.905686
0.9063319
0.9078844
0.893734
0.9058088
0.8839717
0.8750137
0.9056811
0.9064394
0.895348
0.8911391
0.8891218
0.8902175
0.872611
0.8813326
0.918373
0.8901969
0.919889
0.8809902
0.8852239
0.8842209
0.8949036
0.8877958
0.8773351
0.9126464
0.9129064
0.9063825
0.9148015
0.9085101
0.9112644
0.9148452
0.9047398
0.8989097
0.9165579
0.8999572
0.8970467
0.897259
0.8993724
0.8981379
0.8993708
0.9161308
0.9204003
0.8905262
0.8727425
0.8733651
0.9153678
0.9025974
0.9099494
0.9070443
0.9030224
0.9007677
0.8616273
0.8719701
0.9149429
0.9145592
0.9161491
0.9153022
0.9157024
0.9173969
0.9120479
0.914168
0.9115187
0.9176437
0.9153558
0.910786
0.9069129
0.9093278
0.9118004
0.9106701
0.9121279
0.9125094
0.9178444
0.9194478
0.9181936
0.920742
0.9164435
0.9169199
0.9183996
0.9183393
0.9195325
0.9214308
0.9188466
0.9176205
0.919478
0.9170306
0.917151
0.9173467
0.9208998
0.9203854
0.9038122
0.923654
0.9174042
0.9192385
0.9130159
0.9041351
0.9043668
0.9075992
0.9029359
0.9030335
0.9034774
0.9080983
0.906213
0.9085046
0.8949729
0.9078466
0.8844731
0.8763527
0.9056029
0.9049946
0.897819
0.8917479
0.8894946
0.890789
0.8708214
0.880297
0.9181009
0.8887288
0.9198777
0.8835444
0.8833804
0.8815034
0.8971856
0.8870821
0.875388
0.9127921
0.9102681
0.9089891
0.9168129
0.9071747
0.9122694
0.9149918
0.9035276
0.8988748
0.9152871
0.8949952
0.8945217
0.8963535
0.9005978
0.8979461
0.8988636
0.9173374
0.9210279
0.8895351
0.8727259
0.872404
0.9138673
0.9043665
0.9099843
0.9061625
0.9045616
0.9007318
0.858367
0.8714956
0.9126916
0.9139704
0.9157965
0.9149058
0.9165013
0.9156506
0.9123559
0.9150542
0.9147833
0.918095
0.9170266
0.9124571
0.9083303
0.9112274
0.9130745
0.9123818
0.9133625
0.9130887
0.917294
0.9217196
0.9163312
0.9211664
0.9164844
0.918234
0.9204283
0.9187268
0.9185492
0.9181392
0.9199002
0.9177564
0.9157917
0.9181884
0.9149979
0.9160973
0.9156853
0.9191692
0.9065755
0.9241766
0.9160484
0.9180957
0.9113321
0.9052513
0.905248
0.9033155
0.9041882
0.9047803
0.9057984
0.9033109
0.9062566
0.9068255
0.8971745
0.9072485
0.8871945
0.8868752
0.9069128
0.9041322
0.903228
0.8929533
0.8934127
0.8935838
0.8739671
0.8798986
0.920143
0.8960485
0.9220933
0.8921362
0.886912
0.88558
0.9036496
0.8843494
0.8763524
0.9147486
0.9165063
0.912473
0.9146717
0.9080919
0.9135196
0.9145236
0.9029557
0.8933055
0.9213456
0.8978917
0.8987863
0.8926682
0.8975003
0.898153
0.8921159
0.9182691
0.9207411
0.8931801
0.8770264
0.8773986
0.9175961
0.905865
0.9134387
0.9092535
0.9029994
0.9044049
0.8636016
0.8738019
0.9148474
0.9129409
0.9134311
0.9119395
0.9117936
0.9152471
0.9136935
0.9158806
0.9132045
0.9188292
0.9209606
0.9142043
0.910663
0.91591
0.9157917
0.91417
0.9163022
0.9119519
0.919676
0.9183881
0.9183121
0.9178574
0.9190756
0.9156239
0.9198065
0.9217955
0.9198025
0.9175944
0.9171746
0.9179682
0.9177696
0.9217026
0.9197037
0.9177702
0.9181241
0.9169251
0.9081355
0.9275613
0.9249245
0.918586
0.9239752
0.9068872
0.9070787
0.9078466
0.9075268
0.9074541
0.9068947
0.9077628
0.9074432
0.9246712
0.8976074
0.9293234
0.8941641
0.8862015
0.9210334
0.9242971
0.898154
0.904188
0.904501
0.9041311
0.8884173
0.8915279
0.9138967
0.8965838
0.9157992
0.8936814
0.8851132
0.8840294
0.899278
0.8910569
0.8871276
0.9261411
0.9281675
0.9181402
0.9127006
0.9241718
0.9171428
0.925029
0.9031153
0.9051489
0.9030314
0.902875
0.9035421
0.9022884
0.9041457
0.9024737
0.905296
0.9140261
0.9233146
0.9022441
0.886615
0.8871165
0.9191342
0.9017528
0.9044231
0.9131357
0.9215811
0.905045
0.87609
0.8947121
0.9221834
0.923466
0.9251223
0.9221638
0.9220038
0.9226032
0.9274586
0.9208076
0.9194621
0.9256795
0.9124562
0.9195725
0.9207096
0.92057
0.9190854
0.9200412
0.9206321
0.9206406
0.9215282
0.923733
0.9217732
0.9224597
0.9218159
0.920712
0.9219739
0.920939
0.920692
0.9223917
0.9210277
0.9217748
0.9192675
0.9206199
0.9203621
0.9208167
0.9199282
0.9187307
0.9030494
0.9302366
0.9150732
0.9179438
0.9128108
0.9029939
0.9025193
0.9042405
0.9019116
0.9025608
0.9014322
0.9045871
0.9034148
0.9104345
0.8926763
0.9125864
0.8963231
0.8866252
0.907104
0.9067815
0.9006597
0.8977797
0.8957975
0.8958132
0.8833369
0.8913487
0.9108101
0.8938754
0.9195496
0.8867228
0.8887888
0.8870112
0.9004242
0.8890699
0.8888328
0.9144405
0.9130009
0.9076389
0.9119501
0.913442
0.9157341
0.9173568
0.9016434
0.8976173
0.9110859
0.8995688
0.9023896
0.898847
0.901265
0.9008506
0.8981961
0.9143363
0.9148155
0.8942546
0.8838306
0.8843314
0.922399
0.9003517
0.9081873
0.9074934
0.9071075
0.9016231
0.866978
0.8839628
0.9163443
0.9168149
0.9153594
0.9153555
0.9126728
0.9160585
0.9135155
0.9132131
0.9129035
0.9200665
0.9141971
0.9115101
0.9116147
0.9116413
0.9122088
0.9115899
0.9120319
0.9150572
0.9182394
0.9141345
0.9167541
0.9143599
0.9153534
0.911466
0.9150283
0.9161383
0.9135032
0.9151609
0.9116881
0.9131
0.911713
0.9154441
0.9120582
0.913138
0.9131674
0.9144933
0.8983449
0.9247993
0.9141265
0.9118204
0.9111462
0.9005273
0.9005237
0.8996654
0.8998396
0.8998294
0.9004203
0.8995445
0.9021922
0.9086504
0.8890083
0.9115593
0.8838784
0.8738041
0.905423
0.9055542
0.8913013
0.8914659
0.8898642
0.8893193
0.8722802
0.8834266
0.9093241
0.8868749
0.9168053
0.8829605
0.8821898
0.8768861
0.8915569
0.8799275
0.8797269
0.9125277
0.912974
0.9019275
0.9147785
0.9101283
0.910033
0.9140559
0.8987148
0.8926928
0.9076505
0.8979071
0.8964611
0.8927613
0.8980232
0.8952327
0.8939416
0.9118365
0.9117883
0.8848273
0.879618
0.8781804
0.9146188
0.8977301
0.9036089
0.9019717
0.9078943
0.8977617
0.8627142
0.8807506
0.9113426
0.9123411
0.916305
0.9142329
0.9143723
0.9176969
0.915499
0.9087208
0.9069684
0.9174069
0.9135391
0.9078426
0.9062085
0.9079176
0.9083612
0.9078806
0.9088423
0.9099804
0.9133727
0.9462747
0.9465951
0.9491194
0.9481374
0.9457525
0.9453004
0.9501416
0.9511882
0.948224
0.9453252
0.9497775
0.9498921
0.9492805
0.9478073
0.9495793
0.9501773
0.945848
0.9368435
0.9526572
0.9542318
0.9469042
0.9566886
0.9386319
0.9385572
0.9383487
0.9362802
0.9360533
0.9396028
0.9380437
0.9387278
0.9599531
0.9422725
0.9603418
0.9513852
0.9411445
0.9569066
0.9578017
0.937866
0.9519286
0.9520849
0.9517404
0.9462699
0.9451737
0.9398768
0.9447687
0.9453363
0.9418433
0.9337839
0.9260439
0.9377487
0.9472044
0.9410109
0.954607
0.9566817
0.955203
0.9437186
0.9607665
0.9565247
0.9611374
0.9389675
0.9535577
0.9105944
0.9500369
0.9492437
0.9505711
0.952115
0.9508252
0.9532203
0.9417911
0.9507315
0.9488364
0.9411368
0.9413194
0.9553793
0.932852
0.9358886
0.9439034
0.9620075
0.9382221
0.9418727
0.9534459
0.9600847
0.9564467
0.9559405
0.9567402
0.957665
0.9563481
0.9600584
0.9511014
0.9472838
0.9561356
0.942573
0.9504239
0.9543566
0.9502235
0.9480413
0.9504549
0.9487441
0.9519782
0.9506905
0.9257118
0.9262113
0.925079
0.9263245
0.9207248
0.9232893
0.9241405
0.9263955
0.9243717
0.921602
0.923569
0.9229897
0.9226155
0.9253816
0.9241971
0.9237294
0.9233104
0.9176382
0.9278989
0.9257449
0.9216463
0.920405
0.9153844
0.9152354
0.9161964
0.9174395
0.9165801
0.9151321
0.916552
0.9158012
0.922024
0.9108771
0.9222028
0.9089805
0.9029607
0.9198963
0.9215267
0.9125549
0.9131413
0.9122376
0.9113813
0.9067448
0.9114514
0.9231526
0.9097572
0.9280971
0.9103455
0.9007602
0.9034633
0.9126815
0.9091463
0.9063788
0.9226296
0.9208559
0.9202773
0.9194483
0.9201835
0.9212757
0.9257823
0.9165408
0.9126846
0.922022
0.9148844
0.9137648
0.9118232
0.9157152
0.9176596
0.9123514
0.9212936
0.9271547
0.908025
0.907193
0.9087005
0.9264433
0.91601
0.9163749
0.9164631
0.9187639
0.9183221
0.8994012
0.9060202
0.924632
0.9220893
0.9240785
0.926476
0.9262525
0.923879
0.9241424
0.9231963
0.9223212
0.9282324
0.9260541
0.9203471
0.9190143
0.9232418
0.9210801
0.9206473
0.9207711
0.9223488
0.9270252
0.9322428
0.9292875
0.9285787
0.9284628
0.9313772
0.9279541
0.9272653
0.9315912
0.929786
0.9312975
0.92752
0.9303778
0.9261529
0.9308333
0.9295228
0.9309913
0.9312091
0.9217294
0.9324401
0.9269236
0.9298324
0.9202146
0.9237764
0.9242135
0.9249423
0.9236061
0.9248406
0.9254954
0.9254785
0.9249367
0.9154253
0.9112071
0.9144169
0.9038109
0.8952285
0.9177896
0.9182613
0.9135748
0.9089972
0.9067852
0.9077098
0.8885281
0.8967641
0.9271795
0.9107748
0.9320001
0.9022541
0.8966248
0.9018236
0.9141104
0.9026718
0.8975908
0.9199893
0.9154472
0.9249612
0.9237715
0.9158465
0.924458
0.9215056
0.9222105
0.9088319
0.9281342
0.9104953
0.9099044
0.9096259
0.9122656
0.9122705
0.9081882
0.9255382
0.9321167
0.9067586
0.8899892
0.8884283
0.925862
0.9240442
0.9248502
0.9143348
0.9150676
0.914098
0.8838011
0.8850563
0.9230506
0.9256583
0.9238865
0.9254065
0.9237936
0.9251559
0.9185324
0.9267515
0.926011
0.9250068
0.9357282
0.9280148
0.9231538
0.9275367
0.9289433
0.9279923
0.9289629
0.926118
0.9316499
0.9175816
0.9167048
0.9173539
0.9179278
0.9185222
0.9225224
0.9204274
0.9200635
0.9170136
0.9174716
0.9168928
0.9152393
0.9210933
0.9188999
0.9180288
0.915744
0.916993
0.9038848
0.9206145
0.9195559
0.9195443
0.9127829
0.9070639
0.9066705
0.9056873
0.9042272
0.9037344
0.906057
0.9055258
0.9072686
0.9081513
0.8884277
0.9083518
0.8869713
0.8761428
0.9079575
0.9086513
0.8975031
0.891744
0.891052
0.8901845
0.8813725
0.8878656
0.9140364
0.8867196
0.9210638
0.889215
0.8864836
0.8869524
0.8981596
0.8908223
0.8843478
0.9139994
0.9096527
0.9096161
0.9126498
0.9102238
0.9093088
0.9142563
0.9035241
0.8921037
0.9128666
0.8952685
0.8957848
0.8982498
0.895335
0.8975092
0.8945537
0.9133488
0.9179733
0.8920127
0.878191
0.8780815
0.9185961
0.9042846
0.9078422
0.9056227
0.9040066
0.8992885
0.8641766
0.8752301
0.9152796
0.9141613
0.9135322
0.9135798
0.9094249
0.9137112
0.913566
0.9143133
0.9107681
0.9164001
0.9120104
0.9101925
0.9086812
0.9118055
0.9139999
0.910467
0.9155616
0.9125785
0.9125573
0.9299648
0.9270691
0.9266033
0.9255294
0.9274939
0.9259361
0.9260798
0.92682
0.926614
0.9259832
0.9268912
0.9257822
0.9259107
0.9256984
0.924771
0.9269165
0.9269975
0.9142405
0.9283652
0.923098
0.926055
0.9203768
0.9133024
0.9134508
0.9150901
0.9130904
0.9123606
0.9136851
0.9145545
0.9141798
0.9156036
0.9077673
0.911577
0.8975541
0.8909207
0.9139269
0.9178006
0.9082641
0.905744
0.9040621
0.903698
0.8895797
0.8862824
0.9233582
0.9029825
0.9289126
0.9017693
0.8921219
0.9014035
0.9092915
0.8999049
0.8880417
0.9206236
0.9191453
0.9173941
0.9234986
0.9154245
0.9199249
0.9209751
0.913865
0.9012882
0.9236035
0.9054473
0.9062533
0.9030788
0.9070832
0.9075291
0.9012782
0.9219752
0.9277072
0.9036879
0.8850953
0.8862576
0.9240302
0.9139871
0.9187333
0.9143111
0.9145215
0.9096576
0.8846852
0.8836825
0.9214931
0.921628
0.9219455
0.918142
0.9211311
0.9231785
0.9176872
0.920626
0.9206621
0.9253798
0.9269633
0.9248906
0.9181812
0.9246443
0.9251046
0.9249401
0.9258299
0.9206127
0.9237011
0.9208356
0.9205739
0.9211402
0.9212514
0.919819
0.9219679
0.9202333
0.9224644
0.9230529
0.9209202
0.9215843
0.921466
0.9192434
0.9216087
0.9225398
0.9225323
0.9211257
0.910602
0.9239738
0.9268861
0.9225874
0.9278382
0.9093785
0.9093753
0.9091707
0.9109637
0.910119
0.9096146
0.9095086
0.9101695
0.9236027
0.9024811
0.9259672
0.8972816
0.8887857
0.9182933
0.9190402
0.9030035
0.9061349
0.9060997
0.9046966
0.8951869
0.8944803
0.9152263
0.9003485
0.9222958
0.897129
0.8881842
0.8884185
0.9031201
0.9010865
0.8904426
0.921778
0.922373
0.9175426
0.9153448
0.9231011
0.9220081
0.9221553
0.9099576
0.9049707
0.9011334
0.908894
0.9090909
0.9052713
0.9054054
0.9095288
0.905385
0.9176198
0.9233805
0.9062643
0.8927008
0.8924545
0.9263966
0.9082265
0.9081881
0.9100996
0.92197
0.908325
0.883935
0.8946127
0.92713
0.9234184
0.92409
0.9252644
0.9251918
0.9251971
0.9267617
0.9216244
0.9226806
0.9266148
0.9173298
0.9208202
0.9207321
0.9207068
0.9199958
0.9208671
0.9204669
0.9219529
0.9222218
0.9070386
0.9050451
0.9078621
0.9029616
0.9051838
0.9045571
0.9050194
0.9040523
0.9055032
0.905628
0.9062694
0.9046558
0.9043012
0.9045428
0.904965
0.906042
0.9031195
0.9089497
0.9108358
0.9092846
0.8989368
0.9073153
0.9006289
0.9008274
0.9028027
0.9050758
0.9036479
0.9005992
0.9033604
0.9014558
0.9060567
0.9078388
0.8993301
0.910269
0.917566
0.8963941
0.8947116
0.9214524
0.9092625
0.9084761
0.9103225
0.9273407
0.9328712
0.9207714
0.9063136
0.9119439
0.9242844
0.9219876
0.9255993
0.9218711
0.9066291
0.9253272
0.9094618
0.9089666
0.8899107
0.9012003
0.8969796
0.8973532
0.9053826
0.9044346
0.9131864
0.9262005
0.9138311
0.9161864
0.9121425
0.9144875
0.9118933
0.9125136
0.9204258
0.9235095
0.9103919
0.9364074
0.9367806
0.9103243
0.9104075
0.913894
0.9316542
0.8998298
0.9280215
0.9253945
0.9139828
0.9033281
0.8947172
0.8989721
0.8994601
0.9008807
0.9017322
0.9006271
0.8935876
0.893267
0.9128258
0.8984495
0.8946289
0.891346
0.8927365
0.894899
0.8939982
0.8948307
0.8946188
0.900494
0.9061564
0.9050369
0.9055824
0.9034314
0.8987529
0.9030653
0.9019565
0.9004022
0.9051352
0.9029311
0.9036996
0.9057287
0.9012364
0.9016802
0.9029531
0.9022946
0.9024229
0.9041835
0.9102888
0.9086136
0.8963993
0.9069937
0.8993138
0.8992694
0.901338
0.9032566
0.9025919
0.8993251
0.902302
0.8996069
0.9081726
0.9070403
0.8966094
0.9130782
0.920316
0.8961663
0.8937414
0.9219367
0.9078727
0.9075593
0.9075419
0.9260741
0.9345788
0.9180322
0.9073421
0.9074088
0.9225889
0.92383
0.9286074
0.9220497
0.9063038
0.9274346
0.9114531
0.9101456
0.8873495
0.9017064
0.8921294
0.8995366
0.8998706
0.9063483
0.9122101
0.9247683
0.9121492
0.9128656
0.910326
0.9144195
0.9117807
0.9123627
0.924073
0.9256451
0.9083285
0.9366478
0.9366843
0.9098513
0.9123185
0.9150895
0.9294056
0.8987492
0.9276029
0.9257733
0.916524
0.8990472
0.8950177
0.8987086
0.8977952
0.8987089
0.900453
0.8954865
0.8881819
0.8921969
0.9085561
0.8997107
0.8933593
0.8905997
0.892085
0.8937588
0.8927662
0.8942254
0.8922644
0.8982621
0.906999
0.9037
0.9059395
0.9024893
0.9055852
0.9047805
0.9023852
0.9047602
0.9030122
0.9054332
0.9026325
0.9008164
0.9012957
0.9037553
0.9050606
0.9002824
0.9068852
0.9048358
0.9198847
0.8466451
0.9044081
0.8424634
0.9036686
0.9033524
0.9039351
0.9043497
0.9037416
0.9036385
0.9038913
0.9036201
0.8418079
0.9034375
0.8343556
0.8985554
0.906219
0.8458964
0.8156236
0.9195684
0.9045611
0.9030447
0.903376
0.9120559
0.917193
0.9168941
0.9041653
0.9047328
0.9123922
0.9138512
0.9172426
0.919375
0.8996818
0.9076515
0.8569552
0.8510764
0.8814347
0.9041217
0.8266564
0.8924397
0.900484
0.903103
0.9027625
0.9345446
0.9046878
0.9102081
0.900713
0.904948
0.9059144
0.90357
0.9210171
0.922352
0.9026247
0.9176876
0.9184945
0.9003808
0.9118178
0.9193191
0.923766
0.8065158
0.919471
0.9089047
0.8937667
0.8981032
0.8975804
0.8944237
0.8963202
0.8972221
0.8946454
0.8935052
0.8979732
0.898579
0.901461
0.9030547
0.8980137
0.8870454
0.8977913
0.8991733
0.8975666
0.8997808
0.8984536
0.8983327
0.902411
0.902411
0.9014454
0.9012647
0.8991694
0.898853
0.8969526
0.8981173
0.8967511
0.9008493
0.8968094
0.8982617
0.89752
0.9001367
0.9004023
0.8963183
0.9001909
0.8976091
0.913491
0.8566069
0.8964278
0.8548923
0.8968501
0.8968863
0.8947387
0.8928208
0.8958717
0.8960634
0.8948969
0.8976868
0.8333589
0.8997414
0.8423645
0.9000216
0.9018107
0.8443501
0.8300629
0.9171505
0.8999353
0.8976724
0.8983643
0.9117168
0.9174002
0.9103373
0.8990671
0.8999272
0.9085959
0.9114063
0.9159481
0.9166462
0.8982622
0.9074239
0.8610938
0.8552261
0.8716889
0.8996558
0.8393158
0.8890965
0.895066
0.8955704
0.8974755
0.9252409
0.9001506
0.9007456
0.8987926
0.9
0.8990743
0.8985731
0.9146417
0.9209439
0.8988295
0.9193028
0.9189408
0.8998455
0.9077243
0.9122512
0.9218251
0.8300263
0.915492
0.9076764
0.8953721
0.8951701
0.8826659
0.8945865
0.8929346
0.8909356
0.8951348
0.8893246
0.8903888
0.8914601
0.897655
0.8955257
0.8898355
0.8850826
0.8923654
0.8902827
0.8897383
0.8908227
0.8900961
0.8953071
0.9056756
0.9037854
0.9054198
0.9047094
0.9005143
0.9065876
0.9027885
0.9027367
0.9041641
0.9052574
0.9047777
0.9041978
0.901054
0.9017426
0.9047514
0.9026839
0.9025694
0.9058539
0.9127116
0.9071148
0.9005773
0.9066784
0.8965043
0.8966235
0.8988382
0.901826
0.9020922
0.8973769
0.8995675
0.8972378
0.9070572
0.9048003
0.8981319
0.9120382
0.9200638
0.8966114
0.8948385
0.9220802
0.9093167
0.9082458
0.909706
0.9272356
0.9352273
0.9191242
0.9050686
0.9065226
0.9225813
0.9224306
0.9258709
0.9230027
0.9074305
0.9252088
0.9098305
0.909453
0.8884078
0.8978863
0.8969978
0.8944041
0.9017202
0.9048617
0.9114049
0.9257003
0.9098761
0.9108359
0.9098661
0.9125132
0.9106564
0.9121127
0.9239595
0.9241508
0.9085783
0.9354942
0.9346985
0.9116961
0.908024
0.9153663
0.9298425
0.8952171
0.9262806
0.9260112
0.9147432
0.9000818
0.8935595
0.8994904
0.8973454
0.8988
0.8997724
0.8989314
0.8908714
0.8927617
0.9090506
0.8988518
0.8916388
0.8881773
0.8942146
0.8928358
0.8909146
0.8930563
0.8922456
0.8972369
0.9046788
0.9036824
0.9065736
0.9037601
0.8994354
0.8983893
0.9080714
0.9003082
0.9018154
0.899733
0.9018678
0.9018506
0.9040966
0.8974368
0.8980338
0.8998571
0.8965581
0.901395
0.9103374
0.9098493
0.8926556
0.9100584
0.9012011
0.9014389
0.9016807
0.8975461
0.8974622
0.9005274
0.9019973
0.9010163
0.91831
0.9009764
0.9138408
0.9177949
0.9207715
0.9004247
0.9008848
0.9157098
0.9108142
0.909877
0.9107679
0.931043
0.9377784
0.9153912
0.903722
0.9062305
0.9240542
0.9235323
0.9231212
0.9149619
0.9071325
0.9270037
0.9154315
0.913309
0.8904192
0.8934036
0.9047042
0.9014313
0.910395
0.9007857
0.915763
0.9176585
0.9148829
0.9179623
0.9137968
0.9172965
0.9149463
0.9150971
0.9181957
0.921062
0.9095749
0.9368082
0.9366582
0.9139862
0.9073615
0.9083958
0.929608
0.9075335
0.9239165
0.9267277
0.9213021
0.9092137
0.900705
0.900796
0.9021204
0.9075452
0.9014936
0.9102403
0.8940353
0.8918596
0.9173617
0.8913772
0.8914913
0.8977801
0.8917919
0.8921023
0.8916008
0.891951
0.8942387
0.8925124
0.909461
0.9057223
0.9090148
0.9068776
0.9002281
0.9045952
0.9046174
0.9035671
0.9059417
0.9047462
0.9049898
0.9066127
0.9028565
0.9053807
0.9054424
0.904959
0.9032376
0.9064402
0.9096974
0.9092453
0.8972864
0.9053267
0.8984369
0.8985956
0.9021966
0.9021783
0.9025221
0.8991788
0.9027554
0.8990516
0.908812
0.9076
0.8974483
0.9138586
0.9190524
0.8998505
0.8962542
0.9221461
0.9080731
0.9072037
0.9082602
0.9264302
0.9363803
0.921196
0.9067892
0.908096
0.9235254
0.9231513
0.9271897
0.9221061
0.9097372
0.9265242
0.9110992
0.9095555
0.8886037
0.898705
0.8926119
0.8973075
0.902236
0.9071507
0.9139338
0.9245121
0.9127733
0.9139587
0.9113929
0.9134661
0.9115796
0.9135762
0.9234175
0.9255429
0.911658
0.9372407
0.937988
0.9083439
0.9102091
0.9150011
0.9286216
0.8958612
0.9279531
0.925324
0.9163545
0.9006911
0.8954112
0.8993318
0.8978549
0.9003098
0.9003856
0.8940567
0.8900522
0.8901474
0.9088373
0.899148
0.895035
0.8907137
0.8924831
0.8939895
0.8945286
0.8944963
0.8934537
0.8958131
0.9093087
0.9058541
0.9083867
0.9069674
0.9029894
0.9063613
0.9053507
0.9046677
0.9073089
0.9061178
0.906837
0.9065836
0.9039942
0.9048348
0.9061318
0.9054528
0.9054153
0.9048647
0.9113492
0.908858
0.8998995
0.9068089
0.8997574
0.9000368
0.9024962
0.9036039
0.9054197
0.9003342
0.9030536
0.9000517
0.9079034
0.907847
0.9008933
0.9135825
0.9172496
0.8964573
0.8947368
0.923047
0.9070105
0.9065376
0.9080301
0.9273626
0.9339779
0.921259
0.909962
0.9080642
0.9219011
0.9207413
0.9262799
0.9236958
0.909584
0.9244683
0.9122282
0.9113606
0.8895248
0.9014172
0.8980651
0.8968442
0.9037459
0.9063639
0.9139715
0.9272597
0.9136359
0.9141529
0.9112772
0.9140159
0.9114642
0.9134577
0.9242926
0.9262464
0.9088135
0.9332323
0.9325121
0.9104872
0.9101742
0.9160203
0.9300981
0.8972402
0.9290245
0.9270294
0.9142992
0.9002252
0.8950716
0.9001611
0.8971827
0.9002099
0.8998778
0.9007679
0.8957588
0.8969187
0.9113174
0.8998315
0.8939134
0.8890851
0.8950581
0.895743
0.893571
0.8963295
0.8962933
0.9004711
0.9097548
0.9066963
0.9072811
0.9060574
0.9012972
0.9045726
0.9029105
0.9049523
0.9064782
0.9064827
0.9054868
0.9056714
0.9028342
0.9057974
0.9057786
0.9050967
0.9034962
0.9052173
0.9105386
0.9067343
0.9010019
0.9058216
0.8993887
0.8995066
0.9029386
0.9030021
0.9042643
0.9001287
0.903175
0.8998853
0.9057523
0.9102318
0.8985292
0.9123392
0.919106
0.894021
0.8920259
0.9228096
0.9068981
0.9060256
0.9079192
0.9258691
0.9320234
0.9211336
0.9093017
0.9092381
0.9228881
0.9231651
0.9264309
0.9231916
0.9099125
0.9232286
0.9090095
0.9065421
0.8886666
0.8985624
0.894776
0.8982253
0.9011613
0.9040495
0.912968
0.9301288
0.9119636
0.9120498
0.9109343
0.9135999
0.911635
0.9128847
0.9241377
0.9250595
0.90775
0.9348929
0.9341005
0.907765
0.9091108
0.91478
0.9289353
0.8953061
0.9283822
0.92649
0.9137233
0.8985931
0.8952661
0.8980154
0.8980383
0.9000848
0.9001186
0.8963979
0.8929387
0.8943967
0.9093743
0.899456
0.8946014
0.8907759
0.8947602
0.8946665
0.8939705
0.8952137
0.8955414
0.8994459
0.906204
0.9024979
0.9043776
0.9013464
0.9016328
0.9037943
0.9014777
0.9026158
0.9013596
0.9019218
0.9020068
0.8988882
0.9010073
0.902949
0.9032502
0.8992999
0.9032049
0.9066304
0.9073975
0.9040924
0.8991251
0.9048712
0.9015069
0.9010256
0.9030511
0.9015248
0.9038836
0.9020339
0.9036005
0.9010857
0.9090124
0.9091462
0.9005539
0.9111095
0.9197912
0.896257
0.8907631
0.9220734
0.9047927
0.9047551
0.9057994
0.9287041
0.935402
0.9186855
0.9040767
0.9100891
0.9229421
0.9226449
0.9251766
0.9226001
0.9079624
0.9227453
0.9111855
0.9067568
0.8910987
0.8967896
0.8971148
0.8969992
0.8995015
0.9045011
0.9109176
0.9282317
0.9098861
0.910943
0.9040222
0.9102086
0.9099896
0.9113007
0.923806
0.9230067
0.905986
0.9377641
0.9379485
0.9129116
0.9099183
0.9151092
0.9312347
0.8948853
0.924952
0.9255837
0.9150822
0.8966374
0.8924051
0.8989179
0.8963601
0.9006793
0.9003945
0.9011143
0.8933653
0.8948008
0.9094326
0.8971776
0.890765
0.8898399
0.8895208
0.8929174
0.8902588
0.8935796
0.8945448
0.8980371
0.9063321
0.9052939
0.9062386
0.9046122
0.9037467
0.9050051
0.906428
0.9044628
0.9041497
0.9039546
0.9041993
0.9031797
0.9046297
0.9032282
0.9050139
0.9002944
0.9005474
0.905754
0.907187
0.9056583
0.8988571
0.9028209
0.903741
0.9035764
0.9034126
0.9055262
0.9046975
0.9034685
0.9041307
0.9038128
0.9051041
0.9047828
0.8959379
0.9127329
0.9161783
0.8930709
0.892869
0.9213248
0.9059368
0.906299
0.9062808
0.9249589
0.9348318
0.9174987
0.9030128
0.9078268
0.9198586
0.9224008
0.9249712
0.9210526
0.9085165
0.9248182
0.9088498
0.9049548
0.8876791
0.8983485
0.8929038
0.8925457
0.9030939
0.9058845
0.9120628
0.9245351
0.9108986
0.9122458
0.9095444
0.9129298
0.9113186
0.9114663
0.9227306
0.9260628
0.9103273
0.9353611
0.9352084
0.9102597
0.912051
0.9135564
0.9316149
0.8958248
0.9236777
0.9255399
0.9115798
0.8964954
0.8933532
0.8937302
0.8948905
0.8979584
0.8951057
0.8963421
0.8908859
0.8903981
0.9083294
0.8969592
0.8915248
0.8851808
0.8898037
0.8921799
0.8912197
0.8924407
0.8911713
0.8936696
0.9028806
0.901765
0.9036591
0.9028383
0.8981167
0.9003632
0.9014551
0.9017195
0.9001349
0.8967659
0.8978624
0.9004915
0.9001019
0.8989399
0.8985697
0.9000256
0.8993546
0.9038333
0.9117857
0.9057038
0.8926497
0.8977463
0.9015245
0.9014809
0.9027601
0.902023
0.9051087
0.9012544
0.9029948
0.9010602
0.9087253
0.9023745
0.896963
0.9113878
0.9143432
0.8940706
0.8889093
0.921657
0.9092514
0.9096907
0.9079413
0.929015
0.9358283
0.9142312
0.9043491
0.9102054
0.9210833
0.9211923
0.9223492
0.9218447
0.9031765
0.9233259
0.9103397
0.9042595
0.8849607
0.8958515
0.8908868
0.8967015
0.9013971
0.9039823
0.9127565
0.9273999
0.9065013
0.9100061
0.9086113
0.9096949
0.9076701
0.9124785
0.9201873
0.921604
0.9067462
0.9339679
0.9348222
0.9072757
0.9096377
0.9110974
0.9264048
0.893837
0.9278376
0.924769
0.9153093
0.8975952
0.8936304
0.8960617
0.8933071
0.8954796
0.8953261
0.8967991
0.8888723
0.8875587
0.9078353
0.8917501
0.8876522
0.888615
0.8903574
0.887083
0.8878003
0.8885388
0.8906023
0.8931235
0.9049708
0.9036885
0.9048752
0.904288
0.8994986
0.903721
0.901608
0.9006603
0.9039449
0.9023012
0.9041552
0.90438
0.8995959
0.9014529
0.902606
0.9027528
0.9012273
0.9045083
0.910695
0.9092981
0.8949659
0.9083179
0.8990443
0.8992031
0.9021999
0.9017371
0.9021635
0.8992588
0.9030412
0.8993769
0.9072663
0.9071335
0.8975673
0.9133273
0.919197
0.8977971
0.89433
0.921296
0.9089983
0.9078516
0.908869
0.9254707
0.9359056
0.9178516
0.9067991
0.9084704
0.9233673
0.9253437
0.9267265
0.9213695
0.9064377
0.9279817
0.910413
0.9084677
0.8857219
0.8982591
0.8941712
0.8979993
0.9011853
0.9076002
0.9129317
0.9252038
0.9102285
0.9121695
0.9089881
0.9126958
0.9103731
0.9126119
0.9238227
0.9267252
0.9090578
0.9372183
0.9367307
0.910894
0.9097857
0.9158515
0.9305438
0.8976597
0.926321
0.9258994
0.9160625
0.8994701
0.8957751
0.8992094
0.8964498
0.8979494
0.8998143
0.8965802
0.8876544
0.8918392
0.9093314
0.8971153
0.8906795
0.8875175
0.8904498
0.8906769
0.8901231
0.8910625
0.8926132
0.8977841
0.9044115
0.9009684
0.9057126
0.9012061
0.8995593
0.9004821
0.9017407
0.8969878
0.8980319
0.9011456
0.8984126
0.9007723
0.9020267
0.895978
0.899766
0.8983238
0.9007983
0.9031904
0.9063876
0.9063641
0.8922725
0.9068798
0.8991473
0.899265
0.9022097
0.8996511
0.9017322
0.8987946
0.902406
0.8996011
0.9093657
0.9019436
0.9034775
0.9095918
0.9179749
0.8916829
0.8927385
0.9193199
0.9064861
0.9053356
0.9059543
0.9293187
0.9340644
0.9108989
0.8999745
0.9076934
0.9207326
0.9220366
0.923863
0.9186208
0.9075073
0.9255995
0.910664
0.9102555
0.8900297
0.8946925
0.8961
0.8974957
0.9017243
0.9046403
0.9118019
0.9235867
0.9106014
0.9119059
0.9101597
0.9131772
0.9106666
0.911718
0.9211109
0.9233639
0.909081
0.937136
0.9360894
0.9088569
0.9068196
0.9106792
0.9331006
0.8976057
0.9224746
0.9244764
0.9169628
0.8986369
0.8954409
0.8960767
0.8957417
0.8992339
0.8968127
0.9005589
0.8889722
0.8871506
0.9107489
0.8928679
0.8861191
0.8877528
0.8856248
0.8872141
0.8860166
0.8894227
0.8890473
0.8938241
0.9045494
0.9024623
0.9053352
0.9026205
0.900652
0.9057802
0.9038003
0.901449
0.9035216
0.9018362
0.9035319
0.9052412
0.9027991
0.9015118
0.9023435
0.9013582
0.9003568
0.9075136
0.911265
0.9066275
0.8981256
0.9085359
0.899022
0.898815
0.9011692
0.9029672
0.9021017
0.8992771
0.901367
0.8995586
0.9067654
0.9066351
0.8981585
0.9109778
0.9171069
0.8966844
0.8961442
0.9220844
0.9109989
0.9097791
0.910596
0.9264522
0.9364558
0.9164857
0.9059029
0.9079263
0.9231208
0.92193
0.9245794
0.9220058
0.9088949
0.9251998
0.9116026
0.9086842
0.8872568
0.8985598
0.8978909
0.8967068
0.9038355
0.9070609
0.9148775
0.9261904
0.9105647
0.9120716
0.9122214
0.9132694
0.9115772
0.9150698
0.9218652
0.9265951
0.911339
0.9364184
0.9366798
0.9105183
0.9107221
0.9126295
0.9316179
0.8985782
0.927142
0.9246116
0.9150558
0.9006294
0.8952573
0.8983363
0.8952277
0.8993122
0.8999554
0.8988309
0.8904295
0.8916069
0.911631
0.8985442
0.8921084
0.8894626
0.890508
0.8928438
0.8917207
0.8928984
0.8943739
0.8985421
0.8755159
0.8742714
0.8755857
0.873176
0.872046
0.8732571
0.8735352
0.8731579
0.870046
0.8737846
0.8700567
0.8706497
0.871031
0.8734392
0.8719663
0.8716512
0.8729184
0.9045577
0.9148636
0.9042792
0.8769645
0.9034871
0.899156
0.8987933
0.8999133
0.8997321
0.9010704
0.8990876
0.9005451
0.8995632
0.8986736
0.9009246
0.8939167
0.9012852
0.9063811
0.8907572
0.8949298
0.9146783
0.9011187
0.9011559
0.9010953
0.9150579
0.9213238
0.9170597
0.8998922
0.8832944
0.9130834
0.9112378
0.9185346
0.9138982
0.9010008
0.9116432
0.9009616
0.8988097
0.8926763
0.9025308
0.8938883
0.825469
0.8726103
0.9021226
0.9032779
0.9274179
0.9010953
0.9050721
0.8977902
0.9006711
0.9014393
0.9032686
0.9091724
0.9248793
0.9042828
0.9250542
0.9245884
0.8733351
0.9105618
0.9171273
0.9253519
0.8892523
0.9199692
0.9108098
0.9004861
0.8727598
0.8675576
0.8747001
0.8710792
0.8753616
0.8756009
0.8678361
0.8733665
0.8705114
0.8832761
0.8772669
0.8726212
0.8693377
0.8756302
0.871509
0.872338
0.8727368
0.8724538
0.8718987
0.9067372
0.9033097
0.9023528
0.90362
0.9009638
0.9008382
0.9037124
0.9027624
0.9033628
0.903212
0.9007863
0.9020252
0.9037934
0.9013677
0.9037011
0.900233
0.9049859
0.8968699
0.9181231
0.9022402
0.9020269
0.901445
0.889573
0.8891667
0.8898327
0.8924805
0.8936882
0.889428
0.890594
0.8891236
0.9012686
0.8024092
0.8984618
0.881006
0.8902439
0.8973381
0.8940376
0.823445
0.7816651
0.7787607
0.7756466
0.8946841
0.895982
0.9155423
0.7937488
0.9076083
0.8939421
0.8911503
0.8947292
0.8235606
0.8609503
0.8893574
0.909792
0.9083149
0.8910132
0.9124203
0.8948438
0.9038261
0.90606
0.8929472
0.8780594
0.9182963
0.8765877
0.8827661
0.873227
0.8782161
0.8782561
0.877834
0.9150485
0.8397561
0.7855282
0.9007303
0.8997904
0.9088623
0.8971525
0.9067552
0.846134
0.8965193
0.7715538
0.8804435
0.8831093
0.905083
0.9016997
0.9002074
0.8940842
0.9002157
0.9014003
0.9019985
0.8977562
0.8960015
0.9102436
0.8997259
0.8961977
0.89115
0.8970191
0.8976895
0.8969484
0.8986182
0.8947445
0.9022989
0.9067372
0.9033097
0.9023528
0.90362
0.9009638
0.9008382
0.9037124
0.9027624
0.9033628
0.903212
0.9007863
0.9020252
0.9037934
0.9013677
0.9037011
0.900233
0.9049859
0.8968699
0.9181231
0.9022402
0.9020269
0.901445
0.889573
0.8891667
0.8898327
0.8924805
0.8936882
0.889428
0.890594
0.8891236
0.9012686
0.8024092
0.8984618
0.881006
0.8902439
0.8973381
0.8940376
0.823445
0.7816651
0.7787607
0.7756466
0.8946841
0.895982
0.9155423
0.7937488
0.9076083
0.8939421
0.8911503
0.8947292
0.8235606
0.8609503
0.8893574
0.909792
0.9083149
0.8910132
0.9124203
0.8948438
0.9038261
0.90606
0.8929472
0.8780594
0.9182963
0.8765877
0.8827661
0.873227
0.8782161
0.8782561
0.877834
0.9150485
0.8397561
0.7855282
0.9007303
0.8997904
0.9088623
0.8971525
0.9067552
0.846134
0.8965193
0.7715538
0.8804435
0.8831093
0.905083
0.9016997
0.9002074
0.8940842
0.9002157
0.9014003
0.9019985
0.8977562
0.8960015
0.9102436
0.8997259
0.8961977
0.89115
0.8970191
0.8976895
0.8969484
0.8986182
0.8947445
0.9022989
0.8487827
0.8479552
0.8474685
0.8488011
0.8371148
0.8419253
0.8458765
0.8404211
0.8383792
0.8397893
0.8408641
0.8398825
0.8423514
0.8412717
0.8450752
0.8413638
0.8449056
0.9015101
0.9134084
0.9007247
0.8551223
0.8997153
0.8978487
0.8971235
0.8988112
0.8967449
0.898621
0.8964978
0.8986085
0.8983713
0.906232
0.8935622
0.9061084
0.9052908
0.9065263
0.8956349
0.8942906
0.9123086
0.8984753
0.8991469
0.8983677
0.915256
0.9247901
0.9090492
0.8960095
0.8537403
0.9109276
0.91611
0.9126845
0.9117501
0.8990243
0.9186678
0.9079282
0.9056416
0.8844101
0.8997443
0.8934435
0.8676322
0.8724419
0.8974433
0.90703
0.92102
0.9068161
0.9069001
0.898758
0.9056325
0.9048831
0.9078052
0.9157222
0.916284
0.9013393
0.9255692
0.9258571
0.8513381
0.9035818
0.9073373
0.9231706
0.8969212
0.9139652
0.9141452
0.9121678
0.8702713
0.8653274
0.8674582
0.8608706
0.8616189
0.8671884
0.865462
0.8583758
0.8553574
0.8740066
0.8460823
0.8515381
0.853541
0.8535772
0.8572023
0.8517967
0.8572077
0.8565493
0.8531613
0.8802861
0.8797108
0.8802791
0.8783401
0.8755776
0.8769293
0.877173
0.8722662
0.8735024
0.8792381
0.8758753
0.8742661
0.8777439
0.8751705
0.8719956
0.8723917
0.8804424
0.9089047
0.915253
0.9083025
0.8834641
0.907998
0.9068881
0.9068848
0.9038468
0.9071798
0.9080855
0.9071313
0.9047482
0.907212
0.9023069
0.9095644
0.8917463
0.9048456
0.9099485
0.8961623
0.8989808
0.9159416
0.9061661
0.905542
0.9068568
0.9112098
0.920986
0.9160055
0.905373
0.8850519
0.9135511
0.9152627
0.9215359
0.9158524
0.9061893
0.916897
0.9105197
0.9087272
0.8968932
0.9059933
0.8960085
0.8440556
0.8788909
0.9113508
0.9042332
0.9301649
0.9103011
0.9093371
0.9039471
0.9067958
0.9101328
0.9041066
0.9185745
0.927954
0.9077468
0.9267816
0.9261693
0.8745257
0.9172488
0.9186746
0.9255769
0.8918364
0.9207665
0.91326
0.9019736
0.8778453
0.8717805
0.8761375
0.8729713
0.8782165
0.8777604
0.87446
0.8774285
0.8778225
0.8836703
0.8841755
0.8762199
0.869539
0.8797253
0.8762294
0.8761511
0.8771975
0.8781198
0.8857027
0.8502745
0.8502309
0.8481316
0.8476751
0.840613
0.8454791
0.8480267
0.8408978
0.8409821
0.8408839
0.8450002
0.8415524
0.8427853
0.8432927
0.845777
0.8434347
0.8410186
0.8981289
0.9156597
0.9012226
0.8558075
0.9011259
0.8978246
0.8974191
0.8973874
0.8965165
0.896637
0.8971537
0.897184
0.8985502
0.9073372
0.8922769
0.9039554
0.902082
0.9053425
0.8964832
0.8899227
0.9126313
0.89941
0.8997247
0.8992639
0.9141972
0.9269544
0.9067361
0.894458
0.8520531
0.9121761
0.9140073
0.912779
0.9126891
0.8978009
0.9171593
0.9093611
0.9065364
0.8852238
0.8999639
0.893733
0.8702849
0.8719665
0.8968164
0.9052226
0.9187513
0.8999458
0.9049743
0.8975356
0.9009496
0.8978255
0.9062376
0.9145871
0.9182252
0.8998115
0.926373
0.9264737
0.8508337
0.9022592
0.9052811
0.9216331
0.8944216
0.9165138
0.9141264
0.9084033
0.8706774
0.8652102
0.8669255
0.8645458
0.862864
0.8673331
0.8649987
0.8538238
0.8565649
0.8743362
0.8512186
0.8523023
0.8491489
0.8519434
0.8583179
0.8526058
0.8563725
0.8529852
0.8532272
0.87753
0.8776126
0.8785938
0.876897
0.8727839
0.873492
0.8780434
0.8720541
0.8726667
0.8760565
0.8718395
0.872223
0.8781179
0.8727999
0.8710334
0.8713845
0.8745287
0.9048997
0.9157846
0.9049029
0.8775396
0.9040742
0.900984
0.9005031
0.9007838
0.903461
0.9037943
0.8996814
0.9015731
0.9007203
0.8976704
0.9061571
0.8893992
0.9037694
0.907086
0.8929925
0.8936789
0.918293
0.9034042
0.9041135
0.9034637
0.9115504
0.9236764
0.9174033
0.901587
0.8792129
0.9149626
0.9151429
0.9209618
0.9192327
0.9040479
0.9171631
0.9065866
0.9044078
0.8933654
0.9046102
0.8896085
0.8341753
0.8728889
0.9067705
0.9030394
0.9314867
0.9079192
0.9089774
0.8988216
0.9049759
0.9064231
0.903227
0.9153833
0.9241326
0.9045959
0.92427
0.9233872
0.8692302
0.9168213
0.914536
0.9246121
0.8873219
0.918572
0.9121694
0.8964776
0.8727029
0.8655807
0.8686711
0.8657781
0.8729226
0.8716327
0.8709787
0.8691582
0.8743407
0.8788755
0.8799099
0.8725219
0.8639288
0.8750742
0.8710303
0.8726184
0.8726378
0.870701
0.8809462
0.9002191
0.9002191
0.9024478
0.8995434
0.8992676
0.9030884
0.8987214
0.9013561
0.8975682
0.9016564
0.9003199
0.8996293
0.8999964
0.8997987
0.9023499
0.8961401
0.9028147
0.9030383
0.9195096
0.852321
0.8976611
0.8495466
0.8970306
0.8966678
0.8945616
0.8946911
0.8942975
0.8958854
0.8949195
0.8966646
0.8334417
0.9031843
0.8277248
0.9017751
0.9060679
0.832853
0.8176084
0.9124408
0.9021202
0.9008184
0.9013892
0.9105282
0.9187717
0.9132015
0.8998746
0.9040113
0.9083746
0.9095563
0.9165303
0.9117326
0.8989575
0.9085244
0.8596433
0.8557945
0.8767517
0.9036011
0.8368084
0.8926916
0.9024249
0.8959515
0.8951537
0.9274595
0.9006015
0.9016282
0.898772
0.900018
0.9037693
0.8952203
0.9122657
0.9235789
0.8998382
0.9186972
0.9195483
0.9001795
0.9082049
0.9185122
0.9219357
0.7956007
0.9152299
0.9100192
0.8931431
0.8979999
0.8933611
0.8977555
0.8957967
0.8965917
0.8984537
0.8936053
0.8969422
0.897434
0.9054678
0.9010203
0.8945676
0.889675
0.8973263
0.8999167
0.8944347
0.9001304
0.8942332
0.9002767
0.8762088
0.8742975
0.8751988
0.8735751
0.8718158
0.8691845
0.8728082
0.8660527
0.8664801
0.8722639
0.8685189
0.8683564
0.872305
0.8696976
0.8714444
0.8671222
0.8726909
0.9008801
0.9142807
0.9055802
0.8775441
0.901522
0.8991941
0.8989107
0.8989961
0.8998513
0.8977684
0.8990856
0.8989529
0.9000036
0.8987507
0.9036539
0.8932135
0.9036613
0.9075338
0.8900131
0.8918958
0.9129101
0.9022686
0.8995302
0.9007405
0.9148203
0.9223185
0.9156149
0.8991781
0.8789279
0.9092136
0.9150185
0.9179947
0.9135441
0.8986501
0.9151541
0.9089946
0.9041848
0.8921674
0.8993731
0.8917586
0.8269844
0.8759013
0.9012542
0.9024171
0.9252402
0.9067636
0.9084114
0.9006544
0.9032898
0.9064771
0.9032362
0.9130225
0.9193645
0.9042132
0.9199211
0.919406
0.8722751
0.9106238
0.9146429
0.926151
0.888
0.9159036
0.9126214
0.898565
0.8702941
0.8671008
0.8750185
0.8692258
0.8714898
0.8755463
0.8734826
0.8675267
0.871209
0.8827842
0.8762832
0.866742
0.8625285
0.8699078
0.8661911
0.8673473
0.8665816
0.865052
0.8771917
0.8915914
0.8862898
0.8896557
0.8853637
0.8866142
0.8890792
0.8880254
0.8850276
0.8848894
0.8860726
0.881951
0.8872729
0.8876321
0.8808567
0.8833857
0.8858836
0.8835341
0.8974433
0.9040651
0.8845124
0.8803638
0.8835593
0.8931195
0.8931155
0.8928026
0.8942114
0.8936028
0.8918949
0.8931309
0.8938809
0.8863039
0.8906691
0.8748619
0.8971883
0.9052241
0.8739196
0.8603947
0.9153877
0.8936675
0.8937386
0.8933016
0.9194626
0.9245073
0.9124174
0.8863433
0.8915713
0.9095853
0.9135403
0.9187523
0.9140045
0.8947466
0.9199696
0.8915424
0.8855895
0.8252451
0.8895696
0.8655763
0.8828914
0.8868038
0.8950574
0.8934618
0.9267976
0.8954545
0.8972911
0.8893657
0.8979373
0.8929087
0.8938984
0.9190436
0.9136946
0.8954648
0.9280665
0.9277108
0.8907732
0.9009413
0.9079829
0.9240416
0.8685703
0.916373
0.9114007
0.8983474
0.8819678
0.8794035
0.8757173
0.8738919
0.8780164
0.8774196
0.8808849
0.8736342
0.876839
0.8947191
0.8819804
0.8725685
0.8647822
0.8716239
0.8770897
0.8719758
0.8765446
0.8750767
0.8795273
0.8781842
0.8779367
0.8799882
0.8750277
0.875074
0.8741524
0.8786976
0.8725538
0.8694829
0.8771283
0.8722956
0.872929
0.8773272
0.8727965
0.8741107
0.8715076
0.877469
0.9086078
0.9178574
0.9086579
0.8789588
0.9019699
0.9032654
0.9033015
0.9045221
0.9025306
0.9029461
0.9027998
0.9050683
0.9038901
0.9007631
0.9038993
0.8920721
0.904497
0.9087461
0.8910977
0.8911262
0.9149601
0.9009783
0.9010154
0.900519
0.9132255
0.9228527
0.9154831
0.903064
0.8860806
0.9129836
0.9189915
0.9207794
0.9146779
0.9008599
0.9164066
0.9064111
0.9053608
0.8952279
0.9076769
0.8902488
0.8289586
0.8743502
0.9094488
0.8995071
0.93149
0.9044568
0.9054417
0.8999567
0.9013231
0.9055808
0.8988618
0.9142789
0.9236505
0.9068134
0.9231093
0.9228665
0.8704416
0.9164467
0.9171806
0.92447
0.8881289
0.9172165
0.9136158
0.898066
0.8706379
0.867455
0.8745987
0.8694049
0.8738398
0.8767123
0.8690153
0.874191
0.8721858
0.8813566
0.882419
0.8712527
0.8680838
0.8771099
0.8743027
0.8709677
0.876026
0.8718006
0.8812709
0.9155917
0.9114099
0.9148245
0.9129113
0.9115277
0.9131616
0.9163463
0.9120344
0.9119419
0.9136754
0.9124421
0.9107345
0.9145761
0.9118927
0.9121357
0.9089874
0.915189
0.9039593
0.9267735
0.9110353
0.9151613
0.9072329
0.8971895
0.8973049
0.8954886
0.8967714
0.8964143
0.8962488
0.8960026
0.8980625
0.9069801
0.8866643
0.9044659
0.8787846
0.863354
0.9003449
0.9029941
0.8933115
0.8805916
0.8815019
0.8808181
0.8596116
0.8662194
0.9131251
0.8787559
0.9148161
0.8705476
0.8681282
0.8733525
0.8940046
0.8776347
0.8677033
0.9136168
0.9102231
0.907325
0.9132195
0.9003793
0.9099682
0.9107302
0.8977791
0.8843705
0.9163112
0.8861774
0.8904637
0.8857868
0.8869729
0.8886968
0.8850383
0.9151925
0.9139864
0.8806014
0.8524457
0.8512801
0.9117481
0.9022405
0.9095894
0.9059656
0.9011607
0.8943982
0.8308458
0.8566833
0.9094191
0.9122148
0.9117585
0.9112724
0.9096549
0.9125027
0.9137956
0.9069558
0.9075107
0.9143498
0.9149481
0.9130715
0.9096605
0.9119175
0.9115937
0.9129579
0.9116105
0.9095618
0.9138758
0.8935974
0.8901241
0.891155
0.8885559
0.8857919
0.8886139
0.8845482
0.8893141
0.8885059
0.8885596
0.8889465
0.8897029
0.8850293
0.8869659
0.8883303
0.8894905
0.8863434
0.8940147
0.9008675
0.8888807
0.8797862
0.8898018
0.8879724
0.8875548
0.8854318
0.8881171
0.8889259
0.8872454
0.8860125
0.8880421
0.8878442
0.8855058
0.8791176
0.892965
0.9020368
0.8708327
0.8621357
0.907452
0.8871505
0.887132
0.8856984
0.9156722
0.9187845
0.9048849
0.8835056
0.8933552
0.9057482
0.9105385
0.911171
0.9072655
0.8926433
0.9125642
0.8981943
0.8911828
0.8147032
0.8869694
0.8755863
0.8793979
0.8881356
0.8865053
0.8910898
0.9198417
0.8910804
0.8947021
0.8874968
0.89338
0.8909084
0.8901342
0.9115131
0.9099647
0.88849
0.9211745
0.9201543
0.8928282
0.8928955
0.9010327
0.917305
0.8707462
0.9150212
0.9108133
0.8973213
0.8854428
0.8789629
0.8848739
0.8802694
0.8858379
0.8858804
0.8873585
0.8754602
0.8762038
0.8977273
0.880407
0.870807
0.8713446
0.872693
0.8764138
0.8702589
0.8776932
0.8744533
0.8758108
0.9140013
0.9097675
0.9134218
0.9110419
0.9106546
0.9112572
0.9126049
0.9107734
0.9101431
0.9114593
0.9117657
0.9092814
0.9117127
0.9112929
0.9119986
0.9084209
0.9129403
0.9038222
0.9255651
0.9117409
0.914712
0.9077517
0.8980759
0.8981119
0.8966534
0.8972218
0.8982869
0.8979291
0.8972057
0.8990319
0.905942
0.8854672
0.9046781
0.8772397
0.8675484
0.9013749
0.9020281
0.8928521
0.8814963
0.8808207
0.8812764
0.8580991
0.8666007
0.9133686
0.8777463
0.9144847
0.8731801
0.8671372
0.8715329
0.8935057
0.8789984
0.8686676
0.9145778
0.9103158
0.9060349
0.9120871
0.9018221
0.9099457
0.9108632
0.8964861
0.8843412
0.9171306
0.8863899
0.890476
0.8850299
0.885935
0.8881482
0.8853722
0.9147662
0.914726
0.8800816
0.8515993
0.8509003
0.9104552
0.9009549
0.9087896
0.9050606
0.9018089
0.8933096
0.8288432
0.8580558
0.9095914
0.9106343
0.9119677
0.9103887
0.9082307
0.9125197
0.9120127
0.9064989
0.9054385
0.913903
0.9149266
0.9118826
0.9076707
0.9110043
0.9105613
0.9116119
0.9107334
0.9067855
0.9129594
0.9151396
0.9144892
0.9129128
0.9141466
0.9123852
0.9105565
0.914784
0.910417
0.9099425
0.9112969
0.9095196
0.9085002
0.9116274
0.9104752
0.9092937
0.9105856
0.9088391
0.8930194
0.9211369
0.9140603
0.9140787
0.9132455
0.8937836
0.8937798
0.8913193
0.8918841
0.8930152
0.8943555
0.8921979
0.8950438
0.9065621
0.8846307
0.9010447
0.8737655
0.8617895
0.9068461
0.901477
0.888433
0.8798837
0.8807533
0.8811273
0.8636313
0.867745
0.907932
0.8809351
0.9147456
0.866455
0.8673694
0.8611018
0.8887261
0.8706389
0.8577465
0.9099473
0.9061664
0.9072172
0.9067257
0.907924
0.9085348
0.9109718
0.8922328
0.8867278
0.9076185
0.8892447
0.8904829
0.8852833
0.8876384
0.8931388
0.8862684
0.9119804
0.911936
0.8798107
0.8574745
0.8569161
0.9147467
0.893052
0.903511
0.90279
0.9013329
0.8919746
0.8313413
0.8583856
0.9114511
0.9100415
0.9134581
0.9100679
0.9115649
0.913985
0.9121607
0.9112004
0.9094434
0.9183594
0.9107156
0.9085561
0.9090025
0.9102984
0.9109034
0.9086732
0.9128592
0.9089437
0.9142714
0.9127503
0.9093614
0.9119759
0.9106738
0.9100533
0.9114666
0.913773
0.911333
0.9098907
0.9117845
0.9123595
0.9091457
0.9117294
0.9102305
0.9106303
0.9076249
0.9131096
0.9036186
0.9260516
0.9100728
0.9155807
0.9054102
0.8965207
0.8967948
0.8960115
0.8969361
0.8977252
0.8967315
0.8966037
0.8975897
0.9065497
0.8846237
0.9036002
0.8746254
0.8664849
0.901363
0.9019762
0.8932022
0.8808945
0.8812352
0.8810398
0.8591414
0.8651681
0.9141379
0.877186
0.9154277
0.8719271
0.8676994
0.8747428
0.8947593
0.8775324
0.8681892
0.9128922
0.9085355
0.9066512
0.9124098
0.898036
0.9084049
0.9114235
0.8962013
0.8848697
0.9169894
0.8871549
0.8911521
0.8841842
0.8853321
0.887468
0.8860197
0.9155169
0.9120752
0.879601
0.8520616
0.8517475
0.9101263
0.9004306
0.9079538
0.9047769
0.9002523
0.8927542
0.8299723
0.8581296
0.9080114
0.9117037
0.91106
0.9095452
0.9077055
0.9117973
0.9125382
0.9071902
0.9057379
0.913415
0.9133353
0.9105359
0.9067066
0.9105567
0.9105793
0.9103809
0.9106347
0.9078701
0.9134027
0.9145665
0.9112569
0.9142948
0.9127617
0.9108706
0.9132817
0.9147468
0.9119595
0.9120988
0.9122938
0.9124069
0.9101539
0.9137004
0.9113933
0.9118688
0.9082055
0.9146601
0.9046678
0.9268792
0.911803
0.9154039
0.9088525
0.898592
0.8987866
0.8976435
0.8993235
0.8993149
0.8978894
0.898037
0.8993524
0.9072069
0.8866558
0.9054778
0.8774078
0.8680366
0.9015373
0.9023892
0.8934345
0.881711
0.8822566
0.8818987
0.860686
0.8662944
0.9141892
0.878119
0.9153676
0.8734228
0.8694965
0.8757638
0.8949955
0.8788412
0.8682399
0.9152106
0.9110643
0.9083864
0.9132628
0.9007959
0.9103959
0.9120511
0.8986637
0.8856098
0.9169726
0.8885801
0.8919006
0.886343
0.8870862
0.890214
0.8867617
0.9149792
0.9132298
0.8799679
0.8529205
0.8532032
0.9118657
0.9019869
0.9103259
0.905265
0.9024496
0.8930647
0.8312093
0.8586664
0.9100802
0.9126074
0.9125319
0.9116652
0.9103923
0.912662
0.9134886
0.9086027
0.9071496
0.9152083
0.914839
0.912453
0.9087922
0.9114154
0.9108171
0.9121825
0.9108727
0.9101488
0.9145826
0.8991825
0.8960676
0.8969222
0.8946986
0.8938786
0.9001336
0.8967508
0.893935
0.8959863
0.8961959
0.8978467
0.8954236
0.8941955
0.8981995
0.896834
0.8955898
0.8944016
0.8967569
0.9059768
0.8950958
0.8910667
0.8920479
0.8923729
0.892045
0.8940812
0.8921902
0.8900204
0.8918613
0.8953264
0.8919356
0.8953967
0.8947254
0.8895599
0.8953653
0.9053928
0.8826065
0.8780299
0.9081564
0.8994726
0.8974749
0.8981706
0.9127603
0.9231825
0.9055054
0.8937697
0.9011881
0.909972
0.9151601
0.915774
0.9082839
0.8990273
0.9166844
0.898238
0.8960152
0.7770135
0.8893012
0.8876778
0.8919505
0.9002401
0.891532
0.8989494
0.9128973
0.9043122
0.9045533
0.8917736
0.8977001
0.9006699
0.8991767
0.9119594
0.9134949
0.8970807
0.9214693
0.9228171
0.9058671
0.8964763
0.9043415
0.9184423
0.8827366
0.9178362
0.9116354
0.9078952
0.8954421
0.8958341
0.8986562
0.8930748
0.8966876
0.897512
0.8984989
0.8911308
0.8864117
0.9076388
0.8913189
0.8875777
0.8876258
0.8879003
0.8899595
0.8873542
0.8891548
0.8929271
0.8860727
0.9063877
0.9047397
0.9071585
0.9067393
0.9027813
0.9070034
0.9086353
0.9044338
0.9029818
0.9019205
0.9046867
0.9029367
0.9065993
0.9035759
0.9037178
0.9047345
0.9027658
0.9024169
0.905516
0.9156929
0.8980401
0.9143019
0.9028149
0.9030885
0.9025726
0.9029116
0.9022205
0.9030618
0.9024496
0.9034375
0.9209583
0.8997804
0.9192154
0.9168411
0.9238992
0.9012103
0.9046318
0.9148667
0.9109504
0.9097532
0.9105549
0.9372572
0.9386329
0.9118504
0.9003304
0.9089231
0.9258187
0.923123
0.9215275
0.9148517
0.9115785
0.9313938
0.9221457
0.9195064
0.8932146
0.8952494
0.9101407
0.9062218
0.9118671
0.900184
0.9142948
0.9160891
0.9142725
0.9150121
0.9078632
0.9121311
0.9141428
0.9159074
0.9180855
0.9204198
0.9112451
0.9392141
0.9387395
0.9163149
0.9045112
0.9093879
0.9275387
0.9154712
0.9233936
0.9274853
0.9237132
0.9090975
0.9025384
0.906464
0.906926
0.908512
0.907719
0.9144928
0.9007012
0.8978516
0.918109
0.8899714
0.89173
0.8962337
0.8932375
0.8935058
0.8922455
0.8938425
0.9000622
0.893348
0.918114
0.914296
0.9148407
0.9139851
0.913012
0.9138868
0.9145185
0.9141202
0.9135098
0.9127262
0.91123
0.9130655
0.9138049
0.9125947
0.9141716
0.9123194
0.9132931
0.9128913
0.9139108
0.9097215
0.9088366
0.9076456
0.9144644
0.9141865
0.9141248
0.9170633
0.9167655
0.9128185
0.9143909
0.9139605
0.9046003
0.9151513
0.8985288
0.9148974
0.9202509
0.899902
0.8951486
0.929576
0.9174825
0.9166038
0.9162021
0.9298091
0.9333005
0.9245919
0.9143421
0.9227235
0.9271079
0.927831
0.9297137
0.9281191
0.9175941
0.9264094
0.912141
0.905876
0.8990512
0.9062082
0.8985486
0.9039654
0.9072033
0.9119072
0.912549
0.9368206
0.9146355
0.9152281
0.9122142
0.9141177
0.9157495
0.9127398
0.9269414
0.9274063
0.9120451
0.9391939
0.9382677
0.9141294
0.9224609
0.9242381
0.9372723
0.8967492
0.9332727
0.9271641
0.9097364
0.9044861
0.9030477
0.9050267
0.9034129
0.9063002
0.9062855
0.9056743
0.9091743
0.9107758
0.9163644
0.9125655
0.9054635
0.9018584
0.9069521
0.9075265
0.9053398
0.9070635
0.9071402
0.9103701
0.9095796
0.9081318
0.9096096
0.908053
0.9046896
0.9069834
0.9103428
0.9061868
0.9046898
0.9048924
0.9089832
0.9062601
0.910182
0.9067769
0.9067571
0.906445
0.905776
0.9104758
0.9099669
0.9133537
0.902516
0.9134554
0.9061868
0.9057885
0.9089275
0.9080953
0.9105633
0.9070229
0.9089211
0.9064291
0.9213299
0.9040115
0.912766
0.9141868
0.9267836
0.9005392
0.9010353
0.9170095
0.9109045
0.9094298
0.9096874
0.9343313
0.9369069
0.9176763
0.9041189
0.9105706
0.9243167
0.9236121
0.9208246
0.917151
0.9110656
0.9265198
0.9182487
0.9158667
0.8912156
0.9015113
0.9072824
0.9056035
0.9114713
0.9098119
0.910653
0.9236217
0.9164358
0.9155971
0.9083561
0.9115824
0.9139919
0.9121248
0.9202122
0.9212416
0.9108883
0.9409468
0.940804
0.917366
0.9093365
0.9144588
0.9288116
0.9123484
0.9251948
0.9238927
0.9220974
0.9101879
0.9036232
0.9064422
0.9069852
0.9088908
0.9093645
0.9110536
0.9067886
0.9050381
0.9169989
0.8976658
0.896863
0.8988967
0.8953539
0.8956671
0.8968531
0.8968921
0.9035999
0.8985209
0.9042776
0.9053286
0.9042618
0.9055216
0.8976053
0.9055526
0.905265
0.9043245
0.9060477
0.9013642
0.9042636
0.9032718
0.9050716
0.9021069
0.9052893
0.9035276
0.9032983
0.8942157
0.9191184
0.90738
0.8957817
0.904284
0.888414
0.8880475
0.8865027
0.8851238
0.887737
0.8872622
0.8871884
0.8884844
0.9105463
0.7740115
0.9037978
0.8760029
0.8855106
0.8969054
0.8968573
0.8348216
0.700737
0.6909222
0.6919222
0.8891682
0.8967298
0.9087549
0.756648
0.9068907
0.8949669
0.8878
0.8903693
0.8356523
0.858364
0.8925943
0.9105003
0.9113592
0.8886971
0.9055508
0.9005049
0.9064872
0.9082739
0.8872251
0.8793817
0.9123892
0.8807997
0.8822955
0.875064
0.8795834
0.879739
0.8787097
0.9082051
0.8398176
0.7413356
0.8991275
0.901619
0.9108152
0.8904888
0.8963184
0.8038526
0.9055386
0.8180231
0.8822463
0.8848326
0.9067196
0.9022088
0.9066084
0.9024046
0.9066115
0.9062063
0.9085694
0.898913
0.8964829
0.9141425
0.8982747
0.8951569
0.8965618
0.8969789
0.896614
0.8951057
0.8985763
0.8979962
0.901301
0.9051525
0.9043902
0.904012
0.9035039
0.9010109
0.9018896
0.9014204
0.9005509
0.8980534
0.9018324
0.9008684
0.9018613
0.9038031
0.9021531
0.9006467
0.89851
0.9038645
0.9112282
0.9085574
0.9042433
0.9019835
0.9030334
0.9073761
0.9073727
0.9088415
0.9104314
0.9087157
0.9082646
0.9083958
0.9074675
0.9029845
0.9016255
0.8929586
0.9053703
0.9148898
0.8935434
0.887733
0.9200414
0.9010573
0.8997608
0.9007909
0.9256873
0.9306504
0.9200526
0.8985529
0.9113569
0.9185246
0.9216145
0.9242293
0.9206531
0.9092639
0.9230742
0.905929
0.9006664
0.8857023
0.8979427
0.8883501
0.8948821
0.9035522
0.9098214
0.9045443
0.9293498
0.903766
0.9071285
0.9046553
0.9034272
0.9037541
0.9069742
0.9242161
0.9181959
0.9015477
0.9335033
0.9333097
0.9054291
0.9159348
0.9166454
0.9278984
0.8897304
0.9241308
0.9215877
0.9085361
0.8990713
0.8953232
0.8995432
0.8955011
0.8995889
0.8995383
0.8976209
0.8958076
0.8991973
0.9094423
0.9008125
0.8907124
0.8868703
0.8970304
0.8948035
0.8904887
0.8959288
0.8917749
0.8956437
0.9058606
0.9048658
0.9047706
0.9036676
0.901757
0.9029441
0.904441
0.9011811
0.9006768
0.9030104
0.9006906
0.9003511
0.9037649
0.9014054
0.9016728
0.8998827
0.904545
0.9106045
0.9110322
0.9064169
0.8981991
0.8999235
0.9074317
0.9073487
0.9090051
0.9096725
0.910105
0.9066827
0.9084834
0.9080826
0.9076273
0.902842
0.8979057
0.9122002
0.9191393
0.8947099
0.8939522
0.9204646
0.9048311
0.9034372
0.9039764
0.9288094
0.9313705
0.9196738
0.8990341
0.9094276
0.9214169
0.9255236
0.9287426
0.9208809
0.9077975
0.9243614
0.9120285
0.9077194
0.8842407
0.8997524
0.8922276
0.8956445
0.8985086
0.9075218
0.9076728
0.9305797
0.9092321
0.911245
0.9075157
0.9108197
0.9088249
0.9071115
0.9219246
0.9225525
0.9026071
0.9373336
0.9380782
0.9075618
0.9167119
0.9174163
0.9281836
0.8937062
0.9242183
0.9231979
0.9094589
0.9006886
0.894772
0.8950905
0.8937512
0.8971883
0.8966757
0.9035179
0.8945938
0.8951793
0.908805
0.897626
0.8918436
0.8875413
0.8909515
0.8917545
0.8912922
0.8922609
0.8919898
0.8951715
0.9052089
0.9028506
0.9054689
0.9034389
0.9014359
0.9050823
0.901519
0.9008279
0.8973098
0.9064091
0.9012954
0.9006052
0.9027868
0.904087
0.9054436
0.8991903
0.9013831
0.9020347
0.9164907
0.8557553
0.9010676
0.8515423
0.8998012
0.8992007
0.8981318
0.8975882
0.8982213
0.8988573
0.8987255
0.8995711
0.8230472
0.9017194
0.8343726
0.8979629
0.8997189
0.839929
0.8252562
0.9145875
0.8981562
0.8980313
0.8988428
0.9104568
0.9161991
0.9115739
0.8989511
0.9083644
0.9079898
0.9105306
0.9191679
0.9156394
0.897227
0.910858
0.8611815
0.8606772
0.8705147
0.8988687
0.8374221
0.8912033
0.8965104
0.8997512
0.8998527
0.9295281
0.8992852
0.9026007
0.901055
0.9010336
0.9003408
0.9013817
0.912536
0.9236094
0.9012483
0.9168543
0.9170981
0.8990568
0.9073043
0.916144
0.9230849
0.8192278
0.9191912
0.908117
0.889917
0.8958128
0.8942244
0.8916152
0.8895816
0.8905245
0.8929069
0.8868849
0.894169
0.8922286
0.9015739
0.9027829
0.8973273
0.8870096
0.8969862
0.8969395
0.8972775
0.8979161
0.8934755
0.8999818
0.9129607
0.9080849
0.9100797
0.9086464
0.9049223
0.9069485
0.9033797
0.9048749
0.9076668
0.9104406
0.9048498
0.9080599
0.9045968
0.9054871
0.9061131
0.9059924
0.9122569
0.9112226
0.9079764
0.9040302
0.9048387
0.8965504
0.9142836
0.914121
0.9140585
0.9148171
0.9149177
0.9133708
0.9140104
0.9139713
0.899453
0.9101305
0.8885195
0.9083425
0.9205137
0.8912817
0.8839635
0.925918
0.9083667
0.9069665
0.9077931
0.9304395
0.93375
0.9236091
0.9049002
0.9163803
0.9228032
0.9246395
0.9361671
0.9254234
0.9095664
0.9279611
0.9098041
0.9006707
0.8838537
0.9033232
0.8819656
0.8970428
0.8965208
0.9184358
0.9051788
0.9404728
0.9058046
0.9056895
0.9061809
0.9088166
0.9107528
0.9058547
0.9276618
0.9215884
0.904841
0.9408142
0.94048
0.9069545
0.9212236
0.9294305
0.9347734
0.8833802
0.930606
0.927295
0.9096824
0.8903924
0.8979048
0.8925999
0.8890915
0.8921922
0.8934374
0.891143
0.8946534
0.8962047
0.9042264
0.9039725
0.8902716
0.8826499
0.8938275
0.8944365
0.8895413
0.89557
0.8935639
0.8966959
0.9092681
0.9078364
0.9077087
0.9086492
0.9068524
0.9071277
0.910061
0.9063024
0.9049011
0.9037344
0.9059221
0.9051672
0.9086267
0.9063022
0.9066326
0.9035486
0.9068303
0.8997951
0.9162066
0.9032258
0.9037501
0.9037997
0.8959458
0.8952659
0.89045
0.8916155
0.8909517
0.8940481
0.8906098
0.8955753
0.9043842
0.8679301
0.8983969
0.8753424
0.8815445
0.8974706
0.8951665
0.878765
0.862032
0.8604686
0.8602119
0.8897751
0.8932723
0.9142361
0.8621439
0.9122707
0.8913517
0.8851938
0.8856134
0.8790456
0.7938217
0.8795623
0.9111723
0.9036684
0.8956887
0.9055347
0.8979378
0.9028152
0.9093503
0.8887202
0.8382846
0.9180034
0.8438319
0.8462372
0.8370651
0.8445463
0.849264
0.8388991
0.9121377
0.902085
0.8677878
0.8914707
0.8912592
0.9058527
0.8978417
0.9023036
0.8921878
0.8953354
0.886436
0.8785452
0.8824325
0.9111888
0.9030596
0.9081068
0.9054752
0.9067915
0.9116259
0.9064626
0.9025915
0.9012877
0.9140183
0.9022674
0.9005998
0.8987024
0.9012315
0.9039552
0.9003545
0.9036556
0.9049356
0.9030266
0.9155477
0.9127816
0.9135089
0.9125518
0.9113951
0.914532
0.9121113
0.9125619
0.9131237
0.9121605
0.9135842
0.9121082
0.912837
0.9131113
0.9128526
0.9150023
0.9117522
0.9021339
0.9223825
0.912437
0.9104558
0.9083685
0.8960997
0.8965741
0.8968623
0.8985445
0.8975087
0.8957935
0.8969391
0.8972108
0.9035799
0.8901611
0.90047
0.8803575
0.8716977
0.9030366
0.9034268
0.8952947
0.8878674
0.8884945
0.8869739
0.8660458
0.8739459
0.91281
0.8904549
0.9171727
0.882045
0.8738828
0.8763437
0.8953613
0.8816713
0.8693604
0.9072411
0.9052364
0.9035592
0.9093968
0.9027175
0.9068923
0.9133131
0.8976075
0.8835529
0.9151187
0.8898709
0.8901916
0.8868349
0.8843381
0.8815536
0.883818
0.9117717
0.9155004
0.8870827
0.8660773
0.8661599
0.9107289
0.8973646
0.9108512
0.9049744
0.8978504
0.8981853
0.8409331
0.8591265
0.9152675
0.9160474
0.9113178
0.9092123
0.9073683
0.9111621
0.9105244
0.911918
0.911568
0.9151152
0.9169373
0.915042
0.9108186
0.9147665
0.9142562
0.9153185
0.9143122
0.9151356
0.9163923
0.9209262
0.9216343
0.9234275
0.9206695
0.9205121
0.9177632
0.921222
0.9197413
0.9201525
0.9203754
0.9178952
0.9156668
0.9203099
0.9149861
0.9153707
0.9196639
0.9162639
0.9107155
0.9306769
0.9208411
0.9220324
0.919735
0.9070462
0.9071582
0.9082595
0.9070625
0.9075663
0.907514
0.9084445
0.9079421
0.9170149
0.8945079
0.9160391
0.8948579
0.8988034
0.9145367
0.9121919
0.9041657
0.8962607
0.8952768
0.8956048
0.9012692
0.9052437
0.919801
0.8919321
0.9232488
0.9025053
0.9025195
0.8979418
0.9045882
0.891761
0.8984317
0.9218282
0.9197998
0.9113794
0.9188182
0.9138367
0.9207434
0.9236268
0.9068658
0.9029521
0.9268637
0.9047019
0.9082982
0.902281
0.9022218
0.9074416
0.9034045
0.9204606
0.9209894
0.8946548
0.9016033
0.9015247
0.9238479
0.9029935
0.9194715
0.9058531
0.9148369
0.901149
0.900848
0.897052
0.9235503
0.9219999
0.9225749
0.9208588
0.9203743
0.9225777
0.9225011
0.9178496
0.9174689
0.9253498
0.9197284
0.9173536
0.9151107
0.9180899
0.9185433
0.917702
0.918599
0.9223818
0.922197
0.9198416
0.91736
0.9220572
0.9190946
0.9186294
0.920904
0.920513
0.9224474
0.9209026
0.9209758
0.9204419
0.9193835
0.9191463
0.9196789
0.9202803
0.9182662
0.9208065
0.9128618
0.9299863
0.9270233
0.9218111
0.9263162
0.9073016
0.9070284
0.9065957
0.9066624
0.9059387
0.9086555
0.9068211
0.9079311
0.9287616
0.9008825
0.9220116
0.8969112
0.9028386
0.9196904
0.9248224
0.9018458
0.9036654
0.9040908
0.9039946
0.9074619
0.9079761
0.9181339
0.8940968
0.9227695
0.9034705
0.9025258
0.8958846
0.9021526
0.8983015
0.9000954
0.9257973
0.9257853
0.9172871
0.9194487
0.9219533
0.9225554
0.9290493
0.9039955
0.9029215
0.9195382
0.9050628
0.9090146
0.9042227
0.9013726
0.9039739
0.9058406
0.9245327
0.9245108
0.8976878
0.9005651
0.9014114
0.9252365
0.9025739
0.9214258
0.9060238
0.9208951
0.9051682
0.8971469
0.9082235
0.9274934
0.9283549
0.9236284
0.9235526
0.9260752
0.9234162
0.9231176
0.92153
0.9201619
0.9288792
0.9193422
0.9253653
0.9266907
0.9255256
0.9279683
0.925453
0.9277272
0.9222761
0.9243954
0.9262716
0.9234169
0.923053
0.9237569
0.9226021
0.9221631
0.9226351
0.921799
0.9228745
0.9221634
0.9232338
0.9221476
0.9196299
0.9212449
0.9210581
0.9225408
0.9237473
0.9155568
0.9326469
0.9187149
0.9205869
0.9214793
0.9137111
0.9129476
0.9083126
0.9114802
0.9111686
0.9134114
0.9089571
0.9130282
0.9207298
0.8955599
0.9124023
0.889937
0.8969729
0.9165486
0.9158885
0.8961621
0.8898215
0.8876284
0.8883935
0.8912312
0.8933465
0.9265324
0.890391
0.9234344
0.9008631
0.8938197
0.9022724
0.8959195
0.8902892
0.8931206
0.9191719
0.9219387
0.9189704
0.9258636
0.9151958
0.9211142
0.9202858
0.9095208
0.8985124
0.9263854
0.901402
0.9032949
0.8984825
0.8992788
0.9029327
0.900169
0.9221837
0.9173762
0.8899259
0.887523
0.8874663
0.9236978
0.9090941
0.9182208
0.9029453
0.914365
0.8971551
0.8865332
0.8936634
0.9247835
0.9231629
0.9206679
0.9210804
0.9179177
0.9195165
0.9238989
0.9214449
0.9221607
0.9260971
0.924785
0.9213593
0.9194128
0.9206421
0.9197052
0.9216709
0.9216445
0.9234731
0.9244538
0.9081412
0.904261
0.9094451
0.9060481
0.9034941
0.9046808
0.9039228
0.9029755
0.903535
0.9042822
0.9034669
0.9033338
0.9044319
0.9013869
0.9042614
0.9031982
0.9090361
0.898351
0.9186423
0.9050863
0.9029983
0.8993912
0.8884867
0.8881608
0.8902316
0.8957397
0.8943553
0.8896278
0.8903512
0.8895674
0.9008948
0.8798171
0.8860778
0.87723
0.8867529
0.8915671
0.8907196
0.8934752
0.8739284
0.8731133
0.8738169
0.8945564
0.8985214
0.9181608
0.8742219
0.9114042
0.8908183
0.8893524
0.8972238
0.8952259
0.8692933
0.8884367
0.9042233
0.9012707
0.8871365
0.9058432
0.8828957
0.8988254
0.9018357
0.8940542
0.8813265
0.92245
0.8806343
0.8816037
0.880096
0.8844523
0.8836588
0.8823998
0.9141605
0.9071109
0.8713281
0.9005558
0.8983274
0.9076716
0.8992754
0.9092525
0.8992935
0.8844581
0.8934214
0.8856338
0.8743338
0.9003309
0.9032595
0.8969209
0.8956038
0.9010256
0.8972078
0.9028528
0.897222
0.8979096
0.9065049
0.9020315
0.8932592
0.8926434
0.8952168
0.8967607
0.8930856
0.8972121
0.8959401
0.9001338
0.9120515
0.909633
0.9107017
0.9101334
0.9068413
0.9113082
0.911998
0.9061766
0.9062954
0.9080033
0.9066893
0.9066364
0.9115699
0.9067578
0.9071247
0.9069355
0.9097561
0.8974066
0.922278
0.9114465
0.9077288
0.9093949
0.8919211
0.8918374
0.89297
0.8922197
0.894929
0.8924139
0.8931276
0.8928106
0.9134334
0.879261
0.9101779
0.8813523
0.8910678
0.9076907
0.9066378
0.8889363
0.883705
0.8825125
0.8827636
0.8945361
0.9004815
0.9135973
0.8744916
0.9144442
0.8977088
0.8940655
0.8883423
0.8913198
0.8763815
0.8887891
0.9110702
0.9099137
0.9019941
0.9089181
0.9028635
0.9066962
0.9188942
0.8903356
0.883513
0.9180655
0.8846735
0.8882349
0.884721
0.8841717
0.887469
0.8853439
0.9148367
0.9059886
0.8829529
0.8951759
0.8961869
0.9142967
0.892825
0.9109773
0.8998037
0.9048505
0.8909678
0.8885574
0.8922333
0.9151708
0.9099893
0.9099799
0.9095468
0.9122012
0.9091883
0.9147079
0.9061805
0.9082217
0.9147888
0.9059288
0.9082362
0.9097752
0.9086581
0.9085989
0.9084698
0.9074087
0.9083868
0.9080587
0.9040661
0.9044914
0.9043598
0.9058027
0.9008491
0.9029366
0.9038849
0.9034892
0.904004
0.9005887
0.9028505
0.9012013
0.9046611
0.9024157
0.9017813
0.9028541
0.9035203
0.8928547
0.9182805
0.9128528
0.9052073
0.9112401
0.8872778
0.8868332
0.8925508
0.8874582
0.8870476
0.8868542
0.8923517
0.8882264
0.9095973
0.8748417
0.9006109
0.8808202
0.8883116
0.9009437
0.8950859
0.8857011
0.8745112
0.8725173
0.8723157
0.8930918
0.9016613
0.9078724
0.8675176
0.9063458
0.8910681
0.8906841
0.8867782
0.8868976
0.8719341
0.8897778
0.9128049
0.9073416
0.8929557
0.904869
0.8978728
0.9048568
0.9113464
0.8891318
0.8887183
0.9166405
0.8895428
0.8884326
0.881156
0.8889884
0.8898514
0.8893769
0.9098611
0.9016399
0.8743879
0.8994968
0.8993764
0.9088355
0.8939513
0.9037213
0.8998639
0.8993632
0.8879283
0.8854847
0.8836325
0.9093163
0.9075188
0.9072659
0.9055814
0.9040517
0.9078849
0.9078533
0.9046461
0.9043771
0.9110915
0.8997392
0.8992109
0.9012439
0.9024676
0.904113
0.8995586
0.9029178
0.9036732
0.9036645
0.9077641
0.9067596
0.905196
0.9069907
0.9068224
0.9043099
0.9101342
0.9049501
0.9078645
0.908988
0.9063994
0.9038994
0.9093219
0.9043346
0.905946
0.9093549
0.9082705
0.897275
0.9202386
0.9093269
0.9033759
0.9125904
0.8962748
0.8959544
0.8952534
0.8951448
0.8972006
0.8967222
0.895805
0.8965045
0.9095257
0.8769689
0.9035653
0.875682
0.8861718
0.9018416
0.8963679
0.8938713
0.8772904
0.8766491
0.8768179
0.8950705
0.9045352
0.9150797
0.8748866
0.9121419
0.8910268
0.8876114
0.8924119
0.8938567
0.8772684
0.891242
0.9135781
0.9084835
0.8972672
0.9061662
0.9035531
0.9052707
0.9076031
0.8905587
0.8836589
0.9178553
0.8902893
0.8926299
0.8853098
0.8909731
0.8889685
0.8878911
0.9120524
0.9045843
0.8835032
0.8962167
0.8953464
0.908722
0.9019776
0.9062333
0.9042033
0.9043615
0.8976042
0.8826378
0.8854197
0.9059722
0.9045776
0.9091904
0.9081585
0.9046176
0.9097913
0.9116898
0.9067107
0.9024259
0.9159206
0.9085954
0.9054785
0.9059915
0.9051776
0.9069842
0.9055934
0.9082458
0.9065642
0.9038786
0.9086133
0.9054489
0.9080634
0.9069554
0.9027427
0.9054398
0.907745
0.9049177
0.9052344
0.903608
0.9048159
0.9048007
0.9054255
0.8998222
0.9016841
0.9031111
0.9041285
0.8921927
0.919361
0.9052624
0.9029109
0.9006836
0.8881356
0.8879711
0.8854689
0.886027
0.8865011
0.8885526
0.8858719
0.8885265
0.9069347
0.8720748
0.8976644
0.8801678
0.8829902
0.8973777
0.8937793
0.8931133
0.8756712
0.8751499
0.8760943
0.8904364
0.9016029
0.9079098
0.8735532
0.9068487
0.8894381
0.883158
0.8877971
0.8930582
0.8714479
0.8862093
0.9068796
0.9031205
0.8915755
0.9054383
0.8939804
0.8989522
0.9101605
0.882121
0.8867038
0.9184851
0.8850975
0.8897238
0.8805446
0.8846792
0.8855307
0.8854863
0.9139268
0.907508
0.8796625
0.8931019
0.8925003
0.903469
0.8900418
0.9022235
0.904669
0.8946553
0.8948186
0.8854542
0.8810364
0.9079621
0.9026996
0.9051749
0.8996103
0.903805
0.9033067
0.9021315
0.9010475
0.9003024
0.9123361
0.899353
0.8995396
0.8974452
0.9024895
0.9021417
0.8997301
0.9038812
0.9010126
0.8998199
0.9130267
0.9082466
0.9119919
0.9091676
0.9092384
0.9117915
0.9106057
0.9084288
0.9091934
0.9103475
0.9129063
0.9091069
0.9107155
0.9099536
0.9114204
0.9112895
0.9103254
0.9008296
0.922963
0.914537
0.911858
0.9158507
0.8957128
0.8955117
0.8948928
0.8925667
0.8963235
0.8974185
0.8953638
0.8965728
0.9155088
0.8843765
0.9130973
0.8907434
0.8939107
0.9093738
0.9073009
0.8924276
0.8838112
0.8839501
0.88223
0.8981924
0.9050311
0.9156316
0.8840803
0.9152249
0.901698
0.8949127
0.8883486
0.8935442
0.883616
0.8916084
0.9160815
0.9147034
0.9086676
0.9130298
0.9089682
0.9127699
0.9202508
0.8958697
0.8966117
0.9135889
0.8941682
0.8974623
0.8921576
0.8967101
0.8974886
0.8963252
0.9178419
0.9111428
0.8862314
0.900981
0.9005916
0.9154851
0.8956627
0.910313
0.9006837
0.9078606
0.893584
0.8894771
0.8957945
0.9176984
0.9131867
0.9139054
0.9151526
0.9130665
0.9143939
0.9170725
0.9087246
0.9103591
0.9188809
0.9093979
0.9113753
0.914573
0.9145702
0.9146776
0.9116864
0.9147331
0.9113406
0.9102363
0.9027939
0.9021184
0.9042846
0.9038232
0.9003677
0.9013972
0.9080679
0.9041096
0.9041582
0.8993018
0.9030961
0.9037946
0.9077117
0.9024523
0.9050523
0.9061188
0.901075
0.8801119
0.9269329
0.9118182
0.8933264
0.9157185
0.874245
0.8739884
0.8706366
0.8689139
0.8691725
0.8749814
0.8714009
0.8756739
0.9259773
0.891425
0.9292868
0.9022554
0.9069818
0.9127845
0.9121507
0.902514
0.9051758
0.9054152
0.9047636
0.9202413
0.924738
0.9052815
0.8923654
0.8986355
0.9080136
0.9079108
0.8938254
0.9024364
0.8961575
0.9130108
0.9245929
0.9226438
0.8977626
0.9023959
0.9235904
0.9129161
0.9198737
0.8667965
0.909564
0.8904355
0.9072317
0.9111525
0.9079991
0.907664
0.9053704
0.9114337
0.9107854
0.9138041
0.9051886
0.9210415
0.9211755
0.9178585
0.873039
0.8913834
0.9156809
0.9214222
0.9085277
0.9058183
0.9190092
0.9200201
0.9164859
0.9171046
0.9153164
0.916268
0.9177137
0.9179911
0.9046171
0.9021292
0.9203737
0.8874043
0.8984004
0.9094465
0.9002628
0.8975214
0.8987565
0.8986261
0.9036605
0.9012749
0.9026485
0.9023303
0.9029485
0.9043138
0.8998979
0.9026023
0.9087957
0.9049211
0.90461
0.8975864
0.9031498
0.9028151
0.9084781
0.9028634
0.9056215
0.9045078
0.9011668
0.8803446
0.9261384
0.9124228
0.8939883
0.9157831
0.8754893
0.875275
0.872346
0.8704605
0.870798
0.8759312
0.872772
0.8765867
0.9252859
0.8897228
0.9286377
0.9031032
0.9077489
0.912924
0.9131904
0.9017409
0.9057053
0.9061428
0.9051356
0.9199645
0.9262512
0.9038934
0.889697
0.8997793
0.908032
0.9069064
0.8922845
0.901977
0.8949526
0.9111606
0.9256037
0.9222582
0.8978532
0.9019728
0.923972
0.9125851
0.9202527
0.8689782
0.9088001
0.8924271
0.9076818
0.9118764
0.9086087
0.9066556
0.905623
0.9109476
0.9119002
0.9140986
0.9044517
0.920805
0.9204038
0.9180796
0.8735705
0.8902839
0.9162411
0.9222286
0.9087022
0.9064271
0.9174434
0.9201669
0.9163168
0.9159294
0.9161701
0.9172692
0.9164888
0.9199855
0.9043111
0.9026666
0.9211415
0.8867336
0.8986937
0.9085482
0.9015981
0.8990251
0.8991312
0.9000073
0.9044804
0.9010447
0.9019943
0.9010761
0.9032117
0.9034658
0.8993531
0.9027053
0.9084762
0.9055072
0.9043589
0.8990478
0.9033734
0.9032375
0.9093403
0.9026083
0.9064816
0.904296
0.9016674
0.881008
0.9260931
0.9129704
0.8938712
0.9167233
0.8754996
0.875663
0.8723921
0.8718996
0.8713053
0.8758585
0.8731558
0.8768521
0.9288713
0.8913474
0.9298221
0.9041215
0.9090843
0.9144429
0.9144472
0.9029829
0.9063279
0.906806
0.9057984
0.9212884
0.9269266
0.9045054
0.8910753
0.9000811
0.9084565
0.9068592
0.8931846
0.9032212
0.8947581
0.9133901
0.9258961
0.923877
0.899217
0.9042561
0.9253908
0.9135355
0.9217841
0.8711331
0.9118534
0.8898243
0.9080692
0.9126597
0.909905
0.9084662
0.906126
0.9134491
0.9119025
0.916115
0.905114
0.9218949
0.9218772
0.919254
0.8734082
0.8897911
0.9173219
0.9238787
0.9079963
0.9072876
0.9202604
0.9219728
0.917702
0.9187728
0.9173244
0.9182571
0.9183046
0.9211436
0.9059471
0.9036588
0.922327
0.8877305
0.9000884
0.9107025
0.9017802
0.898556
0.9006078
0.899541
0.9056354
0.900214
0.8978826
0.8959032
0.8983074
0.8966837
0.892009
0.8963522
0.8981478
0.8961326
0.896726
0.8941464
0.8940825
0.8961634
0.8955042
0.89419
0.8948243
0.8930093
0.8938204
0.8839
0.9152341
0.9049656
0.8905834
0.9011303
0.8714668
0.8713054
0.8700653
0.8697605
0.8718384
0.8719997
0.8699534
0.8727882
0.9095276
0.8875247
0.9063272
0.8934841
0.9000676
0.8984727
0.8973924
0.8970849
0.8957311
0.895536
0.894426
0.905726
0.9133004
0.9018266
0.8855311
0.8979745
0.9002577
0.9057135
0.8933497
0.8985905
0.888075
0.9046244
0.9077716
0.9073779
0.8879667
0.8901491
0.9021883
0.8970508
0.9060072
0.8771312
0.9003772
0.8994625
0.8962022
0.8978807
0.89227
0.8975028
0.8949985
0.9004043
0.90411
0.9108743
0.8974099
0.9121236
0.9116631
0.9066063
0.8752341
0.8910011
0.9132264
0.9007556
0.9074345
0.9001316
0.902248
0.9045279
0.897798
0.9033681
0.9029372
0.9035031
0.903886
0.9033396
0.8952178
0.8928694
0.9103632
0.8896197
0.8900103
0.8990121
0.8897265
0.8938834
0.8899576
0.8926834
0.8923979
0.8917941
0.9005302
0.8983997
0.8997026
0.9001602
0.8971373
0.9010023
0.903722
0.8982305
0.8983295
0.8981156
0.8967954
0.896814
0.8982286
0.8961613
0.8974102
0.8944837
0.8934983
0.8880573
0.9089385
0.9047761
0.896704
0.9033542
0.877763
0.8770298
0.8765748
0.8771702
0.8778395
0.877323
0.8764252
0.8786621
0.908958
0.8856217
0.9038823
0.8905225
0.9004839
0.8994918
0.8983596
0.8968039
0.8989626
0.8984064
0.8962457
0.9092078
0.9095816
0.9001578
0.8856421
0.9000574
0.9005225
0.9008154
0.894524
0.8980734
0.8900706
0.9003132
0.9097609
0.9060476
0.8927229
0.8912839
0.9001044
0.8984741
0.9054745
0.8802462
0.894721
0.8987833
0.8972546
0.8976985
0.8923382
0.8914961
0.8932958
0.8944867
0.9057645
0.9115111
0.895051
0.9099954
0.9095005
0.9044362
0.8804188
0.8970835
0.9120268
0.9023104
0.9054942
0.8938739
0.9019772
0.9060629
0.9000674
0.9034148
0.9027675
0.8999799
0.9050671
0.9052027
0.898765
0.8954849
0.9094547
0.8910939
0.8926316
0.8969065
0.8952865
0.8939327
0.8929954
0.8947671
0.8976098
0.8953654
0.9128494
0.9089821
0.9129189
0.9101381
0.9075882
0.9110164
0.9122046
0.9116316
0.9116923
0.9112106
0.9085616
0.909707
0.9119754
0.9081412
0.9074106
0.9086915
0.9100339
0.8943465
0.9221272
0.9124068
0.9048383
0.9095714
0.8880879
0.8878115
0.8902796
0.889739
0.89088
0.8890365
0.8903179
0.8888967
0.9098676
0.8953995
0.9090156
0.8980692
0.9044787
0.9079947
0.904834
0.9076876
0.902382
0.9020789
0.9013784
0.906582
0.9095394
0.9109743
0.8964328
0.9101469
0.9062691
0.9037571
0.9038966
0.9085858
0.8993112
0.9013178
0.9139337
0.9115469
0.8989423
0.9036524
0.9096529
0.9069607
0.912951
0.8875616
0.9019581
0.9101635
0.9024332
0.9052559
0.9033768
0.9027524
0.9012536
0.9028536
0.914343
0.920821
0.9027673
0.911371
0.9108252
0.9119512
0.8912558
0.9092346
0.9160724
0.9066132
0.9104584
0.9025036
0.9026248
0.9095954
0.9110521
0.9110694
0.9113074
0.9127751
0.9127558
0.9130239
0.9115684
0.9105913
0.9162097
0.9027622
0.9084899
0.9089204
0.9081081
0.9095921
0.9085273
0.9099459
0.9105652
0.9063086
0.90511
0.9046965
0.9073109
0.9067974
0.9048259
0.9082083
0.9092092
0.9050838
0.9038832
0.9033602
0.9002622
0.9031603
0.9061385
0.9022996
0.9020599
0.9034071
0.9058237
0.8888287
0.9212408
0.9096932
0.9019128
0.9081786
0.8812265
0.8810253
0.8848646
0.8835265
0.8854006
0.8817178
0.8850221
0.8821679
0.9146546
0.8946221
0.910916
0.895997
0.9019736
0.9067135
0.9031591
0.9038514
0.897404
0.8988438
0.8956573
0.905857
0.9109684
0.908757
0.8950858
0.9054776
0.9033094
0.9016703
0.8998544
0.9040784
0.8979245
0.9019837
0.9159185
0.9119357
0.8949688
0.9002474
0.9082045
0.9056597
0.91327
0.8816921
0.9011136
0.9071585
0.89864
0.9020463
0.900107
0.8998204
0.8989711
0.9017081
0.9092711
0.9187698
0.8966782
0.9114657
0.911991
0.9079901
0.8866959
0.9022814
0.9175413
0.9045903
0.9094107
0.8961511
0.9037111
0.9116797
0.9102462
0.9098246
0.9097056
0.9100687
0.9095463
0.9112702
0.9074344
0.9070591
0.9122047
0.9020918
0.9005612
0.9034971
0.904094
0.9041404
0.900938
0.9051029
0.9024884
0.9037424
0.9110614
0.9041302
0.9081796
0.9043242
0.9019777
0.9038874
0.9033969
0.9041766
0.9025729
0.9077505
0.9057608
0.9035506
0.9027718
0.9049696
0.9031508
0.9056543
0.9065952
0.9043484
0.9203413
0.8097665
0.9017779
0.7909978
0.9045329
0.9042148
0.9021255
0.9022259
0.9025229
0.9046594
0.9020818
0.903935
0.8396
0.9061319
0.8368379
0.8998995
0.9005816
0.8490679
0.8392044
0.9157928
0.901468
0.9008356
0.9002621
0.9092231
0.9177091
0.9171768
0.9044021
0.9110823
0.9076521
0.9097205
0.9197973
0.9167279
0.8981425
0.9095045
0.8036003
0.7943262
0.8805953
0.9043581
0.7556431
0.8954144
0.9010937
0.9041189
0.898702
0.9309731
0.9027386
0.9066482
0.901794
0.9009841
0.9011975
0.8990066
0.916243
0.9255238
0.9002513
0.9186605
0.9185255
0.9049098
0.9166696
0.9191651
0.9234999
0.8265373
0.9173568
0.9095629
0.892926
0.8964991
0.8961271
0.8967828
0.8969487
0.8956928
0.8980727
0.8903235
0.8962381
0.8986194
0.905402
0.9082034
0.8978493
0.8877374
0.8966279
0.8984599
0.8973985
0.8999493
0.8962782
0.9020121
0.9057502
0.9061081
0.9096646
0.9059876
0.9005974
0.9039497
0.9082689
0.907602
0.9072821
0.9019765
0.9049803
0.9066773
0.9052884
0.9059671
0.9053917
0.905948
0.903154
0.9079286
0.9078668
0.9083571
0.898575
0.905475
0.9005904
0.9010703
0.9049182
0.9016556
0.9011579
0.9024917
0.9055511
0.9015361
0.9132594
0.9031695
0.9074393
0.9160487
0.918258
0.897534
0.8971657
0.9197122
0.9073806
0.9081381
0.9086359
0.9296214
0.9345844
0.9142025
0.9033992
0.9050197
0.9222719
0.9221587
0.9196348
0.9204344
0.9078468
0.9238762
0.9121939
0.9123792
0.8920683
0.8993988
0.9002511
0.9002507
0.9077294
0.9018634
0.9126424
0.9214301
0.9089661
0.9122364
0.9073266
0.9134678
0.9125284
0.9130686
0.9199986
0.9216084
0.9081111
0.9352245
0.9360447
0.9099428
0.909984
0.9148797
0.9282736
0.9012528
0.9254095
0.9241347
0.9154817
0.9071368
0.8994785
0.9034739
0.9010973
0.9020917
0.9056881
0.9102815
0.8980471
0.8999333
0.9152425
0.8945688
0.8966579
0.894562
0.8948068
0.8970001
0.8966477
0.8966065
0.8979668
0.8995589
0.9098197
0.9119132
0.9100054
0.9132289
0.9100107
0.911085
0.9117039
0.9117658
0.9111301
0.9110937
0.9085261
0.9107697
0.9122008
0.9101116
0.9098547
0.909715
0.9125062
0.8986293
0.9238986
0.9172001
0.910746
0.9101211
0.8927001
0.8928571
0.8917084
0.8953282
0.8954917
0.8922719
0.8918684
0.8936015
0.903415
0.8870481
0.9039907
0.8777321
0.8688349
0.9034972
0.9016441
0.8892794
0.8893844
0.8891269
0.8882911
0.863108
0.8716152
0.9136666
0.887471
0.9141728
0.8734445
0.8724571
0.8784461
0.889336
0.8804464
0.8665261
0.9066681
0.9107546
0.9058288
0.9064548
0.9054455
0.9062252
0.9119353
0.8940699
0.8831585
0.9070399
0.8871237
0.8865171
0.8836037
0.8856955
0.8848516
0.8837091
0.9122741
0.9174715
0.8862544
0.8610495
0.8614645
0.9107435
0.8952181
0.90625
0.9016046
0.9019778
0.8965111
0.8376429
0.8621387
0.9126134
0.9115149
0.9088086
0.912097
0.9085493
0.9110607
0.9113681
0.9109154
0.909974
0.9166935
0.9122074
0.9130419
0.910755
0.9164945
0.9149803
0.9136313
0.9146874
0.9130513
0.9128336
0.9133213
0.9133598
0.9140117
0.9126665
0.9139877
0.9134966
0.9133464
0.9125219
0.9127371
0.9142065
0.91262
0.9100891
0.9118703
0.9108287
0.9108038
0.9116787
0.9128331
0.8991162
0.9243592
0.911667
0.9128881
0.906802
0.897295
0.8974906
0.8969415
0.8995417
0.8974701
0.8973469
0.8971379
0.8979725
0.8989636
0.8911478
0.8968401
0.8784704
0.8623178
0.9039496
0.9032061
0.8903452
0.8869158
0.8873424
0.8863413
0.8583847
0.8676308
0.9110963
0.8860916
0.9188861
0.8717171
0.8702571
0.880053
0.8908811
0.8736667
0.8628724
0.9051092
0.903664
0.9021334
0.9117449
0.899822
0.9063255
0.9077326
0.9016888
0.8866391
0.9147774
0.8892909
0.8895321
0.8863636
0.8887677
0.889122
0.8871875
0.9125518
0.9157732
0.8840543
0.8618984
0.8607988
0.9108781
0.9019353
0.909169
0.9024037
0.8965693
0.8960265
0.8248676
0.8462151
0.909153
0.9111023
0.9076203
0.9061559
0.9106011
0.9091171
0.9051991
0.9088872
0.9083385
0.9119303
0.9131334
0.9078406
0.9040777
0.9083082
0.9094239
0.9084311
0.9095187
0.9091764
0.9132422
0.9195737
0.9183505
0.9189096
0.9185396
0.9158759
0.9176241
0.9166695
0.9195082
0.9182825
0.9136527
0.918943
0.9178209
0.9176996
0.9171106
0.9165207
0.9187627
0.9147931
0.9009727
0.9272396
0.9195708
0.9176754
0.9180244
0.9026938
0.9022685
0.902536
0.9045477
0.9036086
0.9022814
0.9029908
0.9026797
0.9156106
0.8963709
0.9120657
0.8961775
0.8824802
0.9102101
0.9142828
0.8990509
0.9008253
0.9013972
0.8988434
0.8851073
0.8916678
0.9105265
0.8999061
0.9197698
0.8828902
0.8873701
0.8881089
0.8996164
0.8929276
0.8880003
0.9160991
0.9139279
0.9142386
0.9083316
0.9172768
0.9120841
0.9234312
0.9040524
0.9009705
0.9078081
0.9009942
0.9009598
0.8986815
0.9004296
0.9033847
0.9022975
0.9136193
0.9210043
0.8971757
0.8850732
0.8846221
0.917967
0.9031491
0.907312
0.9099639
0.9113589
0.9036642
0.8635709
0.8839082
0.9225017
0.9202133
0.9203591
0.9190731
0.9217696
0.9208623
0.9180586
0.9160859
0.9128673
0.9220237
0.9158087
0.9152194
0.9163961
0.917087
0.9166724
0.9154885
0.9164646
0.9168235
0.9195805
0.9112813
0.9098308
0.912097
0.9107728
0.9078533
0.907577
0.9096548
0.9076136
0.9075326
0.9074576
0.9050067
0.9060612
0.9094938
0.9051169
0.9043073
0.9073558
0.9080659
0.9085116
0.9148315
0.9097319
0.9012806
0.9073108
0.9080868
0.9080043
0.9092157
0.9079057
0.9106622
0.9071444
0.9096027
0.9079422
0.9088738
0.9100291
0.8999193
0.913251
0.9169322
0.8996348
0.8996467
0.9239817
0.9094376
0.9101512
0.9100962
0.9242832
0.93078
0.9229234
0.9079695
0.9132837
0.9236461
0.9217067
0.923866
0.9233396
0.9127756
0.9200399
0.9109079
0.9079737
0.8960803
0.9053265
0.897836
0.8967457
0.907899
0.9095534
0.9134047
0.9275229
0.9147423
0.9190027
0.9119404
0.912665
0.9140681
0.9137116
0.9222424
0.9252669
0.9116155
0.9302301
0.9302595
0.910921
0.9154367
0.9193271
0.929628
0.8971794
0.926191
0.923864
0.9122712
0.9019536
0.9016369
0.9021558
0.9011463
0.9009315
0.9031442
0.9074326
0.9020452
0.8986908
0.9119066
0.9058515
0.8981952
0.89596
0.8986531
0.8999414
0.8980645
0.9003187
0.8977894
0.9027706
0.8997508
0.8987964
0.8985738
0.8969177
0.8924845
0.8984759
0.8954037
0.8958068
0.896002
0.8954498
0.8966217
0.895881
0.8964168
0.8958552
0.8963695
0.8956462
0.8934939
0.8981277
0.908315
0.8923577
0.8900207
0.8888848
0.8936853
0.8937217
0.8983075
0.8945911
0.89576
0.8942231
0.8995404
0.8940271
0.8924296
0.8953829
0.8895836
0.9001263
0.9067337
0.8824345
0.8749954
0.9102795
0.8982916
0.8978078
0.8971861
0.9141457
0.9230147
0.9063218
0.8923445
0.900716
0.910589
0.9151916
0.9140174
0.9106802
0.8993585
0.9140528
0.8976617
0.892254
0.7740838
0.8904134
0.8849882
0.8895672
0.8973658
0.8946546
0.8968134
0.9174165
0.9009677
0.9023934
0.8948133
0.8955126
0.8974276
0.898831
0.9146107
0.9159456
0.8999241
0.9233468
0.9242376
0.9052031
0.90129
0.90407
0.9172206
0.8827688
0.9158836
0.911982
0.9074629
0.8945288
0.8952832
0.8959527
0.8925223
0.894487
0.8951808
0.8993632
0.8907842
0.8871816
0.9089431
0.890143
0.8859574
0.887487
0.885019
0.8886355
0.8860624
0.8881978
0.8915974
0.8881202
0.9130972
0.9146672
0.9132846
0.9139038
0.9130666
0.9140754
0.9151915
0.9093594
0.9118615
0.910553
0.9123997
0.9112338
0.9135358
0.9096157
0.9092067
0.9121191
0.9158322
0.9032448
0.9212319
0.9142757
0.9109043
0.9106652
0.8962912
0.8957711
0.893676
0.8942817
0.8972595
0.8958671
0.8935152
0.8966415
0.9133314
0.8904558
0.9104536
0.8873641
0.8664236
0.9079945
0.9094231
0.8921896
0.8841896
0.8833998
0.8825173
0.876576
0.8761887
0.9099777
0.8881532
0.911588
0.8825729
0.8741654
0.8751331
0.8933144
0.8777136
0.87572
0.9138758
0.9113663
0.9070507
0.9070269
0.9102188
0.9108614
0.9143222
0.8952189
0.8920868
0.907416
0.8939416
0.8950118
0.8901955
0.894559
0.895948
0.8936216
0.9095908
0.9154231
0.8874715
0.8717911
0.8713037
0.9170589
0.8975115
0.8981059
0.9031693
0.9092209
0.8937871
0.851976
0.8766017
0.9158444
0.9141889
0.914595
0.9127132
0.914871
0.9150164
0.9163591
0.9131368
0.9109965
0.9165395
0.9099953
0.9079202
0.9101693
0.9064743
0.9088312
0.9079585
0.9071689
0.9137376
0.9137537
0.869083
0.8717761
0.869602
0.8696482
0.8598923
0.8666176
0.8680481
0.866309
0.8613982
0.8647022
0.8610823
0.8645745
0.8683011
0.8659961
0.8678226
0.8627487
0.8660494
0.9015422
0.9181603
0.9104304
0.8649682
0.9090202
0.9033607
0.9028866
0.9021401
0.9024364
0.9021049
0.9022322
0.9026062
0.903271
0.9077312
0.9029354
0.9057761
0.9113177
0.9117241
0.8998152
0.9016763
0.9191635
0.911991
0.9125384
0.9116014
0.9209314
0.9305508
0.9133954
0.9038223
0.8707127
0.917497
0.9226068
0.9208301
0.9201319
0.9110354
0.9189284
0.9122233
0.912747
0.8909024
0.8989737
0.9000397
0.8721596
0.8774035
0.8994165
0.9076978
0.9187138
0.9065189
0.9096528
0.9088232
0.9100028
0.9110939
0.9086953
0.9167798
0.9229648
0.9100503
0.9301949
0.9290775
0.8748859
0.9088611
0.9072272
0.9287231
0.9016128
0.9192529
0.9182699
0.9152452
0.878219
0.8757523
0.8774669
0.8708357
0.8785858
0.8781773
0.8781683
0.8673877
0.8635973
0.8855787
0.8604396
0.8659786
0.8703738
0.8663112
0.8714302
0.8659855
0.8703115
0.8673561
0.8715225
0.9103591
0.9049424
0.9073532
0.9039212
0.9061772
0.9047381
0.9012576
0.9031399
0.9017324
0.9069618
0.9037125
0.9040109
0.9024845
0.903665
0.903767
0.9001225
0.9070167
0.9100591
0.9188308
0.8113208
0.9074618
0.7991082
0.9075832
0.9072667
0.9067487
0.9084988
0.9084228
0.9069251
0.9071339
0.90728
0.8430078
0.906708
0.8337689
0.9000431
0.9051317
0.8443402
0.8389573
0.9180631
0.903851
0.9022405
0.9043033
0.9114574
0.9150774
0.9177048
0.903805
0.9136977
0.913904
0.9134609
0.9232374
0.9189614
0.9045722
0.912323
0.8060699
0.8002018
0.8836812
0.9086679
0.7608802
0.8956772
0.9006036
0.9079055
0.9008167
0.9360415
0.9063613
0.9083505
0.9037496
0.9046715
0.9045156
0.9030862
0.9192686
0.9263913
0.9033507
0.9233052
0.9232517
0.903842
0.916477
0.920316
0.9277736
0.8229474
0.9217319
0.9117647
0.8938314
0.9012739
0.8973957
0.8928132
0.8922314
0.8953539
0.8908305
0.8891517
0.8967445
0.8986437
0.9024628
0.9079969
0.8931968
0.8855315
0.8940044
0.8967233
0.8927381
0.8975383
0.8992409
0.8987568
0.6719851
0.6605172
0.6671012
0.6534649
0.6472018
0.6637257
0.5758265
0.6800156
0.6685347
0.6730428
0.680172
0.6767054
0.5833449
0.6830137
0.6811414
0.6703736
0.6816755
0.9042667
0.9169758
0.9083201
0.8606502
0.899707
0.9009054
0.9007439
0.8994433
0.9002911
0.8995303
0.9007579
0.9000323
0.9013973
0.9047977
0.902021
0.9042733
0.9085806
0.9106528
0.8962929
0.8970742
0.9158761
0.9071685
0.9069006
0.9060651
0.9211171
0.926557
0.9148463
0.9020139
0.835987
0.9152109
0.9169952
0.9210173
0.9152566
0.9057116
0.9217254
0.9106001
0.9075503
0.8906917
0.9002855
0.8907425
0.8668528
0.8681135
0.8990773
0.9088202
0.9217443
0.9086464
0.9107762
0.9064528
0.9086898
0.910255
0.9103209
0.9172817
0.9202233
0.9007664
0.9278808
0.9281304
0.8511998
0.9063652
0.9134021
0.9263071
0.8975762
0.9163409
0.9186403
0.9105389
0.8651761
0.8675269
0.8673138
0.8633904
0.8654997
0.8661141
0.8623344
0.8621661
0.859793
0.8727226
0.8546536
0.8598956
0.858664
0.863704
0.8611163
0.8603262
0.8610799
0.8589531
0.8582787
0.8992698
0.9038953
0.9048402
0.9032518
0.8973176
0.9012002
0.9090578
0.9010754
0.9034692
0.8979059
0.9031184
0.9024185
0.9051513
0.9016634
0.9029747
0.90147
0.894869
0.899911
0.9139418
0.9162298
0.8972557
0.9193792
0.8936336
0.8930967
0.894626
0.8913544
0.8915761
0.8921303
0.8954398
0.8939394
0.9298943
0.8980737
0.9274604
0.9067886
0.9125576
0.9063645
0.9125459
0.9062455
0.9091173
0.908608
0.9081142
0.9233382
0.9289951
0.9015785
0.9008512
0.9005308
0.9128717
0.9094901
0.9001106
0.9057796
0.9058005
0.9198619
0.9254816
0.9230605
0.8958662
0.8965353
0.9205806
0.9113317
0.9139326
0.8905642
0.9126126
0.8952704
0.909437
0.9125199
0.9050804
0.9081331
0.9086326
0.9141009
0.9135095
0.917401
0.9050332
0.9295051
0.9301031
0.9183482
0.8871449
0.9007513
0.919102
0.9198357
0.9117784
0.915242
0.9210402
0.9123231
0.907107
0.9144513
0.9136752
0.913587
0.9152003
0.9211086
0.9018086
0.9017744
0.9203836
0.8864077
0.8976753
0.9046806
0.8978966
0.8961743
0.8979121
0.8969661
0.9038925
0.8987007
0.90128
0.9035384
0.9033195
0.9040191
0.8966821
0.900103
0.9075261
0.8990329
0.9039968
0.8967035
0.9023942
0.9035471
0.9041975
0.9018613
0.9019687
0.8993122
0.8987959
0.900843
0.9135174
0.9167147
0.8932434
0.9174166
0.8917821
0.8913651
0.890725
0.887285
0.8880197
0.8903926
0.891508
0.8922046
0.9279227
0.8957356
0.9256933
0.9092004
0.9110908
0.9046247
0.9137359
0.9044773
0.9061917
0.905594
0.906337
0.9234608
0.9287574
0.8987048
0.8974057
0.8954581
0.9131093
0.9121347
0.9010765
0.9049985
0.9050894
0.9197761
0.9235902
0.9213716
0.8961699
0.8947194
0.9199839
0.9060167
0.9115888
0.8862041
0.9121003
0.8962201
0.9092266
0.911691
0.9052914
0.9103496
0.9084982
0.913872
0.9108034
0.9141806
0.903112
0.9296511
0.9307462
0.9171979
0.8866624
0.9003367
0.9176651
0.9204583
0.9112272
0.9133612
0.9205662
0.9098807
0.9050992
0.9111735
0.90702
0.907917
0.9116541
0.9171193
0.9017641
0.8982797
0.9184054
0.8842524
0.8936872
0.8997267
0.8944291
0.8932601
0.8940894
0.8944303
0.9014416
0.8975712
0.8969733
0.9008989
0.9030141
0.9019435
0.8969621
0.8987147
0.9047706
0.898736
0.8993298
0.8955979
0.9023728
0.9006211
0.9022835
0.8996619
0.9002164
0.899624
0.8963863
0.8963445
0.9125657
0.9152512
0.8938296
0.9175105
0.892983
0.8925681
0.891518
0.8892942
0.8905115
0.8921347
0.8922153
0.8932035
0.9269065
0.8953261
0.9264243
0.9070913
0.9113625
0.9028815
0.9115473
0.9030636
0.9059605
0.9066822
0.9053451
0.9231127
0.928246
0.8992514
0.8963047
0.8960331
0.9115328
0.9081284
0.898458
0.9030657
0.9049802
0.9174848
0.9240838
0.9204525
0.8929647
0.8980422
0.9177837
0.9082383
0.9141637
0.8878022
0.9107499
0.8966636
0.9087904
0.9106178
0.9033358
0.9079591
0.9079048
0.9128749
0.9119429
0.9149081
0.9041728
0.9299365
0.9290916
0.9163926
0.8873087
0.8982074
0.9171796
0.9192074
0.9071756
0.911613
0.9205733
0.9123938
0.9051915
0.9111281
0.9106187
0.9103986
0.9119268
0.9168571
0.8968209
0.8983108
0.9184187
0.8855566
0.8940209
0.901599
0.89443
0.8930993
0.8943393
0.8944724
0.9015044
0.8957913
0.9013913
0.9026897
0.9036153
0.8987811
0.900407
0.8998888
0.9002552
0.8997979
0.896365
0.901329
0.8952687
0.897954
0.9014847
0.8976888
0.8962923
0.8976858
0.9018171
0.897504
0.9187305
0.8525963
0.897571
0.8576104
0.8970615
0.8970976
0.8966289
0.8980358
0.8977138
0.8979098
0.8970243
0.8975374
0.8409618
0.9054416
0.8450624
0.9021174
0.9064833
0.8437946
0.8279854
0.9162618
0.8997453
0.8993462
0.8997197
0.9108585
0.9163529
0.9156824
0.9047263
0.9066508
0.9088984
0.9103142
0.9168947
0.9171215
0.9024688
0.9096338
0.8640316
0.8566993
0.8731782
0.8994665
0.8429209
0.8907437
0.8976021
0.8984479
0.9019811
0.926831
0.9016517
0.9069718
0.8991185
0.9013503
0.9004222
0.9031486
0.9141079
0.9247919
0.9029808
0.9196976
0.92085
0.8998529
0.9083846
0.9137126
0.9245205
0.8258027
0.9205033
0.906308
0.8903111
0.8938975
0.8925856
0.8913996
0.8943319
0.8939377
0.89143
0.8915183
0.8932156
0.8951678
0.8997029
0.9001615
0.8940351
0.8895886
0.8910534
0.8924888
0.8937804
0.8939934
0.8945498
0.8989836
0.8917256
0.893804
0.8938144
0.8916777
0.8863003
0.8895239
0.8915987
0.8885381
0.8894602
0.8883625
0.8898164
0.8902844
0.8921876
0.889484
0.8896921
0.8888807
0.8888683
0.8958304
0.9072819
0.8971874
0.8842411
0.8960255
0.8901237
0.8897906
0.8900189
0.8862665
0.8846882
0.888823
0.8909205
0.8899154
0.9027213
0.8869591
0.8977479
0.9010957
0.9114547
0.8807224
0.8846654
0.9083805
0.8976686
0.8970561
0.8964657
0.920266
0.9254469
0.9089806
0.890621
0.8907557
0.9134932
0.9141745
0.910283
0.908745
0.8957873
0.9161478
0.9038475
0.9035157
0.8275081
0.8903349
0.8930923
0.8912114
0.9018743
0.8884941
0.9003173
0.9123905
0.8999417
0.9035049
0.8949537
0.8984561
0.897479
0.9015091
0.9138849
0.9119854
0.8981933
0.9280181
0.9280453
0.9087251
0.8960838
0.8961245
0.9201526
0.8909071
0.9111572
0.9146865
0.9090776
0.8987889
0.8943631
0.8946052
0.8931734
0.8948283
0.8950399
0.9012842
0.8869624
0.8864327
0.9060183
0.8794864
0.8818794
0.8858606
0.8848277
0.8824124
0.8816463
0.8838036
0.8892888
0.886257
0.9198617
0.9153619
0.916979
0.9171319
0.9143186
0.9157566
0.9175716
0.9164459
0.9156639
0.912337
0.9141883
0.915009
0.9172213
0.9166638
0.9155423
0.9172781
0.9182767
0.9108129
0.9286128
0.9187423
0.9168076
0.9199393
0.9103641
0.909712
0.9070607
0.9075498
0.9062916
0.9098358
0.9077823
0.9101215
0.9182773
0.9127941
0.9172727
0.916918
0.9160417
0.9156826
0.9164871
0.9206555
0.9176068
0.9187833
0.9190723
0.9181674
0.9195485
0.9021006
0.9140877
0.9161195
0.919096
0.9159306
0.9131606
0.9198754
0.9145844
0.913729
0.9208905
0.9161798
0.9146385
0.9152449
0.920081
0.9160776
0.9216606
0.9110522
0.9169463
0.9164468
0.9161362
0.9169318
0.9139257
0.9168489
0.9195973
0.917056
0.8864153
0.9285739
0.9150452
0.9185827
0.918413
0.9161033
0.9127653
0.9168176
0.9263934
0.91444
0.9184533
0.9166493
0.9199234
0.9167541
0.9146701
0.9194213
0.9203087
0.9189264
0.9199958
0.9179952
0.9176793
0.9168423
0.9243193
0.9171832
0.9136797
0.9165081
0.913986
0.9154974
0.9135303
0.915097
0.9160622
0.9189635
0.9197573
0.9189896
0.9208419
0.9195168
0.9179291
0.9217523
0.920904
0.9191706
0.9194863
0.9178056
0.9202803
0.9190867
0.9202272
0.9191521
0.9175474
0.9184686
0.9174362
0.9044629
0.9240692
0.9198228
0.9175122
0.9190992
0.9086863
0.9088618
0.9073153
0.9090939
0.9092362
0.9085853
0.9080956
0.9079839
0.9205542
0.909375
0.9204749
0.9131056
0.9145027
0.9150158
0.913612
0.9150314
0.9165319
0.9175965
0.91534
0.9181057
0.923754
0.8992997
0.9105253
0.9171166
0.9204953
0.9140858
0.9142839
0.9157145
0.9127814
0.9127288
0.9182079
0.9213738
0.913883
0.9097051
0.9188687
0.9162259
0.9214358
0.9069083
0.9202782
0.9143887
0.9173631
0.9202292
0.9213643
0.9197802
0.9199974
0.9206595
0.8962887
0.9247878
0.9169824
0.91995
0.9200706
0.9230101
0.9075052
0.9116446
0.9208125
0.9140594
0.9169177
0.9156708
0.9186202
0.9195002
0.9166176
0.923728
0.9204906
0.922524
0.925592
0.9217029
0.916016
0.9152337
0.9246145
0.9077374
0.9180365
0.9220813
0.9174175
0.9183328
0.918043
0.9191239
0.9160701
0.9171472
0.9038882
0.9014474
0.9048541
0.9019178
0.8971993
0.8970101
0.9025223
0.8981388
0.8963335
0.8955839
0.8980239
0.8938543
0.9011463
0.8941104
0.8956236
0.8943779
0.9007669
0.8928232
0.9150442
0.8984895
0.8974199
0.8997668
0.8797941
0.8797073
0.8773588
0.8773397
0.8796642
0.8797324
0.8781465
0.8796954
0.9057044
0.8581655
0.9023684
0.8684298
0.8767274
0.8907248
0.8881239
0.877235
0.8555144
0.8558016
0.8537792
0.8912243
0.8966767
0.9042883
0.8543581
0.9007495
0.8862463
0.8830156
0.8807535
0.8766585
0.6451298
0.8806478
0.9076739
0.9070994
0.8851138
0.9011744
0.8924715
0.8984412
0.9066964
0.8805308
0.8400061
0.9073975
0.8387097
0.8465561
0.835024
0.8389721
0.8407768
0.840492
0.9107493
0.8946481
0.8641971
0.8918861
0.8910748
0.9042778
0.88539
0.8910747
0.8863718
0.8994697
0.8760177
0.8781891
0.8831293
0.9051625
0.9034305
0.8995823
0.8971703
0.8995475
0.8982952
0.9039831
0.8952862
0.8909512
0.9027436
0.8930541
0.8896521
0.8928532
0.8895544
0.8882293
0.8893097
0.8910055
0.8929306
0.8969034
0.9120065
0.9114665
0.9146579
0.9091071
0.9121266
0.9113355
0.9100572
0.9083598
0.9062121
0.9079313
0.9119222
0.9056577
0.9093945
0.9091265
0.9091813
0.9087667
0.9134844
0.9069558
0.9138984
0.9059224
0.9080489
0.9015095
0.9107296
0.9100274
0.9089646
0.9091914
0.9101986
0.9100755
0.9090747
0.9096645
0.8998705
0.9026454
0.8995949
0.9082699
0.9160041
0.8976676
0.8903177
0.9203238
0.9094941
0.9098495
0.9092912
0.9207061
0.9266757
0.9157163
0.9045501
0.9146088
0.9223088
0.9189778
0.9224308
0.9204316
0.9089483
0.9194558
0.9108291
0.9072801
0.8858041
0.9080403
0.8955349
0.9042921
0.8987109
0.9081713
0.90626
0.9254134
0.9105386
0.9114703
0.9069585
0.9103963
0.9102169
0.905123
0.9193072
0.920303
0.907534
0.9279251
0.927058
0.90972
0.9145232
0.9189017
0.9294469
0.8983303
0.9249766
0.9172336
0.9080427
0.8976244
0.9006519
0.9054483
0.9039904
0.9070525
0.9071207
0.9068848
0.9016905
0.9001017
0.9127452
0.9063991
0.9033902
0.896655
0.9027039
0.9048407
0.9029492
0.9056828
0.9028513
0.9033601
0.9164178
0.9145392
0.9171901
0.9154633
0.9171374
0.9177192
0.91931
0.9167803
0.918553
0.9146495
0.9184718
0.919234
0.9184171
0.9179466
0.919195
0.9156758
0.915995
0.9092329
0.9277141
0.9234791
0.9110973
0.9225928
0.9089288
0.9085138
0.9111134
0.9043224
0.9063271
0.9099815
0.9108461
0.9089467
0.9314677
0.9144254
0.9292697
0.9222098
0.9204899
0.9154078
0.9176291
0.9167673
0.9229085
0.9211095
0.9209183
0.928084
0.9328167
0.8996911
0.9132191
0.9159052
0.9239534
0.921718
0.9107743
0.9152622
0.9197462
0.9256907
0.9235959
0.9242197
0.9140414
0.9042146
0.928753
0.9181616
0.9248026
0.9063154
0.9226988
0.9055575
0.9229993
0.9251075
0.920781
0.9209475
0.923563
0.9230976
0.8955388
0.9268529
0.9189729
0.9292707
0.9282616
0.9231988
0.9070527
0.9139987
0.923547
0.9249584
0.9203306
0.9201987
0.9251931
0.9205521
0.9173894
0.9214414
0.9239922
0.9222882
0.9240411
0.9292664
0.9154934
0.9165005
0.9315221
0.9081668
0.9137795
0.9228556
0.9151917
0.9160023
0.9139326
0.915908
0.9175637
0.9122692
0.9195471
0.9184061
0.9184846
0.9173423
0.914868
0.9170891
0.9180565
0.9185623
0.9167314
0.914585
0.9173749
0.9148011
0.9151776
0.9172103
0.9151526
0.9148446
0.9155617
0.9005423
0.9305604
0.9168565
0.9221525
0.9134161
0.9043391
0.9043357
0.898901
0.9017223
0.9013918
0.9046222
0.8988978
0.9053578
0.911816
0.8887845
0.9133538
0.8823102
0.861835
0.911014
0.9133855
0.8937427
0.8902637
0.8893668
0.8884143
0.8592247
0.8649294
0.9158677
0.8871958
0.9177452
0.8755124
0.8705416
0.867519
0.8948305
0.8773229
0.8576999
0.9169995
0.9152738
0.9120713
0.9125926
0.9138621
0.9155391
0.9175887
0.8976644
0.8882631
0.9080918
0.8937637
0.8928507
0.889283
0.8889372
0.8921241
0.8894101
0.9134796
0.91796
0.8935289
0.84558
0.8451251
0.9176317
0.899525
0.9065294
0.9005073
0.9085759
0.8978889
0.817486
0.8633994
0.917614
0.9190507
0.9169636
0.9173314
0.9170597
0.9184879
0.9172919
0.9185582
0.9170507
0.9222902
0.9185678
0.9158515
0.9164786
0.9146857
0.9152965
0.9163988
0.9154684
0.9172271
0.9192456
0.9199253
0.9178285
0.9186708
0.9169141
0.9164716
0.9170048
0.9172472
0.9180206
0.9172594
0.9141479
0.9174824
0.9150957
0.9155493
0.9199126
0.9179715
0.9151399
0.9185397
0.9022575
0.930619
0.9171903
0.9204196
0.9141676
0.9046953
0.9044561
0.9012643
0.9020348
0.9021357
0.9041931
0.9013392
0.9058751
0.9107092
0.885484
0.9129097
0.881733
0.8576223
0.9091424
0.913948
0.8909143
0.890034
0.8886513
0.8886229
0.8614451
0.8600547
0.9140805
0.8847786
0.9172357
0.8731558
0.8677186
0.8681935
0.891172
0.8750322
0.8569992
0.9190982
0.9147675
0.9105553
0.9125747
0.9140412
0.9149081
0.9158479
0.8988416
0.8890737
0.9065824
0.892587
0.8915498
0.8898155
0.8917608
0.8940516
0.8905025
0.9119017
0.915713
0.8895774
0.844496
0.8439514
0.9148304
0.8995564
0.9054776
0.8963317
0.9091758
0.8937864
0.8160028
0.8599453
0.9164885
0.9187772
0.9156904
0.9162749
0.9171286
0.9174404
0.9160754
0.9161887
0.9155283
0.922141
0.9179778
0.9167322
0.9176352
0.9150974
0.9150136
0.9166995
0.9158435
0.9166756
0.9193583
0.9202198
0.9137599
0.9191704
0.9147493
0.9152554
0.9153725
0.9171614
0.9154935
0.918383
0.9178159
0.9193548
0.915492
0.9143467
0.9173441
0.9170094
0.9167892
0.9160166
0.908917
0.9228199
0.9154137
0.9144604
0.9159354
0.9062003
0.9060422
0.9027414
0.9043183
0.9059558
0.9052792
0.9032418
0.9063989
0.9133842
0.8872781
0.9053751
0.8839491
0.8919961
0.9091576
0.9087771
0.8973468
0.8798559
0.8776838
0.8775274
0.8920216
0.898475
0.9224592
0.8821038
0.9172638
0.8946607
0.89032
0.8960031
0.8977648
0.8840857
0.8873855
0.912311
0.9124159
0.9116419
0.9173097
0.9077399
0.9138168
0.914329
0.9036993
0.8929804
0.9247834
0.8963451
0.8972079
0.8916253
0.8939745
0.8972343
0.8949332
0.9200295
0.9141032
0.8836122
0.8903123
0.8916761
0.9159485
0.9025854
0.917767
0.9011223
0.9081843
0.8949296
0.8825095
0.8862446
0.9175544
0.9161135
0.9136875
0.9138525
0.9130772
0.9121732
0.9174657
0.9144245
0.913116
0.9188885
0.9166459
0.9136222
0.9110636
0.912285
0.9126951
0.9135872
0.9132875
0.916826
0.9116038
0.9063468
0.9072414
0.9074628
0.9073573
0.9037064
0.9065311
0.9079973
0.907733
0.9068739
0.9068002
0.9090166
0.9085767
0.9083446
0.9104393
0.9082096
0.9045864
0.9069328
0.9019826
0.9146153
0.9090107
0.9051587
0.9070073
0.8974599
0.8967407
0.8991669
0.8985497
0.9010273
0.8973925
0.899756
0.8986142
0.907494
0.8932503
0.9046266
0.8914102
0.9116146
0.9000285
0.9031127
0.9047586
0.9016247
0.9002863
0.9001074
0.9098975
0.9220135
0.9035556
0.8925029
0.9088654
0.9099796
0.9101243
0.9102354
0.9044543
0.8972383
0.9094068
0.9099871
0.9086239
0.890287
0.903103
0.8992214
0.9008121
0.91012
0.8969398
0.9022034
0.9199156
0.9050361
0.9060524
0.8992718
0.9053379
0.9040896
0.9014492
0.9084427
0.9176487
0.9003331
0.9203907
0.9202208
0.9118001
0.9003848
0.9131656
0.9167187
0.9010001
0.9117791
0.9060888
0.9036859
0.9057078
0.903987
0.9082504
0.9052993
0.9080279
0.9100204
0.9042619
0.9030448
0.9018585
0.9122732
0.900918
0.8975783
0.8995123
0.8998595
0.8970322
0.8979295
0.8974452
0.9005412
0.9024081
0.8393356
0.834787
0.8356591
0.8358742
0.8322384
0.8375771
0.8380525
0.8263373
0.8296465
0.8374611
0.8305222
0.8311849
0.8346529
0.831753
0.8326025
0.830599
0.828327
0.8980132
0.9116683
0.8983718
0.8504086
0.898504
0.8963753
0.8961295
0.8918959
0.8939699
0.8932915
0.8954602
0.8922598
0.8968936
0.8979421
0.8929157
0.8971263
0.9041512
0.9076818
0.8870556
0.8828633
0.9142291
0.8968537
0.8946352
0.8957779
0.9192701
0.9270327
0.9134958
0.8919569
0.8431622
0.9128149
0.9176672
0.9183761
0.9145974
0.8943345
0.9203442
0.9076748
0.9017252
0.8736898
0.8972566
0.8855498
0.8557506
0.8667946
0.8957695
0.9021492
0.9209374
0.9007843
0.9030093
0.8980572
0.8999564
0.9013291
0.9024566
0.9170024
0.9140247
0.8979347
0.92946
0.9296012
0.8456506
0.9017068
0.9082227
0.9234371
0.8900055
0.9155054
0.9160504
0.9063975
0.8626064
0.8544517
0.8513759
0.8469171
0.85264
0.8520674
0.8536707
0.846507
0.8413123
0.858483
0.8453781
0.835102
0.8348756
0.8358244
0.8391803
0.8349481
0.8385988
0.8431
0.8390515
0.8604229
0.8553137
0.8606914
0.853679
0.8563645
0.858003
0.8638166
0.855883
0.8560938
0.8542913
0.8528526
0.8583789
0.8561012
0.852772
0.8564385
0.8557381
0.8553428
0.8917345
0.9136845
0.8952221
0.7869544
0.8993296
0.8875459
0.8873767
0.8865387
0.8868239
0.8851239
0.8874393
0.8870341
0.8890213
0.9096162
0.8915592
0.9032993
0.9071918
0.9057399
0.8894104
0.8935552
0.9136568
0.8982357
0.8994777
0.8971983
0.9253403
0.931402
0.9069028
0.8950159
0.8645678
0.9138233
0.9194801
0.9173954
0.9139106
0.8967266
0.9212032
0.9076396
0.9061522
0.8812578
0.8937603
0.8893899
0.8767917
0.8735554
0.8904382
0.9070045
0.9154295
0.9023398
0.906121
0.9001718
0.9031176
0.9032445
0.9074718
0.9155242
0.9143419
0.8985184
0.932766
0.9324224
0.87226
0.8969019
0.9025953
0.9221397
0.8971099
0.9132777
0.9157974
0.9144868
0.8701294
0.866253
0.8779679
0.8658919
0.8728683
0.8767113
0.8798833
0.8631249
0.8602716
0.8841338
0.8515558
0.8529978
0.8623191
0.8593631
0.8565633
0.8530387
0.8557803
0.8640018
0.8532227
0.8602506
0.8574745
0.8589153
0.8564515
0.8485583
0.8573004
0.8649478
0.8517764
0.8548547
0.8578506
0.852124
0.852868
0.8640957
0.8523944
0.8568167
0.8544515
0.8531348
0.8971753
0.9093204
0.892628
0.8021831
0.897326
0.8883849
0.887719
0.8861329
0.8842997
0.8851685
0.8877403
0.886051
0.8886231
0.9079918
0.8912169
0.9023139
0.9031197
0.9113345
0.8887334
0.8893215
0.9093128
0.895694
0.8977127
0.8948473
0.9230604
0.931485
0.9097927
0.8902893
0.8651049
0.9122473
0.9180068
0.9169599
0.9101491
0.9005401
0.9233001
0.9058372
0.9032993
0.8756965
0.8933059
0.8874944
0.8746832
0.8792754
0.88766
0.9092623
0.9121541
0.9050373
0.9069911
0.899945
0.9061451
0.9037895
0.9095326
0.9145317
0.9108487
0.8984874
0.9324768
0.9318672
0.8749626
0.8976384
0.9022159
0.9210089
0.8959679
0.9097472
0.9192214
0.9093902
0.8733722
0.8664909
0.8665835
0.8634703
0.8715912
0.8669492
0.8739583
0.8560164
0.8571925
0.8823308
0.8471027
0.8523506
0.8559365
0.8515012
0.8531587
0.8522578
0.8549281
0.8636661
0.8462258
0.8460137
0.8424558
0.8455662
0.842472
0.8378845
0.8421193
0.8482194
0.8394138
0.8401238
0.8394052
0.8407036
0.8415351
0.844218
0.8396961
0.8443077
0.8427082
0.8442676
0.8990893
0.9148989
0.9072533
0.85874
0.9067866
0.9016934
0.9010921
0.89926
0.8944161
0.8972312
0.9026183
0.8995758
0.9017935
0.9146778
0.8946891
0.9143639
0.9078636
0.9077249
0.9013548
0.8972272
0.911643
0.9053354
0.9053378
0.9061859
0.9197013
0.9296519
0.9057486
0.8961349
0.8496477
0.9145354
0.9200993
0.9140005
0.9115834
0.9033752
0.9197388
0.914134
0.9105907
0.8909489
0.8976879
0.9017267
0.876128
0.8798991
0.8983709
0.9108387
0.9151641
0.9084401
0.9111754
0.9046056
0.9107149
0.9090519
0.910872
0.9118236
0.9205538
0.9048751
0.9278314
0.9275951
0.8574486
0.8994109
0.9058173
0.9211804
0.9048277
0.9119573
0.9125447
0.9132515
0.8777265
0.8689191
0.8726767
0.8669466
0.8685659
0.8725487
0.8758522
0.8580677
0.8578336
0.8770446
0.8529605
0.8589383
0.8635449
0.8603529
0.8587968
0.8592866
0.8585866
0.8601111
0.8578663