0.9109741
0.9080049
0.904905
0.9041575
0.9072582
0.9054458
0.9040776
0.9042857
0.9065873
0.9148899
0.9169076
0.9030891
0.9077931
0.9098898
0.9116297
0.9072942
0.9061939
0.9113146
0.908121
0.9072997
0.9211505
0.906175
0.910887
0.9038028
0.9007407
0.8459229
0.8442498
0.9158534
0.9047145
0.9062176
0.9067702
0.9033445
0.9130192
0.9086491
0.9022832
0.8969634
0.9105509
0.9098084
0.9001628
0.9056738
0.9046547
0.9051261
0.9098081
0.9033219
0.9153278
0.918241
0.9109031
0.9060256
0.9104641
0.9147546
0.9030229
0.9090001
0.8980885
0.8952377
0.905624
0.9147243
0.9055611
0.9044212
0.9073233
0.9076622
0.9034246
0.9120942
0.8993406
0.852459
0.8221781
0.9016852
0.9024759
0.9052466
0.8967233
0.9000108
0.9034162
0.8983391
0.9042771
0.8573392
0.8627312
0.8965195
0.9078727
0.9155974
0.913446
0.9049281
0.8977694
0.9068785
0.9084829
0.9099121
0.90651
0.8843798
0.9174876
0.9100254
0.9112644
0.9009719
0.9148944
0.9162466
0.9133437
0.9049141
0.9140781
0.9068934
0.9093008
0.9203959
0.9060219
0.9059104
0.905169
0.9094539
0.8993274
0.8996782
0.9047239
0.898137
0.901535
0.9019197
0.9027517
0.9151987
0.9135622
0.9018525
0.9051618
0.9048176
0.9068801
0.9043059
0.90228
0.906241
0.9058832
0.9005695
0.9174932
0.8995198
0.9084316
0.8924425
0.8983832
0.879435
0.8802922
0.9122376
0.9015714
0.9046277
0.9077582
0.8905186
0.9108157
0.901266
0.8708035
0.8942006
0.8974592
0.9022671
0.8979569
0.8994309
0.9019729
0.8976993
0.9086597
0.8941464
0.9140154
0.9151311
0.8988111
0.9040373
0.9103416
0.905644
0.8942283
0.9061823
0.8930566
0.8993566
0.8991764
0.910146
0.9052285
0.9020531
0.9095298
0.9044412
0.9060785
0.9085299
0.8945403
0.8871982
0.8742857
0.9004904
0.9015886
0.8924856
0.890963
0.8961167
0.8983629
0.8933972
0.8967768
0.8896139
0.8864341
0.8894662
0.8959569
0.911663
0.9130837
0.9057241
0.8903628
0.9003964
0.9091591
0.9027553
0.8987866
0.8832264
0.9102081
0.9036784
0.9059909
0.8900518
0.9074296
0.9112906
0.9071178
0.8945826
0.9164515
0.9024838
0.9033038
0.9188903
0.8994789
0.9007713
0.9136572
0.9174932
0.9122628
0.9134514
0.9142479
0.9097707
0.9179838
0.9119803
0.9146895
0.9149436
0.9126395
0.9102506
0.9151051
0.9123887
0.9133663
0.9106907
0.9150555
0.9147108
0.9090782
0.9103681
0.9194797
0.9074068
0.9086034
0.9153347
0.9068163
0.9063855
0.9093884
0.914805
0.9095767
0.9077127
0.9167568
0.9198269
0.8318717
0.9134194
0.912382
0.9092179
0.9085636
0.9107261
0.909908
0.9104586
0.9154764
0.9143084
0.9112934
0.9123663
0.9148848
0.9183373
0.9226176
0.9076396
0.913883
0.9140938
0.9090845
0.9122911
0.9094737
0.9119955
0.910746
0.9071764
0.9071119
0.9044633
0.9031975
0.9026694
0.9061734
0.9046351
0.9177861
0.9158171
0.9120268
0.9100234
0.9048391
0.9233318
0.9035823
0.9060568
0.9180351
0.901826
0.9089574
0.9179729
0.9181114
0.9069353
0.9220672
0.9155245
0.9123291
0.9123589
0.9109011
0.91065
0.9134141
0.9151501
0.9110029
0.9124938
0.9209225
0.9149097
0.9177285
0.9121301
0.8376184
0.840519
0.8417598
0.9143794
0.9173494
0.915108
0.9104177
0.9207427
0.9072506
0.9111873
0.9212156
0.9189054
0.9195963
0.9267704
0.9292897
0.9178221
0.921693
0.9127968
0.9110219
0.9219509
0.9144206
0.9012916
0.9103126
0.9174754
0.9277506
0.921657
0.9208604
0.9164096
0.8999083
0.9160041
0.9278402
0.9134692
0.9165432
0.9100736
0.8906081
0.9137239
0.9110273
0.9158434
0.9134332
0.9230024
0.8526231
0.9119422
0.9052134
0.8510167
0.9150564
0.9043513
0.887525
0.9075783
0.9004426
0.9102693
0.9123525
0.9096098
0.909203
0.922499
0.9033021
0.920588
0.8962336
0.9027001
0.916834
0.9000184
0.9072417
0.9058682
0.9039521
0.8944383
0.9106858
0.8808251
0.877942
0.889308
0.8774715
0.8816957
0.894479
0.8855045
0.8634148
0.9183388
0.9191573
0.8987695
0.8816765
0.8993014
0.8941705
0.8896687
0.9260424
0.8998618
0.9153788
0.9148232
0.9328694
0.8905783
0.8688876
0.919224
0.9138562
0.9160411
0.9029993
0.8955191
0.9010282
0.9113965
0.8979592
0.895817
0.9208153
0.9152925
0.9159335
0.9081592
0.9047551
0.9037717
0.9072088
0.9163192
0.9227465
0.9108057
0.909081
0.9244876
0.9157789
0.9082333
0.9117356
0.9123067
0.9077742
0.9140656
0.9154578
0.9095159
0.9122023
0.9066867
0.9057461
0.915392
0.9138836
0.9034535
0.9106157
0.9084596
0.9146983
0.9132423
0.9115844
0.910033
0.9004721
0.9065473
0.9258948
0.9071344
0.9095862
0.9070683
0.8907336
0.8976851
0.8969564
0.9157454
0.9056651
0.9107608
0.8621078
0.8996594
0.9075967
0.8554166
0.8995255
0.9030645
0.8993795
0.9065618
0.8943875
0.9066619
0.9068236
0.9080623
0.9094085
0.9091787
0.9066995
0.9184819
0.898115
0.9020708
0.9137693
0.905518
0.9010906
0.9045208
0.8982429
0.8978338
0.9083375
0.8910574
0.881369
0.890302
0.8879729
0.8874523
0.8983289
0.8965808
0.8549055
0.9031357
0.8991569
0.9029753
0.8903709
0.8928213
0.8901335
0.8881047
0.9124773
0.891235
0.9130435
0.9039231
0.9138091
0.8879593
0.8572497
0.9129206
0.9169247
0.906218
0.8988772
0.8992736
0.9069164
0.9123746
0.9016154
0.8898789
0.9188622
0.9144379
0.9147988
0.9024012
0.9074476
0.9107093
0.9038556
0.9032689
0.9192531
0.9117939
0.9070307
0.9241379
0.9074048
0.9085708
0.8769875
0.8879231
0.8756592
0.8624442
0.8849436
0.8780089
0.8658117
0.8647239
0.866555
0.8623302
0.8628238
0.8791825
0.8649674
0.8819525
0.8930733
0.8737496
0.8766545
0.8777834
0.8797402
0.8781393
0.8774372
0.8805965
0.881095
0.9028057
0.9093768
0.917989
0.9155222
0.9036638
0.9096051
0.8714317
0.9260677
0.9323475
0.9188792
0.9269971
0.922661
0.901211
0.9214412
0.9043175
0.8920889
0.8786891
0.8701341
0.8976169
0.8950227
0.8746508
0.8977542
0.9066955
0.934508
0.9015165
0.9023011
0.8991904
0.8927269
0.9050474
0.892332
0.891045
0.8739815
0.914767
0.9115718
0.9091515
0.9092412
0.9115449
0.908372
0.9109002
0.9206098
0.9213977
0.9161429
0.8903385
0.9106293
0.9312956
0.9085829
0.909802
0.9108419
0.9110088
0.8730603
0.9211572
0.9243604
0.908405
0.929152
0.8847511
0.9020405
0.877338
0.8955516
0.8984111
0.8958679
0.9022049
0.9005719
0.9213708
0.9037871
0.9020309
0.8980665
0.9012556
0.9215
0.9193411
0.9196927
0.8990604
0.8844896
0.9000458
0.9021211
0.9072541
0.8696961
0.8988336
0.8568548
0.8690619
0.8535632
0.8480818
0.8703439
0.8672452
0.8424062
0.8476577
0.8451408
0.8535514
0.8592674
0.85881
0.84533
0.8716973
0.8749864
0.8572534
0.8674583
0.8637943
0.8526077
0.8660646
0.8742652
0.870405
0.8737383
0.8813161
0.8984888
0.9038283
0.9048862
0.8957742
0.9013058
0.8642647
0.9236735
0.9203289
0.914265
0.9190313
0.9124033
0.883864
0.916927
0.8878942
0.8754033
0.8739554
0.8339873
0.8864297
0.8856999
0.8566979
0.889104
0.8960317
0.9267068
0.8819847
0.895934
0.8926377
0.8764143
0.8929186
0.8741474
0.8766752
0.8616093
0.9049193
0.9041174
0.9059003
0.904586
0.9047821
0.8978798
0.9072712
0.9135147
0.9050025
0.9013501
0.885993
0.9024582
0.9217186
0.894978
0.8961855
0.8961085
0.8936221
0.864614
0.9066244
0.9067842
0.8978901
0.9197945
0.8770708
0.8898952
0.8669897
0.8789288
0.8857907
0.8886428
0.8951228
0.886128
0.9113522
0.8919341
0.8954355
0.8941482
0.8829482
0.9162286
0.9159655
0.9142036
0.8845763
0.8782803
0.8861794
0.885483
0.8988404
0.7778567
0.8869304
0.8818626
0.895115
0.8788542
0.8768968
0.8900032
0.8841234
0.8754901
0.8750181
0.8785087
0.8853751
0.8820641
0.8809137
0.8728562
0.8897757
0.8907789
0.8838548
0.8833833
0.8868442
0.8800548
0.8843359
0.8963531
0.8801025
0.8855189
0.8786983
0.9005729
0.9066355
0.9079926
0.8956822
0.9026437
0.8807716
0.918348
0.9178728
0.9106203
0.9191314
0.9150447
0.8820014
0.9212125
0.8823846
0.8683159
0.8860962
0.8779978
0.8816161
0.8809498
0.8761132
0.8850045
0.8908282
0.9280888
0.8801714
0.8906311
0.889235
0.8784424
0.8991213
0.8734191
0.8729383
0.8865474
0.9051922
0.9031187
0.8981045
0.901684
0.8984038
0.8951484
0.9007168
0.9134592
0.9106239
0.906577
0.8919613
0.8997047
0.9214927
0.8956757
0.9013765
0.8949162
0.9011954
0.881384
0.9146689
0.9147042
0.8993035
0.9178954
0.697509
0.8819605
0.8848738
0.8680394
0.8804144
0.8825691
0.8890627
0.8874424
0.9145048
0.8932315
0.8859571
0.88864
0.880722
0.9144156
0.9143337
0.910777
0.8845974
0.761503
0.8841226
0.8826627
0.8936148
0.8841311
0.8839168
0.9122752
0.9137563
0.9088263
0.9088112
0.9141317
0.9091461
0.9039487
0.9080431
0.9058293
0.9165527
0.914334
0.9048453
0.9116296
0.9108737
0.9117833
0.9090491
0.9080123
0.9091647
0.9069296
0.9141421
0.9241627
0.9081426
0.9133758
0.9005398
0.8959719
0.8905226
0.8910772
0.9199192
0.9017029
0.9087617
0.8761095
0.9020479
0.9129393
0.8774902
0.9014044
0.905122
0.9084252
0.9077649
0.8981405
0.9051154
0.9058108
0.9078985
0.9127794
0.9013499
0.9153914
0.9172366
0.9109063
0.9079896
0.9160851
0.9094562
0.9008505
0.9095526
0.8984964
0.8985675
0.9069685
0.9086087
0.9043727
0.9049943
0.9042177
0.9042999
0.9078597
0.9059274
0.8670229
0.894667
0.8915702
0.9031917
0.9021157
0.9011826
0.8997815
0.8970413
0.9103209
0.8969292
0.9076211
0.9001532
0.8975652
0.8941164
0.8626109
0.9136049
0.9185982
0.9111484
0.9023134
0.9057257
0.9099169
0.9154697
0.9141126
0.8960463
0.9183709
0.916022
0.914365
0.9008143
0.9170175
0.9175433
0.9059231
0.9061919
0.9132337
0.9090717
0.9078024
0.9200278
0.9037087
0.9131627
0.9160969
0.9152566
0.9151606
0.9088461
0.9200255
0.912731
0.9107755
0.9028428
0.9017033
0.9190859
0.9113875
0.9059645
0.9079552
0.9090319
0.9168745
0.9104763
0.9107788
0.9139311
0.9043357
0.906574
0.92229
0.9114808
0.9120284
0.8974996
0.8871168
0.888462
0.8901971
0.9162017
0.9059668
0.9117428
0.8757348
0.8915663
0.9072374
0.8697476
0.89612
0.8949783
0.89665
0.9060817
0.891752
0.9015127
0.9040738
0.9054833
0.9100856
0.9036827
0.9077366
0.9139917
0.9001297
0.8986372
0.9126244
0.9011795
0.8962462
0.9072143
0.8923217
0.8922276
0.9049661
0.8909705
0.88563
0.8873552
0.8909203
0.8903095
0.8931632
0.8987711
0.8678807
0.8917018
0.8925983
0.8991981
0.8887064
0.8920301
0.8898883
0.8859136
0.9117146
0.8905459
0.9065574
0.895419
0.9048047
0.8858607
0.8728944
0.9166696
0.9123036
0.9077069
0.8944705
0.8968979
0.904224
0.9088749
0.9013053
0.880465
0.9156753
0.908026
0.9091102
0.894773
0.9097564
0.910952
0.9063651
0.9003787
0.9205247
0.9076754
0.9087259
0.9227292
0.90439
0.9069652
0.9170955
0.9188348
0.9134602
0.9178321
0.9229304
0.9161532
0.9143548
0.9082471
0.9085546
0.920157
0.914094
0.9046885
0.911264
0.9133539
0.9213177
0.917356
0.9180281
0.9158165
0.8962584
0.9141317
0.9280042
0.9099044
0.9156572
0.9006454
0.8942608
0.9047139
0.9008686
0.9125523
0.9112054
0.9184019
0.8522766
0.9044191
0.9096594
0.854157
0.9050514
0.902453
0.8977858
0.9032454
0.9003506
0.9083292
0.9109832
0.9050345
0.9080075
0.9116203
0.9055757
0.9173869
0.9008035
0.8992925
0.9142092
0.9008053
0.9065062
0.9055127
0.9010608
0.894186
0.9084923
0.8882948
0.8837905
0.8911282
0.8850864
0.8861149
0.8957425
0.8936326
0.8484745
0.9063523
0.9053595
0.9001559
0.8893425
0.9005255
0.8971515
0.8870003
0.9196252
0.8976188
0.9140686
0.9077491
0.9212387
0.8925271
0.8502381
0.9167953
0.9140768
0.9117771
0.8950542
0.8969612
0.9015127
0.908427
0.8989384
0.8915305
0.9167103
0.9097779
0.9089331
0.9007233
0.9082886
0.9080693
0.9121244
0.9113879
0.9219626
0.9070337
0.9034859
0.9190556
0.9108529
0.9053521
0.913534
0.917856
0.9117828
0.9121853
0.9173182
0.9119712
0.9121932
0.9071293
0.9080657
0.9173507
0.916578
0.9090517
0.9136678
0.9132493
0.9206243
0.9119208
0.9134885
0.9125338
0.9072976
0.915182
0.928604
0.9137542
0.9152318
0.8991794
0.9002946
0.8985111
0.8975802
0.9217284
0.9103893
0.9151727
0.8736301
0.8969832
0.9134686
0.8744076
0.9006402
0.9008028
0.9043638
0.9088435
0.9031473
0.9131051
0.9100834
0.9065561
0.9154424
0.904755
0.914756
0.9210378
0.9114041
0.9040435
0.9161887
0.9157263
0.9071418
0.9132564
0.9028221
0.9031755
0.9097612
0.9068319
0.9025024
0.9062489
0.9052715
0.9046423
0.9079618
0.909233
0.8706316
0.8965567
0.891552
0.911341
0.9049825
0.8979599
0.8994066
0.8982404
0.9128185
0.9002729
0.9149787
0.900852
0.9014028
0.9002707
0.8718234
0.917711
0.9127476
0.9163625
0.9016873
0.9012127
0.9098442
0.9109718
0.9068898
0.894733
0.9202777
0.9115465
0.9126773
0.9020012
0.919537
0.9181885
0.910879
0.908485
0.9218065
0.909146
0.9094644
0.9236417
0.9108487
0.9109957
0.8965405
0.8987677
0.8900791
0.8907288
0.9039965
0.896171
0.8915582
0.8895229
0.8882585
0.899211
0.8974378
0.8877075
0.8976758
0.893776
0.9026139
0.8881327
0.8982552
0.8954337
0.8958861
0.8925055
0.9109078
0.8892627
0.8997928
0.8780352
0.8869743
0.8995688
0.8986711
0.9039988
0.8976619
0.8986907
0.9048108
0.9085591
0.9092234
0.9046634
0.9033829
0.8860488
0.9108552
0.8925253
0.8782977
0.8953002
0.8877566
0.8905305
0.893507
0.8877211
0.8921249
0.9080658
0.9107757
0.8878342
0.898363
0.8998315
0.8851484
0.8957859
0.8798293
0.8773234
0.8913947
0.898463
0.8911753
0.8913148
0.8937431
0.8924211
0.893818
0.897031
0.9010066
0.9024302
0.8935402
0.8879087
0.8875595
0.9058346
0.8784151
0.8870327
0.8420163
0.8875296
0.8884285
0.8987185
0.9042868
0.8886964
0.9108163
0.8985839
0.9002971
0.8967136
0.8789189
0.8875264
0.8932599
0.8909904
0.8874441
0.8958024
0.9019134
0.8939521
0.894929
0.886812
0.9126931
0.9124095
0.9100894
0.8928703
0.9018589
0.8926678
0.8923856
0.9082861
0.8888276
0.8867162
0.9038951
0.904125
0.8945377
0.9022033
0.908931
0.9005226
0.8967563
0.8950205
0.8894081
0.8998535
0.8982322
0.890928
0.8930143
0.8979432
0.911571
0.8991045
0.9046653
0.9016993
0.8805399
0.9003816
0.9132812
0.8950704
0.8956211
0.8923345
0.8861239
0.904695
0.9072823
0.8945457
0.8968379
0.8928082
0.8969916
0.9142569
0.9044295
0.8960419
0.910622
0.8863594
0.8991739
0.89284
0.8777904
0.8855377
0.8902253
0.8920574
0.8906719
0.8979049
0.8866355
0.8987263
0.9071191
0.88886
0.8890285
0.8860197
0.8836983
0.8959612
0.8838014
0.8751469
0.893506
0.8813349
0.8805433
0.8801574
0.8817112
0.8823727
0.8826412
0.8795983
0.8973582
0.9111805
0.9059255
0.8840072
0.8823596
0.9070325
0.8821129
0.8768923
0.8957803
0.8878321
0.8909057
0.9082445
0.9226535
0.8847588
0.9074399
0.8909071
0.897889
0.9000145
0.8801456
0.8814189
0.8841848
0.8922748
0.879243
0.88937
0.8950714
0.8967059
0.8995091
0.8853379
0.9073047
0.9058972
0.9067169
0.8924887
0.8980694
0.894489
0.8924942
0.9098482
0.8949309
0.8903983
0.900883
0.911251
0.9001962
0.9001811
0.9093778
0.9027404
0.9018264
0.8978635
0.8982525
0.9012294
0.9008813
0.9062632
0.896654
0.9016236
0.9110703
0.8998209
0.905454
0.9052121
0.9010362
0.9017249
0.9027729
0.9053997
0.9055626
0.8988927
0.9102253
0.9193926
0.9226027
0.9063228
0.9135751
0.8958392
0.9271915
0.9315777
0.9205707
0.9224873
0.9287874
0.9010966
0.9255583
0.9005665
0.9019844
0.90754
0.9039846
0.8950706
0.8998346
0.9012415
0.8989341
0.9035918
0.9363902
0.9037165
0.9046738
0.908463
0.897515
0.9046481
0.9004219
0.899439
0.9035146
0.9136126
0.9161102
0.9187195
0.9170954
0.9153875
0.9065063
0.9119383
0.9200365
0.9261977
0.9213896
0.9087393
0.9105526
0.9303811
0.9073678
0.9100347
0.9149646
0.911976
0.8970109
0.9214836
0.926494
0.9110398
0.9283385
0.8938125
0.9015787
0.9046037
0.8887265
0.895258
0.8994887
0.8999298
0.8938137
0.9199257
0.9062846
0.900647
0.900284
0.9013348
0.9187455
0.9219461
0.9198369
0.9074732
0.8942291
0.898392
0.8972055
0.9042328
0.9004848
0.8979176
0.9075536
0.9074698
0.9013374
0.8977968
0.9060209
0.8981838
0.895363
0.8977103
0.8969245
0.908963
0.9072067
0.894455
0.9018974
0.9009191
0.9067
0.906027
0.897044
0.9016568
0.8948123
0.9001867
0.9169842
0.9057623
0.9067147
0.8869176
0.884635
0.9011348
0.8978842
0.9086093
0.8983195
0.8983432
0.9061172
0.9070131
0.9155737
0.9061275
0.9002671
0.8815522
0.9065139
0.8947011
0.8795859
0.8936579
0.898544
0.890535
0.8975457
0.8970346
0.9014909
0.9058175
0.9087756
0.8934476
0.9003686
0.8989841
0.8883063
0.906362
0.8793992
0.8839065
0.8966084
0.8994993
0.8902057
0.8927726
0.8964455
0.8905539
0.8895611
0.8986751
0.8954531
0.9011005
0.8970759
0.8943886
0.8908933
0.9084816
0.8870519
0.8859112
0.9002101
0.8901726
0.8961351
0.9028958
0.9066159
0.8868224
0.9036474
0.8941243
0.9002264
0.8977773
0.888464
0.8905715
0.8977934
0.8972179
0.8918014
0.8947578
0.9085251
0.8970938
0.8989881
0.8824983
0.9145102
0.9173103
0.9139402
0.8886919
0.9001623
0.8928189
0.8962577
0.9125192
0.8960868
0.893047
0.9109362
0.9109308
0.9023481
0.8978787
0.9098867
0.9023503
0.900374
0.9020405
0.9045956
0.9131405
0.9106517
0.8995905
0.905945
0.9031507
0.9105197
0.9037953
0.907647
0.9059988
0.9109962
0.8991753
0.9180311
0.9044498
0.9065272
0.8986326
0.8970051
0.8367077
0.837754
0.9150059
0.9032076
0.9078544
0.9120382
0.8949643
0.9150882
0.9149913
0.8914965
0.898074
0.9119342
0.9094008
0.8953981
0.9028529
0.9026367
0.9027269
0.9119235
0.8944792
0.9145192
0.9184181
0.9104694
0.9089341
0.9115737
0.9130313
0.8980305
0.9098687
0.8921417
0.8994959
0.8992405
0.9151751
0.9078655
0.9032589
0.9111354
0.9107249
0.912025
0.9158627
0.8976568
0.841048
0.7932761
0.9039804
0.9041388
0.898905
0.8943348
0.9000249
0.9016428
0.8975195
0.8990532
0.8454235
0.8487448
0.894373
0.905906
0.9119902
0.9171838
0.9042357
0.8920505
0.905224
0.9060254
0.9101537
0.9103744
0.8846252
0.9133599
0.9102269
0.9105375
0.8954744
0.9188164
0.9189717
0.9072002
0.9006948
0.9156969
0.9063279
0.9119171
0.9211785
0.8941733
0.9093772
0.9100078
0.9054219
0.9025067
0.9041842
0.906737
0.899661
0.9059114
0.8975293
0.8995714
0.9050372
0.9012244
0.8946603
0.8995678
0.9035106
0.9129115
0.9065519
0.9051532
0.9024199
0.8877072
0.9018571
0.9098336
0.8958715
0.8998924
0.8991755
0.8795987
0.9040491
0.9029126
0.9053367
0.8885666
0.8981389
0.8992664
0.9062139
0.8972529
0.8905289
0.9084888
0.8994323
0.896963
0.8997873
0.8846343
0.8886707
0.8973468
0.9038049
0.9002811
0.9009727
0.8969472
0.9076778
0.9074094
0.893728
0.8992651
0.8896108
0.8925201
0.8989402
0.8906696
0.8907329
0.8954406
0.8687323
0.872899
0.871194
0.8723329
0.8724114
0.8756014
0.8734804
0.8950054
0.9100807
0.9110331
0.8804337
0.870715
0.9032303
0.8755357
0.873857
0.9106293
0.8829355
0.8983699
0.9094854
0.918864
0.8753683
0.9038889
0.9002967
0.904437
0.8996136
0.8913571
0.8931121
0.8973465
0.9055718
0.8972853
0.8949923
0.9080704
0.9063231
0.9066916
0.9033277
0.9012508
0.8998278
0.9035184
0.8993891
0.9007919
0.9028895
0.9004759
0.9133105
0.8966477
0.8961097
0.9030234
0.9027029
0.8958918
0.8968168
0.9041283
0.8960479
0.8944873
0.892003
0.8869893
0.9015465
0.8970562
0.8901996
0.8933165
0.8963948
0.9065401
0.8985004
0.8980551
0.8945331
0.8856072
0.8934759
0.9109524
0.891839
0.8940201
0.8896489
0.8060445
0.890146
0.889364
0.8996441
0.8305824
0.8999462
0.8972724
0.9002837
0.9009678
0.8950406
0.8995421
0.8824903
0.895786
0.895655
0.8743529
0.8889169
0.8910419
0.8896696
0.8932329
0.8899286
0.8967645
0.9042967
0.907419
0.8890298
0.8976119
0.8904244
0.8856309
0.8884978
0.8785604
0.8750139
0.8914779
0.8288526
0.8237102
0.8165258
0.8140643
0.8167795
0.8080812
0.8136085
0.8923837
0.9025112
0.896005
0.8826534
0.7985657
0.8973518
0.8335364
0.7864865
0.9008738
0.8524932
0.8911035
0.8968555
0.9084865
0.823721
0.9034668
0.8964125
0.8986922
0.894662
0.8837659
0.8847599
0.8916406
0.894701
0.8886773
0.8894065
0.9013421
0.8969507
0.89866
0.8896073
0.9030687
0.9029843
0.9035872
0.8910769
0.8984353
0.8930059
0.8970984
0.9096055
0.8916796
0.889609
0.903638
0.909192
0.8999105
0.9007191
0.900344
0.8994159
0.8983473
0.9025421
0.906582
0.9074779
0.9088653
0.9051131
0.9038509
0.9058765
0.9003862
0.9022075
0.900128
0.908044
0.9108457
0.9042416
0.9105362
0.9026968
0.9083857
0.9102874
0.9144162
0.9178851
0.915993
0.9133763
0.9134151
0.9025147
0.9310822
0.9310564
0.9196617
0.9302705
0.923306
0.9102609
0.9306478
0.9096763
0.9087281
0.9062173
0.9030974
0.9094967
0.9075359
0.905262
0.9113266
0.9155158
0.9388437
0.9073352
0.9083075
0.9201711
0.9062853
0.9157685
0.909062
0.9114446
0.9101537
0.9225428
0.9193879
0.9172205
0.918981
0.9188028
0.9154753
0.9198902
0.9236055
0.9186755
0.9143563
0.9096602
0.9189841
0.9319252
0.9155711
0.9181215
0.9126868
0.914975
0.9057368
0.9251694
0.916955
0.9165913
0.9290726
0.8996102
0.9136731
0.9076401
0.9029229
0.910323
0.9128791
0.9104249
0.9137734
0.9273248
0.9137651
0.9086763
0.9097438
0.9102438
0.9219073
0.9218143
0.9163305
0.9063659
0.9007764
0.9107653
0.9099769
0.9147784
0.9022546
0.9085487
0.8985337
0.8983654
0.8925006
0.882556
0.895572
0.895367
0.8884926
0.8951912
0.8927246
0.8922308
0.8938833
0.8965281
0.8886316
0.8943009
0.8997576
0.897356
0.8991296
0.8966295
0.8981119
0.8945794
0.8988808
0.8909552
0.9012688
0.9
0.9141176
0.9120635
0.9140907
0.9070343
0.9128748
0.8854318
0.9278369
0.926974
0.9169008
0.9249411
0.9177926
0.8980928
0.927939
0.901817
0.8966692
0.895747
0.8936017
0.9006422
0.8988277
0.8871437
0.9017283
0.904064
0.9290839
0.9020766
0.9031019
0.9028012
0.8924571
0.9046342
0.8955094
0.8928078
0.8924782
0.9158365
0.9129123
0.9122801
0.9121442
0.9141072
0.910374
0.914983
0.9238678
0.9139781
0.9104612
0.9032873
0.9145603
0.9281444
0.9072463
0.9069951
0.9098142
0.9076198
0.8876772
0.9195314
0.919227
0.90994
0.9210508
0.8858627
0.9039259
0.8970531
0.8944043
0.9016629
0.9011067
0.9037079
0.9004124
0.9254711
0.9040588
0.9049273
0.906669
0.9011826
0.9216544
0.9223784
0.9183772
0.8930877
0.8830232
0.901877
0.8998998
0.9067997
0.8859792
0.9020613
0.8922717
0.899556
0.8893606
0.881835
0.887137
0.8844338
0.8796071
0.8867525
0.8854973
0.8867197
0.8875783
0.8900705
0.8765832
0.891185
0.8954138
0.8886587
0.886306
0.8919955
0.8889457
0.8915411
0.8961498
0.892085
0.8908081
0.8980691
0.9025319
0.9124752
0.911265
0.9000931
0.902495
0.8860852
0.9242236
0.9214338
0.9139947
0.9226917
0.9150794
0.8966993
0.9173457
0.8994696
0.8919751
0.8911889
0.8908786
0.9037745
0.8990366
0.8887427
0.8967211
0.902701
0.930927
0.8965405
0.8997917
0.9050124
0.8865329
0.9019955
0.8899483
0.893385
0.8948151
0.9081662
0.905978
0.9061299
0.9042059
0.9046817
0.9009025
0.9032941
0.9173753
0.9148589
0.9094435
0.8941691
0.9038329
0.92053
0.8993708
0.9035827
0.8997474
0.9002761
0.8826232
0.9210099
0.9134874
0.9007499
0.9214736
0.8862712
0.9013419
0.892386
0.8906757
0.8983463
0.8953547
0.9002444
0.8989356
0.9212641
0.9021906
0.9028637
0.9014747
0.9004128
0.9157227
0.9142007
0.9114804
0.8889622
0.887692
0.9021829
0.8990052
0.9074435
0.8832151
0.8986591
0.88906
0.8939931
0.8792347
0.8742345
0.8890003
0.8844383
0.8797917
0.8777757
0.8819135
0.8858124
0.8895568
0.8866071
0.8806537
0.8876303
0.8898971
0.8873297
0.8845478
0.8908483
0.8936068
0.8905965
0.8934483
0.8882536
0.8858325
0.8932783
0.9036078
0.9084608
0.9075815
0.9023966
0.9002806
0.8807144
0.927507
0.9220204
0.9166844
0.9255311
0.9111854
0.8903902
0.9249606
0.8959336
0.8891996
0.8923471
0.8864951
0.8939322
0.8913797
0.8786212
0.8965808
0.9045141
0.9309419
0.8949345
0.8995772
0.9045546
0.8881826
0.9024962
0.8887109
0.8922053
0.8929348
0.9097068
0.9095176
0.9074829
0.9094417
0.9069261
0.9047967
0.9066149
0.9133292
0.9125569
0.9053844
0.8929455
0.9040799
0.9238372
0.9022507
0.901973
0.9007793
0.9017118
0.8816831
0.9124711
0.9091141
0.8988163
0.9187068
0.8803643
0.8985913
0.8893549
0.8894981
0.8950574
0.8946291
0.8995549
0.9006281
0.9156053
0.8993877
0.8997417
0.8985179
0.8911988
0.9139397
0.9141233
0.9097492
0.8911365
0.882045
0.897271
0.8944102
0.9030813
0.8764506
0.893624
0.89419
0.8979819
0.8875624
0.8847743
0.8948824
0.8917176
0.8838629
0.8847686
0.8906891
0.8951203
0.8962629
0.8902809
0.8923323
0.8896386
0.8968494
0.889877
0.8884812
0.8967094
0.8971238
0.8945671
0.9066062
0.8959945
0.8966287
0.8869295
0.9026141
0.9047878
0.9077986
0.9028849
0.9026155
0.8896662
0.9227235
0.9186755
0.919851
0.9214252
0.9069573
0.8903475
0.9259377
0.8919999
0.8890929
0.8942706
0.8882567
0.8944765
0.8934928
0.8892784
0.9026676
0.903681
0.9291339
0.8935004
0.9050631
0.9061567
0.8882542
0.903027
0.8890601
0.8932699
0.8922512
0.9160722
0.9097814
0.9068766
0.9108
0.9072287
0.9075681
0.9104559
0.9141257
0.9096323
0.9075035
0.8969017
0.90534
0.9209562
0.9029434
0.9002863
0.9003065
0.9006539
0.8910689
0.9102884
0.9054113
0.8983712
0.9186764
0.8911889
0.8981129
0.8976462
0.8845435
0.8927713
0.8988087
0.8973962
0.8961319
0.9158168
0.9067475
0.899326
0.8972457
0.8917104
0.9181701
0.9189293
0.9153247
0.8941957
0.8958789
0.8969291
0.8926656
0.9064751
0.8885859
0.895488
0.8846491
0.8998234
0.8868402
0.8754635
0.8931312
0.8902146
0.8785443
0.8820991
0.8878049
0.8898741
0.8964264
0.8972185
0.8906862
0.8916114
0.8964568
0.8954871
0.889619
0.8934662
0.9029355
0.8909163
0.8989566
0.9006991
0.8981663
0.899291
0.9143156
0.9120377
0.9146818
0.9079197
0.9050328
0.8845473
0.934825
0.9228715
0.9270797
0.9360689
0.9147383
0.9029588
0.9360833
0.9030448
0.9005527
0.8961011
0.8893862
0.9025658
0.9024116
0.8797151
0.9130108
0.9102258
0.9368264
0.9075451
0.9077597
0.912337
0.8971067
0.9114512
0.8975656
0.9021084
0.8912932
0.9255118
0.9210498
0.9150264
0.9216736
0.918789
0.9163382
0.9211183
0.92369
0.9118764
0.9050236
0.9031058
0.913706
0.9294621
0.9123053
0.911246
0.8998583
0.9108047
0.8938789
0.9147447
0.9065109
0.910082
0.9273365
0.8923653
0.9098252
0.8951195
0.8949466
0.9058772
0.9077485
0.9060161
0.9081381
0.9238057
0.9082255
0.9037431
0.9050362
0.8953748
0.9275528
0.9289688
0.9216957
0.8964127
0.8957596
0.9030607
0.9022573
0.9092367
0.8842039
0.9050223
0.9017094
0.9025815
0.891356
0.8920885
0.8988422
0.8945676
0.8896043
0.8927524
0.8976622
0.8986024
0.900824
0.8985126
0.8967608
0.8948357
0.8990233
0.8936462
0.8934245
0.8993276
0.9018378
0.8962009
0.9042526
0.8972722
0.9024926
0.9071405
0.9125368
0.9094468
0.9107387
0.9089456
0.9063413
0.8956618
0.9263873
0.9231084
0.9196568
0.9249636
0.9147624
0.8987707
0.925843
0.9064608
0.8970226
0.8991455
0.896567
0.9081193
0.9017118
0.889752
0.906282
0.9113218
0.9315343
0.9027445
0.9040354
0.9093279
0.8988089
0.9068631
0.8987869
0.9020904
0.8970915
0.92016
0.9165756
0.9124402
0.9147624
0.9173883
0.914491
0.9158264
0.918229
0.9092734
0.9011248
0.9042986
0.9155435
0.9286188
0.9071783
0.9103737
0.904172
0.9084344
0.8945509
0.9153194
0.9036122
0.9079955
0.9220112
0.8952097
0.908701
0.8986954
0.8946488
0.9081318
0.9031881
0.9061004
0.9077393
0.9173572
0.9047342
0.9065073
0.9035412
0.902274
0.9170907
0.919792
0.9129108
0.9006008
0.901285
0.9093293
0.9058608
0.9124409
0.8942635
0.9074864
0.903397
0.9049872
0.9014726
0.8975311
0.9053003
0.9004428
0.897435
0.9005
0.8989954
0.9020724
0.8981605
0.9009429
0.8950108
0.9038063
0.9133496
0.9048419
0.90454
0.9088226
0.9029077
0.90514
0.9085696
0.9055905
0.9023257
0.9119649
0.909977
0.9236625
0.9234083
0.9137128
0.9090392
0.8952533
0.9228335
0.9305165
0.9165359
0.9270269
0.9249545
0.9098
0.9214819
0.9097106
0.8977438
0.9044293
0.8960978
0.909915
0.9054935
0.9037901
0.9018229
0.9114103
0.9334488
0.9077925
0.9083923
0.9066451
0.9018673
0.9099914
0.8987034
0.8991352
0.9060585
0.9078281
0.9073696
0.9103667
0.9089378
0.90958
0.9096142
0.9070232
0.9218728
0.9212854
0.9227497
0.9044767
0.9042511
0.9282527
0.9083065
0.9103691
0.9197411
0.9104976
0.8989658
0.9260687
0.9255959
0.9082818
0.9277536
0.9032546
0.9075732
0.9004157
0.9013196
0.9054317
0.9033547
0.9093885
0.9113131
0.9212948
0.9086571
0.9114345
0.9082268
0.9120824
0.915762
0.9170822
0.9183969
0.9060586
0.9001249
0.909078
0.9092789
0.912924
0.903361
0.9114642
0.90257
0.9067104
0.9036691
0.9003977
0.9101156
0.901908
0.9045912
0.9028234
0.8950158
0.9033254
0.8964181
0.9008891
0.8932014
0.9052048
0.9133139
0.9044916
0.9083448
0.906618
0.8972421
0.9101124
0.9051823
0.8997168
0.9042546
0.9140611
0.9100434
0.9238272
0.9236491
0.9144487
0.912946
0.8990177
0.9226867
0.9349526
0.9125545
0.9193602
0.9296524
0.9121328
0.9203316
0.9079746
0.9033678
0.9047449
0.9021641
0.9142837
0.9043178
0.907817
0.9018131
0.912061
0.9337756
0.9073774
0.9112521
0.8995497
0.9101613
0.9138419
0.9067763
0.9058226
0.9027903
0.9050425
0.9072666
0.9086336
0.9063627
0.906592
0.9060248
0.9052389
0.9227284
0.926642
0.9261884
0.9055698
0.9033371
0.9306041
0.9094632
0.9089433
0.9264856
0.9114095
0.8991029
0.924197
0.9322531
0.9132952
0.9269119
0.9091557
0.9114343
0.9059438
0.9045212
0.9025831
0.9030373
0.9096853
0.9112296
0.9267769
0.911422
0.9102272
0.9107774
0.9155474
0.9143717
0.9148974
0.9197315
0.909894
0.9023893
0.9117437
0.9076598
0.9171395
0.9008261
0.908737
0.8953664
0.9025535
0.8830888
0.8758207
0.8890235
0.8852168
0.8824486
0.8829166
0.8929987
0.8918566
0.8952101
0.89325
0.8942797
0.884072
0.8867162
0.8821502
0.886393
0.8965393
0.901943
0.8927182
0.8971003
0.8986698
0.8997839
0.8923234
0.9120023
0.9057982
0.9098417
0.9042287
0.9078062
0.8887385
0.9297554
0.918737
0.9238582
0.9318843
0.9061029
0.8939173
0.9276904
0.8974768
0.8927286
0.8908458
0.8878518
0.8983289
0.898599
0.8814566
0.9042943
0.9031831
0.9290734
0.8983352
0.9055502
0.9060187
0.8880112
0.9086397
0.8913091
0.8946674
0.8919835
0.9200656
0.9160084
0.9114432
0.9190288
0.9168474
0.9095546
0.920973
0.9221415
0.9106377
0.8990273
0.9010286
0.914993
0.9252492
0.9096918
0.9113327
0.9018963
0.9098916
0.8815042
0.9136194
0.908392
0.9095865
0.9216521
0.8883802
0.9027275
0.8965332
0.8823139
0.9018997
0.9022824
0.8993364
0.9027614
0.9141015
0.9001575
0.8974202
0.8971571
0.8911149
0.9252728
0.9262719
0.9230424
0.8853698
0.8880635
0.9009285
0.8973719
0.9036863
0.8846421
0.9018656
0.9034627
0.9034535
0.9030145
0.9017788
0.9055072
0.8995482
0.8975572
0.8982909
0.8965228
0.9037899
0.8986504
0.8963873
0.9022876
0.9008883
0.9090746
0.9023047
0.9003226
0.9041808
0.8910261
0.9016034
0.9103785
0.9017691
0.9003848
0.8957724
0.9026542
0.915918
0.9146279
0.9056488
0.9110066
0.8941776
0.916528
0.9219301
0.9119094
0.9090773
0.9202305
0.8979375
0.9082712
0.8968715
0.8983967
0.8995911
0.8944265
0.8996517
0.9017656
0.9017027
0.9008351
0.9057776
0.9237145
0.889543
0.9022749
0.8990712
0.8984175
0.9080372
0.9032695
0.8956253
0.9004587
0.9051621
0.9001423
0.8975745
0.8987754
0.8991273
0.9014895
0.8967141
0.9090243
0.9162939
0.9155022
0.8978805
0.8991011
0.9189973
0.9037441
0.8994176
0.9112633
0.9025219
0.898178
0.9194497
0.9215447
0.9019736
0.9161522
0.8989895
0.9005385
0.8989859
0.897465
0.8937328
0.8974936
0.9038823
0.9046488
0.9062741
0.9100253
0.9030664
0.9055882
0.9016393
0.9139717
0.9131173
0.909305
0.9027981
0.9011856
0.9016649
0.8966862
0.9072556
0.8942543
0.8973446
0.8772771
0.8867479
0.871661
0.8688611
0.8801745
0.87052
0.8718197
0.8707692
0.8781799
0.8818215
0.884068
0.8777391
0.8765537
0.8748643
0.8870223
0.8779044
0.8771917
0.8891351
0.8877581
0.8811021
0.8975886
0.88076
0.8802175
0.8928233
0.9015493
0.9024532
0.9036096
0.9010107
0.8980387
0.8803711
0.9208523
0.9163859
0.9116241
0.9200529
0.911576
0.8912258
0.9168063
0.8931584
0.8875212
0.8863488
0.878484
0.893992
0.886244
0.8768918
0.8943667
0.9018135
0.924274
0.8882349
0.897422
0.8985113
0.8800177
0.8987456
0.8902681
0.8893548
0.8752495
0.9080729
0.9042223
0.9012502
0.9030358
0.9026514
0.8994822
0.9051532
0.9129426
0.9059844
0.9034979
0.8887446
0.9011812
0.9209684
0.9025209
0.8987342
0.8970066
0.9025346
0.8847398
0.9081355
0.9065367
0.9010795
0.917645
0.8820717
0.8960127
0.8840087
0.8800339
0.88895
0.8915593
0.8926021
0.8949777
0.9103085
0.8947123
0.8942467
0.8952942
0.8866116
0.9145463
0.9157559
0.9111305
0.8896063
0.884896
0.8934969
0.894063
0.9049382
0.8727965
0.8942078
0.8783139
0.8870421
0.8721509
0.870401
0.8789873
0.8736692
0.8674332
0.8700708
0.8729374
0.8760251
0.8783759
0.8824031
0.8701502
0.8723131
0.8841392
0.8735027
0.8742983
0.8824674
0.8853952
0.8792845
0.8928715
0.8796616
0.882663
0.8881871
0.8994581
0.9053803
0.9063389
0.8992245
0.9008094
0.8774852
0.9186913
0.9186072
0.9134741
0.9202228
0.9089216
0.8849574
0.9186995
0.8954582
0.8773916
0.8805521
0.8734884
0.8902025
0.8912622
0.8692023
0.8941712
0.901025
0.9244632
0.8889868
0.8999928
0.8984968
0.871698
0.8996142
0.8797124
0.8847196
0.8723563
0.9108625
0.9047515
0.8975667
0.9062602
0.9035287
0.8968636
0.9058936
0.912007
0.9073834
0.9025411
0.8885223
0.9017411
0.920155
0.8950272
0.8957745
0.8999891
0.9006958
0.878861
0.9107098
0.9046529
0.8988004
0.9156281
0.8715899
0.8960663
0.8794438
0.876097
0.8912972
0.8896135
0.8923576
0.8965044
0.9127698
0.8920806
0.8919616
0.8885641
0.8869498
0.9182909
0.9187899
0.9115939
0.882918
0.8825335
0.8930559
0.8906718
0.900194
0.8720273
0.8918378
0.8892225
0.8940901
0.8834919
0.8834301
0.8955213
0.8877882
0.8847003
0.8833962
0.8831569
0.8902235
0.8840288
0.8826217
0.882573
0.8850519
0.8979195
0.8890951
0.8930624
0.8913493
0.8711511
0.8870898
0.8992541
0.8847525
0.8872312
0.8953138
0.8917541
0.9098663
0.9084489
0.8989555
0.9017565
0.8804564
0.9139332
0.9217065
0.9049235
0.9070078
0.9184673
0.8949762
0.9040612
0.8896869
0.8802195
0.8885706
0.8810855
0.8934699
0.8866111
0.8806223
0.8862525
0.903182
0.9186947
0.8828045
0.89483
0.884703
0.8772827
0.8969035
0.8787418
0.8758793
0.8817003
0.887034
0.8908527
0.8934522
0.8921848
0.8911219
0.8882916
0.8866531
0.9078698
0.9159652
0.9107687
0.8850051
0.8872291
0.9207618
0.8965004
0.8868715
0.9089801
0.8982906
0.8837568
0.9202064
0.9217899
0.8934879
0.9142765
0.8826039
0.894697
0.8844541
0.8791278
0.8841273
0.884698
0.89636
0.8943385
0.9095497
0.9007107
0.8974276
0.8955714
0.8993829
0.9074764
0.9086391
0.9051754
0.8888726
0.8888889
0.8984766
0.8929777
0.9070337
0.8827493
0.8944858
0.8929145
0.8913203
0.882743
0.882013
0.8994629
0.8917392
0.8823485
0.878658
0.8823311
0.8743895
0.8768038
0.8851568
0.8762656
0.8909988
0.9007164
0.8895848
0.8884544
0.8888071
0.8769139
0.8927375
0.9008674
0.8889136
0.8810842
0.8970151
0.9022307
0.9135924
0.9135992
0.9005591
0.9055406
0.884128
0.9155539
0.9249457
0.9077796
0.9129702
0.92375
0.8963118
0.9111337
0.8932489
0.8865436
0.8917375
0.8863721
0.899015
0.893296
0.8859607
0.8927652
0.9049837
0.9211269
0.8941185
0.8981684
0.890798
0.8879762
0.9010441
0.8909003
0.8892325
0.8830985
0.9000073
0.9001907
0.9019637
0.8994639
0.8990095
0.8984401
0.8980192
0.9114836
0.9213861
0.9188302
0.8876824
0.8984133
0.9212106
0.9015229
0.8939657
0.91357
0.9025408
0.8803483
0.92079
0.9248391
0.9006254
0.9186971
0.8939998
0.8956547
0.8903661
0.892778
0.8913736
0.8911011
0.9038294
0.8946869
0.9135296
0.9054497
0.903566
0.9037155
0.9002021
0.9158892
0.9142309
0.9144575
0.8948672
0.892616
0.9002003
0.8948547
0.9053299
0.8810877
0.8949987
0.8447545
0.8895942
0.8717949
0.8675668
0.8858556
0.8785995
0.8690977
0.8726951
0.8698304
0.8734163
0.8728136
0.8852495
0.8688106
0.8810805
0.8894312
0.8755002
0.881609
0.8800817
0.8745709
0.8837453
0.8870974
0.8868739
0.8828016
0.8945615
0.9051833
0.9142867
0.9135918
0.898242
0.9068715
0.873112
0.9213075
0.9215124
0.9166202
0.9222571
0.9159111
0.8924548
0.9192342
0.8920879
0.8926783
0.887514
0.8672307
0.8974221
0.8944989
0.8759687
0.8974821
0.9037894
0.9296708
0.9001261
0.8971825
0.8915268
0.8894043
0.9004869
0.8893569
0.8859926
0.8725447
0.9096772
0.9092959
0.9099871
0.9073038
0.9093177
0.9057903
0.9072318
0.9172272
0.9122882
0.9101757
0.8937442
0.9083615
0.9236523
0.9059663
0.9025069
0.9094123
0.9037444
0.8795305
0.9161274
0.917219
0.9082916
0.9224634
0.887022
0.8999642
0.88542
0.887128
0.8962716
0.8947671
0.8988219
0.8988193
0.9184377
0.8986624
0.9001109
0.8975235
0.8961425
0.9190052
0.918486
0.9178082
0.9000072
0.8873931
0.8974451
0.8886104
0.904094
0.8635081
0.8992145
0.8921527
0.8907503
0.8878789
0.8876765
0.8979188
0.8868613
0.8851844
0.88466
0.8807723
0.8848362
0.8875772
0.8869426
0.8827524
0.8911535
0.9020562
0.8888088
0.8937396
0.8970614
0.8834764
0.8888929
0.8946539
0.8866526
0.8894076
0.9003864
0.9029985
0.9161775
0.9182658
0.8989727
0.9061437
0.8874683
0.9161217
0.9268818
0.9080945
0.9138933
0.9199131
0.9035636
0.9172548
0.900354
0.8912522
0.88625
0.8859846
0.9012601
0.8936354
0.892545
0.8920814
0.9067546
0.9245365
0.8939219
0.8988664
0.8907149
0.8899325
0.8999068
0.8947902
0.8923708
0.8872317
0.9003913
0.9025368
0.9033985
0.9058274
0.9043454
0.9017349
0.9032013
0.9131667
0.9195064
0.9177041
0.8927758
0.9020418
0.9278973
0.904223
0.9019925
0.911797
0.9063152
0.8840063
0.9215686
0.9231067
0.9017395
0.9181978
0.8900768
0.9017737
0.8919515
0.8926509
0.8945583
0.8959203
0.9049782
0.8998189
0.91543
0.9028454
0.9056477
0.9057206
0.8987629
0.9129033
0.9140614
0.9124143
0.8950126
0.8947425
0.9030757
0.8988704
0.906935
0.8882073
0.8974661
0.8873501
0.8845452
0.8756725
0.8718392
0.8883953
0.8818404
0.874561
0.8749091
0.8742225
0.8799509
0.8773055
0.8788497
0.8746999
0.8884762
0.891057
0.877015
0.8823979
0.8840986
0.8760243
0.8836553
0.8982346
0.8856988
0.8883099
0.8825486
0.8922666
0.9005455
0.8997915
0.8984118
0.8933371
0.8805408
0.9065431
0.909269
0.9112811
0.9087193
0.9079875
0.8783636
0.9111793
0.8891922
0.8720712
0.879689
0.8764
0.887487
0.8851573
0.8769942
0.8883267
0.8942908
0.9163951
0.8777386
0.8881292
0.8812809
0.8735544
0.8949611
0.8732979
0.868322
0.8806316
0.8960722
0.8958221
0.8915127
0.8953855
0.8981043
0.8945465
0.8966054
0.9033326
0.9061066
0.898556
0.8798296
0.8926266
0.9118623
0.8881524
0.8886279
0.9011126
0.8927797
0.8781029
0.9057595
0.9099833
0.8893998
0.9112559
0.8727352
0.8918515
0.8878435
0.8722261
0.8805873
0.8798574
0.8869799
0.882952
0.905594
0.8934844
0.88875
0.8877902
0.8833726
0.9126267
0.9139659
0.9125518
0.8782472
0.878097
0.890457
0.887504
0.9007601
0.8749274
0.8877072
0.8833965
0.8863669
0.8747238
0.8749908
0.8858888
0.8825263
0.873208
0.8795921
0.8737783
0.8803111
0.8774691
0.8738133
0.8731908
0.8817118
0.8935603
0.8782338
0.8790916
0.8816021
0.8736926
0.8883247
0.8979708
0.8812441
0.8834269
0.8736762
0.8885593
0.8975492
0.8988901
0.8972528
0.8948884
0.8720053
0.9060341
0.910919
0.9083284
0.9056025
0.9070841
0.8777927
0.910402
0.8838517
0.8720802
0.8807728
0.8718145
0.8798962
0.8823317
0.8764646
0.8830687
0.8946586
0.9182937
0.8757814
0.8879156
0.8773283
0.874466
0.8940663
0.8676194
0.8673353
0.8775022
0.8956111
0.8909594
0.8891044
0.8941337
0.8908272
0.8927408
0.898013
0.8999351
0.9046762
0.9004678
0.8783832
0.8900476
0.9107136
0.8878175
0.8871667
0.8976358
0.893732
0.8713346
0.9051025
0.9115548
0.8895822
0.908905
0.8664678
0.8897397
0.8828787
0.8713284
0.8769976
0.8766229
0.8854499
0.8813024
0.9047295
0.8935403
0.8859533
0.8872186
0.8815016
0.910665
0.910117
0.9101166
0.8786146
0.8745002
0.8829466
0.8844895
0.9002637
0.8763174
0.8824185
0.8868831
0.8916829
0.8798316
0.8738369
0.8838185
0.8793399
0.8717686
0.8791808
0.8754121
0.8780848
0.8797722
0.888685
0.8763353
0.8817428
0.8876521
0.8834261
0.881447
0.8885361
0.8848939
0.8836348
0.892524
0.8825699
0.8880421
0.8851439
0.9035878
0.9087163
0.9106167
0.8992035
0.9025731
0.8743459
0.9274306
0.9254205
0.9190569
0.9259392
0.9173656
0.8937996
0.9285739
0.8910222
0.893032
0.8819273
0.8772959
0.8885676
0.893126
0.8764625
0.8972102
0.9005766
0.934852
0.8912312
0.8943315
0.8986101
0.8851571
0.9008347
0.8874354
0.8929034
0.8844465
0.9129134
0.9126889
0.908729
0.9125022
0.9109421
0.9054756
0.9105952
0.9225101
0.9168496
0.9057784
0.8914956
0.9078145
0.9268535
0.9036337
0.9024338
0.9034517
0.904684
0.8811842
0.9193582
0.9121941
0.9073643
0.9240462
0.8740888
0.8907444
0.8835424
0.8843976
0.8946333
0.8915894
0.8985312
0.8938106
0.921599
0.8928887
0.8970027
0.8950992
0.8929992
0.9234828
0.9224748
0.9182924
0.8886726
0.876965
0.893177
0.8915611
0.8988752
0.8760716
0.8926566
0.8670328
0.8793203
0.8631006
0.8612598
0.8818621
0.8744085
0.857207
0.8569887
0.8487392
0.8622942
0.8590823
0.8619342
0.8513837
0.8726982
0.8870136
0.8696882
0.8755672
0.8720416
0.8628062
0.8678777
0.8804988
0.8719301
0.8775379
0.875971
0.8868462
0.9056753
0.9029498
0.8894795
0.8952934
0.859343
0.9047636
0.9146754
0.9127089
0.9088068
0.9070825
0.8775248
0.9056415
0.8770666
0.8626513
0.8656557
0.8571961
0.8781402
0.8729588
0.8646363
0.8762789
0.8881945
0.911616
0.8722277
0.889785
0.8726274
0.8658079
0.887844
0.8648488
0.8673462
0.8660704
0.8882385
0.8924179
0.8862373
0.888231
0.8918792
0.8900036
0.88955
0.900349
0.9086168
0.8998874
0.8748732
0.888273
0.9146938
0.8872385
0.887715
0.8960432
0.8915404
0.8626124
0.9104288
0.9131812
0.887209
0.9093462
0.8555494
0.8828399
0.8697896
0.8632044
0.8674864
0.8728189
0.883517
0.8742264
0.9055383
0.8875861
0.8818504
0.8818301
0.8786411
0.9155988
0.914237
0.9065482
0.8780649
0.8618358
0.8790314
0.8751418
0.8928992
0.8593628
0.8784958
0.8777059
0.8865372
0.8735713
0.870944
0.8894735
0.878251
0.8684153
0.8710277
0.8693495
0.882133
0.8765437
0.8822719
0.8752451
0.885433
0.8881586
0.8825647
0.8817517
0.8834596
0.8776289
0.882861
0.8909403
0.8764475
0.8824112
0.8903672
0.8974663
0.9032396
0.9039053
0.9008037
0.8976842
0.8810738
0.9171986
0.9178259
0.9126787
0.9113883
0.9121607
0.894196
0.9150102
0.8945414
0.8834503
0.8918486
0.8719875
0.8903449
0.8937181
0.8742205
0.8937157
0.9045614
0.9226289
0.8885575
0.898796
0.8958594
0.8808512
0.9007685
0.8840317
0.8868431
0.8768192
0.9038277
0.8988804
0.8962921
0.8977005
0.8992229
0.8981607
0.8999351
0.9106716
0.9035689
0.9012337
0.8904318
0.8954023
0.9209276
0.8934837
0.8945687
0.9026517
0.8977303
0.8796602
0.9104174
0.9060813
0.8961669
0.9146615
0.8899462
0.8966298
0.8864589
0.8840192
0.8909385
0.8914282
0.8981879
0.89616
0.9073312
0.9029804
0.8974767
0.8969837
0.891087
0.9133801
0.9134818
0.9106182
0.8868962
0.8959887
0.8940423
0.8931401
0.9050137
0.8716671
0.8906802
0.8775014
0.8850152
0.8655866
0.8703717
0.890396
0.8747687
0.8686573
0.8640201
0.8532511
0.8694503
0.8688368
0.8644427
0.8591565
0.8786127
0.8911792
0.8748398
0.8729312
0.8821779
0.8535726
0.8785862
0.8870151
0.8715373
0.8757945
0.881008
0.8853384
0.904121
0.9053459
0.8908007
0.8977582
0.8735746
0.9005099
0.9112231
0.8995837
0.8958683
0.91612
0.8838236
0.8969061
0.8806629
0.8744956
0.8684172
0.8652863
0.8867747
0.8845007
0.8679308
0.8793009
0.8893958
0.9082042
0.870963
0.8813615
0.8761772
0.8782075
0.8828921
0.8794919
0.8751156
0.8655832
0.8769582
0.8791922
0.8869262
0.8768784
0.879355
0.8877503
0.8809118
0.9028837
0.9068204
0.9079289
0.8733883
0.8827285
0.9109355
0.8860658
0.8840129
0.9061418
0.891661
0.8729023
0.9121548
0.919416
0.8876148
0.9098801
0.8772977
0.8842497
0.8785023
0.8752161
0.8737692
0.8796004
0.8885557
0.8758917
0.9003091
0.888865
0.8881721
0.886759
0.8837983
0.9016578
0.9050413
0.9045945
0.8880823
0.8803026
0.8870052
0.8833091
0.8954745
0.8698212
0.8804842
0.8825171
0.8889403
0.8760522
0.8716065
0.8906553
0.8780799
0.8728429
0.8716428
0.8723915
0.8733797
0.8742159
0.8808427
0.8697459
0.8808531
0.8917034
0.8790055
0.8838913
0.8831276
0.8770108
0.8829696
0.8846347
0.8790519
0.8823218
0.8967151
0.8991801
0.9122285
0.913236
0.9003911
0.9022127
0.8816303
0.9188362
0.9259642
0.9135815
0.9180748
0.9176346
0.8966231
0.9171015
0.8936132
0.8848568
0.8876008
0.8708748
0.8954508
0.8949601
0.8744217
0.8959385
0.9007564
0.9270177
0.8934291
0.8969379
0.8967451
0.8844039
0.9007821
0.8830876
0.8816038
0.8676148
0.9043833
0.9028823
0.9001919
0.9007365
0.8995499
0.9001351
0.9037032
0.915551
0.9107713
0.9139315
0.8912782
0.8978335
0.9260615
0.90152
0.8966455
0.9077319
0.9044546
0.8776163
0.915175
0.9160923
0.8980688
0.9230047
0.8880685
0.8978554
0.8807673
0.8878216
0.8929097
0.895809
0.8969921
0.8959431
0.914942
0.9026459
0.8987002
0.8995366
0.8921044
0.916661
0.9162136
0.9141569
0.8872838
0.8900092
0.8956315
0.8943431
0.9017964
0.8651899
0.8942096
0.9002675
0.9068384
0.9018524
0.8972583
0.9048025
0.9004041
0.8955454
0.8943466
0.8916631
0.8947593
0.8941147
0.89701
0.8925664
0.9011597
0.9074113
0.9008276
0.902332
0.8997173
0.895982
0.9039242
0.9029071
0.8975878
0.9001633
0.9110338
0.9118053
0.9238936
0.9230013
0.910642
0.9123095
0.8934353
0.9266862
0.9344268
0.922567
0.9241701
0.9267514
0.9073145
0.922533
0.9043361
0.9047738
0.8982201
0.8904291
0.9078656
0.9036796
0.897328
0.8997804
0.9103427
0.9313698
0.9042075
0.9068216
0.9025933
0.9026671
0.909123
0.9032821
0.9040984
0.8988237
0.9084547
0.9142145
0.9103769
0.9101615
0.9087971
0.9073643
0.9096979
0.9265259
0.9306072
0.9266615
0.9016181
0.9119019
0.9318993
0.9108827
0.9114563
0.9148869
0.9137194
0.8944186
0.9254448
0.9298605
0.9154274
0.9257654
0.8920705
0.9070883
0.8982177
0.9059714
0.9029485
0.9045076
0.9084178
0.9053945
0.9234994
0.9096415
0.9096025
0.907885
0.908567
0.9208397
0.9207795
0.9239641
0.9058606
0.896015
0.9098708
0.9024037
0.91059
0.8930392
0.9079464
0.8736055
0.8841819
0.8674207
0.8587531
0.8763041
0.8694852
0.8554915
0.8586592
0.8566103
0.8619869
0.8586728
0.870677
0.8535836
0.8716396
0.8837668
0.8656455
0.8663593
0.8718246
0.8709748
0.8764364
0.8822322
0.8719187
0.8768837
0.8823848
0.902548
0.9101024
0.9109587
0.8956244
0.9022012
0.8658376
0.9181969
0.9226363
0.9081955
0.9180826
0.9168736
0.8845654
0.9148248
0.8901796
0.87489
0.8736123
0.8591612
0.8856846
0.8798698
0.8640162
0.8827917
0.8927089
0.9246096
0.8808283
0.8903048
0.889337
0.8754107
0.8934829
0.8770513
0.8732751
0.87485
0.8968084
0.8953734
0.8936444
0.8965961
0.8960091
0.8910422
0.8933459
0.9117248
0.9139736
0.9083825
0.8791079
0.89833
0.9184222
0.8947877
0.8946858
0.9041295
0.899546
0.8714975
0.9158986
0.9179642
0.8985229
0.9193684
0.8652648
0.8846608
0.8765587
0.8748633
0.8787548
0.8798978
0.8916604
0.8854252
0.9129367
0.8908827
0.8887818
0.8878628
0.8878022
0.9113234
0.9129609
0.9105097
0.8819982
0.8670271
0.8872302
0.8895695
0.8982627
0.8648411
0.8853476
0.8639684
0.875529
0.85551
0.8456399
0.8686024
0.8615545
0.8446076
0.846832
0.8548913
0.852114
0.8548937
0.8620421
0.8483322
0.8645142
0.8763495
0.8634426
0.8620305
0.8625752
0.8643355
0.8730669
0.878565
0.8683746
0.8675582
0.8741601
0.8945867
0.9035626
0.9041125
0.8903611
0.8923897
0.8531393
0.9181371
0.9213507
0.9118524
0.9166848
0.9093548
0.8789844
0.9115692
0.8801945
0.8687276
0.8627523
0.8558014
0.8795455
0.8803685
0.8527042
0.8807489
0.8895195
0.9212285
0.8760668
0.8862011
0.8837733
0.8662728
0.8887846
0.8727962
0.8718109
0.8599105
0.8983762
0.8991485
0.8950878
0.8962647
0.8971743
0.8939165
0.8954925
0.9115646
0.9073367
0.9003613
0.8738996
0.895382
0.9168826
0.8909058
0.8941868
0.8974011
0.8942445
0.8593843
0.9106043
0.9133052
0.8935758
0.9172256
0.86527
0.8822386
0.8655487
0.8635575
0.8767954
0.8765025
0.8811752
0.8801528
0.9101329
0.8876441
0.8796781
0.8780293
0.875421
0.9160063
0.9163038
0.914126
0.8750458
0.8614017
0.8827305
0.8773071
0.890645
0.8576708
0.8815951
0.8626167
0.8753123
0.8563426
0.8494729
0.8712063
0.8619124
0.8395006
0.8458919
0.8519662
0.8563248
0.8577028
0.8674339
0.8535643
0.8675349
0.8750318
0.8582564
0.8646243
0.8699825
0.8744101
0.8703972
0.8804619
0.8784361
0.8722459
0.8773867
0.8964609
0.9013203
0.9023846
0.8926928
0.8957077
0.8646536
0.9202924
0.9122877
0.9159263
0.9206619
0.9085427
0.8801165
0.9212372
0.8843983
0.875492
0.8760369
0.8598394
0.8796162
0.8782821
0.854769
0.887432
0.8932716
0.9234655
0.8872629
0.8901473
0.8917788
0.8706757
0.8964738
0.8733203
0.8783333
0.8622854
0.9091393
0.9031176
0.8969482
0.9033144
0.9016463
0.8991774
0.9085942
0.9086827
0.9038175
0.8964554
0.8855938
0.8989572
0.9181059
0.8941316
0.8948241
0.8970083
0.8951061
0.868515
0.9049844
0.9007349
0.8950425
0.9144558
0.8668664
0.8918089
0.8725724
0.8647102
0.877891
0.8827641
0.8840716
0.8859674
0.9100652
0.8876392
0.8847827
0.8822722
0.8779561
0.9158334
0.9146291
0.9113367
0.8799649
0.8689961
0.8837293
0.882536
0.8957166
0.8572221
0.8821109
0.8707767
0.8874526
0.861798
0.85587
0.8781576
0.8697982
0.8507418
0.8548255
0.8600451
0.8643166
0.8673559
0.8717807
0.8574497
0.8766239
0.8817864
0.8614733
0.8700498
0.8708666
0.8805297
0.8706206
0.8881659
0.8784948
0.8760888
0.8712773
0.8934023
0.8937342
0.8948874
0.8993017
0.897414
0.8649665
0.9153631
0.9091339
0.9147751
0.9186768
0.9030839
0.8761237
0.9180997
0.8833647
0.87922
0.8760142
0.8621759
0.8746637
0.880701
0.8577692
0.8874883
0.8937593
0.924563
0.8795067
0.894205
0.8906741
0.873348
0.8964886
0.8739607
0.8808138
0.8659896
0.907445
0.9068354
0.9019181
0.9044615
0.9062102
0.9000572
0.9049868
0.9063389
0.89781
0.8921704
0.8831364
0.9005529
0.9148775
0.8877525
0.891844
0.888953
0.8946334
0.8686594
0.9004834
0.8940498
0.8970341
0.9111692
0.8759603
0.8880132
0.8778157
0.8620843
0.8715603
0.8840272
0.8845308
0.8818532
0.9043845
0.8912572
0.8850798
0.8860299
0.8698789
0.9187898
0.9177888
0.9121348
0.8774808
0.8772196
0.8789371
0.881055
0.8942024
0.8586788
0.8819261
0.8852383
0.8874141
0.8766876
0.8774402
0.8901254
0.8796618
0.8774995
0.8786855
0.8760415
0.8838909
0.880336
0.880916
0.8805104
0.8801455
0.8926086
0.8750773
0.8803069
0.8854976
0.8702732
0.8799627
0.8979032
0.8824171
0.882161
0.8868558
0.8933579
0.905178
0.9064323
0.8934928
0.8999503
0.8751779
0.9075561
0.9171839
0.9066244
0.9053191
0.9114639
0.8870251
0.9065474
0.8838546
0.8758127
0.8808863
0.8799303
0.8898803
0.8826935
0.8795514
0.8815337
0.8958348
0.9153109
0.8812643
0.8880918
0.8812295
0.8743129
0.8910773
0.881988
0.8721633
0.8848684
0.8906329
0.8932192
0.895493
0.8915025
0.8910525
0.8866125
0.8896519
0.9039965
0.9153107
0.9082141
0.8793339
0.8898305
0.9120677
0.9001821
0.8884302
0.9039889
0.897429
0.8750503
0.9138167
0.9198452
0.8932286
0.9105711
0.8822852
0.8886504
0.8790334
0.8737655
0.8794737
0.8793184
0.8917197
0.8853076
0.9027107
0.8936932
0.8922814
0.8934324
0.8880527
0.9076176
0.9088411
0.9069326
0.8842672
0.8802992
0.8905433
0.8842933
0.8981056
0.877885
0.8874695
0.8610704
0.8700629
0.848951
0.8423841
0.8726005
0.8698911
0.8314812
0.8418783
0.8402043
0.8457613
0.8473982
0.8549769
0.8373809
0.8642311
0.8741972
0.8531342
0.8638167
0.8602052
0.8618727
0.8601907
0.872035
0.8629894
0.8662253
0.8846738
0.8961825
0.904033
0.9046219
0.8923022
0.8975162
0.8583809
0.9141773
0.9176857
0.907379
0.9147087
0.9126241
0.8857277
0.9125644
0.8886288
0.8770823
0.8661288
0.852326
0.884154
0.8810654
0.8536622
0.8834639
0.8956315
0.9224664
0.8799549
0.8916619
0.887011
0.8782091
0.8892696
0.8757431
0.8779004
0.8564597
0.8992051
0.9007214
0.8971056
0.8981631
0.8972146
0.8949105
0.9018786
0.9108588
0.9064842
0.9043575
0.8768661
0.8976083
0.9187442
0.8954823
0.893192
0.9000357
0.8966392
0.8590609
0.9091806
0.9129542
0.8954
0.9121786
0.8717157
0.8884834
0.8673695
0.8726014
0.8840206
0.8793502
0.8890882
0.885659
0.9121547
0.8911683
0.8930239
0.8927129
0.8860291
0.9120666
0.9133703
0.9066998
0.8825929
0.8801295
0.8870696
0.8871368
0.8961867
0.8583192
0.8905668
0.8886863
0.889941
0.8839112
0.8861673
0.8970128
0.8860838
0.8853841
0.8821931
0.8791951
0.8907084
0.8919181
0.8832109
0.8828366
0.8871215
0.8948476
0.8870364
0.889421
0.894904
0.8902435
0.8926706
0.9035632
0.8891018
0.8902559
0.8966839
0.8937871
0.8932778
0.8925863
0.9030982
0.8983413
0.8860512
0.9116443
0.9129583
0.9083029
0.9090477
0.906069
0.897264
0.9071725
0.9006667
0.8886142
0.8885585
0.8864228
0.8990679
0.8979993
0.8840401
0.8970467
0.9081586
0.9162701
0.8938975
0.9019149
0.8951268
0.8870593
0.9011645
0.8903956
0.8919487
0.88161
0.89632
0.8964651
0.8993531
0.8972952
0.9005908
0.8958602
0.8999746
0.9031664
0.9066879
0.8990118
0.8889285
0.8949439
0.9121563
0.8940521
0.8939071
0.9010198
0.8964152
0.8920137
0.9044803
0.9043876
0.8961109
0.9134988
0.8990451
0.9043282
0.8902391
0.8895909
0.8918597
0.9017566
0.9035299
0.8968885
0.9055931
0.908833
0.9043196
0.9057451
0.898766
0.9112158
0.909151
0.9093854
0.8944673
0.9063742
0.9020178
0.8989125
0.9087947
0.8847445
0.8979824
0.8639753
0.8764584
0.8568947
0.8522517
0.8775368
0.8645219
0.8545639
0.8529895
0.8557854
0.8658739
0.8695892
0.861402
0.8625482
0.8750697
0.8808288
0.8630684
0.8684523
0.8722735
0.8678722
0.8712378
0.8827246
0.8678197
0.8686891
0.881372
0.8905333
0.8936503
0.8922695
0.8934136
0.8917158
0.8689184
0.9125228
0.9051658
0.9062423
0.9115801
0.9020142
0.8808792
0.9080693
0.8872769
0.8708612
0.8591804
0.853279
0.8847115
0.8845357
0.847328
0.8928636
0.8941912
0.9155645
0.8821276
0.8869744
0.880785
0.8812882
0.894906
0.8744779
0.875365
0.8515245
0.8969028
0.8915335
0.8897022
0.8947349
0.8925161
0.8898797
0.8954334
0.8999527
0.8984988
0.8892314
0.8748595
0.8887552
0.906975
0.8796195
0.8858823
0.8944124
0.8880436
0.8674766
0.899689
0.8971263
0.8822972
0.9090068
0.880148
0.890657
0.8691966
0.8683111
0.8833589
0.8865514
0.8890693
0.8840501
0.8969264
0.8955862
0.8896842
0.8908017
0.878424
0.9096801
0.9100758
0.9043493
0.878672
0.8875431
0.8865156
0.8852893
0.900635
0.8539359
0.8839677
0.8850272
0.8855252
0.8765744
0.8656705
0.8835498
0.8828558
0.8695048
0.8722996
0.8720644
0.8771848
0.8778186
0.8826713
0.8730302
0.8822501
0.8847581
0.8767612
0.8766236
0.8823719
0.8891355
0.88815
0.8908212
0.8841154
0.8853892
0.8930569
0.9080517
0.9067291
0.9041618
0.9026493
0.9024227
0.8799856
0.9237776
0.9151089
0.9179099
0.9206776
0.9119932
0.8916524
0.9216974
0.8984024
0.8848949
0.8866394
0.8727233
0.8915684
0.8979773
0.8775525
0.9003036
0.9057275
0.925647
0.8949728
0.9043643
0.8970562
0.8910387
0.9004536
0.8859133
0.8879435
0.8776903
0.9127001
0.9087646
0.9111656
0.9068824
0.9121416
0.9073214
0.9110432
0.9121343
0.9076664
0.9019755
0.8947609
0.9047839
0.9204157
0.905066
0.8989604
0.9059618
0.9014607
0.8837427
0.906056
0.9055909
0.9031928
0.9176622
0.8925043
0.8978873
0.8866737
0.8858118
0.8960761
0.895224
0.9011446
0.894774
0.9112949
0.9025464
0.8971765
0.8955525
0.891165
0.9163705
0.9187793
0.9149833
0.8901095
0.8957725
0.8943026
0.8935233
0.9062511
0.8745619
0.8937451
0.8685321
0.881858
0.8611204
0.8529051
0.8776353
0.8703812
0.8496509
0.8547634
0.8494092
0.8561443
0.8558327
0.8674386
0.8493849
0.8804502
0.8814383
0.8655713
0.8696797
0.8691454
0.86935
0.8681797
0.8823066
0.8757339
0.8712439
0.8862196
0.9050725
0.9103629
0.9111755
0.8949205
0.9016589
0.8674558
0.9187097
0.924659
0.9151561
0.9169365
0.9153333
0.8915938
0.9138781
0.8885438
0.8810033
0.8798584
0.8594999
0.8885134
0.8872414
0.8644911
0.887446
0.8940488
0.9252826
0.8820378
0.8923764
0.8928584
0.8803209
0.897576
0.8791528
0.8834249
0.8697784
0.902848
0.902439
0.9002653
0.9011187
0.8996648
0.8972821
0.9030943
0.9148628
0.9122006
0.9114009
0.8828976
0.9054867
0.9236168
0.9023244
0.9028349
0.9132621
0.9019457
0.8710616
0.9158191
0.9168503
0.9035088
0.9196444
0.8782419
0.8886761
0.8700638
0.8789213
0.8864591
0.8824243
0.8922302
0.8932303
0.9125646
0.8961221
0.8931373
0.8918478
0.8917808
0.9190561
0.9191008
0.9130938
0.8927524
0.8813934
0.8885017
0.8864286
0.9007866
0.8655147
0.8875449
0.8764379
0.8825061
0.8644839
0.8630849
0.87642
0.8772881
0.8605199
0.8584895
0.8625502
0.8723642
0.8709514
0.8720143
0.8637774
0.8772257
0.8877743
0.8709899
0.8754824
0.8768694
0.8779324
0.875304
0.8830374
0.8833934
0.8732079
0.8919112
0.8946313
0.9031431
0.9074232
0.8949021
0.8999436
0.8662969
0.9193175
0.9242069
0.9064542
0.9149834
0.9175134
0.8890321
0.9179653
0.8883211
0.8849769
0.8808681
0.8651136
0.8917249
0.8882498
0.8643205
0.8894037
0.8961318
0.9287697
0.8882885
0.8970874
0.8961108
0.8804513
0.893551
0.8855926
0.8870613
0.8732604
0.9028363
0.8978258
0.8987701
0.8993896
0.9001165
0.8994932
0.899339
0.9125514
0.909533
0.9072881
0.8885906
0.8952619
0.9223611
0.8988864
0.8947086
0.9039512
0.9005384
0.8725818
0.9132131
0.913045
0.8984876
0.9206597
0.8772427
0.8928571
0.875348
0.8805469
0.8903016
0.8874031
0.89327
0.896135
0.9095465
0.8982332
0.8927649
0.8962531
0.8871402
0.9115275
0.9126337
0.9120905
0.887954
0.8850199
0.8937527
0.8882307
0.8992327
0.8634009
0.8977634
0.8974068
0.9021421
0.8914926
0.8950789
0.9001002
0.8907484
0.8945948
0.8906923
0.8881813
0.89704
0.8971873
0.8923709
0.8945391
0.8983663
0.8995604
0.8938999
0.8942072
0.8995422
0.8949577
0.8975736
0.9039884
0.8922811
0.8955611
0.9052266
0.9067485
0.9155794
0.9176996
0.9067225
0.9091645
0.8919987
0.9180919
0.9233914
0.9140328
0.9156556
0.9188028
0.905968
0.9134483
0.9051908
0.8933748
0.8957674
0.8931185
0.9076874
0.900477
0.8913419
0.9011297
0.9118521
0.9248291
0.9008874
0.9046307
0.901332
0.8955615
0.902849
0.8951732
0.8931256
0.891722
0.9056362
0.8999035
0.9011224
0.9020615
0.9036717
0.9023965
0.9024003
0.9125353
0.919321
0.9187136
0.8946884
0.9025481
0.9203714
0.9016323
0.9041433
0.9145861
0.9078318
0.8967952
0.9191933
0.9226046
0.9055908
0.9220235
0.9047569
0.9050974
0.8953131
0.900432
0.9011005
0.9013691
0.9108135
0.902618
0.9121177
0.9126268
0.9121818
0.9113133
0.9082741
0.9103367
0.9130706
0.9104257
0.8988413
0.9024768
0.9113475
0.9041848
0.9116795
0.8923187
0.9019684
0.9185941
0.9205858
0.9147827
0.9133113
0.9197476
0.9160308
0.9153538
0.9139645
0.9149917
0.9206255
0.9213075
0.9125301
0.9200897
0.9185757
0.9191076
0.9140314
0.9162886
0.9200126
0.916558
0.9175677
0.9291434
0.9149312
0.919193
0.9125826
0.904878
0.9044353
0.9051433
0.9204692
0.9092962
0.9169014
0.8791794
0.9127324
0.9164649
0.8773802
0.9060722
0.9123292
0.9121677
0.9153372
0.9067803
0.9149249
0.911034
0.9170754
0.9167839
0.9108967
0.9194452
0.9236422
0.922632
0.9144581
0.9170226
0.9168784
0.912008
0.9169633
0.9080193
0.9080575
0.9135606
0.9158155
0.9108574
0.9067032
0.9103588
0.9110641
0.9150228
0.9125134
0.8759029
0.9009295
0.90215
0.9142359
0.9074087
0.9097575
0.9049163
0.9057521
0.9161826
0.9086492
0.9174396
0.9056069
0.9072033
0.9023599
0.8691578
0.9204098
0.9203928
0.9194749
0.9072315
0.9142038
0.9191905
0.9190248
0.91338
0.9071315
0.9237446
0.917601
0.9195904
0.9108088
0.91913
0.9195858
0.9159007
0.9119403
0.9209987
0.9172385
0.9186707
0.930043
0.910481
0.9117771
0.9177106
0.9196047
0.9146289
0.9198461
0.9238301
0.9121549
0.9151666
0.913653
0.9140334
0.920742
0.9162041
0.9073304
0.9142665
0.9153407
0.9198595
0.9161012
0.9188468
0.9157434
0.9068352
0.9180425
0.9218283
0.916323
0.9189993
0.9163477
0.9029926
0.9042884
0.9025009
0.9173226
0.9131604
0.9165337
0.8904981
0.9118454
0.9123126
0.89014
0.9118549
0.9125089
0.9052077
0.9154201
0.9092053
0.913933
0.9087177
0.9177416
0.9139938
0.9151343
0.9126933
0.9217461
0.9141505
0.9108989
0.9170778
0.9075793
0.9098883
0.9143223
0.9076619
0.9101717
0.9130528
0.9031422
0.9028836
0.9016606
0.9026479
0.902149
0.9082785
0.9068974
0.8859814
0.9086249
0.9079462
0.9100673
0.9009188
0.9119128
0.9032003
0.8969255
0.9159253
0.9032499
0.912983
0.9097077
0.9145232
0.899831
0.8924871
0.9162294
0.9167106
0.91569
0.9094483
0.9120703
0.9113839
0.9139309
0.9120305
0.8951955
0.9227178
0.9166696
0.9166138
0.9131164
0.9151022
0.9152483
0.9110988
0.9148352
0.9164209
0.9196174
0.913677
0.9257187
0.9137754
0.9158671
0.9150213
0.9134249
0.9136393
0.9089125
0.9194905
0.9124254
0.910675
0.9067923
0.9047349
0.9159873
0.9123949
0.9018262
0.907176
0.909527
0.9164745
0.9122178
0.9128043
0.9132417
0.9069966
0.9056557
0.9264976
0.9101801
0.9122238
0.9020725
0.8941151
0.8923239
0.8917516
0.917845
0.903067
0.9153908
0.8788156
0.8972059
0.9096658
0.8785714
0.8964279
0.8998713
0.9011244
0.9068622
0.8953677
0.906305
0.9021793
0.9052215
0.9086409
0.9035466
0.9091198
0.91376
0.8983876
0.9068142
0.9132386
0.9078508
0.8986084
0.9101529
0.8946514
0.8965928
0.9042001
0.9001968
0.8938136
0.8961639
0.8951622
0.8967486
0.8990242
0.9046967
0.8737497
0.8945299
0.8919224
0.9024965
0.8958273
0.8958647
0.8908338
0.890917
0.9094541
0.8941767
0.9090038
0.8959232
0.9057552
0.8940198
0.8837967
0.9144136
0.9123858
0.9101022
0.8938724
0.9038057
0.9040085
0.9079398
0.9047854
0.8861232
0.9175809
0.9127618
0.914526
0.8976245
0.9129789
0.9134186
0.9085927
0.9055587
0.9164984
0.9070161
0.9108691
0.9256808
0.9072333
0.908505
0.9171558
0.9163097
0.9152941
0.9202296
0.9208967
0.9112693
0.921633
0.9162388
0.9086863
0.9190616
0.9139697
0.9089696
0.9165062
0.9131412
0.9287969
0.9178038
0.9172441
0.9170571
0.8993937
0.9148914
0.9230198
0.9131809
0.9104478
0.9136425
0.8930316
0.9181589
0.918208
0.9113293
0.9032583
0.9082797
0.9013679
0.9183614
0.9089144
0.8973743
0.9156923
0.9117879
0.8973697
0.9052613
0.8978666
0.91017
0.9121537
0.9118518
0.9082516
0.920087
0.9041412
0.9144578
0.906872
0.9059999
0.9090389
0.9038462
0.9018126
0.911979
0.9026388
0.8971299
0.9119871
0.8894884
0.8832203
0.8918554
0.8852694
0.8892336
0.8917516
0.8833719
0.90617
0.9178516
0.9264421
0.9028343
0.8862059
0.9111699
0.8990123
0.8883082
0.9209395
0.9048511
0.9149165
0.9194881
0.9300514
0.8953188
0.9134932
0.9107143
0.9110526
0.9126303
0.9094083
0.899145
0.9048029
0.9112857
0.9010701
0.9060663
0.917645
0.9123643
0.9143498
0.9140395
0.9076457
0.9069191
0.9106912
0.9096227
0.9115057
0.9119441
0.9103216
0.9179536
0.9107731
0.9088179
0.9085009
0.9103114
0.9001169
0.9020576
0.9102582
0.908104
0.9020246
0.9034285
0.903624
0.9157117
0.9144338
0.9000362
0.9061347
0.9077102
0.9075636
0.9052048
0.9054601
0.9043519
0.9076763
0.9013312
0.9227116
0.9054832
0.9096282
0.8944736
0.8950383
0.7678077
0.7739409
0.9142272
0.9038235
0.9070968
0.9071052
0.8949348
0.9145084
0.9081927
0.8917357
0.893532
0.9114431
0.9067178
0.8948118
0.9019727
0.8989713
0.9008573
0.9049548
0.8988423
0.9136118
0.9148779
0.9102985
0.9015094
0.9124313
0.9053582
0.8962511
0.9105898
0.896504
0.8990219
0.9007493
0.9123328
0.90317
0.9023398
0.907737
0.9066309
0.9069684
0.9121372
0.8945531
0.8451231
0.8216536
0.9047974
0.9011634
0.896861
0.8949373
0.8944724
0.9049943
0.8963644
0.9023484
0.8537106
0.8613538
0.8969717
0.9021195
0.9064659
0.9127635
0.9044735
0.893423
0.9027963
0.9064881
0.9086634
0.9046975
0.8866082
0.9126696
0.9094007
0.9085891
0.8940072
0.9161562
0.9180059
0.9058027
0.9072514
0.9154285
0.9035903
0.9089417
0.9212662
0.9008086
0.909931
0.9233435
0.9195602
0.9206687
0.9220862
0.9237166
0.9224424
0.9181016
0.9170852
0.9167749
0.9232803
0.9195591
0.9116761
0.9210232
0.9222049
0.9282206
0.9179421
0.9208661
0.9222574
0.9102151
0.9186103
0.9296077
0.9166843
0.9194794
0.9107692
0.90664
0.9122426
0.912093
0.9222569
0.9100229
0.9205008
0.8676547
0.9152064
0.9180645
0.8726874
0.914005
0.9161966
0.9118542
0.9144507
0.9103647
0.9136252
0.9173083
0.9129182
0.9175735
0.9164992
0.9127373
0.9234047
0.9160791
0.911957
0.9169757
0.9111474
0.9136594
0.9118958
0.9115523
0.9059838
0.9145112
0.9058769
0.9002934
0.9030787
0.9032765
0.9021936
0.9068041
0.9073007
0.8657229
0.9122733
0.9068881
0.9141534
0.9028246
0.9143218
0.9067453
0.9029707
0.9241969
0.9073292
0.914983
0.911079
0.9224523
0.903065
0.8459233
0.9236217
0.919968
0.920473
0.9094005
0.9077843
0.9151326
0.9176903
0.9119647
0.9040562
0.9229865
0.9175161
0.9204843
0.9156154
0.9178172
0.9206918
0.9152606
0.9165134
0.9237878
0.9156361
0.914134
0.9296569
0.9210609
0.9162291
0.9273712
0.9216782
0.9208781
0.9243411
0.9271183
0.9226488
0.9212405
0.9200238
0.9206588
0.9264691
0.9196154
0.9158872
0.9229239
0.9216874
0.9275658
0.9239872
0.9246356
0.9201701
0.9163028
0.9184042
0.9319108
0.9189531
0.9223082
0.9121395
0.9081502
0.91246
0.9102527
0.9241028
0.9129183
0.9228214
0.8697195
0.9137744
0.9213576
0.8725279
0.9149187
0.9124624
0.91445
0.9196063
0.9133324
0.9184932
0.9174044
0.9129412
0.9180489
0.917321
0.9145939
0.9240909
0.9207652
0.9148554
0.9169202
0.9137888
0.9141048
0.9172033
0.9105694
0.9074967
0.9180765
0.9104065
0.9063078
0.904513
0.9059598
0.9071939
0.9089234
0.9098773
0.8657385
0.9115306
0.9109067
0.9147041
0.9056381
0.9153624
0.9070056
0.9070662
0.9235362
0.9088171
0.9150048
0.9106049
0.9203069
0.9016493
0.846859
0.9239734
0.9214869
0.9201549
0.9107004
0.9105224
0.9172746
0.9184287
0.917938
0.9048751
0.9257127
0.920135
0.9214798
0.9132958
0.9189895
0.9204862
0.9175074
0.9172611
0.927032
0.9169464
0.9166696
0.9294845
0.9187752
0.9184821
0.9267998
0.9229357
0.9209044
0.9230769
0.926802
0.9241503
0.9202799
0.9204657
0.9207603
0.9269737
0.9208111
0.9164522
0.9232486
0.9220945
0.9278828
0.9239732
0.92447
0.9214738
0.9157984
0.9173809
0.9326277
0.9193225
0.9224798
0.9119421
0.9088091
0.9106328
0.9076769
0.9235671
0.910274
0.9219417
0.875271
0.9113635
0.9236018
0.8749764
0.9147563
0.9137231
0.9165816
0.9184596
0.9142898
0.9181065
0.9166345
0.9143448
0.9182665
0.9178068
0.9150437
0.9239281
0.9219607
0.9159927
0.9177054
0.9123992
0.9150567
0.9181831
0.9121125
0.9099843
0.9182564
0.9098227
0.9048669
0.9042016
0.905453
0.9052188
0.9121946
0.9111231
0.8638622
0.9116788
0.9105903
0.9140552
0.9054812
0.9146113
0.9088236
0.9071423
0.9227708
0.9084858
0.9159531
0.9109837
0.9209407
0.9026671
0.8463006
0.9245185
0.922036
0.9204047
0.9103875
0.9102864
0.9165096
0.9198521
0.9159664
0.9041653
0.9257346
0.9220355
0.9233416
0.9127897
0.9209805
0.9224031
0.9167579
0.917481
0.9269789
0.9178828
0.9174954
0.9295402
0.9186136
0.9186606
0.8890479
0.890025
0.8828869
0.8771188
0.8910787
0.8873434
0.881114
0.8781251
0.8796818
0.8879623
0.8878922
0.8813386
0.8813775
0.8874095
0.8972159
0.8816799
0.8883761
0.8882822
0.8853
0.8853063
0.8959777
0.8815387
0.8887319
0.8729043
0.8938341
0.9032664
0.904211
0.8833753
0.9003875
0.8860938
0.9108861
0.9153389
0.9116166
0.9058988
0.9095769
0.8696947
0.9105953
0.8718193
0.8001021
0.8834798
0.8826668
0.8714374
0.8703045
0.8824985
0.8728913
0.8857368
0.9148317
0.8695269
0.8840287
0.8935818
0.8011337
0.8823209
0.8020915
0.8035938
0.8784734
0.898428
0.8945683
0.894143
0.8975813
0.8978543
0.8949959
0.9002646
0.9035357
0.9076308
0.9027973
0.8863125
0.8927925
0.9170751
0.8932234
0.8878525
0.8972936
0.8927855
0.8792424
0.9080151
0.9137601
0.892269
0.9123662
0.8781353
0.8779844
0.8851305
0.8562072
0.869831
0.8705904
0.876449
0.8678048
0.9029603
0.8860107
0.8745417
0.8793972
0.8683094
0.9164885
0.9128775
0.9083848
0.8179889
0.8840106
0.8739401
0.8744256
0.8884683
0.8759331
0.8745091
0.9079582
0.9107895
0.9041897
0.9032107
0.9124059
0.9051257
0.9023481
0.9063077
0.9020174
0.9177377
0.9162508
0.9026207
0.9057603
0.9058629
0.9104898
0.9054596
0.9091915
0.9106734
0.909617
0.906788
0.9215775
0.9110598
0.9115029
0.9031384
0.898373
0.8396955
0.8443096
0.9171732
0.9058749
0.9113606
0.9098053
0.9002426
0.9161098
0.9111867
0.9009776
0.9028627
0.9115301
0.9102882
0.8984696
0.9066328
0.9068321
0.9077924
0.9132107
0.9022252
0.9154385
0.9187165
0.9111152
0.9077278
0.9136943
0.9107441
0.9012948
0.9126124
0.8982293
0.9003242
0.9055785
0.9156055
0.903796
0.9048094
0.9087094
0.9065248
0.9069759
0.9115947
0.8971562
0.8374355
0.797751
0.9085077
0.9033473
0.9040421
0.8991615
0.9001437
0.9041598
0.8964909
0.9052921
0.8412264
0.8467827
0.8998999
0.9043565
0.9112838
0.9148571
0.9075716
0.8984644
0.9055796
0.9097728
0.9117336
0.9070013
0.8867046
0.9164199
0.9119176
0.9107766
0.8973446
0.9188165
0.9196823
0.9151384
0.903183
0.913927
0.9110414
0.9113607
0.9212727
0.9039528
0.9106061
0.9110719
0.9131017
0.9069734
0.9027728
0.9120349
0.9064787
0.8980479
0.906365
0.9066752
0.9138846
0.9163307
0.9047071
0.9100235
0.9079761
0.910534
0.9077729
0.9079335
0.912377
0.9101621
0.907234
0.9224096
0.9086124
0.9110212
0.9001367
0.8984608
0.8343978
0.8376085
0.9178289
0.9116688
0.9097787
0.912309
0.8958921
0.9221949
0.9139572
0.8932595
0.8969482
0.9124345
0.9125009
0.9007938
0.9064199
0.9067754
0.9044679
0.9165427
0.900476
0.9194908
0.9180523
0.9109647
0.9072862
0.9150627
0.9100501
0.9017967
0.9105351
0.8973959
0.89558
0.9084449
0.9176082
0.9060785
0.906817
0.9102637
0.908997
0.9117899
0.9159168
0.8971159
0.8387133
0.7809697
0.9087318
0.904494
0.8999631
0.8985784
0.9023061
0.9061248
0.8992652
0.9037293
0.8443055
0.8453538
0.8988873
0.9067139
0.9136007
0.9184727
0.9092125
0.8961213
0.906222
0.9143523
0.9115926
0.9087271
0.8890158
0.9173351
0.9135454
0.9110157
0.8976652
0.9164322
0.9166957
0.9130314
0.906141
0.9163184
0.9061254
0.9135724
0.9224357
0.9006135
0.9102259
0.9185857
0.9207696
0.9125279
0.9208797
0.9266182
0.9142425
0.923178
0.9108689
0.9061706
0.91795
0.9122049
0.9034042
0.9109456
0.913589
0.9268187
0.9190594
0.9216684
0.9152228
0.8907292
0.9130498
0.927874
0.9071986
0.9102315
0.9054353
0.88974
0.9163285
0.9158571
0.9053079
0.9081711
0.915361
0.8888343
0.9192647
0.8954858
0.8822152
0.9190448
0.904709
0.8815238
0.8992654
0.8951758
0.9049069
0.9136888
0.9051436
0.8980433
0.9166575
0.892326
0.9086333
0.897215
0.8974846
0.9040088
0.8919922
0.9054505
0.902107
0.9012802
0.8898283
0.9111642
0.867183
0.8747908
0.8854993
0.8781959
0.8779116
0.879823
0.870964
0.9009406
0.921735
0.922377
0.8898913
0.8776863
0.908782
0.8918292
0.8803948
0.9292317
0.8975204
0.9102035
0.9185831
0.9372005
0.8919565
0.9046739
0.9147791
0.9049382
0.9119531
0.9013033
0.8857671
0.8969952
0.9042729
0.8896772
0.8906635
0.9126935
0.9069742
0.9086546
0.9057359
0.898818
0.9002005
0.9057092
0.9085323
0.9128146
0.9078113
0.9031782
0.9168985
0.9130308
0.9031759
0.9229113
0.9214396
0.912607
0.9166881
0.9219597
0.9159902
0.9159252
0.9170515
0.910869
0.9248975
0.9209812
0.9110482
0.9178749
0.9154295
0.9213552
0.9144749
0.9135072
0.9190557
0.9113734
0.9150447
0.9291683
0.9163987
0.9162569
0.9100304
0.9017113
0.9017774
0.902798
0.9242995
0.906266
0.9137648
0.8691986
0.901998
0.9179883
0.8667639
0.9061661
0.904653
0.9079107
0.913134
0.9038119
0.911535
0.9126111
0.9068091
0.914242
0.909996
0.9165001
0.9212332
0.9107535
0.9108628
0.9145004
0.9107805
0.9062004
0.9151354
0.9025414
0.9019644
0.9169943
0.9078986
0.9011994
0.9014449
0.9015252
0.9005309
0.9078478
0.9091078
0.8584781
0.9020575
0.9007079
0.9099298
0.9045113
0.903388
0.8996963
0.8998141
0.9146849
0.9016371
0.913682
0.9075246
0.9151455
0.9022429
0.8532655
0.9174378
0.9164829
0.9165649
0.9028014
0.906529
0.9127846
0.9150049
0.9096131
0.8963286
0.9222724
0.9144773
0.9153994
0.9009273
0.9188881
0.9175814
0.9172008
0.9079802
0.9226383
0.9108099
0.9129262
0.9267004
0.9121156
0.9101611
0.9180374
0.9201809
0.9129284
0.9182111
0.9240031
0.9185343
0.9165134
0.9130542
0.9083924
0.9223264
0.9158967
0.9034034
0.9119766
0.9158079
0.9233257
0.9138113
0.9161823
0.9185864
0.901897
0.9171622
0.9317058
0.9101239
0.9135257
0.9062156
0.8884362
0.8986318
0.8983088
0.9151161
0.9038537
0.9162615
0.8555905
0.9016544
0.9058778
0.8525626
0.9069483
0.907076
0.8970282
0.9071104
0.8978745
0.906898
0.9089201
0.906628
0.9099721
0.9147169
0.9073235
0.9159104
0.9069537
0.9027748
0.913761
0.907868
0.9022381
0.9066847
0.9049393
0.8996506
0.909722
0.8900546
0.8807476
0.8895466
0.8826954
0.888
0.899932
0.8943282
0.8511943
0.9042953
0.90327
0.8998694
0.890859
0.8976034
0.893496
0.8945469
0.9203338
0.9013695
0.9155746
0.9062754
0.9176001
0.8909458
0.8601267
0.9190245
0.9149227
0.9122887
0.903106
0.9011068
0.9073434
0.9129884
0.9009564
0.8903744
0.9190428
0.9129016
0.9156204
0.9067413
0.9071046
0.9065381
0.9050572
0.9093532
0.9207821
0.9117233
0.9095055
0.9244279
0.9113361
0.9064013
0.917946
0.9187454
0.9101213
0.9143794
0.9219179
0.9148285
0.9103515
0.9118089
0.9043625
0.9187409
0.9170487
0.9065242
0.9119225
0.9153718
0.9228466
0.9154809
0.9171538
0.9159303
0.9028631
0.916182
0.928599
0.9094966
0.9134161
0.9073062
0.8955595
0.8987643
0.8986791
0.9195414
0.9078128
0.9135878
0.867115
0.9021545
0.9065592
0.8637928
0.9055109
0.9040358
0.9015313
0.9064039
0.90213
0.9083387
0.9087481
0.9090454
0.9123083
0.9091923
0.9079145
0.9215107
0.9054884
0.9052905
0.9130729
0.9050768
0.9050358
0.9102923
0.8994823
0.8954847
0.9084249
0.9012296
0.8928676
0.901013
0.895245
0.8946127
0.9048409
0.902792
0.8623073
0.9020102
0.9004069
0.9043227
0.8985777
0.8979296
0.8962583
0.89612
0.9142173
0.900963
0.9126879
0.9003928
0.912246
0.8933615
0.8703958
0.9202047
0.9147911
0.9135049
0.9011085
0.9024638
0.9087504
0.90988
0.9032004
0.8947776
0.9200661
0.9138243
0.9141861
0.9048394
0.9081823
0.9088471
0.911256
0.9117382
0.9179097
0.9110065
0.9106677
0.9261098
0.907252
0.9070192
0.9224433
0.9221042
0.9146819
0.9188929
0.9270929
0.9152409
0.9176082
0.915091
0.9120434
0.9226403
0.9177072
0.9062153
0.918649
0.9174516
0.9227405
0.9168784
0.9187411
0.9189949
0.9035232
0.9132297
0.932439
0.9155265
0.9143551
0.9099523
0.9027412
0.9124839
0.9108875
0.9158113
0.9123682
0.9212076
0.8626114
0.9120614
0.9067556
0.8602672
0.9150381
0.9080152
0.8998704
0.9064486
0.9015302
0.9070922
0.9121903
0.914312
0.9109199
0.9188357
0.9056503
0.9204712
0.9092884
0.9067515
0.9147968
0.9068176
0.9110754
0.9121333
0.9058349
0.8999276
0.9136854
0.8982157
0.8930487
0.8981665
0.8962875
0.8967278
0.9031679
0.9011041
0.8619493
0.9081789
0.9167384
0.9047299
0.8968006
0.904706
0.8999892
0.8957578
0.9219691
0.9069744
0.9170097
0.9121968
0.9219906
0.8983161
0.864247
0.921817
0.9166081
0.9171408
0.9062265
0.9044284
0.9059881
0.9116762
0.9031501
0.9022972
0.9218227
0.9126292
0.9160908
0.9073676
0.9089766
0.9103255
0.9122085
0.9146941
0.9240546
0.91723
0.9118033
0.924788
0.9122496
0.9099252
0.9139265
0.9154422
0.9154668
0.9180002
0.9184798
0.9069709
0.914456
0.9128377
0.9115651
0.9173646
0.9157991
0.9038778
0.9121046
0.9105356
0.9155359
0.9138641
0.9144664
0.913664
0.9022524
0.911991
0.9229776
0.9080386
0.9092771
0.9122975
0.8923362
0.9035438
0.9040559
0.9188416
0.9037799
0.9152076
0.8591781
0.9095052
0.9038913
0.8582342
0.9066013
0.9098789
0.899516
0.912295
0.9000973
0.9082543
0.9103218
0.9127174
0.9092488
0.9117292
0.9048465
0.9212045
0.909364
0.9070702
0.9128584
0.9024809
0.901177
0.9066918
0.9030172
0.9004432
0.9122391
0.88936
0.8898376
0.8904975
0.8905165
0.8930187
0.8970087
0.8941202
0.8630738
0.9078705
0.907694
0.8981947
0.8928183
0.9077142
0.8998316
0.892821
0.9186852
0.8999966
0.9116269
0.9068244
0.9184604
0.897218
0.8626544
0.9143048
0.9197824
0.9148388
0.9018141
0.9046428
0.9076597
0.9133465
0.9058076
0.896257
0.9219113
0.9168329
0.9178025
0.9124925
0.9073403
0.9067361
0.9027416
0.9103733
0.9194514
0.9147554
0.9135524
0.9254201
0.9071796
0.9116839
0.9231197
0.9268919
0.9224258
0.922197
0.9264034
0.9249885
0.9221297
0.9206015
0.9158348
0.9262806
0.9244564
0.917068
0.9218487
0.9208203
0.9282763
0.9247267
0.9210871
0.9213876
0.9188951
0.9211121
0.9312283
0.92458
0.9218073
0.9135776
0.9079504
0.9068856
0.9061398
0.9250261
0.9146187
0.9214024
0.8717208
0.908712
0.9175965
0.8693963
0.9113555
0.9101164
0.9106521
0.918243
0.9102784
0.9149257
0.9183558
0.9173107
0.9182775
0.9166667
0.9188515
0.9281016
0.9141907
0.9148033
0.9226282
0.9162328
0.9128904
0.9174292
0.9081172
0.9034778
0.9185342
0.9080394
0.9069983
0.9041801
0.9067276
0.9067974
0.9120204
0.9159766
0.8613578
0.9049178
0.9072611
0.9113813
0.9101208
0.9023899
0.9022993
0.9048627
0.9223505
0.9096586
0.9197402
0.907947
0.9170242
0.9036566
0.8423554
0.9221214
0.9202208
0.9233777
0.9117908
0.9126973
0.9156368
0.9193028
0.9169526
0.9006026
0.9240318
0.9197665
0.922964
0.9116506
0.9184336
0.9195999
0.9217638
0.9142542
0.9261775
0.9183473
0.9193662
0.9281272
0.922716
0.9187114
0.9198275
0.9178525
0.9114047
0.9138759
0.9196235
0.9145957
0.9125568
0.9127142
0.9075846
0.9186075
0.9165016
0.9066058
0.9108135
0.9118878
0.9209159
0.9110456
0.9125246
0.9163843
0.9097863
0.9136992
0.9260544
0.9131428
0.912022
0.9067578
0.9001451
0.8986867
0.8980804
0.9193667
0.9085476
0.9107646
0.8611529
0.8985985
0.9143885
0.8655966
0.9046442
0.9040121
0.9027058
0.9073849
0.900283
0.908449
0.9108805
0.9057283
0.9149457
0.9070693
0.9139148
0.9191331
0.9090104
0.9065544
0.9138511
0.9058739
0.9040208
0.9122588
0.9033004
0.8981535
0.9091591
0.9054467
0.8983014
0.8981087
0.9038883
0.8976999
0.9082224
0.9064419
0.8559325
0.8989972
0.8919147
0.9071633
0.8985413
0.8982625
0.8997367
0.8992939
0.9133326
0.9009551
0.9117668
0.902198
0.9099971
0.896548
0.8358931
0.9141535
0.9131817
0.9137405
0.8995922
0.9045803
0.9145601
0.9128031
0.9088944
0.8896707
0.9227147
0.9127545
0.9128817
0.9007369
0.914941
0.9157682
0.9120666
0.9055612
0.9186536
0.9099045
0.9089419
0.9254194
0.9099744
0.9064359
0.9176043
0.9145281
0.9094179
0.9093221
0.9123662
0.9097739
0.9109726
0.9130635
0.907848
0.9186177
0.9184261
0.9094473
0.9149785
0.9107624
0.9157248
0.9107111
0.9085608
0.9106695
0.9075525
0.9092728
0.9248265
0.9104754
0.9153761
0.9072987
0.8987067
0.8915878
0.8914161
0.9175964
0.910308
0.9176159
0.8811779
0.9013535
0.917766
0.8838538
0.900439
0.9048453
0.9099797
0.9101677
0.9007108
0.9052289
0.9038558
0.9079385
0.9151669
0.9046019
0.9168924
0.9174411
0.9142137
0.9107041
0.9137336
0.9110503
0.9066957
0.9113762
0.9032757
0.9015714
0.9091038
0.9119477
0.9058551
0.9040137
0.907379
0.9044128
0.9086381
0.9123747
0.8706778
0.9000572
0.8950208
0.9062731
0.9065143
0.9010929
0.897199
0.9011112
0.9116386
0.8998646
0.9125865
0.9014361
0.9043095
0.9001146
0.8708634
0.9156348
0.916798
0.9128658
0.8997451
0.9071694
0.9078799
0.9132274
0.9059871
0.8928428
0.9196298
0.9127576
0.9144908
0.9033264
0.9158335
0.9143612
0.9087606
0.9069343
0.9204332
0.9118829
0.9095064
0.9222596
0.9074002
0.910102
0.9190721
0.923305
0.9139449
0.9205887
0.9247216
0.9160046
0.91426
0.9151862
0.913547
0.9233167
0.9182953
0.9074369
0.9163864
0.9189463
0.9258488
0.9176504
0.9213624
0.9185575
0.9083978
0.9153437
0.9313767
0.9146126
0.9205795
0.90008
0.9018504
0.8982839
0.8974274
0.9199079
0.9096226
0.9186724
0.8699548
0.8984346
0.9171325
0.8669714
0.9052265
0.8993912
0.9007898
0.909045
0.8973511
0.9081135
0.9099395
0.9031117
0.9140911
0.9116841
0.9116064
0.9186767
0.899891
0.9073037
0.9165123
0.9023219
0.9002738
0.9125081
0.8969049
0.8931126
0.9095365
0.9069026
0.8983397
0.9020263
0.899464
0.896248
0.9036027
0.9075615
0.8603096
0.8992417
0.8954164
0.9028226
0.8992677
0.8955386
0.8960099
0.8953028
0.9113246
0.9027088
0.9142436
0.8999276
0.9100684
0.895603
0.8633904
0.9199617
0.9160265
0.9186702
0.8951336
0.9011261
0.9067246
0.9102486
0.9027523
0.8919742
0.9194038
0.9099334
0.9113443
0.899233
0.9169589
0.9161972
0.9138654
0.9051119
0.9212868
0.9063669
0.910414
0.9251046
0.9123902
0.9073761
0.9168897
0.9186014
0.9153422
0.9151807
0.9213798
0.9142652
0.9160297
0.9109462
0.9119513
0.9185201
0.9161791
0.9047585
0.9107487
0.9130419
0.9213266
0.915807
0.9161985
0.916484
0.8998302
0.911417
0.9289514
0.9146346
0.9143116
0.9089152
0.8956433
0.9084242
0.9053402
0.9153518
0.9094891
0.9161628
0.8512077
0.9065496
0.908029
0.8537884
0.9100822
0.9041308
0.8992116
0.9048029
0.9023116
0.9071365
0.9103096
0.9094341
0.909617
0.9112225
0.9051406
0.9180207
0.9079707
0.9020682
0.9115547
0.906232
0.9066259
0.908452
0.9014294
0.9011839
0.910572
0.8930497
0.8926375
0.8918064
0.889319
0.8942589
0.9017741
0.8993148
0.8376068
0.9076033
0.9101115
0.8997683
0.8915597
0.9018312
0.9011187
0.892616
0.9214202
0.8986249
0.910729
0.9084198
0.919557
0.8963746
0.8495528
0.9145949
0.9125062
0.9131474
0.9002204
0.8975475
0.9057162
0.9119696
0.9050164
0.8957569
0.9183273
0.9133482
0.9135154
0.9071382
0.9056126
0.9078489
0.9086696
0.9109874
0.9200842
0.9091006
0.9049633
0.9237324
0.9076483
0.9077658
0.8819907
0.886225
0.8697787
0.8721596
0.8856613
0.8758603
0.8645914
0.8643349
0.8700099
0.8783053
0.8787427
0.8732643
0.8666274
0.879065
0.8868956
0.876819
0.8747792
0.8816746
0.8857671
0.8790683
0.8900147
0.8787403
0.8749195
0.8837142
0.8923768
0.8918232
0.8954272
0.8959171
0.8990064
0.8731409
0.9132446
0.9108371
0.912065
0.9090576
0.9038649
0.8822545
0.9123633
0.8855923
0.879385
0.877151
0.8719988
0.887217
0.8876936
0.8598641
0.8925302
0.8986808
0.9170755
0.8830065
0.8944603
0.8887199
0.8792732
0.8964304
0.8822303
0.8806112
0.8719997
0.9052564
0.8936392
0.8931347
0.8983209
0.8964629
0.8958161
0.9072273
0.9004276
0.9031983
0.8975327
0.8835818
0.8939794
0.9106307
0.8887282
0.8931411
0.9023921
0.8932613
0.8670603
0.9049509
0.9040787
0.8927326
0.9098186
0.8841749
0.8949207
0.8781777
0.8789228
0.8830961
0.8885979
0.8896274
0.8905339
0.9014034
0.8950115
0.8881274
0.8882816
0.8811661
0.9147635
0.9150956
0.9079256
0.8821919
0.8919912
0.8890046
0.8835686
0.9002793
0.874804
0.8857554
0.8872407
0.8890957
0.8785833
0.877431
0.8884901
0.8806419
0.8739023
0.8781482
0.8720416
0.884779
0.8832893
0.874757
0.8774492
0.8845773
0.8930627
0.8812577
0.883124
0.8889447
0.8789834
0.8779811
0.897499
0.8764456
0.8848158
0.8797351
0.8880239
0.8973877
0.8972226
0.8884391
0.8952275
0.8758631
0.9040752
0.9063356
0.9057895
0.9016079
0.9012837
0.8793625
0.9012368
0.8823188
0.8676329
0.8739331
0.8784158
0.8853724
0.8820457
0.8737533
0.8839589
0.891565
0.9076218
0.8790616
0.8904945
0.8840337
0.8708157
0.8902928
0.8719661
0.8709773
0.8781288
0.894843
0.8877507
0.8892178
0.8900372
0.8889129
0.8852483
0.8903153
0.9013391
0.9019454
0.8941605
0.8754871
0.8850302
0.9061419
0.8816962
0.8824409
0.8964096
0.888009
0.8775861
0.9047518
0.903564
0.8860842
0.9028971
0.8845379
0.8905702
0.8804348
0.8698562
0.8756091
0.8819412
0.8853032
0.8803262
0.8938401
0.8920602
0.8909123
0.8909528
0.8754262
0.904272
0.9083557
0.9067492
0.8814185
0.8797304
0.8853623
0.8844179
0.9000813
0.8706502
0.884833
0.9143804
0.9210445
0.9138424
0.9086708
0.9150571
0.9154229
0.9104912
0.912024
0.9139112
0.9109991
0.9147984
0.9158005
0.9141019
0.9168307
0.9181351
0.9131145
0.917345
0.9186187
0.921316
0.9197343
0.9177154
0.9165709
0.9193351
0.9193722
0.9288136
0.9272431
0.9253939
0.9198543
0.9250274
0.9125445
0.9392371
0.9362865
0.9346805
0.9399867
0.9286634
0.9221687
0.942437
0.9218653
0.921906
0.9181909
0.9168114
0.9227965
0.9237557
0.9106599
0.9270762
0.9206257
0.9439337
0.9228802
0.9195105
0.9237637
0.9190647
0.9284289
0.9195494
0.9215522
0.9161976
0.9336306
0.9337193
0.9337848
0.932597
0.9363179
0.9328721
0.9367802
0.9344558
0.9290141
0.9233674
0.9254204
0.933276
0.9371662
0.9277527
0.9278831
0.9220218
0.9278283
0.9139436
0.9307083
0.9251039
0.9266648
0.9362936
0.9174856
0.923554
0.917728
0.9142837
0.9241098
0.9264314
0.9216652
0.9244192
0.9349984
0.9206599
0.9222241
0.9238115
0.9202627
0.9348998
0.9361374
0.9317431
0.9170447
0.9188586
0.9228786
0.9197567
0.9240169
0.9172323
0.9259627
0.8872063
0.8965638
0.8855592
0.8749091
0.890861
0.8869309
0.8729352
0.8789141
0.8739905
0.8782671
0.8843807
0.8883643
0.8791513
0.8915992
0.8968876
0.885087
0.8912149
0.8923447
0.8927251
0.8866966
0.892067
0.8945217
0.8933361
0.8963296
0.9152507
0.9186343
0.9195523
0.9066458
0.9104286
0.8834635
0.9313858
0.9280062
0.9256501
0.9329656
0.9246061
0.896707
0.9315007
0.9029741
0.8924481
0.8923381
0.8792595
0.8949188
0.9037469
0.8825875
0.9076773
0.9042561
0.9397332
0.9005609
0.9056465
0.8976104
0.893595
0.9150463
0.8954931
0.8990183
0.888485
0.9195314
0.9194153
0.9177778
0.9185582
0.9186815
0.9117205
0.9227939
0.9218903
0.9211661
0.9145456
0.8983631
0.9185973
0.9297542
0.9122721
0.9125407
0.9115112
0.9108865
0.8869126
0.9217814
0.9163437
0.9156819
0.927279
0.889942
0.9033936
0.8906634
0.8954652
0.8997204
0.9008091
0.8976164
0.9026604
0.9241148
0.9024195
0.8990777
0.8990581
0.8978788
0.9288624
0.9302027
0.9239379
0.8928342
0.8924035
0.8969656
0.9015149
0.9036769
0.8817343
0.9034391
0.8779606
0.8791963
0.8608829
0.8544233
0.8759861
0.8695008
0.8577343
0.8612313
0.8696434
0.8683363
0.8684693
0.8767816
0.8638728
0.8742173
0.8841411
0.8666814
0.8740007
0.8737433
0.8783774
0.8772594
0.8827616
0.8765337
0.8790213
0.8900516
0.9019128
0.907211
0.9059964
0.895307
0.8986742
0.8709974
0.9247948
0.9206853
0.9170587
0.9261304
0.9139658
0.8889814
0.9268693
0.8903868
0.8832913
0.8765911
0.8667698
0.8928943
0.8878295
0.8618528
0.8946123
0.8982714
0.9302902
0.8916766
0.8948347
0.8926276
0.8838167
0.9018949
0.8834277
0.8856893
0.8753062
0.910609
0.9031832
0.9043937
0.9082566
0.9053349
0.9012836
0.9074888
0.9183695
0.913535
0.9047894
0.8891307
0.9055989
0.9238959
0.9034584
0.9032709
0.9037831
0.9016803
0.8735957
0.9167281
0.9049254
0.8987333
0.9218044
0.8740046
0.8921344
0.8766526
0.8799154
0.8954213
0.8928265
0.8958356
0.8976893
0.9143511
0.8933006
0.8907313
0.8911296
0.8850044
0.9189394
0.9167013
0.9129851
0.8804873
0.8796984
0.8947801
0.8920871
0.9003006
0.8696576
0.8908856
0.8649778
0.8738309
0.8544857
0.8455207
0.8646832
0.8638466
0.8530295
0.8548856
0.8656358
0.8639947
0.8696275
0.8736098
0.8600631
0.8721726
0.8745307
0.8606321
0.8615218
0.8749407
0.8740265
0.8654999
0.8807993
0.8721162
0.8699506
0.8798452
0.9005557
0.9011342
0.9010918
0.8914812
0.8962122
0.866408
0.9217151
0.9138866
0.9165568
0.9228257
0.9072444
0.885627
0.9209071
0.8833303
0.8837286
0.8673825
0.8618004
0.884813
0.8841517
0.8529202
0.8926759
0.8918271
0.9238375
0.8862506
0.8917511
0.8945562
0.8756345
0.9010579
0.880216
0.8860079
0.8666371
0.9074676
0.9043923
0.9012107
0.9074041
0.9026782
0.8995765
0.9068994
0.9103741
0.9076131
0.8954832
0.8826195
0.9029601
0.9208345
0.8983288
0.8981602
0.8912682
0.8956584
0.8692328
0.9104699
0.8997947
0.8989924
0.9166637
0.8702647
0.8862752
0.8716545
0.8743386
0.8893407
0.8894521
0.8892453
0.8921038
0.9115216
0.8889128
0.8881813
0.8842326
0.8825915
0.9170239
0.91695
0.9094652
0.8787411
0.8776892
0.8887408
0.8876474
0.8944086
0.8645657
0.8886127
0.9056794
0.9095038
0.903034
0.9078074
0.9102834
0.9005397
0.9025054
0.9056795
0.9004012
0.9087079
0.9057832
0.8991219
0.9020214
0.9067854
0.9129079
0.9079012
0.9098263
0.9073325
0.8955615
0.9027749
0.9131521
0.8984455
0.9017371
0.9089987
0.9008162
0.9197667
0.9151132
0.9106283
0.9102417
0.8982332
0.9106998
0.9272059
0.9083938
0.9109829
0.9237383
0.9099629
0.9104138
0.9024399
0.8994668
0.9036367
0.8987431
0.9097331
0.9050207
0.9054719
0.9013491
0.9124019
0.9272656
0.9010714
0.9075578
0.9023254
0.9002619
0.9039375
0.9025427
0.9021485
0.9031498
0.9020196
0.9012633
0.9009552
0.8991264
0.9010892
0.9008993
0.8966631
0.9095066
0.9197113
0.9207834
0.9015133
0.8964658
0.9230116
0.9058187
0.9025485
0.9180794
0.9037222
0.8976512
0.9248146
0.9264599
0.9027597
0.9212283
0.8993691
0.9085035
0.9040555
0.9056438
0.8996886
0.8971089
0.9099008
0.903814
0.9165025
0.9103503
0.910617
0.9120608
0.9111672
0.9042242
0.9045235
0.9115008
0.90888
0.9039399
0.9097106
0.9029859
0.9155976
0.9006187
0.9060461
0.8872749
0.8927271
0.8766024
0.8734918
0.8919374
0.8862355
0.8738939
0.8773735
0.8778271
0.8771318
0.8770374
0.8836681
0.8756643
0.8859321
0.8961351
0.8799382
0.8856555
0.8869041
0.8794972
0.8837176
0.889352
0.8869125
0.8906021
0.8888929
0.9050273
0.9137858
0.9148268
0.9013373
0.908563
0.8751857
0.9237833
0.9200729
0.9196514
0.9197513
0.9215617
0.8888252
0.9223392
0.890297
0.8831479
0.8859962
0.8743431
0.8885999
0.8865695
0.8804595
0.8893962
0.8950783
0.929857
0.8899496
0.8971632
0.8946899
0.8855589
0.9041798
0.8793085
0.8828986
0.8788524
0.9066351
0.9055671
0.905524
0.906843
0.9082527
0.9053549
0.9102687
0.9143718
0.918963
0.911868
0.8895638
0.9065666
0.9217639
0.9044458
0.904497
0.9056139
0.9065766
0.8808294
0.9182739
0.9172795
0.9077394
0.9162305
0.8880077
0.8901816
0.8892182
0.8823084
0.8885818
0.8888968
0.8924792
0.8941048
0.9127243
0.8978453
0.892799
0.8939029
0.8906015
0.9206171
0.9189309
0.9183341
0.8871845
0.8854452
0.8891815
0.8900061
0.9020808
0.8764163
0.8935039
0.8837493
0.8880392
0.8758946
0.8775989
0.8916336
0.8852817
0.8770833
0.8731172
0.8740711
0.8818693
0.8817853
0.8848037
0.8735234
0.8874941
0.8929501
0.8785365
0.8862778
0.8883234
0.8723381
0.8830012
0.8867565
0.8786211
0.885787
0.8866842
0.8932235
0.909917
0.9085586
0.8947368
0.8961723
0.868945
0.9135417
0.920854
0.9113406
0.9105305
0.9153164
0.8892214
0.9118935
0.8889449
0.8804109
0.884574
0.8744072
0.8879561
0.8850235
0.8759447
0.885113
0.902513
0.9213528
0.8859031
0.8918938
0.8895385
0.8827378
0.8959513
0.8830388
0.8830179
0.881018
0.8982486
0.8958236
0.8979242
0.8967321
0.9006147
0.8940704
0.8956064
0.9087714
0.9173721
0.9112739
0.8846085
0.8945396
0.9210074
0.8991035
0.8912675
0.9066086
0.8994203
0.8747578
0.9126483
0.9166549
0.8969312
0.9168568
0.8794546
0.8887578
0.8836272
0.8814495
0.8832904
0.882738
0.8938031
0.8936624
0.909527
0.8900192
0.8960065
0.8949563
0.8919679
0.9100159
0.9099559
0.9077406
0.8901862
0.8793252
0.8911652
0.8890126
0.89692
0.8738762
0.8892112
0.8774198
0.8898338
0.8737598
0.8668521
0.8808126
0.8808783
0.8651498
0.8712864
0.8718745
0.870856
0.8729707
0.8830205
0.8701242
0.8855856
0.8914995
0.8765311
0.8732887
0.8844865
0.8859563
0.8816776
0.8896787
0.8789814
0.8824678
0.8899777
0.9073505
0.9113947
0.9112055
0.9014398
0.9052486
0.8717394
0.9222418
0.9186147
0.915935
0.9214516
0.9110148
0.8907524
0.9284222
0.8975725
0.8909645
0.8812374
0.8721675
0.8934497
0.8953663
0.8687348
0.8985915
0.8977168
0.9287304
0.8910813
0.8988017
0.8944622
0.8863851
0.8984999
0.8873014
0.891157
0.8806073
0.9123938
0.9119759
0.9087624
0.9093167
0.9107577
0.904789
0.9086433
0.9111955
0.91109
0.9042971
0.8916249
0.9078816
0.9246531
0.9028555
0.9041953
0.9030639
0.9014825
0.8801968
0.9151704
0.912672
0.9036984
0.9180098
0.8850467
0.8981541
0.8827885
0.8793675
0.8962122
0.8927092
0.897445
0.8948192
0.9132299
0.8969058
0.8962217
0.8954862
0.8887723
0.9165891
0.9184582
0.9122813
0.8911597
0.8834613
0.8967471
0.8918909
0.905891
0.873039
0.8972086
0.8779001
0.8889087
0.867386
0.8714523
0.8830035
0.8768858
0.8674957
0.8728913
0.8762646
0.8813333
0.8790165
0.8803251
0.8719804
0.8841461
0.8885066
0.8736616
0.8730363
0.8860409
0.8817376
0.8828312
0.893636
0.8848707
0.8857011
0.8884041
0.9042778
0.9065407
0.9067769
0.8997096
0.8986486
0.8796539
0.9214525
0.9150268
0.913996
0.922396
0.9084517
0.8879332
0.915745
0.8929276
0.8844807
0.8787649
0.876153
0.893633
0.8875072
0.8762969
0.8923375
0.9012045
0.9244127
0.8895495
0.8953298
0.8889732
0.8834182
0.9042856
0.8854273
0.8888485
0.8731133
0.9091651
0.9088652
0.907347
0.9053347
0.9061084
0.8986984
0.9061454
0.9129626
0.9109131
0.9036453
0.8851979
0.9050886
0.9173473
0.9010742
0.9012713
0.9053028
0.903164
0.8802709
0.912018
0.9077317
0.9031719
0.9174128
0.8898626
0.8957081
0.8832988
0.882088
0.8918977
0.8909539
0.894673
0.8951971
0.9088007
0.8976308
0.8929781
0.8922708
0.8891219
0.9134579
0.916226
0.9095981
0.8901834
0.8938091
0.8918378
0.8920363
0.901396
0.874431
0.8935304
0.8778312
0.8846624
0.8664579
0.8697036
0.8856188
0.8764429
0.8675802
0.8700894
0.8748404
0.8797292
0.8765419
0.8800131
0.8723575
0.8841244
0.8892474
0.8733817
0.8732094
0.8848579
0.8822011
0.8833292
0.8921583
0.8830654
0.8859581
0.8874237
0.9036503
0.9088504
0.9073291
0.8957518
0.9012644
0.8789744
0.9203674
0.9160214
0.9133675
0.9208954
0.9090061
0.8878758
0.9152231
0.8922397
0.8857612
0.8793047
0.8767783
0.8938597
0.8864047
0.8769236
0.8917289
0.9012023
0.9221037
0.8874874
0.8946504
0.8905629
0.8831925
0.9027619
0.8863405
0.8885899
0.8729967
0.9090941
0.908639
0.9065364
0.905415
0.9052583
0.8983385
0.9070153
0.9128567
0.9110751
0.9043964
0.8875647
0.9040321
0.9193873
0.9011111
0.9009145
0.9044876
0.9021292
0.8795097
0.911951
0.9089809
0.9027422
0.9171618
0.8892114
0.8946768
0.8823572
0.8814133
0.8927245
0.8911784
0.894703
0.8943226
0.9106452
0.8976637
0.8925714
0.8913854
0.8872933
0.9128675
0.9169519
0.9082499
0.891173
0.8946246
0.8924597
0.8907895
0.9012777
0.8750137
0.8941916
0.8976499
0.8970578
0.8965715
0.890791
0.8971142
0.894671
0.8859
0.8939942
0.8964993
0.8985293
0.8971227
0.9001594
0.8941865
0.8993529
0.901248
0.8920634
0.89425
0.9029252
0.9040223
0.897583
0.9003516
0.9032896
0.9025584
0.9110925
0.924569
0.918566
0.9184625
0.9139052
0.9147741
0.8940696
0.9387377
0.9333755
0.9274431
0.9396624
0.9251817
0.9140712
0.9351383
0.9148425
0.9080025
0.8977728
0.8931718
0.9124209
0.9103675
0.8897103
0.9148862
0.9145057
0.9432093
0.9166174
0.9157982
0.9179494
0.9060627
0.9164867
0.9060225
0.9117171
0.9031009
0.927301
0.9278795
0.924177
0.9281109
0.926234
0.9238375
0.9282549
0.9294872
0.9227375
0.9183279
0.9109837
0.9249488
0.9364685
0.9176839
0.9224434
0.9111709
0.9204508
0.8968516
0.9251624
0.9183901
0.9190707
0.9344823
0.9034333
0.91514
0.8977733
0.9052128
0.9158435
0.9103892
0.9128909
0.9171465
0.9286983
0.9095189
0.9103887
0.9095596
0.9088705
0.9304626
0.9318412
0.9277359
0.9024641
0.9046558
0.9145086
0.9121469
0.9153406
0.8928901
0.9123459
0.8761608
0.8836671
0.8758838
0.870833
0.8842826
0.8809187
0.8692665
0.8792551
0.8784548
0.8800933
0.8795224
0.8866961
0.8802994
0.8843303
0.8909781
0.8771747
0.8796081
0.891936
0.8914449
0.8874496
0.8976498
0.8890442
0.8859058
0.8927884
0.9084831
0.9065417
0.9065819
0.9067933
0.9060835
0.8829347
0.9222409
0.9177553
0.9169521
0.9242739
0.9138102
0.8976081
0.9220775
0.900046
0.8903602
0.8805538
0.8781456
0.8961236
0.8991933
0.8748322
0.9037934
0.9064974
0.9289019
0.8958837
0.9002042
0.9035032
0.8899727
0.9057342
0.8918802
0.8950027
0.8822599
0.9190802
0.9088095
0.9074569
0.9145428
0.9132482
0.9050155
0.9154067
0.9130281
0.9104989
0.9057808
0.8938355
0.9105083
0.9245932
0.9039901
0.9039232
0.9067379
0.907928
0.885477
0.9109886
0.904745
0.904938
0.916989
0.8918057
0.9009129
0.8895861
0.8889725
0.8976941
0.8990038
0.8977357
0.902257
0.9132684
0.9010562
0.9003234
0.9000352
0.8892636
0.9212057
0.9236454
0.9155791
0.8946409
0.8951576
0.9004225
0.8982277
0.909599
0.8812397
0.899327
0.8801139
0.8809412
0.8701839
0.8678378
0.8802249
0.8758413
0.8649169
0.8641152
0.8725146
0.8748182
0.8772134
0.875641
0.8734473
0.8816805
0.8847857
0.8765544
0.8781847
0.8780444
0.8857008
0.8785228
0.8912201
0.8753936
0.8820562
0.8914045
0.9001942
0.9038883
0.901994
0.8995249
0.898658
0.8743189
0.916513
0.9173652
0.9095621
0.91347
0.9097235
0.8921802
0.913664
0.8978008
0.8850461
0.8815448
0.8769601
0.8951786
0.8884683
0.8687553
0.8965369
0.9069743
0.9270399
0.8938991
0.8990291
0.893935
0.8821107
0.902345
0.8829006
0.8875546
0.8703704
0.9056853
0.9026132
0.8988053
0.9025749
0.9021971
0.9010286
0.9019679
0.9089635
0.9030047
0.9038968
0.8862297
0.899752
0.9209119
0.8979365
0.8984799
0.8993749
0.8956321
0.8778082
0.9081215
0.9116665
0.896548
0.9183143
0.8885105
0.8977939
0.8810121
0.8827719
0.8904189
0.8925012
0.8957835
0.8951639
0.9131119
0.9021854
0.8973119
0.8973665
0.8926896
0.9129172
0.911545
0.9091661
0.8895814
0.8902213
0.8951633
0.8956858
0.9011365
0.8754826
0.896296
0.8648737
0.87913
0.8612935
0.8620088
0.8798196
0.8730538
0.8576518
0.8625542
0.8610621
0.8642711
0.8583738
0.8713789
0.8578491
0.8737188
0.8809181
0.8693227
0.8734233
0.8731736
0.8725812
0.8740101
0.871546
0.8708024
0.8748442
0.8881737
0.9056463
0.9054421
0.9060681
0.8973497
0.9029455
0.8694443
0.9234467
0.9217619
0.9152046
0.9198137
0.9171161
0.8914589
0.9144163
0.8891083
0.8860006
0.8778739
0.8676799
0.8880813
0.8891162
0.8601094
0.8887614
0.8962004
0.9283951
0.8910696
0.8951616
0.8931289
0.8805612
0.8987766
0.88585
0.8878501
0.8652308
0.907683
0.905758
0.9042402
0.9054883
0.90595
0.9028237
0.9042534
0.9142542
0.9092476
0.9073763
0.8846209
0.9048535
0.9210639
0.9021789
0.9017523
0.902388
0.9036096
0.8707528
0.9135578
0.9116628
0.9038761
0.918171
0.8787912
0.8935384
0.8805314
0.881995
0.8854054
0.8889762
0.8915069
0.8918477
0.9173436
0.9010614
0.895017
0.8916363
0.8892094
0.9136946
0.9136097
0.9148384
0.8922656
0.8821971
0.8892622
0.8857009
0.9012901
0.8630062
0.8903249
0.8940505
0.8957893
0.8879557
0.8830854
0.8987738
0.8906295
0.8852937
0.8865692
0.8805332
0.8853465
0.8861071
0.8916059
0.8807231
0.8925084
0.899877
0.8869708
0.8898905
0.8962084
0.8876038
0.8907963
0.8944126
0.8873027
0.8922895
0.8998833
0.9058061
0.9178919
0.9175595
0.9035361
0.9041975
0.8785616
0.9209367
0.9277416
0.9152647
0.9198091
0.9235434
0.9020544
0.915695
0.8977482
0.8945031
0.8891883
0.8858842
0.9015223
0.8965029
0.8833603
0.8985236
0.90569
0.928833
0.8958489
0.899546
0.892222
0.8922851
0.9033716
0.8909743
0.8967451
0.8846829
0.9030775
0.9068793
0.9041376
0.9052238
0.9080979
0.9026517
0.903483
0.9177309
0.9241275
0.91963
0.8905292
0.9049407
0.9238811
0.9045655
0.8986946
0.9069996
0.9077025
0.8858128
0.9226975
0.9264986
0.9065102
0.9254999
0.8938891
0.898013
0.8927167
0.8944033
0.8940799
0.8972986
0.9009183
0.8988235
0.9168195
0.9068224
0.9034799
0.9010409
0.9038863
0.918464
0.9197255
0.9156001
0.8997938
0.8961336
0.9041226
0.8996294
0.9049178
0.8809789
0.8959076
0.8884455
0.8947723
0.881105
0.8809324
0.8881389
0.8823187
0.8800829
0.8758849
0.8787012
0.8821583
0.8805819
0.8815675
0.8799465
0.8917262
0.8949387
0.8834749
0.882631
0.8915276
0.8809463
0.8890743
0.8921562
0.8813203
0.8851962
0.8941648
0.9006158
0.9114117
0.90808
0.9002152
0.8972848
0.8795172
0.9119399
0.9205825
0.9141024
0.9132835
0.9146727
0.8916056
0.9118746
0.8956758
0.8848152
0.8867284
0.876231
0.8943622
0.8927192
0.8735855
0.8978743
0.9015101
0.9224764
0.8945072
0.8980077
0.8944652
0.884079
0.8989197
0.8847871
0.8837539
0.8816341
0.9026127
0.8976145
0.8989564
0.8977317
0.9013605
0.8977204
0.9014343
0.9110191
0.9130161
0.9055197
0.8897518
0.8993877
0.9202733
0.8965172
0.8915337
0.9019448
0.9011284
0.8834962
0.9116369
0.9104906
0.8977309
0.9162199
0.889103
0.8994666
0.8864855
0.8854152
0.8893692
0.8934272
0.8994685
0.8995411
0.9118066
0.9028591
0.9021329
0.9011494
0.8949727
0.9134162
0.9161757
0.9116236
0.8957907
0.8891063
0.8953691
0.8953783
0.9021632
0.8816995
0.9010993
0.8866138
0.8901009
0.8816061
0.8767385
0.8935172
0.883312
0.8809846
0.8772997
0.8715133
0.8828969
0.8806674
0.8771551
0.8715395
0.8861821
0.8974898
0.8813492
0.8839093
0.8907891
0.8797288
0.8882859
0.8959763
0.8879751
0.8912354
0.8951865
0.9005972
0.9114457
0.9127706
0.90113
0.9040125
0.8845136
0.9118601
0.9239974
0.9093473
0.9088277
0.9190093
0.8923421
0.9091296
0.8904218
0.8866693
0.8858817
0.8818892
0.8923325
0.8883478
0.8845623
0.8889129
0.8977144
0.9230714
0.8901115
0.8930476
0.8903391
0.8885102
0.89755
0.8872875
0.8864589
0.8840354
0.8946572
0.8963139
0.8971537
0.8980551
0.8977748
0.8943186
0.897146
0.9114028
0.9190713
0.9157181
0.8805461
0.8967035
0.9187963
0.9018004
0.8962237
0.9109429
0.9052501
0.8854602
0.9206804
0.9257636
0.9023738
0.9188268
0.8854317
0.8954437
0.8893319
0.8816699
0.8848139
0.8868128
0.8970882
0.8926048
0.910672
0.8992042
0.8976311
0.8956391
0.8941295
0.9124429
0.9123154
0.9125933
0.8952305
0.8864044
0.8950884
0.891484
0.903468
0.8850226
0.8955916
0.8864068
0.8898941
0.881394
0.8765682
0.8933083
0.883142
0.8809376
0.8770901
0.871427
0.8826079
0.8805396
0.8765333
0.8714118
0.8858891
0.897519
0.881262
0.8837803
0.8904625
0.8798047
0.887762
0.8958877
0.8878867
0.8911488
0.89482
0.9008235
0.9116651
0.9129892
0.9008077
0.9040785
0.8839402
0.9116526
0.9240193
0.9090688
0.9086945
0.9191862
0.8922533
0.909078
0.8902935
0.8867024
0.8855941
0.881436
0.8918076
0.8887407
0.8838257
0.8888249
0.8975478
0.923327
0.8900231
0.8928405
0.8898091
0.8886231
0.8974607
0.8870369
0.8862485
0.8837454
0.8947274
0.8963833
0.8971832
0.8983215
0.8981187
0.89419
0.8969754
0.9111159
0.918829
0.9154326
0.8802989
0.8968128
0.9186252
0.9016715
0.8960548
0.9110836
0.9051284
0.8852911
0.9205141
0.9257091
0.9023625
0.9187737
0.8854646
0.8952374
0.8888493
0.8817858
0.8841987
0.8868453
0.8970782
0.8924378
0.9106586
0.8993106
0.8973857
0.8953929
0.8939208
0.9123165
0.9122265
0.91258
0.8950615
0.8862773
0.8944867
0.8913559
0.9033406
0.884169
0.8953849
0.8680292
0.8759246
0.8519779
0.8467647
0.8704906
0.8643841
0.846032
0.8513004
0.8555873
0.8551842
0.856141
0.862879
0.8493627
0.8672236
0.8785396
0.8603732
0.863293
0.8664906
0.865509
0.8714535
0.8749635
0.8690103
0.8683812
0.8738966
0.8931835
0.9019276
0.9024003
0.8937165
0.8901146
0.8533209
0.9163559
0.914574
0.91469
0.9149278
0.9057373
0.8770537
0.9114988
0.8803173
0.8669316
0.8652056
0.8591732
0.87869
0.8758719
0.8531853
0.8829818
0.8884709
0.9199318
0.876056
0.886258
0.8816255
0.8647216
0.8890095
0.8673416
0.8676018
0.8595587
0.8981485
0.8961511
0.893378
0.8963086
0.8993859
0.8904382
0.8974238
0.9066253
0.9053147
0.896178
0.8748599
0.8964608
0.9150244
0.8869962
0.8894897
0.8979614
0.8924365
0.8550254
0.9078719
0.9088219
0.8898593
0.9178574
0.8601731
0.8842177
0.868762
0.8629645
0.8804384
0.8780815
0.8832827
0.8808406
0.9056944
0.8900867
0.8832335
0.8827317
0.8748301
0.9122296
0.9120256
0.9115194
0.8749494
0.8645159
0.8771758
0.8785662
0.8920181
0.8574394
0.8819635
0.8698968
0.8768103
0.8598705
0.8463743
0.8685451
0.8614149
0.8497097
0.8561799
0.8579298
0.8597079
0.8622149
0.865222
0.8467772
0.8711052
0.8765749
0.8633458
0.8678611
0.8655176
0.8641962
0.8658816
0.8810582
0.8666912
0.86526
0.8699348
0.8866024
0.8976818
0.8998199
0.8912865
0.887832
0.8555572
0.9150716
0.9143663
0.9124606
0.9128597
0.9076393
0.8760997
0.9122665
0.8762605
0.8713817
0.8657708
0.8596835
0.8750091
0.8791695
0.8510249
0.8773962
0.8879877
0.9175153
0.8750639
0.8831688
0.8839943
0.861848
0.8850192
0.8664817
0.8705453
0.8672248
0.8979533
0.8940978
0.8926801
0.8971474
0.8941496
0.8924592
0.8921647
0.9047105
0.9017965
0.895426
0.8722551
0.8900757
0.9132099
0.8840511
0.8845162
0.8961508
0.8919671
0.858992
0.9065325
0.9012527
0.890407
0.9154008
0.8624707
0.8810904
0.8687362
0.8665145
0.8730711
0.8736712
0.8801027
0.8802939
0.9028724
0.8886117
0.8807885
0.8799566
0.8725972
0.9108335
0.9117208
0.9142416
0.8723819
0.8630522
0.879316
0.8804186
0.8956503
0.8558002
0.8808071