0.8878033
0.8825043
0.8836561
0.8859799
0.883451
0.8827163
0.8819007
0.8859602
0.8805442
0.8806019
0.8829938
0.8826771
0.8813176
0.8813479
0.8827594
0.8809307
0.8857794
0.883544
0.8992985
0.9091986
0.9055115
0.8424172
0.9112155
0.898035
0.9126279
0.9168419
0.9162444
0.9169655
0.9164624
0.9188019
0.8751357
0.9150984
0.9173959
0.9169262
0.9102712
0.9104666
0.9016814
0.8894505
0.8854309
0.9155819
0.8948633
0.9169678
0.9105383
0.9112428
0.9149243
0.9058583
0.9120564
0.9070895
0.9103006
0.910512
0.9083013
0.9140419
0.9148785
0.9067193
0.9037259
0.9131072
0.9010085
0.8889693
0.9049691
0.9012795
0.9050173
0.9160639
0.9155911
0.90528
0.8989371
0.8880935
0.89764
0.8486081
0.9033093
0.9043581
0.9052831
0.9096437
0.8860353
0.8898384
0.918724
0.9247378
0.9168881
0.91836
0.9193978
0.9160897
0.8623111
0.8667205
0.9197345
0.9066624
0.9230962
0.9205389
0.9070261
0.9066841
0.9210172
0.9088519
0.911044
0.9173878
0.9138729
0.9145607
0.9035767
0.9079342
0.9115272
0.9097335
0.9026354
0.9059909
0.8921952
0.8877088
0.8873681
0.887199
0.8866995
0.8868329
0.8859287
0.891491
0.8847856
0.8862647
0.8868143
0.8891648
0.8863982
0.8857816
0.8894663
0.8847589
0.8902351
0.8840009
0.9010825
0.9107614
0.9083546
0.8447941
0.9181369
0.9025529
0.9152578
0.9260495
0.9255212
0.9248555
0.9257012
0.9235613
0.8800978
0.9182808
0.9202825
0.9120017
0.917528
0.9160628
0.9019725
0.8882201
0.8847203
0.9139916
0.8980213
0.9225994
0.9130636
0.9145962
0.9211795
0.9108724
0.9152023
0.9125611
0.914622
0.9126599
0.9124817
0.920594
0.9211918
0.9088652
0.9046327
0.9138079
0.9001679
0.884621
0.9065299
0.903044
0.9059381
0.9187876
0.9224366
0.9057621
0.8998617
0.8940563
0.9005296
0.8490243
0.9006472
0.9006058
0.9020844
0.9122397
0.8948517
0.8968404
0.9213451
0.9261123
0.9200972
0.9241099
0.9237628
0.9231815
0.8627379
0.8673017
0.9206853
0.9159509
0.9245787
0.9227238
0.9035927
0.9043454
0.925231
0.9121038
0.9112458
0.9232589
0.9203289
0.9225108
0.9066705
0.9125244
0.9135095
0.9137534
0.910821
0.9112949
0.8975886
0.8969289
0.8968701
0.8979189
0.8970959
0.8943092
0.8968906
0.9010838
0.8975613
0.8970776
0.8958082
0.8947407
0.8973938
0.8971785
0.8974396
0.8975172
0.8979866
0.9023958
0.8990553
0.9067201
0.9139625
0.9066787
0.8616571
0.8964792
0.8583064
0.9082364
0.9061769
0.907882
0.9103108
0.8708159
0.915497
0.8768495
0.8731196
0.9318432
0.8647978
0.863457
0.9277184
0.9174064
0.9071541
0.9162975
0.8946219
0.905923
0.868049
0.8539032
0.8685565
0.8566687
0.8555347
0.8548807
0.8582015
0.8584902
0.8596525
0.8599985
0.8596311
0.8945617
0.8962278
0.8692974
0.8920117
0.8928676
0.8918349
0.8962332
0.8902484
0.9108859
0.8635813
0.9009251
0.9244531
0.9088496
0.8956332
0.9034239
0.8871966
0.889986
0.8879944
0.8672799
0.9158658
0.9196435
0.9036029
0.9042764
0.8986863
0.8995201
0.8969912
0.9005243
0.9060773
0.9072102
0.9109289
0.853638
0.9123399
0.88604
0.8945091
0.8958431
0.9115176
0.8968124
0.8594216
0.8879055
0.8877861
0.8828367
0.896202
0.8879148
0.8962507
0.8945812
0.8830538
0.8838087
0.9010684
0.8961754
0.8961569
0.901017
0.89962
0.898927
0.8974027
0.9003069
0.8998387
0.8993681
0.8980846
0.8978548
0.9001862
0.9003294
0.8994808
0.9025418
0.901187
0.9039426
0.9062224
0.912447
0.9160274
0.9127571
0.8499418
0.9037483
0.8464011
0.909479
0.9086901
0.9119488
0.9118222
0.8639456
0.9187441
0.8786233
0.8742572
0.9336678
0.8657685
0.8634275
0.9283733
0.9190415
0.9084096
0.9151543
0.8991843
0.9126745
0.8724607
0.8621181
0.8509893
0.8494128
0.8530022
0.8531384
0.854688
0.8545427
0.8562568
0.8574687
0.8557786
0.9029241
0.8986628
0.8766481
0.8992301
0.9010914
0.8979468
0.9055262
0.8967117
0.9115602
0.8555781
0.9029316
0.9250598
0.9110375
0.9040401
0.9105542
0.8954851
0.8956591
0.8953199
0.8398517
0.9150635
0.9186364
0.9097946
0.9067595
0.900379
0.905519
0.9010253
0.9057826
0.9093742
0.908432
0.9145989
0.8474038
0.919105
0.8809784
0.9004056
0.9013316
0.9098334
0.9024085
0.8535073
0.8917175
0.8890787
0.8853029
0.8992914
0.8922112
0.8987712
0.8991098
0.8945685
0.8939046
0.8996111
0.8958505
0.8961876
0.8971778
0.8967638
0.8976486
0.8977906
0.8991603
0.8974598
0.8974202
0.8966883
0.8955951
0.8970969
0.8968454
0.8950397
0.9023397
0.8993356
0.9034301
0.9077641
0.9113862
0.9159894
0.9130236
0.8494793
0.9035901
0.8395189
0.9080409
0.908209
0.911154
0.9103996
0.8645521
0.9181052
0.8777414
0.8740733
0.9345661
0.8651065
0.8630607
0.9303932
0.9180231
0.907637
0.9163266
0.8982177
0.9105384
0.8725244
0.8602963
0.8486422
0.8495996
0.8527135
0.8509007
0.8524968
0.8507451
0.8535133
0.8550866
0.8534745
0.9040143
0.8972856
0.8758827
0.9007191
0.8991931
0.8967213
0.9050974
0.8992184
0.9108116
0.8530971
0.9060834
0.9259208
0.9090364
0.9000668
0.9097816
0.8962749
0.8993817
0.8984918
0.8402118
0.9162068
0.919733
0.909081
0.9065146
0.9035295
0.9041979
0.9023855
0.905459
0.9078233
0.9097011
0.9107408
0.8446205
0.916346
0.8786727
0.901767
0.9019476
0.9105333
0.9007912
0.8526539
0.8916272
0.8861713
0.8820602
0.8995597
0.892562
0.8996785
0.8993964
0.8940761
0.8957462
0.8975711
0.8977505
0.8978113
0.8957867
0.8969649
0.8957351
0.8963637
0.8966385
0.8961508
0.8957896
0.8953329
0.8946781
0.8948281
0.8952938
0.8962706
0.8945544
0.8949888
0.9065427
0.9089298
0.909501
0.9144353
0.9120479
0.8504204
0.9029266
0.8465629
0.8928943
0.8911653
0.8942697
0.8941107
0.8306199
0.9195827
0.8793637
0.8776672
0.935378
0.8580914
0.8590849
0.9294522
0.9202239
0.9044647
0.9146534
0.8957306
0.9110309
0.8776354
0.8667417
0.8607153
0.849063
0.8541895
0.8500209
0.8484341
0.8533056
0.8545125
0.8502928
0.8497051
0.9056901
0.9089626
0.8833051
0.9068605
0.9102281
0.9025336
0.902764
0.9040075
0.911277
0.8487513
0.9101247
0.9296073
0.9044264
0.9046799
0.9092909
0.9064388
0.9086485
0.9063644
0.8593943
0.9108251
0.9132261
0.9084561
0.9080418
0.9059929
0.8993165
0.9020465
0.9073324
0.9086056
0.9120665
0.9141407
0.8452471
0.9037584
0.8723993
0.9056543
0.9075993
0.90949
0.9043525
0.8481877
0.8827181
0.8821668
0.8732246
0.9131623
0.8914588
0.8961691
0.8947475
0.8915169
0.8908417
0.9012466
0.8979725
0.8977149
0.9000399
0.9000218
0.9008839
0.9016512
0.9017452
0.9027486
0.9021199
0.9002686
0.8996677
0.9022246
0.9020906
0.9012337
0.9017063
0.9002563
0.9054923
0.9132646
0.9105691
0.9163712
0.9233104
0.863288
0.9076096
0.8593649
0.8857358
0.8874685
0.885296
0.8887683
0.8638931
0.9215088
0.8755724
0.8807661
0.9392972
0.8594997
0.8595854
0.9367654
0.9269925
0.9118461
0.9180108
0.9034863
0.9180759
0.891445
0.8813338
0.8544956
0.869872
0.8696978
0.8706965
0.8680362
0.8723955
0.8714388
0.8653239
0.8647063
0.9158515
0.9192111
0.8860309
0.9226513
0.9129983
0.91292
0.9064935
0.907899
0.9024978
0.860313
0.9173336
0.9301237
0.9061851
0.9035116
0.9133625
0.9121656
0.9148951
0.9161293
0.86365
0.9149762
0.9111958
0.9120698
0.9098003
0.9099583
0.8994742
0.9054264
0.9031936
0.909726
0.9199731
0.915074
0.8602708
0.8966399
0.8842957
0.9168735
0.9187502
0.9055539
0.9145718
0.8650983
0.8767511
0.8844972
0.86454
0.9203637
0.8935858
0.8970696
0.8999596
0.8935332
0.8948163
0.897925
0.8957055
0.8961988
0.8967506
0.8941983
0.8957104
0.8955427
0.900256
0.8953709
0.8946139
0.8972512
0.8964755
0.8980905
0.8965776
0.8961234
0.8951723
0.8980014
0.8866016
0.9038332
0.9084277
0.9093599
0.8643912
0.9198073
0.9068753
0.9198165
0.9180493
0.9181154
0.9189121
0.9156813
0.9187152
0.8869668
0.919078
0.916438
0.9141271
0.9141548
0.9153265
0.9131744
0.8997665
0.8911053
0.9164119
0.9026252
0.9255106
0.9198928
0.9188815
0.919852
0.9151737
0.9153211
0.9124924
0.9109445
0.9180293
0.9168115
0.9159685
0.9166078
0.9157114
0.9114698
0.9194279
0.9124564
0.8976964
0.9131666
0.9037279
0.9148634
0.9184165
0.9177772
0.9152334
0.9088548
0.8890361
0.9022541
0.8605224
0.9121187
0.9133109
0.9128773
0.9182892
0.8918522
0.888467
0.9234082
0.9293554
0.9206672
0.926275
0.9250535
0.9198139
0.8740846
0.8796963
0.9196836
0.9146454
0.9194142
0.9231253
0.9165677
0.9174781
0.9241528
0.9172726
0.9118026
0.92081
0.9162485
0.9182176
0.9135042
0.9133808
0.9139021
0.9157857
0.915209
0.9161093
0.8740833
0.8705393
0.8708479
0.8666865
0.8660008
0.8658491
0.8671736
0.8705484
0.865146
0.8689284
0.8646225
0.8692495
0.8683012
0.8685867
0.8669038
0.8678337
0.8727306
0.8770909
0.8910834
0.8970021
0.9003079
0.8844785
0.9064216
0.8851986
0.9059447
0.9090142
0.9102578
0.908624
0.9119284
0.913317
0.8832191
0.9085885
0.909474
0.9124022
0.9060386
0.9068667
0.9063937
0.8875582
0.8832254
0.9184965
0.874879
0.9087683
0.9022804
0.8999417
0.9112972
0.8991722
0.9042684
0.9021314
0.9029964
0.9019387
0.9014478
0.9051923
0.9055728
0.9003021
0.9001139
0.9093694
0.899075
0.8663278
0.8988495
0.8876986
0.9040104
0.9106097
0.9054195
0.8992098
0.9089461
0.8788398
0.8892177
0.8731609
0.8932566
0.8956846
0.8958643
0.9027503
0.8991142
0.8956076
0.9082238
0.9156653
0.9090579
0.9133024
0.9111362
0.9108385
0.879766
0.8873719
0.9188938
0.9046021
0.9113612
0.9143416
0.8985242
0.8967119
0.9158999
0.8979555
0.9010601
0.9166285
0.9104687
0.9123839
0.9046528
0.8993558
0.8978917
0.9005486
0.8944272
0.8961447
0.9098705
0.9087939
0.9092331
0.9083441
0.9085159
0.9088359
0.9095416
0.9086891
0.9089925
0.9091608
0.9082639
0.9096597
0.9081062
0.9091575
0.907875
0.9092399
0.9100323
0.9113371
0.8949809
0.8967237
0.9026564
0.9117178
0.9156429
0.8880397
0.9138908
0.9023554
0.9056848
0.9061153
0.9050805
0.9129498
0.915507
0.9157429
0.9167563
0.9297715
0.9115545
0.912172
0.9300356
0.9175021
0.9075177
0.9176535
0.9077641
0.9183941
0.917906
0.9145681
0.9157164
0.9127371
0.9115381
0.9101558
0.9106181
0.9145323
0.9114173
0.9105241
0.9107787
0.9122313
0.9142121
0.9151248
0.9146803
0.9100105
0.9107124
0.9071406
0.9096318
0.8939389
0.9114017
0.9171792
0.919745
0.9081349
0.9026945
0.9054059
0.9125398
0.911893
0.9111212
0.9155375
0.9128598
0.9109911
0.9147213
0.9220097
0.9135632
0.9107626
0.9139445
0.9116413
0.9110022
0.915493
0.9026815
0.9101155
0.9068011
0.9163255
0.9140765
0.9134566
0.9154353
0.9169035
0.9104646
0.9120689
0.9102049
0.9126086
0.9157833
0.9066817
0.9067193
0.9112027
0.9048411
0.9059623
0.8747571
0.8709666
0.8718562
0.866528
0.8664315
0.8672105
0.8702025
0.8704352
0.8706539
0.8736193
0.8698488
0.8700523
0.8698612
0.8698113
0.8695958
0.8676345
0.8721627
0.8822629
0.8923825
0.8980011
0.902819
0.8818559
0.9102069
0.8887784
0.9045504
0.913471
0.9120397
0.9124058
0.9141726
0.9158152
0.8809334
0.9131057
0.9104376
0.912433
0.9042324
0.9036206
0.9056524
0.8929713
0.8842927
0.9173933
0.8744736
0.911348
0.9011148
0.900649
0.9145254
0.8976756
0.9043355
0.9025955
0.9032223
0.9024435
0.9025894
0.909854
0.9092932
0.9021446
0.9010782
0.9083757
0.9023409
0.8711144
0.9025224
0.8863162
0.9074796
0.9105635
0.9083615
0.9023901
0.9076214
0.879468
0.8910179
0.8795898
0.8947292
0.8993786
0.8994795
0.9030135
0.8983878
0.8963835
0.9100396
0.9150243
0.9116196
0.918402
0.9144541
0.9140336
0.8807236
0.8872704
0.919707
0.9087671
0.9146633
0.9165691
0.9041252
0.9026602
0.9186051
0.9028481
0.8990799
0.917881
0.911415
0.9168595
0.9040522
0.9018857
0.9024267
0.9034713
0.8959839
0.90139
0.8496031
0.8383861
0.8382671
0.842588
0.8429761
0.8414009
0.8443769
0.8481729
0.8467837
0.8471463
0.8439795
0.8442477
0.8460051
0.8446882
0.8451767
0.8441401
0.8458516
0.8684961
0.9013696
0.9066122
0.9068207
0.8828105
0.9047361
0.8992095
0.9084047
0.9021207
0.9033188
0.9067931
0.9065712
0.9103628
0.871315
0.9126845
0.9138214
0.9153167
0.9044083
0.9035133
0.9074837
0.8897444
0.8789061
0.9220379
0.8822393
0.917893
0.9125355
0.9104196
0.9166548
0.9013572
0.9028744
0.9031237
0.9014737
0.9028122
0.9014793
0.9089468
0.9093267
0.9080967
0.9069371
0.9161782
0.9084459
0.8738065
0.9059738
0.8927891
0.909561
0.9170792
0.9054274
0.9076626
0.9088519
0.8802529
0.8930827
0.8816453
0.9047929
0.907694
0.9049991
0.9122889
0.89119
0.8927823
0.9153804
0.9154775
0.9122558
0.9152413
0.9131182
0.9125785
0.8816783
0.8896469
0.9212639
0.9037722
0.9136112
0.9123673
0.9043752
0.9043903
0.9162624
0.9066418
0.9039767
0.9153389
0.9116084
0.9076033
0.9088924
0.9004973
0.9001566
0.9056452
0.8959692
0.898418
0.8943249
0.8932017
0.8941224
0.8941915
0.8930642
0.8890387
0.8960967
0.8922102
0.8955097
0.894686
0.8958991
0.891951
0.8934938
0.8942604
0.892763
0.8973866
0.8925173
0.8980073
0.9037738
0.8989171
0.9017029
0.9187511
0.8985093
0.8953799
0.897776
0.4546957
0.1175937
0.3680833
0.5551921
0.887417
0.9191463
0.8997699
0.9020685
0.943652
0.8871678
0.8882261
0.9366601
0.9315073
0.9048121
0.9191803
0.8978821
0.9181646
0.9110498
0.9070874
0.9021097
0.8981174
0.8998321
0.8935811
0.8955453
0.8990702
0.899101
0.8881137
0.8888889
0.9195506
0.9246003
0.9129762
0.9238319
0.917021
0.914952
0.9041827
0.9184406
0.8943579
0.8881584
0.9259659
0.9232257
0.897369
0.8966018
0.9143075
0.9171937
0.917374
0.9172469
0.90608
0.9010243
0.8992151
0.9128947
0.9099781
0.9115153
0.8941582
0.9035831
0.9053054
0.9009158
0.9164617
0.912527
0.889752
0.8622528
0.9019319
0.9269741
0.9282384
0.9069871
0.9207257
0.8887041
0.8873104
0.8966786
0.8663975
0.9238786
0.888439
0.896719
0.8981777
0.8868466
0.8898775
0.8648708
0.860089
0.8612356
0.8577988
0.8563909
0.8565848
0.8565127
0.8645994
0.8565499
0.8589046
0.8569892
0.8568002
0.8596394
0.8592122
0.8604317
0.8601889
0.8617041
0.8833111
0.8970755
0.9042131
0.9071598
0.8789926
0.9134626
0.8939601
0.9126379
0.920138
0.9195019
0.9240076
0.9244732
0.9233022
0.8810282
0.9211155
0.9138732
0.9169131
0.9126731
0.9143103
0.9042742
0.8868477
0.8871002
0.9216776
0.886221
0.9128129
0.9105596
0.9105598
0.9213421
0.9034372
0.9096231
0.9097777
0.9083762
0.9039283
0.9043849
0.9149267
0.9153363
0.9060253
0.8992204
0.9112179
0.898731
0.8663826
0.9039789
0.8994929
0.9043235
0.9191741
0.9165813
0.9033127
0.910881
0.8872019
0.8967633
0.8798613
0.8972618
0.8984937
0.8980016
0.9081636
0.9037938
0.9024752
0.9126862
0.9175808
0.9119019
0.9202314
0.9126721
0.9176336
0.8882184
0.8875385
0.9254131
0.911209
0.9240821
0.9233695
0.8997095
0.8984985
0.9185788
0.9031055
0.9092699
0.9213943
0.9186692
0.9218277
0.9036743
0.9005833
0.9005241
0.9028343
0.9001727
0.9007961
0.8550697
0.8505874
0.8525726
0.8514487
0.8507783
0.8490981
0.8523567
0.855078
0.8505483
0.8504339
0.8482576
0.851623
0.8505998
0.8500671
0.8499387
0.8510085
0.8556713
0.8772931
0.8880298
0.8996188
0.9033325
0.8786357
0.904795
0.8861479
0.9004172
0.9129835
0.9112005
0.9104756
0.9132995
0.9132261
0.8855791
0.9136513
0.905845
0.9185512
0.9021395
0.9024109
0.9098396
0.896021
0.8782483
0.9176559
0.8702843
0.9027747
0.9007192
0.8937474
0.9098281
0.893727
0.8985895
0.894263
0.8986712
0.899466
0.8980266
0.9063485
0.9069358
0.8966024
0.8904335
0.9015757
0.8869897
0.8610763
0.8924322
0.8895145
0.8964903
0.9123796
0.9070228
0.9002962
0.9097165
0.8849505
0.8840035
0.8826865
0.8877323
0.8907844
0.888451
0.8999155
0.907535
0.9066131
0.9030646
0.8996372
0.8953802
0.9064909
0.9006605
0.9030015
0.8817668
0.883024
0.9162511
0.8989537
0.9206559
0.9068665
0.8915534
0.8936434
0.910491
0.8970399
0.8921701
0.9155501
0.9108706
0.91183
0.8893655
0.8871695
0.8853964
0.8942864
0.8840269
0.8867563
0.9214288
0.9219452
0.9226126
0.9234674
0.923787
0.9225621
0.924618
0.9206405
0.9220944
0.9218236
0.9228298
0.9221769
0.9235999
0.9228601
0.9220303
0.922779
0.9212238
0.9323149
0.9417389
0.934712
0.9338914
0.9324785
0.9451234
0.9348004
0.9453016
0.9398239
0.9415379
0.9411388
0.9373312
0.9413516
0.9242214
0.9425223
0.9479486
0.9341405
0.9428451
0.9441964
0.9290356
0.9273043
0.9294334
0.9410496
0.9404958
0.9591082
0.9505269
0.9500244
0.942737
0.9487571
0.9468589
0.9455545
0.9468589
0.9471614
0.9469968
0.9465424
0.9470093
0.946095
0.9466148
0.9493908
0.9494814
0.9357456
0.9473343
0.9338846
0.9491255
0.9406819
0.9450236
0.9469127
0.9313022
0.923486
0.9323532
0.9235999
0.9484268
0.9449271
0.9472302
0.9442042
0.9248012
0.9183214
0.9517319
0.9552764
0.9567815
0.9493524
0.9566417
0.9554136
0.9299955
0.9350087
0.9391853
0.9453383
0.9327878
0.945528
0.9484356
0.9495747
0.9502184
0.9481744
0.9445125
0.9391274
0.9382606
0.9434122
0.9484642
0.9432999
0.9452465
0.9454586
0.9435754
0.9451428
0.8541466
0.850199
0.8504277
0.855271
0.8538103
0.850557
0.8508071
0.8523652
0.8529456
0.8530949
0.8502095
0.8514222
0.8532941
0.8521778
0.8537185
0.8561562
0.8533299
0.8749909
0.8948495
0.8987506
0.9057528
0.8816703
0.9034702
0.8916734
0.9075702
0.9086172
0.9088232
0.911363
0.9104521
0.9103263
0.8791051
0.9119653
0.91036
0.9171021
0.9033671
0.903434
0.910288
0.8970734
0.8837702
0.916513
0.8845717
0.9160925
0.9073472
0.9049627
0.9117419
0.90229
0.901378
0.8992494
0.9004657
0.9036101
0.9027278
0.9058458
0.9063014
0.898003
0.8983465
0.9094454
0.9020104
0.8669735
0.9006376
0.8907401
0.9015201
0.9124227
0.9056806
0.9035032
0.9113573
0.8816055
0.8928067
0.88278
0.8963241
0.8966534
0.8948847
0.90627
0.8944601
0.8951121
0.9128275
0.9142006
0.9103945
0.9145244
0.9107667
0.9110621
0.8849142
0.8874065
0.9189383
0.9032189
0.9134985
0.9143432
0.8996553
0.9014383
0.915852
0.8992561
0.9020309
0.9144499
0.9129966
0.9112618
0.9016002
0.895496
0.8974146
0.9031927
0.8948934
0.8976375
0.8481859
0.8419527
0.8423536
0.8392857
0.8390176
0.8390636
0.8385768
0.8452381
0.8411791
0.8381845
0.8423452
0.8430047
0.8443832
0.8446389
0.8440862
0.8395232
0.8455236
0.8797698
0.9038495
0.9024289
0.9068825
0.8991104
0.9027418
0.900937
0.9032315
0.8982346
0.8987848
0.898772
0.9022945
0.9113893
0.8950053
0.9103709
0.9079735
0.9231492
0.9008529
0.9015094
0.9152915
0.9068785
0.8886919
0.9165315
0.8837269
0.9139396
0.9112601
0.9068755
0.9127491
0.9004286
0.9029366
0.9022414
0.9025053
0.9036196
0.9033708
0.9047112
0.9052803
0.9043586
0.9067303
0.9097939
0.9060552
0.8866002
0.9054399
0.8935113
0.9047941
0.911662
0.9035712
0.9111492
0.9157169
0.8845522
0.8991088
0.8928381
0.9018547
0.9044146
0.9037391
0.9069521
0.9005116
0.9020242
0.9179751
0.9145911
0.9116702
0.9071072
0.9073027
0.9098378
0.8915135
0.8931157
0.915851
0.9028801
0.9078164
0.909647
0.9086587
0.9086572
0.9174793
0.9053582
0.9051142
0.9104327
0.9066727
0.9062388
0.9086088
0.895849
0.8943475
0.9032046
0.8942993
0.8950762
0.8665973
0.8623418
0.8629104
0.861617
0.8587775
0.8591985
0.8590298
0.8679259
0.8589382
0.8609418
0.8577086
0.8596518
0.8623664
0.8618478
0.8633368
0.8632178
0.8645736
0.8849716
0.8963399
0.9066398
0.9072362
0.8810406
0.9155192
0.8943214
0.9127328
0.9221808
0.9220424
0.9255176
0.9251267
0.9247609
0.8795449
0.9221266
0.9155428
0.9163052
0.9134423
0.9156995
0.904573
0.8897592
0.889046
0.9217346
0.884807
0.914029
0.9135229
0.9118459
0.9218136
0.9047671
0.9096655
0.9106522
0.9104965
0.905229
0.9058905
0.9170075
0.916879
0.9054127
0.8998709
0.913336
0.8986616
0.8689411
0.9056476
0.8984114
0.9050707
0.9189645
0.9177561
0.9038371
0.9099359
0.8894787
0.8968973
0.8801146
0.8975287
0.8998218
0.8992829
0.909634
0.9050733
0.9035349
0.9140126
0.9182025
0.9106327
0.9214013
0.9147596
0.9189996
0.8875155
0.8897019
0.9267513
0.9128113
0.9251155
0.9241059
0.8996973
0.8990193
0.9201365
0.9047757
0.9103381
0.9245237
0.9209449
0.9233721
0.9038892
0.9023849
0.900285
0.9050079
0.9007723
0.9024524
0.8663513
0.8581375
0.8584937
0.8584154
0.8563074
0.8576637
0.8551002
0.8645663
0.853719
0.8549042
0.8532566
0.8586807
0.8582277
0.8577949
0.8566402
0.8579331
0.86497
0.8795247
0.8950566
0.8990628
0.9024821
0.8856323
0.9072106
0.890044
0.9012288
0.9134904
0.9119389
0.9127428
0.9132839
0.9136373
0.8882175
0.9150266
0.9086616
0.9190207
0.9058824
0.9059137
0.9116382
0.8959931
0.8810552
0.9175659
0.8736705
0.9073341
0.9051314
0.8976038
0.9131591
0.8966409
0.9006005
0.8973284
0.8987969
0.8992166
0.8993267
0.908578
0.908957
0.8980372
0.8915784
0.900571
0.8928468
0.8670428
0.8960806
0.8927817
0.8963328
0.9125301
0.9074334
0.902048
0.9109972
0.886651
0.8882498
0.8815079
0.8891939
0.8905248
0.8911887
0.9030262
0.9040675
0.9083839
0.906835
0.8971288
0.9003447
0.9077558
0.9013996
0.908101
0.883743
0.8868294
0.9169714
0.9012288
0.9172329
0.9105938
0.8941172
0.8917481
0.9102504
0.8993402
0.8971562
0.9168341
0.9134912
0.9109696
0.8941942
0.891075
0.8932135
0.8968518
0.8854466
0.8898414
0.8298133
0.8209209
0.8209318
0.8254797
0.822697
0.8227282
0.8232376
0.8295202
0.8219162
0.8255886
0.8228948
0.8265938
0.8217956
0.822118
0.8225019
0.8272019
0.8248622
0.876786
0.8933946
0.9021011
0.9063396
0.8899793
0.9068895
0.8985958
0.9033114
0.9012786
0.899056
0.901864
0.9023958
0.9081603
0.8834416
0.9092647
0.9125327
0.9162849
0.902053
0.902038
0.9141715
0.9013938
0.8846252
0.9115555
0.8806782
0.9136933
0.9074925
0.9062762
0.9115139
0.904007
0.9035705
0.899693
0.9001207
0.9033882
0.9020538
0.9027949
0.9041334
0.9068254
0.9014482
0.9109993
0.904381
0.8762299
0.9028608
0.8885075
0.9049871
0.9034103
0.9032199
0.9084298
0.909925
0.882153
0.8901867
0.8865592
0.9015058
0.9024161
0.8998075
0.901412
0.8941189
0.8951796
0.9090676
0.9113546
0.9063496
0.908554
0.9084758
0.9047216
0.8881469
0.8968581
0.9143393
0.9003936
0.9057511
0.912282
0.9066657
0.9056193
0.9122674
0.9059946
0.9001357
0.9068454
0.9111777
0.9016665
0.9051491
0.8952061
0.8978756
0.9042336
0.8923955
0.8967671
0.9071831
0.9062396
0.9057383
0.9082569
0.9058898
0.9072766
0.9058457
0.904387
0.9059107
0.9071397
0.9064308
0.9035204
0.9059015
0.9058043
0.9056576
0.9072295
0.9042427
0.9105437
0.9096774
0.911124
0.91379
0.9237377
0.888226
0.9100101
0.8814464
0.8933554
0.8937373
0.8952044
0.8960061
0.8824264
0.9203291
0.8854163
0.8858437
0.94293
0.8801033
0.8785336
0.9392189
0.9323545
0.9139437
0.9164523
0.903909
0.9177624
0.8995163
0.8941337
0.8897207
0.8908031
0.8968017
0.890212
0.8903069
0.893563
0.8917557
0.8804253
0.8824089
0.9114083
0.9172164
0.8948144
0.9208221
0.9177294
0.9099656
0.9090578
0.9049669
0.9080041
0.8822498
0.9175224
0.9291155
0.9136199
0.902844
0.9179181
0.9118508
0.9101606
0.9124427
0.8940797
0.9118381
0.9114957
0.9138293
0.9131721
0.9150019
0.8992041
0.91255
0.9087063
0.9114696
0.9203897
0.9144234
0.8851038
0.9043873
0.8891439
0.9162596
0.9176035
0.9115262
0.9109645
0.8873745
0.8571758
0.8631993
0.8477586
0.9177125
0.8939029
0.8985186
0.8975557
0.8875357
0.8900426
0.9024553
0.9001524
0.9003792
0.9006875
0.9001757
0.8990423
0.9039815
0.9041086
0.9016754
0.9026658
0.9021138
0.9002604
0.8999851
0.9007913
0.8991669
0.9030553
0.9035979
0.9045537
0.9036528
0.9115442
0.9116141
0.9150449
0.8811893
0.9003896
0.8797946
0.8940536
0.8939657
0.8931318
0.8926319
0.8770392
0.920304
0.8820027
0.8865511
0.9381152
0.8715661
0.872025
0.9358679
0.9253408
0.9085207
0.9155088
0.9005176
0.9183804
0.8946016
0.8876297
0.8856648
0.8806914
0.883334
0.8780957
0.8783888
0.8851938
0.8823349
0.879371
0.8804236
0.907763
0.9086512
0.8883423
0.9117528
0.9112927
0.9042789
0.9031001
0.905591
0.9049243
0.8787577
0.9125055
0.9276487
0.9060794
0.8979345
0.9141138
0.9031521
0.9056351
0.9039848
0.8813482
0.9117463
0.9146297
0.9121869
0.9101796
0.9091458
0.896623
0.9041247
0.9056575
0.9064988
0.9171665
0.9112619
0.8770838
0.9033532
0.8910701
0.9126032
0.9122679
0.9117164
0.9064206
0.8802944
0.8439279
0.8543771
0.8182675
0.9130916
0.8950862
0.8978829
0.8968907
0.8907499
0.8933815
0.8948751
0.8922694
0.8915605
0.8887127
0.8886143
0.89122
0.8931825
0.8908804
0.8905617
0.8888725
0.891189
0.8896878
0.8899853
0.8903812
0.8883608
0.8944689
0.8927265
0.8977496
0.9023032
0.9053179
0.9125887
0.9165267
0.8761638
0.9002277
0.871121
0.8792846
0.8809352
0.8818733
0.8849454
0.8695147
0.9240337
0.8782996
0.8802958
0.9429747
0.8570548
0.8592065
0.9401055
0.9308527
0.9062904
0.9151976
0.8905226
0.9097714
0.8899015
0.8822911
0.8841178
0.8750564
0.8793764
0.8719798
0.8731112
0.8764451
0.8759926
0.8717794
0.873413
0.9059621
0.906185
0.8898226
0.9093209
0.9047844
0.9000217
0.9004645
0.9001436
0.8998379
0.8728169
0.9151089
0.9272163
0.9058637
0.8989327
0.9150764
0.9014735
0.9033517
0.9067661
0.8788815
0.9093233
0.9109493
0.9039203
0.9014333
0.8985868
0.8883576
0.8945274
0.8950758
0.905758
0.916622
0.9119287
0.8693304
0.8995238
0.8843064
0.9098944
0.910278
0.9059043
0.9023733
0.8689902
0.8396926
0.8456439
0.8076085
0.9085093
0.8856039
0.8856185
0.8888432
0.882126
0.8844714
0.8990265
0.8958908
0.8964729
0.8946176
0.8936707
0.8934249
0.8938286
0.8957258
0.8941387
0.8956697
0.8969821
0.8928558
0.8935268
0.8942813
0.8928075
0.8964751
0.8955039
0.8990075
0.9058114
0.9112898
0.9154984
0.9196635
0.8753959
0.9033466
0.8720594
0.8799817
0.8825111
0.8833182
0.8851046
0.8707501
0.9207293
0.8817328
0.8849287
0.9411083
0.8572963
0.8624924
0.9397417
0.9301422
0.9078769
0.9163366
0.8977239
0.9090171
0.8928138
0.8845465
0.8785967
0.8739924
0.8806054
0.8725763
0.8723036
0.8768931
0.876779
0.8722902
0.8737051
0.9058301
0.9048794
0.8885181
0.9089796
0.9076607
0.8999532
0.9021665
0.9038117
0.9030452
0.8705728
0.9151361
0.9250801
0.901276
0.9001247
0.9174968
0.9013581
0.9054955
0.9058772
0.8818417
0.9101172
0.9125473
0.9055304
0.9006169
0.90287
0.8902489
0.9001934
0.8979432
0.9051929
0.915794
0.9143574
0.8699395
0.8954863
0.8819509
0.9104499
0.9110621
0.9072064
0.9045586
0.8711846
0.8410223
0.8466642
0.8170659
0.9073053
0.8847264
0.8844897
0.8932745
0.8819206
0.8823398
0.8685809
0.8656331
0.8663617
0.8618083
0.8607364
0.8587702
0.8622153
0.8634108
0.86081
0.8635129
0.8587017
0.8618031
0.862678
0.8629251
0.8628799
0.8615779
0.8649488
0.8775906
0.8863858
0.8971467
0.8975259
0.8812314
0.9029392
0.8831326
0.9013743
0.9073088
0.9081192
0.9077205
0.9092466
0.9124023
0.8825758
0.9127375
0.9062511
0.9134232
0.9032681
0.9008083
0.906182
0.8868734
0.8757913
0.9160043
0.8755995
0.9081069
0.9015896
0.8974771
0.909262
0.8953116
0.8991089
0.8993647
0.9008279
0.9007262
0.8988772
0.9034769
0.9037395
0.8973158
0.8934092
0.9037021
0.8950085
0.861535
0.8964728
0.8844103
0.9001742
0.9109987
0.9028706
0.8970588
0.9059065
0.8826283
0.8826059
0.8749451
0.8884746
0.8921451
0.8918408
0.9014707
0.8970456
0.8946859
0.9070885
0.9108269
0.9064945
0.9105883
0.9051683
0.9074358
0.8808742
0.8838965
0.9154342
0.9026443
0.911099
0.9108332
0.8951506
0.8959517
0.9086097
0.8947977
0.8971915
0.9113123
0.9100631
0.9110546
0.8983313
0.894626
0.8953518
0.8990998
0.8898787
0.894479
0.8929007
0.893675
0.8938938
0.8918841
0.8901055
0.8918185
0.8914236
0.8964394
0.8891661
0.8883896
0.8907047
0.8933376
0.8936017
0.8934293
0.8905365
0.8912158
0.8916996
0.8855171
0.89673
0.9050564
0.9041456
0.8587053
0.9182614
0.8953129
0.9157281
0.9163768
0.9160156
0.9169713
0.9157656
0.9219144
0.8733888
0.9173718
0.9152596
0.9097996
0.9183119
0.9201802
0.9047736
0.8813088
0.8793906
0.9092376
0.9019983
0.9225742
0.9126442
0.9122298
0.9183173
0.9134773
0.9163697
0.9120231
0.9136213
0.9129378
0.9126817
0.9171654
0.9176904
0.9079382
0.9074445
0.9143571
0.9138741
0.8895233
0.905759
0.8979136
0.9105578
0.917583
0.9166755
0.9061901
0.8959009
0.8898418
0.8948631
0.8519331
0.9045468
0.9064474
0.9054561
0.9144767
0.8855874
0.885993
0.9193479
0.9325015
0.9197997
0.9225455
0.9285765
0.9219607
0.8651764
0.8735506
0.917888
0.9134506
0.9205912
0.92217
0.9100842
0.909388
0.924563
0.9085162
0.9089405
0.9197751
0.9146363
0.9197046
0.9137724
0.9125302
0.9118875
0.9187367
0.9109425
0.9126638
0.8958669
0.8944634
0.8947614
0.8977693
0.8927412
0.8924147
0.894771
0.8979366
0.8932833
0.8939563
0.8937399
0.8980803
0.8952689
0.8955734
0.8954746
0.8924878
0.8959811
0.8931495
0.9022901
0.9056722
0.910192
0.8623346
0.9243931
0.9004438
0.9169715
0.9195618
0.9197028
0.9197616
0.9192075
0.9238556
0.8790959
0.9199859
0.9179097
0.9100007
0.9214903
0.9200014
0.9066136
0.8867213
0.8857759
0.9126404
0.9033085
0.9256406
0.9162051
0.9163986
0.9226388
0.9153049
0.9191564
0.9149406
0.9151822
0.9166667
0.9153267
0.9179829
0.9179329
0.9074779
0.909522
0.9198423
0.9130773
0.8948713
0.9108047
0.8961906
0.9135604
0.9212331
0.9192588
0.90883
0.8996626
0.8936482
0.8958341
0.8567036
0.9048644
0.909722
0.9075303
0.916328
0.8923005
0.8916526
0.9201362
0.932792
0.9255831
0.9263688
0.9259895
0.9236745
0.86857
0.8775859
0.9179744
0.9172022
0.9220343
0.9235463
0.9117802
0.9110791
0.9282922
0.9145402
0.9147276
0.9195246
0.9157401
0.9226944
0.9135135
0.9127326
0.913913
0.9195982
0.9145275
0.9161668
0.9032795
0.8973013
0.8978977
0.8980287
0.8961525
0.8964506
0.8950724
0.9000446
0.8955968
0.8953039
0.8946222
0.9004792
0.8959628
0.896362
0.8960111
0.8983165
0.9027953
0.9074737
0.90342
0.9103223
0.9186763
0.907563
0.898876
0.8993631
0.9007436
0.9151336
0.9146765
0.915715
0.9156858
0.9111546
0.9164944
0.907808
0.9070302
0.9338051
0.8968613
0.8964163
0.9307304
0.9176637
0.902898
0.9199768
0.8901036
0.9056518
0.89795
0.8965216
0.9065628
0.8946513
0.8960936
0.8939836
0.89421
0.8954444
0.8957301
0.904977
0.9070851
0.82563
0.8219097
0.9014678
0.8440144
0.8947211
0.8141148
0.9064045
0.81134
0.9161995
0.9067657
0.8512878
0.9295967
0.9148026
0.8980728
0.9102776
0.8397086
0.8429814
0.8419704
0.9041611
0.9244708
0.9255038
0.9038972
0.9037931
0.9016997
0.898496
0.8979248
0.8965372
0.9068693
0.9089905
0.9163156
0.8943492
0.9215247
0.9074191
0.832238
0.8305923
0.911757
0.8234308
0.8919784
0.9083854
0.9087037
0.9031437
0.8418968
0.8835014
0.886019
0.8849526
0.8762517
0.8766775
0.9055147
0.8957621
0.8967164
0.8968395
0.8978388
0.8956038
0.8982007
0.9013765
0.8953359
0.8968028
0.8962139
0.8976901
0.8985854
0.8995032
0.8970068
0.899316
0.9040421
0.903783
0.8990054
0.9114299
0.9112646
0.9045953
0.9000738
0.8971583
0.9025652
0.9252292
0.9224198
0.9250323
0.9242029
0.9211741
0.91019
0.9110607
0.9039689
0.9270875
0.8988095
0.8998202
0.9227644
0.9096821
0.9050087
0.9171972
0.894152
0.8977178
0.8955252
0.8894743
0.9115493
0.8924611
0.8921844
0.8939077
0.8981675
0.8917896
0.8918696
0.9092476
0.9106724
0.8177974
0.8170865
0.8950963
0.8349942
0.8918087
0.8241326
0.9042622
0.8203576
0.9170106
0.9110842
0.8444821
0.9251567
0.9136239
0.9028997
0.9025379
0.8381157
0.8348832
0.8354628
0.9037042
0.9260636
0.9277627
0.8962974
0.9001288
0.8978458
0.9030614
0.898665
0.8994546
0.907574
0.9062102
0.9177013
0.9008182
0.930509
0.9107442
0.8290661
0.8289015
0.9115561
0.821292
0.8933433
0.9160965
0.9105831
0.913029
0.8386271
0.8854135
0.8834557
0.889115
0.8811432
0.8812706
0.9053919
0.8917741
0.892672
0.8969618
0.8972225
0.8944354
0.8995578
0.8993841
0.895335
0.8972842
0.8969087
0.8990152
0.8968809
0.896589
0.8970853
0.8972016
0.9050468
0.9034271
0.8989968
0.9124243
0.9178972
0.9070222
0.9037516
0.9019381
0.9002097
0.9216772
0.9195905
0.9226934
0.9215051
0.9147633
0.9191902
0.9128651
0.9058803
0.9281977
0.9012539
0.8994295
0.9268452
0.9127621
0.9079904
0.9215168
0.8945832
0.901708
0.8950387
0.8933943
0.9112858
0.8921658
0.8932301
0.8937395
0.8933109
0.893088
0.8937295
0.90488
0.9058887
0.8197643
0.8175188
0.895624
0.8042359
0.8899239
0.8161959
0.9023078
0.8183305
0.9174835
0.9064836
0.8130458
0.9254069
0.9093931
0.8972983
0.9045552
0.8169173
0.8146826
0.8145675
0.9048011
0.9206427
0.9212017
0.9021985
0.9039007
0.9008035
0.9061144
0.8999596
0.9012898
0.9060407
0.9038906
0.9177146
0.8992147
0.9258968
0.9113505
0.8239402
0.8234399
0.9093719
0.8152918
0.8930663
0.9154999
0.9098105
0.9102783
0.810947
0.8861402
0.8837423
0.889065
0.876556
0.8782557
0.9071958
0.902382
0.9023644
0.9040601
0.9034077
0.8989693
0.9013794
0.9075004
0.9023579
0.9043092
0.9021475
0.9009051
0.9030638
0.9032072
0.9020741
0.9040493
0.9057518
0.9069492
0.9023409
0.9122554
0.9210287
0.9160807
0.8798845
0.9038814
0.8754709
0.9137741
0.9151244
0.9145795
0.9161803
0.8881569
0.918358
0.8220204
0.8206623
0.9322889
0.8775641
0.8782671
0.9312869
0.9224223
0.9106115
0.9194558
0.8982199
0.9013087
0.8773529
0.8697488
0.8817078
0.8676841
0.8711205
0.869784
0.8713749
0.8669306
0.8662269
0.8827206
0.8828272
0.8995146
0.8965641
0.7798158
0.8990763
0.902588
0.8959513
0.9019286
0.8945802
0.9153063
0.8774751
0.9040455
0.9304169
0.9164629
0.896521
0.9142532
0.8915534
0.8910942
0.8924912
0.8765144
0.9214612
0.9203093
0.8987618
0.9034393
0.8975127
0.9013523
0.8970889
0.8999112
0.9110936
0.9129336
0.9175561
0.8712189
0.918711
0.8879484
0.8982837
0.8960628
0.9077046
0.8993875
0.8696587
0.9022664
0.8979359
0.8948697
0.8965818
0.892095
0.8937163
0.8956904
0.888182
0.8880285
0.8974016
0.8970955
0.898142
0.8948473
0.8942081
0.8937916
0.8937894
0.8986504
0.8930287
0.8945176
0.8931711
0.8974473
0.8955503
0.895619
0.8905375
0.897122
0.8991603
0.9063734
0.9049882
0.9110958
0.9133707
0.916764
0.8953593
0.9009186
0.8999962
0.899129
0.8993263
0.8998199
0.900716
0.908281
0.92097
0.9031451
0.9075857
0.9362726
0.8946767
0.8928749
0.9375265
0.9272289
0.9111817
0.9197961
0.8924286
0.8983544
0.9055562
0.8996486
0.9057851
0.8953208
0.8960523
0.8949894
0.8947568
0.8975724
0.8986436
0.9011154
0.9008537
0.9018259
0.9019384
0.9003462
0.9032929
0.9062338
0.9022601
0.9068739
0.9003611
0.9099594
0.8992001
0.9081956
0.9279827
0.9127986
0.9026897
0.9106631
0.8987912
0.9003176
0.9024327
0.9023573
0.9184783
0.9207928
0.9029752
0.8974981
0.893179
0.8877637
0.8952615
0.892006
0.912641
0.9166241
0.9181087
0.8950603
0.9079488
0.9020396
0.9040398
0.9026858
0.9006919
0.9027174
0.8927838
0.9050743
0.9050677
0.8944149
0.9033132
0.885338
0.8860307
0.8902141
0.8821233
0.8825107
0.9028806
0.8975827
0.8981667
0.9007128
0.9025796
0.8993461
0.898315
0.8993076
0.8986637
0.9001172
0.8983647
0.900695
0.8998245
0.9003325
0.9003505
0.9023502
0.9047136
0.9066763
0.9013089
0.9076611
0.9062746
0.9112895
0.907147
0.9002638
0.9034969
0.898638
0.8982535
0.8979492
0.9001569
0.9064066
0.9153441
0.9081927
0.9051624
0.9334637
0.8947702
0.8962285
0.9320943
0.9240116
0.9085753
0.9168415
0.8961
0.9005204
0.9031099
0.8993182
0.9120855
0.8992294
0.9029513
0.9003319
0.9012915
0.9000923
0.9
0.9014053
0.9023979
0.901299
0.9033548
0.900369
0.9038175
0.9035526
0.9029203
0.9034684
0.9012751
0.9093073
0.9008641
0.9066044
0.9215853
0.909964
0.8980574
0.9084446
0.9011498
0.8990903
0.8996772
0.9035424
0.9154798
0.9153307
0.9049403
0.9016387
0.8967306
0.8942134
0.8913863
0.8970489
0.9060824
0.9109167
0.908841
0.897347
0.9014027
0.9054654
0.8972875
0.8991673
0.9015989
0.8992832
0.8948093
0.9031826
0.9052357
0.9048556
0.9058666
0.8859874
0.8900208
0.8901904
0.8868919
0.8901411
0.8957822
0.8922425
0.8927045
0.8912306
0.8888239
0.8924995
0.8911696
0.8932377
0.8888889
0.8900135
0.892223
0.8912965
0.8912331
0.8916242
0.8899501
0.8937391
0.8974118
0.898825
0.9006494
0.9026201
0.9070811
0.9095219
0.8917626
0.895065
0.8945385
0.8976955
0.8936575
0.8967264
0.8974938
0.9026561
0.9166901
0.9033426
0.8994644
0.9340269
0.8900626
0.889574
0.9311901
0.9212828
0.9015257
0.9163412
0.8838434
0.8926707
0.896256
0.8892586
0.9053914
0.8910967
0.895013
0.8939822
0.8940796
0.8921464
0.8933632
0.8955643
0.8963946
0.8936047
0.8973697
0.8954737
0.8971722
0.8956194
0.894018
0.8992248
0.895612
0.9059363
0.8970298
0.900688
0.9226261
0.9045406
0.8981817
0.9071288
0.8932021
0.8961228
0.895057
0.8924198
0.9152206
0.9156878
0.8955544
0.8882202
0.8889632
0.8888226
0.8888598
0.8920216
0.9061189
0.9078285
0.9151996
0.8945385
0.9064811
0.9015961
0.8974617
0.8975039
0.8924072
0.8972027
0.8876092
0.9029763
0.9059007
0.8937827
0.8985109
0.8828021
0.8850358
0.8907674
0.880116
0.8796976
0.9045438
0.900382
0.9008936
0.894198
0.8951746
0.8965064
0.8968652
0.9054219
0.894287
0.8953192
0.8948869
0.8959001
0.894654
0.8945574
0.8944964
0.8981236
0.9039002
0.9071157
0.9056896
0.9148016
0.9221656
0.9166241
0.9026265
0.9012126
0.9028537
0.9194229
0.9175766
0.9198344
0.923008
0.918614
0.9225058
0.9125861
0.9024381
0.9338265
0.8951536
0.8953369
0.9351049
0.9227486
0.9118345
0.9207123
0.888728
0.8834963
0.8925105
0.8885326
0.9133448
0.8932461
0.8944777
0.8919042
0.8938492
0.8955015
0.8939899
0.9027736
0.9032511
0.8909924
0.8872982
0.8935308
0.8852614
0.8958536
0.890905
0.9078885
0.8883311
0.9118767
0.9055462
0.8995649
0.9283504
0.9230992
0.9027449
0.9145074
0.8801359
0.8822457
0.883108
0.9016772
0.927923
0.9305581
0.8826596
0.8727316
0.8709376
0.8827853
0.8731959
0.8773677
0.9126585
0.9118348
0.9175485
0.8935302
0.9255216
0.9089598
0.8909179
0.888425
0.9045799
0.8870493
0.8961974
0.9159977
0.9135284
0.9091938
0.8887719
0.8867023
0.8894244
0.8902647
0.8846962
0.8867889
0.9014447
0.8990645
0.8992042
0.8971915
0.8960584
0.8959051
0.895456
0.899024
0.8955224
0.8962786
0.8937813
0.8998781
0.8959951
0.8961011
0.9002876
0.8989387
0.9019573
0.9030771
0.8965443
0.9034924
0.9086569
0.9083902
0.9031631
0.8969511
0.9010026
0.910898
0.9134808
0.9101494
0.9107455
0.9090585
0.9138367
0.9035211
0.9017578
0.9314771
0.899444
0.8978903
0.9296167
0.9177015
0.9094665
0.9152762
0.8940031
0.9004937
0.8980709
0.8949989
0.9041516
0.896179
0.8997345
0.8981892
0.8986932
0.8991123
0.9001017
0.9042147
0.9047533
0.8959867
0.8947368
0.8977029
0.8980951
0.8933575
0.8931289
0.8984806
0.8960315
0.9093385
0.9026197
0.898786
0.9229722
0.9073936
0.8976409
0.9079083
0.8936736
0.8915628
0.8934316
0.8974507
0.9202588
0.9178236
0.8984507
0.8985389
0.8951414
0.898234
0.8974387
0.8966305
0.9034658
0.9065068
0.9103541
0.894641
0.9154588
0.9072021
0.8920301
0.8934036
0.901197
0.8918968
0.8938206
0.9079811
0.9044429
0.9059193
0.8988311
0.8841908
0.8882495
0.8939756
0.883841
0.8824008
0.8924216
0.8912348
0.8913359
0.8902542
0.8897505
0.890426
0.894478
0.8968438
0.8909104
0.889967
0.8904786
0.8918978
0.8933712
0.8926723
0.8917253
0.8918052
0.8919705
0.9021677
0.904564
0.9053156
0.9132623
0.9190921
0.8403554
0.9012707
0.20242
0.8946955
0.8945679
0.896405
0.8994631
0.862118
0.9182992
0.8686309
0.869131
0.9382214
0.8578145
0.8554439
0.9328116
0.9258377
0.9024076
0.9154318
0.8909165
0.9094956
0.8713778
0.8601087
0.8467589
0.8294417
0.8355421
0.8261768
0.8253919
0.8309087
0.8289218
0.7752331
0.7734562
0.9009296
0.8982887
0.8771701
0.9037435
0.904114
0.896928
0.9039455
0.8966301
0.9061902
0.7734905
0.9091691
0.9279241
0.9073432
0.8977608
0.9108233
0.8990555
0.9006171
0.902592
0.8504832
0.9176512
0.9178048
0.9021919
0.904967
0.9040552
0.8959911
0.8982994
0.9009096
0.9072446
0.9101585
0.9130162
0.7577543
0.9042174
0.8696284
0.9025783
0.9027967
0.9088733
0.8993296
0.8244314
0.8833607
0.8853821
0.8707953
0.9063253
0.8843896
0.8899083
0.8921173
0.879338
0.8812568
0.889785
0.888426
0.8890147
0.88529
0.8830934
0.8841669
0.8854754
0.8885353
0.8870214
0.8838
0.8827117
0.885752
0.8873861
0.8879462
0.8864589
0.8891129
0.8911108
0.8966494
0.8955835
0.9024278
0.9068735
0.9108479
0.8921964
0.8939264
0.892748
0.8923656
0.8914097
0.890299
0.8973462
0.8995095
0.9158062
0.8987388
0.8970835
0.9367798
0.8818738
0.8833778
0.9311861
0.9198925
0.9000611
0.9175232
0.884079
0.9007367
0.8955366
0.889273
0.9026424
0.8846554
0.88998
0.8868814
0.8905966
0.8884354
0.8874875
0.8939889
0.8947446
0.8835281
0.8853002
0.8919279
0.8895892
0.8956258
0.885295
0.9001973
0.883907
0.9026226
0.8937164
0.8941541
0.9249666
0.9059292
0.8958758
0.9078999
0.8882896
0.886894
0.8875249
0.8943538
0.9086701
0.9107213
0.8969551
0.8921251
0.8965197
0.8883348
0.8907059
0.8896009
0.9038489
0.9094622
0.9151137
0.8870502
0.8994554
0.897873
0.8863138
0.8859141
0.8963906
0.8864288
0.8846254
0.8951853
0.8961076
0.8882271
0.8905924
0.7804404
0.7599505
0.7914688
0.770553
0.7736383
0.8982708
0.8960572
0.8972162
0.9005985
0.8990512
0.8970551
0.8974744
0.900752
0.8995437
0.9002533
0.8975615
0.8967861
0.9006729
0.9006976
0.8996973
0.8984392
0.9010424
0.9019976
0.9093142
0.9097614
0.9119013
0.8867728
0.9204769
0.9115897
0.9232174
0.9150725
0.9165108
0.9158616
0.9150937
0.9233771
0.8981994
0.9215328
0.9228621
0.9190841
0.9193657
0.9184546
0.9133633
0.9037433
0.8966822
0.9150901
0.9104403
0.9271304
0.9228745
0.9210517
0.9219429
0.9188836
0.9205284
0.9187566
0.9173545
0.9228628
0.9219576
0.9215948
0.9218487
0.9192347
0.9191996
0.9247724
0.9208882
0.8987911
0.9196531
0.9117995
0.9213634
0.921074
0.9199789
0.9189416
0.9067972
0.8952455
0.9079523
0.8802454
0.914315
0.9137335
0.911957
0.9256279
0.8988995
0.8950753
0.923656
0.9331295
0.924135
0.9256774
0.9251834
0.925406
0.8834241
0.8957066
0.9204066
0.916905
0.9168543
0.9261785
0.9202516
0.9207667
0.9246231
0.9226664
0.923411
0.9179027
0.9216812
0.9199829
0.9160562
0.9176292
0.9202551
0.9168081
0.9158985
0.9161815
0.8843909
0.8795989
0.8805261
0.8820549
0.8794707
0.8789965
0.882779
0.8806504
0.8807832
0.8814639
0.8831447
0.8812173
0.8798696
0.8803567
0.8839361
0.8825375
0.8870725
0.8899448
0.9015867
0.9002709
0.9091199
0.9119405
0.8831154
0.8890004
0.8869498
0.8829335
0.8848554
0.887432
0.8880583
0.8902618
0.9116519
0.8887289
0.8925484
0.9395688
0.8725331
0.8729804
0.9333103
0.9242777
0.8989047
0.9147677
0.8798786
0.8981039
0.8934933
0.8880572
0.892999
0.8845939
0.8838796
0.8843363
0.8858323
0.8864752
0.8881303
0.8909198
0.8912715
0.8830953
0.891261
0.8915449
0.8931861
0.8960181
0.8848684
0.8920356
0.8837201
0.9026177
0.88863
0.8988385
0.9239176
0.9018243
0.8887448
0.9028941
0.8891762
0.8912125
0.8926958
0.8909325
0.9090224
0.908889
0.8936971
0.890102
0.8909084
0.8802918
0.8856292
0.8880418
0.9009456
0.9088365
0.9112091
0.8823529
0.894282
0.8903813
0.8947063
0.8943598
0.8929152
0.8878433
0.8789938
0.8892091
0.8951056
0.876799
0.8945851
0.8321372
0.8369119
0.8467288
0.8307758
0.8333854
0.8632327
0.8658407
0.8647724
0.8670335
0.8645899
0.8671681
0.8655503
0.8678032
0.8663392
0.8681781
0.8633398
0.86542
0.8691809
0.8689231
0.8639405
0.8667969
0.864825
0.0948084
0.8975465
0.9009793
0.9063299
0.8862587
0.9042915
0.8931649
0.9001695
0.8969437
0.8961221
0.8980983
0.9009032
0.905954
0.881104
0.90563
0.9076573
0.9193474
0.8933241
0.8930917
0.9107932
0.9005394
0.8755483
0.9152531
0.8780118
0.9161967
0.9088764
0.9048049
0.9088689
0.8940356
0.8976638
0.8968429
0.8966632
0.8972824
0.897474
0.9034921
0.9033601
0.904198
0.9045519
0.9112909
0.9034146
0.8848696
0.9016423
0.8929602
0.9025032
0.9056591
0.9015449
0.9061878
0.9074557
0.8376509
0.8964496
0.8826895
0.9041106
0.9060937
0.9061964
0.9060783
0.8945954
0.893786
0.9164809
0.90938
0.9083575
0.9080447
0.9066132
0.9004023
0.8770196
0.8916017
0.9129402
0.9011207
0.910376
0.9080689
0.9058007
0.9078906
0.9112216
0.9051303
0.8955844
0.9073714
0.9053115
0.903746
0.9032776
0.8954749
0.895399
0.8987625
0.8890554
0.8938853
0.8944412
0.891068
0.8906476
0.8942719
0.8928118
0.8892093
0.8919644
0.8944162
0.8907447
0.8900087
0.8886582
0.889882
0.8940721
0.8951383
0.8937202
0.8934385
0.8963048
0.9032316
0.9058388
0.9118746
0.9126662
0.9155959
0.9016583
0.8992725
0.9004818
0.905286
0.9052202
0.9061432
0.9082415
0.9055834
0.9195643
0.9045852
0.9021102
0.9364481
0.8956008
0.8950874
0.9342389
0.9258472
0.9084641
0.9219697
0.8920505
0.8962187
0.903397
0.8922343
0.9111103
0.896696
0.8993303
0.8983852
0.89913
0.8977844
0.8997783
0.897698
0.898442
0.8982886
0.8974524
0.8968546
0.8968987
0.898616
0.8943932
0.9058765
0.8961872
0.9115906
0.8965141
0.9061318
0.9238421
0.9106036
0.9036106
0.9159637
0.8943921
0.8917976
0.8939075
0.8983614
0.9214012
0.9242949
0.8958916
0.8944331
0.8930586
0.8930143
0.8865399
0.8897053
0.9133395
0.9102291
0.9204959
0.8937489
0.9131033
0.9109804
0.8987682
0.89908
0.8933231
0.8966102
0.8934086
0.9065833
0.9058305
0.898883
0.9020663
0.8797422
0.8854213
0.8903481
0.8814374
0.8791139
0.905866
0.9035377
0.9036774
0.9053301
0.906333
0.9034939
0.9053471
0.9071845
0.9047414
0.90337
0.9068573
0.9051743
0.9068149
0.9067991
0.907479
0.9063374
0.9054808
0.9099847
0.9103079
0.9123102
0.9198467
0.9183025
0.9041437
0.9063857
0.9025416
0.9072218
0.905784
0.9046916
0.9080893
0.9039319
0.9264399
0.9038705
0.9069475
0.9414204
0.9007147
0.902591
0.9367193
0.9318308
0.9179083
0.9206927
0.9018257
0.9087441
0.9100198
0.9059739
0.9077834
0.9006834
0.9040334
0.8994098
0.9009183
0.9008963
0.9030008
0.9009133
0.90062
0.9072309
0.9101807
0.9029655
0.9079715
0.9116555
0.9044904
0.9127387
0.9056816
0.9171358
0.9016144
0.9123612
0.9312574
0.9130481
0.9058836
0.9185172
0.9038816
0.9061173
0.9036553
0.9071621
0.9228469
0.9220396
0.9081983
0.904628
0.8992097
0.8970702
0.8960635
0.8997751
0.9153655
0.9202255
0.9182251
0.9030586
0.913795
0.9052821
0.9100988
0.9092809
0.9049674
0.9055791
0.8972291
0.9022043
0.9136595
0.9010112
0.9091201
0.890409
0.8961489
0.8969925
0.8884182
0.8895769
0.9069353
0.9046956
0.9050694
0.9045244
0.9034042
0.9032014
0.9045415
0.9056388
0.9031887
0.9053618
0.9054214
0.9059356
0.9050281
0.9046202
0.9045179
0.9062366
0.9068259
0.9070795
0.9065188
0.9109433
0.9154187
0.9185944
0.9059762
0.900295
0.9086462
0.9124328
0.9173328
0.9163236
0.9172339
0.9106717
0.9201508
0.9101792
0.9073537
0.9358401
0.9067408
0.9059767
0.9361186
0.9254199
0.911716
0.9161351
0.8980083
0.9021679
0.9068495
0.9027283
0.9123653
0.8965931
0.9002691
0.900443
0.8988674
0.9022035
0.9017125
0.9098896
0.910033
0.9048574
0.9008041
0.9005995
0.9019066
0.9031413
0.9007206
0.9070162
0.9035599
0.9125082
0.9088687
0.906463
0.9293578
0.916379
0.9039375
0.909788
0.9014864
0.9005304
0.8994399
0.9082323
0.9242201
0.922848
0.9030582
0.901203
0.8975065
0.9016442
0.8967186
0.8961954
0.9135137
0.9143695
0.9160487
0.9071133
0.9176742
0.9153319
0.9025592
0.9033221
0.900414
0.9011902
0.8970674
0.9109002
0.9153655
0.9130813
0.9041685
0.8961048
0.8957491
0.8994675
0.895421
0.8966538
0.908057
0.9037801
0.9043905
0.9061625
0.905318
0.9057543
0.9049998
0.9056273
0.9028158
0.9061759
0.9064319
0.9058466
0.9022941
0.9032664
0.9063497
0.908769
0.9094279
0.9133198
0.9125536
0.9141021
0.921731
0.9254778
0.9089114
0.913051
0.9103704
0.9084753
0.9094045
0.9092881
0.9100508
0.9115275
0.9255108
0.9069977
0.9109792
0.9404276
0.9014064
0.901471
0.9386124
0.9343518
0.91406
0.9240855
0.9083961
0.9111469
0.911084
0.9078073
0.9146069
0.9095302
0.9076918
0.9098225
0.9114367
0.9079062
0.9083613
0.9115314
0.9105411
0.9145104
0.9158224
0.9118697
0.9112515
0.9148777
0.9119032
0.9112107
0.9125441
0.9127378
0.9119623
0.9167995
0.9327827
0.9172723
0.906737
0.9164957
0.9121522
0.9114898
0.9135798
0.908501
0.9237988
0.9216664
0.9117797
0.9096767
0.9060925
0.9049663
0.9043555
0.9025341
0.9198177
0.9231904
0.9217278
0.9100565
0.9151405
0.914532
0.9135024
0.9127533
0.9074697
0.9142389
0.9039449
0.9126382
0.912025
0.9062466
0.9130884
0.8943801
0.8988895
0.9036378
0.8925059
0.891709
0.9101027
0.9051329
0.9043648
0.9029327
0.9049035
0.9016651
0.9027111
0.9076236
0.9024966
0.9013043
0.9035225
0.9038962
0.9019301
0.902354
0.9036048
0.9070868
0.9111311
0.9165565
0.9157013
0.9140471
0.9228774
0.9251433
0.9123935
0.9130252
0.9109522
0.9171733
0.9176406
0.9181751
0.9208586
0.9200815
0.9274397
0.9148859
0.9135207
0.9421685
0.9086937
0.9092112
0.9372326
0.9310756
0.9196928
0.9321951
0.9061275
0.9053206
0.9071951
0.9037974
0.9201965
0.9057286
0.9079351
0.9092896
0.9091705
0.9075928
0.9077737
0.9120032
0.912699
0.9089334
0.9087727
0.9129787
0.9057321
0.9081216
0.9065561
0.9157216
0.9096605
0.9204032
0.9125566
0.9149058
0.9316955
0.9252782
0.911907
0.921733
0.9062136
0.9063124
0.9051445
0.9135429
0.9283898
0.9266994
0.9071268
0.8992684
0.8986938
0.9050668
0.900205
0.9025314
0.9171105
0.9220696
0.9283572
0.9124524
0.9243832
0.9174374
0.9087222
0.9086814
0.904673
0.9097961
0.9050417
0.9186402
0.9189608
0.9138981
0.9100472
0.9008518
0.9011952
0.9050104
0.8976778
0.8989638
0.9098625
0.9069884
0.9075603
0.9062365
0.9054264
0.9040369
0.9037584
0.9114962
0.9023126
0.9038712
0.9056768
0.9065085
0.9050029
0.9052247
0.9072525
0.9089764
0.9122129
0.9194202
0.9163736
0.9191591
0.9245672
0.9249832
0.9134377
0.9181619
0.9153416
0.9238297
0.9232957
0.9235571
0.9280032
0.9242645
0.9294462
0.9193016
0.9139731
0.9353997
0.9110835
0.9114021
0.9378869
0.9314623
0.9233475
0.931796
0.9048124
0.9062592
0.9099269
0.9024811
0.9228781
0.9034588
0.9076962
0.90435
0.9062215
0.9050802
0.9059424
0.9168404
0.9166337
0.9026501
0.9042816
0.9033084
0.8978227
0.9052403
0.9045604
0.9196337
0.9078306
0.925365
0.9163816
0.9085716
0.9336822
0.9253453
0.9120496
0.9183246
0.9019908
0.9053261
0.9026455
0.9158634
0.9320583
0.9300368
0.9057208
0.9050277
0.8981896
0.9086194
0.8984256
0.9038042
0.9242183
0.9212297
0.9212184
0.9163965
0.929721
0.9177984
0.9024338
0.9024172
0.9104077
0.9020873
0.9081681
0.9244092
0.9212038
0.9192562
0.9040962
0.8990249
0.8993225
0.9034341
0.8999707
0.897854
0.9141665
0.9121549
0.912139
0.9069124
0.9091966
0.9068611
0.9083206
0.9124427
0.9081455
0.9096298
0.9070666
0.9107756
0.9099191
0.9099024
0.9104288
0.9109348
0.9146508
0.9198395
0.9184338
0.9205594
0.9285263
0.9223
0.918169
0.9172702
0.9162852
0.930676
0.9340251
0.9334063
0.9329751
0.9292051
0.9307279
0.9245439
0.9200547
0.9379834
0.918259
0.9181518
0.938622
0.9305394
0.9244046
0.9331673
0.9110647
0.905809
0.9097184
0.900534
0.9255103
0.9073741
0.911867
0.9147191
0.9119467
0.9094078
0.9095873
0.9191232
0.9193461
0.9091107
0.9069449
0.9107123
0.8997658
0.9062671
0.9046242
0.9201661
0.9075624
0.9296235
0.9187054
0.9134324
0.9348819
0.9303296
0.9177855
0.9207064
0.9019529
0.9026704
0.9020499
0.9150814
0.9342328
0.9376712
0.9094004
0.9080085
0.9036453
0.9171576
0.9117178
0.9059848
0.9238684
0.9210075
0.9270316
0.9143128
0.9364083
0.924485
0.9080696
0.9081489
0.9108809
0.9036932
0.9097095
0.9300021
0.9258425
0.9227279
0.9013148
0.9053322
0.9066124
0.9071158
0.904697
0.9057028
0.8641603
0.8655558
0.8646121
0.8672919
0.8646388
0.8672596
0.865851
0.8688501
0.8667651
0.8685202
0.86322
0.8660116
0.8698549
0.8695972
0.8637793
0.8675143
0.8658348
0.0542332
0.8982676
0.9004531
0.9063453
0.8852643
0.9048556
0.8938392
0.9014125
0.8972428
0.8966242
0.8985187
0.9016813
0.9071761
0.8816779
0.9061157
0.9072062
0.919442
0.8935804
0.892983
0.9108473
0.9007487
0.8754759
0.9154974
0.8781461
0.9159402
0.9090487
0.9050578
0.9088077
0.8946509
0.8978777
0.8970167
0.8974378
0.8977763
0.8978875
0.903704
0.903454
0.9037439
0.9042189
0.9118142
0.9029598
0.8848808
0.901033
0.8932094
0.9019636
0.905674
0.9016388
0.906009
0.9066229
0.8396591
0.8966964
0.8832259
0.903614
0.9055619
0.9060556
0.906406
0.8944897
0.8936802
0.916304
0.9088382
0.9092027
0.9087742
0.9075052
0.9008996
0.8764964
0.8918929
0.9131063
0.9009769
0.9104715
0.9079294
0.9053508
0.9075216
0.9106145
0.9052628
0.8960405
0.9071939
0.9055571
0.9038812
0.9026271
0.8946093
0.8955327
0.8988123
0.8893518
0.8934549
0.8985654
0.8966377
0.8967784
0.8968597
0.8944343
0.895806
0.8950334
0.900886
0.894377
0.8961818
0.8940332
0.8951426
0.8954557
0.8953619
0.8963841
0.8979799
0.8983253
0.9073763
0.9058748
0.9080314
0.9154801
0.9168704
0.8440479
0.9001694
0.7306431
0.8988835
0.8975608
0.9017993
0.902493
0.8663934
0.918072
0.872116
0.8706285
0.9375635
0.85777
0.8555777
0.9327939
0.9257535
0.9085515
0.9194341
0.8957208
0.9078633
0.8708533
0.8616178
0.8525366
0.8316099
0.8300933
0.8257617
0.8291373
0.8345661
0.8338108
0.7759437
0.776551
0.9007551
0.9002468
0.8772695
0.9024197
0.9040943
0.8998852
0.9004035
0.8985158
0.9052935
0.7724631
0.9067575
0.9276127
0.9117083
0.8986501
0.9133897
0.8963893
0.897885
0.8961398
0.8525333
0.9197963
0.9228307
0.9058375
0.9042143
0.9026263
0.9014791
0.8957892
0.9009342
0.9076515
0.9108689
0.9157366
0.7623263
0.9112335
0.8813441
0.9042111
0.9022298
0.9099526
0.9028895
0.8298378
0.8898078
0.8873929
0.8791399
0.9032305
0.8858742
0.8889257
0.8917756
0.8854911
0.8830131
0.8995757
0.9003881
0.9011601
0.9006285
0.9000542
0.8985581
0.9032212
0.8985262
0.9011873
0.9019466
0.9028394
0.8985914
0.8981187
0.8994183
0.9001119
0.9008616
0.9009598
0.9029133
0.9074813
0.9099523
0.9137998
0.9201467
0.8778225
0.904817
0.8776207
0.8806466
0.8833659
0.8826965
0.8836417
0.8704177
0.9183645
0.8802231
0.8828409
0.9450546
0.8645679
0.8657797
0.940084
0.9331876
0.9074705
0.9172198
0.9020273
0.9127811
0.8986467
0.8907213
0.8869195
0.8776556
0.8848146
0.881963
0.8838648
0.8854956
0.8838913
0.8794143
0.879645
0.9102839
0.9121512
0.8948892
0.9149731
0.9147276
0.9024974
0.9067352
0.9036582
0.9042372
0.8787385
0.9147659
0.9293429
0.9040455
0.8996846
0.9177273
0.9116854
0.9126995
0.910738
0.8847705
0.9082962
0.9104536
0.9104728
0.9075031
0.9083646
0.8968641
0.9011557
0.9011941
0.9083598
0.9201636
0.9142639
0.8788687
0.8953806
0.8881341
0.9143525
0.9149416
0.9053284
0.9085632
0.8767512
0.8490389
0.8509651
0.821196
0.9133625
0.885834
0.8922208
0.8943479
0.8841314
0.8869006
0.9001635
0.8998178
0.9001264
0.898746
0.8997981
0.8981241
0.8986413
0.8980946
0.900396
0.8981742
0.8996406
0.9003348
0.8991961
0.899099
0.8982537
0.9021492
0.8981136
0.9005541
0.9048199
0.9017508
0.9076788
0.9198292
0.8940387
0.8962026
0.8964476
0.8637952
0.8651632
0.8680976
0.8719737
0.8855262
0.9198682
0.8959825
0.898465
0.945742
0.8826162
0.8810528
0.9422352
0.9309402
0.9076725
0.9220507
0.8947468
0.9128459
0.9097921
0.9049378
0.9011855
0.8986234
0.8964838
0.8963378
0.8985288
0.8974223
0.8954506
0.891408
0.8921046
0.9157159
0.9209811
0.9022746
0.9197244
0.9143373
0.9080582
0.9006671
0.9118722
0.904052
0.8927598
0.9232845
0.9299219
0.9051839
0.8937463
0.9163738
0.9109416
0.9099347
0.9082183
0.9067113
0.9108583
0.9055316
0.9131629
0.9036491
0.9064982
0.8866394
0.8972224
0.8970166
0.9071799
0.9122272
0.9115292
0.8929369
0.8787761
0.9020669
0.9216578
0.9218784
0.9028666
0.9157953
0.8847128
0.8875211
0.8945911
0.8753752
0.921197
0.8808969
0.8868263
0.89184
0.8768021
0.8817175
0.8894788
0.8871028
0.8869989
0.8908901
0.8895898
0.8874873
0.8853
0.8898179
0.8893244
0.8877742
0.8900011
0.8874493
0.8887395
0.8893076
0.8858009
0.8924695
0.8895083
0.8962996
0.9007261
0.9036893
0.9093037
0.9125268
0.8948603
0.8921715
0.896831
0.8772256
0.8755621
0.8765566
0.8817498
0.8959445
0.9144225
0.9009982
0.9014256
0.9443772
0.8841463
0.8862259
0.9365146
0.9285714
0.9054187
0.9181952
0.8843426
0.9082638
0.9031923
0.891844
0.8981901
0.8893737
0.8940925
0.8963104
0.8959997
0.8960192
0.8955157
0.8937124
0.8945639
0.9019283
0.9112903
0.9039792
0.9098028
0.902143
0.8978453
0.899792
0.9008462
0.9035562
0.8917338
0.9146732
0.9317543
0.9044225
0.8957189
0.911601
0.906369
0.9068312
0.9061313
0.9054054
0.9080917
0.9085151
0.9052493
0.8959153
0.8985305
0.8877395
0.8959702
0.8916502
0.9066769
0.911478
0.9121574
0.8895777
0.892635
0.8969301
0.9103012
0.9077605
0.9049281
0.9074427
0.8908356
0.8950551
0.9007265
0.8848668
0.9114511
0.8847052
0.8837473
0.8909405
0.8777189
0.8810013
0.9074916
0.9033041
0.9037172
0.904383
0.9040502
0.9027052
0.9040075
0.9053799
0.9026946
0.9043553
0.9037468
0.9024303
0.9055915
0.9053411
0.9042983
0.9019755
0.9053187
0.909304
0.9004819
0.907327
0.906384
0.9133569
0.9126978
0.8986933
0.9090876
0.9038292
0.9046115
0.9035595
0.9038363
0.9110281
0.9190915
0.9154287
0.9119929
0.9330977
0.9101176
0.9113791
0.9346043
0.9227468
0.9126412
0.9240071
0.9027894
0.9147923
0.9156326
0.9105436
0.9137553
0.912199
0.9115194
0.9104596
0.9083009
0.912864
0.9127238
0.909625
0.9098463
0.9124596
0.9147458
0.9111686
0.9154979
0.9059047
0.9110609
0.9066427
0.9128174
0.911429
0.9080947
0.9146001
0.9243422
0.9119777
0.9043772
0.9136871
0.9095798
0.90951
0.9103155
0.9141019
0.917427
0.9176942
0.915321
0.9125599
0.9107939
0.9132548
0.9076693
0.9135198
0.9089584
0.9154443
0.9167585
0.9122122
0.9087837
0.9141396
0.9138059
0.9150811
0.9140247
0.9130759
0.9085718
0.9128301
0.919213
0.9107182
0.9176558
0.9042752
0.9050179
0.9071281
0.9024929
0.9025656
0.9025816
0.9031286
0.9039168
0.9052907
0.9036941
0.901735
0.9038525
0.9031724
0.9063007
0.9065958
0.9064955
0.9045677
0.9059287
0.9064364
0.9064513
0.9060832
0.9011686
0.9051047
0.9108756
0.9106925
0.9159968
0.927229
0.904032
0.9095857
0.9015276
0.8798883
0.8811292
0.8811294
0.8831853
0.8968961
0.9224845
0.9003647
0.9085592
0.9455511
0.8905265
0.8948226
0.9418918
0.9362978
0.9114457
0.9211669
0.9063979
0.9245563
0.9207475
0.9167498
0.9048004
0.9048115
0.9064885
0.9061268
0.9051027
0.9105607
0.9095695
0.9017771
0.9014357
0.9206205
0.9250895
0.9154893
0.9267711
0.9219374
0.9192524
0.9069269
0.9206693
0.9068164
0.8989733
0.9315083
0.9298622
0.9070141
0.9053849
0.9196438
0.9233575
0.9235942
0.9241758
0.915008
0.9123095
0.9099457
0.916521
0.9126679
0.9140101
0.8975575
0.9107029
0.9067475
0.9116658
0.9226384
0.9163299
0.9037332
0.8879853
0.9074981
0.9252733
0.9267063
0.9090201
0.924531
0.899166
0.8967337
0.9052506
0.8854462
0.9314817
0.8937062
0.8971018
0.8998212
0.8882963
0.8945901
0.9012355
0.8955912
0.8963339
0.8979012
0.8988862
0.8970906
0.9003635
0.8991085
0.8969816
0.8983483
0.8988522
0.8986153
0.8972164
0.897122
0.897182
0.9005407
0.8987278
0.9036762
0.9022871
0.9009256
0.9110333
0.9140196
0.9016525
0.8971707
0.8955761
0.8756825
0.8756763
0.8762253
0.8764983
0.8937429
0.9161363
0.902972
0.9022682
0.9425827
0.8904329
0.8913084
0.9348269
0.9277265
0.9096517
0.9171644
0.8931795
0.9111316
0.9109502
0.9015441
0.9050364
0.8981801
0.8986946
0.8937975
0.8960153
0.9037511
0.904057
0.8961586
0.8967905
0.9106539
0.9167227
0.9063412
0.9165713
0.906381
0.907298
0.8966163
0.9080648
0.9027209
0.8944698
0.9169016
0.922488
0.9028403
0.8948688
0.9111668
0.911987
0.9100231
0.9103254
0.9045514
0.9065736
0.906093
0.9070435
0.9062837
0.9024066
0.8935424
0.9004611
0.9027814
0.9045832
0.9165895
0.9081761
0.8931767
0.8845995
0.9045981
0.9165185
0.9164098
0.9058738
0.9122561
0.8971207
0.8931997
0.8996423
0.8874559
0.9166607
0.8901293
0.8960738
0.8976381
0.885019
0.8899896
0.8969773
0.8976165
0.898371
0.8964763
0.8964204
0.8947854
0.8987859
0.9018909
0.8993529
0.8977641
0.8978635
0.8962453
0.8967474
0.8978601
0.8976849
0.8953509
0.8984821
0.8964537
0.8959647
0.8985642
0.8994328
0.9116284
0.89945
0.8896853
0.8992248
0.8745616
0.8762139
0.8801674
0.8770876
0.8990652
0.9124348
0.9021984
0.9024065
0.9323617
0.8938056
0.8956831
0.9313522
0.9216536
0.9044072
0.9112684
0.8937478
0.9082893
0.9038949
0.9018257
0.9059585
0.9014179
0.9031253
0.9004145
0.8991901
0.9012372
0.9021197
0.9004764
0.900734
0.9048768
0.9071446
0.9071529
0.9084988
0.9038933
0.9092699
0.8971325
0.9038434
0.8994459
0.8996427
0.915884
0.9179401
0.9043696
0.8968915
0.9029986
0.9011614
0.9009256
0.902686
0.9054953
0.9077837
0.90542
0.9052317
0.9047533
0.9040276
0.8965691
0.9001904
0.8985705
0.9047204
0.9041053
0.9088597
0.8932702
0.8903808
0.9097338
0.9079217
0.9090909
0.9037273
0.9045653
0.8971606
0.893874
0.9029387
0.8923587
0.9110548
0.8906016
0.8910661
0.8971524
0.8859504
0.8870794
0.8963628
0.8979335
0.8973989
0.894039
0.8954661
0.8934967
0.8942189
0.8981695
0.8952485
0.896528
0.8975901
0.8979173
0.8930349
0.8941868
0.8944487
0.8988772
0.8983863
0.9012177
0.9092267
0.9026346
0.9077449
0.9229877
0.8983825
0.8988293
0.8944022
0.8680895
0.8653325
0.8673438
0.8732288
0.9001371
0.9230017
0.9004134
0.90317
0.9437546
0.8938611
0.8939142
0.9398894
0.9321016
0.9094033
0.9207754
0.8927849
0.9071835
0.9060468
0.9046214
0.907123
0.8946945
0.8997555
0.8966349
0.8959684
0.9027363
0.9012049
0.8961914
0.8956937
0.9123796
0.9155168
0.909587
0.9182008
0.9106479
0.9110528
0.9043645
0.9121505
0.9054908
0.8974536
0.9195955
0.9303013
0.9067389
0.9044193
0.916419
0.9108986
0.9123448
0.9117099
0.9062612
0.9151425
0.9154561
0.906924
0.8983511
0.9066472
0.8883591
0.8983088
0.9006671
0.9141761
0.9192803
0.9149356
0.895774
0.8869533
0.9015725
0.914309
0.9161209
0.9008228
0.911834
0.8974707
0.8963581
0.9048663
0.8854734
0.917521
0.8880047
0.8919394
0.8955792
0.8876351
0.8879329
0.9073169
0.9074181
0.9077155
0.9066286
0.9061743
0.905345
0.9089335
0.906718
0.9077351
0.9082234
0.9076906
0.9076851
0.9040461
0.9050617
0.903491
0.9085832
0.9059472
0.9070696
0.9092439
0.9053311
0.9109216
0.9250777
0.9050419
0.9032144
0.904234
0.8603949
0.8642384
0.8630274
0.863029
0.8969249
0.9173673
0.9010111
0.9033042
0.94574
0.8918335
0.893575
0.9434492
0.9308522
0.9119835
0.9146765
0.9099953
0.920766
0.9209573
0.9090079
0.9083037
0.9076817
0.9088093
0.9070598
0.9054983
0.9121558
0.9099174
0.8965618
0.8968298
0.9217153
0.9281135
0.9162718
0.9287634
0.9224304
0.9204429
0.9090294
0.9194031
0.896848
0.8943051
0.9271319
0.926361
0.9017735
0.9040921
0.9166399
0.9209686
0.9214796
0.9208945
0.9116153
0.90634
0.9058988
0.9142805
0.9146477
0.9186977
0.8994986
0.9150701
0.9115334
0.9110322
0.9232675
0.9149151
0.8994176
0.8710646
0.9114207
0.9264939
0.9281181
0.910726
0.9268033
0.9000847
0.8897678
0.8993666
0.8811993
0.9290712
0.8949319
0.9037324
0.9041289
0.8954976
0.898084
0.8977805
0.8969736
0.8969157
0.8996879
0.8978118
0.8983417
0.9046174
0.8991386
0.9015431
0.9008395
0.8992025
0.9001464
0.9004729
0.9001827
0.8976347
0.9031026
0.8971467
0.9007492
0.8982815
0.894564
0.9051328
0.9152602
0.8936655
0.8960264
0.8909547
0.8580495
0.8591684
0.8569079
0.8638151
0.888201
0.9177868
0.8883348
0.8962105
0.9423622
0.886661
0.8869902
0.9338423
0.9280795
0.9063845
0.9109522
0.8987153
0.9135606
0.9131457
0.9060221
0.8958438
0.8967866
0.8996087
0.8943447
0.8939587
0.9000652
0.8993774
0.8859217
0.8871638
0.9153746
0.918479
0.907215
0.921954
0.9139743
0.9124385
0.8965236
0.9086375
0.8969086
0.8863686
0.9240745
0.9246371
0.904181
0.8940578
0.9121848
0.9129645
0.9129616
0.9145705
0.9015624
0.9027264
0.9005407
0.9104818
0.9073355
0.9043848
0.8869762
0.9041286
0.900472
0.9043432
0.9135594
0.9095557
0.8897428
0.8717228
0.8986537
0.9216104
0.9205835
0.9017406
0.9199536
0.8903944
0.8866905
0.8950259
0.8767773
0.9216223
0.8860362
0.8931375
0.8952496
0.8818031
0.885624
0.8997146
0.8991794
0.8991612
0.8944333
0.8958667
0.8963979
0.8985528
0.8988597
0.9006168
0.8978179
0.896514
0.8942433
0.8974499
0.8975963
0.8933927
0.8989331
0.898599
0.8968642
0.8958394
0.8960863
0.9011479
0.9183471
0.9005603
0.8943379
0.8984409
0.8501911
0.8522489
0.8542969
0.8567299
0.8919215
0.9160664
0.8970196
0.9043588
0.939212
0.8867072
0.8900693
0.9356894
0.92768
0.9045967
0.911175
0.8931368
0.9142626
0.9120653
0.9049885
0.9035593
0.9003072
0.9010663
0.8960309
0.8959284
0.9011247
0.9017155
0.8895272
0.8898789
0.9133613
0.9164987
0.912385
0.9187398
0.9124834
0.9103935
0.8996558
0.9105782
0.8978889
0.8877272
0.9173701
0.9226
0.8969966
0.8957336
0.9071962
0.9120387
0.9117647
0.9106151
0.9031452
0.9037589
0.898694
0.9082666
0.9086562
0.9063028
0.895064
0.9037465
0.9042255
0.9027472
0.9130016
0.910368
0.8975129
0.8726453
0.9067946
0.9182537
0.9175651
0.9060542
0.9116823
0.894015
0.888156
0.8984911
0.879365
0.9160864
0.8920071
0.8945666
0.8984499
0.8890329
0.8916759
0.8984335
0.8984958
0.8977473
0.8973865
0.8994459
0.8942172
0.8996454
0.8971949
0.8986546
0.897146
0.9000222
0.8966522
0.897507
0.8978596
0.8988557
0.9006374
0.8984723
0.9019299
0.9009629
0.9009865
0.9033308
0.9176509
0.8990812
0.8925
0.8994162
0.6592507
0.6705263
0.6773384
0.6963519
0.8909794
0.9192942
0.900993
0.9054968
0.9410381
0.8876792
0.8889479
0.9384298
0.9301284
0.9052482
0.918011
0.9035019
0.9183992
0.9173336
0.9112106
0.9044395
0.9032677
0.9010211
0.900216
0.8979821
0.9041427
0.9027019
0.894625
0.8959264
0.9197392
0.9206645
0.910765
0.9217231
0.9187434
0.9163934
0.9048172
0.9165688
0.8962966
0.8927369
0.923985
0.9253715
0.9010836
0.8992795
0.9100764
0.9189258
0.9190211
0.920545
0.9082841
0.9040003
0.9005053
0.9139801
0.912555
0.9146183
0.8979607
0.9040771
0.9053445
0.9043797
0.9192688
0.9103598
0.8973662
0.8678617
0.9076077
0.9276549
0.9283427
0.9074698
0.9209136
0.8915558
0.8894563
0.8968404
0.8743595
0.9242965
0.8926758
0.8985286
0.9018327
0.890076
0.8938
0.8958809
0.896022
0.8960432
0.8968442
0.8970674
0.8942107
0.8971038
0.8939719
0.8987323
0.8968482
0.8983957
0.8944808
0.8949133
0.8959857
0.8945586
0.8974871
0.8956361
0.901634
0.9036045
0.9009841
0.9032109
0.9196315
0.8973854
0.8995788
0.9001643
0.8425058
0.8418455
0.8431426
0.8530855
0.8871246
0.9199367
0.8951164
0.9002141
0.9422983
0.88492
0.8878313
0.9399301
0.9319213
0.9070481
0.9158133
0.9004804
0.9212492
0.9181022
0.9136792
0.9003033
0.9007014
0.9001722
0.8978073
0.8990021
0.9052048
0.9043903
0.8910367
0.8913059
0.9221453
0.9242722
0.9133534
0.9305291
0.9169345
0.9210257
0.9022839
0.9175492
0.9018922
0.8885077
0.9280352
0.9266599
0.8979069
0.900128
0.9162371
0.9207088
0.9201028
0.9199028
0.9061067
0.9029993
0.8994019
0.9167182
0.9089259
0.9117239
0.8917205
0.9094255
0.9045387
0.9030548
0.9152675
0.9096691
0.894675
0.8615308
0.9013554
0.9241831
0.927211
0.9064013
0.923792
0.8942975
0.8895719
0.8989964
0.8744938
0.9281177
0.8889461
0.8984881
0.89863
0.8879218
0.8904845
0.8927087
0.8926488
0.8923868
0.8904522
0.891128
0.8914429
0.8943304
0.8908187
0.8945597
0.893461
0.8937683
0.8939195
0.8906996
0.8921504
0.8902627
0.8958911
0.8927007
0.8967498
0.9010652
0.895378
0.8999463
0.9182569
0.8966313
0.8945735
0.8951669
0.8525716
0.8554226
0.8559151
0.8597039
0.8907757
0.9156247
0.9002121
0.9049414
0.9410462
0.8844293
0.8863091
0.9369717
0.9251233
0.9030497
0.9135005
0.8938289
0.9118341
0.9056136
0.902883
0.902394
0.9025765
0.900882
0.8976595
0.8974784
0.9001728
0.8993935
0.886346
0.8869475
0.9102407
0.9158656
0.9084677
0.92004
0.9116313
0.9088371
0.8979658
0.9072831
0.8987119
0.8886133
0.9182042
0.9222941
0.8987589
0.896843
0.9106003
0.9081725
0.9115757
0.9097916
0.904124
0.9048512
0.902991
0.9069365
0.9029449
0.9011953
0.890093
0.8990716
0.900342
0.9014968
0.9142939
0.911706
0.8912899
0.8704776
0.9022201
0.9188555
0.91847
0.9046853
0.9150097
0.8959775
0.8901251
0.8958491
0.87707
0.9183134
0.8876562
0.8926065
0.891856
0.882711
0.884591
0.8996347
0.8955819
0.8959171
0.9000071
0.8992439
0.8959822
0.8985331
0.8953016
0.9017327
0.9009947
0.8982276
0.8964682
0.8973718
0.8983414
0.8996938
0.9003949
0.8980303
0.8978953
0.9017204
0.8971943
0.9041885
0.9184612
0.8983397
0.8952055
0.8990559
0.8685112
0.8674137
0.8681596
0.8699959
0.8980705
0.9160716
0.9002648
0.9060971
0.9386143
0.8948842
0.8940924
0.933758
0.9241791
0.9034277
0.9161031
0.8962588
0.9121085
0.909556
0.9071651
0.9068505
0.9045797
0.9033659
0.8998275
0.9000504
0.902517
0.9019523
0.892637
0.8939372
0.9139895
0.9154421
0.910561
0.9161553
0.9122102
0.9096639
0.9021281
0.9111127
0.9018597
0.8935257
0.920371
0.9226726
0.901604
0.8991256
0.9138667
0.9116177
0.9132705
0.9101434
0.9053383
0.9069284
0.9064566
0.9110472
0.9037408
0.9092445
0.8965605
0.9050608
0.9047343
0.909299
0.915645
0.9093157
0.8971159
0.882676
0.9059653
0.9165214
0.9170544
0.9039756
0.9141411
0.8977585
0.898962
0.8979699
0.8891212
0.9151407
0.8913898
0.8964126
0.899748
0.8882222
0.8910201
0.8956404
0.8940085
0.8943929
0.8951923
0.8944858
0.8949752
0.8980801
0.8929094
0.8979047
0.8947484
0.8984924
0.8947157
0.8955563
0.8961895
0.8947542
0.8950355
0.8931314
0.8987521
0.8999964
0.9007399
0.9054078
0.915829
0.9024283
0.896852
0.8991396
0.8538825
0.8545929
0.8540129
0.8586738
0.8947793
0.9169356
0.8983182
0.9016441
0.9396549
0.8914384
0.8911562
0.9351117
0.9251122
0.9038109
0.9151976
0.8986402
0.9146377
0.9121864
0.9065221
0.9053008
0.9019421
0.8989813
0.8974946
0.8979645
0.9036525
0.9039196
0.8913365
0.890377
0.915909
0.9166785
0.9072142
0.9219448
0.9131156
0.913851
0.8981632
0.9097777
0.8965322
0.8908108
0.9188716
0.9192511
0.9014691
0.897946
0.9111391
0.9140911
0.9139276
0.913328
0.9075176
0.9082618
0.9039919
0.9093356
0.9111566
0.9063146
0.896419
0.9052522
0.9030039
0.9095467
0.9156532
0.9091357
0.8937294
0.8758977
0.9041056
0.9180188
0.9184036
0.9053831
0.9180869
0.8945765
0.8904285
0.8988179
0.8819836
0.9208749
0.8890288
0.8947602
0.8975239
0.8866714
0.892597
0.9086035
0.9063257
0.9070388
0.9069382
0.9061088
0.9069273
0.9068774
0.9079451
0.909785
0.9083404
0.9094369
0.9093076
0.9096985
0.9086461
0.9058487
0.9076539
0.9084594
0.9082488
0.9085345
0.9044895
0.9100688
0.9196518
0.9115979
0.9037114
0.9085269
0.8814502
0.8843628
0.8825924
0.8847115
0.9080314
0.9237285
0.910385
0.9148332
0.9358617
0.9058241
0.9058942
0.9339094
0.9240746
0.9118588
0.9202065
0.9024207
0.9162519
0.9158339
0.9142928
0.916211
0.9116773
0.912356
0.9090683
0.9095336
0.9128725
0.9118095
0.906971
0.907074
0.9142247
0.9187744
0.915162
0.9177423
0.91146
0.919935
0.9088981
0.9163933
0.9078956
0.9060713
0.9227117
0.9252397
0.9112383
0.9080917
0.9154248
0.9201388
0.9182238
0.9191241
0.9137514
0.9198182
0.9159112
0.9155291
0.9155868
0.916717
0.9105291
0.9151778
0.9117668
0.9156025
0.9185812
0.9158332
0.9051887
0.8920808
0.9176972
0.9153886
0.9177613
0.9107061
0.9189943
0.9075072
0.9089605
0.9097487
0.9034085
0.9192981
0.9056791
0.9032166
0.9095672
0.8996092
0.9026321
0.899543
0.9007805
0.9026614
0.8969873
0.8963544
0.9008731
0.902063
0.9002544
0.9008696
0.8959652
0.9003262
0.9000369
0.8972313
0.897994
0.8966643
0.9001294
0.89604
0.9013882
0.9072052
0.9016049
0.9108269
0.9203831
0.8998329
0.9027043
0.8993919
0.8536343
0.8545829
0.8552194
0.8590383
0.8931164
0.9207271
0.8988864
0.9029445
0.9446523
0.8909084
0.8915059
0.9425989
0.9371368
0.9158362
0.919017
0.901974
0.9185569
0.9181595
0.9118302
0.9033444
0.9037045
0.9039114
0.9016302
0.9015769
0.9065789
0.9057481
0.8957003
0.8963856
0.9209161
0.9248766
0.911583
0.9299924
0.9192915
0.9184167
0.9043719
0.9203741
0.8986726
0.8950541
0.9252407
0.9305253
0.9034811
0.9010116
0.9173554
0.9199517
0.9198075
0.9204301
0.9116115
0.9087586
0.9086235
0.9173105
0.9112185
0.9142793
0.8964261
0.9076159
0.9086268
0.9118528
0.9173491
0.9153931
0.8988169
0.8708453
0.9104948
0.9274494
0.9271831
0.9079172
0.9236926
0.8968021
0.8908828
0.8993005
0.875555
0.9277608
0.89602
0.8965633
0.9027207
0.8939035
0.8965841
0.8973068
0.8939612
0.8948734
0.8968865
0.8960152
0.8932455
0.8987253
0.8918529
0.8973178
0.8953345
0.8960961
0.8952611
0.8954094
0.8954741
0.895222
0.8948313
0.8940123
0.8988674
0.8994495
0.8938576
0.9054907
0.9174447
0.8985354
0.8977569
0.8988518
0.8552858
0.8570735
0.8547239
0.8599941
0.8944292
0.9116387
0.8948262
0.8981729
0.9351401
0.8875806
0.8875023
0.9331887
0.9278288
0.9038428
0.9118171
0.8977055
0.9147015
0.9135583
0.9089885
0.9009977
0.9000706
0.9016973
0.8965664
0.8964684
0.9050825
0.9030585
0.8917873
0.891772
0.9152097
0.9197234
0.9080339
0.9203877
0.9125221
0.9143534
0.901121
0.9088485
0.8963535
0.8897831
0.9185455
0.9215646
0.8946355
0.8959218
0.912202
0.9126995
0.9133771
0.9133667
0.9057645
0.9042106
0.8990906
0.9134575
0.9113617
0.912763
0.8958782
0.9071383
0.9052572
0.9048763
0.9120477
0.9074494
0.8948693
0.8701137
0.9032833
0.9211291
0.9195363
0.9083889
0.9147965
0.8943087
0.8878245
0.8951892
0.8776931
0.9170486
0.8901247
0.8937795
0.8951822
0.8875125
0.8877218
0.8998239
0.9002997
0.90094
0.9034003
0.9015653
0.8981394
0.9044885
0.8997636
0.9024959
0.9018419
0.9028556
0.9013151
0.9007527
0.9013576
0.8993486
0.9044176
0.8953059
0.9019468
0.908423
0.9026832
0.909211
0.9210053
0.8972048
0.8993242
0.8986707
0.8351662
0.840331
0.8402613
0.8480155
0.8916951
0.9172063
0.8923194
0.9022115
0.9447848
0.8869643
0.8879581
0.9441551
0.932986
0.9076007
0.9141399
0.9004609
0.9223988
0.9202009
0.9114192
0.8978396
0.9026063
0.9066344
0.9004901
0.9007268
0.9042057
0.9033175
0.8878043
0.8881277
0.9210322
0.9262691
0.9132559
0.9305362
0.9206977
0.9203913
0.9042841
0.9190704
0.9015275
0.8890421
0.9303735
0.9288206
0.9023544
0.9043418
0.9171307
0.9233365
0.9199852
0.9198174
0.9050711
0.8993737
0.9006986
0.9172023
0.9108728
0.9162919
0.8934572
0.9076664
0.9037532
0.9044877
0.9187985
0.916
0.8987125
0.8678604
0.9068
0.9268925
0.9270137
0.9104809
0.9246485
0.8939935
0.8852583
0.8981454
0.8697816
0.9288173
0.896663
0.8973432
0.9011575
0.8896316
0.8932229
0.899779
0.8989365
0.8988792
0.899602
0.8983994
0.8990495
0.9037074
0.8999179
0.8987769
0.8994113
0.9014438
0.9001784
0.8991648
0.8987954
0.8978662
0.8990474
0.8991894
0.9003103
0.9031995
0.902002
0.9050842
0.9155103
0.9008508
0.8972212
0.901696
0.8546576
0.8597967
0.8577158
0.8614225
0.8956731
0.917618
0.8968019
0.9061977
0.9387352
0.8944404
0.8942103
0.9372899
0.926384
0.9091421
0.9152329
0.8988687
0.9200792
0.9187504
0.9125242
0.9077675
0.9073828
0.9063726
0.9038171
0.9038087
0.9050106
0.9058219
0.893748
0.894733
0.9165051
0.9203032
0.9149991
0.9242721
0.9182811
0.9153563
0.903368
0.9154699
0.8999965
0.8932782
0.9241652
0.9222582
0.9001565
0.9014668
0.9125916
0.9170746
0.9181677
0.9166283
0.9091329
0.9038872
0.9040785
0.9133742
0.916252
0.9121941
0.9013256
0.9106022
0.9070587
0.9050734
0.9183016
0.9085631
0.8966902
0.8754803
0.907389
0.9222292
0.9237094
0.9093287
0.918146
0.8994555
0.8934274
0.8974812
0.8832406
0.9203145
0.8917331
0.8939784
0.8975694
0.8889985
0.8906752
0.8943724
0.8881109
0.8884164
0.8921291
0.891298
0.8864394
0.8938955
0.8925281
0.8927458
0.8949723
0.891867
0.8870239
0.8918462
0.891874
0.8907983
0.8936404
0.8928715
0.8901787
0.8920318
0.8963799
0.9035392
0.9149712
0.8976557
0.8858686
0.8963994
0.8617335
0.8640417
0.8659436
0.8662342
0.8961737
0.9160847
0.9017185
0.9022961
0.9376368
0.8911745
0.8910165
0.9360783
0.925172
0.9018471
0.9123363
0.8946589
0.9080362
0.910329
0.9043171
0.9053088
0.8969797
0.8970865
0.896862
0.8933679
0.8994621
0.8992085
0.8940158
0.8949363
0.9091303
0.9116903
0.9020825
0.9161316
0.9093438
0.9062006
0.9005575
0.9058716
0.8962777
0.8948843
0.9157653
0.920965
0.9007269
0.8945989
0.9067849
0.9064903
0.9049975
0.9027859
0.9011918
0.9052312
0.902498
0.9101814
0.9013641
0.9026385
0.8940437
0.9006897
0.8977353
0.902393
0.9124234
0.9078346
0.8906817
0.8790069
0.9032387
0.9143378
0.913076
0.9004008
0.9068361
0.892585
0.8928806
0.8995445
0.8842137
0.9125962
0.8887697
0.8923287
0.8926563
0.8844589
0.8875839
0.9022691
0.8980967
0.8983564
0.9004376
0.8991058
0.8978426
0.900217
0.8991672
0.8994066
0.8978518
0.9005465
0.9009751
0.8977248
0.8981099
0.8978897
0.8994797
0.8993441
0.9007521
0.9016205
0.9049686
0.9064499
0.9170385
0.9001849
0.8976281
0.8978699
0.8585364
0.8612391
0.8608569
0.8641721
0.8961967
0.9174776
0.9032889
0.9055897
0.9412751
0.8925097
0.8928069
0.936349
0.9277508
0.9067079
0.9173199
0.8957897
0.9195649
0.915205
0.9073448
0.9056915
0.9030488
0.9059195
0.8999781
0.8997223
0.9064134
0.9058008
0.8939754
0.8946061
0.9168535
0.9184039
0.9115767
0.9250671
0.9144009
0.9163812
0.9051951
0.9165529
0.8995388
0.8952005
0.9207371
0.9248792
0.9058571
0.9037354
0.9106195
0.9180885
0.918339
0.9193715
0.9094954
0.9071015
0.9070124
0.9155559
0.9114614
0.9119167
0.8986214
0.908146
0.9101687
0.9091949
0.913479
0.912285
0.901476
0.8838635
0.9065185
0.9242903
0.9242292
0.9060164
0.9204654
0.8995347
0.8958431
0.9041814
0.88571
0.9223751
0.8950556
0.8977617
0.8990347
0.8899617
0.8936507
0.8988049
0.8955163
0.8959068
0.8942117
0.8953497
0.8933223
0.8960051
0.8942376
0.8954556
0.896813
0.8959298
0.8928651
0.8924751
0.8934962
0.8915735
0.8984506
0.8971696
0.8974787
0.9050591
0.9018062
0.9063124
0.9168334
0.8993364
0.8992099
0.8973638
0.8466653
0.8495734
0.8483249
0.8515126
0.8917645
0.9177549
0.898632
0.9065987
0.9427906
0.8826192
0.883428
0.9390544
0.9301027
0.9044551
0.9168112
0.8982987
0.9189806
0.9163844
0.9119476
0.9045637
0.9000187
0.9012077
0.8975053
0.8983153
0.9059851
0.9050286
0.8893538
0.8896721
0.9177897
0.9231765
0.912103
0.9241852
0.915235
0.9171016
0.9025791
0.9128372
0.8995732
0.8911175
0.9264079
0.9263184
0.8996458
0.9003713
0.913537
0.9183478
0.9171769
0.9178825
0.9047143
0.9012482
0.9025054
0.91502
0.9115007
0.9113573
0.8906238
0.905861
0.9033235
0.9061982
0.9165757
0.9079805
0.8930467
0.8699475
0.9056122
0.9249441
0.9251104
0.9054957
0.9169988
0.8947846
0.8889469
0.8961472
0.8755521
0.9225907
0.8940554
0.8950952
0.8960473
0.8864405
0.8899131
0.9006765
0.9027053
0.9027676
0.9008641
0.8991863
0.9019246
0.9030601
0.8989658
0.9034068
0.9016001
0.9016219
0.9022117
0.901546
0.9026591
0.902032
0.9049186
0.8979337
0.9076162
0.9088242
0.9048303
0.9085725
0.9199828
0.9013778
0.9007634
0.8971522
0.842478
0.8434165
0.8439511
0.8494201
0.8882327
0.9190182
0.8946039
0.8998602
0.9487993
0.8868631
0.8863154
0.9420416
0.935817
0.9118335
0.9123752
0.9067953
0.9239391
0.9183978
0.9151141
0.9004356
0.9069142
0.9049839
0.9007676
0.8984218
0.9073055
0.907126
0.8919915
0.8916865
0.9245446
0.9299307
0.9146207
0.9309101
0.9247637
0.9238177
0.9054157
0.9208332
0.8970379
0.8924138
0.9309792
0.9276732
0.8996968
0.8999784
0.9133719
0.9249015
0.9236958
0.9253199
0.9089946
0.8984238
0.8995215
0.9181168
0.9135899
0.9178269
0.8964959
0.9101761
0.9114541
0.9031444
0.9182132
0.9122708
0.898461
0.8622548
0.9015026
0.9308949
0.933298
0.9069416
0.9247799
0.8917752
0.8849102
0.8967531
0.8705316
0.9323236
0.8935063
0.9038454
0.9053168
0.8910072
0.8961577
0.9023911
0.902297
0.9031648
0.9038935
0.9040681
0.9041043
0.9054515
0.9027232
0.9062434
0.9041747
0.9060445
0.9032088
0.9055815
0.9059505
0.9041192
0.9057676
0.9018926
0.9036453
0.9055893
0.9055921
0.9070771
0.9218137
0.9066657
0.9039492
0.900096
0.8658217
0.8695895
0.8691927
0.8728388
0.9019442
0.9224253
0.9005885
0.9043631
0.9402129
0.8971307
0.8942408
0.9407427
0.9304984
0.9052804
0.9157526
0.9007955
0.9152319
0.9137296
0.9047026
0.9072619
0.9057158
0.9068094
0.905651
0.9045183
0.9086052
0.9075437
0.8972863
0.8970363
0.9165219
0.9194511
0.9061559
0.921835
0.9127992
0.9164367
0.9038782
0.9102587
0.9044705
0.8977354
0.919347
0.9282938
0.9082936
0.8996812
0.9133815
0.9177642
0.9165388
0.9155466
0.9087976
0.9077583
0.9069087
0.9127035
0.9085405
0.9083586
0.8944891
0.9034128
0.9072158
0.911776
0.9152959
0.9095459
0.8984517
0.8840331
0.9104807
0.9179609
0.919151
0.903487
0.9156924
0.9003145
0.8963891
0.9014436
0.8889131
0.9214338
0.8934599
0.8965382
0.9019293
0.8881041
0.8895978
0.8985656
0.8953389
0.896144
0.8966145
0.8947444
0.8949048
0.896121
0.8965505
0.893779
0.8968546
0.8963251
0.8986494
0.8951558
0.8951031
0.8944926
0.8977552
0.8951561
0.8935655
0.9039395
0.9116744
0.9134323
0.8742944
0.9196919
0.9036786
0.9175704
0.9218879
0.9222147
0.9222766
0.9256541
0.9217297
0.8917533
0.920443
0.9201578
0.9139588
0.9164562
0.9158855
0.9072136
0.8953381
0.8912296
0.9175105
0.901321
0.9213034
0.9228399
0.915084
0.9201501
0.9104197
0.9151468
0.914408
0.9134152
0.9099125
0.9104732
0.9183437
0.9196983
0.9188312
0.910139
0.9192752
0.9138971
0.8957865
0.9140253
0.9067406
0.9123821
0.9206446
0.9202542
0.9155545
0.906493
0.8955483
0.9001464
0.8764674
0.9072055
0.9092676
0.9082514
0.9171191
0.9015652
0.9026511
0.9184465
0.9279376
0.9195496
0.9274219
0.92254
0.9231125
0.8778292
0.8897849
0.9232279
0.9161584
0.9259835
0.9209682
0.9104394
0.9111901
0.9289406
0.9119921
0.913229
0.9236749
0.9201689
0.9237069
0.9150128
0.9123327
0.9156133
0.9188311
0.9156878
0.9147782
0.9074788
0.905157
0.9054141
0.9085206
0.9087358
0.9046536
0.9064991
0.9086399
0.9073463
0.908693
0.9067127
0.9060868
0.9109689
0.9113024
0.906865
0.9076422
0.9082277
0.9144459
0.9054618
0.9134646
0.9157423
0.9160208
0.8913988
0.9090337
0.8898712
0.9025428
0.9022795
0.9042993
0.9033243
0.8917121
0.9177597
0.8942897
0.8936162
0.9371063
0.8772232
0.8772081
0.9352439
0.9260669
0.91598
0.9172605
0.9065404
0.9141355
0.8991786
0.892085
0.8920553
0.8852507
0.8889831
0.8864759
0.8865214
0.8876923
0.8872014
0.8894505
0.8898817
0.9109516
0.9115413
0.8929567
0.9132371
0.9116691
0.9094006
0.9091777
0.9089759
0.9095121
0.8910017
0.9146926
0.9306435
0.913216
0.9043135
0.9136604
0.9048841
0.9060509
0.9020423
0.8876014
0.9200508
0.919056
0.9077328
0.9161113
0.9114674
0.9057344
0.9102156
0.9120254
0.9105074
0.91431
0.9136282
0.8858658
0.9078193
0.9034813
0.9131252
0.9135284
0.9152865
0.9107156
0.8865857
0.8905408
0.891232
0.8846125
0.9119723
0.8972364
0.8976883
0.8971132
0.8960735
0.8981966
0.8960643
0.8926241
0.8932099
0.8953374
0.8935399
0.8946344
0.891994
0.8989257
0.8914933
0.8915663
0.892363
0.8930473
0.8937603
0.8938684
0.891783
0.8919849
0.8957787
0.9023508
0.9079004
0.9066733
0.9153672
0.9166488
0.8400816
0.9040495
0.5480532
0.8968829
0.8962547
0.8973542
0.8990249
0.8605387
0.9206825
0.8691353
0.872504
0.9394515
0.8529559
0.8533421
0.9336701
0.9247551
0.9068719
0.9171267
0.8944175
0.9070905
0.8713846
0.8598013
0.8473952
0.829293
0.8349692
0.8256899
0.8309622
0.8309039
0.8287245
0.7739595
0.7727217
0.9025036
0.9008306
0.8784655
0.9050841
0.9032328
0.9010236
0.9033102
0.8989008
0.9053515
0.7726548
0.9120824
0.9282125
0.9096998
0.8963048
0.9098314
0.9007974
0.9001532
0.9012179
0.8499105
0.9182459
0.919013
0.899937
0.9023852
0.9017788
0.8967278
0.8972367
0.8963781
0.9055957
0.9101796
0.914188
0.7608256
0.9075609
0.8707254
0.9043829
0.9056935
0.9070972
0.9018198
0.8263845
0.8836672
0.8827358
0.8728607
0.9040724
0.8852823
0.8924997
0.892625
0.8823947
0.8836914
0.8714928
0.868281
0.868423
0.8740045
0.8717968
0.8696665
0.8722067
0.8742419
0.8714517
0.8717467
0.8704864
0.8715123
0.8714112
0.8719418
0.8710223
0.8712355
0.8727825
0.8580691
0.8960789
0.9038165
0.9067797
0.8785974
0.9007398
0.895524
0.8998412
0.9074189
0.908743
0.9106147
0.9096252
0.9069172
0.8765628
0.9059725
0.9044099
0.913738
0.9009202
0.8997812
0.9045685
0.8935
0.8784624
0.9134995
0.8810998
0.9099604
0.9022337
0.8989866
0.9049057
0.897666
0.8994494
0.8998626
0.9016376
0.9007813
0.9010477
0.9052892
0.9051971
0.8994375
0.8949486
0.90493
0.8991618
0.8735232
0.8946523
0.8964464
0.8931495
0.9109389
0.9039816
0.8991777
0.9081777
0.8671113
0.890728
0.8737864
0.8961739
0.8980135
0.8961264
0.9009319
0.8948217
0.8935767
0.9090975
0.9100475
0.9032282
0.9059294
0.9072799
0.907505
0.873802
0.8809817
0.9152467
0.8974544
0.9093015
0.9095722
0.8967647
0.8966131
0.910159
0.8964637
0.8964977
0.9092514
0.9049173
0.9029766
0.9015825
0.8988865
0.8959481
0.9008424
0.8930886
0.8965279
0.9019502
0.8971301
0.8969519
0.8926877
0.8949687
0.8937587
0.8935146
0.8996354
0.8943477
0.8964764
0.8956148
0.8958348
0.8960704
0.8960567
0.8975587
0.896235
0.9033743
0.9027638
0.8967023
0.9068257
0.9205578
0.9004466
0.9019729
0.8967961
0.9058158
0.9230994
0.9204856
0.9221205
0.9224104
0.9125752
0.9095196
0.9080431
0.9046055
0.9261309
0.9002723
0.9013073
0.9243972
0.9109548
0.9043317
0.9203863
0.8953681
0.899131
0.8928257
0.8883079
0.9100365
0.8888889
0.8919656
0.8922788
0.8923332
0.8897344
0.8898155
0.903708
0.9040122
0.8270285
0.821604
0.8952395
0.8199076
0.8873745
0.8237779
0.8999106
0.8275929
0.9145028
0.9044921
0.8147182
0.921512
0.9107715
0.8944587
0.9011412
0.7500518
0.7530773
0.7510623
0.8990962
0.9227374
0.924316
0.9030038
0.9024445
0.9011123
0.9069092
0.9005077
0.9028603
0.9075615
0.9019707
0.9152837
0.897133
0.9262889
0.9123612
0.8291767
0.8284776
0.9112848
0.8268963
0.893229
0.9129863
0.9097556
0.9116594
0.8218547
0.8844351
0.8815472
0.8841767
0.8778786
0.87674
0.8660888
0.867728
0.8661646
0.8676747
0.8663246
0.8654602
0.8664452
0.8703059
0.8666052
0.867356
0.8633568
0.8670193
0.868611
0.8684366
0.8650893
0.8683542
0.8669679
0.2752181
0.8973052
0.9026654
0.9063955
0.8867823
0.9040464
0.8933957
0.8994482
0.8986447
0.897417
0.8996727
0.9002523
0.9065657
0.8816319
0.9071837
0.9069453
0.9192137
0.8928754
0.8930889
0.9108174
0.9009996
0.8783203
0.9125813
0.8770652
0.9156304
0.9073412
0.9052293
0.9091648
0.8956348
0.8990151
0.9006606
0.8998915
0.8975168
0.8988244
0.9019467
0.9015775
0.9048908
0.9045033
0.9109648
0.905045
0.8868519
0.9002307
0.8937449
0.9033641
0.9061382
0.9006267
0.9060991
0.9074825
0.8370738
0.8957445
0.8801813
0.9035107
0.9055357
0.9056381
0.9052087
0.8936407
0.8923176
0.9150597
0.9104015
0.9101574
0.9077945
0.9073178
0.9029211
0.8791517
0.8901663
0.9122143
0.8998053
0.9067677
0.9097622
0.9050537
0.9069939
0.91035
0.9043782
0.8956604
0.9063163
0.906528
0.9022187
0.9033465
0.8953509
0.8973125
0.8979483
0.889623
0.8940028
0.8994039
0.8938113
0.8942657
0.8981247
0.8971224
0.8957068
0.8934797
0.8975052
0.8966713
0.8965912
0.8938812
0.8960382
0.8962311
0.8959019
0.8978128
0.8937061
0.8968169
0.8933329
0.9046276
0.9139032
0.9129607
0.8594744
0.9206733
0.9046959
0.9145335
0.9222382
0.9244508
0.9242468
0.924175
0.9228596
0.8902578
0.9201378
0.9203066
0.915624
0.9159025
0.9160264
0.9073669
0.8927949
0.8870726
0.9158483
0.9024127
0.925074
0.9182119
0.9130171
0.9175834
0.9125572
0.915439
0.9145057
0.9155545
0.9145293
0.9155439
0.9212994
0.921061
0.9138064
0.9074774
0.9162827
0.9103541
0.8902391
0.912603
0.9049788
0.9094506
0.9244603
0.9210878
0.9113448
0.9066077
0.8964599
0.8995138
0.866367
0.9058824
0.90699
0.9096482
0.9149745
0.8980382
0.8983237
0.9175508
0.9307838
0.9205835
0.9241195
0.9253072
0.9267886
0.8781982
0.8728844
0.921514
0.9179431
0.9234021
0.9253274
0.9089568
0.9082665
0.9248585
0.9115459
0.9127426
0.9233088
0.921911
0.9231781
0.9137767
0.9159934
0.915253
0.9157871
0.9143253
0.9160332
0.8902262
0.8894574
0.8890429
0.8916973
0.8904945
0.8918697
0.8887856
0.8913785
0.8886546
0.8866504
0.8879502
0.8850727
0.8894838
0.888996
0.8887025
0.8852817
0.8889126
0.8375763
0.9128428
0.9142818
0.9107284
0.8942716
0.9199136
0.9101293
0.9189028
0.9196034
0.921048
0.9192996
0.9221597
0.920893
0.8884929
0.9236251
0.9200389
0.9148206
0.9141257
0.9143618
0.9050843
0.9007984
0.8900819
0.9230717
0.8954983
0.9245363
0.9203379
0.9161757
0.9214116
0.9173417
0.9213983
0.918353
0.9176069
0.9190271
0.918771
0.9200447
0.9201088
0.9171015
0.9132343
0.9224476
0.9130131
0.892449
0.9135991
0.9061957
0.9131829
0.9222989
0.9202473
0.9146286
0.9095584
0.8527106
0.9106339
0.8904858
0.9111135
0.9142787
0.9122887
0.9183347
0.9026197
0.9038872
0.9268096
0.9244585
0.9240324
0.9245776
0.925642
0.925521
0.8945466
0.8988875
0.9269995
0.9185245
0.9269655
0.9250605
0.9113545
0.9127742
0.9245928
0.9146843
0.9160198
0.9259767
0.9180928
0.9199108
0.911888
0.9133212
0.9162015
0.9159206
0.9100655
0.91269
0.9015414
0.900085
0.9010013
0.8984386
0.8984603
0.8974506
0.9010809
0.9015645
0.8993057
0.8998574
0.9010144
0.8983923
0.8991028
0.899363
0.897656
0.90137
0.8990494
0.9027675
0.8809532
0.7811968
0.8781402
0.9121898
0.9092163
0.8818381
0.9097654
0.8899624
0.89005
0.8882203
0.8909444
0.9086067
0.911414
0.9103495
0.9103699
0.9285615
0.905659
0.9032409
0.9235131
0.9189648
0.904615
0.916306
0.9014585
0.9171627
0.916079
0.9149995
0.9138769
0.9100984
0.9084067
0.9063827
0.9090293
0.9086955
0.9092592
0.9019342
0.902312
0.9170109
0.9155711
0.9144457
0.9174594
0.9013324
0.9130708
0.8997716
0.910245
0.8976188
0.9030173
0.9145607
0.9210763
0.9033428
0.8980491
0.9072785
0.9087424
0.9095248
0.9101676
0.9083101
0.9059946
0.9038299
0.9173622
0.9176721
0.9126655
0.9101014
0.9084146
0.9135692
0.9053973
0.9074295
0.9082169
0.908797
0.9005469
0.9152864
0.9121801
0.913943
0.9138371
0.9129762
0.9058984
0.9061995
0.9117892
0.9050576
0.9167512
0.8981097
0.9037513
0.9031619
0.895777
0.8979489
0.9079686
0.9072241
0.9071311
0.9065678
0.907012
0.9065944
0.9093182
0.9062709
0.9105296
0.9114294
0.9114098
0.906217
0.9089469
0.9078159
0.9073676
0.9087071
0.9102344
0.9061918
0.8978308
0.8963915
0.9035222
0.9120092
0.912419
0.8915154
0.9067595
0.8925884
0.8958653
0.895565
0.8956028
0.9061982
0.9143628
0.9074678
0.911226
0.9330892
0.901624
0.9010933
0.9313321
0.9194083
0.9105117
0.9136414
0.9060793
0.9171229
0.9172613
0.9129987
0.9101163
0.9087199
0.9112918
0.9065993
0.9092008
0.9095272
0.9080337
0.9039952
0.9042152
0.9113062
0.9136556
0.9148726
0.9180242
0.9144889
0.9127379
0.9032687
0.9143807
0.8859347
0.9067472
0.9177405
0.9228516
0.9066377
0.8970105
0.9092119
0.910226
0.9091936
0.911832
0.9130053
0.9088551
0.9064307
0.9137654
0.9192622
0.9104958
0.9109756
0.9109833
0.9128753
0.9118986
0.912787
0.8950964
0.9072253
0.8961538
0.9098684
0.9140837
0.9151156
0.917404
0.9161771
0.9060388
0.9035297
0.9086308
0.9009654
0.9170156
0.9003494
0.9033489
0.9059995
0.897726
0.9010331
0.8970637
0.8919257
0.8912931
0.8913881
0.8930527
0.8927192
0.8917367
0.8964339
0.8895856
0.8913455
0.8906291
0.8915769
0.8908155
0.8899804
0.8904155
0.8920557
0.8947891
0.9006327
0.9009551
0.8974479
0.9066987
0.9170654
0.8987972
0.8963906
0.8983139
0.8884138
0.8866845
0.8886897
0.890072
0.902473
0.9181293
0.9095135
0.9047881
0.9398828
0.889199
0.8888679
0.9344875
0.9293155
0.9065674
0.9216649
0.8885759
0.9062044
0.9032472
0.9000521
0.9042569
0.8948426
0.8972899
0.8983737
0.8980283
0.9010312
0.9014262
0.8970599
0.8981872
0.903397
0.9082747
0.9068987
0.9059579
0.9007527
0.903453
0.8991069
0.9071918
0.9085853
0.8970774
0.9139933
0.9264445
0.9064166
0.8971321
0.9094368
0.9040289
0.9063439
0.9038786
0.9046852
0.9127747
0.9152128
0.9077352
0.898526
0.9010426
0.8974272
0.8941915
0.8977803
0.9082215
0.914741
0.9129652
0.8977011
0.9045239
0.9072519
0.9066763
0.9067616
0.907071
0.9063949
0.8984902
0.9012796
0.9043162
0.8958992
0.9096364
0.8875364
0.8900931
0.8941015
0.8816981
0.882755
0.898281
0.8955895
0.8960043
0.8961598
0.8964986
0.8953149
0.8936002
0.8977504
0.8948974
0.8972713
0.894559
0.8950584
0.8954464
0.8965011
0.8964814
0.8960444
0.8971789
0.9021334
0.8930802
0.8938268
0.9002528
0.9156424
0.9063946
0.8847119
0.9011672
0.8930971
0.8928111
0.8931154
0.8963258
0.9018134
0.9169531
0.9102509
0.9075263
0.9375065
0.8927111
0.8932475
0.9283544
0.9168293
0.9020604
0.9156668
0.8969475
0.9106186
0.9107981
0.9042078
0.9084268
0.9018537
0.9033917
0.9008746
0.9024048
0.9058093
0.9042217
0.8979724
0.8983142
0.9070699
0.9102201
0.9082648
0.9127323
0.9044808
0.9063644
0.9038097
0.9071416
0.8805928
0.8988234
0.9164212
0.9225169
0.9078137
0.8996811
0.9079012
0.9054392
0.9053438
0.9050947
0.9041208
0.9091967
0.9079133
0.9115614
0.9115401
0.9073158
0.9059305
0.9064032
0.9050419
0.9101845
0.9093214
0.8901734
0.9014828
0.9047878
0.9039331
0.9120517
0.9125315
0.9153729
0.9081116
0.9026229
0.9045011
0.9062991
0.8946001
0.9140474
0.8958588
0.8959439
0.9022806
0.8945385
0.8974405
0.9109548
0.9125235
0.91189
0.9122024
0.9122212
0.9113525
0.9156232
0.910214
0.9150655
0.9119108
0.9128619
0.9113987
0.9128885
0.9130652
0.9115256
0.9115183
0.9128613
0.908112
0.9009805
0.8950696
0.9027134
0.9186711
0.9109304
0.8997994
0.9139897
0.888098
0.8911341
0.8930928
0.8941695
0.9086325
0.9190958
0.9107515
0.9130233
0.9354974
0.9058433
0.9034725
0.9330451
0.9268182
0.9080407
0.9182579
0.9146693
0.9197054
0.9258078
0.9192032
0.9141287
0.9159622
0.9161909
0.9118494
0.9140071
0.9203147
0.9195509
0.9108527
0.9109572
0.9226941
0.9251385
0.9201787
0.9271532
0.9145135
0.9205937
0.9115035
0.9205686
0.8843259
0.9084195
0.9260235
0.9199452
0.9045088
0.905918
0.9121718
0.9190018
0.9174792
0.918818
0.9182173
0.9056718
0.9028894
0.9228084
0.9241913
0.9212411
0.9103873
0.9134128
0.9192095
0.9124622
0.9197548
0.8910646
0.9121566
0.9006207
0.9116093
0.9249037
0.9252529
0.916039
0.9197975
0.9147203
0.9028304
0.9121249
0.8990687
0.9277616
0.9081361
0.9069961
0.9116662
0.9051124
0.9071335
0.8983518
0.8987333
0.8995538
0.8992486
0.8973001
0.8969477
0.8957632
0.9002504
0.8992124
0.8986116
0.8965378
0.8944605
0.8978393
0.8973423
0.89941
0.8976407
0.8975487
0.9038288
0.8954996
0.896464
0.9006371
0.9127538
0.9030424
0.895655
0.9021417
0.8662782
0.8702076
0.8676658
0.8679896
0.902354
0.915813
0.9068752
0.9063168
0.933749
0.8995593
0.9021466
0.9316376
0.925999
0.9070426
0.9186445
0.8929022
0.9175023
0.9089819
0.9055662
0.9105019
0.9032435
0.9049731
0.9028923
0.9016725
0.9059526
0.9040519
0.8995715
0.8995568
0.9130153
0.9125806
0.9110011
0.9155844
0.9042781
0.9110897
0.8976679
0.9095415
0.9012476
0.8981781
0.9124533
0.9158543
0.9003725
0.8982038
0.9122706
0.9105788
0.9097162
0.9124607
0.9040299
0.9102665
0.9078995
0.9106217
0.9134558
0.9106999
0.9027901
0.9081387
0.9102574
0.9068332
0.911135
0.9134114
0.8922054
0.887061
0.9074094
0.9125098
0.9124158
0.9072715
0.9159398
0.8973031
0.9003762
0.9021852
0.8933164
0.9141565
0.893157
0.8957243
0.9006392
0.8903077
0.8948012
0.8991749
0.893958
0.8942261
0.8948332
0.8943199
0.89734
0.8985146
0.8948974
0.8952928
0.8943391
0.9010225
0.896033
0.8926421
0.8941589
0.8923203
0.8992311
0.8947936
0.9001739
0.9074318
0.9113874
0.9150638
0.9180632
0.8759902
0.9062714
0.8787335
0.8780307
0.8790658
0.8809792
0.8835165
0.870424
0.9165914
0.8757252
0.8851372
0.9445478
0.8593309
0.8591947
0.941525
0.9294644
0.9055423
0.9156448
0.8942635
0.9114521
0.8967263
0.8905093
0.8819105
0.8802242
0.8826828
0.8794836
0.8783178
0.8866971
0.8832648
0.8726027
0.8719785
0.913313
0.9149545
0.8926291
0.9162095
0.9152437
0.9068448
0.9057471
0.9047246
0.9044115
0.8725362
0.916113
0.9279871
0.9078721
0.8951046
0.9165908
0.9088111
0.9103122
0.9098969
0.886948
0.9077889
0.9064139
0.9118981
0.9040772
0.9075194
0.8935894
0.8991165
0.8946645
0.9024841
0.9168607
0.916951
0.8717181
0.8921868
0.8805281
0.9180072
0.916087
0.9062768
0.9096701
0.876034
0.8425631
0.8522515
0.8171885
0.9159842
0.8816294
0.8879421
0.8911012
0.8794126
0.8827483
0.9097451
0.9083357
0.908978
0.90982
0.9096061
0.9072394
0.907968
0.9080341
0.9093534
0.9076153
0.9081425
0.908057
0.9072018
0.9070689
0.9067319
0.9076226
0.9088649
0.9095039
0.9119444
0.912436
0.9169335
0.9173382
0.882521
0.9089328
0.8850457
0.9006828
0.9017184
0.9024785
0.9029624
0.8853503
0.9208996
0.8861625
0.8890786
0.9391779
0.8791814
0.8798376
0.9326673
0.9239479
0.9095398
0.9131731
0.9031171
0.9139679
0.9034816
0.8888766
0.8887804
0.8843497
0.8867612
0.8808426
0.8823247
0.8853074
0.88527
0.882381
0.8830197
0.9088609
0.9093568
0.8943356
0.9125373
0.9122121
0.9086023
0.9053758
0.9062748
0.9103856
0.8863045
0.9118721
0.9265478
0.9094416
0.9026518
0.9118469
0.9019127
0.9034842
0.9043344
0.8877124
0.9137578
0.9135002
0.9098926
0.9145099
0.9117062
0.9025185
0.9116513
0.9107993
0.9093913
0.9176984
0.9178784
0.8815586
0.9062477
0.8973148
0.9132352
0.9118392
0.9121593
0.9069095
0.8787294
0.8244744
0.7640561
0.843308
0.9119338
0.8982603
0.8969525
0.8996457
0.8975516
0.8998218
0.8992171
0.8986723
0.8995038
0.8989499
0.8974236
0.8956302
0.8972156
0.8992787
0.8979765
0.8965875
0.8980816
0.8973981
0.8965006
0.8965683
0.8950352
0.9012596
0.8975124
0.9070787
0.9069818
0.915195
0.915119
0.9117327
0.8746165
0.9039917
0.8809938
0.8937665
0.8954054
0.8976543
0.8973903
0.8761119
0.9202404
0.8820314
0.8842306
0.939965
0.8614703
0.8630201
0.9367062
0.9251027
0.9048658
0.913862
0.8978973
0.9115753
0.8942731
0.8891449
0.8833626
0.8741717
0.8808882
0.8742376
0.8748235
0.8799331
0.8786659
0.8808275
0.8814429
0.9003172
0.9081721
0.8933393
0.907326
0.9059001
0.9026865
0.9040375
0.9033061
0.9087181
0.8795473
0.9147059
0.9250456
0.90734
0.8998516
0.9134535
0.9025231
0.9030413
0.9036318
0.8867402
0.9111111
0.9127065
0.9078308
0.9052898
0.9020557
0.8958483
0.8979932
0.9020221
0.9027462
0.9141573
0.9114589
0.8790014
0.9024665
0.8883001
0.9096263
0.9085934
0.9121559
0.9041509
0.8732232
0.8509766
0.8503946
0.8251076
0.9065431
0.8897458
0.8930577
0.8983807
0.8877451
0.8902706
0.8975344
0.8937514
0.8942191
0.8925311
0.8915721
0.8947213
0.8941038
0.8962596
0.8908169
0.8928585
0.8947621
0.8953548
0.8911404
0.8911685
0.890413
0.8960026
0.8959143
0.9019365
0.9048811
0.9078642
0.9167259
0.9120173
0.8741904
0.9028368
0.8755853
0.8965309
0.898353
0.897215
0.89985
0.8854925
0.9195063
0.8898438
0.8885139
0.9374644
0.8662337
0.8658504
0.9361584
0.9261743
0.9107445
0.9143245
0.8908635
0.9070332
0.8875868
0.8760585
0.8880889
0.8762984
0.879494
0.8796698
0.8772468
0.8815859
0.8796953
0.8769103
0.8779479
0.9006009
0.8975682
0.8861633
0.9011641
0.9002494
0.8978358
0.9063445
0.8980008
0.9016834
0.8761743
0.907324
0.9278679
0.9057144
0.8971585
0.9139614
0.8940007
0.8965505
0.8963264
0.8794148
0.9155148
0.9194391
0.9018327
0.9001737
0.897361
0.893924
0.8941407
0.8983445
0.905488
0.9120756
0.9170088
0.8734158
0.9090875
0.8875942
0.9055769
0.9046776
0.9086468
0.900352
0.8770772
0.8605345
0.8527508
0.8323867
0.9023499
0.8863348
0.8908359
0.8907892
0.8847353
0.8826811
0.8962588
0.8904156
0.8911947
0.8902337
0.8892837
0.893804
0.8931699
0.8920047
0.8914684
0.8925588
0.8946066
0.8892101
0.8914212
0.8914079
0.8901216
0.8953837
0.8930331
0.9015906
0.9100885
0.9125467
0.914096
0.9197016
0.8749952
0.9054237
0.8701045
0.8749503
0.876507
0.8780149
0.8822558
0.8727392
0.9231753
0.8799056
0.88067
0.9473436
0.8583516
0.8583936
0.9411681
0.9321529
0.9069482
0.9185876
0.8962061
0.9130835
0.8975171
0.886211
0.8817653
0.8760324
0.8784985
0.876496
0.8741538
0.8798318
0.8777029
0.8683171
0.8696671
0.9073949
0.9144196
0.893908
0.9145605
0.915598
0.9088814
0.9040235
0.9028143
0.9015008
0.8670876
0.9188098
0.9315138
0.9029468
0.9020565
0.916364
0.9097149
0.9099688
0.9090943
0.8848841
0.9130499
0.9127806
0.9059839
0.9020272
0.9027933
0.8905909
0.8969268
0.8956052
0.9060332
0.9185612
0.9131602
0.8674902
0.8950997
0.8909909
0.916605
0.9188821
0.9050659
0.9087431
0.870024
0.8418743
0.8431733
0.7843095
0.9139673
0.8838931
0.8852826
0.8940082
0.8780402
0.8849571
0.8939474
0.8944691
0.8947408
0.890275
0.8891173
0.8923141
0.8932418
0.8930433
0.8891849
0.8894689
0.892237
0.8939068
0.892719
0.8926635
0.8901212
0.893733
0.8913471
0.894465
0.9029394
0.9090011
0.914246
0.915201
0.8767028
0.9035646
0.8700499
0.8748761
0.8757609
0.8791695
0.8841208
0.8687471
0.9193177
0.8769136
0.880534
0.9439646
0.8582959
0.8575186
0.9395536
0.930489
0.9058318
0.9204964
0.89122
0.9099992
0.8927767
0.8850188
0.8769578
0.8759121
0.8797176
0.875413
0.8749172
0.8774773
0.8758747
0.8666797
0.8677193
0.9049957
0.9093192
0.8913477
0.9130968
0.9080812
0.900914
0.9027113
0.8995929
0.9052734
0.8666015
0.9171042
0.9289945
0.9046555
0.900878
0.9123717
0.9073007
0.9091999
0.9105338
0.8817394
0.9090841
0.9061873
0.9031986
0.9015122
0.9044216
0.8868718
0.8937747
0.8943864
0.904623
0.9156204
0.9115816
0.8685505
0.8973352
0.8828798
0.9135433
0.9157972
0.9050089
0.9044975
0.8720489
0.8384038
0.8474405
0.7507969
0.9123838
0.8855433
0.8892767
0.8912309
0.8755983
0.8794764
0.9033228
0.9028624
0.9026029
0.9038894
0.9036682
0.9045559
0.9035029
0.9044352
0.8997559
0.9026859
0.9061016
0.9020033
0.9020628
0.9014802
0.9003619
0.9023438
0.903729
0.9069589
0.9105189
0.9135383
0.9212402
0.9168236
0.8844678
0.905481
0.8849638
0.8985038
0.9003717
0.903817
0.9035636
0.895984
0.9241148
0.8923641
0.8918869
0.9379276
0.8788401
0.8758079
0.9380162
0.9307558
0.9149796
0.9209141
0.9009716
0.9169434
0.8980847
0.8905849
0.8922256
0.8832766
0.8860549
0.8848292
0.8805051
0.8867083
0.8860793
0.8865107
0.8869124
0.9102888
0.9066667
0.8962611
0.9135843
0.9105456
0.9021982
0.9100969
0.9055399
0.914027
0.8873075
0.9142836
0.9312714
0.9142298
0.9021885
0.9148041
0.90625
0.9056646
0.9038696
0.8895781
0.9198916
0.9189901
0.9113764
0.9114754
0.9075888
0.8988356
0.9064805
0.9044107
0.9126553
0.9204373
0.9139362
0.8848796
0.915549
0.8983183
0.9088359
0.9105732
0.9134874
0.9105254
0.8843421
0.8691056
0.870604
0.8518898
0.9099821
0.8943202
0.8964705
0.8986329
0.8943535
0.896118
0.9054808
0.9049259
0.9049861
0.9021601
0.9017531
0.9045069
0.9038849
0.9081568
0.9019684
0.9045379
0.9048292
0.9026393
0.9031642
0.9035757
0.9037076
0.9029671
0.9058712
0.9094538
0.9114828
0.9166324
0.917976
0.9143951
0.8867015
0.9064511
0.8883478
0.9019123
0.9005776
0.9007675
0.9055305
0.8875072
0.9215531
0.8879164
0.8958727
0.9383754
0.8817693
0.8833181
0.9372374
0.9280211
0.9130073
0.9186899
0.9074885
0.9149835
0.9003066
0.893564
0.8890117
0.8839991
0.8870646
0.8833418
0.8862573
0.8871254
0.8868048
0.8888569
0.8897601
0.9103896
0.9091573
0.892301
0.9108064
0.9101767
0.9081836
0.9028957
0.9058007
0.9118774
0.8885804
0.9141451
0.9251322
0.9123167
0.8998295
0.9132829
0.9044609
0.9055316
0.9045477
0.8892354
0.9178011
0.9126031
0.913453
0.9108607
0.9125178
0.9028404
0.9068233
0.909714
0.9084626
0.9149417
0.9148125
0.8848478
0.9100376
0.8961737
0.9119236
0.911683
0.9128805
0.907779
0.8855501
0.8180855
0.8186554
0.8441262
0.9104394
0.8969065
0.9017551
0.9024037
0.8927773
0.899153
0.8960588
0.8905535
0.8912128
0.8897384
0.8873439
0.8886139
0.8896377
0.8936545
0.8876914
0.890942
0.8922899
0.8886482
0.8887359
0.8890861
0.8879023
0.8910766
0.8960149
0.9005322
0.903424
0.9084308
0.9113858
0.9112296
0.8731247
0.8972802
0.8747783
0.8946589
0.8960833
0.8971262
0.8971156
0.8778802
0.9164224
0.8842371
0.881234
0.9374891
0.8636518
0.8640854
0.9345062
0.9234971
0.9094878
0.9194346
0.8894953
0.9054479
0.8853946
0.8725979
0.8840117
0.8695006
0.8763608
0.8717844
0.873608
0.8746338
0.873772
0.8766568
0.8767628
0.8946572
0.8975143
0.8824287
0.8978346
0.8961768
0.892962
0.9022735
0.8903294
0.9068421
0.8761852
0.90632
0.9247132
0.9065311
0.8962571
0.9076634
0.8951069
0.8906743
0.8929011
0.8747428
0.9100078
0.9128292
0.8997551
0.8986766
0.9044866
0.8919098
0.8923225
0.896165
0.9047161
0.9111715
0.9120265
0.8753601
0.9077481
0.887881
0.9004348
0.900387
0.9049661
0.8936109
0.8725932
0.8528045
0.8454185
0.8216693
0.8969072
0.8806895
0.8817173
0.8897569
0.8816812
0.8828776