0.9112726
0.9126847
0.8628515
0.8660273
0.8644297
0.8571104
0.8688301
0.9179995
0.901998
0.9150997
0.9055376
0.9034369
0.8967604
0.9094559
0.8927942
0.9485407
0.9056141
0.9026622
0.9110844
0.8993451
0.9020061
0.882667
0.8792797
0.8654955
0.8722166
0.9017015
0.9140552
0.9156993
0.8926978
0.8939286
0.8989239
0.8783505
0.8972803
0.8955563
0.893595
0.8929265
0.9001241
0.8601356
0.8873597
0.9213268
0.8796888
0.9000073
0.9022452
0.9039591
0.9012625
0.9082285
0.907957
0.9111833
0.9152555
0.9002217
0.8613011
0.8786566
0.8909286
0.8874682
0.9116734
0.8992624
0.896151
0.8954733
0.8988558
0.9029326
0.8901486
0.8956146
0.8977554
0.8967108
0.8934012
0.8966905
0.8938824
0.9121626
0.9014898
0.896286
0.8989512
0.9011472
0.8946038
0.901524
0.8977973
0.8984863
0.8983969
0.9163914
0.8850895
0.8567645
0.8970293
0.892167
0.9013568
0.9196492
0.9156767
0.9059225
0.9066113
0.8964421
0.9018083
0.9121277
0.9020331
0.8697337
0.887393
0.8767695
0.8740139
0.8696287
0.8687751
0.887379
0.8891835
0.8665141
0.90999
0.9162399
0.8465659
0.8377005
0.8387294
0.8444317
0.85673
0.9212943
0.9023709
0.9120354
0.9004832
0.9037231
0.8917924
0.9104802
0.8948367
0.9471104
0.9026953
0.9013793
0.9110507
0.8971264
0.9027013
0.8853877
0.877785
0.8665326
0.8654006
0.8961976
0.9111715
0.9178019
0.8871951
0.8940293
0.8953078
0.8628511
0.8952381
0.8982186
0.8901528
0.8913547
0.8993896
0.825644
0.8851801
0.9226842
0.8802451
0.901502
0.8924613
0.9002513
0.9013609
0.9065894
0.9046626
0.9021473
0.9083138
0.9025473
0.8245416
0.8774645
0.8890201
0.8858406
0.9096795
0.9041729
0.8970096
0.8956791
0.8918135
0.9065441
0.8905914
0.8990651
0.8939127
0.8967543
0.889894
0.8946608
0.8936139
0.905612
0.8966487
0.8922019
0.8954523
0.8959036
0.8938004
0.8978465
0.894221
0.8964284
0.9025023
0.9182421
0.8911742
0.8213161
0.8971105
0.8921536
0.9004623
0.9140484
0.9172578
0.9096538
0.9094751
0.8951309
0.9037957
0.9158355
0.8927012
0.8691477
0.8817022
0.8750429
0.871105
0.8670311
0.8676091
0.8770051
0.8820364
0.8637146
0.9029466
0.9040622
0.8992415
0.9053259
0.9036778
0.9110121
0.9175471
0.9137536
0.899362
0.9164093
0.9024741
0.9071765
0.9239221
0.9050341
0.8966495
0.9434661
0.9022205
0.9093851
0.9077184
0.9013004
0.904755
0.9135589
0.9116233
0.9139479
0.913512
0.8993086
0.9075708
0.9102145
0.8496564
0.8448869
0.8360905
0.9008007
0.9044913
0.9064659
0.9012033
0.9015685
0.9009965
0.903087
0.8925093
0.9179057
0.8974247
0.9087352
0.9031644
0.9099109
0.9082034
0.9181644
0.9194616
0.910916
0.9145781
0.9092946
0.907486
0.9174788
0.921828
0.9122627
0.915919
0.931196
0.9187015
0.9128471
0.9193938
0.9245927
0.9200648
0.917932
0.9228627
0.9278285
0.9182277
0.918396
0.9238793
0.9185377
0.9252127
0.9160271
0.9281255
0.9217526
0.9143361
0.9238638
0.9250972
0.9283666
0.9236327
0.9109092
0.9090649
0.9059761
0.8957238
0.839763
0.9085674
0.9101509
0.9155475
0.9157514
0.9157154
0.9119081
0.9121877
0.9247107
0.9159332
0.9158909
0.911214
0.9095503
0.9050316
0.9181121
0.914425
0.91167
0.9102222
0.9030895
0.8797747
0.8829344
0.9133065
0.9158895
0.9169867
0.9173293
0.9198211
0.8837676
0.8815861
0.9155162
0.8821293
0.8677856
0.9149197
0.8802053
0.884338
0.9207519
0.8733155
0.8977712
0.8801768
0.8853199
0.8851697
0.9207388
0.9142201
0.9188307
0.9204826
0.8828419
0.8709373
0.8798816
0.9151654
0.9093632
0.9161035
0.9189827
0.9190756
0.9173221
0.9168163
0.9166213
0.9128109
0.9170548
0.9122321
0.8982135
0.9087794
0.8791447
0.9176887
0.9225281
0.9201315
0.9242266
0.9275856
0.9310152
0.928768
0.8797212
0.9177436
0.9163234
0.9170971
0.9151736
0.9205418
0.9199108
0.9145705
0.9098146
0.9198148
0.9166903
0.9158715
0.9151174
0.9149924
0.9134087
0.9123532
0.912266
0.9128139
0.9194094
0.9175195
0.910556
0.9145136
0.9144136
0.9085739
0.9178338
0.910444
0.9162456
0.9200823
0.888881
0.9188753
0.9168764
0.876697
0.9130697
0.8782602
0.8906511
0.8852168
0.909516
0.9106689
0.9152749
0.9108274
0.9189227
0.9109494
0.9170737
0.9150153
0.9163759
0.9209852
0.9194828
0.9158834
0.9206674
0.9202741
0.9170773
0.8788469
0.8829314
0.9113627
0.9153843
0.9148535
0.9174273
0.9186992
0.8830839
0.8804922
0.916284
0.883016
0.8683882
0.9146341
0.8770669
0.8814558
0.920656
0.876659
0.8973594
0.8764497
0.8824104
0.8859709
0.9179059
0.9141296
0.9193486
0.9197011
0.8798886
0.8707476
0.8785091
0.91064
0.9098308
0.913659
0.9182036
0.9201893
0.9124755
0.9161917
0.9161346
0.9125347
0.9143241
0.911374
0.8940943
0.9095538
0.8793899
0.9168388
0.9227304
0.9198477
0.9263345
0.9264252
0.9265638
0.9283197
0.8796827
0.9175751
0.9173368
0.9168059
0.912656
0.9165559
0.9196968
0.9130574
0.9095853
0.920476
0.9149102
0.9163498
0.9139146
0.9166158
0.9158545
0.9126541
0.9152031
0.9132308
0.9227679
0.9212291
0.911559
0.9183912
0.914592
0.9110216
0.9161036
0.9139505
0.9165415
0.9204697
0.8872509
0.9163124
0.9180102
0.8776771
0.9140203
0.8791538
0.8905973
0.8860388
0.9106888
0.9145468
0.9151457
0.9152926
0.9179575
0.9114474
0.9164709
0.9139382
0.9171003
0.9226102
0.920532
0.9176548
0.9229229
0.9201802
0.9170999
0.9059432
0.9035749
0.8955907
0.9009535
0.9026783
0.9118549
0.925679
0.9166901
0.8999748
0.9185817
0.9003967
0.906729
0.9306924
0.9009166
0.8918869
0.9490165
0.8997636
0.9081039
0.9008456
0.8930984
0.9086395
0.9229561
0.9175444
0.9139393
0.9142447
0.8948245
0.9123591
0.913139
0.8472837
0.8408155
0.8155795
0.9030472
0.9080059
0.90649
0.9017389
0.8917109
0.898477
0.9061158
0.8940203
0.9193045
0.8939677
0.9073605
0.9006558
0.9097814
0.905722
0.9148033
0.9094164
0.9020875
0.9022515
0.9075322
0.9056597
0.9175507
0.92616
0.9180746
0.9140236
0.9325891
0.9205516
0.9110956
0.926522
0.9297382
0.9223031
0.9217063
0.9301816
0.9340234
0.9204293
0.9180121
0.9215279
0.9163748
0.9282437
0.921655
0.9360312
0.9235684
0.9152268
0.9261852
0.9298462
0.9329284
0.9244892
0.9163218
0.9170523
0.9064753
0.9017128
0.8213661
0.9085928
0.9078215
0.9126553
0.9181385
0.9232938
0.9109459
0.9133307
0.9283829
0.9174058
0.9213053
0.9151074
0.9117712
0.907452
0.9205606
0.9190462
0.9174897
0.9148683
0.9032281
0.9037336
0.9061689
0.8898685
0.8954086
0.8961538
0.9043765
0.9100732
0.9161891
0.8961906
0.9101272
0.8982837
0.9051712
0.9165092
0.8998076
0.8887325
0.9516854
0.8950145
0.8999894
0.9003949
0.8915348
0.9058608
0.9079687
0.9021245
0.8960911
0.8988474
0.8926245
0.9120541
0.914216
0.8362467
0.8215271
0.832495
0.8940028
0.8936146
0.8994699
0.8919303
0.8844715
0.8941279
0.8969974
0.8808618
0.9179685
0.8801347
0.90269
0.8918772
0.9028462
0.8991969
0.9117805
0.9024948
0.9010371
0.9002672
0.9023911
0.8932547
0.9057248
0.9126952
0.9029584
0.9099231
0.9182841
0.9093005
0.9040904
0.9086612
0.9217754
0.9130142
0.9159069
0.9152814
0.917089
0.9104176
0.9091391
0.9138217
0.9160287
0.9183072
0.9126368
0.9216916
0.9138827
0.9040032
0.9176445
0.9192325
0.9228637
0.9120799
0.9095231
0.9049467
0.8950234
0.8971634
0.8311853
0.90225
0.9096847
0.9119354
0.9104325
0.9128529
0.901566
0.9081343
0.9206579
0.9100945
0.9088498
0.9069718
0.9011058
0.8984395
0.9070457
0.901598
0.9053801
0.9076864
0.890356
0.8981183
0.9019112
0.8949614
0.8969283
0.8977883
0.9032316
0.9145546
0.910302
0.8939356
0.9112755
0.8961493
0.9045313
0.9164643
0.9009831
0.8902043
0.9477676
0.8979118
0.907291
0.9021821
0.8956004
0.9037618
0.9100772
0.900733
0.9026735
0.9039801
0.8922099
0.9037053
0.9067424
0.8469754
0.850228
0.845035
0.8901559
0.9008648
0.898592
0.8930824
0.8874568
0.889625
0.8964905
0.8866652
0.9122222
0.8882377
0.9026467
0.8958949
0.9092984
0.9021595
0.9135671
0.9095586
0.9056672
0.9048657
0.902466
0.9008142
0.9078628
0.9098122
0.903195
0.9090844
0.9193718
0.9102164
0.9067906
0.9132181
0.9202973
0.9129038
0.911791
0.9190039
0.9208072
0.9098034
0.910421
0.9117922
0.9131073
0.920763
0.9114392
0.9209557
0.916139
0.9039157
0.9168677
0.9167365
0.9254618
0.9121629
0.9061961
0.9017495
0.8988527
0.8957123
0.8373335
0.9023253
0.9057697
0.91107
0.9110947
0.9113352
0.9026083
0.9057566
0.9215154
0.9094018
0.905248
0.9064103
0.900985
0.8980444
0.9080911
0.906271
0.9047252
0.9052476
0.8940973
0.9089554
0.9061368
0.8952461
0.8991052
0.8998855
0.9078234
0.9186439
0.9195603
0.9021092
0.9205035
0.9038661
0.9073377
0.9275602
0.8988032
0.8886381
0.94948
0.8961825
0.9057361
0.8978163
0.8935654
0.9078315
0.9145447
0.9134615
0.9053936
0.9056195
0.8961989
0.915351
0.9183372
0.8454471
0.8412072
0.8461654
0.8978726
0.9013676
0.9047636
0.8973264
0.8845486
0.8978909
0.9021115
0.8898733
0.9184908
0.89205
0.9053958
0.8952213
0.9086619
0.9043357
0.9164153
0.9058398
0.9024814
0.9038076
0.9045142
0.9030039
0.9131008
0.9204159
0.9066305
0.9185813
0.9262428
0.9145752
0.9107236
0.9123213
0.9302129
0.9203428
0.9184895
0.9250792
0.9267241
0.9164639
0.91553
0.9199571
0.9220459
0.9288105
0.919923
0.9312121
0.9237229
0.9126056
0.9207041
0.9273911
0.9297375
0.9176262
0.9139574
0.9139563
0.9008204
0.899746
0.8492415
0.9049568
0.911223
0.9147395
0.9180465
0.920039
0.9076206
0.9092966
0.928897
0.9203669
0.907567
0.9116728
0.9084726
0.8953775
0.9104439
0.9024354
0.907074
0.9123556
0.8958476
0.9187566
0.9221142
0.876567
0.8809827
0.8786433
0.8763971
0.8784919
0.9180265
0.9141683
0.9120864
0.9168877
0.9172935
0.8981857
0.9193757
0.9098818
0.937812
0.9155449
0.9117781
0.9216152
0.9117867
0.9106741
0.8847298
0.8866516
0.8836823
0.8814577
0.9122154
0.9229936
0.9251152
0.9072596
0.9109731
0.9120731
0.8899584
0.9076917
0.9069405
0.9003496
0.9112052
0.9094208
0.8733906
0.897785
0.9248932
0.8901939
0.9074488
0.9082941
0.9083408
0.9144254
0.9145506
0.9168663
0.9189622
0.9255467
0.9075034
0.8773932
0.8858039
0.897659
0.8974956
0.9086737
0.9039205
0.9026286
0.9034444
0.9025004
0.9021531
0.893177
0.8975987
0.9016683
0.8968332
0.899528
0.9003374
0.8964372
0.9135815
0.8997046
0.8976875
0.8944249
0.9045535
0.8977823
0.9065625
0.8961416
0.8997506
0.9065453
0.9214167
0.8930072
0.8730294
0.9071287
0.9093481
0.9067779
0.9247525
0.9226332
0.9075053
0.9100923
0.8996848
0.9053829
0.9107842
0.9025805
0.8788428
0.8930929
0.8840049
0.8887698
0.8760932
0.8800581
0.8914732
0.8949556
0.8835427
0.8976366
0.9027157
0.8867981
0.8864711
0.8883887
0.8895508
0.8958511
0.9100213
0.8919228
0.9060116
0.8946825
0.8951127
0.8892183
0.8927749
0.8776608
0.9456866
0.8939544
0.8920335
0.8921434
0.8799776
0.8951972
0.8945078
0.8911716
0.8798849
0.8843149
0.8843381
0.9038308
0.9113174
0.8724748
0.870364
0.8732664
0.8874907
0.8759175
0.8808612
0.8791757
0.8808833
0.8784764
0.8791469
0.7600083
0.9180053
0.8248802
0.8897731
0.8730696
0.8902082
0.8917431
0.8921892
0.8910547
0.894361
0.899705
0.8887209
0.8861057
0.8889219
0.8855566
0.8809506
0.8992924
0.8922866
0.8881776
0.8944396
0.8875619
0.8982409
0.8903297
0.8946293
0.8949735
0.8961424
0.888039
0.8927449
0.8871332
0.9056183
0.8957299
0.8896057
0.89382
0.8962613
0.8872483
0.8937755
0.8905653
0.8960536
0.8981305
0.9117025
0.8953415
0.8828204
0.8904967
0.8703135
0.8911605
0.9092087
0.9081614
0.9008546
0.9053976
0.8830576
0.8953348
0.9074716
0.8940276
0.8828396
0.8956212
0.8880943
0.8862389
0.8795914
0.8826491
0.8920314
0.8964418
0.8765446
0.9128792
0.91421
0.9059358
0.9056338
0.905552
0.904192
0.9080018
0.917306
0.8995944
0.909959
0.903561
0.9092036
0.9055652
0.9068766
0.8993619
0.9418406
0.902994
0.9065232
0.9091232
0.8964852
0.9044888
0.9121467
0.9079521
0.9054229
0.9041199
0.90126
0.9142169
0.9181954
0.9050728
0.9049669
0.9005462
0.9072678
0.8918267
0.8893062
0.8807326
0.8976053
0.8853746
0.9038585
0.8938344
0.9148175
0.8905757
0.9066568
0.8894873
0.8994684
0.896084
0.9049445
0.9033924
0.902816
0.9087712
0.9072107
0.9060212
0.9107452
0.9075452
0.9010248
0.9070211
0.9116284
0.9000108
0.8992286
0.9068028
0.9104202
0.9092218
0.9006701
0.9056029
0.9051712
0.9028545
0.9031205
0.9033382
0.9091952
0.9101974
0.9011871
0.9107314
0.9066381
0.9003491
0.9056537
0.9053738
0.9106835
0.9032595
0.9165283
0.9122491
0.9050669
0.901001
0.9034318
0.9064533
0.9148227
0.9155327
0.8991416
0.9140087
0.9054962
0.9059934
0.9095758
0.8972583
0.9113428
0.9136976
0.9083508
0.9030172
0.9099352
0.9076872
0.9131972
0.9161805
0.9043567
0.9108791
0.9136009
0.8559264
0.8508431
0.8514635
0.8572989
0.8783396
0.9205508
0.9049099
0.9157166
0.9050166
0.9068588
0.9118427
0.905487
0.892377
0.949253
0.9046252
0.9092842
0.908197
0.8985776
0.9101627
0.8953721
0.8917862
0.8837539
0.880963
0.9018387
0.9185795
0.9187078
0.8976206
0.8951114
0.8953167
0.8751307
0.9024564
0.9034462
0.891024
0.8956367
0.8990343
0.8356334
0.8941514
0.9237985
0.8938947
0.9043491
0.8989903
0.9058666
0.9057265
0.9138135
0.9111491
0.9090843
0.9127309
0.9044827
0.8353927
0.8892157
0.9137957
0.9010834
0.9107681
0.9169487
0.907652
0.9041033
0.9077273
0.9152359
0.9063477
0.9083448
0.9115579
0.9102304
0.9051532
0.9070539
0.9056507
0.9161791
0.9105664
0.9052258
0.914668
0.9117668
0.9037349
0.9098757
0.9094656
0.9152406
0.9099341
0.9127479
0.8929343
0.837276
0.9033524
0.8882409
0.9038268
0.9194778
0.9193277
0.9116583
0.9178752
0.9024913
0.9087273
0.9235367
0.9066185
0.8914357
0.8884414
0.8880277
0.8830135
0.8879121
0.8877065
0.8930862
0.8964503
0.8761039
0.9091976
0.9071512
0.9057958
0.9050626
0.9058777
0.8967111
0.8926981
0.9051123
0.9005221
0.9037138
0.8990008
0.8908056
0.8824126
0.9082608
0.9001835
0.9256693
0.8947747
0.8945811
0.9087899
0.9003208
0.8903143
0.897044
0.8979363
0.892764
0.8917503
0.8949024
0.9022699
0.9041923
0.9081239
0.914678
0.9094278
0.9122392
0.9013187
0.9004388
0.9049728
0.9167524
0.9063574
0.899797
0.8969226
0.9086537
0.8888848
0.888426
0.908272
0.9092569
0.9165425
0.9080513
0.9216702
0.9249263
0.9294911
0.8889613
0.9095346
0.8937632
0.882822
0.8916008
0.9030927
0.8971195
0.8910804
0.8915577
0.899841
0.8920929
0.8828629
0.8856964
0.8880096
0.8856985
0.8836943
0.8978929
0.8852259
0.9043155
0.8920976
0.8875803
0.8846771
0.8921416
0.8872741
0.8965342
0.8842558
0.8820868
0.8952672
0.9078808
0.8999314
0.898085
0.8899421
0.9100736
0.8886275
0.9119286
0.9055162
0.8992698
0.8993852
0.8979299
0.9022677
0.8988874
0.9000182
0.8872339
0.9058878
0.8962233
0.8996145
0.8946308
0.8872788
0.905067
0.9078132
0.9009361
0.9165432
0.9227241
0.888942
0.8896317
0.8886959
0.8839237
0.8851929
0.9177957
0.919911
0.9099847
0.9187219
0.9166726
0.8909639
0.9232566
0.9130592
0.9383681
0.9157276
0.9137038
0.9247529
0.9113044
0.9133419
0.8845225
0.8780088
0.8750233
0.8750139
0.9172416
0.9174648
0.9176678
0.9090102
0.9156517
0.9085696
0.9008973
0.9040974
0.9056014
0.9049743
0.9181295
0.9098264
0.8809208
0.896049
0.9185831
0.8892722
0.9016804
0.9084256
0.9097994
0.9142218
0.9081275
0.9210752
0.9247907
0.9297315
0.9020877
0.888292
0.8755305
0.8920108
0.8995233
0.9176803
0.9018999
0.8972762
0.9006002
0.9029367
0.8973556
0.8927992
0.8914641
0.8965887
0.8910167
0.8978387
0.9018981
0.8921291
0.9106685
0.8937223
0.8883892
0.8898302
0.8979592
0.8974518
0.9006898
0.8943165
0.8880137
0.899103
0.9206692
0.8161236
0.8823769
0.9081894
0.9071683
0.9049197
0.9243147
0.9216325
0.9071706
0.9054159
0.9040685
0.9032878
0.9077633
0.9030208
0.8702369
0.883509
0.8769868
0.8866377
0.8701863
0.8671087
0.8897136
0.8894057
0.8824451
0.9027254
0.9048075
0.9037677
0.9098138
0.9085761
0.9058237
0.9035854
0.9034749
0.8891985
0.9059287
0.8915462
0.8928403
0.8960431
0.9034871
0.8970201
0.9306093
0.8941871
0.8959189
0.9047619
0.8951465
0.8878767
0.9030314
0.9030332
0.9022507
0.9007049
0.8862145
0.8964284
0.8983571
0.9109493
0.9096947
0.9078485
0.9109119
0.9077246
0.9028887
0.9027244
0.9123496
0.9046651
0.9036513
0.8948726
0.9081661
0.8883524
0.8920977
0.9058735
0.9124814
0.9115185
0.9102039
0.9212696
0.9243983
0.9261948
0.8919909
0.9066146
0.9031726
0.8937547
0.8984824
0.9070346
0.9041217
0.8924786
0.8945796
0.9015181
0.9016802
0.8953384
0.8923166
0.8982377
0.8925962
0.8910558
0.8997978
0.8935486
0.9101792
0.9004015
0.8929751
0.8946516
0.8973479
0.8986744
0.9027499
0.8929116
0.892378
0.9011656
0.9054744
0.9067076
0.9035636
0.8937552
0.9016812
0.8931287
0.9090525
0.9087163
0.8992913
0.900106
0.9001755
0.9025852
0.9052842
0.9005545
0.8961588
0.9096003
0.9007196
0.9074954
0.9014508
0.8986862
0.9059401
0.90572
0.9048178
0.9205459
0.9251534
0.8872714
0.8822692
0.8808644
0.8756868
0.8858079
0.9265626
0.9139455
0.9177521
0.9173748
0.9158895
0.904198
0.9240989
0.909071
0.9425973
0.9142958
0.9117357
0.9248489
0.9127546
0.9101932
0.8921583
0.8913733
0.8857461
0.8837562
0.912873
0.9232797
0.9234475
0.9063744
0.9126327
0.9131936
0.8895411
0.9010533
0.9066691
0.9025864
0.9116406
0.9116229
0.873954
0.8996682
0.9262747
0.8944165
0.9115765
0.9092081
0.9087481
0.9152868
0.9115688
0.9154874
0.9192313
0.9285433
0.9113222
0.8844158
0.8878512
0.9001312
0.898961
0.9182124
0.9100851
0.9034884
0.9110444
0.9020458
0.9101452
0.8990393
0.9069237
0.9117809
0.9045756
0.9061241
0.9065563
0.9069784
0.9212106
0.911836
0.9055099
0.9039301
0.9072448
0.9078174
0.9062917
0.9086944
0.9027522
0.9123691
0.9237235
0.901302
0.8760303
0.9117218
0.9128546
0.9123349
0.9264711
0.9258605
0.9171467
0.9123425
0.9075436
0.9036231
0.9142357
0.90944
0.8822906
0.8967425
0.8888432
0.8904023
0.8913825
0.8854769
0.8985109
0.8999644
0.890667
0.9115884
0.9134903
0.856996
0.8574157
0.8564037
0.8486605
0.871862
0.9165723
0.9042188
0.9096654
0.9035731
0.9036656
0.8991037
0.9121444
0.9016883
0.946428
0.9030742
0.9031271
0.9128976
0.9036654
0.9047965
0.892659
0.8808066
0.8783794
0.8789833
0.898082
0.9166578
0.9190874
0.9006344
0.8960942
0.8973151
0.8723038
0.8999287
0.9015357
0.8982619
0.8934652
0.899025
0.8311834
0.8932553
0.9211378
0.8884944
0.8988342
0.8998188
0.9064385
0.9036114
0.9118672
0.9095368
0.9105191
0.9115083
0.8997619
0.8366192
0.884268
0.8976292
0.8944968
0.9113634
0.9057794
0.8993925
0.9045104
0.898162
0.9062398
0.8982261
0.9013098
0.9026532
0.9025421
0.8995163
0.9027321
0.9002056
0.9136186
0.9010052
0.901272
0.9029343
0.9057267
0.8967001
0.9068918
0.8997307
0.9012054
0.9079462
0.9162027
0.8884238
0.8367031
0.9031388
0.8970685
0.8994232
0.9177193
0.920493
0.9069825
0.9091328
0.900366
0.9047193
0.9167143
0.9046402
0.886866
0.8867006
0.8803842
0.880514
0.877118
0.8792071
0.8870439
0.889009
0.8753045
0.9035157
0.9021559
0.8873192
0.896009
0.8979548
0.9073941
0.913396
0.9123655
0.894388
0.9112584
0.8961804
0.9045255
0.9184389
0.8973465
0.8867755
0.9462377
0.8950126
0.9012368
0.8977763
0.8884205
0.900954
0.9113008
0.9049687
0.9009981
0.9040487
0.8903819
0.9064011
0.9081278
0.8434316
0.8349351
0.8177862
0.8906991
0.9003676
0.8973886
0.8930428
0.8799159
0.8944418
0.8987004
0.8867666
0.9117511
0.8889711
0.9028987
0.8944762
0.9042484
0.898425
0.9136113
0.9060655
0.9036395
0.9037769
0.9026768
0.8955873
0.9116219
0.9084767
0.9052873
0.9073195
0.9210565
0.9095558
0.902371
0.9115786
0.9202141
0.9125535
0.9126038
0.9195767
0.9220036
0.9093353
0.9109368
0.9133195
0.9167781
0.9186664
0.9132072
0.9224397
0.9167081
0.9048645
0.9170996
0.9186854
0.9263622
0.9165704
0.9069065
0.9070691
0.9001209
0.8971365
0.755209
0.9017844
0.9062054
0.9123918
0.9099553
0.9085398
0.9060143
0.906701
0.919291
0.9087701
0.9087029
0.9034654
0.903995
0.8951526
0.9126835
0.9087933
0.9062211
0.9060648
0.8934254
0.9099324
0.9153376
0.8573108
0.8471035
0.8444612
0.8526878
0.872952
0.922489
0.9041781
0.9192844
0.9023889
0.9094567
0.9094646
0.91146
0.9005661
0.9472212
0.9079167
0.9113105
0.9138395
0.905558
0.9073994
0.8905756
0.884554
0.8761307
0.8781213
0.9010807
0.9193611
0.9204033
0.8974311
0.8976748
0.8988104
0.8756498
0.8986267
0.9069852
0.8948327
0.8947527
0.9002344
0.8405115
0.8920367
0.9198639
0.8919008
0.9058168
0.8990789
0.9085491
0.9066413
0.912888
0.9128207
0.9126116
0.9146346
0.906106
0.8532915
0.8859385
0.9044812
0.8990023
0.9140864
0.9130818
0.908759
0.9071534
0.9058404
0.9167534
0.9006213
0.9044254
0.9061304
0.9104531
0.9081426
0.9040248
0.9074525
0.9126658
0.9122311
0.9087898
0.91004
0.9090326
0.9065451
0.9138061
0.9041965
0.9112011
0.9113742
0.9173739
0.8937828
0.8447272
0.9068613
0.8967728
0.9086895
0.9179348
0.9169284
0.9133636
0.9129502
0.9058194
0.9081411
0.9202811
0.907815
0.8805172
0.8880632
0.8821605
0.8806048
0.879827
0.8795644
0.8879436
0.889742
0.8670816
0.9116076
0.9157811
0.903724
0.9058676
0.906092
0.8993097
0.8938492
0.9119994
0.9005879
0.8967758
0.9033165
0.9043325
0.876682
0.9143201
0.9014009
0.9370022
0.9007236
0.9018603
0.9161861
0.9019007
0.8959755
0.8990414
0.8980645
0.8919327
0.8949041
0.9017707
0.9079844
0.9149002
0.9082154
0.9191091
0.9097147
0.9096371
0.9015284
0.8975526
0.897604
0.91333
0.908929
0.8981613
0.8918967
0.9142867
0.8809351
0.8965008
0.9028349
0.9066021
0.9080705
0.9087916
0.9170319
0.9210077
0.9288804
0.8974062
0.905136
0.8900378
0.8743739
0.8815727
0.9037167
0.8888726
0.8839634
0.8895486
0.8862702
0.8854857
0.8762853
0.8786826
0.8779312
0.8764542
0.8798579
0.8820466
0.8850787
0.8983128
0.8901753
0.8809008
0.8768653
0.8837275
0.8781401
0.8831388
0.8758027
0.8779897
0.8897841
0.9163554
0.9043062
0.8991486
0.8975755
0.9110745
0.8953701
0.9114064
0.9159618
0.8849127
0.8929333
0.8931955
0.8827767
0.8885086
0.8910084
0.8917643
0.9062172
0.8957095
0.8975262
0.8932357
0.8925672
0.9089964
0.9030316
0.8951024
0.9120183
0.9153164
0.8588159
0.8510614
0.8523761
0.8489282
0.868842
0.9133499
0.90197
0.9117688
0.9022354
0.9034418
0.8993098
0.9070142
0.8979478
0.9475276
0.9020604
0.9032972
0.9067322
0.8973227
0.9035385
0.8936017
0.8828894
0.8783951
0.8787074
0.9004392
0.9164056
0.9188055
0.8958578
0.8973595
0.8943359
0.8731027
0.8969422
0.9011394
0.8965252
0.8953299
0.8978232
0.8314035
0.8872393
0.9192637
0.8837799
0.8973169
0.9004614
0.9010485
0.9023541
0.9121441
0.9097701
0.9086147
0.9125841
0.8979303
0.8321635
0.8826493
0.8984165
0.8929457
0.9097582
0.9078752
0.897167
0.9022016
0.903166
0.9115083
0.8995801
0.9011568
0.9037254
0.9039556
0.9029066
0.902705
0.9013431
0.913934
0.9068108
0.9040299
0.9064332
0.9070854
0.896978
0.9079081
0.9034779
0.9034909
0.9084383
0.9122969
0.887406
0.830899
0.8985439
0.8915343
0.8999024
0.9153985
0.9182112
0.9103522
0.9081564
0.8990233
0.9053666
0.9171207
0.9043379
0.8835181
0.8846536
0.8763566
0.8787616
0.8740127
0.8780952
0.8834609
0.8892583
0.8759346
0.9101376
0.915241
0.8588012
0.8464962
0.8462032
0.8566172
0.8717288
0.9217987
0.90556
0.9185198
0.9049573
0.9102122
0.9079901
0.9123974
0.8991448
0.9468111
0.9094403
0.9108628
0.9148707
0.9061927
0.910358
0.8913101
0.886771
0.8781062
0.8787101
0.9052257
0.9182779
0.9195902
0.9003971
0.8958689
0.8977306
0.8756508
0.9001048
0.90922
0.8957475
0.8969401
0.9017387
0.8418795
0.894175
0.9219336
0.893635
0.9074246
0.9012996
0.9093032
0.9084909
0.9158154
0.9155011
0.9136838
0.9183031
0.9079478
0.8552094
0.887956
0.9066498
0.9025438
0.915495
0.9143749
0.9104251
0.9077343
0.906831
0.916307
0.9059704
0.90764
0.906136
0.9099145
0.9082699
0.9077251
0.9056679
0.9170672
0.9139228
0.9094462
0.9095204
0.9103249
0.9068693
0.9128485
0.9046469
0.9130816
0.9134073
0.9157961
0.8944952
0.8437932
0.905655
0.8971264
0.9096319
0.9200478
0.9192159
0.9147962
0.9144566
0.9067072
0.9081883
0.9200384
0.9116966
0.8841699
0.8911565
0.882508
0.8824564
0.8852238
0.8808222
0.889422
0.889444
0.8684552
0.8817091
0.8869779
0.8981539
0.9011609
0.9006435
0.9017639
0.9091855
0.8926317
0.879001
0.9111621
0.880739
0.8697119
0.9040206
0.8762403
0.8704741
0.9340483
0.8781571
0.8838571
0.8792092
0.8761303
0.8841345
0.9129588
0.9071913
0.898658
0.9007504
0.8781443
0.8903749
0.8983561
0.9044404
0.8930037
0.9006736
0.9035654
0.9039039
0.9052115
0.8971381
0.9006992
0.8989717
0.8999385
0.8954653
0.9027704
0.8926287
0.6929713
0.9022055
0.9091007
0.9089937
0.9111301
0.9146013
0.91625
0.914496
0.6932132
0.9027773
0.9046816
0.9053999
0.8979931
0.9084206
0.9128289
0.9048221
0.9000351
0.9015656
0.9128376
0.9064101
0.9040933
0.9066676
0.9042415
0.903484
0.9040887
0.9040136
0.9147441
0.9093108
0.9076944
0.9069446
0.9074087
0.8973891
0.9053229
0.9047074
0.9136031
0.9093895
0.8912453
0.9127663
0.8991529
0.8548982
0.8986677
0.6943961
0.8900495
0.8397558
0.9041992
0.9093081
0.9004216
0.902518
0.9129367
0.9052944
0.8998368
0.9101347
0.9047986
0.8966872
0.8995091
0.8994733
0.9092839
0.9093111
0.8958985
0.9200686
0.9263382
0.8826866
0.8867869
0.8853783
0.8747992
0.8667905
0.9202832
0.9137309
0.914192
0.9179048
0.9092266
0.8716341
0.9235563
0.9127265
0.9406547
0.9077084
0.9031367
0.9245392
0.9147231
0.9063026
0.8223618
0.8291855
0.8166707
0.8166806
0.9145256
0.9227621
0.9218566
0.9037779
0.9151218
0.9102995
0.8951628
0.8928231
0.9021824
0.8945291
0.9098348
0.9074679
0.8744778
0.8817152
0.9211506
0.8750614
0.9011265
0.9016058
0.9002675
0.9097431
0.9064048
0.9150923
0.9201781
0.9289776
0.9015006
0.8799701
0.8090454
0.8713974
0.8782589
0.9093575
0.8849426
0.8877444
0.8932109
0.8842364
0.8847003
0.8752744
0.884007
0.8782446
0.8724657
0.87986
0.885979
0.8791346
0.9007741
0.8825215
0.8794403
0.8748581
0.8819355
0.8814963
0.8888971
0.8760796
0.8689123
0.8824322
0.9251516
0.8849541
0.8770891
0.9056495
0.911556
0.9005995
0.9252386
0.9210702
0.9032479
0.9012635
0.8956952
0.8975002
0.9002673
0.8917216
0.600048
0.8570074
0.8358333
0.8486586
0.8127825
0.8148637
0.8570202
0.8539768
0.8363069
0.9050781
0.9095872
0.8553615
0.8298378
0.8318144
0.8482471
0.8711211
0.9162774
0.9069935
0.9116266
0.9047739
0.9094908
0.9062361
0.9071184
0.8940805
0.947786
0.9013148
0.9031799
0.9096861
0.9040754
0.905644
0.8891959
0.8854302
0.8763784
0.8811277
0.8980568
0.9103301
0.9127058
0.8923763
0.8952066
0.8967705
0.8673699
0.899159
0.9032826
0.8936412
0.8925617
0.8966807
0.8373338
0.8937187
0.9214901
0.8884287
0.9035179
0.8991155
0.9068466
0.9041002
0.9127392
0.9106579
0.9095454
0.9111241
0.9032177
0.8396821
0.8877701
0.8994695
0.8981371
0.91001
0.9144497
0.9069269
0.9017013
0.9110951
0.9105338
0.9021669
0.9112533
0.9058702
0.907806
0.9039086
0.9047041
0.9010675
0.9151611
0.9131971
0.9055657
0.9065868
0.9118654
0.9024479
0.9067076
0.9044977
0.9103241
0.9095743
0.9113817
0.889663
0.8401869
0.9013755
0.8924692
0.9048849
0.9137839
0.9156965
0.9126804
0.9081788
0.9003401
0.905829
0.9192755
0.905573
0.8838418
0.8883854
0.8811215
0.8786784
0.8839455
0.8766651
0.8834038
0.8927751
0.8724932
0.9051032
0.9115837
0.8639834
0.8694092
0.8664935
0.8746348
0.8813158
0.9165165
0.9024003
0.9107656
0.9028625
0.905569
0.9114407
0.9039038
0.8988967
0.948444
0.9041758
0.9076308
0.905078
0.8988182
0.9080796
0.8957989
0.89315
0.8842606
0.887058
0.8988496
0.9110074
0.9150749
0.8991556
0.8905918
0.8959284
0.832393
0.9064502
0.9041136
0.8985924
0.8953151
0.8964779
0.8667167
0.8930697
0.9214922
0.8953723
0.9059009
0.9009396
0.9053308
0.8993665
0.9126367
0.9113067
0.9118868
0.9136345
0.9061907
0.8683571
0.8916438
0.9028017
0.9027047
0.9071721
0.9155379
0.9021688
0.9016145
0.9110728
0.9148315
0.9042836
0.9030334
0.9120355
0.9108625
0.9090645
0.9067169
0.9062671
0.9134141
0.9096039
0.9072363
0.9113625
0.9107175
0.904998
0.9132838
0.912851
0.912373
0.9067094
0.9129345
0.8935999
0.8688327
0.900457
0.8903984
0.9073366
0.9115646
0.9176397
0.9150714
0.9097433
0.9045378
0.9080742
0.9160387
0.9036013
0.8923777
0.8877447
0.888689
0.8811399
0.8922912
0.8888081
0.8926087
0.89246
0.8841104
0.9052817
0.910764
0.8626247
0.8651485
0.8640683
0.8750509
0.8817855
0.9159848
0.9002283
0.9113325
0.90121
0.9040833
0.9112755
0.904784
0.8968251
0.9501142
0.903448
0.9054841
0.9053779
0.896622
0.9055721
0.8943022
0.8889818
0.8834477
0.887083
0.8978592
0.9104963
0.915502
0.8958844
0.8877983
0.8946469
0.8283982
0.9056991
0.9015954
0.8967104
0.8931041
0.8935054
0.8666992
0.8935959
0.9180837
0.8912145
0.9037998
0.9011514
0.903727
0.8990566
0.9131418
0.9103523
0.9114891
0.9116917
0.9039333
0.8658779
0.8926519
0.9013343
0.9010895
0.9059777
0.9131028
0.9026251
0.9010072
0.9110671
0.9124376
0.905287
0.9028907
0.9112313
0.9085671
0.9051545
0.90475
0.9086833
0.9134133
0.9089497
0.9044187
0.9120924
0.9111778
0.903417
0.9112072
0.9098257
0.9120114
0.9072354
0.9126636
0.8930309
0.8655707
0.8960898
0.8907974
0.9043806
0.9085763
0.9180265
0.912654
0.9108925
0.9029413
0.9045829
0.9153447
0.9031786
0.8913699
0.8883403
0.8876734
0.8827899
0.8933895
0.886704
0.8951305
0.8922563
0.8815881
0.9119488
0.9142409
0.8689441
0.8723459
0.8696444
0.8782853
0.8832813
0.9185907
0.9016251
0.9139902
0.8993745
0.9091665
0.9144633
0.9119624
0.8981272
0.9508731
0.9058553
0.907052
0.9127934
0.8980216
0.9113627
0.895875
0.8935089
0.8893888
0.8874671
0.8984154
0.9099338
0.9142194
0.8992876
0.8934215
0.90088
0.836524
0.904769
0.9075153
0.9000839
0.8950552
0.8971969
0.8673919
0.8958625
0.9234504
0.8932422
0.9082526
0.9023488
0.9066324
0.9025663
0.9153169
0.9116428
0.9098932
0.912314
0.9082687
0.8677189
0.8972485
0.9067326
0.9055784
0.910238
0.9144154
0.9053146
0.9067785
0.9114837
0.9158862
0.9047859
0.9091537
0.9118178
0.9130073
0.9081994
0.9080821
0.9105332
0.9146703
0.9124764
0.9072766
0.9144058
0.9145415
0.9061117
0.9158126
0.9113445
0.918628
0.9075601
0.9153052
0.8953646
0.8639433
0.901383
0.8914309
0.9086706
0.9141346
0.9187095
0.9110582
0.9100653
0.9052558
0.9080016
0.9202601
0.9083878
0.8946099
0.8903889
0.8919041
0.8875618
0.8937567
0.8897505
0.8931696
0.8947482
0.8820824
0.9093893
0.9099874
0.8632907
0.8690027
0.8685156
0.8813937
0.8923607
0.9182379
0.9042712
0.9153337
0.9025796
0.9061542
0.9210594
0.9069073
0.8943978
0.9487914
0.900729
0.9063093
0.9094162
0.899579
0.9086896
0.9035495
0.8974203
0.8952285
0.8967317
0.9007737
0.9097557
0.9137572
0.8976901
0.8858354
0.8932595
0.8273319
0.9047547
0.9022158
0.8985443
0.8871431
0.8944218
0.8748918
0.8967725
0.9221009
0.8947564
0.9074322
0.8994295
0.9079828
0.9007745
0.9133662
0.9105161
0.9080759
0.9094999
0.906658
0.8746993
0.902514
0.9118221
0.9055695
0.9082838
0.9198389
0.9126929
0.9051473
0.9151721
0.9212022
0.9099466
0.9121496
0.9188651
0.9200419
0.9137862
0.9129673
0.9132679
0.9139838
0.9160181
0.9114726
0.9199203
0.9178504
0.9094378
0.920049
0.9158267
0.9251743
0.9138651
0.9105886
0.8992626
0.8757224
0.9037381
0.8876613
0.9094284
0.9111063
0.916372
0.912716
0.9141942
0.9061793
0.90667
0.920769
0.9113544
0.9042157
0.897267
0.89527
0.8911133
0.9012284
0.8937825
0.8969985
0.896269
0.8887131
0.9081725
0.9114774
0.8563031
0.8605255
0.8577038
0.8505339
0.8631163
0.914445
0.900157
0.9123067
0.9037075
0.9007477
0.8948537
0.9073835
0.8908449
0.9469986
0.9018138
0.8994675
0.9079851
0.8976548
0.8999522
0.8784503
0.8764624
0.8617625
0.8678128
0.8992588
0.9124596
0.9131715
0.8907139
0.8919773
0.8938034
0.8715018
0.8953148
0.8920939
0.8928637
0.8894196
0.8979958
0.8536352
0.8844514
0.9181476
0.8748726
0.8955551
0.8979913
0.9019995
0.9003031
0.9048088
0.9052697
0.9085591
0.9128279
0.8958105
0.8570938
0.8733579
0.8889783
0.8854004
0.9096301
0.8983957
0.894887
0.8934576
0.8969178
0.8993725
0.8870493
0.8922187
0.8975524
0.8935698
0.8926646
0.8943296
0.890043
0.9090195
0.8983102
0.8936056
0.8965054
0.8990325
0.8913116
0.8989866
0.8952969
0.8946895
0.8966198
0.9160094
0.8803967
0.8502837
0.8921066
0.8891693
0.8967577
0.9154161
0.9117939
0.90388
0.9050077
0.8954542
0.9002608
0.9086552
0.9004139
0.8644576
0.8817053
0.8696389
0.8690627
0.8647963
0.8644028
0.8810978
0.8840807
0.8619521
0.9125185
0.9177102
0.8551086
0.8514612
0.8506176
0.8548556
0.8676607
0.9194856
0.9041816
0.9164737
0.9055782
0.9115666
0.9025509
0.9139019
0.9037558
0.9421445
0.9080525
0.9103955
0.9148693
0.9068423
0.9093381
0.8868314
0.8843031
0.8781844
0.8838918
0.9028314
0.9187824
0.9239688
0.9027113
0.9032789
0.9042644
0.8777765
0.9022166
0.9055058
0.895932
0.9034922
0.8995516
0.8464945
0.8940106
0.9222555
0.891737
0.9074015
0.898045
0.9105871
0.9075651
0.911524
0.9127721
0.9140407
0.9180816
0.906952
0.8503335
0.884468
0.9000372
0.8974529
0.9123379
0.9080114
0.9010349
0.9035917
0.9062254
0.9063007
0.8989559
0.9066724
0.9057618
0.9029165
0.9003227
0.9001775
0.9016048
0.9108675
0.9050347
0.9009566
0.9006039
0.9058306
0.8984216
0.9010439
0.9050882
0.9011568
0.9040073
0.920274
0.8901554
0.8487494
0.9050615
0.9045941
0.9091681
0.915812
0.9179464
0.9123225
0.9084749
0.9002453
0.9046775
0.9116256
0.9015009
0.8819766
0.8877218
0.8815081
0.8809223
0.8794288
0.8753406
0.8890832
0.8912161
0.876251
0.9174784
0.9221874
0.9178799
0.9199259
0.9206821
0.9184211
0.914175
0.9142507
0.908878
0.9145984
0.9120739
0.9104138
0.9045914
0.9157619
0.9103184
0.938598
0.9097631
0.9101794
0.9151386
0.9117835
0.9044684
0.9204285
0.9142732
0.9134436
0.9104467
0.9075001
0.9125725
0.9155963
0.9206678
0.92066
0.9195064
0.919437
0.9140131
0.9099842
0.9098224
0.9208183
0.9100443
0.9160814
0.9095107
0.9150459
0.9063769
0.9085418
0.9160381
0.9169845
0.9185368
0.9172962
0.9223353
0.9259037
0.9268293
0.9085191
0.917657
0.910219
0.9096328
0.9113671
0.915219
0.9118482
0.9104307
0.9068952
0.9106413
0.904791
0.9094601
0.9020123
0.9010586
0.9042507
0.9091594
0.8997132
0.9017628
0.9112965
0.9036184
0.9021422
0.9072257
0.9031376
0.9057311
0.9139472
0.9042315
0.9055115
0.908958
0.9161998
0.9216079
0.9134193
0.9098416
0.9222387
0.9090685
0.9169427
0.9209211
0.9068648
0.9080339
0.9137676
0.9098678
0.9085381
0.905693
0.9158389
0.9199397
0.9154191
0.9191348
0.9128207
0.9105601
0.9212925
0.9185547
0.9140152
0.8798644
0.8818963
0.914942
0.9170356
0.9191842
0.9193447
0.9219534
0.8849304
0.8823614
0.9146723
0.8829845
0.8721612
0.918824
0.8818179
0.8826172
0.9239898
0.8794543
0.89341
0.8823058
0.886489
0.8844046
0.9222643
0.918294
0.9217828
0.9226927
0.8810299
0.8748778
0.8811813
0.9152974
0.9102467
0.914711
0.9173921
0.923332
0.9167171
0.916866
0.921524
0.9125971
0.9186288
0.912866
0.8996407
0.9120188
0.8808906
0.9212868
0.9256123
0.9205545
0.9252431
0.9281882
0.9272715
0.932905
0.8813443
0.9178304
0.9205115
0.9188768
0.9134262
0.9197585
0.9244425
0.914969
0.9103954
0.9195584
0.9212826
0.9156568
0.9150923
0.9209444
0.9175632
0.9151857
0.9156049
0.9143386
0.9215369
0.9209488
0.9116941
0.9152051
0.9138582
0.9134858
0.9174257
0.9164889
0.9191988
0.9211625
0.8930453
0.9166813
0.9192608
0.8766276
0.909807
0.8811375
0.8924201
0.8856546
0.9129453
0.9118586
0.9164908
0.9153557
0.9218029
0.9158358
0.9177112
0.9218663
0.9196102
0.9191865
0.9204825
0.9181186
0.9221435
0.9208391
0.9171641
0.889041
0.8892045
0.904987
0.9032178
0.9058197
0.9094685
0.9139682
0.8947368
0.8745692
0.912932
0.8809862
0.8754828
0.912361
0.8830968
0.8748506
0.9281399
0.8798333
0.8858859
0.8851613
0.8770099
0.8778497
0.9203086
0.9111422
0.9123361
0.9125693
0.87979
0.8863874
0.8883042
0.9107425
0.9008307
0.9045364
0.9048047
0.9136011
0.909373
0.9001907
0.9088198
0.9055952
0.905611
0.902483
0.8962315
0.9015256
0.8396539
0.9063346
0.9155184
0.9119368
0.9166372
0.9192279
0.9199262
0.9198468
0.8404843
0.9059814
0.9118651
0.9100523
0.9047288
0.9098198
0.9179483
0.9109957
0.9054614
0.911977
0.9167053
0.9138952
0.9064722
0.9110909
0.9118897
0.9095284
0.9051502
0.9134677
0.9119251
0.9187163
0.9121129
0.9171587
0.9104652
0.9049906
0.9133156
0.9129275
0.9173122
0.9151009
0.8946096
0.9130296
0.9088361
0.8612311
0.9026619
0.8376332
0.8916533
0.8426667
0.906569
0.9093872
0.9081933
0.9071517
0.913045
0.9053874
0.9126175
0.9132172
0.9107117
0.9055438
0.9119136
0.912639
0.919342
0.9154253
0.9081112
0.9050367
0.9089717
0.8990281
0.903818
0.9020897
0.8985575
0.8961459
0.9078295
0.8919751
0.9076628
0.89452
0.8927728
0.8865087
0.8969197
0.8871554
0.9320466
0.8879786
0.8901433
0.8986984
0.8885373
0.8900241
0.9000186
0.8983671
0.8905549
0.8911326
0.8890743
0.9027887
0.9058363
0.9008452
0.9089683
0.9056489
0.9052575
0.8979714
0.8986842
0.8974888
0.9041172
0.9043631
0.8925593
0.8921458
0.9081117
0.8841733
0.8840653
0.9006216
0.9043584
0.9080948
0.9097274
0.9117107
0.9178737
0.9180098
0.8841574
0.8983646
0.8971503
0.8893535
0.8905599
0.9050615
0.9004438
0.894994
0.8968151
0.8957941
0.8961195
0.8931311
0.8903433
0.8899922
0.8906261
0.891388
0.8943246
0.8914919
0.9024615
0.892788
0.8887985
0.8900148
0.8953154
0.8926138
0.8963956
0.8898997
0.8887735
0.8994991
0.9079184
0.9009762
0.8948041
0.8893746
0.8997359
0.88512
0.9077287
0.9034007
0.8982671
0.9039881
0.894535
0.9006344
0.9037654
0.899312
0.8903571
0.903542
0.8944463
0.8991862
0.894657
0.8906131
0.9032982
0.9002726
0.8971983
0.9051124
0.9128439
0.8545031
0.8320827
0.8321333
0.8418926
0.8589219
0.9157399
0.9002572
0.9052153
0.9025899
0.9047861
0.8955363
0.9118461
0.8926314
0.9469594
0.8994096
0.9012192
0.9113375
0.896893
0.9024151
0.8792939
0.8733914
0.8641708
0.8744947
0.8989672
0.9136237
0.9164506
0.8945401
0.8899522
0.8941955
0.8599403
0.8924536
0.8989538
0.8879323
0.8877586
0.8909503
0.8315773
0.8821518
0.9186788
0.8776616
0.8995562
0.8946583
0.9004504
0.9013575
0.9052285
0.9044507
0.9069675
0.9116778
0.9003246
0.8365625
0.8760217
0.8940082
0.8894357
0.906241
0.9035916
0.8999634
0.8974123
0.8988903
0.9068456
0.8945575
0.8966061
0.8984148
0.8967626
0.8960838
0.9014039
0.8987165
0.9084302
0.9036668
0.9005431
0.8997382
0.8992206
0.8927952
0.902455
0.9003963
0.9012537
0.9021068
0.9140708
0.8814856
0.8309843
0.8962797
0.8925398
0.9000649
0.9155497
0.9164183
0.9031279
0.9047568
0.8939106
0.8955574
0.9118239
0.8991412
0.8740809
0.8811732
0.8684432
0.8687379
0.8692503
0.8713997
0.8777487
0.8845903
0.8666419
0.9039564
0.9079989
0.8586763
0.8269105
0.8292496
0.8440844
0.8672911
0.917871
0.9029084
0.9122353
0.9026185
0.9086327
0.90625
0.9104599
0.898813
0.945843
0.9028344
0.903823
0.9120072
0.9042128
0.9047085
0.884452
0.8846081
0.8743206
0.8778328
0.8986083
0.9107213
0.9160554
0.8945526
0.8947564
0.8948093
0.8708232
0.8977878
0.9007701
0.8960632
0.8929446
0.8967578
0.832999
0.8925043
0.9213534
0.8880771
0.9054605
0.8969528
0.9041363
0.905695
0.9118406
0.9099899
0.9079724
0.9114426
0.9058285
0.844869
0.8884411
0.8973077
0.8959148
0.9109102
0.9165904
0.9099422
0.9053869
0.9064279
0.9115597
0.9040399
0.9084204
0.9055623
0.9067882
0.903489
0.9066676
0.9016567
0.915153
0.9124348
0.9045066
0.909837
0.9141437
0.9011876
0.9053776
0.9047601
0.9106862
0.9094263
0.911882
0.889921
0.8379578
0.9020319
0.8907711
0.9047057
0.9152734
0.9181095
0.9116795
0.9089592
0.8986224
0.9051798
0.9187189
0.904592
0.8860219
0.8891723
0.879003
0.880066
0.886292
0.8743662
0.8828452
0.8902373
0.8748757
0.9088755
0.9130297
0.8726517
0.8774367
0.8751686
0.8719492
0.8795637
0.9153213
0.903463
0.909782
0.9048978
0.9072625
0.8953754
0.9059811
0.8951439
0.9441771
0.9049002
0.904899
0.9088957
0.9015002
0.9045808
0.8451964
0.8258162
0.8222835
0.8313619
0.9020357
0.9151739
0.9183402
0.8937703
0.8957308
0.8959581
0.8861637
0.8941032
0.9007559
0.892574
0.8970774
0.8970171
0.8723632
0.8846492
0.9168324
0.8801517
0.9004917
0.8922389
0.8995258
0.9023911
0.9066805
0.9089537
0.9075808
0.9167235
0.9003885
0.8745858
0.8416014
0.8923319
0.8932086
0.909107
0.906029
0.8989976
0.8965807
0.8950388
0.9039175
0.8952439
0.8973941
0.8954178
0.8956711
0.8964402
0.8956302
0.8941395
0.9074425
0.897786
0.8927669
0.8985746
0.9027407
0.8930721
0.9019031
0.8958125
0.8966719
0.9023031
0.9129508
0.8816957
0.8725836
0.8967465
0.8930592
0.9013448
0.9153236
0.9158085
0.9061312
0.9081858
0.895272
0.9029938
0.9090036
0.8968199
0.8340386
0.8484315
0.8343126
0.8266319
0.8242271
0.8221794
0.851206
0.851317
0.773129
0.8973772
0.8980465
0.895955
0.8975709
0.8968814
0.8974069
0.9047532
0.9041111
0.8766594
0.9085226
0.8783849
0.8798496
0.8944326
0.8872197
0.8723704
0.9385891
0.8873693
0.8843594
0.8869423
0.8742819
0.883905
0.9053745
0.9002117
0.8944986
0.8994115
0.8745766
0.9019445
0.9048375
0.8919443
0.8952523
0.8964612
0.8988921
0.8926646
0.8995153
0.8852738
0.8932245
0.8946752
0.8892589
0.8849765
0.9123295
0.8798606
0.8808892
0.8934549
0.9030109
0.902119
0.9098441
0.9073146
0.9046382
0.9111315
0.8806521
0.8916747
0.9008105
0.8926274
0.8849594
0.9030936
0.9033186
0.892016
0.8945621
0.8945572
0.909863
0.896899
0.8945504
0.9004591
0.9003851
0.8966727
0.8940848
0.9002915
0.9035847
0.9019593
0.8974951
0.9002363
0.8985744
0.8950117
0.8981207
0.8963723
0.9043913
0.9016434
0.9032755
0.9070029
0.8922706
0.8855601
0.8977052
0.8811418
0.9028721
0.8996709
0.9033357
0.9068855
0.8898518
0.9019431
0.9158667
0.8943625
0.8942893
0.9057211
0.8971392
0.8923393
0.8986435
0.8915015
0.9023106
0.9066966
0.8920766
0.9081402
0.9143619
0.8553711
0.8293797
0.8306866
0.8438226
0.8604273
0.9203034
0.903087
0.9086498
0.9018032
0.9062613
0.8995685
0.9122813
0.894938
0.94924
0.8992977
0.9015008
0.9131941
0.8982225
0.902463
0.885345
0.8840148
0.8719147
0.8771432
0.8975755
0.91348
0.9188058
0.8947965
0.8922761
0.8977676
0.8638025
0.8953401
0.9009049
0.8833333
0.8891965
0.8924923
0.8351296
0.8828186
0.920138
0.8826724
0.9045053
0.8956696
0.9006574
0.8982934
0.9075291
0.9044193
0.9059431
0.9050958
0.904048
0.8387432
0.8796029
0.8969772
0.8918139
0.9087252
0.9062848
0.9020603
0.8984342
0.9006177
0.9108968
0.9003067
0.9018864
0.8995687
0.9007957
0.8993692
0.9037678
0.9026795
0.9087493
0.9035939
0.9002012
0.9024944
0.906176
0.898416
0.9037771
0.9023744
0.9037354
0.9040975
0.9127759
0.8880232
0.8338772
0.8990756
0.8896498
0.9064583
0.9146782
0.9161259
0.906339
0.9051549
0.8949442
0.8998921
0.9103468
0.8994715
0.880684
0.88282
0.8754941
0.875741
0.8721634
0.8773866
0.8794098
0.8862059
0.872431
0.9125975
0.9122146
0.8654631
0.8660751
0.8647453
0.8676224
0.8661758
0.9199676
0.9029603
0.9089409
0.9035414
0.9052201
0.8966968
0.9072268
0.8935065
0.9476054
0.9016258
0.9014561
0.9084527
0.897461
0.9025755
0.8834132
0.8778749
0.8686743
0.8666466
0.8960549
0.9161169
0.9198472
0.8933399
0.8938086
0.8955689
0.8765767
0.8939274
0.8983101
0.8883991
0.8913914
0.9013443
0.8539658
0.8858169
0.9224939
0.8768949
0.89825
0.8898225
0.8959274
0.9056726
0.9050285
0.9056068
0.9062886
0.909403
0.8980255
0.8597609
0.8793384
0.8911701
0.8868201
0.9071021
0.898601
0.8976707
0.8955414
0.8933854
0.9049716
0.8901455
0.8968963
0.8985022
0.8962451
0.893776
0.8961538
0.8941719
0.9091199
0.8983929
0.896854
0.8965229
0.9010866
0.8937049
0.9001418
0.9008922
0.8979176
0.8981261
0.9195858
0.8865657
0.8577671
0.8975229
0.8919831
0.8989586
0.9170283
0.9161383
0.9092747
0.9063099
0.8956038
0.8989794
0.9118533
0.8999524
0.8703128
0.8875365
0.8727888
0.8712193
0.8694683
0.8677406
0.8884046
0.8885887
0.8718831
0.914954
0.9230823
0.8711481
0.8688221
0.8676694
0.8573573
0.867259
0.9188951
0.9107507
0.9105136
0.91691
0.9115238
0.8835573
0.9209325
0.9133457
0.9421131
0.9111648
0.9077636
0.9226709
0.9145714
0.9087269
0.8789415
0.8740877
0.867283
0.866283
0.9087358
0.9189867
0.9222771
0.9043157
0.9165817
0.9126047
0.8844195
0.9004117
0.9056142
0.90153
0.9138843
0.9057445
0.8556073
0.8945573
0.9198342
0.8892864
0.9031321
0.9045613
0.9041239
0.9129953
0.9086627
0.9214716
0.9213961
0.9285177
0.903029
0.8663222
0.8736396
0.8860596
0.8908145
0.9121848
0.8932195
0.893442
0.8975955
0.8933314
0.8920966
0.8835671
0.8901026
0.8877478
0.8871158
0.8879979
0.8972851
0.8872702
0.9082773
0.887351
0.8895049
0.8831099
0.8945884
0.8943418
0.889801
0.8896923
0.8814648
0.8962647
0.9199958
0.8848416
0.8551485
0.9074729
0.9112807
0.9032802
0.922454
0.9234806
0.9048584
0.9003956
0.8973031
0.9051681
0.9020607
0.9001719
0.8634891
0.8869613
0.8765998
0.8785682
0.8627366
0.8669213
0.8855111
0.888741
0.877
0.912766
0.9149974
0.8473119
0.8633955
0.8619794
0.858099
0.8714206
0.9142353
0.9073365
0.9086649
0.910954
0.9116172
0.8969045
0.9161773
0.9057328
0.9431747
0.9087455
0.9081363
0.9173784
0.9064787
0.9048118
0.8855426
0.8795442
0.8748458
0.8704652
0.9034319
0.9110394
0.9155911
0.902639
0.9030895
0.9043986
0.8780804
0.8962211
0.9042914
0.8959491
0.9075303
0.9036162
0.8591581
0.8988527
0.9228055
0.8877761
0.9050918
0.9031412
0.9075443
0.9068143
0.9124687
0.9150964
0.9160486
0.9203052
0.9051462
0.859284
0.8779696
0.8959859
0.8996002
0.9163652
0.9062339
0.9041439
0.9010228
0.9017109
0.9044632
0.8952566
0.8984241
0.899963
0.9002179
0.8975492
0.9005669
0.8956056
0.9141233
0.9042871
0.8967787
0.8984856
0.8996125
0.8967171
0.9018793
0.9013263
0.897061
0.8993704
0.9176792
0.8877517
0.8615176
0.9026913
0.9026305
0.9050032
0.9152328
0.9156458
0.9102266
0.9039102
0.9049154
0.9063311
0.9088304
0.9042982
0.8751617
0.8835969
0.8756234
0.881828
0.87971
0.8720795
0.8864446
0.8847054
0.8696615
0.9090453
0.9144535
0.8573881
0.8497771
0.8477874
0.8437691
0.8587575
0.9171893
0.9032433
0.9143137
0.9034688
0.9027237
0.8967655
0.9108217
0.8995855
0.9432956
0.9042301
0.9035707
0.9121849
0.901412
0.9012985
0.8891629
0.8762899
0.8735632
0.8704226
0.901239
0.9137642
0.9166341
0.8935252
0.8979402
0.9040023
0.8727157
0.8965751
0.9010204
0.8969766
0.8968808
0.8988303
0.7566485
0.8921862
0.9191698
0.8818463
0.896924
0.9003049
0.8990491
0.9043796
0.9097009
0.9112291
0.9128751
0.9186942
0.8963779
0.7620514
0.8833752
0.8943739
0.8892486
0.9120189
0.9020032
0.895591
0.8937148
0.8931189
0.9016952
0.8909217
0.8916756
0.8920094
0.8960276
0.8912569
0.8969741
0.8931269
0.9079798
0.8952856
0.8976621
0.8921163
0.8956664
0.8890827
0.8990548
0.8951825
0.8956091
0.8969764
0.9158218
0.8855773
0.7648877
0.9011731
0.8992469
0.8992304
0.9187948
0.9184604
0.9045442
0.9070247
0.8965722
0.9058739
0.9102375
0.8971932
0.8770043
0.8838954
0.8807729
0.8769266
0.8740041
0.8651033
0.8832305
0.888913
0.8753006
0.9210326
0.9252623
0.8983249
0.9006574
0.9004065
0.9029464
0.9032968
0.9262867
0.909332
0.9155605
0.9130467
0.9139753
0.9047673
0.9185008
0.9040558
0.9526874
0.905569
0.9077476
0.9199735
0.9056674
0.9064671
0.9082022
0.9039379
0.8917432
0.8961274
0.9070162
0.9243075
0.9230797
0.8970861
0.8958286
0.9035642
0.8991993
0.8927257
0.8987987
0.8913452
0.8776424
0.8961329
0.8950886
0.8866578
0.9243704
0.8834578
0.9041202
0.8904623
0.8976263
0.8974197
0.8986615
0.9013514
0.9005469
0.9091523
0.9041762
0.8991669
0.8984474
0.8977413
0.9007666
0.9136042
0.9102452
0.900165
0.9035566
0.898982
0.9117199
0.9008313
0.9017987
0.9043914
0.9063268
0.8978924
0.9056114
0.9032706
0.912935
0.9096972
0.9060063
0.9088593
0.9094006
0.9042677
0.9052835
0.9052728
0.9096349
0.9032703
0.9246784
0.9124558
0.9009682
0.9053592
0.9006239
0.905077
0.9276552
0.9218426
0.9123132
0.9127949
0.899085
0.905603
0.9126724
0.9069715
0.8965119
0.9085725
0.8977121
0.8961389
0.9002071
0.8948336
0.9039032
0.9075029
0.8933199
0.9135979
0.919878
0.8929298
0.901902
0.901499
0.8990442
0.8973814
0.9158825
0.9035097
0.9084564
0.9084416
0.9072456
0.8985183
0.9103898
0.8980599
0.9445703
0.906185
0.9065623
0.911314
0.9022363
0.9002412
0.8947209
0.8977887
0.8912979
0.8894156
0.8962628
0.9147298
0.9174821
0.8922026
0.8950039
0.8963774
0.8962569
0.892711
0.9000738
0.895828
0.8949856
0.8962061
0.8908266
0.8682492
0.9198206
0.8628463
0.8976663
0.8993711
0.9012772
0.904805
0.9063383
0.9063299
0.9056962
0.9138403
0.8984788
0.8982883
0.8961329
0.8956518
0.8962109
0.9096665
0.9028503
0.893167
0.8979788
0.8949623
0.9026471
0.8957327
0.8985252
0.900979
0.8977915
0.8972376
0.9003666
0.8987795
0.9123043
0.9050082
0.9012686
0.8995548
0.9002783
0.898187
0.9034054
0.8982344
0.8987511
0.9009256
0.9182306
0.9010085
0.8935856
0.898294
0.8985465
0.8985381
0.918223
0.9218663
0.905473
0.9060819
0.899421
0.9058254
0.9125067
0.9057687
0.8866907
0.9011379
0.8940348
0.89568
0.8922391
0.8888675
0.9007386
0.9016721
0.891071
0.9065387
0.9102009
0.9049452
0.9114985
0.9099865
0.8998667
0.8960982
0.9064188
0.8931215
0.9039272
0.893786
0.896295
0.8852625
0.9070468
0.8957811
0.9281248
0.8971285
0.8964055
0.907241
0.8987099
0.8917428
0.8985843
0.896588
0.8957409
0.8933436
0.8913454
0.90425
0.9082719
0.9132698
0.9167574
0.9167552
0.9144105
0.9061514
0.9018239
0.9077902
0.9206756
0.9072814
0.900214
0.8929788
0.9119142
0.8907294
0.891929
0.9095068
0.906579
0.9149564
0.9117468
0.9216303
0.9250809
0.9328873
0.8918215
0.9074421
0.8914367
0.8820599
0.8958945
0.9090292
0.895862
0.8952256
0.8945861
0.9011704
0.889824
0.8835167
0.8836463
0.8899664
0.8844723
0.8820021
0.892843
0.8846111
0.9038714
0.8903684
0.8866778
0.8830154
0.8908703
0.8878556
0.8949034
0.8884962
0.8838852
0.8918572
0.9102546
0.9044653
0.9024692
0.8939962
0.9122511
0.8909255
0.9083729
0.9048056
0.8968092
0.8977163
0.9038871
0.8983561
0.8960705
0.8957662
0.8923284
0.9028865
0.8987304
0.906065
0.893929
0.8954229
0.907265
0.9047484
0.8989786
0.8707686
0.875695
0.9026647
0.9107943
0.9092249
0.9118794
0.9149635
0.8786518
0.8759625
0.9109558
0.8755271
0.8663798
0.9124122
0.8712939
0.8763085
0.9242988
0.8717234
0.8907563
0.8707365
0.8842892
0.8801951
0.9129977
0.9096923
0.9115729
0.9150035
0.872452
0.8666642
0.8759805
0.9056604
0.9069684
0.904883
0.9149642
0.9180838
0.9092145
0.9071277
0.9155512
0.908825
0.9094036
0.9096017
0.8939158
0.9079698
0.8761746
0.9126967
0.919566
0.9132512
0.9205539
0.9230255
0.9244952
0.9260501
0.8759808
0.9124585
0.9128014
0.9117937
0.9082154
0.9131411
0.9218308
0.9114827
0.9024204
0.9155098
0.9131468
0.9108876
0.9108777
0.9117414
0.9126757
0.9092917
0.9116603
0.906702
0.9188742
0.9171972
0.9064716
0.910914
0.9116741
0.9078407
0.9132428
0.9082275
0.9118397
0.9153888
0.8821515
0.9131507
0.9127131
0.8690481
0.9043175
0.8764264
0.8818058
0.8836517
0.9073906
0.9100667
0.9104756
0.9127662
0.9167105
0.9102537
0.9135333
0.9133361
0.9112874
0.9151102
0.912612
0.9137665
0.9176661
0.9141
0.9130496
0.9162652
0.9154959
0.8733907
0.8758081
0.8755422
0.8847618
0.8870244
0.9167225
0.9034639
0.9163593
0.9045563
0.912858
0.9119027
0.9090296
0.9035039
0.9501896
0.9096242
0.9087765
0.9092188
0.900094
0.9105042
0.9041519
0.8987689
0.8891518
0.8896986
0.9023407
0.9150813
0.9193827
0.9008456
0.8955406
0.8965729
0.7717382
0.9076186
0.9027442
0.897393
0.8956127
0.8970024
0.8776517
0.897449
0.9229719
0.8927824
0.9081178
0.8956377
0.9076458
0.8992481
0.9114106
0.9094762
0.9056371
0.910213
0.9086012
0.8762932
0.8954474
0.9067636
0.9035931
0.9118812
0.9193967
0.9081267
0.9015349
0.9112522
0.9137155
0.9085394
0.9074731
0.9139274
0.9132358
0.9096438
0.9099217
0.9118435
0.9159882
0.9150636
0.9109176
0.9135807
0.9148732
0.9043925
0.9129141
0.9130323
0.9169392
0.9104211
0.9214685
0.8986653
0.8770596
0.906117
0.8963203
0.9089225
0.915959
0.9185965
0.9134436
0.9155108
0.9025162
0.9090328
0.9205199
0.9101083
0.8951685
0.8962947
0.8902425
0.889731
0.8964782
0.8909431
0.9016448
0.8962268
0.8920634
0.9141311
0.9228829
0.8693699
0.8575044
0.8572227
0.8554848
0.8685388
0.919697
0.9148906
0.9136588
0.9164242
0.9116374
0.8971862
0.9235278
0.9122705
0.942028
0.9124717
0.9136663
0.9238467
0.9156361
0.9059438
0.8828515
0.8807514
0.878674
0.8770686
0.9106099
0.9219134
0.9197283
0.903731
0.9121811
0.9111664
0.8836662
0.9056345
0.9107072
0.9058341
0.9127903
0.9134284
0.8485055
0.8998873
0.9268954
0.8909631
0.9087386
0.9081487
0.9118603
0.9161876
0.9164326
0.9198083
0.9240745
0.9256476
0.9088323
0.8613275
0.8796364
0.8980493
0.9029201
0.9154195
0.9061798
0.9072589
0.906238
0.9048218
0.9067481
0.8997705
0.9053829
0.9008484
0.8986923
0.9021111
0.905471
0.9029992
0.9166463
0.9066146
0.9002174
0.901918
0.9030264
0.9014525
0.9039674
0.9015213
0.9007462
0.9055517
0.9214278
0.8928104
0.8458542
0.9072525
0.9102233
0.9093847
0.9227466
0.9233938
0.9100941
0.9080334
0.9105635
0.9111512
0.9151813
0.9069052
0.8781227
0.8882712
0.8822227
0.8822981
0.8827372
0.8754912
0.8884072
0.8927959
0.8759855
0.9139452
0.9200071
0.8681037
0.8513503
0.8527024
0.8570999
0.8442802
0.9155283
0.9076464
0.9133217
0.9064953
0.9116706
0.8868222
0.9205177
0.911116
0.941074
0.9087473
0.9059287
0.9210573
0.9127772
0.9062636
0.8852696
0.8760991
0.8686644
0.8700826
0.9091529
0.9155724
0.921101
0.9003902
0.9107032
0.9054841
0.8854432
0.9016209
0.8991538
0.9032983
0.9094762
0.9073395
0.8510331
0.8941993
0.9222616
0.885583
0.903505
0.905765
0.9033904
0.9131041
0.9106886
0.9166907
0.9221713
0.9283382
0.9032838
0.8627525
0.8776682
0.8890997
0.8968127
0.9105007
0.8991684
0.8962887
0.8977627
0.8976458
0.8959633
0.8858833
0.890186
0.8905361
0.8871134
0.8864723
0.8945966
0.8895762
0.911002
0.8940137
0.8889522
0.8840892
0.8972702
0.8931258
0.8967655
0.8887295
0.8864385
0.8988237
0.9227188
0.8851645
0.8541857
0.9064403
0.9066189
0.9027868
0.920602
0.9231117
0.9079125
0.9030719
0.9039729
0.9061663
0.9041012
0.8997435
0.8712993
0.8847155
0.876029
0.8792708
0.8703414
0.8676861
0.8831081
0.8881
0.8777283
0.9026451
0.9074094
0.9079175
0.9100177
0.9076552
0.9022626
0.8998192
0.9021496
0.8822414
0.9074203
0.8861611
0.8903233
0.8834454
0.8992353
0.8947368
0.9251815
0.89282
0.8908657
0.9013616
0.8932123
0.8886173
0.9033954
0.9007446
0.8975238
0.8980651
0.8857361
0.8951879
0.9012169
0.910401
0.9160912
0.9114947
0.9199659
0.9069656
0.8984412
0.9031168
0.9164286
0.9082167
0.9059356
0.8963022
0.907866
0.8912487
0.8899585
0.9084497
0.9145445
0.9109523
0.9136632
0.920687
0.9265267
0.9281088
0.8896905
0.907286
0.8939152
0.8919497
0.8936131
0.9063781
0.8938628
0.8969653
0.8913612
0.9021454
0.8935045
0.8837015
0.8852249
0.8901678
0.8873889
0.8849932
0.896103
0.8851232
0.9084299
0.8936581
0.8892027
0.8888046
0.8909418
0.8903472
0.9018789
0.8863304
0.8835746
0.8979433
0.9048594
0.9095614
0.9069239
0.8891856
0.9115702
0.8904776
0.9061705
0.9068512
0.8983051
0.8965836
0.9022999
0.9079757
0.9024583
0.9018641
0.893387
0.9067754
0.8975097
0.8998683
0.8930252
0.8971414
0.9047392
0.9095594
0.9020819
0.9048174
0.9055287
0.8987369
0.8992122
0.8992047
0.9052632
0.9145659
0.9158074
0.9002743
0.9168755
0.9015915
0.9097003
0.9152915
0.9012019
0.8905489
0.9482077
0.9001026
0.9019903
0.9034567
0.8974001
0.9050592
0.909722
0.9093842
0.9003502
0.898855
0.8970404
0.9128897
0.9156732
0.8483782
0.8445532
0.8487217
0.9007562
0.8976416
0.899591
0.8953894
0.8894435
0.9035259
0.8998709
0.8904651
0.9178724
0.8920595
0.901378
0.9018464
0.9083785
0.9058356
0.9154602
0.9062825
0.9063259
0.9094699
0.9025202
0.9035482
0.908152
0.9165665
0.9054811
0.9160587
0.9210214
0.9100631
0.9084004
0.9103141
0.9246385
0.9167628
0.9152524
0.9133682
0.9204341
0.913687
0.9156874
0.9150399
0.9201021
0.9230935
0.9158655
0.9198961
0.9183695
0.9100332
0.9187687
0.9186513
0.9209483
0.9166466
0.912617
0.9111331
0.8995676
0.8977749
0.8490226
0.9021862
0.9130495
0.9103867
0.9154773
0.9190757
0.9081294
0.9087434
0.92513
0.9145704
0.9082813
0.9030621
0.9022932
0.8960831
0.9062395
0.9025588
0.9066773
0.9073822
0.8959039
0.9063239
0.9114808
0.8943491
0.899293
0.8994047
0.8961784
0.8939627
0.9155777
0.8976984
0.9058272
0.9036954
0.9013987
0.8938007
0.9034357
0.8903207
0.943387
0.8985737
0.8983099
0.9038476
0.8906364
0.8961495
0.8976141
0.8934705
0.8866796
0.8876932
0.8953624
0.9124163
0.9171724
0.885748
0.8820563
0.8865474
0.8947831
0.8881262
0.8824475
0.8846097
0.8915863
0.8861103
0.8898046
0.7938004
0.9165696
0.8367007
0.8970067
0.886836
0.8965203
0.8995614
0.8986145
0.9064811
0.9040562
0.906526
0.8965817
0.8924081
0.8895942
0.8881201
0.8869274
0.9017306
0.8960368
0.8889874
0.8911618
0.8900458
0.9009651
0.8932317
0.8942131
0.8980017
0.8891551
0.8878231
0.8950704
0.8912947
0.9022773
0.8980963
0.8910384
0.893862
0.8933493
0.888403
0.8966423
0.8943591
0.8963123
0.8924816
0.9151735
0.8986978
0.8891971
0.895638
0.8829866
0.8981558
0.9116551
0.917017
0.9012407
0.9010777
0.8882867
0.8967096
0.9060424
0.8947175
0.8856894
0.8971607
0.8890432
0.8922145
0.8863838
0.8881904
0.8982072
0.8996395
0.8865297
0.9113564
0.9180913
0.857094
0.8589174
0.855603
0.8517737
0.8632671
0.9181645
0.9092636
0.9127929
0.9087844
0.9095226
0.8888722
0.9124129
0.9014711
0.9451779
0.9021132
0.9037704
0.9142231
0.9049489
0.9042584
0.8772379
0.8732324
0.8635228
0.8672753
0.9061468
0.9170676
0.9172331
0.8975254
0.9040556
0.9014404
0.8783428
0.8961995
0.9000697
0.8957263
0.8984067
0.8999711
0.846415
0.8854471
0.9179653
0.8779143
0.9001331
0.8958175
0.8982362
0.9075277
0.9066551
0.9123409
0.9142466
0.9198801
0.900622
0.8593326
0.8736494
0.8875441
0.8915645
0.9089868
0.8964848
0.8975315
0.897908
0.8941807
0.8981353
0.8880806
0.8940909
0.8924414
0.8889216
0.8894382
0.8964552
0.8937926
0.9052938
0.8970594
0.8883633
0.8865794
0.8941508
0.8906313
0.8954294
0.8927392
0.8933546
0.8961482
0.919421
0.8859115
0.8485103
0.8989739
0.902945
0.9018623
0.9202514
0.9182113
0.902711
0.9073628
0.895875
0.9033273
0.9119691
0.9022191
0.8579563
0.8822322
0.8744786
0.8737981
0.8691443
0.8676843
0.8844257
0.8855793
0.8662534
0.8796785
0.8846793
0.9018045
0.9052729
0.9046061
0.9061999
0.9068356
0.8875576
0.8762966
0.9102885
0.8811932
0.8686453
0.8995509
0.8821746
0.876652
0.9306641
0.8740746
0.8811287
0.8834923
0.879063
0.8748247
0.9120746
0.9042356
0.8967869
0.8997283
0.8734581
0.8834927
0.8924321
0.9070386
0.9011794
0.9020617
0.9066045
0.9056945
0.9062489
0.8996216
0.9076889
0.901708
0.9011037
0.8990503
0.8993889
0.8894134
0.4231675
0.9021377
0.9110431
0.9082556
0.9101956
0.9154859
0.9204731
0.918267
0.4183443
0.9085575
0.9019728
0.9029671
0.8973602
0.9087321
0.9072403
0.9055788
0.8978489
0.9016959
0.9074714
0.9004392
0.8948612
0.9018946
0.9010437
0.8963497
0.9007523
0.900676
0.912458
0.9012309
0.9018281
0.9014169
0.9010201
0.8926103
0.9024951
0.8954314
0.9096887
0.9043814
0.8950215
0.9149986
0.901362
0.8591007
0.9012261
0.431617
0.8939248
0.8392651
0.9026176
0.9069686
0.9028853
0.9026062
0.9091719
0.9041126
0.9010729
0.9078461
0.905006
0.904141
0.9013475
0.896505
0.9070074
0.9105324
0.9004575
0.9217286
0.9270977
0.8841123
0.8864163
0.8852954
0.8679635
0.8641403
0.9255199
0.9174124
0.9111339
0.9203184
0.9152775
0.8775136
0.9310454
0.922255
0.9377645
0.9162708
0.9086758
0.9318401
0.9227382
0.9093889
0.8836415
0.8831094
0.87613
0.8716106
0.9198252
0.9237984
0.9246945
0.9188968
0.9272582
0.9222559
0.8958049
0.9099974
0.909993
0.9073656
0.9254057
0.919201
0.8734711
0.9016013
0.9256855
0.8910957
0.9091499
0.9173405
0.9105809
0.9202725
0.9130702
0.9265628
0.9328043
0.9361725
0.9099914
0.877794
0.867906
0.8832724
0.8929151
0.9129902
0.8855793
0.8913787
0.8960129
0.8934046
0.8799669
0.8762442
0.8850073
0.88009
0.8725627
0.8833077
0.8894725
0.8809129
0.9077522
0.8797873
0.8762711
0.8688525
0.8843688
0.888644
0.8863763
0.8804435
0.8713099
0.8935427
0.9289625
0.8950853
0.8714394
0.9136037
0.9233149
0.9081143
0.9303764
0.9248563
0.9084139
0.9022743
0.901441
0.9078749
0.9021398
0.9017343
0.8625853
0.8903273
0.8834221
0.8876929
0.8658619
0.8697002
0.8947487
0.8901386
0.884658
0.8853975
0.8919769
0.9167496
0.9180202
0.9206609
0.913835
0.9123175
0.8872302
0.8977651
0.9114803
0.8982227
0.8911724
0.9052076
0.9013269
0.9065809
0.9201289
0.8927731
0.8991804
0.9021704
0.9049719
0.8948071
0.916206
0.9153768
0.9131289
0.9114984
0.8980284
0.8815315
0.8860637
0.9268759
0.9255209
0.9229536
0.9217391
0.9210116
0.9185309
0.9185076
0.9299885
0.9195193
0.9180999
0.9131642
0.8955319
0.9113061
0.897162
0.9241991
0.9220224
0.923582
0.9222545
0.929803
0.9313167
0.936212
0.8973327
0.9219036
0.9104933
0.9137446
0.9125507
0.9196919
0.9134661
0.9115215
0.9088333
0.9184262
0.9112538
0.904177
0.9058866
0.9028892
0.9062277
0.9083846
0.9065791
0.9089572
0.9210299
0.911283
0.905014
0.9087341
0.9081456
0.9076299
0.9101239
0.9084533
0.9056063
0.9113836
0.8985993
0.9194994
0.9189237
0.8956959
0.9223274
0.8958207
0.8940788
0.9033239
0.9107704
0.910327
0.9177714
0.9123145
0.9054006
0.9105214
0.9110463
0.9144133
0.9134897
0.9176088
0.9135825
0.9120916
0.9194053
0.9151267
0.9133994
0.9082982
0.9094765
0.8678997
0.8708104
0.8695363
0.8804548
0.8905871
0.9178048
0.9019502
0.9172383
0.9043516
0.9090254
0.9185758
0.9078269
0.8999373
0.9530712
0.902827
0.9107395
0.9091796
0.8997609
0.9100743
0.9020553
0.8985447
0.8950529
0.8982772
0.9007044
0.9133942
0.9134037
0.9002962
0.8895401
0.896553
0.8352932
0.9050496
0.9052216
0.8964499
0.8952994
0.9012462
0.8773084
0.900168
0.9222
0.8992758
0.9106468
0.8972583
0.9076042
0.9054545
0.9165476
0.9125936
0.9079314
0.909499
0.9108576
0.8777403
0.9025459
0.9154231
0.9054484
0.9089215
0.9208344
0.9146183
0.9059208
0.9119199
0.923242
0.9102134
0.9158368
0.9159203
0.921631
0.9109477
0.9119688
0.9164861
0.9150456
0.9188033
0.911983
0.9193662
0.9185689
0.9063797
0.9188987
0.9172731
0.9227149
0.9183296
0.9119237
0.8997677
0.8756636
0.9029304
0.8909932
0.9119898
0.9077202
0.9172117
0.9185295
0.9124991
0.9084979
0.9111253
0.9222629
0.909081
0.9009591
0.8966742
0.8951742
0.8902362
0.9037733
0.8947949
0.8956087
0.8958907
0.8871462
0.9102559
0.91089
0.861746
0.8718379
0.8711025
0.8844944
0.892016
0.9156437
0.9022044
0.9181847
0.9021109
0.9073562
0.9179071
0.9071488
0.8949572
0.9506513
0.902492
0.9078774
0.9073472
0.8972959
0.9100437
0.9051685
0.9008221
0.8918304
0.8959751
0.897613
0.9098367
0.9117636
0.8973318
0.8854474
0.8924301
0.8309705
0.9082173
0.9047408
0.8983991
0.8868343
0.8959012
0.876248
0.8983389
0.9207131
0.8951873
0.9077528
0.9044866
0.9109557
0.8982555
0.9153252
0.9085612
0.9070014
0.9069261
0.907138
0.8736897
0.9026458
0.9108825
0.905414
0.9099845
0.9217789
0.9111841
0.9055821
0.9145015
0.9186093
0.9108904
0.9136521
0.9167035
0.9231046
0.9140212
0.9120337
0.9149325
0.9166755
0.9170149
0.9135746
0.9208819
0.9183455
0.9086808
0.9207771
0.9184732
0.925706
0.9136706
0.9149662
0.8976626
0.8759807
0.9045017
0.8853728
0.9086062
0.9142918
0.9167108
0.9148429
0.9163859
0.906389
0.9087578
0.9204093
0.912389
0.9028655
0.9002187
0.895831
0.8903487
0.9037638
0.8966483
0.8975149
0.8950125
0.8857522
0.9018438
0.9013562
0.896753
0.8997531
0.9001002
0.905659
0.9202857
0.914952
0.8976179
0.9170561
0.90101
0.9077513
0.9237624
0.8993695
0.89185
0.9503877
0.8997464
0.908065
0.9015012
0.8942207
0.9045492
0.9169963
0.9108377
0.9063666
0.9054035
0.8923416
0.909687
0.9097712
0.8145961
0.8149028
0.8093666
0.8975298
0.9062269
0.9054211
0.8928143
0.8829558
0.8944041
0.8987502
0.8866642
0.9199539
0.8938447
0.9081383
0.8960739
0.9073557
0.9004961
0.9149776
0.9111399
0.8997932
0.9035881
0.907999
0.8983388
0.9155225
0.9201685
0.9111274
0.9159676
0.9276309
0.918591
0.9071
0.9193594
0.9277471
0.9241894
0.9203644
0.9246459
0.9295184
0.9182338
0.9161641
0.920951
0.9193341
0.926331
0.9204702
0.9304265
0.9228856
0.913217
0.922451
0.9240764
0.9318328
0.9208733
0.9115787
0.9096336
0.9003598
0.8980675
0.8130173
0.9070784
0.9079761
0.9154827
0.9137072
0.9145497
0.9092332
0.9114751
0.9264065
0.9184258
0.9153857
0.9096053
0.903803
0.9006116
0.9159842
0.9090095
0.9111314
0.9097451
0.8939137
0.9021793
0.9021223
0.8983823
0.903816
0.9037322
0.9082965
0.9191959
0.9139437
0.8981555
0.9159157
0.9006365
0.9066762
0.9229325
0.8985275
0.892239
0.9503792
0.9002392
0.9084326
0.9015231
0.8961991
0.9054784
0.9171398
0.9108615
0.9063893
0.9062556
0.8944422
0.9091683
0.9114543
0.8185458
0.8175353
0.8114992
0.8970311
0.9046277
0.9037307
0.892231
0.8839468
0.8933054
0.9005643
0.8849636
0.9185416
0.8942294
0.9074232
0.8994711
0.9078476
0.8998057
0.9167732
0.909907
0.898656
0.9044495
0.9073225
0.9013825
0.9124897
0.9184894
0.908518
0.9155304
0.9266496
0.9165266
0.902913
0.9176959
0.9263658
0.9228557
0.9184256
0.9230019
0.9291283
0.9184899
0.9159593
0.9198941
0.9178875
0.9260463
0.9205307
0.9302964
0.9217007
0.9133578
0.9217887
0.9240235
0.9310579
0.9219042
0.9108361
0.9082122
0.9025355
0.8974957
0.8134905
0.9068676
0.9090781
0.9141442
0.9136539
0.9128225
0.9097722
0.9101898
0.9255622
0.9187594
0.9144563
0.909628
0.9045905
0.9007947
0.9150799
0.9076061
0.9098397
0.9081575
0.8952086
0.8986778
0.9065635
0.9112424
0.9166199
0.9159738
0.9023642
0.9076021
0.9029109
0.8957458
0.9065499
0.8950943
0.8887438
0.890114
0.898919
0.8936568
0.9287853
0.8933943
0.8936834
0.8994486
0.8956184
0.890147
0.9102071
0.9073787
0.9037781
0.9006097
0.895973
0.9011653
0.9033105
0.917071
0.919407
0.9144718
0.919348
0.9072923
0.9127517
0.9057622
0.9179749
0.9135746
0.9066099
0.8965892
0.9051745
0.8988537
0.8486384
0.9133844
0.9173166
0.919778
0.9171696
0.9203706
0.9236145
0.927766
0.849285
0.9100135
0.9037795
0.8978249
0.8991183
0.9107566
0.9034554
0.9013846
0.8992874
0.8973935
0.9037181
0.8995048
0.8946854
0.8935958
0.8977941
0.8956481
0.8968944
0.9007208
0.9137127
0.8971022
0.8983429
0.895644
0.8994588
0.8971037
0.901037
0.8929937
0.8979323
0.9041828
0.9082881
0.9121861
0.9084583
0.8850927
0.9163417
0.8489225
0.9051764
0.8835883
0.9063181
0.907068
0.9067431
0.9032646
0.9063513
0.9016512
0.9009956
0.9099915
0.9021115
0.9105016
0.8983752
0.8983851
0.9142805
0.9105816
0.9051048
0.9180141
0.9212621
0.8636088
0.8706148
0.8691679
0.8627841
0.8611111
0.9191923
0.9124287
0.9086684
0.9127329
0.9137962
0.8865521
0.9247603
0.906922
0.9361441
0.9093346
0.9092585
0.9255635
0.9107561
0.9108066
0.8763911
0.8771302
0.866793
0.8657901
0.9079781
0.9185947
0.9204864
0.9033807
0.910751
0.9076032
0.8815706
0.8985846
0.9011564
0.9022483
0.9127639
0.9064315
0.8615123
0.8946089
0.9203624
0.8852715
0.9047551
0.9056801
0.9047688
0.912338
0.9106177
0.9173805
0.9206999
0.9267335
0.9061871
0.8691918
0.8722181
0.8870543
0.889725
0.9125775
0.8981135
0.8930402
0.8954613
0.8995046
0.8960518
0.8835742
0.8887821
0.8920256
0.8906677
0.8935652
0.8986154
0.8929378
0.9126667
0.8956326
0.8943872
0.8832446
0.89768
0.8973254
0.8954016
0.8918205
0.8872547
0.8975813
0.9180501
0.887932
0.8606508
0.9069074
0.9099399
0.9056102
0.9195313
0.9197213
0.9047143
0.9010191
0.8993697
0.8995029
0.9009048
0.898709
0.8634991
0.8809497
0.870393
0.8787239
0.8640876
0.8676551
0.8832059
0.8872817
0.872734
0.8698821
0.869058
0.9117939
0.9168115
0.9182781
0.9174542
0.9222778
0.8752607
0.8893663
0.9175712
0.8937453
0.8955026
0.9240479
0.891319
0.8935799
0.9282432
0.8897025
0.905644
0.8933127
0.8961955
0.8920142
0.9242191
0.9188779
0.9203612
0.9225619
0.8911863
0.8732389
0.8743183
0.9194154
0.9110537
0.9111477
0.9142656
0.9189238
0.918139
0.9135924
0.9203055
0.9125758
0.9196103
0.9127666
0.8950078
0.9154571
0.8921551
0.9188304
0.9206753
0.9170391
0.9251424
0.9242424
0.9237095
0.9229411
0.8919707
0.9204406
0.9214051
0.9230769
0.9162454
0.9179443
0.9298389
0.9171952
0.9149961
0.9221119
0.9216106
0.9179605
0.9170479
0.9171109
0.9209014
0.9199662
0.9148229
0.9192176
0.9178506
0.9245135
0.915014
0.9221492
0.9183178
0.9164958
0.920453
0.9182462
0.9239789
0.9211873
0.8870505
0.9197108
0.9180357
0.8899733
0.9082507
0.8918381
0.8774274
0.8940381
0.9097888
0.9186122
0.9158762
0.9144216
0.9182854
0.9156499
0.9244858
0.9226368
0.918406
0.9210573
0.9220864
0.922244
0.9258825
0.9214565
0.9137642
0.9138163
0.9185682
0.8703447
0.8540528
0.8496749
0.8371596
0.8623684
0.9191727
0.9124848
0.9178011
0.9100637
0.9077067
0.8913311
0.9130143
0.903001
0.9434852
0.907038
0.9075598
0.91487
0.9028514
0.9049272
0.8819107
0.8823574
0.8724729
0.8716731
0.9111
0.9203312
0.9222457
0.9039007
0.9036481
0.9060821
0.8863302
0.8969899
0.9084725
0.890441
0.9066786
0.9084008
0.8425961
0.8941198
0.9241842
0.8863905
0.9049714
0.895822
0.9050656
0.9066963
0.9081405
0.9058879
0.9100783
0.917203
0.9051826
0.8522977
0.8827944
0.8935962
0.8943407
0.9110024
0.9008725
0.9000255
0.8981047
0.8928975
0.9029853
0.8917979
0.8965202
0.894592
0.893163
0.8927955
0.8982754
0.8963985
0.9116104
0.8984979
0.8955171
0.8957567
0.9005493
0.8976707
0.8985223
0.8965543
0.8965556
0.9026242
0.9214775
0.8934334
0.8420668
0.9023699
0.9059147
0.9041385
0.9191306
0.9168325
0.909692
0.9063108
0.8976736
0.9046142
0.912773
0.9026168
0.8753239
0.8897337
0.8762528
0.8800704
0.8682537
0.8671051
0.8870798
0.8905903
0.8790512
0.9161288
0.9199677
0.9090843
0.910045
0.9103901
0.9131901
0.9166607
0.9196582
0.9060477
0.9186601
0.9093536
0.9098944
0.9138019
0.9130695
0.907251
0.948725
0.9090136
0.9158347
0.9128598
0.9067554
0.9100391
0.9188912
0.91292
0.9166068
0.9163567
0.906848
0.9194098
0.9188914
0.9151165
0.9041848
0.908735
0.9122405
0.9168866
0.91237
0.9038828
0.9097889
0.9096804
0.9111684
0.9066999
0.9221703
0.9012628
0.9102996
0.9072658
0.9114425
0.9112527
0.9124577
0.914378
0.9162229
0.9177106
0.9105864
0.9096185
0.9125379
0.9018147
0.8968084
0.9065948
0.9120425
0.9033192
0.9051462
0.9129598
0.9169289
0.9119918
0.9059931
0.9125697
0.9145094
0.9085892
0.9108879
0.9137602
0.9163843
0.9138183
0.9132556
0.9162682
0.9111678
0.9070785
0.9102229
0.9137015
0.9194154
0.9111476
0.9216874
0.917675
0.9129154
0.9123726
0.9087091
0.9108648
0.9224412
0.9225686
0.9146914
0.9139356
0.896982
0.9127737
0.9239418
0.9071979
0.9148235
0.918834
0.9163004
0.9129459
0.9128211
0.9136252
0.9169061
0.9152229
0.9069834
0.9106516
0.9113209
0.8642941
0.8548399
0.8540347
0.8649946
0.880955
0.9176658
0.9027203
0.9122258
0.9040992
0.9080464
0.9099209
0.9099729
0.8983485
0.95017
0.9026077
0.9080084
0.911207
0.8973947
0.908705
0.8959317
0.8896002
0.8871611
0.8887529
0.9023055
0.9116763
0.9172276
0.8948445
0.8927716
0.8940438
0.8704574
0.9030235
0.9037209
0.8957073
0.8946093
0.899138
0.8428791
0.8962431
0.9211334
0.8905069
0.9057629
0.8979309
0.9067754
0.9022284
0.9145293
0.9082545
0.9071395
0.9094711
0.9053845
0.8482112
0.8909773
0.9075366
0.9012346
0.9129639
0.9163286
0.9056176
0.9054898
0.9082024
0.9178379
0.9081141
0.9114755
0.911285
0.9135485
0.9078265
0.9091201
0.9095261
0.9137406
0.9122651
0.9096779
0.9161885
0.9153081
0.9049731
0.9165078
0.9094698
0.9154945
0.911746
0.9128738
0.8924178
0.8447164
0.9026319
0.8918092
0.9048853
0.9121552
0.9139402
0.9158286
0.9103243
0.9041456
0.913124
0.9217227
0.9084137
0.8953738
0.8891374
0.8855934
0.8832161
0.890914
0.8888633
0.8902205
0.8950795
0.8813428
0.9154622
0.9183924
0.8741818
0.8634584
0.8657399
0.8595832
0.8724185
0.9211096
0.9070564
0.9175568
0.9070066
0.9108182
0.9011555
0.9162549
0.9049337
0.942868
0.9095827
0.9100025
0.9167201
0.9095932
0.908739
0.8932805
0.8871162
0.8843839
0.8839673
0.9030457
0.9151635
0.920616
0.908204
0.9071778
0.9098497
0.8822146
0.9063748
0.9068764
0.9024188
0.910461
0.9067518
0.8476162
0.9013472
0.9225975
0.8989466
0.9082393
0.9067509
0.9125543
0.9117051
0.9141841
0.9152184
0.9201764
0.9217239
0.9089523
0.8540429
0.8911093
0.9038526
0.9051132
0.9164045
0.9091576
0.9071485
0.9028434
0.9098797
0.9106065
0.899166
0.9031023
0.9056237
0.9040819
0.9008165
0.9032715
0.9065113
0.9157241
0.9067846
0.9043802
0.9030094
0.9075612
0.905291
0.9098223
0.903289
0.9035845
0.9075163
0.9242829
0.8972914
0.8451392
0.900386
0.908034
0.9085366
0.9211022
0.9224335
0.9124285
0.9104912
0.9104445
0.90938
0.9148234
0.9074662
0.8869588
0.8934988
0.8852973
0.8893899
0.8850729
0.8828784
0.9010394
0.8962579
0.8847592
0.9150953
0.9144074
0.8620431
0.8621212
0.8641128
0.8639446
0.8706625
0.9183645
0.9059454
0.9143451
0.9058559
0.9102532
0.9018671
0.9149018
0.8988612
0.9450145
0.9059675
0.9079931
0.9148412
0.9061439
0.907232
0.8908655
0.8853864
0.8731922
0.8796368
0.9022443
0.9152554
0.9188468
0.9015309
0.9044835
0.9022306
0.8854026
0.9036011
0.9045562
0.8972459
0.9020299
0.9010898
0.8638857
0.897461
0.9232455
0.8932677
0.9070189
0.9023857
0.9071273
0.9100968
0.9103291
0.9067778
0.9144777
0.9154062
0.9070346
0.8645116
0.8859217
0.8999963
0.9012664
0.9123466
0.9114507
0.9021487
0.904742
0.9022208
0.9122656
0.9001358
0.9043516
0.908284
0.905367
0.9046948
0.9048074
0.9049482
0.9148684
0.9102447
0.9057739
0.9081861
0.9086269
0.9014591
0.9080855
0.9060197
0.9054882
0.9091766
0.9190093
0.8896642
0.8647515
0.9033097
0.9042821
0.9068133
0.9171885
0.9185216
0.9115675
0.9094387
0.9038195
0.9088982
0.9149548
0.905077
0.8836029
0.8884784
0.8869105
0.8775244
0.8782926
0.8762281
0.8884956
0.8938516
0.8771366
0.8943042
0.8953822
0.9079457
0.9141194
0.9141183
0.921227
0.9221995
0.8967063
0.8876921
0.9112464
0.8913004
0.8983218
0.9243281
0.8996292
0.8953752
0.9386159
0.8950651
0.9073646
0.8994944
0.8999818
0.8996195
0.9252574
0.9170599
0.9210916
0.9231488
0.8885872
0.8892864
0.8937238
0.9097295
0.9074231
0.9052415
0.9120159
0.9183545
0.9082781
0.9174302
0.9133428
0.9060783
0.9154884
0.9138612
0.9053125
0.9141013
0.9027392
0.9173882
0.9239437
0.9173317
0.9247159
0.9233234
0.9215778
0.9260691
0.9023976
0.9185704
0.9231154
0.9233753
0.9225087
0.9155867
0.925181
0.9210801
0.9084348
0.9264031
0.9236463
0.9169636
0.9210413
0.9219612
0.9251915
0.9166606
0.9142877
0.9178057
0.9148695
0.9266895
0.9182331
0.9272248
0.9184479
0.9141414
0.9246832
0.922435
0.9282664
0.9215364
0.8992638
0.9193739
0.9186689
0.8960747
0.9046665
0.9012243
0.900036
0.909033
0.91315
0.9157303
0.9243667
0.9193765
0.9184931
0.9139816
0.9219308
0.9191483
0.9186217
0.9151898
0.9251391
0.9213571
0.9212541
0.9190825
0.9185011
0.9162049
0.9162027
0.8624572
0.8433817
0.8431306
0.8505713
0.8671295
0.9160131
0.9038806
0.9187366
0.9041828
0.9093027
0.904375
0.9098036
0.8999487
0.9476656
0.9032143
0.9040404
0.9095353
0.9026205
0.9076038
0.8950322
0.8830647
0.8823529
0.8774239
0.9027225
0.9175091
0.923139
0.9027204
0.9013153
0.9030225
0.87791
0.9015704
0.9041689
0.8918988
0.9010948
0.9001043
0.8469686
0.8899765
0.9251383
0.8906124
0.9048536
0.9020763
0.9066748
0.9059468
0.9092243
0.9118738
0.9095915
0.9171263
0.9045172
0.854107
0.8842533
0.9041718
0.8996858
0.9093534
0.9139879
0.9076607
0.9002915
0.8996895
0.9113573
0.9036325
0.903332
0.9089445
0.9079028
0.9035148
0.9052076
0.905557
0.9153983
0.9085099
0.9045275
0.9091452
0.9070173
0.9017026
0.909319
0.9065603
0.9110796
0.9115613
0.9225548
0.8930258
0.849669
0.8993871
0.8976118
0.9055065
0.9176483
0.916948
0.9113661
0.9119124
0.9063116
0.9086111
0.9187609
0.9042557
0.8869591
0.8896587
0.8865436
0.8796459
0.879789
0.8814585
0.894289
0.8924938
0.8711257
0.9013397
0.9020502
0.9291118
0.9290838
0.9281775
0.9305949
0.9358212
0.9051231
0.9039578
0.9257024
0.9059358
0.9009117
0.9358845
0.8996907
0.9088621
0.9247522
0.9071048
0.9125026
0.9011932
0.906561
0.9098793
0.9349933
0.9331334
0.9360385
0.9374017
0.903787
0.9008613
0.9033493
0.9306581
0.9286113
0.9279353
0.9326047
0.9377081
0.9333057
0.9323599
0.9360514
0.9286397
0.9327648
0.9309289
0.9095886
0.9321223
0.9005097
0.9321866
0.9378758
0.9377457
0.9361456
0.9393027
0.9391488
0.9387931
0.8998323
0.9329662
0.9330055
0.9382243
0.9310478
0.9316812
0.9392073
0.9353147
0.930069
0.9372386
0.9367487
0.9345832
0.9325187
0.933424
0.9370133
0.9354385
0.9316917
0.9331402
0.9335346
0.9379961
0.9310139
0.9363943
0.9343031
0.929502
0.9354817
0.9354364
0.938863
0.9354946
0.9089097
0.9328919
0.9339107
0.8994618
0.9264057
0.9012307
0.9051802
0.9042385
0.9233798
0.9332326
0.9305725
0.9274998
0.9314301
0.9284578
0.935712
0.9347583
0.9350785
0.9329543
0.9363141
0.9366025
0.9368626
0.9353856
0.9337627
0.9098419
0.9140965
0.8600136
0.8315528
0.8337397
0.8527088
0.8636654
0.9155198
0.900963
0.9169447
0.9027703
0.9070086
0.9037376
0.9117169
0.8988917
0.9462674
0.9043165
0.9040096
0.9133199
0.9012381
0.9043038
0.8905173
0.8817749
0.8773293
0.8789781
0.9038309
0.9156405
0.9212668
0.8996032
0.9005863
0.9040118
0.8825614
0.8989411
0.9032565
0.8882579
0.8978422
0.9006166
0.8439838
0.8938478
0.9235152
0.8900092
0.9032558
0.8991836
0.9038912
0.9049775
0.9099125
0.9073268
0.9087888
0.9134015
0.9037814
0.8451461
0.8818614
0.9045078
0.8978015
0.9151554
0.9078166
0.908588
0.901295
0.8986878
0.9093012
0.9020269
0.9022627
0.9048268
0.9070541
0.898271
0.902605
0.9014105
0.9149056
0.9041719
0.90423
0.9052738
0.9088253
0.9028249
0.9076541
0.9050356
0.9075193
0.9097193
0.918614
0.8953759
0.845765
0.9013958
0.8998438
0.9048538
0.9151013
0.915099
0.9088915
0.9132438
0.9021439
0.9070793
0.9160757
0.9066914
0.8855708
0.8893417
0.8830251
0.8735026
0.8767282
0.8791145
0.889467
0.8948421
0.8721183
0.9175221
0.9227333
0.875
0.8614657
0.8624577
0.8655021
0.806444
0.9206751
0.9128478
0.9151042
0.9132671
0.9119104
0.889205
0.9253382
0.9114002
0.9424293
0.9075909
0.9072974
0.9252685
0.9125085
0.9081725
0.8848574
0.8857773
0.8764499
0.8717258
0.9099821
0.920048
0.9230282
0.9087936
0.9165363
0.9105421
0.8881168
0.9021366
0.9062112
0.9005731
0.9114248
0.9064105
0.8589052
0.8904916
0.922627
0.8867046
0.9033669
0.9032177
0.908339
0.9086247
0.9094436
0.9193722
0.9232746
0.9278162
0.9025948
0.8646774
0.8730636
0.8901548
0.8976647
0.9129566
0.8968553
0.8990615
0.902639
0.8989151
0.8994632
0.8914273
0.8936451
0.8937621
0.8913682
0.8956308
0.8966927
0.8968406
0.9119679
0.8924775
0.8930089
0.8901904
0.8961461
0.8964948
0.9006385
0.8894872
0.8874034
0.8989286
0.9269057
0.8941116
0.8551221
0.9061807
0.9158812
0.902138
0.9227104
0.9269391
0.9086206
0.9072855
0.9001512
0.9033664
0.90625
0.9025396
0.8717232
0.8941125
0.8830768
0.880174
0.8747669
0.8741289
0.889526
0.8867034
0.8814503
0.9227674
0.9272161
0.8837628
0.884268
0.8854048
0.8772636
0.8759868
0.9217468
0.9202467
0.9135894
0.9184576
0.9180949
0.8874104
0.9253868
0.9203275
0.9353322
0.9178561
0.9142137
0.9269379
0.9194122
0.9128319
0.891793
0.885198
0.8791653
0.8779157
0.9174599
0.9207328
0.923512
0.9113169
0.9174447
0.9176201
0.8959994
0.903828
0.9091478
0.9093885
0.9200178
0.91613
0.8764129
0.8979826
0.9251201
0.8940884
0.9067028
0.9134341
0.911802
0.919305
0.9141297
0.9248609
0.928674
0.9343418
0.9067187
0.8823815
0.8823464
0.8947088
0.900585
0.9167385
0.9018437
0.8961688
0.9013493
0.9025371
0.8964126
0.8877161
0.8924372
0.8943702
0.8902548
0.8921423
0.8986247
0.8945586
0.9121439
0.8949554
0.8933414
0.8882876
0.8966385
0.8974901
0.9013011
0.8879399
0.8885746
0.9023518
0.9236768
0.8957261
0.8747875
0.9093727
0.9149623
0.907362
0.9234172
0.9236521
0.9082539
0.9042374
0.9078621
0.910927
0.9082752
0.9025785
0.879305
0.8910502
0.885442
0.8901871
0.8809487
0.882202
0.8972757
0.8910931
0.8959331
0.8757011
0.8814248
0.9164393
0.9186528
0.9192931
0.9179428
0.9232711
0.8815808
0.8772599
0.9224006
0.877193
0.8744839
0.9244482
0.8746577
0.8794523
0.9182639
0.8805938
0.8972251
0.8756454
0.8823487
0.8890495
0.9245073
0.9215381
0.9273488
0.9257091
0.8746546
0.8722393
0.8795789
0.9151766
0.9135709
0.9135677
0.91716
0.9242179
0.9222332
0.9168249
0.9224138
0.9138936
0.9236614
0.9198773
0.8983254
0.9159467
0.891046
0.9211316
0.9268768
0.9223934
0.9278143
0.9271656
0.9244423
0.9278158
0.8912167
0.9202189
0.9247619
0.9276233
0.9229779
0.9218233
0.9295303
0.9259973
0.9131613
0.9265499
0.9219993
0.9201029
0.9213459
0.9228271
0.9241607
0.9193981
0.9189788
0.9161102
0.9253384
0.9277134
0.9179249
0.9254106
0.9207209
0.9168351
0.9273399
0.9213584
0.9277292
0.9236993
0.8930907
0.9253232
0.9256697
0.8794764
0.9088005
0.8894207
0.890302
0.8884966
0.9127549
0.9203994
0.9206937
0.9195633
0.9238278
0.9159869
0.9289619
0.9231358
0.9247274
0.9228258
0.9284493
0.9247636
0.9232172
0.9215019
0.9198747
0.9047348
0.9017048
0.9307176
0.9335553
0.9334513
0.9401952
0.9405633
0.900367
0.9036581
0.9270358
0.9098589
0.9077061
0.9398494
0.9021419
0.9105815
0.9305609
0.9088978
0.9216646
0.9031233
0.910769
0.9089442
0.9395102
0.9353313
0.9422626
0.9422171
0.904503
0.8928109
0.8980828
0.9338413
0.9280779
0.9240484
0.935024
0.9404531
0.9289903
0.9315568
0.9323602
0.9264273
0.9354105
0.9309141
0.9095461
0.9336032
0.9137639
0.935027
0.9394329
0.9321513
0.9392897
0.9397168
0.9359127
0.9397956
0.9138961
0.9375807
0.9421089
0.9442853
0.9389884
0.9322436
0.9429811
0.9380934
0.9332744
0.9411765
0.9352333
0.9373833
0.9374387
0.9392324
0.9422561
0.9383725
0.9354839
0.9380957
0.9342056
0.9409169
0.9339034
0.9422868
0.9371328
0.9357462
0.9400591
0.9395316
0.9427896
0.9390281
0.9046088
0.9331865
0.9377106
0.9038791
0.9228181
0.9140548
0.9032041
0.9060294
0.9270245
0.9302582
0.9393264
0.9327452
0.9321376
0.9318262
0.9435536
0.9365371
0.9376691
0.9369181
0.9433038
0.9441415
0.9360851
0.9391497
0.9356281
0.8540579
0.8574399
0.901653
0.9097939
0.9098684
0.9023743
0.9081922
0.8662231
0.8742131
0.9060478
0.8757172
0.8681482
0.9006488
0.8813645
0.8775617
0.9249534
0.880317
0.882736
0.8808198
0.8811896
0.8791197
0.9144263
0.9055931
0.9057445
0.9107676
0.8753398
0.8579121
0.8654286
0.9100078
0.9059267
0.9066134
0.9103493
0.9080188
0.9067446
0.9013709
0.9135394
0.9061919
0.905069
0.9046638
0.8813437
0.8957505
0.8700081
0.9059169
0.9138269
0.9117375
0.9158789
0.9189402
0.9177911
0.9209563
0.8698915
0.9111596
0.9049792
0.9076147
0.9029205
0.9120918
0.906981
0.9027023
0.9000913
0.906352
0.9067836
0.9022124
0.8978235
0.9002433
0.9038281
0.8971891
0.9003665
0.8985946
0.9101992
0.90645
0.8985233
0.9031144
0.9043562
0.8980887
0.9029794
0.9027433
0.9033263
0.905818
0.8769036
0.9104648
0.9047895
0.8701184
0.9056244
0.8702282
0.8784127
0.8850093
0.899936
0.9055232
0.9058209
0.9054601
0.9060708
0.9053569
0.9067562
0.9107816
0.9044191
0.9056734
0.9036716
0.9037848
0.9126561
0.9109053
0.9040749
0.9137882
0.9181156
0.869358
0.8734661
0.8702202
0.8606289
0.8641952
0.9165364
0.9040887
0.9078292
0.9072467
0.9079468
0.8838099
0.9141394
0.904141
0.9440894
0.9045975
0.9034643
0.9155164
0.9097867
0.8999378
0.8817855
0.8783607
0.8635065
0.8653963
0.902958
0.9171237
0.9182925
0.8992789
0.9074656
0.9042919
0.8799732
0.8927623
0.8971585
0.8910008
0.8992078
0.8997927
0.8633475
0.8883073
0.9181419
0.8783733
0.8980413
0.8918453
0.8970373
0.903399
0.9030627
0.905956
0.9135368
0.9168064
0.8982952
0.8638973
0.8703232
0.883983
0.8872553
0.9095789
0.8974773
0.8875019
0.8893429
0.8903777
0.8900137
0.8783704
0.886351
0.8856722
0.8853184
0.884624
0.8915291
0.8861294
0.9048027
0.8884687
0.8879499
0.8836239
0.8912282
0.8856631
0.8925352
0.8869043
0.8863756
0.8904243
0.9141287
0.8869485
0.8618892
0.8968698
0.9051055
0.8999493
0.917995
0.9178178
0.9042827
0.9012076
0.8954161
0.9002453
0.906472
0.8978417
0.8590133
0.8807702
0.8705265
0.8715813
0.8653755
0.8675634
0.8856916
0.879362
0.8688763
0.9015666
0.905625
0.8902221
0.8966218
0.8986178
0.9043469
0.9101993
0.9106416
0.8953451
0.9112295
0.8999106
0.9054097
0.918582
0.9002759
0.8897097
0.9477301
0.8995988
0.898516
0.9018149
0.8917126
0.9011455
0.9089942
0.9050273
0.9013493
0.9052594
0.8942646
0.9101345
0.9120585
0.8471958
0.8322931
0.8336421
0.8953224
0.9026425
0.9007506
0.897446
0.8893746
0.8897422
0.8975745
0.8822257
0.915926
0.8836783
0.903994
0.8972917
0.9053307
0.9005395
0.9087225
0.9098302
0.9063474
0.9105214
0.9029202
0.8964511
0.9071673
0.9129256
0.9074148
0.9148854
0.9203061
0.9115348
0.9049008
0.9103079
0.9225058
0.9142255
0.9128267
0.9193148
0.9209141
0.9126429
0.9098047
0.9132613
0.9156216
0.91986
0.9105671
0.9226066
0.9172122
0.9060263
0.9143434
0.9180417
0.9247074
0.9156847
0.913489
0.9066296
0.8965392
0.8939085
0.8286874
0.9028575
0.9099642
0.914157
0.9087214
0.9117062
0.902075
0.9092699
0.9213538
0.9106113
0.9042983
0.9078155
0.9025041
0.8977671
0.906792
0.9053058
0.9034606
0.91015
0.8890647
0.9012675
0.9048328
0.8950184
0.8971776
0.8983111
0.9035457
0.9133362
0.9117833
0.8987918
0.9147606
0.9010631
0.9046477
0.9164798
0.8989992
0.8899035
0.947437
0.8983546
0.900853
0.9001262
0.8922666
0.9007235
0.9083422
0.9041978
0.9004463
0.9057927
0.8948201
0.9070031
0.9104804
0.8420909
0.8337407
0.8277359
0.8950436
0.9017249
0.9020796
0.8971336
0.8906092
0.8943657
0.8994087
0.8813366
0.9133494
0.8842287
0.9045574
0.8969405
0.9053914
0.9028686
0.9086343
0.9100567
0.9071562
0.909649
0.9043003
0.8979665
0.9043376
0.9137216
0.9074811
0.9125084
0.919499
0.9098531
0.9049972
0.9117334
0.9215686
0.9121205
0.9142582
0.9187024
0.9212342
0.9123291
0.9097583
0.914039
0.9170577
0.9213159
0.9124392
0.9211213
0.916535
0.9067195
0.9143831
0.9158048
0.9249222
0.9148995
0.9110543
0.9071999
0.9006946
0.8921597
0.832798
0.902913
0.9075769
0.9131009
0.9108144
0.914206
0.8992393
0.9093375
0.9216348
0.9111518
0.9037534
0.9061722
0.9013935
0.8969668
0.9095891
0.9068365
0.9044829
0.908655
0.8879307
0.8751907
0.8764806
0.9115231
0.9167308
0.9180557
0.9176433
0.9170086
0.8835489
0.8828604
0.9118906
0.8843744
0.8859776
0.9188664
0.8840336
0.8859226
0.9305045
0.8811549
0.8971205
0.8863454
0.8882028
0.8860861
0.9176595
0.9171132
0.9219481
0.9221375
0.8818498
0.8690798
0.8757895
0.9141814
0.9107356
0.9111064
0.9116591
0.9166909
0.9121336
0.9116792
0.9164726
0.9055191
0.9154157
0.9173226
0.892701
0.9134352
0.8860914
0.9162155
0.9225108
0.9155113
0.9285241
0.9255747
0.9223445
0.9214423
0.8852607
0.9145759
0.9182013
0.9164752
0.9178768
0.912225
0.9228778
0.9127586
0.9044
0.9217626
0.917698
0.9140532
0.9105616
0.9173807
0.9189017
0.9116545
0.9125698
0.914561
0.9163142
0.9215023
0.9117141
0.9211143
0.9119011
0.9116091
0.9211923
0.9171137
0.9164093
0.9172697
0.8826688
0.9186222
0.9153832
0.8820578
0.9079177
0.8863334
0.8837259
0.8917382
0.9073711
0.9095255
0.9178072
0.9129203
0.9092392
0.911297
0.922397
0.9147919
0.9186059
0.9169471
0.9238158
0.9202213
0.9216926
0.919171
0.9145785
0.8840669
0.8888689
0.9020753
0.9027713
0.9000966
0.8970223
0.9020982
0.8965936
0.8695251
0.9115817
0.8727849
0.8436504
0.895794
0.8602551
0.8520938
0.9219636
0.8521801
0.8433197
0.8628148
0.8577886
0.8254863
0.9056038
0.9033757
0.8941047
0.8967549
0.8611782
0.8914179
0.8942809
0.9009378
0.9006056
0.8994942
0.9041614
0.8991324
0.8997007
0.8957035
0.9007846
0.9006749
0.8948267
0.8861792
0.8969833
0.883822
0.8676508
0.8916365
0.908831
0.9073221
0.9075492
0.9086942
0.9075527
0.912105
0.8693654
0.8994906
0.9006198
0.9005889
0.8852667
0.9046785
0.9047461
0.8962141
0.8970986
0.8984372
0.9052229
0.9009402
0.8992495
0.8987276
0.8969248
0.8926599
0.9012504
0.8966903
0.9088353
0.901019
0.8990893
0.899921
0.9006182
0.8916541
0.8974062
0.8967684
0.9017409
0.9042236
0.8979099
0.9084537
0.8958652
0.8717902
0.8997468
0.8684143
0.8927958
0.8900524
0.8977297
0.909388
0.8941411
0.8971088
0.9132105
0.8982409
0.8965248
0.9098667
0.8973999
0.8949866
0.8932437
0.8937755
0.9062454
0.9046243
0.8915193
0.8957434
0.8962472
0.9272657
0.9308237
0.9313465
0.9322527
0.9401434
0.9027621
0.9052594
0.9239205
0.9054813
0.9059692
0.9401743
0.8952171
0.9042218
0.9265131
0.9061354
0.9126278
0.8956453
0.907671
0.9107365
0.9378745
0.9323265
0.9396519
0.9417863
0.8994182
0.891144
0.8921695
0.9283757
0.923478
0.9240687
0.9299448
0.9370312
0.9298462
0.9313036
0.9375848
0.9275897
0.9335748
0.9293507
0.9103892
0.9339695
0.9128236
0.9327606
0.9391313
0.9335595
0.9384759
0.9416956
0.9381476
0.9374408
0.9132221
0.9321444
0.9404396
0.9427768
0.9373296
0.9313583
0.941902
0.9351664
0.9320789
0.9421408
0.9382918
0.9334689
0.9356299
0.9376502
0.9396609
0.93637
0.9356107
0.9364985
0.9324107
0.9454827
0.9350439
0.9426756
0.9372855
0.9350922
0.938175
0.9410263
0.9405297
0.9384127
0.9025257
0.9318846
0.9303313
0.9045799
0.9214809
0.9107055
0.9039064
0.9074281
0.9249155
0.928292
0.9345263
0.9273255
0.9342876
0.9329548
0.9382936
0.932833
0.9362056
0.933251
0.9436863
0.9392313
0.9320471
0.9354597
0.9322625
0.9149035
0.9256368
0.8851064
0.8855864
0.8801874
0.8702929
0.8670291
0.917528
0.9111023
0.908587
0.9155117
0.907814
0.8677788
0.9201217
0.9092849
0.9410239
0.9076487
0.9015249
0.9204247
0.9129934
0.9000403
0.8359649
0.8143078
0.8132415
0.8119468
0.9102536
0.9202317
0.9228505
0.9019556
0.9120754
0.9114042
0.8948686
0.8950458
0.8994637
0.8959014
0.910049
0.9035253
0.8732035
0.8859652
0.9174052
0.8796869
0.8958182
0.9012507
0.9010793
0.9117954
0.9066275
0.914923
0.9164737
0.923746
0.8965943
0.8766345
0.8244731
0.8751111
0.8835983
0.9078734
0.8865835
0.8906928
0.8903143
0.8846026
0.8836524
0.8728414
0.8800822
0.8753101
0.874667
0.8789902
0.8873871
0.8738997
0.9040827
0.8730914
0.8800202
0.871109
0.8831317
0.884887
0.8885441
0.8751585
0.8732808
0.885062
0.9223756
0.8830028
0.8714318
0.9016785
0.9086713
0.8968159
0.9202829
0.9196335
0.8983069
0.8976729
0.8916308
0.8967228
0.8978257
0.894271
0.8160854
0.8456522
0.8302628
0.8330841
0.7749702
0.6971831
0.848677
0.8504907
0.8224535
0.913624
0.9185203
0.9033934
0.9045375
0.9048452
0.9055056
0.8956626
0.9160418
0.9013745
0.8975816
0.9069093
0.9032281
0.8666489
0.9114813
0.9020592
0.9375435
0.90456
0.9065707
0.9126879
0.9026768
0.8997463
0.8994928
0.8995661
0.8955049
0.8963404
0.9047056
0.9138632
0.915907
0.9124206
0.9191389
0.9163244
0.9111693
0.9060286
0.9023072
0.8977705
0.9103308
0.9057138
0.8991402
0.8974266
0.9157706
0.8851758
0.9035417
0.9040629
0.9090453
0.9133654
0.9117027
0.9143648
0.9182273
0.9282934
0.9039094
0.902705
0.8965117
0.8859729
0.89005
0.9036261
0.8926132
0.8896354
0.8766518
0.8860959
0.8773024
0.8756325
0.8702108
0.8666185
0.870476
0.8687444
0.8761974
0.8759282
0.8862517
0.8755019
0.8680001
0.8679984
0.8839019
0.8680003
0.8805877
0.8728429
0.8683503
0.8851608
0.9179903
0.9066293
0.8984281
0.9024329
0.9140362
0.9053697
0.9148607
0.915882
0.8977597
0.9022548
0.8975049
0.8987944
0.9039776
0.8565636
0.8942843
0.9036745
0.9024696
0.8986253
0.895367
0.8939647
0.906419
0.9048258
0.900445
0.9009473
0.9096264
0.9048919
0.9124799
0.9106519
0.8996525
0.8972182
0.9081856
0.8877798
0.9044312
0.8922781
0.8770174
0.880248
0.8961586
0.8852141
0.9214463
0.8808177
0.864713
0.8973261
0.8897162
0.8610568
0.9043615
0.9029499
0.8955556
0.8959727
0.8945697
0.9031646
0.909225
0.9108174
0.9204292
0.9120845
0.9082515
0.9017335
0.9021548
0.8999337
0.9142979
0.9042329
0.901062
0.8954672
0.9056177
0.8872199
0.8796998
0.9023307
0.9051401
0.9152554
0.9094583
0.9156735
0.9206508
0.9259438
0.8801437
0.9013917
0.8930025
0.8858071
0.8873382
0.9058539
0.8973312
0.8853182
0.8895973
0.8901238
0.8940832
0.8825556
0.8841383
0.8853453
0.8797647
0.8864905
0.8891862
0.8852687
0.9032953
0.8907775
0.8838313
0.8797515
0.8852235
0.8843863
0.8869817
0.8827511
0.8869381
0.8915853
0.9087162
0.9084841
0.9005793
0.8880339
0.9128015
0.8808485
0.9078637
0.9042741
0.8986789
0.9039092
0.8969354
0.9007789
0.8992229
0.8909607
0.8932242
0.9041972
0.903401
0.8996566
0.8909592
0.8873296
0.9094059
0.9093904
0.8977261
0.9158659
0.9207725
0.8729222
0.8721546
0.8722601
0.8705703
0.8725802
0.9230444
0.9094669
0.9164978
0.9102808
0.9141974
0.8969661
0.9186527
0.9085807
0.9456132
0.9095422
0.905549
0.9192014
0.908452
0.9084522
0.8878977
0.8823192
0.8797753
0.8801223
0.9077167
0.9169508
0.9186926
0.9033976
0.9048516
0.9037553
0.8654665
0.9012086
0.9017401
0.8982191
0.9078663
0.9024496
0.866777
0.8951589
0.9193793
0.8939668
0.9068925
0.9018109
0.9035135
0.9100813
0.9122757
0.9161755
0.9181036
0.924063
0.907418
0.874249
0.8800682
0.8920631
0.8954811
0.9089537
0.9028124
0.9006407
0.8993163
0.8965907
0.9011238
0.8935397
0.8974848
0.8983234
0.8965492
0.8937505
0.9006494
0.8949643
0.9100574
0.8996528
0.8969536
0.894777
0.9004438
0.8997759
0.9005318
0.8971692
0.8972873
0.899092
0.9229528
0.894504
0.8671049
0.9058223
0.9082147
0.9066064
0.9223516
0.9225937
0.9077317
0.9116939
0.8988989
0.9085586
0.9119085
0.900022
0.8800534
0.8892465
0.8855883
0.8858095
0.8777812
0.8773936
0.8953554
0.8875077
0.8844645
0.9111357
0.9144362
0.8731992
0.8706711
0.8703154
0.8828643
0.8858327
0.9178999
0.904576
0.916952
0.9041279
0.9129448
0.912187
0.912662
0.9029402
0.9493171
0.909617
0.9120444
0.9132681
0.9022736
0.909081
0.8943096
0.8911764
0.8880913
0.8869156
0.9019005
0.9142501
0.9176174
0.896894
0.8924916
0.8971827
0.6901862
0.9044517
0.8993841
0.8959134
0.8932773
0.8979755
0.8768973
0.8972598
0.9229525
0.8919957
0.9102913
0.8959639
0.9056119
0.9025388
0.9109414
0.911489
0.9069641
0.9087712
0.9109315
0.8716606
0.8945616
0.9090705
0.9057506
0.9114946
0.9174113
0.9050051
0.9052068
0.909996
0.9199453
0.9020704
0.9113727
0.9132625
0.9170027
0.9052958
0.9070763
0.9104989
0.9147103
0.9151631
0.9088168
0.9159928
0.9151232
0.9021895
0.9186497
0.9149298
0.9114031
0.9098797
0.9192396
0.8970765
0.8786519
0.9021884
0.8936928
0.9109396
0.9129802
0.9201078
0.9175578
0.9144209
0.9088069
0.9114325
0.9195628
0.9119645
0.8897379
0.8932035
0.8912611
0.8908243
0.8903725
0.8914758
0.8942279
0.8966296
0.8853907
0.9182013
0.9208136
0.8667242
0.8655543
0.8648189
0.8654951
0.876766
0.9200112
0.9093341
0.9155599
0.910685
0.909475
0.9055607
0.9154084
0.9045081
0.9447186
0.90883
0.909142
0.9146974
0.906608
0.9082486
0.8950163
0.8899981
0.8820129
0.8780831
0.9075204
0.9181297
0.9223917
0.9030267
0.9047549
0.9065254
0.8729505
0.9019593
0.9059003
0.9008843
0.9016887
0.9027688
0.8607685
0.8953069
0.9258925
0.8916554
0.9103869
0.9052801
0.9105197
0.911263
0.9142491
0.9093762
0.9139438
0.9186963
0.9109055
0.861318
0.8850192
0.89969
0.9035156
0.9136267
0.9122126
0.9040813
0.9053077
0.9045343
0.910589
0.8999606
0.9019622
0.9054381
0.9030649
0.901344
0.9070072
0.9021106
0.9148035
0.9039808
0.8997091
0.9028565
0.9075397
0.9047101
0.910545
0.905003
0.9071194
0.9076098
0.9223382
0.8928507
0.8639778
0.9048621
0.9054171
0.9093682
0.9213632
0.9195905
0.912796
0.9111626
0.9028856
0.9089365
0.9178898
0.9066141
0.8853563
0.891575
0.8812695
0.8833073
0.8823191
0.8821774
0.891144
0.892638
0.8840964
0.901294
0.9052128
0.8942322
0.8977906
0.8981766
0.9002364
0.9071019
0.9105187
0.899487
0.9073178
0.9017192
0.90609
0.9103689
0.9061353
0.8978808
0.9428
0.8994764
0.904859
0.9094067
0.8990084
0.9079126
0.901219
0.898144
0.8985919
0.8984488
0.8965071
0.9050577
0.9080863
0.8521908
0.8574745
0.8489987
0.8975008
0.9025257
0.8994281
0.9034099
0.9000149
0.8935073
0.8996716
0.8863403
0.917336
0.8885636
0.9026379
0.8982296
0.9029112
0.9037204
0.9133198
0.9110329
0.9113362
0.9115747
0.902887
0.9005294
0.8993197
0.9037342
0.9025814
0.9136632
0.9139985
0.9046246
0.9031932
0.9075747
0.9145287
0.9015721
0.9035025
0.9114748
0.9155597
0.9039621
0.9098326
0.9082056
0.9134716
0.9132731
0.9056768
0.9109576
0.9116837
0.9010443
0.9090357
0.9101671
0.9105485
0.9074365
0.9071853
0.9003199
0.8998441
0.8957079
0.8429282
0.9021213
0.9045212
0.9106763
0.9079396
0.9082263
0.9043592
0.9026009
0.9154595
0.9128689
0.9004587
0.9017085
0.8987523
0.8994481
0.9031168
0.898121
0.9042327
0.9066592
0.893259
0.9052212
0.9074888
0.8973369
0.9004003
0.9006291
0.9013554
0.9082292
0.9120124
0.9014747
0.9101605
0.9005928
0.9016246
0.9136952
0.9042237
0.8947698
0.9428601
0.8983887
0.9038401
0.9039737
0.8963588
0.9041293
0.9049769
0.9001678
0.9004877
0.9004568
0.8991702
0.9107377
0.9095485
0.8363207
0.8386634
0.8309269
0.9019672
0.9010777
0.9015665
0.8983198
0.8953858
0.8941877
0.9002819
0.8856723
0.9217231
0.8862267
0.9065577
0.9004955
0.9031285
0.9054668
0.9138244
0.9121653
0.9072974
0.9147133
0.9064567
0.9011397
0.9032884
0.9111611
0.9056618
0.914935
0.9194058
0.9080795
0.9076821
0.9119261
0.9190615
0.9086069
0.9103305
0.9157016
0.9155663
0.9085274
0.9099813
0.9085917
0.9174888
0.9189179
0.9095734
0.9159166
0.9143321
0.9093433
0.9142359
0.9106828
0.9177439
0.9157752
0.9134548
0.9071449
0.8982977
0.8943642
0.8316246
0.9062356
0.9130144
0.9192844
0.9135222
0.9136049
0.9058613
0.9041397
0.918345
0.9104037
0.9025491
0.9036502
0.9011555
0.9017544
0.9061022
0.9002443
0.9046184
0.908069
0.8941761
0.9005338
0.9025337
0.8927978
0.8973061
0.8982941
0.9054502
0.9124048
0.910767
0.8979006
0.9126581
0.8984454
0.9051449
0.9178769
0.8976443
0.8878306
0.9483625
0.8980997
0.9008668
0.8999708
0.8903086
0.9013766
0.9107627
0.9032682
0.9023102
0.9036729
0.8927048
0.9093574
0.9104163
0.8398018
0.8325402
0.823254
0.8944994
0.9030253
0.9013422
0.8995921
0.8886823
0.8927269
0.90145
0.880438
0.9135518
0.8845311
0.9035135
0.8963046
0.9056986
0.9016761
0.910864
0.908876
0.905578
0.9104494
0.9030552
0.8972205
0.9035205
0.9147048
0.9060013
0.913597
0.9197449
0.9097406
0.9047133
0.9112926
0.9219507
0.9137827
0.912789
0.9188587
0.9209546
0.9117348
0.9101894
0.9142152
0.9171885
0.9219384
0.9124381
0.922794
0.9158134
0.9075235
0.9158473
0.9158062
0.9252316
0.9148138
0.9117303
0.9054734
0.899094
0.8899286
0.8289709
0.9031887
0.9115506
0.9134517
0.911527
0.9142645
0.9000888
0.9097648
0.9234707
0.9093125
0.9044992
0.9053451
0.90223
0.8983201
0.9092626
0.9046143
0.9030785
0.9086465
0.8890835
0.9078389
0.9122586
0.8891512
0.8895642
0.892613
0.8883745
0.8950473
0.9149989
0.8968701
0.9071548
0.9002128
0.8964345
0.8909629
0.8991862
0.8842333
0.9468048
0.8987277
0.8953037
0.8995712
0.8915569
0.8965211
0.8941019
0.8926339
0.8802846
0.8823175
0.8948279
0.9125388
0.9107401
0.8857462
0.8818799
0.8837857
0.8922225
0.8884537
0.8852731
0.8778041
0.8809883
0.8863198
0.8856192
0.8398032
0.9143747
0.7601186
0.8922783
0.8817433
0.889895
0.8948629
0.8948652
0.8961498
0.8934301
0.9003358
0.8929018
0.8847491
0.8833769
0.8819498
0.8912936
0.9012002
0.895872
0.8899809
0.8886198
0.8822144
0.8962082
0.8924265
0.8896106
0.8937353
0.8896101
0.8844172
0.8903693
0.8928558
0.9044893
0.8918837
0.8901815
0.8882549
0.8970034
0.8858422
0.8941599
0.8913442
0.8976035
0.8917989
0.9136217
0.8996652
0.8879892
0.8907578
0.8790853
0.8943876
0.9180621
0.9115981
0.9003912
0.9065128
0.881161
0.9023664
0.9089186
0.8961857
0.8867122
0.8996007
0.8927855
0.883848
0.8813679
0.880877
0.8976964
0.8998447
0.8791151
0.905473
0.9062689
0.8942078
0.9022494
0.9018497
0.9031736
0.9082585
0.9113243
0.8969072
0.9071414
0.9027288
0.9054673
0.9093243
0.9037298
0.8966598
0.9428017
0.9010199
0.9040456
0.9046603
0.8983762
0.9039838
0.9042609
0.8996704
0.8962101
0.8999745
0.8993618
0.9072834
0.9090003
0.8509491
0.8533492
0.845689
0.8980579
0.9018979
0.9034543
0.9019346
0.8966047
0.8967999
0.8990009
0.8808624
0.9154672
0.8867417
0.9036852
0.8977121
0.901037
0.9050133
0.9108422
0.9085478
0.9100415
0.9156718
0.9040532
0.9028888
0.9023474
0.902868
0.9047531
0.9169918
0.9145725
0.907002
0.9054892
0.9110737
0.9123591
0.9114689
0.9080866
0.9123121
0.910668
0.9044748
0.9076601
0.9100855
0.9163017
0.9147176
0.9048402
0.9136755
0.9099833
0.904658
0.9125779
0.9102408
0.9145455
0.9114301
0.9086284
0.9032281
0.9004556
0.8936992
0.8441207
0.9038324
0.9112949
0.9124282
0.9115022
0.9090556
0.9069223
0.9029012
0.9168357
0.9082313
0.8996126
0.9042511
0.8974083
0.8975502
0.9012794
0.8974116
0.9027311
0.9050465
0.8943888
0.9040882
0.9072475
0.895825
0.8983245
0.8989856
0.9019489
0.9084527
0.9122992
0.9013212
0.9100698
0.9036248
0.9035591
0.9107058
0.9046862
0.8944238
0.9431032
0.8964717
0.9036844
0.9060188
0.8957778
0.9052677
0.9054578
0.8998475
0.8971697
0.8957501
0.8970446
0.9104135
0.9100742
0.845692
0.8415062
0.8340663
0.8970046
0.9005119
0.9017299
0.8990849
0.8962268
0.8934107
0.8944277
0.8816128
0.9207449
0.8806427
0.9034002
0.8974598
0.9039536
0.8996127
0.9113285
0.9096431
0.9053616
0.9120649
0.9044285
0.8968569
0.8993018
0.9081275
0.9029251
0.9148327
0.9168574
0.9074407
0.905619
0.91121
0.9138097
0.906853
0.9101196
0.9120875
0.9141859
0.9098876
0.9091613
0.9122656
0.9146643
0.9117465
0.9043645
0.9127937
0.9107799
0.9053122
0.9079244
0.9134914
0.9174775
0.9104618
0.9139263
0.9033368
0.8972282
0.898925
0.8394413
0.9024156
0.9104714
0.9165886
0.9106792
0.908552
0.9046596
0.9097381
0.9140162
0.9079549
0.8980764
0.9018473
0.8959717
0.8958792
0.9051527
0.8961948
0.9015146
0.9036391
0.8893298
0.9018357
0.9022112
0.8965252
0.9030468
0.8995329
0.9129939
0.9208013
0.915485
0.8974359
0.9139673
0.9009197
0.9076453
0.9240625
0.9055725
0.8954072
0.9442501
0.9005192
0.9113417
0.9064137
0.8949889
0.9068417
0.9145668
0.9111432
0.9131315
0.9116789
0.8970253
0.9072569
0.9125759
0.8472995
0.8433441
0.8337913
0.8991496
0.9056239
0.9053453
0.9060608
0.8959943
0.9008649
0.904228
0.8913849
0.9193237
0.8963979
0.9079177
0.9013369
0.9061084
0.9082802
0.9167142
0.9177708
0.9117425
0.9137212
0.9085175
0.9056311
0.9153668
0.9214923
0.9124272
0.9165454
0.9309611
0.9188328
0.9108058
0.9218628
0.9282443
0.9217171
0.9196084
0.9260356
0.9303592
0.9185913
0.9220434
0.9223217
0.9214941
0.927998
0.9185091
0.9309877
0.9232499
0.9146966
0.9263229
0.9286699
0.9302409
0.923021
0.9106047
0.9101599
0.9049383
0.8957425
0.8365717
0.9066981
0.9091102
0.9168063
0.919256
0.9149265
0.9103247
0.9162965
0.9264042
0.9153586
0.9180862
0.9099736
0.9121048
0.9052254
0.9203408
0.9164528
0.9108755
0.9106074
0.9025685
0.9065264
0.9077459
0.8945806
0.9002833
0.8995657
0.9019523
0.9076657
0.9162265
0.9030588
0.9123571
0.9093607
0.90653
0.9117937
0.9071894
0.8954453
0.9433962
0.9010227
0.9048208
0.9083703
0.8980625
0.904301
0.9060089
0.9008672
0.8987198
0.8974911
0.9034748
0.9101918
0.9108183
0.8393519
0.8382227
0.8288985
0.8979028
0.897876
0.9011298
0.8964741
0.8969003
0.8975627
0.9001233
0.8811295
0.9219422
0.8843299
0.9087189
0.8998234
0.9021892
0.9049345
0.911344
0.9118909
0.9119974
0.9121242
0.9079575
0.9019381
0.9023889
0.9073544
0.9027721
0.9136325
0.9171414
0.9068026
0.9052971
0.9063724
0.9167593
0.9099541
0.9082023
0.9112322
0.9133211
0.9058649
0.909512
0.9110275
0.9177709
0.9130005
0.9075888
0.9129803
0.9090489
0.906089
0.9137771
0.9125207
0.9194459
0.9127564
0.9146037
0.905281
0.9001785
0.8959384
0.8352919
0.9069958
0.9166081
0.9179146
0.9123789
0.9093216
0.9018218
0.9081198
0.9193245
0.9111063
0.8993708
0.9053894
0.9013622
0.9010751
0.9036045
0.9002037
0.9017187
0.9025254
0.8957124